0 1
1 1
2 1
3 1
4 1
5 1
6 1
7 1
8 1
9 1
10 1
11 1
12 1
13 1
14 1
15 1
16 1
17 1
18 1
19 1
20 1
21 1
22 1
23 1
24 1
25 1
26 1
27 1
28 1
29 1
30 1
31 1
32 1
33 1
34 1
35 1
36 1
37 1
38 1
39 0.999962
40 0.999962
41 0.999962
42 0.999962
43 0.999962
44 0.999962
45 0.999962
46 0.999962
47 0.999925
48 0.999925
49 0.999925
50 0.999925
51 0.999925
52 0.999925
53 0.999925
54 0.999925
55 0.999774
56 0.999774
57 0.992294
58 0.992294
59 0.992294
60 0.992294
61 0.992294
62 0.992294
63 0.992294
64 0.992294
65 0.983648
66 0.983648
67 0.983648
68 0.983648
69 0.983648
70 0.983648
71 0.983535
72 0.983535
73 0.976242
74 0.976242
75 0.976242
76 0.976242
77 0.976242
78 0.976242
79 0.976242
80 0.976242
81 0.967408
82 0.967408
83 0.967408
84 0.967408
85 0.967408
86 0.967408
87 0.967371
88 0.967371
89 0.959815
90 0.959815
91 0.959815
92 0.959815
93 0.959815
94 0.959815
95 0.959627
96 0.959627
97 0.951771
98 0.951771
99 0.951771
100 0.951771
101 0.951771
102 0.951771
103 0.951771
104 0.951771
105 0.941997
106 0.941997
107 0.941997
108 0.941997
109 0.941997
110 0.941997
111 0.941922
112 0.941922
113 0.932411
114 0.932411
115 0.932411
116 0.932411
117 0.932411
118 0.932411
119 0.932336
120 0.932336
121 0.921923
122 0.921923
123 0.921923
124 0.921923
125 0.921923
126 0.921923
127 0.921923
128 0.921923
129 0.910759
130 0.910759
131 0.910759
132 0.910759
133 0.910759
134 0.910759
135 0.910571
136 0.910571
137 0.899782
138 0.899782
139 0.899782
140 0.899782
141 0.899782
142 0.899782
143 0.899744
144 0.899744
145 0.888843
146 0.888843
147 0.888843
148 0.888843
149 0.888843
150 0.888843
151 0.888768
152 0.888768
153 0.878355
154 0.878355
155 0.878355
156 0.878355
157 0.878355
158 0.878355
159 0.878242
160 0.878242
161 0.86719
162 0.86719
163 0.86719
164 0.86719
165 0.86719
166 0.86719
167 0.867115
168 0.867115
169 0.856101
170 0.856101
171 0.856101
172 0.856101
173 0.856101
174 0.856101
175 0.855988
176 0.855988
177 0.845801
178 0.845801
179 0.845801
180 0.845801
181 0.845801
182 0.845801
183 0.845651
184 0.845651
185 0.836817
186 0.836817
187 0.836817
188 0.836817
189 0.836817
190 0.836817
191 0.836742
192 0.836742
193 0.826893
194 0.826893
195 0.826893
196 0.826893
197 0.826893
198 0.826893
199 0.826818
200 0.826818
201 0.815691
202 0.815691
203 0.815691
204 0.815691
205 0.815691
206 0.815691
207 0.815578
208 0.815578
209 0.804488
210 0.804488
211 0.804488
212 0.804488
213 0.804488
214 0.804488
215 0.8043
216 0.8043
217 0.793625
218 0.793625
219 0.793625
220 0.793625
221 0.793625
222 0.793625
223 0.793474
224 0.793474
225 0.783926
226 0.783926
227 0.783926
228 0.783926
229 0.783926
230 0.783926
231 0.783926
232 0.783926
233 0.774754
234 0.774754
235 0.774754
236 0.774754
237 0.774754
238 0.774754
239 0.774716
240 0.774716
241 0.764379
242 0.764379
243 0.764379
244 0.764379
245 0.764379
246 0.764379
247 0.764379
248 0.764379
249 0.753816
250 0.753816
251 0.753816
252 0.753816
253 0.753816
254 0.753816
255 0.753778
256 0.753778
257 0.744606
258 0.744606
259 0.744606
260 0.744606
261 0.744606
262 0.744606
263 0.744455
264 0.744455
265 0.735621
266 0.735621
267 0.735621
268 0.735621
269 0.735621
270 0.735621
271 0.735509
272 0.735509
273 0.7266
274 0.7266
275 0.7266
276 0.7266
277 0.7266
278 0.7266
279 0.726562
280 0.726562
281 0.717051
282 0.717051
283 0.717051
284 0.717051
285 0.717051
286 0.717051
287 0.716976
288 0.716976
289 0.707804
290 0.707804
291 0.707804
292 0.707804
293 0.707804
294 0.707804
295 0.707766
296 0.707766
297 0.69803
298 0.69803
299 0.69803
300 0.69803
301 0.69803
302 0.69803
303 0.697917
304 0.697917
305 0.689234
306 0.689234
307 0.689234
308 0.689234
309 0.689234
310 0.689234
311 0.689121
312 0.689121
313 0.680738
314 0.680738
315 0.680738
316 0.680738
317 0.680738
318 0.680738
319 0.680663
320 0.680663
321 0.671528
322 0.671528
323 0.671528
324 0.671528
325 0.671528
326 0.671528
327 0.671491
328 0.671491
329 0.663409
330 0.663409
331 0.663409
332 0.663409
333 0.663409
334 0.663409
335 0.663334
336 0.663334
337 0.654274
338 0.654274
339 0.654274
340 0.654274
341 0.654274
342 0.654274
343 0.654086
344 0.654086
345 0.645252
346 0.645252
347 0.645252
348 0.645252
349 0.645252
350 0.645252
351 0.645139
352 0.645139
353 0.637847
354 0.637847
355 0.637847
356 0.637847
357 0.637847
358 0.637847
359 0.637809
360 0.637809
361 0.630404
362 0.630404
363 0.630404
364 0.630404
365 0.630404
366 0.630404
367 0.630366
368 0.630366
369 0.622171
370 0.622171
371 0.622171
372 0.622171
373 0.622171
374 0.622171
375 0.622059
376 0.622059
377 0.614428
378 0.614428
379 0.614428
380 0.614428
381 0.614428
382 0.614428
383 0.61424
384 0.61424
385 0.606496
386 0.606496
387 0.606496
388 0.606496
389 0.606496
390 0.606496
391 0.606383
392 0.606383
393 0.597887
394 0.597887
395 0.597887
396 0.597887
397 0.597887
398 0.597887
399 0.597624
400 0.597624
401 0.589655
402 0.589655
403 0.589655
404 0.589655
405 0.589655
406 0.589655
407 0.589429
408 0.589429
409 0.581836
410 0.581836
411 0.581836
412 0.581836
413 0.581836
414 0.581836
415 0.581686
416 0.581686
417 0.574994
418 0.574994
419 0.574994
420 0.574994
421 0.574994
422 0.574994
423 0.574882
424 0.574882
425 0.567927
426 0.567927
427 0.567927
428 0.567927
429 0.567927
430 0.567927
431 0.567852
432 0.567852
433 0.560747
434 0.560747
435 0.560747
436 0.560747
437 0.560747
438 0.560747
439 0.560635
440 0.560635
441 0.554094
442 0.554094
443 0.554094
444 0.554094
445 0.554094
446 0.554094
447 0.553906
448 0.553906
449 0.547966
450 0.547966
451 0.547966
452 0.547966
453 0.547966
454 0.547966
455 0.547854
456 0.547854
457 0.540636
458 0.540636
459 0.540636
460 0.540636
461 0.540636
462 0.540636
463 0.540636
464 0.540636
465 0.533644
466 0.533644
467 0.533644
468 0.533644
469 0.533644
470 0.533644
471 0.533494
472 0.533494
473 0.52699
474 0.52699
475 0.52699
476 0.52699
477 0.52699
478 0.52699
479 0.526915
480 0.526915
481 0.520638
482 0.520638
483 0.520638
484 0.520638
485 0.520638
486 0.520638
487 0.520487
488 0.520487
489 0.514736
490 0.514736
491 0.514736
492 0.514736
493 0.514736
494 0.514736
495 0.51451
496 0.51451
497 0.50812
498 0.50812
499 0.50812
500 0.50812
501 0.50812
502 0.50812
503 0.507969
504 0.507969
505 0.501504
506 0.501504
507 0.501504
508 0.501504
509 0.501504
510 0.501504
511 0.501428
512 0.501428
513 0.495
514 0.495
515 0.495
516 0.495
517 0.495
518 0.495
519 0.494812
520 0.494812
521 0.488948
522 0.488948
523 0.488948
524 0.488948
525 0.488948
526 0.488948
527 0.48876
528 0.48876
529 0.482708
530 0.482708
531 0.482708
532 0.482708
533 0.482708
534 0.482708
535 0.482708
536 0.482708
537 0.476994
538 0.476994
539 0.476994
540 0.476994
541 0.476994
542 0.476994
543 0.476881
544 0.476881
545 0.470077
546 0.470077
547 0.470077
548 0.470077
549 0.470077
550 0.470077
551 0.469927
552 0.469927
553 0.464288
554 0.464288
555 0.464288
556 0.464288
557 0.464288
558 0.464288
559 0.464213
560 0.464213
561 0.458988
562 0.458988
563 0.458988
564 0.458988
565 0.458988
566 0.458988
567 0.458875
568 0.458875
569 0.453613
570 0.453613
571 0.453613
572 0.453613
573 0.453613
574 0.453613
575 0.453537
576 0.453537
577 0.448726
578 0.448726
579 0.448726
580 0.448726
581 0.448726
582 0.448726
583 0.448613
584 0.448613
585 0.443012
586 0.443012
587 0.443012
588 0.443012
589 0.443012
590 0.443012
591 0.442899
592 0.442899
593 0.438125
594 0.438125
595 0.438125
596 0.438125
597 0.438125
598 0.438125
599 0.437975
600 0.437975
601 0.432561
602 0.432561
603 0.432561
604 0.432561
605 0.432561
606 0.432561
607 0.432411
608 0.432411
609 0.425757
610 0.425757
611 0.425757
612 0.425757
613 0.425757
614 0.425757
615 0.425645
616 0.425645
617 0.419893
618 0.419893
619 0.419893
620 0.419893
621 0.419893
622 0.419893
623 0.419705
624 0.419705
625 0.414518
626 0.414518
627 0.414518
628 0.414518
629 0.414518
630 0.414518
631 0.41448
632 0.41448
633 0.40933
634 0.40933
635 0.40933
636 0.40933
637 0.40933
638 0.40933
639 0.40918
640 0.40918
641 0.404594
642 0.404594
643 0.404594
644 0.404594
645 0.404594
646 0.404594
647 0.404443
648 0.404443
649 0.399895
650 0.399895
651 0.399895
652 0.399895
653 0.399895
654 0.399895
655 0.399632
656 0.399632
657 0.395534
658 0.395534
659 0.395534
660 0.395534
661 0.395534
662 0.395534
663 0.395384
664 0.395384
665 0.390723
666 0.390723
667 0.390723
668 0.390723
669 0.390723
670 0.390723
671 0.390572
672 0.390572
673 0.38576
674 0.38576
675 0.38576
676 0.38576
677 0.38576
678 0.38576
679 0.385648
680 0.385648
681 0.380949
682 0.380949
683 0.380949
684 0.380949
685 0.380949
686 0.380949
687 0.380911
688 0.380911
689 0.376851
690 0.376851
691 0.376851
692 0.376851
693 0.376851
694 0.376851
695 0.376739
696 0.376739
697 0.371476
698 0.371476
699 0.371476
700 0.371476
701 0.371476
702 0.371476
703 0.371401
704 0.371401
705 0.366965
706 0.366965
707 0.366965
708 0.366965
709 0.366965
710 0.366965
711 0.366852
712 0.366852
713 0.362492
714 0.362492
715 0.362492
716 0.362492
717 0.362492
718 0.362492
719 0.362379
720 0.362379
721 0.357454
722 0.357454
723 0.357454
724 0.357454
725 0.357454
726 0.357454
727 0.357266
728 0.357266
729 0.352455
730 0.352455
731 0.352455
732 0.352455
733 0.352455
734 0.352455
735 0.35238
736 0.35238
737 0.348244
738 0.348244
739 0.348244
740 0.348244
741 0.348244
742 0.348244
743 0.348019
744 0.348019
745 0.343621
746 0.343621
747 0.343621
748 0.343621
749 0.343621
750 0.343621
751 0.343546
752 0.343546
753 0.339974
754 0.339974
755 0.339974
756 0.339974
757 0.339974
758 0.339974
759 0.339674
760 0.339674
761 0.335125
762 0.335125
763 0.335125
764 0.335125
765 0.335125
766 0.335125
767 0.334975
768 0.334975
769 0.331667
770 0.331667
771 0.331667
772 0.331667
773 0.331667
774 0.331667
775 0.331554
776 0.331554
777 0.327494
778 0.327494
779 0.327494
780 0.327494
781 0.327494
782 0.327494
783 0.327344
784 0.327344
785 0.323585
786 0.323585
787 0.323585
788 0.323585
789 0.323585
790 0.323585
791 0.323547
792 0.323547
793 0.3196
794 0.3196
795 0.3196
796 0.3196
797 0.3196
798 0.3196
799 0.319487
800 0.319487
801 0.315991
802 0.315991
803 0.315991
804 0.315991
805 0.315991
806 0.315991
807 0.315841
808 0.315841
809 0.311706
810 0.311706
811 0.311706
812 0.311706
813 0.311706
814 0.311706
815 0.311518
816 0.311518
817 0.30821
818 0.30821
819 0.30821
820 0.30821
821 0.30821
822 0.30821
823 0.308097
824 0.308097
825 0.304376
826 0.304376
827 0.304376
828 0.304376
829 0.304376
830 0.304376
831 0.304263
832 0.304263
833 0.300278
834 0.300278
835 0.300278
836 0.300278
837 0.300278
838 0.300278
839 0.300165
840 0.300165
841 0.296068
842 0.296068
843 0.296068
844 0.296068
845 0.296068
846 0.296068
847 0.295955
848 0.295955
849 0.292798
850 0.292798
851 0.292798
852 0.292798
853 0.292798
854 0.292798
855 0.292722
856 0.292722
857 0.289038
858 0.289038
859 0.289038
860 0.289038
861 0.289038
862 0.289038
863 0.289001
864 0.289001
865 0.28558
866 0.28558
867 0.28558
868 0.28558
869 0.28558
870 0.28558
871 0.285354
872 0.285354
873 0.281859
874 0.281859
875 0.281859
876 0.281859
877 0.281859
878 0.281859
879 0.281746
880 0.281746
881 0.278776
882 0.278776
883 0.278776
884 0.278776
885 0.278776
886 0.278776
887 0.278663
888 0.278663
889 0.276107
890 0.276107
891 0.276107
892 0.276107
893 0.276107
894 0.276107
895 0.276069
896 0.276069
897 0.272761
898 0.272761
899 0.272761
900 0.272761
901 0.272761
902 0.272761
903 0.272686
904 0.272686
905 0.269265
906 0.269265
907 0.269265
908 0.269265
909 0.269265
910 0.269265
911 0.269153
912 0.269153
913 0.265732
914 0.265732
915 0.265732
916 0.265732
917 0.265732
918 0.265732
919 0.265657
920 0.265657
921 0.262461
922 0.262461
923 0.262461
924 0.262461
925 0.262461
926 0.262461
927 0.262349
928 0.262349
929 0.258815
930 0.258815
931 0.258815
932 0.258815
933 0.258815
934 0.258815
935 0.258778
936 0.258778
937 0.255808
938 0.255808
939 0.255808
940 0.255808
941 0.255808
942 0.255808
943 0.255733
944 0.255733
945 0.252613
946 0.252613
947 0.252613
948 0.252613
949 0.252613
950 0.252613
951 0.252575
952 0.252575
953 0.249981
954 0.249981
955 0.249981
956 0.249981
957 0.249981
958 0.249981
959 0.249868
960 0.249868
961 0.247312
962 0.247312
963 0.247312
964 0.247312
965 0.247312
966 0.247312
967 0.247275
968 0.247275
969 0.244455
970 0.244455
971 0.244455
972 0.244455
973 0.244455
974 0.244455
975 0.244305
976 0.244305
977 0.241222
978 0.241222
979 0.241222
980 0.241222
981 0.241222
982 0.241222
983 0.240922
984 0.240922
985 0.237764
986 0.237764
987 0.237764
988 0.237764
989 0.237764
990 0.237764
991 0.237576
992 0.237576
993 0.234193
994 0.234193
995 0.234193
996 0.234193
997 0.234193
998 0.234193
999 0.234118
1000 0.234118
1001 0.230998
1002 0.230998
1003 0.230998
1004 0.230998
1005 0.230998
1006 0.230998
1007 0.230885
1008 0.230885
1009 0.228141
1010 0.228141
1011 0.228141
1012 0.228141
1013 0.228141
1014 0.228141
1015 0.228103
1016 0.228103
1017 0.225397
1018 0.225397
1019 0.225397
1020 0.225397
1021 0.225397
1022 0.225397
1023 0.225321
1024 0.225321
1025 0.223028
1026 0.223028
1027 0.223028
1028 0.223028
1029 0.223028
1030 0.223028
1031 0.222878
1032 0.222878
1033 0.220247
1034 0.220247
1035 0.220247
1036 0.220247
1037 0.220247
1038 0.220247
1039 0.220096
1040 0.220096
1041 0.217728
1042 0.217728
1043 0.217728
1044 0.217728
1045 0.217728
1046 0.217728
1047 0.21769
1048 0.21769
1049 0.214796
1050 0.214796
1051 0.214796
1052 0.214796
1053 0.214796
1054 0.214796
1055 0.214721
1056 0.214721
1057 0.212352
1058 0.212352
1059 0.212352
1060 0.212352
1061 0.212352
1062 0.212352
1063 0.212315
1064 0.212315
1065 0.20912
1066 0.20912
1067 0.20912
1068 0.20912
1069 0.20912
1070 0.20912
1071 0.208969
1072 0.208969
1073 0.206263
1074 0.206263
1075 0.206263
1076 0.206263
1077 0.206263
1078 0.206263
1079 0.206188
1080 0.206188
1081 0.203631
1082 0.203631
1083 0.203631
1084 0.203631
1085 0.203631
1086 0.203631
1087 0.203556
1088 0.203556
1089 0.200699
1090 0.200699
1091 0.200699
1092 0.200699
1093 0.200699
1094 0.200699
1095 0.200586
1096 0.200586
1097 0.198556
1098 0.198556
1099 0.198556
1100 0.198556
1101 0.198556
1102 0.198556
1103 0.198519
1104 0.198519
1105 0.196
1106 0.196
1107 0.196
1108 0.196
1109 0.196
1110 0.196
1111 0.196
1112 0.196
1113 0.193294
1114 0.193294
1115 0.193294
1116 0.193294
1117 0.193294
1118 0.193294
1119 0.193256
1120 0.193256
1121 0.190925
1122 0.190925
1123 0.190925
1124 0.190925
1125 0.190925
1126 0.190925
1127 0.190813
1128 0.190813
1129 0.188708
1130 0.188708
1131 0.188708
1132 0.188708
1133 0.188708
1134 0.188708
1135 0.188595
1136 0.188595
1137 0.186076
1138 0.186076
1139 0.186076
1140 0.186076
1141 0.186076
1142 0.186076
1143 0.185888
1144 0.185888
1145 0.183896
1146 0.183896
1147 0.183896
1148 0.183896
1149 0.183896
1150 0.183896
1151 0.183783
1152 0.183783
1153 0.18164
1154 0.18164
1155 0.18164
1156 0.18164
1157 0.18164
1158 0.18164
1159 0.18164
1160 0.18164
1161 0.179874
1162 0.179874
1163 0.179874
1164 0.179874
1165 0.179874
1166 0.179874
1167 0.179799
1168 0.179799
1169 0.177393
1170 0.177393
1171 0.177393
1172 0.177393
1173 0.177393
1174 0.177393
1175 0.177355
1176 0.177355
1177 0.174912
1178 0.174912
1179 0.174912
1180 0.174912
1181 0.174912
1182 0.174912
1183 0.174874
1184 0.174874
1185 0.172882
1186 0.172882
1187 0.172882
1188 0.172882
1189 0.172882
1190 0.172882
1191 0.172731
1192 0.172731
1193 0.170927
1194 0.170927
1195 0.170927
1196 0.170927
1197 0.170927
1198 0.170927
1199 0.170852
1200 0.170852
1201 0.16916
1202 0.16916
1203 0.16916
1204 0.16916
1205 0.16916
1206 0.16916
1207 0.169123
1208 0.169123
1209 0.167469
1210 0.167469
1211 0.167469
1212 0.167469
1213 0.167469
1214 0.167469
1215 0.167356
1216 0.167356
1217 0.165702
1218 0.165702
1219 0.165702
1220 0.165702
1221 0.165702
1222 0.165702
1223 0.165627
1224 0.165627
1225 0.163973
1226 0.163973
1227 0.163973
1228 0.163973
1229 0.163973
1230 0.163973
1231 0.163973
1232 0.163973
1233 0.16168
1234 0.16168
1235 0.16168
1236 0.16168
1237 0.16168
1238 0.16168
1239 0.161567
1240 0.161567
1241 0.159349
1242 0.159349
1243 0.159349
1244 0.159349
1245 0.159349
1246 0.159349
1247 0.159274
1248 0.159274
1249 0.157244
1250 0.157244
1251 0.157244
1252 0.157244
1253 0.157244
1254 0.157244
1255 0.157093
1256 0.157093
1257 0.155815
1258 0.155815
1259 0.155815
1260 0.155815
1261 0.155815
1262 0.155815
1263 0.15574
1264 0.15574
1265 0.154387
1266 0.154387
1267 0.154387
1268 0.154387
1269 0.154387
1270 0.154387
1271 0.154274
1272 0.154274
1273 0.152507
1274 0.152507
1275 0.152507
1276 0.152507
1277 0.152507
1278 0.152507
1279 0.152432
1280 0.152432
1281 0.150477
1282 0.150477
1283 0.150477
1284 0.150477
1285 0.150477
1286 0.150477
1287 0.150402
1288 0.150402
1289 0.148673
1290 0.148673
1291 0.148673
1292 0.148673
1293 0.148673
1294 0.148673
1295 0.148635
1296 0.148635
1297 0.146606
1298 0.146606
1299 0.146606
1300 0.146606
1301 0.146606
1302 0.146606
1303 0.146606
1304 0.146606
1305 0.144876
1306 0.144876
1307 0.144876
1308 0.144876
1309 0.144876
1310 0.144876
1311 0.144876
1312 0.144876
1313 0.143373
1314 0.143373
1315 0.143373
1316 0.143373
1317 0.143373
1318 0.143373
1319 0.143335
1320 0.143335
1321 0.140854
1322 0.140854
1323 0.140854
1324 0.140854
1325 0.140854
1326 0.140854
1327 0.140854
1328 0.140854
1329 0.139125
1330 0.139125
1331 0.139125
1332 0.139125
1333 0.139125
1334 0.139125
1335 0.139087
1336 0.139087
1337 0.137772
1338 0.137772
1339 0.137772
1340 0.137772
1341 0.137772
1342 0.137772
1343 0.137734
1344 0.137734
1345 0.136118
1346 0.136118
1347 0.136118
1348 0.136118
1349 0.136118
1350 0.136118
1351 0.136005
1352 0.136005
1353 0.134351
1354 0.134351
1355 0.134351
1356 0.134351
1357 0.134351
1358 0.134351
1359 0.134313
1360 0.134313
1361 0.132772
1362 0.132772
1363 0.132772
1364 0.132772
1365 0.132772
1366 0.132772
1367 0.132697
1368 0.132697
1369 0.130704
1370 0.130704
1371 0.130704
1372 0.130704
1373 0.130704
1374 0.130704
1375 0.130554
1376 0.130554
1377 0.129088
1378 0.129088
1379 0.129088
1380 0.129088
1381 0.129088
1382 0.129088
1383 0.12905
1384 0.12905
1385 0.127396
1386 0.127396
1387 0.127396
1388 0.127396
1389 0.127396
1390 0.127396
1391 0.127321
1392 0.127321
1393 0.125517
1394 0.125517
1395 0.125517
1396 0.125517
1397 0.125517
1398 0.125517
1399 0.125442
1400 0.125442
1401 0.124164
1402 0.124164
1403 0.124164
1404 0.124164
1405 0.124164
1406 0.124164
1407 0.124051
1408 0.124051
1409 0.122923
1410 0.122923
1411 0.122923
1412 0.122923
1413 0.122923
1414 0.122923
1415 0.122885
1416 0.122885
1417 0.12172
1418 0.12172
1419 0.12172
1420 0.12172
1421 0.12172
1422 0.12172
1423 0.121645
1424 0.121645
1425 0.120141
1426 0.120141
1427 0.120141
1428 0.120141
1429 0.120141
1430 0.120141
1431 0.120104
1432 0.120104
1433 0.118299
1434 0.118299
1435 0.118299
1436 0.118299
1437 0.118299
1438 0.118299
1439 0.118187
1440 0.118187
1441 0.116721
1442 0.116721
1443 0.116721
1444 0.116721
1445 0.116721
1446 0.116721
1447 0.116608
1448 0.116608
1449 0.11533
1450 0.11533
1451 0.11533
1452 0.11533
1453 0.11533
1454 0.11533
1455 0.115217
1456 0.115217
1457 0.11424
1458 0.11424
1459 0.11424
1460 0.11424
1461 0.11424
1462 0.11424
1463 0.11424
1464 0.11424
1465 0.11345
1466 0.11345
1467 0.11345
1468 0.11345
1469 0.11345
1470 0.11345
1471 0.113337
1472 0.113337
1473 0.112097
1474 0.112097
1475 0.112097
1476 0.112097
1477 0.112097
1478 0.112097
1479 0.112022
1480 0.112022
1481 0.110781
1482 0.110781
1483 0.110781
1484 0.110781
1485 0.110781
1486 0.110781
1487 0.110744
1488 0.110744
1489 0.10939
1490 0.10939
1491 0.10939
1492 0.10939
1493 0.10939
1494 0.10939
1495 0.109353
1496 0.109353
1497 0.108037
1498 0.108037
1499 0.108037
1500 0.108037
1501 0.108037
1502 0.108037
1503 0.107962
1504 0.107962
1505 0.106421
1506 0.106421
1507 0.106421
1508 0.106421
1509 0.106421
1510 0.106421
1511 0.106308
1512 0.106308
1513 0.105067
1514 0.105067
1515 0.105067
1516 0.105067
1517 0.105067
1518 0.105067
1519 0.10503
1520 0.10503
1521 0.104391
1522 0.104391
1523 0.104391
1524 0.104391
1525 0.104391
1526 0.104391
1527 0.104315
1528 0.104315
1529 0.102699
1530 0.102699
1531 0.102699
1532 0.102699
1533 0.102699
1534 0.102699
1535 0.102586
1536 0.102586
1537 0.101271
1538 0.101271
1539 0.101271
1540 0.101271
1541 0.101271
1542 0.101271
1543 0.101271
1544 0.101271
1545 0.0998045
1546 0.0998045
1547 0.0998045
1548 0.0998045
1549 0.0998045
1550 0.0998045
1551 0.0997293
1552 0.0997293
1553 0.0987896
1554 0.0987896
1555 0.0987896
1556 0.0987896
1557 0.0987896
1558 0.0987896
1559 0.0986768
1560 0.0986768
1561 0.0975115
1562 0.0975115
1563 0.0975115
1564 0.0975115
1565 0.0975115
1566 0.0975115
1567 0.0975115
1568 0.0975115
1569 0.0961206
1570 0.0961206
1571 0.0961206
1572 0.0961206
1573 0.0961206
1574 0.0961206
1575 0.096083
1576 0.096083
1577 0.0951056
1578 0.0951056
1579 0.0951056
1580 0.0951056
1581 0.0951056
1582 0.0951056
1583 0.0951056
1584 0.0951056
1585 0.0939779
1586 0.0939779
1587 0.0939779
1588 0.0939779
1589 0.0939779
1590 0.0939779
1591 0.0938651
1592 0.0938651
1593 0.0928878
1594 0.0928878
1595 0.0928878
1596 0.0928878
1597 0.0928878
1598 0.0928878
1599 0.0928878
1600 0.0928878
1601 0.0920232
1602 0.0920232
1603 0.0920232
1604 0.0920232
1605 0.0920232
1606 0.0920232
1607 0.0920232
1608 0.0920232
1609 0.0912713
1610 0.0912713
1611 0.0912713
1612 0.0912713
1613 0.0912713
1614 0.0912713
1615 0.0912337
1616 0.0912337
1617 0.0901812
1618 0.0901812
1619 0.0901812
1620 0.0901812
1621 0.0901812
1622 0.0901812
1623 0.0901436
1624 0.0901436
1625 0.089279
1626 0.089279
1627 0.089279
1628 0.089279
1629 0.089279
1630 0.089279
1631 0.0892414
1632 0.0892414
1633 0.0881889
1634 0.0881889
1635 0.0881889
1636 0.0881889
1637 0.0881889
1638 0.0881889
1639 0.0881513
1640 0.0881513
1641 0.0869859
1642 0.0869859
1643 0.0869859
1644 0.0869859
1645 0.0869859
1646 0.0869859
1647 0.0869484
1648 0.0869484
1649 0.0855575
1650 0.0855575
1651 0.0855575
1652 0.0855575
1653 0.0855575
1654 0.0855575
1655 0.0855199
1656 0.0855199
1657 0.0846929
1658 0.0846929
1659 0.0846929
1660 0.0846929
1661 0.0846929
1662 0.0846929
1663 0.0846553
1664 0.0846553
1665 0.0837531
1666 0.0837531
1667 0.0837531
1668 0.0837531
1669 0.0837531
1670 0.0837531
1671 0.0837531
1672 0.0837531
1673 0.0827381
1674 0.0827381
1675 0.0827381
1676 0.0827381
1677 0.0827381
1678 0.0827381
1679 0.0827381
1680 0.0827381
1681 0.0821743
1682 0.0821743
1683 0.0821743
1684 0.0821743
1685 0.0821743
1686 0.0821743
1687 0.0821367
1688 0.0821367
1689 0.0809714
1690 0.0809714
1691 0.0809714
1692 0.0809714
1693 0.0809714
1694 0.0809714
1695 0.0808962
1696 0.0808962
1697 0.0796933
1698 0.0796933
1699 0.0796933
1700 0.0796933
1701 0.0796933
1702 0.0796933
1703 0.0796933
1704 0.0796933
1705 0.0782648
1706 0.0782648
1707 0.0782648
1708 0.0782648
1709 0.0782648
1710 0.0782648
1711 0.0782648
1712 0.0782648
1713 0.0774378
1714 0.0774378
1715 0.0774378
1716 0.0774378
1717 0.0774378
1718 0.0774378
1719 0.0774002
1720 0.0774002
1721 0.0763476
1722 0.0763476
1723 0.0763476
1724 0.0763476
1725 0.0763476
1726 0.0763476
1727 0.0762725
1728 0.0762725
1729 0.0752199
1730 0.0752199
1731 0.0752199
1732 0.0752199
1733 0.0752199
1734 0.0752199
1735 0.0751823
1736 0.0751823
1737 0.0745809
1738 0.0745809
1739 0.0745809
1740 0.0745809
1741 0.0745809
1742 0.0745809
1743 0.0745433
1744 0.0745433
1745 0.0733028
1746 0.0733028
1747 0.0733028
1748 0.0733028
1749 0.0733028
1750 0.0733028
1751 0.0733028
1752 0.0733028
1753 0.0726637
1754 0.0726637
1755 0.0726637
1756 0.0726637
1757 0.0726637
1758 0.0726637
1759 0.0725885
1760 0.0725885
1761 0.0717991
1762 0.0717991
1763 0.0717991
1764 0.0717991
1765 0.0717991
1766 0.0717991
1767 0.0717615
1768 0.0717615
1769 0.0709721
1770 0.0709721
1771 0.0709721
1772 0.0709721
1773 0.0709721
1774 0.0709721
1775 0.0708969
1776 0.0708969
1777 0.0699947
1778 0.0699947
1779 0.0699947
1780 0.0699947
1781 0.0699947
1782 0.0699947
1783 0.0699571
1784 0.0699571
1785 0.0690925
1786 0.0690925
1787 0.0690925
1788 0.0690925
1789 0.0690925
1790 0.0690925
1791 0.069055
1792 0.069055
1793 0.0681152
1794 0.0681152
1795 0.0681152
1796 0.0681152
1797 0.0681152
1798 0.0681152
1799 0.0680776
1800 0.0680776
1801 0.0674009
1802 0.0674009
1803 0.0674009
1804 0.0674009
1805 0.0674009
1806 0.0674009
1807 0.0673634
1808 0.0673634
1809 0.0665364
1810 0.0665364
1811 0.0665364
1812 0.0665364
1813 0.0665364
1814 0.0665364
1815 0.0664236
1816 0.0664236
1817 0.0657469
1818 0.0657469
1819 0.0657469
1820 0.0657469
1821 0.0657469
1822 0.0657469
1823 0.0657093
1824 0.0657093
1825 0.0652207
1826 0.0652207
1827 0.0652207
1828 0.0652207
1829 0.0652207
1830 0.0652207
1831 0.0652207
1832 0.0652207
1833 0.0645816
1834 0.0645816
1835 0.0645816
1836 0.0645816
1837 0.0645816
1838 0.0645816
1839 0.0645064
1840 0.0645064
1841 0.0639802
1842 0.0639802
1843 0.0639802
1844 0.0639802
1845 0.0639802
1846 0.0639802
1847 0.0639426
1848 0.0639426
1849 0.0633411
1850 0.0633411
1851 0.0633411
1852 0.0633411
1853 0.0633411
1854 0.0633411
1855 0.0632283
1856 0.0632283
1857 0.0625517
1858 0.0625517
1859 0.0625517
1860 0.0625517
1861 0.0625517
1862 0.0625517
1863 0.0625141
1864 0.0625141
1865 0.0619502
1866 0.0619502
1867 0.0619502
1868 0.0619502
1869 0.0619502
1870 0.0619502
1871 0.0619126
1872 0.0619126
1873 0.0611232
1874 0.0611232
1875 0.0611232
1876 0.0611232
1877 0.0611232
1878 0.0611232
1879 0.061048
1880 0.061048
1881 0.060221
1882 0.060221
1883 0.060221
1884 0.060221
1885 0.060221
1886 0.060221
1887 0.060221
1888 0.060221
1889 0.0595068
1890 0.0595068
1891 0.0595068
1892 0.0595068
1893 0.0595068
1894 0.0595068
1895 0.0595068
1896 0.0595068
1897 0.058567
1898 0.058567
1899 0.058567
1900 0.058567
1901 0.058567
1902 0.058567
1903 0.0584918
1904 0.0584918
1905 0.0576648
1906 0.0576648
1907 0.0576648
1908 0.0576648
1909 0.0576648
1910 0.0576648
1911 0.0575897
1912 0.0575897
1913 0.056913
1914 0.056913
1915 0.056913
1916 0.056913
1917 0.056913
1918 0.056913
1919 0.0568754
1920 0.0568754
1921 0.0561236
1922 0.0561236
1923 0.0561236
1924 0.0561236
1925 0.0561236
1926 0.0561236
1927 0.0560484
1928 0.0560484
1929 0.0553718
1930 0.0553718
1931 0.0553718
1932 0.0553718
1933 0.0553718
1934 0.0553718
1935 0.0552966
1936 0.0552966
1937 0.0542064
1938 0.0542064
1939 0.0542064
1940 0.0542064
1941 0.0542064
1942 0.0542064
1943 0.0542064
1944 0.0542064
1945 0.0535674
1946 0.0535674
1947 0.0535674
1948 0.0535674
1949 0.0535674
1950 0.0535674
1951 0.0535674
1952 0.0535674
1953 0.0531163
1954 0.0531163
1955 0.0531163
1956 0.0531163
1957 0.0531163
1958 0.0531163
1959 0.0531163
1960 0.0531163
1961 0.05259
1962 0.05259
1963 0.05259
1964 0.05259
1965 0.05259
1966 0.05259
1967 0.05259
1968 0.05259
1969 0.0521013
1970 0.0521013
1971 0.0521013
1972 0.0521013
1973 0.0521013
1974 0.0521013
1975 0.0520638
1976 0.0520638
1977 0.0516127
1978 0.0516127
1979 0.0516127
1980 0.0516127
1981 0.0516127
1982 0.0516127
1983 0.0515751
1984 0.0515751
1985 0.0510112
1986 0.0510112
1987 0.0510112
1988 0.0510112
1989 0.0510112
1990 0.0510112
1991 0.0510112
1992 0.0510112
1993 0.0504097
1994 0.0504097
1995 0.0504097
1996 0.0504097
1997 0.0504097
1998 0.0504097
1999 0.0503346
2000 0.0503346
2001 0.0497331
2002 0.0497331
2003 0.0497331
2004 0.0497331
2005 0.0497331
2006 0.0497331
2007 0.0496955
2008 0.0496955
2009 0.0488309
2010 0.0488309
2011 0.0488309
2012 0.0488309
2013 0.0488309
2014 0.0488309
2015 0.0487933
2016 0.0487933
2017 0.0479663
2018 0.0479663
2019 0.0479663
2020 0.0479663
2021 0.0479663
2022 0.0479663
2023 0.0479663
2024 0.0479663
2025 0.0472897
2026 0.0472897
2027 0.0472897
2028 0.0472897
2029 0.0472897
2030 0.0472897
2031 0.0472145
2032 0.0472145
2033 0.046613
2034 0.046613
2035 0.046613
2036 0.046613
2037 0.046613
2038 0.046613
2039 0.0465754
2040 0.0465754
2041 0.0463875
2042 0.0463875
2043 0.0463875
2044 0.0463875
2045 0.0463875
2046 0.0463875
2047 0.0463875
2048 0.0463875
2049 0.0460116
2050 0.0460116
2051 0.0460116
2052 0.0460116
2053 0.0460116
2054 0.0460116
2055 0.045974
2056 0.045974
2057 0.045147
2058 0.045147
2059 0.045147
2060 0.045147
2061 0.045147
2062 0.045147
2063 0.045147
2064 0.045147
2065 0.0446207
2066 0.0446207
2067 0.0446207
2068 0.0446207
2069 0.0446207
2070 0.0446207
2071 0.0446207
2072 0.0446207
2073 0.0440568
2074 0.0440568
2075 0.0440568
2076 0.0440568
2077 0.0440568
2078 0.0440568
2079 0.0439441
2080 0.0439441
2081 0.0434554
2082 0.0434554
2083 0.0434554
2084 0.0434554
2085 0.0434554
2086 0.0434554
2087 0.0434178
2088 0.0434178
2089 0.0428539
2090 0.0428539
2091 0.0428539
2092 0.0428539
2093 0.0428539
2094 0.0428539
2095 0.0428163
2096 0.0428163
2097 0.0422525
2098 0.0422525
2099 0.0422525
2100 0.0422525
2101 0.0422525
2102 0.0422525
2103 0.0422149
2104 0.0422149
2105 0.0418766
2106 0.0418766
2107 0.0418766
2108 0.0418766
2109 0.0418766
2110 0.0418766
2111 0.041839
2112 0.041839
2113 0.0415382
2114 0.0415382
2115 0.0415382
2116 0.0415382
2117 0.0415382
2118 0.0415382
2119 0.0415382
2120 0.0415382
2121 0.041012
2122 0.041012
2123 0.041012
2124 0.041012
2125 0.041012
2126 0.041012
2127 0.0409744
2128 0.0409744
2129 0.0403353
2130 0.0403353
2131 0.0403353
2132 0.0403353
2133 0.0403353
2134 0.0403353
2135 0.0402977
2136 0.0402977
2137 0.0399594
2138 0.0399594
2139 0.0399594
2140 0.0399594
2141 0.0399594
2142 0.0399594
2143 0.0399218
2144 0.0399218
2145 0.0396587
2146 0.0396587
2147 0.0396587
2148 0.0396587
2149 0.0396587
2150 0.0396587
2151 0.0396587
2152 0.0396587
2153 0.0392828
2154 0.0392828
2155 0.0392828
2156 0.0392828
2157 0.0392828
2158 0.0392828
2159 0.0392076
2160 0.0392076
2161 0.0388317
2162 0.0388317
2163 0.0388317
2164 0.0388317
2165 0.0388317
2166 0.0388317
2167 0.0388317
2168 0.0388317
2169 0.0385309
2170 0.0385309
2171 0.0385309
2172 0.0385309
2173 0.0385309
2174 0.0385309
2175 0.0385309
2176 0.0385309
2177 0.0381926
2178 0.0381926
2179 0.0381926
2180 0.0381926
2181 0.0381926
2182 0.0381926
2183 0.0381174
2184 0.0381174
2185 0.0378919
2186 0.0378919
2187 0.0378919
2188 0.0378919
2189 0.0378919
2190 0.0378919
2191 0.0378919
2192 0.0378919
2193 0.0374408
2194 0.0374408
2195 0.0374408
2196 0.0374408
2197 0.0374408
2198 0.0374408
2199 0.0374408
2200 0.0374408
2201 0.0370649
2202 0.0370649
2203 0.0370649
2204 0.0370649
2205 0.0370649
2206 0.0370649
2207 0.0370273
2208 0.0370273
2209 0.0368017
2210 0.0368017
2211 0.0368017
2212 0.0368017
2213 0.0368017
2214 0.0368017
2215 0.0368017
2216 0.0368017
2217 0.0363131
2218 0.0363131
2219 0.0363131
2220 0.0363131
2221 0.0363131
2222 0.0363131
2223 0.0363131
2224 0.0363131
2225 0.0359371
2226 0.0359371
2227 0.0359371
2228 0.0359371
2229 0.0359371
2230 0.0359371
2231 0.0358996
2232 0.0358996
2233 0.0355236
2234 0.0355236
2235 0.0355236
2236 0.0355236
2237 0.0355236
2238 0.0355236
2239 0.0354861
2240 0.0354861
2241 0.0351101
2242 0.0351101
2243 0.0351101
2244 0.0351101
2245 0.0351101
2246 0.0351101
2247 0.0350726
2248 0.0350726
2249 0.0345839
2250 0.0345839
2251 0.0345839
2252 0.0345839
2253 0.0345839
2254 0.0345839
2255 0.0345839
2256 0.0345839
2257 0.0343583
2258 0.0343583
2259 0.0343583
2260 0.0343583
2261 0.0343583
2262 0.0343583
2263 0.0342831
2264 0.0342831
2265 0.0339448
2266 0.0339448
2267 0.0339448
2268 0.0339448
2269 0.0339448
2270 0.0339448
2271 0.0339448
2272 0.0339448
2273 0.0336065
2274 0.0336065
2275 0.0336065
2276 0.0336065
2277 0.0336065
2278 0.0336065
2279 0.0335689
2280 0.0335689
2281 0.0330802
2282 0.0330802
2283 0.0330802
2284 0.0330802
2285 0.0330802
2286 0.0330802
2287 0.0330426
2288 0.0330426
2289 0.0327043
2290 0.0327043
2291 0.0327043
2292 0.0327043
2293 0.0327043
2294 0.0327043
2295 0.0327043
2296 0.0327043
2297 0.0322908
2298 0.0322908
2299 0.0322908
2300 0.0322908
2301 0.0322908
2302 0.0322908
2303 0.0322532
2304 0.0322532
2305 0.0319149
2306 0.0319149
2307 0.0319149
2308 0.0319149
2309 0.0319149
2310 0.0319149
2311 0.0318773
2312 0.0318773
2313 0.0314638
2314 0.0314638
2315 0.0314638
2316 0.0314638
2317 0.0314638
2318 0.0314638
2319 0.0314638
2320 0.0314638
2321 0.031351
2322 0.031351
2323 0.031351
2324 0.031351
2325 0.031351
2326 0.031351
2327 0.0313134
2328 0.0313134
2329 0.0309375
2330 0.0309375
2331 0.0309375
2332 0.0309375
2333 0.0309375
2334 0.0309375
2335 0.0309375
2336 0.0309375
2337 0.0304488
2338 0.0304488
2339 0.0304488
2340 0.0304488
2341 0.0304488
2342 0.0304488
2343 0.0303737
2344 0.0303737
2345 0.0299977
2346 0.0299977
2347 0.0299977
2348 0.0299977
2349 0.0299977
2350 0.0299977
2351 0.0299977
2352 0.0299977
2353 0.0298098
2354 0.0298098
2355 0.0298098
2356 0.0298098
2357 0.0298098
2358 0.0298098
2359 0.0297722
2360 0.0297722
2361 0.0294715
2362 0.0294715
2363 0.0294715
2364 0.0294715
2365 0.0294715
2366 0.0294715
2367 0.0294339
2368 0.0294339
2369 0.0290204
2370 0.0290204
2371 0.0290204
2372 0.0290204
2373 0.0290204
2374 0.0290204
2375 0.0289452
2376 0.0289452
2377 0.0286821
2378 0.0286821
2379 0.0286821
2380 0.0286821
2381 0.0286821
2382 0.0286821
2383 0.0286445
2384 0.0286445
2385 0.0283813
2386 0.0283813
2387 0.0283813
2388 0.0283813
2389 0.0283813
2390 0.0283813
2391 0.0283437
2392 0.0283437
2393 0.028231
2394 0.028231
2395 0.028231
2396 0.028231
2397 0.028231
2398 0.028231
2399 0.0281934
2400 0.0281934
2401 0.0279678
2402 0.0279678
2403 0.0279678
2404 0.0279678
2405 0.0279678
2406 0.0279678
2407 0.0279302
2408 0.0279302
2409 0.0276295
2410 0.0276295
2411 0.0276295
2412 0.0276295
2413 0.0276295
2414 0.0276295
2415 0.0275919
2416 0.0275919
2417 0.0270656
2418 0.0270656
2419 0.0270656
2420 0.0270656
2421 0.0270656
2422 0.0270656
2423 0.0270656
2424 0.0270656
2425 0.0268025
2426 0.0268025
2427 0.0268025
2428 0.0268025
2429 0.0268025
2430 0.0268025
2431 0.0268025
2432 0.0268025
2433 0.0265769
2434 0.0265769
2435 0.0265769
2436 0.0265769
2437 0.0265769
2438 0.0265769
2439 0.0265769
2440 0.0265769
2441 0.0262762
2442 0.0262762
2443 0.0262762
2444 0.0262762
2445 0.0262762
2446 0.0262762
2447 0.026201
2448 0.026201
2449 0.0257875
2450 0.0257875
2451 0.0257875
2452 0.0257875
2453 0.0257875
2454 0.0257875
2455 0.0257875
2456 0.0257875
2457 0.0255244
2458 0.0255244
2459 0.0255244
2460 0.0255244
2461 0.0255244
2462 0.0255244
2463 0.0255244
2464 0.0255244
2465 0.0250733
2466 0.0250733
2467 0.0250733
2468 0.0250733
2469 0.0250733
2470 0.0250733
2471 0.0249981
2472 0.0249981
2473 0.0246222
2474 0.0246222
2475 0.0246222
2476 0.0246222
2477 0.0246222
2478 0.0246222
2479 0.024547
2480 0.024547
2481 0.0242463
2482 0.0242463
2483 0.0242463
2484 0.0242463
2485 0.0242463
2486 0.0242463
2487 0.0242087
2488 0.0242087
2489 0.023908
2490 0.023908
2491 0.023908
2492 0.023908
2493 0.023908
2494 0.023908
2495 0.023908
2496 0.023908
2497 0.0238328
2498 0.0238328
2499 0.0238328
2500 0.0238328
2501 0.0238328
2502 0.0238328
2503 0.0237952
2504 0.0237952
2505 0.0235697
2506 0.0235697
2507 0.0235697
2508 0.0235697
2509 0.0235697
2510 0.0235697
2511 0.0235697
2512 0.0235697
2513 0.0234569
2514 0.0234569
2515 0.0234569
2516 0.0234569
2517 0.0234569
2518 0.0234569
2519 0.0234569
2520 0.0234569
2521 0.0229682
2522 0.0229682
2523 0.0229682
2524 0.0229682
2525 0.0229682
2526 0.0229682
2527 0.0229682
2528 0.0229682
2529 0.0227051
2530 0.0227051
2531 0.0227051
2532 0.0227051
2533 0.0227051
2534 0.0227051
2535 0.0226675
2536 0.0226675
2537 0.0224795
2538 0.0224795
2539 0.0224795
2540 0.0224795
2541 0.0224795
2542 0.0224795
2543 0.0224419
2544 0.0224419
2545 0.0221788
2546 0.0221788
2547 0.0221788
2548 0.0221788
2549 0.0221788
2550 0.0221788
2551 0.0221412
2552 0.0221412
2553 0.0219156
2554 0.0219156
2555 0.0219156
2556 0.0219156
2557 0.0219156
2558 0.0219156
2559 0.0218781
2560 0.0218781
2561 0.0217277
2562 0.0217277
2563 0.0217277
2564 0.0217277
2565 0.0217277
2566 0.0217277
2567 0.0216901
2568 0.0216901
2569 0.021239
2570 0.021239
2571 0.021239
2572 0.021239
2573 0.021239
2574 0.021239
2575 0.021239
2576 0.021239
2577 0.0208255
2578 0.0208255
2579 0.0208255
2580 0.0208255
2581 0.0208255
2582 0.0208255
2583 0.0207879
2584 0.0207879
2585 0.0203744
2586 0.0203744
2587 0.0203744
2588 0.0203744
2589 0.0203744
2590 0.0203744
2591 0.0202992
2592 0.0202992
2593 0.0200737
2594 0.0200737
2595 0.0200737
2596 0.0200737
2597 0.0200737
2598 0.0200737
2599 0.0200737
2600 0.0200737
2601 0.0198105
2602 0.0198105
2603 0.0198105
2604 0.0198105
2605 0.0198105
2606 0.0198105
2607 0.0197354
2608 0.0197354
2609 0.0194346
2610 0.0194346
2611 0.0194346
2612 0.0194346
2613 0.0194346
2614 0.0194346
2615 0.0194346
2616 0.0194346
2617 0.0190963
2618 0.0190963
2619 0.0190963
2620 0.0190963
2621 0.0190963
2622 0.0190963
2623 0.0190587
2624 0.0190587
2625 0.0188332
2626 0.0188332
2627 0.0188332
2628 0.0188332
2629 0.0188332
2630 0.0188332
2631 0.0188332
2632 0.0188332
2633 0.0187204
2634 0.0187204
2635 0.0187204
2636 0.0187204
2637 0.0187204
2638 0.0187204
2639 0.0186828
2640 0.0186828
2641 0.0184573
2642 0.0184573
2643 0.0184573
2644 0.0184573
2645 0.0184573
2646 0.0184573
2647 0.0184573
2648 0.0184573
2649 0.0182693
2650 0.0182693
2651 0.0182693
2652 0.0182693
2653 0.0182693
2654 0.0182693
2655 0.0182317
2656 0.0182317
2657 0.0180813
2658 0.0180813
2659 0.0180813
2660 0.0180813
2661 0.0180813
2662 0.0180813
2663 0.0180813
2664 0.0180813
2665 0.0178558
2666 0.0178558
2667 0.0178558
2668 0.0178558
2669 0.0178558
2670 0.0178558
2671 0.0178558
2672 0.0178558
2673 0.0175175
2674 0.0175175
2675 0.0175175
2676 0.0175175
2677 0.0175175
2678 0.0175175
2679 0.0174799
2680 0.0174799
2681 0.0171792
2682 0.0171792
2683 0.0171792
2684 0.0171792
2685 0.0171792
2686 0.0171792
2687 0.0171792
2688 0.0171792
2689 0.0169912
2690 0.0169912
2691 0.0169912
2692 0.0169912
2693 0.0169912
2694 0.0169912
2695 0.0169912
2696 0.0169912
2697 0.0168408
2698 0.0168408
2699 0.0168408
2700 0.0168408
2701 0.0168408
2702 0.0168408
2703 0.0168408
2704 0.0168408
2705 0.0167657
2706 0.0167657
2707 0.0167657
2708 0.0167657
2709 0.0167657
2710 0.0167657
2711 0.0166905
2712 0.0166905
2713 0.0164649
2714 0.0164649
2715 0.0164649
2716 0.0164649
2717 0.0164649
2718 0.0164649
2719 0.016277
2720 0.016277
2721 0.0160138
2722 0.0160138
2723 0.0160138
2724 0.0160138
2725 0.0160138
2726 0.0160138
2727 0.0160138
2728 0.0160138
2729 0.0158259
2730 0.0158259
2731 0.0158259
2732 0.0158259
2733 0.0158259
2734 0.0158259
2735 0.0157883
2736 0.0157883
2737 0.0156003
2738 0.0156003
2739 0.0156003
2740 0.0156003
2741 0.0156003
2742 0.0156003
2743 0.0156003
2744 0.0156003
2745 0.01545
2746 0.01545
2747 0.01545
2748 0.01545
2749 0.01545
2750 0.01545
2751 0.0153748
2752 0.0153748
2753 0.0150741
2754 0.0150741
2755 0.0150741
2756 0.0150741
2757 0.0150741
2758 0.0150741
2759 0.0150741
2760 0.0150741
2761 0.0148109
2762 0.0148109
2763 0.0148109
2764 0.0148109
2765 0.0148109
2766 0.0148109
2767 0.0148109
2768 0.0148109
2769 0.014623
2770 0.014623
2771 0.014623
2772 0.014623
2773 0.014623
2774 0.014623
2775 0.0145854
2776 0.0145854
2777 0.0144726
2778 0.0144726
2779 0.0144726
2780 0.0144726
2781 0.0144726
2782 0.0144726
2783 0.0144726
2784 0.0144726
2785 0.014435
2786 0.014435
2787 0.014435
2788 0.014435
2789 0.014435
2790 0.014435
2791 0.014435
2792 0.014435
2793 0.0141343
2794 0.0141343
2795 0.0141343
2796 0.0141343
2797 0.0141343
2798 0.0141343
2799 0.0141343
2800 0.0141343
2801 0.0140215
2802 0.0140215
2803 0.0140215
2804 0.0140215
2805 0.0140215
2806 0.0140215
2807 0.0140215
2808 0.0140215
2809 0.0138711
2810 0.0138711
2811 0.0138711
2812 0.0138711
2813 0.0138711
2814 0.0138711
2815 0.0138711
2816 0.0138711
2817 0.013796
2818 0.013796
2819 0.013796
2820 0.013796
2821 0.013796
2822 0.013796
2823 0.013796
2824 0.013796
2825 0.0136456
2826 0.0136456
2827 0.0136456
2828 0.0136456
2829 0.0136456
2830 0.0136456
2831 0.0136456
2832 0.0136456
2833 0.0135704
2834 0.0135704
2835 0.0135704
2836 0.0135704
2837 0.0135704
2838 0.0135704
2839 0.0135328
2840 0.0135328
2841 0.0133449
2842 0.0133449
2843 0.0133449
2844 0.0133449
2845 0.0133449
2846 0.0133449
2847 0.0133449
2848 0.0133449
2849 0.0131569
2850 0.0131569
2851 0.0131569
2852 0.0131569
2853 0.0131569
2854 0.0131569
2855 0.0131569
2856 0.0131569
2857 0.0129689
2858 0.0129689
2859 0.0129689
2860 0.0129689
2861 0.0129689
2862 0.0129689
2863 0.0129314
2864 0.0129314
2865 0.0128938
2866 0.0128938
2867 0.0128938
2868 0.0128938
2869 0.0128938
2870 0.0128938
2871 0.0128938
2872 0.0128938
2873 0.0128938
2874 0.0128938
2875 0.0128938
2876 0.0128938
2877 0.0128938
2878 0.0128938
2879 0.0128938
2880 0.0128938
2881 0.0127434
2882 0.0127434
2883 0.0127434
2884 0.0127434
2885 0.0127434
2886 0.0127434
2887 0.0127434
2888 0.0127434
2889 0.0126682
2890 0.0126682
2891 0.0126682
2892 0.0126682
2893 0.0126682
2894 0.0126682
2895 0.0126682
2896 0.0126682
2897 0.0126306
2898 0.0126306
2899 0.0126306
2900 0.0126306
2901 0.0126306
2902 0.0126306
2903 0.0126306
2904 0.0126306
2905 0.0125179
2906 0.0125179
2907 0.0125179
2908 0.0125179
2909 0.0125179
2910 0.0125179
2911 0.0125179
2912 0.0125179
2913 0.0123675
2914 0.0123675
2915 0.0123675
2916 0.0123675
2917 0.0123675
2918 0.0123675
2919 0.0123299
2920 0.0123299
2921 0.0122923
2922 0.0122923
2923 0.0122923
2924 0.0122923
2925 0.0122923
2926 0.0122923
2927 0.0122923
2928 0.0122923
2929 0.0120668
2930 0.0120668
2931 0.0120668
2932 0.0120668
2933 0.0120668
2934 0.0120668
2935 0.0120292
2936 0.0120292
2937 0.0119916
2938 0.0119916
2939 0.0119916
2940 0.0119916
2941 0.0119916
2942 0.0119916
2943 0.0119164
2944 0.0119164
2945 0.0118412
2946 0.0118412
2947 0.0118412
2948 0.0118412
2949 0.0118412
2950 0.0118412
2951 0.0118412
2952 0.0118412
2953 0.0116909
2954 0.0116909
2955 0.0116909
2956 0.0116909
2957 0.0116909
2958 0.0116909
2959 0.0116909
2960 0.0116909
2961 0.0116157
2962 0.0116157
2963 0.0116157
2964 0.0116157
2965 0.0116157
2966 0.0116157
2967 0.0116157
2968 0.0116157
2969 0.0115029
2970 0.0115029
2971 0.0115029
2972 0.0115029
2973 0.0115029
2974 0.0115029
2975 0.0115029
2976 0.0115029
2977 0.0113901
2978 0.0113901
2979 0.0113901
2980 0.0113901
2981 0.0113901
2982 0.0113901
2983 0.0113901
2984 0.0113901
2985 0.0113149
2986 0.0113149
2987 0.0113149
2988 0.0113149
2989 0.0113149
2990 0.0113149
2991 0.0113149
2992 0.0113149
2993 0.0112022
2994 0.0112022
2995 0.0112022
2996 0.0112022
2997 0.0112022
2998 0.0112022
2999 0.0112022
3000 0.0112022
3001 0.010939
3002 0.010939
3003 0.010939
3004 0.010939
3005 0.010939
3006 0.010939
3007 0.010939
3008 0.010939
3009 0.0107887
3010 0.0107887
3011 0.0107887
3012 0.0107887
3013 0.0107887
3014 0.0107887
3015 0.0107887
3016 0.0107887
3017 0.0107511
3018 0.0107511
3019 0.0107511
3020 0.0107511
3021 0.0107511
3022 0.0107511
3023 0.0107511
3024 0.0107511
3025 0.0106007
3026 0.0106007
3027 0.0106007
3028 0.0106007
3029 0.0106007
3030 0.0106007
3031 0.0105631
3032 0.0105631
3033 0.0105255
3034 0.0105255
3035 0.0105255
3036 0.0105255
3037 0.0105255
3038 0.0105255
3039 0.0105255
3040 0.0105255
3041 0.0104879
3042 0.0104879
3043 0.0104879
3044 0.0104879
3045 0.0104879
3046 0.0104879
3047 0.0104879
3048 0.0104879
3049 0.0104128
3050 0.0104128
3051 0.0104128
3052 0.0104128
3053 0.0104128
3054 0.0104128
3055 0.0104128
3056 0.0104128
3057 0.0103376
3058 0.0103376
3059 0.0103376
3060 0.0103376
3061 0.0103376
3062 0.0103376
3063 0.0103376
3064 0.0103376
3065 0.0102248
3066 0.0102248
3067 0.0102248
3068 0.0102248
3069 0.0102248
3070 0.0102248
3071 0.0102248
3072 0.0102248
3073 0.0101496
3074 0.0101496
3075 0.0101496
3076 0.0101496
3077 0.0101496
3078 0.0101496
3079 0.0101496
3080 0.0101496
3081 0.0100368
3082 0.0100368
3083 0.0100368
3084 0.0100368
3085 0.0100368
3086 0.0100368
3087 0.0100368
3088 0.0100368
3089 0.00992407
3090 0.00992407
3091 0.00992407
3092 0.00992407
3093 0.00992407
3094 0.00992407
3095 0.00992407
3096 0.00992407
3097 0.00984888
3098 0.00984888
3099 0.00984888
3100 0.00984888
3101 0.00984888
3102 0.00984888
3103 0.00981129
3104 0.00981129
3105 0.00951056
3106 0.00951056
3107 0.00951056
3108 0.00951056
3109 0.00951056
3110 0.00951056
3111 0.00951056
3112 0.00951056
3113 0.0093602
3114 0.0093602
3115 0.0093602
3116 0.0093602
3117 0.0093602
3118 0.0093602
3119 0.00932261
3120 0.00932261
3121 0.00917224
3122 0.00917224
3123 0.00917224
3124 0.00917224
3125 0.00917224
3126 0.00917224
3127 0.00913465
3128 0.00913465
3129 0.00909706
3130 0.00909706
3131 0.00909706
3132 0.00909706
3133 0.00909706
3134 0.00909706
3135 0.00909706
3136 0.00909706
3137 0.00905947
3138 0.00905947
3139 0.00905947
3140 0.00905947
3141 0.00905947
3142 0.00905947
3143 0.00905947
3144 0.00905947
3145 0.00887151
3146 0.00887151
3147 0.00887151
3148 0.00887151
3149 0.00887151
3150 0.00887151
3151 0.00879633
3152 0.00879633
3153 0.00868356
3154 0.00868356
3155 0.00868356
3156 0.00868356
3157 0.00868356
3158 0.00868356
3159 0.00864597
3160 0.00864597
3161 0.00857078
3162 0.00857078
3163 0.00857078
3164 0.00857078
3165 0.00857078
3166 0.00857078
3167 0.00857078
3168 0.00857078
3169 0.0084956
3170 0.0084956
3171 0.0084956
3172 0.0084956
3173 0.0084956
3174 0.0084956
3175 0.0084956
3176 0.0084956
3177 0.00827006
3178 0.00827006
3179 0.00827006
3180 0.00827006
3181 0.00827006
3182 0.00827006
3183 0.00823246
3184 0.00823246
3185 0.00819487
3186 0.00819487
3187 0.00819487
3188 0.00819487
3189 0.00819487
3190 0.00819487
3191 0.00815728
3192 0.00815728
3193 0.0080821
3194 0.0080821
3195 0.0080821
3196 0.0080821
3197 0.0080821
3198 0.0080821
3199 0.0080821
3200 0.0080821
3201 0.00800692
3202 0.00800692
3203 0.00800692
3204 0.00800692
3205 0.00800692
3206 0.00800692
3207 0.00796933
3208 0.00796933
3209 0.00781896
3210 0.00781896
3211 0.00781896
3212 0.00781896
3213 0.00781896
3214 0.00781896
3215 0.00781896
3216 0.00781896
3217 0.00774378
3218 0.00774378
3219 0.00774378
3220 0.00774378
3221 0.00774378
3222 0.00774378
3223 0.00774378
3224 0.00774378
3225 0.00770619
3226 0.00770619
3227 0.00770619
3228 0.00770619
3229 0.00770619
3230 0.00770619
3231 0.00770619
3232 0.00770619
3233 0.00770619
3234 0.00770619
3235 0.00770619
3236 0.00770619
3237 0.00770619
3238 0.00770619
3239 0.00770619
3240 0.00770619
3241 0.00759341
3242 0.00759341
3243 0.00759341
3244 0.00759341
3245 0.00759341
3246 0.00759341
3247 0.00759341
3248 0.00759341
3249 0.00751823
3250 0.00751823
3251 0.00751823
3252 0.00751823
3253 0.00751823
3254 0.00751823
3255 0.00748064
3256 0.00748064
3257 0.00748064
3258 0.00748064
3259 0.00748064
3260 0.00748064
3261 0.00748064
3262 0.00748064
3263 0.00748064
3264 0.00748064
3265 0.00740546
3266 0.00740546
3267 0.00740546
3268 0.00740546
3269 0.00740546
3270 0.00740546
3271 0.00740546
3272 0.00740546
3273 0.00733028
3274 0.00733028
3275 0.00733028
3276 0.00733028
3277 0.00733028
3278 0.00733028
3279 0.00729268
3280 0.00729268
3281 0.00725509
3282 0.00725509
3283 0.00725509
3284 0.00725509
3285 0.00725509
3286 0.00725509
3287 0.00725509
3288 0.00725509
3289 0.00714232
3290 0.00714232
3291 0.00714232
3292 0.00714232
3293 0.00714232
3294 0.00714232
3295 0.00714232
3296 0.00714232
3297 0.00710473
3298 0.00710473
3299 0.00710473
3300 0.00710473
3301 0.00710473
3302 0.00710473
3303 0.00706714
3304 0.00706714
3305 0.00687918
3306 0.00687918
3307 0.00687918
3308 0.00687918
3309 0.00687918
3310 0.00687918
3311 0.00687918
3312 0.00687918
3313 0.00684159
3314 0.00684159
3315 0.00684159
3316 0.00684159
3317 0.00684159
3318 0.00684159
3319 0.00684159
3320 0.00684159
3321 0.00672882
3322 0.00672882
3323 0.00672882
3324 0.00672882
3325 0.00672882
3326 0.00672882
3327 0.00672882
3328 0.00672882
3329 0.00672882
3330 0.00672882
3331 0.00672882
3332 0.00672882
3333 0.00672882
3334 0.00672882
3335 0.00672882
3336 0.00672882
3337 0.00669123
3338 0.00669123
3339 0.00669123
3340 0.00669123
3341 0.00669123
3342 0.00669123
3343 0.00669123
3344 0.00669123
3345 0.00665364
3346 0.00665364
3347 0.00665364
3348 0.00665364
3349 0.00665364
3350 0.00665364
3351 0.00665364
3352 0.00665364
3353 0.00661604
3354 0.00661604
3355 0.00661604
3356 0.00661604
3357 0.00661604
3358 0.00661604
3359 0.00657845
3360 0.00657845
3361 0.00650327
3362 0.00650327
3363 0.00650327
3364 0.00650327
3365 0.00650327
3366 0.00650327
3367 0.00650327
3368 0.00650327
3369 0.00642809
3370 0.00642809
3371 0.00642809
3372 0.00642809
3373 0.00642809
3374 0.00642809
3375 0.00642809
3376 0.00642809
3377 0.00624013
3378 0.00624013
3379 0.00624013
3380 0.00624013
3381 0.00624013
3382 0.00624013
3383 0.00624013
3384 0.00624013
3385 0.00616495
3386 0.00616495
3387 0.00616495
3388 0.00616495
3389 0.00616495
3390 0.00616495
3391 0.00612736
3392 0.00612736
3393 0.00605218
3394 0.00605218
3395 0.00605218
3396 0.00605218
3397 0.00605218
3398 0.00605218
3399 0.00605218
3400 0.00605218
3401 0.00590181
3402 0.00590181
3403 0.00590181
3404 0.00590181
3405 0.00590181
3406 0.00590181
3407 0.00586422
3408 0.00586422
3409 0.00575145
3410 0.00575145
3411 0.00575145
3412 0.00575145
3413 0.00575145
3414 0.00575145
3415 0.00575145
3416 0.00575145
3417 0.00567626
3418 0.00567626
3419 0.00567626
3420 0.00567626
3421 0.00567626
3422 0.00567626
3423 0.00563867
3424 0.00563867
3425 0.00556349
3426 0.00556349
3427 0.00556349
3428 0.00556349
3429 0.00556349
3430 0.00556349
3431 0.0055259
3432 0.0055259
3433 0.0055259
3434 0.0055259
3435 0.0055259
3436 0.0055259
3437 0.0055259
3438 0.0055259
3439 0.0055259
3440 0.0055259
3441 0.00548831
3442 0.00548831
3443 0.00548831
3444 0.00548831
3445 0.00548831
3446 0.00548831
3447 0.00548831
3448 0.00548831
3449 0.00548831
3450 0.00548831
3451 0.00548831
3452 0.00548831
3453 0.00548831
3454 0.00548831
3455 0.00548831
3456 0.00548831
3457 0.00533794
3458 0.00533794
3459 0.00533794
3460 0.00533794
3461 0.00533794
3462 0.00533794
3463 0.00533794
3464 0.00533794
3465 0.00526276
3466 0.00526276
3467 0.00526276
3468 0.00526276
3469 0.00526276
3470 0.00526276
3471 0.00526276
3472 0.00526276
3473 0.00526276
3474 0.00526276
3475 0.00526276
3476 0.00526276
3477 0.00526276
3478 0.00526276
3479 0.00526276
3480 0.00526276
3481 0.00518758
3482 0.00518758
3483 0.00518758
3484 0.00518758
3485 0.00518758
3486 0.00518758
3487 0.00518758
3488 0.00518758
3489 0.00507481
3490 0.00507481
3491 0.00507481
3492 0.00507481
3493 0.00507481
3494 0.00507481
3495 0.00507481
3496 0.00507481
3497 0.00507481
3498 0.00507481
3499 0.00507481
3500 0.00507481
3501 0.00507481
3502 0.00507481
3503 0.00503722
3504 0.00503722
3505 0.00488685
3506 0.00488685
3507 0.00488685
3508 0.00488685
3509 0.00488685
3510 0.00488685
3511 0.00488685
3512 0.00488685
3513 0.00484926
3514 0.00484926
3515 0.00484926
3516 0.00484926
3517 0.00484926
3518 0.00484926
3519 0.00484926
3520 0.00484926
3521 0.00477408
3522 0.00477408
3523 0.00477408
3524 0.00477408
3525 0.00477408
3526 0.00477408
3527 0.00477408
3528 0.00477408
3529 0.0046613
3530 0.0046613
3531 0.0046613
3532 0.0046613
3533 0.0046613
3534 0.0046613
3535 0.0046613
3536 0.0046613
3537 0.00458612
3538 0.00458612
3539 0.00458612
3540 0.00458612
3541 0.00458612
3542 0.00458612
3543 0.00458612
3544 0.00458612
3545 0.00458612
3546 0.00458612
3547 0.00458612
3548 0.00458612
3549 0.00458612
3550 0.00458612
3551 0.00458612
3552 0.00458612
3553 0.00454853
3554 0.00454853
3555 0.00454853
3556 0.00454853
3557 0.00454853
3558 0.00454853
3559 0.00454853
3560 0.00454853
3561 0.00451094
3562 0.00451094
3563 0.00451094
3564 0.00451094
3565 0.00451094
3566 0.00451094
3567 0.00451094
3568 0.00451094
3569 0.00443576
3570 0.00443576
3571 0.00443576
3572 0.00443576
3573 0.00443576
3574 0.00443576
3575 0.00443576
3576 0.00443576
3577 0.00443576
3578 0.00443576
3579 0.00443576
3580 0.00443576
3581 0.00443576
3582 0.00443576
3583 0.00443576
3584 0.00443576
3585 0.00443576
3586 0.00443576
3587 0.00443576
3588 0.00443576
3589 0.00443576
3590 0.00443576
3591 0.00443576
3592 0.00443576
3593 0.00428539
3594 0.00428539
3595 0.00428539
3596 0.00428539
3597 0.00428539
3598 0.00428539
3599 0.00428539
3600 0.00428539
3601 0.00421021
3602 0.00421021
3603 0.00421021
3604 0.00421021
3605 0.00421021
3606 0.00421021
3607 0.00421021
3608 0.00421021
3609 0.00409744
3610 0.00409744
3611 0.00409744
3612 0.00409744
3613 0.00409744
3614 0.00409744
3615 0.00409744
3616 0.00409744
3617 0.00405985
3618 0.00405985
3619 0.00405985
3620 0.00405985
3621 0.00405985
3622 0.00405985
3623 0.00405985
3624 0.00405985
3625 0.00398466
3626 0.00398466
3627 0.00398466
3628 0.00398466
3629 0.00398466
3630 0.00398466
3631 0.00394707
3632 0.00394707
3633 0.00390948
3634 0.00390948
3635 0.00390948
3636 0.00390948
3637 0.00390948
3638 0.00390948
3639 0.00390948
3640 0.00390948
3641 0.00390948
3642 0.00390948
3643 0.00390948
3644 0.00390948
3645 0.00390948
3646 0.00390948
3647 0.00390948
3648 0.00390948
3649 0.0038343
3650 0.0038343
3651 0.0038343
3652 0.0038343
3653 0.0038343
3654 0.0038343
3655 0.00379671
3656 0.00379671
3657 0.00379671
3658 0.00379671
3659 0.00379671
3660 0.00379671
3661 0.00379671
3662 0.00379671
3663 0.00379671
3664 0.00379671
3665 0.00379671
3666 0.00379671
3667 0.00379671
3668 0.00379671
3669 0.00379671
3670 0.00379671
3671 0.00379671
3672 0.00379671
3673 0.00372152
3674 0.00372152
3675 0.00372152
3676 0.00372152
3677 0.00372152
3678 0.00372152
3679 0.00372152
3680 0.00372152
3681 0.00364634
3682 0.00364634
3683 0.00364634
3684 0.00364634
3685 0.00364634
3686 0.00364634
3687 0.00364634
3688 0.00364634
3689 0.00360875
3690 0.00360875
3691 0.00360875
3692 0.00360875
3693 0.00360875
3694 0.00360875
3695 0.00360875
3696 0.00360875
3697 0.00357116
3698 0.00357116
3699 0.00357116
3700 0.00357116
3701 0.00357116
3702 0.00357116
3703 0.00357116
3704 0.00357116
3705 0.00353357
3706 0.00353357
3707 0.00353357
3708 0.00353357
3709 0.00353357
3710 0.00353357
3711 0.00353357
3712 0.00353357
3713 0.0034208
3714 0.0034208
3715 0.0034208
3716 0.0034208
3717 0.0034208
3718 0.0034208
3719 0.0034208
3720 0.0034208
3721 0.00334561
3722 0.00334561
3723 0.00334561
3724 0.00334561
3725 0.00334561
3726 0.00334561
3727 0.00334561
3728 0.00334561
3729 0.00330802
3730 0.00330802
3731 0.00330802
3732 0.00330802
3733 0.00330802
3734 0.00330802
3735 0.00330802
3736 0.00330802
3737 0.00330802
3738 0.00330802
3739 0.00330802
3740 0.00330802
3741 0.00330802
3742 0.00330802
3743 0.00330802
3744 0.00330802
3745 0.00319525
3746 0.00319525
3747 0.00319525
3748 0.00319525
3749 0.00319525
3750 0.00319525
3751 0.00319525
3752 0.00319525
3753 0.00315766
3754 0.00315766
3755 0.00315766
3756 0.00315766
3757 0.00315766
3758 0.00315766
3759 0.00315766
3760 0.00315766
3761 0.00308247
3762 0.00308247
3763 0.00308247
3764 0.00308247
3765 0.00308247
3766 0.00308247
3767 0.00308247
3768 0.00308247
3769 0.00304488
3770 0.00304488
3771 0.00304488
3772 0.00304488
3773 0.00304488
3774 0.00304488
3775 0.00304488
3776 0.00304488
3777 0.00300729
3778 0.00300729
3779 0.00300729
3780 0.00300729
3781 0.00300729
3782 0.00300729
3783 0.00300729
3784 0.00300729
3785 0.00300729
3786 0.00300729
3787 0.00300729
3788 0.00300729
3789 0.00300729
3790 0.00300729
3791 0.00300729
3792 0.00300729
3793 0.00300729
3794 0.00300729
3795 0.00300729
3796 0.00300729
3797 0.00300729
3798 0.00300729
3799 0.00300729
3800 0.00300729
3801 0.0029697
3802 0.0029697
3803 0.0029697
3804 0.0029697
3805 0.0029697
3806 0.0029697
3807 0.0029697
3808 0.0029697
3809 0.0029697
3810 0.0029697
3811 0.0029697
3812 0.0029697
3813 0.0029697
3814 0.0029697
3815 0.0029697
3816 0.0029697
3817 0.00289452
3818 0.00289452
3819 0.00289452
3820 0.00289452
3821 0.00289452
3822 0.00289452
3823 0.00289452
3824 0.00289452
3825 0.00281934
3826 0.00281934
3827 0.00281934
3828 0.00281934
3829 0.00281934
3830 0.00281934
3831 0.00281934
3832 0.00281934
3833 0.00270656
3834 0.00270656
3835 0.00270656
3836 0.00270656
3837 0.00270656
3838 0.00270656
3839 0.00270656
3840 0.00270656
3841 0.00266897
3842 0.00266897
3843 0.00266897
3844 0.00266897
3845 0.00266897
3846 0.00266897
3847 0.00266897
3848 0.00266897
3849 0.00263138
3850 0.00263138
3851 0.00263138
3852 0.00263138
3853 0.00263138
3854 0.00263138
3855 0.00263138
3856 0.00263138
3857 0.00263138
3858 0.00263138
3859 0.00263138
3860 0.00263138
3861 0.00263138
3862 0.00263138
3863 0.00263138
3864 0.00263138
3865 0.00259379
3866 0.00259379
3867 0.00259379
3868 0.00259379
3869 0.00259379
3870 0.00259379
3871 0.00259379
3872 0.00259379
3873 0.00259379
3874 0.00259379
3875 0.00259379
3876 0.00259379
3877 0.00259379
3878 0.00259379
3879 0.00259379
3880 0.00259379
3881 0.00251861
3882 0.00251861
3883 0.00251861
3884 0.00251861
3885 0.00251861
3886 0.00251861
3887 0.00251861
3888 0.00251861
3889 0.00251861
3890 0.00251861
3891 0.00251861
3892 0.00251861
3893 0.00251861
3894 0.00251861
3895 0.00248102
3896 0.00248102
3897 0.00248102
3898 0.00248102
3899 0.00248102
3900 0.00248102
3901 0.00248102
3902 0.00248102
3903 0.00244343
3904 0.00244343
3905 0.00244343
3906 0.00244343
3907 0.00244343
3908 0.00244343
3909 0.00244343
3910 0.00244343
3911 0.00244343
3912 0.00244343
3913 0.00240583
3914 0.00240583
3915 0.00240583
3916 0.00240583
3917 0.00240583
3918 0.00240583
3919 0.00240583
3920 0.00240583
3921 0.00240583
3922 0.00240583
3923 0.00240583
3924 0.00240583
3925 0.00240583
3926 0.00240583
3927 0.00240583
3928 0.00240583
3929 0.00233065
3930 0.00233065
3931 0.00233065
3932 0.00233065
3933 0.00233065
3934 0.00233065
3935 0.00233065
3936 0.00233065
3937 0.00229306
3938 0.00229306
3939 0.00229306
3940 0.00229306
3941 0.00229306
3942 0.00229306
3943 0.00229306
3944 0.00229306
3945 0.00229306
3946 0.00229306
3947 0.00229306
3948 0.00229306
3949 0.00229306
3950 0.00229306
3951 0.00229306
3952 0.00229306
3953 0.00218029
3954 0.00218029
3955 0.00218029
3956 0.00218029
3957 0.00218029
3958 0.00218029
3959 0.00218029
3960 0.00218029
3961 0.00218029
3962 0.00218029
3963 0.00218029
3964 0.00218029
3965 0.00218029
3966 0.00218029
3967 0.00218029
3968 0.00218029
3969 0.00218029
3970 0.00218029
3971 0.00218029
3972 0.00218029
3973 0.00218029
3974 0.00218029
3975 0.00218029
3976 0.00218029
3977 0.00218029
3978 0.00218029
3979 0.00218029
3980 0.00218029
3981 0.00218029
3982 0.00218029
3983 0.00218029
3984 0.00218029
3985 0.0021427
3986 0.0021427
3987 0.0021427
3988 0.0021427
3989 0.0021427
3990 0.0021427
3991 0.0021427
3992 0.0021427
3993 0.0021427
3994 0.0021427
3995 0.0021427
3996 0.0021427
3997 0.0021427
3998 0.0021427
3999 0.0021427
4000 0.0021427
4001 0.0021051
4002 0.0021051
4003 0.0021051
4004 0.0021051
4005 0.0021051
4006 0.0021051
4007 0.0021051
4008 0.0021051
4009 0.00202992
4010 0.00202992
4011 0.00202992
4012 0.00202992
4013 0.00202992
4014 0.00202992
4015 0.00202992
4016 0.00202992
4017 0.00202992
4018 0.00202992
4019 0.00202992
4020 0.00202992
4021 0.00202992
4022 0.00202992
4023 0.00202992
4024 0.00202992
4025 0.00199233
4026 0.00199233
4027 0.00199233
4028 0.00199233
4029 0.00199233
4030 0.00199233
4031 0.00199233
4032 0.00199233
4033 0.00199233
4034 0.00199233
4035 0.00199233
4036 0.00199233
4037 0.00199233
4038 0.00199233
4039 0.00199233
4040 0.00199233
4041 0.00199233
4042 0.00199233
4043 0.00199233
4044 0.00199233
4045 0.00199233
4046 0.00199233
4047 0.00199233
4048 0.00199233
4049 0.00195474
4050 0.00195474
4051 0.00195474
4052 0.00195474
4053 0.00195474
4054 0.00195474
4055 0.00195474
4056 0.00195474
4057 0.00191715
4058 0.00191715
4059 0.00191715
4060 0.00191715
4061 0.00191715
4062 0.00191715
4063 0.00191715
4064 0.00191715
4065 0.00187956
4066 0.00187956
4067 0.00187956
4068 0.00187956
4069 0.00187956
4070 0.00187956
4071 0.00187956
4072 0.00187956
4073 0.00180438
4074 0.00180438
4075 0.00180438
4076 0.00180438
4077 0.00180438
4078 0.00180438
4079 0.00180438
4080 0.00180438
4081 0.00180438
4082 0.00180438
4083 0.00180438
4084 0.00180438
4085 0.00180438
4086 0.00180438
4087 0.00180438
4088 0.00180438
4089 0.00180438
4090 0.00180438
4091 0.00180438
4092 0.00180438
4093 0.00180438
4094 0.00180438
4095 0.00180438
4096 0.00180438
4097 0.00180438
4098 0.00180438
4099 0.00180438
4100 0.00180438
4101 0.00180438
4102 0.00180438
4103 0.00180438
4104 0.00180438
4105 0.00180438
4106 0.00180438
4107 0.00180438
4108 0.00180438
4109 0.00180438
4110 0.00180438
4111 0.00180438
4112 0.00180438
4113 0.00180438
4114 0.00180438
4115 0.00180438
4116 0.00180438
4117 0.00180438
4118 0.00180438
4119 0.00180438
4120 0.00180438
4121 0.00176678
4122 0.00176678
4123 0.00176678
4124 0.00176678
4125 0.00176678
4126 0.00176678
4127 0.00176678
4128 0.00176678
4129 0.00176678
4130 0.00176678
4131 0.00176678
4132 0.00176678
4133 0.00176678
4134 0.00176678
4135 0.00176678
4136 0.00176678
4137 0.00176678
4138 0.00176678
4139 0.00176678
4140 0.00176678
4141 0.00176678
4142 0.00176678
4143 0.00176678
4144 0.00176678
4145 0.00176678
4146 0.00176678
4147 0.00176678
4148 0.00176678
4149 0.00176678
4150 0.00176678
4151 0.00176678
4152 0.00176678
4153 0.00176678
4154 0.00176678
4155 0.00176678
4156 0.00176678
4157 0.00176678
4158 0.00176678
4159 0.00172919
4160 0.00172919
4161 0.0016916
4162 0.0016916
4163 0.0016916
4164 0.0016916
4165 0.0016916
4166 0.0016916
4167 0.0016916
4168 0.0016916
4169 0.00165401
4170 0.00165401
4171 0.00165401
4172 0.00165401
4173 0.00165401
4174 0.00165401
4175 0.00165401
4176 0.00165401
4177 0.00161642
4178 0.00161642
4179 0.00161642
4180 0.00161642
4181 0.00161642
4182 0.00161642
4183 0.00161642
4184 0.00161642
4185 0.00161642
4186 0.00161642
4187 0.00161642
4188 0.00161642
4189 0.00161642
4190 0.00161642
4191 0.00161642
4192 0.00161642
4193 0.00157883
4194 0.00157883
4195 0.00157883
4196 0.00157883
4197 0.00157883
4198 0.00157883
4199 0.00157883
4200 0.00157883
4201 0.00157883
4202 0.00157883
4203 0.00157883
4204 0.00157883
4205 0.00157883
4206 0.00157883
4207 0.00157883
4208 0.00157883
4209 0.00157883
4210 0.00157883
4211 0.00157883
4212 0.00157883
4213 0.00157883
4214 0.00157883
4215 0.00157883
4216 0.00157883
4217 0.00154124
4218 0.00154124
4219 0.00154124
4220 0.00154124
4221 0.00154124
4222 0.00154124
4223 0.00154124
4224 0.00154124
4225 0.00150365
4226 0.00150365
4227 0.00150365
4228 0.00150365
4229 0.00150365
4230 0.00150365
4231 0.00150365
4232 0.00150365
4233 0.00150365
4234 0.00150365
4235 0.00150365
4236 0.00150365
4237 0.00150365
4238 0.00150365
4239 0.00150365
4240 0.00150365
4241 0.00150365
4242 0.00150365
4243 0.00150365
4244 0.00150365
4245 0.00150365
4246 0.00150365
4247 0.00150365
4248 0.00150365
4249 0.00150365
4250 0.00150365
4251 0.00150365
4252 0.00150365
4253 0.00150365
4254 0.00150365
4255 0.00150365
4256 0.00150365
4257 0.00150365
4258 0.00150365
4259 0.00150365
4260 0.00150365
4261 0.00150365
4262 0.00150365
4263 0.00150365
4264 0.00150365
4265 0.00146606
4266 0.00146606
4267 0.00146606
4268 0.00146606
4269 0.00146606
4270 0.00146606
4271 0.00146606
4272 0.00146606
4273 0.00146606
4274 0.00146606
4275 0.00146606
4276 0.00146606
4277 0.00146606
4278 0.00146606
4279 0.00146606
4280 0.00146606
4281 0.00146606
4282 0.00146606
4283 0.00146606
4284 0.00146606
4285 0.00146606
4286 0.00146606
4287 0.00146606
4288 0.00146606
4289 0.00146606
4290 0.00146606
4291 0.00146606
4292 0.00146606
4293 0.00146606
4294 0.00146606
4295 0.00146606
4296 0.00146606
4297 0.00146606
4298 0.00146606
4299 0.00146606
4300 0.00146606
4301 0.00146606
4302 0.00146606
4303 0.00146606
4304 0.00146606
4305 0.00146606
4306 0.00146606
4307 0.00146606
4308 0.00146606
4309 0.00146606
4310 0.00146606
4311 0.00146606
4312 0.00146606
4313 0.00146606
4314 0.00146606
4315 0.00146606
4316 0.00146606
4317 0.00146606
4318 0.00146606
4319 0.00146606
4320 0.00146606
4321 0.00146606
4322 0.00146606
4323 0.00146606
4324 0.00146606
4325 0.00146606
4326 0.00146606
4327 0.00146606
4328 0.00146606
4329 0.00146606
4330 0.00146606
4331 0.00146606
4332 0.00146606
4333 0.00146606
4334 0.00146606
4335 0.00146606
4336 0.00146606
4337 0.00146606
4338 0.00146606
4339 0.00146606
4340 0.00146606
4341 0.00146606
4342 0.00146606
4343 0.00146606
4344 0.00146606
4345 0.00142846
4346 0.00142846
4347 0.00142846
4348 0.00142846
4349 0.00142846
4350 0.00142846
4351 0.00142846
4352 0.00142846
4353 0.00142846
4354 0.00142846
4355 0.00142846
4356 0.00142846
4357 0.00142846
4358 0.00142846
4359 0.00139087
4360 0.00139087
4361 0.00139087
4362 0.00139087
4363 0.00139087
4364 0.00139087
4365 0.00139087
4366 0.00139087
4367 0.00139087
4368 0.00139087
4369 0.00139087
4370 0.00139087
4371 0.00139087
4372 0.00139087
4373 0.00139087
4374 0.00139087
4375 0.00139087
4376 0.00139087
4377 0.00135328
4378 0.00135328
4379 0.00135328
4380 0.00135328
4381 0.00135328
4382 0.00135328
4383 0.00131569
4384 0.00131569
4385 0.00131569
4386 0.00131569
4387 0.00131569
4388 0.00131569
4389 0.00131569
4390 0.00131569
4391 0.00131569
4392 0.00131569
4393 0.00131569
4394 0.00131569
4395 0.00131569
4396 0.00131569
4397 0.00131569
4398 0.00131569
4399 0.00131569
4400 0.00131569
4401 0.00131569
4402 0.00131569
4403 0.00131569
4404 0.00131569
4405 0.00131569
4406 0.00131569
4407 0.00131569
4408 0.00131569
4409 0.0012781
4410 0.0012781
4411 0.0012781
4412 0.0012781
4413 0.0012781
4414 0.0012781
4415 0.0012781
4416 0.0012781
4417 0.0012781
4418 0.0012781
4419 0.0012781
4420 0.0012781
4421 0.0012781
4422 0.0012781
4423 0.0012781
4424 0.0012781
4425 0.00120292
4426 0.00120292
4427 0.00120292
4428 0.00120292
4429 0.00120292
4430 0.00120292
4431 0.00120292
4432 0.00120292
4433 0.00120292
4434 0.00120292
4435 0.00120292
4436 0.00120292
4437 0.00120292
4438 0.00120292
4439 0.00120292
4440 0.00120292
4441 0.00120292
4442 0.00120292
4443 0.00120292
4444 0.00120292
4445 0.00120292
4446 0.00120292
4447 0.00120292
4448 0.00120292
4449 0.00120292
4450 0.00120292
4451 0.00120292
4452 0.00120292
4453 0.00120292
4454 0.00120292
4455 0.00120292
4456 0.00120292
4457 0.00120292
4458 0.00120292
4459 0.00120292
4460 0.00120292
4461 0.00120292
4462 0.00120292
4463 0.00120292
4464 0.00120292
4465 0.00116533
4466 0.00116533
4467 0.00116533
4468 0.00116533
4469 0.00116533
4470 0.00116533
4471 0.00116533
4472 0.00116533
4473 0.00116533
4474 0.00116533
4475 0.00116533
4476 0.00116533
4477 0.00116533
4478 0.00116533
4479 0.00116533
4480 0.00116533
4481 0.00116533
4482 0.00116533
4483 0.00116533
4484 0.00116533
4485 0.00116533
4486 0.00116533
4487 0.00116533
4488 0.00116533
4489 0.00116533
4490 0.00116533
4491 0.00116533
4492 0.00116533
4493 0.00116533
4494 0.00116533
4495 0.00116533
4496 0.00116533
4497 0.00116533
4498 0.00116533
4499 0.00116533
4500 0.00116533
4501 0.00116533
4502 0.00116533
4503 0.00116533
4504 0.00116533
4505 0.00116533
4506 0.00116533
4507 0.00116533
4508 0.00116533
4509 0.00116533
4510 0.00116533
4511 0.00116533
4512 0.00116533
4513 0.00116533
4514 0.00116533
4515 0.00116533
4516 0.00116533
4517 0.00116533
4518 0.00116533
4519 0.00116533
4520 0.00116533
4521 0.00112773
4522 0.00112773
4523 0.00112773
4524 0.00112773
4525 0.00112773
4526 0.00112773
4527 0.00112773
4528 0.00112773
4529 0.00112773
4530 0.00112773
4531 0.00112773
4532 0.00112773
4533 0.00112773
4534 0.00112773
4535 0.00112773
4536 0.00112773
4537 0.00112773
4538 0.00112773
4539 0.00112773
4540 0.00112773
4541 0.00112773
4542 0.00112773
4543 0.00109014
4544 0.00109014
4545 0.00109014
4546 0.00109014
4547 0.00109014
4548 0.00109014
4549 0.00109014
4550 0.00109014
4551 0.00109014
4552 0.00109014
4553 0.00109014
4554 0.00109014
4555 0.00109014
4556 0.00109014
4557 0.00109014
4558 0.00109014
4559 0.00109014
4560 0.00109014
4561 0.00109014
4562 0.00109014
4563 0.00109014
4564 0.00109014
4565 0.00109014
4566 0.00109014
4567 0.00109014
4568 0.00109014
4569 0.00109014
4570 0.00109014
4571 0.00109014
4572 0.00109014
4573 0.00109014
4574 0.00109014
4575 0.00109014
4576 0.00109014
4577 0.00109014
4578 0.00109014
4579 0.00109014
4580 0.00109014
4581 0.00109014
4582 0.00109014
4583 0.00109014
4584 0.00109014
4585 0.00109014
4586 0.00109014
4587 0.00109014
4588 0.00109014
4589 0.00109014
4590 0.00109014
4591 0.00109014
4592 0.00109014
4593 0.00109014
4594 0.00109014
4595 0.00109014
4596 0.00109014
4597 0.00109014
4598 0.00109014
4599 0.00109014
4600 0.00109014
4601 0.00109014
4602 0.00109014
4603 0.00109014
4604 0.00109014
4605 0.00109014
4606 0.00109014
4607 0.00109014
4608 0.00109014
4609 0.00109014
4610 0.00109014
4611 0.00109014
4612 0.00109014
4613 0.00109014
4614 0.00109014
4615 0.00109014
4616 0.00109014
4617 0.00109014
4618 0.00109014
4619 0.00109014
4620 0.00109014
4621 0.00109014
4622 0.00109014
4623 0.00105255
4624 0.00105255
4625 0.00105255
4626 0.00105255
4627 0.00105255
4628 0.00105255
4629 0.00105255
4630 0.00105255
4631 0.00105255
4632 0.00105255
4633 0.00105255
4634 0.00105255
4635 0.00105255
4636 0.00105255
4637 0.00105255
4638 0.00105255
4639 0.00105255
4640 0.00105255
4641 0.00101496
4642 0.00101496
4643 0.00101496
4644 0.00101496
4645 0.00101496
4646 0.00101496
4647 0.00101496
4648 0.00101496
4649 0.00097737
4650 0.00097737
4651 0.00097737
4652 0.00097737
4653 0.00097737
4654 0.00097737
4655 0.000902188
4656 0.000902188
4657 0.000864597
4658 0.000864597
4659 0.000864597
4660 0.000864597
4661 0.000864597
4662 0.000864597
4663 0.000864597
4664 0.000864597
4665 0.000864597
4666 0.000864597
4667 0.000864597
4668 0.000864597
4669 0.000864597
4670 0.000864597
4671 0.000864597
4672 0.000864597
4673 0.000864597
4674 0.000864597
4675 0.000864597
4676 0.000864597
4677 0.000864597
4678 0.000864597
4679 0.000864597
4680 0.000864597
4681 0.000827005
4682 0.000827005
4683 0.000827005
4684 0.000827005
4685 0.000827005
4686 0.000827005
4687 0.000827005
4688 0.000827005
4689 0.000827005
4690 0.000827005
4691 0.000827005
4692 0.000827005
4693 0.000827005
4694 0.000827005
4695 0.000827005
4696 0.000827005
4697 0.000827005
4698 0.000827005
4699 0.000827005
4700 0.000827005
4701 0.000827005
4702 0.000827005
4703 0.000827005
4704 0.000827005
4705 0.000827005
4706 0.000827005
4707 0.000827005
4708 0.000827005
4709 0.000827005
4710 0.000827005
4711 0.000827005
4712 0.000827005
4713 0.000827005
4714 0.000827005
4715 0.000827005
4716 0.000827005
4717 0.000827005
4718 0.000827005
4719 0.000827005
4720 0.000827005
4721 0.000827005
4722 0.000827005
4723 0.000827005
4724 0.000827005
4725 0.000827005
4726 0.000827005
4727 0.000827005
4728 0.000827005
4729 0.000827005
4730 0.000827005
4731 0.000827005
4732 0.000827005
4733 0.000827005
4734 0.000827005
4735 0.000827005
4736 0.000827005
4737 0.000827005
4738 0.000827005
4739 0.000827005
4740 0.000827005
4741 0.000827005
4742 0.000827005
4743 0.000827005
4744 0.000827005
4745 0.000827005
4746 0.000827005
4747 0.000827005
4748 0.000827005
4749 0.000827005
4750 0.000827005
4751 0.000827005
4752 0.000827005
4753 0.000827005
4754 0.000827005
4755 0.000827005
4756 0.000827005
4757 0.000827005
4758 0.000827005
4759 0.000827005
4760 0.000827005
4761 0.000827005
4762 0.000827005
4763 0.000827005
4764 0.000827005
4765 0.000827005
4766 0.000827005
4767 0.000827005
4768 0.000827005
4769 0.000827005
4770 0.000827005
4771 0.000827005
4772 0.000827005
4773 0.000827005
4774 0.000827005
4775 0.000827005
4776 0.000827005
4777 0.000789414
4778 0.000789414
4779 0.000789414
4780 0.000789414
4781 0.000789414
4782 0.000789414
4783 0.000789414
4784 0.000789414
4785 0.000751823
4786 0.000751823
4787 0.000751823
4788 0.000751823
4789 0.000751823
4790 0.000751823
4791 0.000751823
4792 0.000751823
4793 0.000751823
4794 0.000751823
4795 0.000751823
4796 0.000751823
4797 0.000751823
4798 0.000751823
4799 0.000751823
4800 0.000751823
4801 0.000751823
4802 0.000751823
4803 0.000751823
4804 0.000751823
4805 0.000751823
4806 0.000751823
4807 0.000751823
4808 0.000751823
4809 0.000676641
4810 0.000676641
4811 0.000676641
4812 0.000676641
4813 0.000676641
4814 0.000676641
4815 0.000676641
4816 0.000676641
4817 0.000676641
4818 0.000676641
4819 0.000676641
4820 0.000676641
4821 0.000676641
4822 0.000676641
4823 0.00063905
4824 0.00063905
4825 0.000563867
4826 0.000563867
4827 0.000563867
4828 0.000563867
4829 0.000563867
4830 0.000563867
4831 0.000563867
4832 0.000563867
4833 0.000526276
4834 0.000526276
4835 0.000526276
4836 0.000526276
4837 0.000526276
4838 0.000526276
4839 0.000526276
4840 0.000526276
4841 0.000526276
4842 0.000526276
4843 0.000526276
4844 0.000526276
4845 0.000526276
4846 0.000526276
4847 0.000526276
4848 0.000526276
4849 0.000488685
4850 0.000488685
4851 0.000488685
4852 0.000488685
4853 0.000488685
4854 0.000488685
4855 0.000488685
4856 0.000488685
4857 0.000488685
4858 0.000488685
4859 0.000488685
4860 0.000488685
4861 0.000488685
4862 0.000488685
4863 0.000488685
4864 0.000488685
4865 0.000488685
4866 0.000488685
4867 0.000488685
4868 0.000488685
4869 0.000488685
4870 0.000488685
4871 0.000488685
4872 0.000488685
4873 0.000488685
4874 0.000488685
4875 0.000488685
4876 0.000488685
4877 0.000488685
4878 0.000488685
4879 0.000488685
4880 0.000488685
4881 0.000488685
4882 0.000488685
4883 0.000488685
4884 0.000488685
4885 0.000488685
4886 0.000488685
4887 0.000488685
4888 0.000488685
4889 0.000488685
4890 0.000488685
4891 0.000488685
4892 0.000488685
4893 0.000488685
4894 0.000488685
4895 0.000488685
4896 0.000488685
4897 0.000488685
4898 0.000488685
4899 0.000488685
4900 0.000488685
4901 0.000488685
4902 0.000488685
4903 0.000488685
4904 0.000488685
4905 0.000488685
4906 0.000488685
4907 0.000488685
4908 0.000488685
4909 0.000488685
4910 0.000488685
4911 0.000488685
4912 0.000488685
4913 0.000488685
4914 0.000488685
4915 0.000488685
4916 0.000488685
4917 0.000488685
4918 0.000488685
4919 0.000488685
4920 0.000488685
4921 0.000488685
4922 0.000488685
4923 0.000488685
4924 0.000488685
4925 0.000488685
4926 0.000488685
4927 0.000451094
4928 0.000451094
4929 0.000451094
4930 0.000451094
4931 0.000451094
4932 0.000451094
4933 0.000451094
4934 0.000451094
4935 0.000451094
4936 0.000451094
4937 0.000413503
4938 0.000413503
4939 0.000413503
4940 0.000413503
4941 0.000413503
4942 0.000413503
4943 0.000375912
4944 0.000375912
4945 0.000375912
4946 0.000375912
4947 0.000375912
4948 0.000375912
4949 0.000375912
4950 0.000375912
4951 0.000375912
4952 0.000375912
4953 0.000375912
4954 0.000375912
4955 0.000375912
4956 0.000375912
4957 0.000375912
4958 0.000375912
4959 0.000375912
4960 0.000375912
4961 0.000375912
4962 0.000375912
4963 0.000375912
4964 0.000375912
4965 0.000375912
4966 0.000375912
4967 0.000375912
4968 0.000375912
4969 0.000375912
4970 0.000375912
4971 0.000375912
4972 0.000375912
4973 0.000375912
4974 0.000375912
4975 0.000375912
4976 0.000375912
4977 0.000375912
4978 0.000375912
4979 0.000375912
4980 0.000375912
4981 0.000375912
4982 0.000375912
4983 0.000375912
4984 0.000375912
4985 0.000375912
4986 0.000375912
4987 0.000375912
4988 0.000375912
4989 0.000375912
4990 0.000375912
4991 0.000375912
4992 0.000375912
4993 0.000375912
4994 0.000375912
4995 0.000375912
4996 0.000375912
4997 0.000375912
4998 0.000375912
4999 0.000375912
5000 0.000375912
5001 0.000375912
5002 0.000375912
5003 0.000375912
5004 0.000375912
5005 0.000375912
5006 0.000375912
5007 0.000375912
5008 0.000375912
5009 0.000375912
5010 0.000375912
5011 0.000375912
5012 0.000375912
5013 0.000375912
5014 0.000375912
5015 0.000375912
5016 0.000375912
5017 0.000375912
5018 0.000375912
5019 0.000375912
5020 0.000375912
5021 0.000375912
5022 0.000375912
5023 0.000375912
5024 0.000375912
5025 0.000375912
5026 0.000375912
5027 0.000375912
5028 0.000375912
5029 0.000375912
5030 0.000375912
5031 0.000375912
5032 0.000375912
5033 0.000375912
5034 0.000375912
5035 0.000375912
5036 0.000375912
5037 0.000375912
5038 0.000375912
5039 0.000375912
5040 0.000375912
5041 0.000375912
5042 0.000375912
5043 0.000375912
5044 0.000375912
5045 0.000375912
5046 0.000375912
5047 0.000375912
5048 0.000375912
5049 0.000375912
5050 0.000375912
5051 0.000375912
5052 0.000375912
5053 0.000375912
5054 0.000375912
5055 0.000375912
5056 0.000375912
5057 0.000375912
5058 0.000375912
5059 0.000375912
5060 0.000375912
5061 0.000375912
5062 0.000375912
5063 0.000375912
5064 0.000375912
5065 0.000375912
5066 0.000375912
5067 0.000375912
5068 0.000375912
5069 0.000375912
5070 0.000375912
5071 0.000375912
5072 0.000375912
5073 0.000375912
5074 0.000375912
5075 0.000375912
5076 0.000375912
5077 0.000375912
5078 0.000375912
5079 0.000375912
5080 0.000375912
5081 0.00033832
5082 0.00033832
5083 0.00033832
5084 0.00033832
5085 0.00033832
5086 0.00033832
5087 0.00033832
5088 0.00033832
5089 0.00033832
5090 0.00033832
5091 0.00033832
5092 0.00033832
5093 0.00033832
5094 0.00033832
5095 0.00033832
5096 0.00033832
5097 0.00033832
5098 0.00033832
5099 0.00033832
5100 0.00033832
5101 0.00033832
5102 0.00033832
5103 0.00033832
5104 0.00033832
5105 0.00033832
5106 0.00033832
5107 0.00033832
5108 0.00033832
5109 0.00033832
5110 0.00033832
5111 0.00033832
5112 0.00033832
5113 0.00033832
5114 0.00033832
5115 0.00033832
5116 0.00033832
5117 0.00033832
5118 0.00033832
5119 0.00033832
5120 0.00033832
5121 0.00033832
5122 0.00033832
5123 0.00033832
5124 0.00033832
5125 0.00033832
5126 0.00033832
5127 0.00033832
5128 0.00033832
5129 0.00033832
5130 0.00033832
5131 0.00033832
5132 0.00033832
5133 0.00033832
5134 0.00033832
5135 0.00033832
5136 0.00033832
5137 0.00033832
5138 0.00033832
5139 0.00033832
5140 0.00033832
5141 0.00033832
5142 0.00033832
5143 0.00033832
5144 0.00033832
5145 0.00033832
5146 0.00033832
5147 0.00033832
5148 0.00033832
5149 0.00033832
5150 0.00033832
5151 0.00033832
5152 0.00033832
5153 0.00033832
5154 0.00033832
5155 0.00033832
5156 0.00033832
5157 0.00033832
5158 0.00033832
5159 0.00033832
5160 0.00033832
5161 0.00033832
5162 0.00033832
5163 0.00033832
5164 0.00033832
5165 0.00033832
5166 0.00033832
5167 0.00033832
5168 0.00033832
5169 0.00033832
5170 0.00033832
5171 0.00033832
5172 0.00033832
5173 0.00033832
5174 0.00033832
5175 0.00033832
5176 0.00033832
5177 0.00033832
5178 0.00033832
5179 0.00033832
5180 0.00033832
5181 0.00033832
5182 0.00033832
5183 0.00033832
5184 0.00033832
5185 0.00033832
5186 0.00033832
5187 0.00033832
5188 0.00033832
5189 0.00033832
5190 0.00033832
5191 0.00033832
5192 0.00033832
5193 0.00033832
5194 0.00033832
5195 0.00033832
5196 0.00033832
5197 0.00033832
5198 0.00033832
5199 0.00033832
5200 0.00033832
5201 0.00033832
5202 0.00033832
5203 0.00033832
5204 0.00033832
5205 0.00033832
5206 0.00033832
5207 0.00033832
5208 0.00033832
5209 0.00033832
5210 0.00033832
5211 0.00033832
5212 0.00033832
5213 0.00033832
5214 0.00033832
5215 0.00033832
5216 0.00033832
5217 0.00033832
5218 0.00033832
5219 0.00033832
5220 0.00033832
5221 0.00033832
5222 0.00033832
5223 0.00033832
5224 0.00033832
5225 0.00033832
5226 0.00033832
5227 0.00033832
5228 0.00033832
5229 0.00033832
5230 0.00033832
5231 0.00033832
5232 0.00033832
5233 0.000300729
5234 0.000300729
5235 0.000300729
5236 0.000300729
5237 0.000300729
5238 0.000300729
5239 0.000300729
5240 0.000300729
5241 0.000300729
5242 0.000300729
5243 0.000300729
5244 0.000300729
5245 0.000300729
5246 0.000300729
5247 0.000300729
5248 0.000300729
5249 0.000300729
5250 0.000300729
5251 0.000300729
5252 0.000300729
5253 0.000300729
5254 0.000300729
5255 0.000300729
5256 0.000300729
5257 0.000300729
5258 0.000300729
5259 0.000300729
5260 0.000300729
5261 0.000300729
5262 0.000300729
5263 0.000300729
5264 0.000300729
5265 0.000300729
5266 0.000300729
5267 0.000300729
5268 0.000300729
5269 0.000300729
5270 0.000300729
5271 0.000263138
5272 0.000263138
5273 0.000263138
5274 0.000263138
5275 0.000263138
5276 0.000263138
5277 0.000263138
5278 0.000263138
5279 0.000263138
5280 0.000263138
5281 0.000263138
5282 0.000263138
5283 0.000263138
5284 0.000263138
5285 0.000263138
5286 0.000263138
5287 0.000263138
5288 0.000263138
5289 0.000263138
5290 0.000263138
5291 0.000263138
5292 0.000263138
5293 0.000263138
5294 0.000263138
5295 0.000263138
5296 0.000263138
5297 0.000263138
5298 0.000263138
5299 0.000263138
5300 0.000263138
5301 0.000263138
5302 0.000263138
5303 0.000263138
5304 0.000263138
5305 0.000263138
5306 0.000263138
5307 0.000263138
5308 0.000263138
5309 0.000263138
5310 0.000263138
5311 0.000263138
5312 0.000263138
5313 0.000263138
5314 0.000263138
5315 0.000263138
5316 0.000263138
5317 0.000263138
5318 0.000263138
5319 0.000263138
5320 0.000263138
5321 0.000263138
5322 0.000263138
5323 0.000263138
5324 0.000263138
5325 0.000263138
5326 0.000263138
5327 0.000263138
5328 0.000263138
5329 0.000263138
5330 0.000263138
5331 0.000263138
5332 0.000263138
5333 0.000263138
5334 0.000263138
5335 0.000263138
5336 0.000263138
5337 0.000263138
5338 0.000263138
5339 0.000263138
5340 0.000263138
5341 0.000263138
5342 0.000263138
5343 0.000263138
5344 0.000263138
5345 0.000263138
5346 0.000263138
5347 0.000263138
5348 0.000263138
5349 0.000263138
5350 0.000263138
5351 0.000263138
5352 0.000263138
5353 0.000225547
5354 0.000225547
5355 0.000225547
5356 0.000225547
5357 0.000225547
5358 0.000225547
5359 0.000225547
5360 0.000225547
5361 0.000225547
5362 0.000225547
5363 0.000225547
5364 0.000225547
5365 0.000225547
5366 0.000225547
5367 0.000225547
5368 0.000225547
5369 0.000225547
5370 0.000225547
5371 0.000225547
5372 0.000225547
5373 0.000225547
5374 0.000225547
5375 0.000225547
5376 0.000225547
5377 0.000225547
5378 0.000225547
5379 0.000225547
5380 0.000225547
5381 0.000225547
5382 0.000225547
5383 0.000225547
5384 0.000225547
5385 0.000225547
5386 0.000225547
5387 0.000225547
5388 0.000225547
5389 0.000225547
5390 0.000225547
5391 0.000225547
5392 0.000225547
5393 0.000225547
5394 0.000225547
5395 0.000225547
5396 0.000225547
5397 0.000225547
5398 0.000225547
5399 0.000225547
5400 0.000225547
5401 0.000225547
5402 0.000225547
5403 0.000225547
5404 0.000225547
5405 0.000225547
5406 0.000225547
5407 0.000225547
5408 0.000225547
5409 0.000225547
5410 0.000225547
5411 0.000225547
5412 0.000225547
5413 0.000225547
5414 0.000225547
5415 0.000225547
5416 0.000225547
5417 0.000225547
5418 0.000225547
5419 0.000225547
5420 0.000225547
5421 0.000225547
5422 0.000225547
5423 0.000225547
5424 0.000225547
5425 0.000225547
5426 0.000225547
5427 0.000225547
5428 0.000225547
5429 0.000225547
5430 0.000225547
5431 0.000187956
5432 0.000187956
5433 0.000187956
5434 0.000187956
5435 0.000187956
5436 0.000187956
5437 0.000187956
5438 0.000187956
5439 0.000187956
5440 0.000187956
5441 0.000187956
5442 0.000187956
5443 0.000187956
5444 0.000187956
5445 0.000187956
5446 0.000187956
5447 0.000187956
5448 0.000187956
5449 0.000187956
5450 0.000187956
5451 0.000187956
5452 0.000187956
5453 0.000187956
5454 0.000187956
5455 0.000187956
5456 0.000187956
5457 0.000187956
5458 0.000187956
5459 0.000187956
5460 0.000187956
5461 0.000187956
5462 0.000187956
5463 0.000187956
5464 0.000187956
5465 0.000187956
5466 0.000187956
5467 0.000187956
5468 0.000187956
5469 0.000187956
5470 0.000187956
5471 0.000187956
5472 0.000187956
5473 0.000187956
5474 0.000187956
5475 0.000187956
5476 0.000187956
5477 0.000187956
5478 0.000187956
5479 0.000187956
5480 0.000187956
5481 0.000187956
5482 0.000187956
5483 0.000187956
5484 0.000187956
5485 0.000187956
5486 0.000187956
5487 0.000187956
5488 0.000187956
5489 0.000187956
5490 0.000187956
5491 0.000187956
5492 0.000187956
5493 0.000187956
5494 0.000187956
5495 0.000187956
5496 0.000187956
5497 0.000187956
5498 0.000187956
5499 0.000187956
5500 0.000187956
5501 0.000187956
5502 0.000187956
5503 0.000187956
5504 0.000187956
5505 0.000187956
5506 0.000187956
5507 0.000187956
5508 0.000187956
5509 0.000187956
5510 0.000187956
5511 0.000187956
5512 0.000187956
5513 0.000187956
5514 0.000187956
5515 0.000187956
5516 0.000187956
5517 0.000187956
5518 0.000187956
5519 0.000187956
5520 0.000187956
5521 0.000187956
5522 0.000187956
5523 0.000187956
5524 0.000187956
5525 0.000187956
5526 0.000187956
5527 0.000187956
5528 0.000187956
5529 0.000187956
5530 0.000187956
5531 0.000187956
5532 0.000187956
5533 0.000187956
5534 0.000187956
5535 0.000187956
5536 0.000187956
5537 0.000187956
5538 0.000187956
5539 0.000187956
5540 0.000187956
5541 0.000187956
5542 0.000187956
5543 0.000187956
5544 0.000187956
5545 0.000187956
5546 0.000187956
5547 0.000187956
5548 0.000187956
5549 0.000187956
5550 0.000187956
5551 0.000187956
5552 0.000187956
5553 0.000187956
5554 0.000187956
5555 0.000187956
5556 0.000187956
5557 0.000187956
5558 0.000187956
5559 0.000187956
5560 0.000187956
5561 0.000187956
5562 0.000187956
5563 0.000187956
5564 0.000187956
5565 0.000187956
5566 0.000187956
5567 0.000187956
5568 0.000187956
5569 0.000187956
5570 0.000187956
5571 0.000187956
5572 0.000187956
5573 0.000187956
5574 0.000187956
5575 0.000187956
5576 0.000187956
5577 0.000187956
5578 0.000187956
5579 0.000187956
5580 0.000187956
5581 0.000187956
5582 0.000187956
5583 0.000187956
5584 0.000187956
5585 0.000187956
5586 0.000187956
5587 0.000187956
5588 0.000187956
5589 0.000187956
5590 0.000187956
5591 0.000187956
5592 0.000187956
5593 0.000187956
5594 0.000187956
5595 0.000187956
5596 0.000187956
5597 0.000187956
5598 0.000187956
5599 0.000187956
5600 0.000187956
5601 0.000187956
5602 0.000187956
5603 0.000187956
5604 0.000187956
5605 0.000187956
5606 0.000187956
5607 0.000187956
5608 0.000187956
5609 0.000150365
5610 0.000150365
5611 0.000150365
5612 0.000150365
5613 0.000150365
5614 0.000150365
5615 0.000150365
5616 0.000150365
5617 0.000150365
5618 0.000150365
5619 0.000150365
5620 0.000150365
5621 0.000150365
5622 0.000150365
5623 0.000150365
5624 0.000150365
5625 0.000150365
5626 0.000150365
5627 0.000150365
5628 0.000150365
5629 0.000150365
5630 0.000150365
5631 0.000150365
5632 0.000150365
5633 0.000150365
5634 0.000150365
5635 0.000150365
5636 0.000150365
5637 0.000150365
5638 0.000150365
5639 0.000150365
5640 0.000150365
5641 0.000150365
5642 0.000150365
5643 0.000150365
5644 0.000150365
5645 0.000150365
5646 0.000150365
5647 0.000150365
5648 0.000150365
5649 0.000150365
5650 0.000150365
5651 0.000150365
5652 0.000150365
5653 0.000150365
5654 0.000150365
5655 0.000150365
5656 0.000150365
5657 0.000150365
5658 0.000150365
5659 0.000150365
5660 0.000150365
5661 0.000150365
5662 0.000150365
5663 0.000150365
5664 0.000150365
5665 0.000150365
5666 0.000150365
5667 0.000150365
5668 0.000150365
5669 0.000150365
5670 0.000150365
5671 0.000150365
5672 0.000150365
5673 0.000150365
5674 0.000150365
5675 0.000150365
5676 0.000150365
5677 0.000150365
5678 0.000150365
5679 0.000150365
5680 0.000150365
5681 0.000150365
5682 0.000150365
5683 0.000150365
5684 0.000150365
5685 0.000150365
5686 0.000150365
5687 0.000150365
5688 0.000150365
5689 0.000150365
5690 0.000150365
5691 0.000150365
5692 0.000150365
5693 0.000150365
5694 0.000150365
5695 0.000150365
5696 0.000150365
5697 0.000150365
5698 0.000150365
5699 0.000150365
5700 0.000150365
5701 0.000150365
5702 0.000150365
5703 0.000150365
5704 0.000150365
5705 0.000150365
5706 0.000150365
5707 0.000150365
5708 0.000150365
5709 0.000150365
5710 0.000150365
5711 0.000150365
5712 0.000150365
5713 0.000150365
5714 0.000150365
5715 0.000150365
5716 0.000150365
5717 0.000150365
5718 0.000150365
5719 0.000150365
5720 0.000150365
5721 0.000150365
5722 0.000150365
5723 0.000150365
5724 0.000150365
5725 0.000150365
5726 0.000150365
5727 0.000150365
5728 0.000150365
5729 0.000150365
5730 0.000150365
5731 0.000150365
5732 0.000150365
5733 0.000150365
5734 0.000150365
5735 0.000150365
5736 0.000150365
5737 0.000150365
5738 0.000150365
5739 0.000150365
5740 0.000150365
5741 0.000150365
5742 0.000150365
5743 0.000150365
5744 0.000150365
5745 0.000150365
5746 0.000150365
5747 0.000150365
5748 0.000150365
5749 0.000150365
5750 0.000150365
5751 0.000150365
5752 0.000150365
5753 0.000150365
5754 0.000150365
5755 0.000150365
5756 0.000150365
5757 0.000150365
5758 0.000150365
5759 0.000150365
5760 0.000150365
5761 0.000150365
5762 0.000150365
5763 0.000150365
5764 0.000150365
5765 0.000150365
5766 0.000150365
5767 0.000150365
5768 0.000150365
5769 0.000150365
5770 0.000150365
5771 0.000150365
5772 0.000150365
5773 0.000150365
5774 0.000150365
5775 0.000150365
5776 0.000150365
5777 0.000150365
5778 0.000150365
5779 0.000150365
5780 0.000150365
5781 0.000150365
5782 0.000150365
5783 0.000150365
5784 0.000150365
5785 0.000112773
5786 0.000112773
5787 0.000112773
5788 0.000112773
5789 0.000112773
5790 0.000112773
5791 0.000112773
5792 0.000112773
5793 0.000112773
5794 0.000112773
5795 0.000112773
5796 0.000112773
5797 0.000112773
5798 0.000112773
5799 0.000112773
5800 0.000112773
5801 0.000112773
5802 0.000112773
5803 0.000112773
5804 0.000112773
5805 0.000112773
5806 0.000112773
5807 0.000112773
5808 0.000112773
5809 0.000112773
5810 0.000112773
5811 0.000112773
5812 0.000112773
5813 0.000112773
5814 0.000112773
5815 0.000112773
5816 0.000112773
5817 0.000112773
5818 0.000112773
5819 0.000112773
5820 0.000112773
5821 0.000112773
5822 0.000112773
5823 0.000112773
5824 0.000112773
5825 0.000112773
5826 0.000112773
5827 0.000112773
5828 0.000112773
5829 0.000112773
5830 0.000112773
5831 0.000112773
5832 0.000112773
5833 0.000112773
5834 0.000112773
5835 0.000112773
5836 0.000112773
5837 0.000112773
5838 0.000112773
5839 0.000112773
5840 0.000112773
5841 0.000112773
5842 0.000112773
5843 0.000112773
5844 0.000112773
5845 0.000112773
5846 0.000112773
5847 0.000112773
5848 0.000112773
5849 7.51823e-05
5850 7.51823e-05
5851 7.51823e-05
5852 7.51823e-05
5853 7.51823e-05
5854 7.51823e-05
5855 7.51823e-05
5856 7.51823e-05
5857 7.51823e-05
5858 7.51823e-05
5859 7.51823e-05
5860 7.51823e-05
5861 7.51823e-05
5862 7.51823e-05
5863 7.51823e-05
5864 7.51823e-05
5865 7.51823e-05
5866 7.51823e-05
5867 7.51823e-05
5868 7.51823e-05
5869 7.51823e-05
5870 7.51823e-05
5871 7.51823e-05
5872 7.51823e-05
5873 7.51823e-05
5874 7.51823e-05
5875 7.51823e-05
5876 7.51823e-05
5877 7.51823e-05
5878 7.51823e-05
5879 7.51823e-05
5880 7.51823e-05
5881 7.51823e-05
5882 7.51823e-05
5883 7.51823e-05
5884 7.51823e-05
5885 7.51823e-05
5886 7.51823e-05
5887 7.51823e-05
5888 7.51823e-05
5889 7.51823e-05
5890 7.51823e-05
5891 7.51823e-05
5892 7.51823e-05
5893 7.51823e-05
5894 7.51823e-05
5895 7.51823e-05
5896 7.51823e-05
5897 7.51823e-05
5898 7.51823e-05
5899 7.51823e-05
5900 7.51823e-05
5901 7.51823e-05
5902 7.51823e-05
5903 7.51823e-05
5904 7.51823e-05
5905 7.51823e-05
5906 7.51823e-05
5907 7.51823e-05
5908 7.51823e-05
5909 7.51823e-05
5910 7.51823e-05
5911 7.51823e-05
5912 7.51823e-05
5913 7.51823e-05
5914 7.51823e-05
5915 7.51823e-05
5916 7.51823e-05
5917 7.51823e-05
5918 7.51823e-05
5919 7.51823e-05
5920 7.51823e-05
5921 7.51823e-05
5922 7.51823e-05
5923 7.51823e-05
5924 7.51823e-05
5925 7.51823e-05
5926 7.51823e-05
5927 7.51823e-05
5928 7.51823e-05
5929 7.51823e-05
5930 7.51823e-05
5931 7.51823e-05
5932 7.51823e-05
5933 7.51823e-05
5934 7.51823e-05
5935 7.51823e-05
5936 7.51823e-05
5937 7.51823e-05
5938 7.51823e-05
5939 7.51823e-05
5940 7.51823e-05
5941 7.51823e-05
5942 7.51823e-05
5943 7.51823e-05
5944 7.51823e-05
5945 7.51823e-05
5946 7.51823e-05
5947 7.51823e-05
5948 7.51823e-05
5949 7.51823e-05
5950 7.51823e-05
5951 7.51823e-05
5952 7.51823e-05
5953 3.75912e-05
5954 3.75912e-05
5955 3.75912e-05
5956 3.75912e-05
5957 3.75912e-05
5958 3.75912e-05
5959 3.75912e-05
5960 3.75912e-05
5961 3.75912e-05
5962 3.75912e-05
5963 3.75912e-05
5964 3.75912e-05
5965 3.75912e-05
5966 3.75912e-05
5967 3.75912e-05
5968 3.75912e-05
5969 3.75912e-05
5970 3.75912e-05
5971 3.75912e-05
5972 3.75912e-05
5973 3.75912e-05
5974 3.75912e-05
5975 3.75912e-05
5976 3.75912e-05
5977 3.75912e-05
5978 3.75912e-05
5979 3.75912e-05
5980 3.75912e-05
5981 3.75912e-05
5982 3.75912e-05
5983 3.75912e-05
5984 3.75912e-05
5985 3.75912e-05
5986 3.75912e-05
5987 3.75912e-05
5988 3.75912e-05
5989 3.75912e-05
5990 3.75912e-05
5991 3.75912e-05
5992 3.75912e-05
5993 3.75912e-05
5994 3.75912e-05
5995 3.75912e-05
5996 3.75912e-05
5997 3.75912e-05
5998 3.75912e-05
5999 3.75912e-05
6000 3.75912e-05
6001 3.75912e-05
6002 3.75912e-05
6003 3.75912e-05
6004 3.75912e-05
6005 3.75912e-05
6006 3.75912e-05
6007 3.75912e-05
6008 3.75912e-05
6009 3.75912e-05
6010 3.75912e-05
6011 3.75912e-05
6012 3.75912e-05
6013 3.75912e-05
6014 3.75912e-05
6015 3.75912e-05
6016 3.75912e-05
6017 3.75912e-05
6018 3.75912e-05
6019 3.75912e-05
6020 3.75912e-05
6021 3.75912e-05
6022 3.75912e-05
6023 3.75912e-05
6024 3.75912e-05
6025 3.75912e-05
6026 3.75912e-05
6027 3.75912e-05
6028 3.75912e-05
6029 3.75912e-05
6030 3.75912e-05
6031 3.75912e-05
6032 3.75912e-05
6033 3.75912e-05
6034 3.75912e-05
6035 3.75912e-05
6036 3.75912e-05
6037 3.75912e-05
6038 3.75912e-05
6039 3.75912e-05
6040 3.75912e-05
6041 3.75912e-05
6042 3.75912e-05
6043 3.75912e-05
6044 3.75912e-05
6045 3.75912e-05
6046 3.75912e-05
6047 3.75912e-05
6048 3.75912e-05
6049 3.75912e-05
6050 3.75912e-05
6051 3.75912e-05
6052 3.75912e-05
6053 3.75912e-05
6054 3.75912e-05
6055 3.75912e-05
6056 3.75912e-05
6057 3.75912e-05
6058 3.75912e-05
6059 3.75912e-05
6060 3.75912e-05
6061 3.75912e-05
6062 3.75912e-05
6063 3.75912e-05
6064 3.75912e-05
6065 3.75912e-05
6066 3.75912e-05
6067 3.75912e-05
6068 3.75912e-05
6069 3.75912e-05
6070 3.75912e-05
6071 3.75912e-05
6072 3.75912e-05
6073 3.75912e-05
6074 3.75912e-05
6075 3.75912e-05
6076 3.75912e-05
6077 3.75912e-05
6078 3.75912e-05
6079 3.75912e-05
6080 3.75912e-05
6081 3.75912e-05
6082 3.75912e-05
6083 3.75912e-05
6084 3.75912e-05
6085 3.75912e-05
6086 3.75912e-05
6087 3.75912e-05
6088 3.75912e-05
6089 3.75912e-05
6090 3.75912e-05
6091 3.75912e-05
6092 3.75912e-05
6093 3.75912e-05
6094 3.75912e-05
6095 3.75912e-05
6096 3.75912e-05
6097 3.75912e-05
6098 3.75912e-05
6099 3.75912e-05
6100 3.75912e-05
6101 3.75912e-05
6102 3.75912e-05
6103 3.75912e-05
6104 3.75912e-05
6105 3.75912e-05
6106 3.75912e-05
6107 3.75912e-05
6108 3.75912e-05
6109 3.75912e-05
6110 3.75912e-05
6111 3.75912e-05
6112 3.75912e-05
6113 3.75912e-05
6114 3.75912e-05
6115 3.75912e-05
6116 3.75912e-05
6117 3.75912e-05
6118 3.75912e-05
6119 3.75912e-05
6120 3.75912e-05
6121 3.75912e-05
6122 3.75912e-05
6123 3.75912e-05
6124 3.75912e-05
6125 3.75912e-05
6126 3.75912e-05
6127 3.75912e-05
6128 3.75912e-05
6129 3.75912e-05
6130 3.75912e-05
6131 3.75912e-05
6132 3.75912e-05
6133 3.75912e-05
6134 3.75912e-05
6135 3.75912e-05
6136 3.75912e-05
6137 3.75912e-05
6138 3.75912e-05
6139 3.75912e-05
6140 3.75912e-05
6141 3.75912e-05
6142 3.75912e-05
6143 3.75912e-05
6144 3.75912e-05
6145 3.75912e-05
6146 3.75912e-05
6147 3.75912e-05
6148 3.75912e-05
6149 3.75912e-05
6150 3.75912e-05
6151 3.75912e-05
6152 3.75912e-05
6153 3.75912e-05
6154 3.75912e-05
6155 3.75912e-05
6156 3.75912e-05
6157 3.75912e-05
6158 3.75912e-05
6159 3.75912e-05
6160 3.75912e-05
6161 3.75912e-05
6162 3.75912e-05
6163 3.75912e-05
6164 3.75912e-05
6165 3.75912e-05
6166 3.75912e-05
6167 3.75912e-05
6168 3.75912e-05
6169 3.75912e-05
6170 3.75912e-05
6171 3.75912e-05
6172 3.75912e-05
6173 3.75912e-05
6174 3.75912e-05
6175 3.75912e-05
6176 3.75912e-05
6177 3.75912e-05
6178 3.75912e-05
6179 3.75912e-05
6180 3.75912e-05
6181 3.75912e-05
6182 3.75912e-05
6183 3.75912e-05
6184 3.75912e-05
6185 3.75912e-05
6186 3.75912e-05
6187 3.75912e-05
6188 3.75912e-05
6189 3.75912e-05
6190 3.75912e-05
6191 3.75912e-05
6192 3.75912e-05
6193 3.75912e-05
6194 3.75912e-05
6195 3.75912e-05
6196 3.75912e-05
6197 3.75912e-05
6198 3.75912e-05
6199 3.75912e-05
6200 3.75912e-05
6201 3.75912e-05
6202 3.75912e-05
6203 3.75912e-05
6204 3.75912e-05
6205 3.75912e-05
6206 3.75912e-05
6207 3.75912e-05
6208 3.75912e-05
6209 3.75912e-05
6210 3.75912e-05
6211 3.75912e-05
6212 3.75912e-05
6213 3.75912e-05
6214 3.75912e-05
6215 3.75912e-05
6216 3.75912e-05
6217 3.75912e-05
6218 3.75912e-05
6219 3.75912e-05
6220 3.75912e-05
6221 3.75912e-05
6222 3.75912e-05
6223 3.75912e-05
6224 3.75912e-05
6225 3.75912e-05
6226 3.75912e-05
6227 3.75912e-05
6228 3.75912e-05
6229 3.75912e-05
6230 3.75912e-05
6231 3.75912e-05
6232 3.75912e-05
6233 3.75912e-05
6234 3.75912e-05
6235 3.75912e-05
6236 3.75912e-05
6237 3.75912e-05
6238 3.75912e-05
6239 3.75912e-05
6240 3.75912e-05
6241 3.75912e-05
6242 3.75912e-05
6243 3.75912e-05
6244 3.75912e-05
6245 3.75912e-05
6246 3.75912e-05
6247 3.75912e-05
6248 3.75912e-05
6249 3.75912e-05
6250 3.75912e-05
6251 3.75912e-05
6252 3.75912e-05
6253 3.75912e-05
6254 3.75912e-05
6255 3.75912e-05
6256 3.75912e-05
6257 3.75912e-05
6258 3.75912e-05
6259 3.75912e-05
6260 3.75912e-05
6261 3.75912e-05
6262 3.75912e-05
6263 3.75912e-05
6264 3.75912e-05
6265 3.75912e-05
6266 3.75912e-05
6267 3.75912e-05
6268 3.75912e-05
6269 3.75912e-05
6270 3.75912e-05
6271 3.75912e-05
6272 3.75912e-05
6273 3.75912e-05
6274 3.75912e-05
6275 3.75912e-05
6276 3.75912e-05
6277 3.75912e-05
6278 3.75912e-05
6279 3.75912e-05
6280 3.75912e-05
6281 3.75912e-05
6282 3.75912e-05
6283 3.75912e-05
6284 3.75912e-05
6285 3.75912e-05
6286 3.75912e-05
6287 3.75912e-05
6288 3.75912e-05
6289 3.75912e-05
6290 3.75912e-05
6291 3.75912e-05
6292 3.75912e-05
6293 3.75912e-05
6294 3.75912e-05
6295 3.75912e-05
6296 3.75912e-05
