0 1
1 1
2 1
3 1
4 1
5 1
6 1
7 0.999963
8 0.999963
9 0.999963
10 0.999963
11 0.999963
12 0.999963
13 0.999963
14 0.999963
15 0.999963
16 0.999963
17 0.999963
18 0.999963
19 0.999963
20 0.999963
21 0.999963
22 0.999963
23 0.999888
24 0.999888
25 0.999888
26 0.999888
27 0.999888
28 0.999888
29 0.999888
30 0.999888
31 0.999776
32 0.999776
33 0.999776
34 0.999776
35 0.999776
36 0.999776
37 0.999776
38 0.999776
39 0.999627
40 0.999627
41 0.999627
42 0.999627
43 0.999627
44 0.999627
45 0.999627
46 0.999627
47 0.999478
48 0.999478
49 0.999478
50 0.999478
51 0.999478
52 0.999478
53 0.999478
54 0.999478
55 0.999441
56 0.999441
57 0.986699
58 0.986699
59 0.986699
60 0.986699
61 0.986699
62 0.986699
63 0.986439
64 0.986439
65 0.971462
66 0.971462
67 0.971462
68 0.971462
69 0.971462
70 0.971462
71 0.971275
72 0.971275
73 0.955292
74 0.955292
75 0.955292
76 0.955292
77 0.955292
78 0.955292
79 0.955031
80 0.955031
81 0.937484
82 0.937484
83 0.937484
84 0.937484
85 0.937484
86 0.937484
87 0.937223
88 0.937223
89 0.918706
90 0.918706
91 0.918706
92 0.918706
93 0.918706
94 0.918706
95 0.918669
96 0.918669
97 0.899035
98 0.899035
99 0.899035
100 0.899035
101 0.899035
102 0.899035
103 0.898961
104 0.898961
105 0.878693
106 0.878693
107 0.878693
108 0.878693
109 0.878693
110 0.878693
111 0.878507
112 0.878507
113 0.859841
114 0.859841
115 0.859841
116 0.859841
117 0.859841
118 0.859841
119 0.859469
120 0.859469
121 0.839313
122 0.839313
123 0.839313
124 0.839313
125 0.839313
126 0.839313
127 0.839052
128 0.839052
129 0.817518
130 0.817518
131 0.817518
132 0.817518
133 0.817518
134 0.817518
135 0.817369
136 0.817369
137 0.798592
138 0.798592
139 0.798592
140 0.798592
141 0.798592
142 0.798592
143 0.79848
144 0.79848
145 0.777914
146 0.777914
147 0.777914
148 0.777914
149 0.777914
150 0.777914
151 0.77784
152 0.77784
153 0.759584
154 0.759584
155 0.759584
156 0.759584
157 0.759584
158 0.759584
159 0.759361
160 0.759361
161 0.740099
162 0.740099
163 0.740099
164 0.740099
165 0.740099
166 0.740099
167 0.73995
168 0.73995
169 0.721918
170 0.721918
171 0.721918
172 0.721918
173 0.721918
174 0.721918
175 0.721843
176 0.721843
177 0.7037
178 0.7037
179 0.7037
180 0.7037
181 0.7037
182 0.7037
183 0.703588
184 0.703588
185 0.68414
186 0.68414
187 0.68414
188 0.68414
189 0.68414
190 0.68414
191 0.684028
192 0.684028
193 0.666629
194 0.666629
195 0.666629
196 0.666629
197 0.666629
198 0.666629
199 0.666406
200 0.666406
201 0.648784
202 0.648784
203 0.648784
204 0.648784
205 0.648784
206 0.648784
207 0.648746
208 0.648746
209 0.631273
210 0.631273
211 0.631273
212 0.631273
213 0.631273
214 0.631273
215 0.631124
216 0.631124
217 0.615216
218 0.615216
219 0.615216
220 0.615216
221 0.615216
222 0.615216
223 0.615104
224 0.615104
225 0.598636
226 0.598636
227 0.598636
228 0.598636
229 0.598636
230 0.598636
231 0.598525
232 0.598525
233 0.582281
234 0.582281
235 0.582281
236 0.582281
237 0.582281
238 0.582281
239 0.582206
240 0.582206
241 0.568012
242 0.568012
243 0.568012
244 0.568012
245 0.568012
246 0.568012
247 0.567974
248 0.567974
249 0.553854
250 0.553854
251 0.553854
252 0.553854
253 0.553854
254 0.553854
255 0.553742
256 0.553742
257 0.539436
258 0.539436
259 0.539436
260 0.539436
261 0.539436
262 0.539436
263 0.539436
264 0.539436
265 0.526024
266 0.526024
267 0.526024
268 0.526024
269 0.526024
270 0.526024
271 0.525912
272 0.525912
273 0.512052
274 0.512052
275 0.512052
276 0.512052
277 0.512052
278 0.512052
279 0.511941
280 0.511941
281 0.498938
282 0.498938
283 0.498938
284 0.498938
285 0.498938
286 0.498938
287 0.498901
288 0.498901
289 0.487016
290 0.487016
291 0.487016
292 0.487016
293 0.487016
294 0.487016
295 0.486942
296 0.486942
297 0.474349
298 0.474349
299 0.474349
300 0.474349
301 0.474349
302 0.474349
303 0.474163
304 0.474163
305 0.462613
306 0.462613
307 0.462613
308 0.462613
309 0.462613
310 0.462613
311 0.462464
312 0.462464
313 0.450691
314 0.450691
315 0.450691
316 0.450691
317 0.450691
318 0.450691
319 0.450617
320 0.450617
321 0.438471
322 0.438471
323 0.438471
324 0.438471
325 0.438471
326 0.438471
327 0.438359
328 0.438359
329 0.426959
330 0.426959
331 0.426959
332 0.426959
333 0.426959
334 0.426959
335 0.426884
336 0.426884
337 0.415856
338 0.415856
339 0.415856
340 0.415856
341 0.415856
342 0.415856
343 0.415707
344 0.415707
345 0.406468
346 0.406468
347 0.406468
348 0.406468
349 0.406468
350 0.406468
351 0.406281
352 0.406281
353 0.396707
354 0.396707
355 0.396707
356 0.396707
357 0.396707
358 0.396707
359 0.396632
360 0.396632
361 0.386088
362 0.386088
363 0.386088
364 0.386088
365 0.386088
366 0.386088
367 0.385939
368 0.385939
369 0.376625
370 0.376625
371 0.376625
372 0.376625
373 0.376625
374 0.376625
375 0.376588
376 0.376588
377 0.36787
378 0.36787
379 0.36787
380 0.36787
381 0.36787
382 0.36787
383 0.367796
384 0.367796
385 0.358705
386 0.358705
387 0.358705
388 0.358705
389 0.358705
390 0.358705
391 0.35863
392 0.35863
393 0.34954
394 0.34954
395 0.34954
396 0.34954
397 0.34954
398 0.34954
399 0.349503
400 0.349503
401 0.341753
402 0.341753
403 0.341753
404 0.341753
405 0.341753
406 0.341753
407 0.34153
408 0.34153
409 0.33352
410 0.33352
411 0.33352
412 0.33352
413 0.33352
414 0.33352
415 0.333482
416 0.333482
417 0.326702
418 0.326702
419 0.326702
420 0.326702
421 0.326702
422 0.326702
423 0.326553
424 0.326553
425 0.319325
426 0.319325
427 0.319325
428 0.319325
429 0.319325
430 0.319325
431 0.319213
432 0.319213
433 0.312321
434 0.312321
435 0.312321
436 0.312321
437 0.312321
438 0.312321
439 0.312246
440 0.312246
441 0.303826
442 0.303826
443 0.303826
444 0.303826
445 0.303826
446 0.303826
447 0.303677
448 0.303677
449 0.296598
450 0.296598
451 0.296598
452 0.296598
453 0.296598
454 0.296598
455 0.296375
456 0.296375
457 0.289296
458 0.289296
459 0.289296
460 0.289296
461 0.289296
462 0.289296
463 0.289222
464 0.289222
465 0.283
466 0.283
467 0.283
468 0.283
469 0.283
470 0.283
471 0.282925
472 0.282925
473 0.276517
474 0.276517
475 0.276517
476 0.276517
477 0.276517
478 0.276517
479 0.276294
480 0.276294
481 0.271003
482 0.271003
483 0.271003
484 0.271003
485 0.271003
486 0.271003
487 0.270966
488 0.270966
489 0.264856
490 0.264856
491 0.264856
492 0.264856
493 0.264856
494 0.264856
495 0.264782
496 0.264782
497 0.258746
498 0.258746
499 0.258746
500 0.258746
501 0.258746
502 0.258746
503 0.258746
504 0.258746
505 0.253307
506 0.253307
507 0.253307
508 0.253307
509 0.253307
510 0.253307
511 0.253307
512 0.253307
513 0.247867
514 0.247867
515 0.247867
516 0.247867
517 0.247867
518 0.247867
519 0.247755
520 0.247755
521 0.242204
522 0.242204
523 0.242204
524 0.242204
525 0.242204
526 0.242204
527 0.241981
528 0.241981
529 0.23669
530 0.23669
531 0.23669
532 0.23669
533 0.23669
534 0.23669
535 0.236616
536 0.236616
537 0.231772
538 0.231772
539 0.231772
540 0.231772
541 0.231772
542 0.231772
543 0.231772
544 0.231772
545 0.226482
546 0.226482
547 0.226482
548 0.226482
549 0.226482
550 0.226482
551 0.226482
552 0.226482
553 0.221005
554 0.221005
555 0.221005
556 0.221005
557 0.221005
558 0.221005
559 0.220931
560 0.220931
561 0.215901
562 0.215901
563 0.215901
564 0.215901
565 0.215901
566 0.215901
567 0.215789
568 0.215789
569 0.211468
570 0.211468
571 0.211468
572 0.211468
573 0.211468
574 0.211468
575 0.211356
576 0.211356
577 0.207071
578 0.207071
579 0.207071
580 0.207071
581 0.207071
582 0.207071
583 0.206997
584 0.206997
585 0.202191
586 0.202191
587 0.202191
588 0.202191
589 0.202191
590 0.202191
591 0.202191
592 0.202191
593 0.197049
594 0.197049
595 0.197049
596 0.197049
597 0.197049
598 0.197049
599 0.197049
600 0.197049
601 0.192392
602 0.192392
603 0.192392
604 0.192392
605 0.192392
606 0.192392
607 0.192392
608 0.192392
609 0.18807
610 0.18807
611 0.18807
612 0.18807
613 0.18807
614 0.18807
615 0.187996
616 0.187996
617 0.184419
618 0.184419
619 0.184419
620 0.184419
621 0.184419
622 0.184419
623 0.18427
624 0.18427
625 0.180358
626 0.180358
627 0.180358
628 0.180358
629 0.180358
630 0.180358
631 0.180247
632 0.180247
633 0.176707
634 0.176707
635 0.176707
636 0.176707
637 0.176707
638 0.176707
639 0.176707
640 0.176707
641 0.173354
642 0.173354
643 0.173354
644 0.173354
645 0.173354
646 0.173354
647 0.17328
648 0.17328
649 0.169554
650 0.169554
651 0.169554
652 0.169554
653 0.169554
654 0.169554
655 0.169517
656 0.169517
657 0.16635
658 0.16635
659 0.16635
660 0.16635
661 0.16635
662 0.16635
663 0.166238
664 0.166238
665 0.162736
666 0.162736
667 0.162736
668 0.162736
669 0.162736
670 0.162736
671 0.162624
672 0.162624
673 0.158787
674 0.158787
675 0.158787
676 0.158787
677 0.158787
678 0.158787
679 0.158712
680 0.158712
681 0.155136
682 0.155136
683 0.155136
684 0.155136
685 0.155136
686 0.155136
687 0.155099
688 0.155099
689 0.151783
690 0.151783
691 0.151783
692 0.151783
693 0.151783
694 0.151783
695 0.151783
696 0.151783
697 0.148802
698 0.148802
699 0.148802
700 0.148802
701 0.148802
702 0.148802
703 0.148802
704 0.148802
705 0.145412
706 0.145412
707 0.145412
708 0.145412
709 0.145412
710 0.145412
711 0.145375
712 0.145375
713 0.142469
714 0.142469
715 0.142469
716 0.142469
717 0.142469
718 0.142469
719 0.142469
720 0.142469
721 0.139712
722 0.139712
723 0.139712
724 0.139712
725 0.139712
726 0.139712
727 0.139712
728 0.139712
729 0.136508
730 0.136508
731 0.136508
732 0.136508
733 0.136508
734 0.136508
735 0.13647
736 0.13647
737 0.133974
738 0.133974
739 0.133974
740 0.133974
741 0.133974
742 0.133974
743 0.133974
744 0.133974
745 0.130733
746 0.130733
747 0.130733
748 0.130733
749 0.130733
750 0.130733
751 0.130696
752 0.130696
753 0.128311
754 0.128311
755 0.128311
756 0.128311
757 0.128311
758 0.128311
759 0.128274
760 0.128274
761 0.125703
762 0.125703
763 0.125703
764 0.125703
765 0.125703
766 0.125703
767 0.125666
768 0.125666
769 0.122983
770 0.122983
771 0.122983
772 0.122983
773 0.122983
774 0.122983
775 0.122909
776 0.122909
777 0.120525
778 0.120525
779 0.120525
780 0.120525
781 0.120525
782 0.120525
783 0.120487
784 0.120487
785 0.117842
786 0.117842
787 0.117842
788 0.117842
789 0.117842
790 0.117842
791 0.117842
792 0.117842
793 0.115271
794 0.115271
795 0.115271
796 0.115271
797 0.115271
798 0.115271
799 0.115197
800 0.115197
801 0.112626
802 0.112626
803 0.112626
804 0.112626
805 0.112626
806 0.112626
807 0.112589
808 0.112589
809 0.110726
810 0.110726
811 0.110726
812 0.110726
813 0.110726
814 0.110726
815 0.110726
816 0.110726
817 0.10823
818 0.10823
819 0.10823
820 0.10823
821 0.10823
822 0.10823
823 0.108193
824 0.108193
825 0.106069
826 0.106069
827 0.106069
828 0.106069
829 0.106069
830 0.106069
831 0.106032
832 0.106032
833 0.103908
834 0.103908
835 0.103908
836 0.103908
837 0.103908
838 0.103908
839 0.103908
840 0.103908
841 0.10171
842 0.10171
843 0.10171
844 0.10171
845 0.10171
846 0.10171
847 0.101673
848 0.101673
849 0.0998472
850 0.0998472
851 0.0998472
852 0.0998472
853 0.0998472
854 0.0998472
855 0.0997727
856 0.0997727
857 0.0979099
858 0.0979099
859 0.0979099
860 0.0979099
861 0.0979099
862 0.0979099
863 0.0978354
864 0.0978354
865 0.0960471
866 0.0960471
867 0.0960471
868 0.0960471
869 0.0960471
870 0.0960471
871 0.0959726
872 0.0959726
873 0.0938117
874 0.0938117
875 0.0938117
876 0.0938117
877 0.0938117
878 0.0938117
879 0.0937745
880 0.0937745
881 0.0920234
882 0.0920234
883 0.0920234
884 0.0920234
885 0.0920234
886 0.0920234
887 0.0920234
888 0.0920234
889 0.0904959
890 0.0904959
891 0.0904959
892 0.0904959
893 0.0904959
894 0.0904959
895 0.0904959
896 0.0904959
897 0.0887076
898 0.0887076
899 0.0887076
900 0.0887076
901 0.0887076
902 0.0887076
903 0.0886703
904 0.0886703
905 0.0868447
906 0.0868447
907 0.0868447
908 0.0868447
909 0.0868447
910 0.0868447
911 0.0868075
912 0.0868075
913 0.0855035
914 0.0855035
915 0.0855035
916 0.0855035
917 0.0855035
918 0.0855035
919 0.085429
920 0.085429
921 0.0838642
922 0.0838642
923 0.0838642
924 0.0838642
925 0.0838642
926 0.0838642
927 0.0836407
928 0.0836407
929 0.0817034
930 0.0817034
931 0.0817034
932 0.0817034
933 0.0817034
934 0.0817034
935 0.0816661
936 0.0816661
937 0.0798778
938 0.0798778
939 0.0798778
940 0.0798778
941 0.0798778
942 0.0798778
943 0.0798405
944 0.0798405
945 0.077866
946 0.077866
947 0.077866
948 0.077866
949 0.077866
950 0.077866
951 0.077866
952 0.077866
953 0.0762267
954 0.0762267
955 0.0762267
956 0.0762267
957 0.0762267
958 0.0762267
959 0.0761522
960 0.0761522
961 0.0748854
962 0.0748854
963 0.0748854
964 0.0748854
965 0.0748854
966 0.0748854
967 0.0748482
968 0.0748482
969 0.0732834
970 0.0732834
971 0.0732834
972 0.0732834
973 0.0732834
974 0.0732834
975 0.0732462
976 0.0732462
977 0.0718677
978 0.0718677
979 0.0718677
980 0.0718677
981 0.0718677
982 0.0718677
983 0.0718677
984 0.0718677
985 0.0703774
986 0.0703774
987 0.0703774
988 0.0703774
989 0.0703774
990 0.0703774
991 0.0703774
992 0.0703774
993 0.0692225
994 0.0692225
995 0.0692225
996 0.0692225
997 0.0692225
998 0.0692225
999 0.0692225
1000 0.0692225
1001 0.0678812
1002 0.0678812
1003 0.0678812
1004 0.0678812
1005 0.0678812
1006 0.0678812
1007 0.067844
1008 0.067844
1009 0.0664282
1010 0.0664282
1011 0.0664282
1012 0.0664282
1013 0.0664282
1014 0.0664282
1015 0.0663537
1016 0.0663537
1017 0.0649007
1018 0.0649007
1019 0.0649007
1020 0.0649007
1021 0.0649007
1022 0.0649007
1023 0.0649007
1024 0.0649007
1025 0.063783
1026 0.063783
1027 0.063783
1028 0.063783
1029 0.063783
1030 0.063783
1031 0.063783
1032 0.063783
1033 0.0625163
1034 0.0625163
1035 0.0625163
1036 0.0625163
1037 0.0625163
1038 0.0625163
1039 0.0625163
1040 0.0625163
1041 0.0613241
1042 0.0613241
1043 0.0613241
1044 0.0613241
1045 0.0613241
1046 0.0613241
1047 0.0612868
1048 0.0612868
1049 0.0599083
1050 0.0599083
1051 0.0599083
1052 0.0599083
1053 0.0599083
1054 0.0599083
1055 0.0599083
1056 0.0599083
1057 0.0585671
1058 0.0585671
1059 0.0585671
1060 0.0585671
1061 0.0585671
1062 0.0585671
1063 0.0585299
1064 0.0585299
1065 0.057673
1066 0.057673
1067 0.057673
1068 0.057673
1069 0.057673
1070 0.057673
1071 0.0575984
1072 0.0575984
1073 0.0564435
1074 0.0564435
1075 0.0564435
1076 0.0564435
1077 0.0564435
1078 0.0564435
1079 0.0564062
1080 0.0564062
1081 0.0555866
1082 0.0555866
1083 0.0555866
1084 0.0555866
1085 0.0555866
1086 0.0555866
1087 0.0555493
1088 0.0555493
1089 0.0546179
1090 0.0546179
1091 0.0546179
1092 0.0546179
1093 0.0546179
1094 0.0546179
1095 0.0545807
1096 0.0545807
1097 0.0533512
1098 0.0533512
1099 0.0533512
1100 0.0533512
1101 0.0533512
1102 0.0533512
1103 0.0533512
1104 0.0533512
1105 0.0522335
1106 0.0522335
1107 0.0522335
1108 0.0522335
1109 0.0522335
1110 0.0522335
1111 0.0522335
1112 0.0522335
1113 0.0511903
1114 0.0511903
1115 0.0511903
1116 0.0511903
1117 0.0511903
1118 0.0511903
1119 0.0511531
1120 0.0511531
1121 0.0501472
1122 0.0501472
1123 0.0501472
1124 0.0501472
1125 0.0501472
1126 0.0501472
1127 0.0500727
1128 0.0500727
1129 0.0491785
1130 0.0491785
1131 0.0491785
1132 0.0491785
1133 0.0491785
1134 0.0491785
1135 0.0491412
1136 0.0491412
1137 0.0483961
1138 0.0483961
1139 0.0483961
1140 0.0483961
1141 0.0483961
1142 0.0483961
1143 0.0483589
1144 0.0483589
1145 0.0473902
1146 0.0473902
1147 0.0473902
1148 0.0473902
1149 0.0473902
1150 0.0473902
1151 0.0473902
1152 0.0473902
1153 0.046496
1154 0.046496
1155 0.046496
1156 0.046496
1157 0.046496
1158 0.046496
1159 0.046496
1160 0.046496
1161 0.0457136
1162 0.0457136
1163 0.0457136
1164 0.0457136
1165 0.0457136
1166 0.0457136
1167 0.0456764
1168 0.0456764
1169 0.0446705
1170 0.0446705
1171 0.0446705
1172 0.0446705
1173 0.0446705
1174 0.0446705
1175 0.0446705
1176 0.0446705
1177 0.0439999
1178 0.0439999
1179 0.0439999
1180 0.0439999
1181 0.0439999
1182 0.0439999
1183 0.0439626
1184 0.0439626
1185 0.043143
1186 0.043143
1187 0.043143
1188 0.043143
1189 0.043143
1190 0.043143
1191 0.043143
1192 0.043143
1193 0.0423606
1194 0.0423606
1195 0.0423606
1196 0.0423606
1197 0.0423606
1198 0.0423606
1199 0.0423606
1200 0.0423606
1201 0.0413546
1202 0.0413546
1203 0.0413546
1204 0.0413546
1205 0.0413546
1206 0.0413546
1207 0.0413546
1208 0.0413546
1209 0.0406468
1210 0.0406468
1211 0.0406468
1212 0.0406468
1213 0.0406468
1214 0.0406468
1215 0.0406468
1216 0.0406468
1217 0.0398644
1218 0.0398644
1219 0.0398644
1220 0.0398644
1221 0.0398644
1222 0.0398644
1223 0.0398644
1224 0.0398644
1225 0.039231
1226 0.039231
1227 0.039231
1228 0.039231
1229 0.039231
1230 0.039231
1231 0.039231
1232 0.039231
1233 0.0384486
1234 0.0384486
1235 0.0384486
1236 0.0384486
1237 0.0384486
1238 0.0384486
1239 0.0384486
1240 0.0384486
1241 0.0377035
1242 0.0377035
1243 0.0377035
1244 0.0377035
1245 0.0377035
1246 0.0377035
1247 0.0377035
1248 0.0377035
1249 0.0368839
1250 0.0368839
1251 0.0368839
1252 0.0368839
1253 0.0368839
1254 0.0368839
1255 0.0368839
1256 0.0368839
1257 0.0362133
1258 0.0362133
1259 0.0362133
1260 0.0362133
1261 0.0362133
1262 0.0362133
1263 0.036176
1264 0.036176
1265 0.0356172
1266 0.0356172
1267 0.0356172
1268 0.0356172
1269 0.0356172
1270 0.0356172
1271 0.0355799
1272 0.0355799
1273 0.034872
1274 0.034872
1275 0.034872
1276 0.034872
1277 0.034872
1278 0.034872
1279 0.034872
1280 0.034872
1281 0.0341642
1282 0.0341642
1283 0.0341642
1284 0.0341642
1285 0.0341642
1286 0.0341642
1287 0.0341269
1288 0.0341269
1289 0.0335308
1290 0.0335308
1291 0.0335308
1292 0.0335308
1293 0.0335308
1294 0.0335308
1295 0.0334935
1296 0.0334935
1297 0.0328229
1298 0.0328229
1299 0.0328229
1300 0.0328229
1301 0.0328229
1302 0.0328229
1303 0.0327857
1304 0.0327857
1305 0.032115
1306 0.032115
1307 0.032115
1308 0.032115
1309 0.032115
1310 0.032115
1311 0.0320778
1312 0.0320778
1313 0.0312954
1314 0.0312954
1315 0.0312954
1316 0.0312954
1317 0.0312954
1318 0.0312954
1319 0.0312954
1320 0.0312954
1321 0.0307738
1322 0.0307738
1323 0.0307738
1324 0.0307738
1325 0.0307738
1326 0.0307738
1327 0.0307366
1328 0.0307366
1329 0.0303267
1330 0.0303267
1331 0.0303267
1332 0.0303267
1333 0.0303267
1334 0.0303267
1335 0.030215
1336 0.030215
1337 0.0295816
1338 0.0295816
1339 0.0295816
1340 0.0295816
1341 0.0295816
1342 0.0295816
1343 0.0295816
1344 0.0295816
1345 0.0286875
1346 0.0286875
1347 0.0286875
1348 0.0286875
1349 0.0286875
1350 0.0286875
1351 0.0286502
1352 0.0286502
1353 0.0282031
1354 0.0282031
1355 0.0282031
1356 0.0282031
1357 0.0282031
1358 0.0282031
1359 0.0282031
1360 0.0282031
1361 0.027607
1362 0.027607
1363 0.027607
1364 0.027607
1365 0.027607
1366 0.027607
1367 0.0275325
1368 0.0275325
1369 0.0268991
1370 0.0268991
1371 0.0268991
1372 0.0268991
1373 0.0268991
1374 0.0268991
1375 0.0268991
1376 0.0268991
1377 0.0264148
1378 0.0264148
1379 0.0264148
1380 0.0264148
1381 0.0264148
1382 0.0264148
1383 0.0264148
1384 0.0264148
1385 0.0258932
1386 0.0258932
1387 0.0258932
1388 0.0258932
1389 0.0258932
1390 0.0258932
1391 0.025856
1392 0.025856
1393 0.0253344
1394 0.0253344
1395 0.0253344
1396 0.0253344
1397 0.0253344
1398 0.0253344
1399 0.0253344
1400 0.0253344
1401 0.0249246
1402 0.0249246
1403 0.0249246
1404 0.0249246
1405 0.0249246
1406 0.0249246
1407 0.0248873
1408 0.0248873
1409 0.0247383
1410 0.0247383
1411 0.0247383
1412 0.0247383
1413 0.0247383
1414 0.0247383
1415 0.0247383
1416 0.0247383
1417 0.0244775
1418 0.0244775
1419 0.0244775
1420 0.0244775
1421 0.0244775
1422 0.0244775
1423 0.0244775
1424 0.0244775
1425 0.0238814
1426 0.0238814
1427 0.0238814
1428 0.0238814
1429 0.0238814
1430 0.0238814
1431 0.0238069
1432 0.0238069
1433 0.023248
1434 0.023248
1435 0.023248
1436 0.023248
1437 0.023248
1438 0.023248
1439 0.023248
1440 0.023248
1441 0.0230617
1442 0.0230617
1443 0.0230617
1444 0.0230617
1445 0.0230617
1446 0.0230617
1447 0.0230617
1448 0.0230617
1449 0.0228009
1450 0.0228009
1451 0.0228009
1452 0.0228009
1453 0.0228009
1454 0.0228009
1455 0.0227637
1456 0.0227637
1457 0.0223539
1458 0.0223539
1459 0.0223539
1460 0.0223539
1461 0.0223539
1462 0.0223539
1463 0.0223539
1464 0.0223539
1465 0.0220558
1466 0.0220558
1467 0.0220558
1468 0.0220558
1469 0.0220558
1470 0.0220558
1471 0.0220186
1472 0.0220186
1473 0.021795
1474 0.021795
1475 0.021795
1476 0.021795
1477 0.021795
1478 0.021795
1479 0.021795
1480 0.021795
1481 0.021646
1482 0.021646
1483 0.021646
1484 0.021646
1485 0.021646
1486 0.021646
1487 0.021646
1488 0.021646
1489 0.0212362
1490 0.0212362
1491 0.0212362
1492 0.0212362
1493 0.0212362
1494 0.0212362
1495 0.0212362
1496 0.0212362
1497 0.0208636
1498 0.0208636
1499 0.0208636
1500 0.0208636
1501 0.0208636
1502 0.0208636
1503 0.0208636
1504 0.0208636
1505 0.0204538
1506 0.0204538
1507 0.0204538
1508 0.0204538
1509 0.0204538
1510 0.0204538
1511 0.0204538
1512 0.0204538
1513 0.0201185
1514 0.0201185
1515 0.0201185
1516 0.0201185
1517 0.0201185
1518 0.0201185
1519 0.0201185
1520 0.0201185
1521 0.0194479
1522 0.0194479
1523 0.0194479
1524 0.0194479
1525 0.0194479
1526 0.0194479
1527 0.0194106
1528 0.0194106
1529 0.019038
1530 0.019038
1531 0.019038
1532 0.019038
1533 0.019038
1534 0.019038
1535 0.019038
1536 0.019038
1537 0.0186655
1538 0.0186655
1539 0.0186655
1540 0.0186655
1541 0.0186655
1542 0.0186655
1543 0.0186282
1544 0.0186282
1545 0.0183674
1546 0.0183674
1547 0.0183674
1548 0.0183674
1549 0.0183674
1550 0.0183674
1551 0.0183674
1552 0.0183674
1553 0.0178086
1554 0.0178086
1555 0.0178086
1556 0.0178086
1557 0.0178086
1558 0.0178086
1559 0.0177713
1560 0.0177713
1561 0.0174733
1562 0.0174733
1563 0.0174733
1564 0.0174733
1565 0.0174733
1566 0.0174733
1567 0.0174733
1568 0.0174733
1569 0.017138
1570 0.017138
1571 0.017138
1572 0.017138
1573 0.017138
1574 0.017138
1575 0.017138
1576 0.017138
1577 0.0168399
1578 0.0168399
1579 0.0168399
1580 0.0168399
1581 0.0168399
1582 0.0168399
1583 0.0168027
1584 0.0168027
1585 0.0165419
1586 0.0165419
1587 0.0165419
1588 0.0165419
1589 0.0165419
1590 0.0165419
1591 0.0165419
1592 0.0165419
1593 0.0162438
1594 0.0162438
1595 0.0162438
1596 0.0162438
1597 0.0162438
1598 0.0162438
1599 0.0162438
1600 0.0162438
1601 0.0159458
1602 0.0159458
1603 0.0159458
1604 0.0159458
1605 0.0159458
1606 0.0159458
1607 0.0159458
1608 0.0159458
1609 0.0157222
1610 0.0157222
1611 0.0157222
1612 0.0157222
1613 0.0157222
1614 0.0157222
1615 0.0157222
1616 0.0157222
1617 0.0155359
1618 0.0155359
1619 0.0155359
1620 0.0155359
1621 0.0155359
1622 0.0155359
1623 0.0155359
1624 0.0155359
1625 0.0152379
1626 0.0152379
1627 0.0152379
1628 0.0152379
1629 0.0152379
1630 0.0152379
1631 0.0152006
1632 0.0152006
1633 0.0150143
1634 0.0150143
1635 0.0150143
1636 0.0150143
1637 0.0150143
1638 0.0150143
1639 0.0150143
1640 0.0150143
1641 0.0148281
1642 0.0148281
1643 0.0148281
1644 0.0148281
1645 0.0148281
1646 0.0148281
1647 0.0147908
1648 0.0147908
1649 0.01453
1650 0.01453
1651 0.01453
1652 0.01453
1653 0.01453
1654 0.01453
1655 0.01453
1656 0.01453
1657 0.0144182
1658 0.0144182
1659 0.0144182
1660 0.0144182
1661 0.0144182
1662 0.0144182
1663 0.0144182
1664 0.0144182
1665 0.0141202
1666 0.0141202
1667 0.0141202
1668 0.0141202
1669 0.0141202
1670 0.0141202
1671 0.0140829
1672 0.0140829
1673 0.0137849
1674 0.0137849
1675 0.0137849
1676 0.0137849
1677 0.0137849
1678 0.0137849
1679 0.0137849
1680 0.0137849
1681 0.0135613
1682 0.0135613
1683 0.0135613
1684 0.0135613
1685 0.0135613
1686 0.0135613
1687 0.0135613
1688 0.0135613
1689 0.0134123
1690 0.0134123
1691 0.0134123
1692 0.0134123
1693 0.0134123
1694 0.0134123
1695 0.0134123
1696 0.0134123
1697 0.0128907
1698 0.0128907
1699 0.0128907
1700 0.0128907
1701 0.0128907
1702 0.0128907
1703 0.0128907
1704 0.0128907
1705 0.0127417
1706 0.0127417
1707 0.0127417
1708 0.0127417
1709 0.0127417
1710 0.0127417
1711 0.0127417
1712 0.0127417
1713 0.0124809
1714 0.0124809
1715 0.0124809
1716 0.0124809
1717 0.0124809
1718 0.0124809
1719 0.0124809
1720 0.0124809
1721 0.0123319
1722 0.0123319
1723 0.0123319
1724 0.0123319
1725 0.0123319
1726 0.0123319
1727 0.0123319
1728 0.0123319
1729 0.0121829
1730 0.0121829
1731 0.0121829
1732 0.0121829
1733 0.0121829
1734 0.0121829
1735 0.0121456
1736 0.0121456
1737 0.0119593
1738 0.0119593
1739 0.0119593
1740 0.0119593
1741 0.0119593
1742 0.0119593
1743 0.0119593
1744 0.0119593
1745 0.0116613
1746 0.0116613
1747 0.0116613
1748 0.0116613
1749 0.0116613
1750 0.0116613
1751 0.0116613
1752 0.0116613
1753 0.011475
1754 0.011475
1755 0.011475
1756 0.011475
1757 0.011475
1758 0.011475
1759 0.0114377
1760 0.0114377
1761 0.0110652
1762 0.0110652
1763 0.0110652
1764 0.0110652
1765 0.0110652
1766 0.0110652
1767 0.0110652
1768 0.0110652
1769 0.0108044
1770 0.0108044
1771 0.0108044
1772 0.0108044
1773 0.0108044
1774 0.0108044
1775 0.0108044
1776 0.0108044
1777 0.0105808
1778 0.0105808
1779 0.0105808
1780 0.0105808
1781 0.0105808
1782 0.0105808
1783 0.0105808
1784 0.0105808
1785 0.0103945
1786 0.0103945
1787 0.0103945
1788 0.0103945
1789 0.0103945
1790 0.0103945
1791 0.0103573
1792 0.0103573
1793 0.0098357
1794 0.0098357
1795 0.0098357
1796 0.0098357
1797 0.0098357
1798 0.0098357
1799 0.00979844
1800 0.00979844
1801 0.00950039
1802 0.00950039
1803 0.00950039
1804 0.00950039
1805 0.00950039
1806 0.00950039
1807 0.00950039
1808 0.00950039
1809 0.0092396
1810 0.0092396
1811 0.0092396
1812 0.0092396
1813 0.0092396
1814 0.0092396
1815 0.0092396
1816 0.0092396
1817 0.00901606
1818 0.00901606
1819 0.00901606
1820 0.00901606
1821 0.00901606
1822 0.00901606
1823 0.00901606
1824 0.00901606
1825 0.00890429
1826 0.00890429
1827 0.00890429
1828 0.00890429
1829 0.00890429
1830 0.00890429
1831 0.00890429
1832 0.00890429
1833 0.00871801
1834 0.00871801
1835 0.00871801
1836 0.00871801
1837 0.00871801
1838 0.00871801
1839 0.00871801
1840 0.00871801
1841 0.00853172
1842 0.00853172
1843 0.00853172
1844 0.00853172
1845 0.00853172
1846 0.00853172
1847 0.00853172
1848 0.00853172
1849 0.00849447
1850 0.00849447
1851 0.00849447
1852 0.00849447
1853 0.00849447
1854 0.00849447
1855 0.00849447
1856 0.00849447
1857 0.00830819
1858 0.00830819
1859 0.00830819
1860 0.00830819
1861 0.00830819
1862 0.00830819
1863 0.00830819
1864 0.00830819
1865 0.00819642
1866 0.00819642
1867 0.00819642
1868 0.00819642
1869 0.00819642
1870 0.00819642
1871 0.00819642
1872 0.00819642
1873 0.00808465
1874 0.00808465
1875 0.00808465
1876 0.00808465
1877 0.00808465
1878 0.00808465
1879 0.00808465
1880 0.00808465
1881 0.00804739
1882 0.00804739
1883 0.00804739
1884 0.00804739
1885 0.00804739
1886 0.00804739
1887 0.00804739
1888 0.00804739
1889 0.00793562
1890 0.00793562
1891 0.00793562
1892 0.00793562
1893 0.00793562
1894 0.00793562
1895 0.00789836
1896 0.00789836
1897 0.00774934
1898 0.00774934
1899 0.00774934
1900 0.00774934
1901 0.00774934
1902 0.00774934
1903 0.00774934
1904 0.00774934
1905 0.00756306
1906 0.00756306
1907 0.00756306
1908 0.00756306
1909 0.00756306
1910 0.00756306
1911 0.00756306
1912 0.00756306
1913 0.00741403
1914 0.00741403
1915 0.00741403
1916 0.00741403
1917 0.00741403
1918 0.00741403
1919 0.00741403
1920 0.00741403
1921 0.00730226
1922 0.00730226
1923 0.00730226
1924 0.00730226
1925 0.00730226
1926 0.00730226
1927 0.00730226
1928 0.00730226
1929 0.00726501
1930 0.00726501
1931 0.00726501
1932 0.00726501
1933 0.00726501
1934 0.00726501
1935 0.00726501
1936 0.00726501
1937 0.00719049
1938 0.00719049
1939 0.00719049
1940 0.00719049
1941 0.00719049
1942 0.00719049
1943 0.00719049
1944 0.00719049
1945 0.00704147
1946 0.00704147
1947 0.00704147
1948 0.00704147
1949 0.00704147
1950 0.00704147
1951 0.00704147
1952 0.00704147
1953 0.00696695
1954 0.00696695
1955 0.00696695
1956 0.00696695
1957 0.00696695
1958 0.00696695
1959 0.00696695
1960 0.00696695
1961 0.00681793
1962 0.00681793
1963 0.00681793
1964 0.00681793
1965 0.00681793
1966 0.00681793
1967 0.00681793
1968 0.00681793
1969 0.00670616
1970 0.00670616
1971 0.00670616
1972 0.00670616
1973 0.00670616
1974 0.00670616
1975 0.00670616
1976 0.00670616
1977 0.0066689
1978 0.0066689
1979 0.0066689
1980 0.0066689
1981 0.0066689
1982 0.0066689
1983 0.0066689
1984 0.0066689
1985 0.00651988
1986 0.00651988
1987 0.00651988
1988 0.00651988
1989 0.00651988
1990 0.00651988
1991 0.00651988
1992 0.00651988
1993 0.00644536
1994 0.00644536
1995 0.00644536
1996 0.00644536
1997 0.00644536
1998 0.00644536
1999 0.00644536
2000 0.00644536
2001 0.00618457
2002 0.00618457
2003 0.00618457
2004 0.00618457
2005 0.00618457
2006 0.00618457
2007 0.00618457
2008 0.00618457
2009 0.00603554
2010 0.00603554
2011 0.00603554
2012 0.00603554
2013 0.00603554
2014 0.00603554
2015 0.00603554
2016 0.00603554
2017 0.00599829
2018 0.00599829
2019 0.00599829
2020 0.00599829
2021 0.00599829
2022 0.00599829
2023 0.00599829
2024 0.00599829
2025 0.00584926
2026 0.00584926
2027 0.00584926
2028 0.00584926
2029 0.00584926
2030 0.00584926
2031 0.00584926
2032 0.00584926
2033 0.00577475
2034 0.00577475
2035 0.00577475
2036 0.00577475
2037 0.00577475
2038 0.00577475
2039 0.00577475
2040 0.00577475
2041 0.00577475
2042 0.00577475
2043 0.00577475
2044 0.00577475
2045 0.00577475
2046 0.00577475
2047 0.00577475
2048 0.00577475
2049 0.00573749
2050 0.00573749
2051 0.00573749
2052 0.00573749
2053 0.00573749
2054 0.00573749
2055 0.00573749
2056 0.00573749
2057 0.00570023
2058 0.00570023
2059 0.00570023
2060 0.00570023
2061 0.00570023
2062 0.00570023
2063 0.00570023
2064 0.00570023
2065 0.00558847
2066 0.00558847
2067 0.00558847
2068 0.00558847
2069 0.00558847
2070 0.00558847
2071 0.00558847
2072 0.00558847
2073 0.00551395
2074 0.00551395
2075 0.00551395
2076 0.00551395
2077 0.00551395
2078 0.00551395
2079 0.00551395
2080 0.00551395
2081 0.00543944
2082 0.00543944
2083 0.00543944
2084 0.00543944
2085 0.00543944
2086 0.00543944
2087 0.00543944
2088 0.00543944
2089 0.00529041
2090 0.00529041
2091 0.00529041
2092 0.00529041
2093 0.00529041
2094 0.00529041
2095 0.00529041
2096 0.00529041
2097 0.0052159
2098 0.0052159
2099 0.0052159
2100 0.0052159
2101 0.0052159
2102 0.0052159
2103 0.00517864
2104 0.00517864
2105 0.00510413
2106 0.00510413
2107 0.00510413
2108 0.00510413
2109 0.00510413
2110 0.00510413
2111 0.00510413
2112 0.00510413
2113 0.00506688
2114 0.00506688
2115 0.00506688
2116 0.00506688
2117 0.00506688
2118 0.00506688
2119 0.00506688
2120 0.00506688
2121 0.00491785
2122 0.00491785
2123 0.00491785
2124 0.00491785
2125 0.00491785
2126 0.00491785
2127 0.00491785
2128 0.00491785
2129 0.00484334
2130 0.00484334
2131 0.00484334
2132 0.00484334
2133 0.00484334
2134 0.00484334
2135 0.00484334
2136 0.00484334
2137 0.00480608
2138 0.00480608
2139 0.00480608
2140 0.00480608
2141 0.00480608
2142 0.00480608
2143 0.00480608
2144 0.00480608
2145 0.00476882
2146 0.00476882
2147 0.00476882
2148 0.00476882
2149 0.00476882
2150 0.00476882
2151 0.00476882
2152 0.00476882
2153 0.00469431
2154 0.00469431
2155 0.00469431
2156 0.00469431
2157 0.00469431
2158 0.00469431
2159 0.00469431
2160 0.00469431
2161 0.00458254
2162 0.00458254
2163 0.00458254
2164 0.00458254
2165 0.00458254
2166 0.00458254
2167 0.00458254
2168 0.00458254
2169 0.00458254
2170 0.00458254
2171 0.00458254
2172 0.00458254
2173 0.00458254
2174 0.00458254
2175 0.00458254
2176 0.00458254
2177 0.00454529
2178 0.00454529
2179 0.00454529
2180 0.00454529
2181 0.00454529
2182 0.00454529
2183 0.00454529
2184 0.00454529
2185 0.00443352
2186 0.00443352
2187 0.00443352
2188 0.00443352
2189 0.00443352
2190 0.00443352
2191 0.00443352
2192 0.00443352
2193 0.00432175
2194 0.00432175
2195 0.00432175
2196 0.00432175
2197 0.00432175
2198 0.00432175
2199 0.00432175
2200 0.00432175
2201 0.00424723
2202 0.00424723
2203 0.00424723
2204 0.00424723
2205 0.00424723
2206 0.00424723
2207 0.00424723
2208 0.00424723
2209 0.00417272
2210 0.00417272
2211 0.00417272
2212 0.00417272
2213 0.00417272
2214 0.00417272
2215 0.00417272
2216 0.00417272
2217 0.00413546
2218 0.00413546
2219 0.00413546
2220 0.00413546
2221 0.00413546
2222 0.00413546
2223 0.00413546
2224 0.00413546
2225 0.00406095
2226 0.00406095
2227 0.00406095
2228 0.00406095
2229 0.00406095
2230 0.00406095
2231 0.00406095
2232 0.00406095
2233 0.00398644
2234 0.00398644
2235 0.00398644
2236 0.00398644
2237 0.00398644
2238 0.00398644
2239 0.00398644
2240 0.00398644
2241 0.00391193
2242 0.00391193
2243 0.00391193
2244 0.00391193
2245 0.00391193
2246 0.00391193
2247 0.00391193
2248 0.00391193
2249 0.00383741
2250 0.00383741
2251 0.00383741
2252 0.00383741
2253 0.00383741
2254 0.00383741
2255 0.00383741
2256 0.00383741
2257 0.00383741
2258 0.00383741
2259 0.00383741
2260 0.00383741
2261 0.00383741
2262 0.00383741
2263 0.00383741
2264 0.00383741
2265 0.00368839
2266 0.00368839
2267 0.00368839
2268 0.00368839
2269 0.00368839
2270 0.00368839
2271 0.00368839
2272 0.00368839
2273 0.00357662
2274 0.00357662
2275 0.00357662
2276 0.00357662
2277 0.00357662
2278 0.00357662
2279 0.00357662
2280 0.00357662
2281 0.00353936
2282 0.00353936
2283 0.00353936
2284 0.00353936
2285 0.00353936
2286 0.00353936
2287 0.00353936
2288 0.00353936
2289 0.00353936
2290 0.00353936
2291 0.00353936
2292 0.00353936
2293 0.00353936
2294 0.00353936
2295 0.00353936
2296 0.00353936
2297 0.00346485
2298 0.00346485
2299 0.00346485
2300 0.00346485
2301 0.00346485
2302 0.00346485
2303 0.00346485
2304 0.00346485
2305 0.00346485
2306 0.00346485
2307 0.00346485
2308 0.00346485
2309 0.00346485
2310 0.00346485
2311 0.00346485
2312 0.00346485
2313 0.00339034
2314 0.00339034
2315 0.00339034
2316 0.00339034
2317 0.00339034
2318 0.00339034
2319 0.00339034
2320 0.00339034
2321 0.00331582
2322 0.00331582
2323 0.00331582
2324 0.00331582
2325 0.00331582
2326 0.00331582
2327 0.00331582
2328 0.00331582
2329 0.00320405
2330 0.00320405
2331 0.00320405
2332 0.00320405
2333 0.00320405
2334 0.00320405
2335 0.00320405
2336 0.00320405
2337 0.00320405
2338 0.00320405
2339 0.00320405
2340 0.00320405
2341 0.00320405
2342 0.00320405
2343 0.00320405
2344 0.00320405
2345 0.00309228
2346 0.00309228
2347 0.00309228
2348 0.00309228
2349 0.00309228
2350 0.00309228
2351 0.00309228
2352 0.00309228
2353 0.00309228
2354 0.00309228
2355 0.00309228
2356 0.00309228
2357 0.00309228
2358 0.00309228
2359 0.00309228
2360 0.00309228
2361 0.00305503
2362 0.00305503
2363 0.00305503
2364 0.00305503
2365 0.00305503
2366 0.00305503
2367 0.00305503
2368 0.00305503
2369 0.00301777
2370 0.00301777
2371 0.00301777
2372 0.00301777
2373 0.00301777
2374 0.00301777
2375 0.00301777
2376 0.00301777
2377 0.00298051
2378 0.00298051
2379 0.00298051
2380 0.00298051
2381 0.00298051
2382 0.00298051
2383 0.00298051
2384 0.00298051
2385 0.00294326
2386 0.00294326
2387 0.00294326
2388 0.00294326
2389 0.00294326
2390 0.00294326
2391 0.00294326
2392 0.00294326
2393 0.00294326
2394 0.00294326
2395 0.00294326
2396 0.00294326
2397 0.00294326
2398 0.00294326
2399 0.00294326
2400 0.00294326
2401 0.00286875
2402 0.00286875
2403 0.00286875
2404 0.00286875
2405 0.00286875
2406 0.00286875
2407 0.00286875
2408 0.00286875
2409 0.00286875
2410 0.00286875
2411 0.00286875
2412 0.00286875
2413 0.00286875
2414 0.00286875
2415 0.00286875
2416 0.00286875
2417 0.00283149
2418 0.00283149
2419 0.00283149
2420 0.00283149
2421 0.00283149
2422 0.00283149
2423 0.00283149
2424 0.00283149
2425 0.00283149
2426 0.00283149
2427 0.00283149
2428 0.00283149
2429 0.00283149
2430 0.00283149
2431 0.00283149
2432 0.00283149
2433 0.00279423
2434 0.00279423
2435 0.00279423
2436 0.00279423
2437 0.00279423
2438 0.00279423
2439 0.00279423
2440 0.00279423
2441 0.00275698
2442 0.00275698
2443 0.00275698
2444 0.00275698
2445 0.00275698
2446 0.00275698
2447 0.00275698
2448 0.00275698
2449 0.00271972
2450 0.00271972
2451 0.00271972
2452 0.00271972
2453 0.00271972
2454 0.00271972
2455 0.00271972
2456 0.00271972
2457 0.00268246
2458 0.00268246
2459 0.00268246
2460 0.00268246
2461 0.00268246
2462 0.00268246
2463 0.00268246
2464 0.00268246
2465 0.00260795
2466 0.00260795
2467 0.00260795
2468 0.00260795
2469 0.00260795
2470 0.00260795
2471 0.00260795
2472 0.00260795
2473 0.00260795
2474 0.00260795
2475 0.00260795
2476 0.00260795
2477 0.00260795
2478 0.00260795
2479 0.00260795
2480 0.00260795
2481 0.00260795
2482 0.00260795
2483 0.00260795
2484 0.00260795
2485 0.00260795
2486 0.00260795
2487 0.00260795
2488 0.00260795
2489 0.00253344
2490 0.00253344
2491 0.00253344
2492 0.00253344
2493 0.00253344
2494 0.00253344
2495 0.00253344
2496 0.00253344
2497 0.00249618
2498 0.00249618
2499 0.00249618
2500 0.00249618
2501 0.00249618
2502 0.00249618
2503 0.00249618
2504 0.00249618
2505 0.00245892
2506 0.00245892
2507 0.00245892
2508 0.00245892
2509 0.00245892
2510 0.00245892
2511 0.00245892
2512 0.00245892
2513 0.00245892
2514 0.00245892
2515 0.00245892
2516 0.00245892
2517 0.00245892
2518 0.00245892
2519 0.00242167
2520 0.00242167
2521 0.00238441
2522 0.00238441
2523 0.00238441
2524 0.00238441
2525 0.00238441
2526 0.00238441
2527 0.00238441
2528 0.00238441
2529 0.00227264
2530 0.00227264
2531 0.00227264
2532 0.00227264
2533 0.00227264
2534 0.00227264
2535 0.00227264
2536 0.00227264
2537 0.00212362
2538 0.00212362
2539 0.00212362
2540 0.00212362
2541 0.00212362
2542 0.00212362
2543 0.00212362
2544 0.00212362
2545 0.00212362
2546 0.00212362
2547 0.00212362
2548 0.00212362
2549 0.00212362
2550 0.00212362
2551 0.00212362
2552 0.00212362
2553 0.0020491
2554 0.0020491
2555 0.0020491
2556 0.0020491
2557 0.0020491
2558 0.0020491
2559 0.0020491
2560 0.0020491
2561 0.0020491
2562 0.0020491
2563 0.0020491
2564 0.0020491
2565 0.0020491
2566 0.0020491
2567 0.0020491
2568 0.0020491
2569 0.00201185
2570 0.00201185
2571 0.00201185
2572 0.00201185
2573 0.00201185
2574 0.00201185
2575 0.00201185
2576 0.00201185
2577 0.00193733
2578 0.00193733
2579 0.00193733
2580 0.00193733
2581 0.00193733
2582 0.00193733
2583 0.00193733
2584 0.00193733
2585 0.00190008
2586 0.00190008
2587 0.00190008
2588 0.00190008
2589 0.00190008
2590 0.00190008
2591 0.00190008
2592 0.00190008
2593 0.00186282
2594 0.00186282
2595 0.00186282
2596 0.00186282
2597 0.00186282
2598 0.00186282
2599 0.00182557
2600 0.00182557
2601 0.00175105
2602 0.00175105
2603 0.00175105
2604 0.00175105
2605 0.00175105
2606 0.00175105
2607 0.00175105
2608 0.00175105
2609 0.00175105
2610 0.00175105
2611 0.00175105
2612 0.00175105
2613 0.00175105
2614 0.00175105
2615 0.00175105
2616 0.00175105
2617 0.00167654
2618 0.00167654
2619 0.00167654
2620 0.00167654
2621 0.00167654
2622 0.00167654
2623 0.00167654
2624 0.00167654
2625 0.00156477
2626 0.00156477
2627 0.00156477
2628 0.00156477
2629 0.00156477
2630 0.00156477
2631 0.00156477
2632 0.00156477
2633 0.00152751
2634 0.00152751
2635 0.00152751
2636 0.00152751
2637 0.00152751
2638 0.00152751
2639 0.00152751
2640 0.00152751
2641 0.001453
2642 0.001453
2643 0.001453
2644 0.001453
2645 0.001453
2646 0.001453
2647 0.001453
2648 0.001453
2649 0.001453
2650 0.001453
2651 0.001453
2652 0.001453
2653 0.001453
2654 0.001453
2655 0.001453
2656 0.001453
2657 0.001453
2658 0.001453
2659 0.001453
2660 0.001453
2661 0.001453
2662 0.001453
2663 0.001453
2664 0.001453
2665 0.00141574
2666 0.00141574
2667 0.00141574
2668 0.00141574
2669 0.00141574
2670 0.00141574
2671 0.00141574
2672 0.00141574
2673 0.00134123
2674 0.00134123
2675 0.00134123
2676 0.00134123
2677 0.00134123
2678 0.00134123
2679 0.00134123
2680 0.00134123
2681 0.00134123
2682 0.00134123
2683 0.00134123
2684 0.00134123
2685 0.00134123
2686 0.00134123
2687 0.00134123
2688 0.00134123
2689 0.00134123
2690 0.00134123
2691 0.00134123
2692 0.00134123
2693 0.00134123
2694 0.00134123
2695 0.00134123
2696 0.00134123
2697 0.00130398
2698 0.00130398
2699 0.00130398
2700 0.00130398
2701 0.00130398
2702 0.00130398
2703 0.00130398
2704 0.00130398
2705 0.00122946
2706 0.00122946
2707 0.00122946
2708 0.00122946
2709 0.00122946
2710 0.00122946
2711 0.00122946
2712 0.00122946
2713 0.00122946
2714 0.00122946
2715 0.00122946
2716 0.00122946
2717 0.00122946
2718 0.00122946
2719 0.00122946
2720 0.00122946
2721 0.00115495
2722 0.00115495
2723 0.00115495
2724 0.00115495
2725 0.00115495
2726 0.00115495
2727 0.00115495
2728 0.00115495
2729 0.00115495
2730 0.00115495
2731 0.00115495
2732 0.00115495
2733 0.00115495
2734 0.00115495
2735 0.00115495
2736 0.00115495
2737 0.00115495
2738 0.00115495
2739 0.00115495
2740 0.00115495
2741 0.00115495
2742 0.00115495
2743 0.00115495
2744 0.00115495
2745 0.00111769
2746 0.00111769
2747 0.00111769
2748 0.00111769
2749 0.00111769
2750 0.00111769
2751 0.00111769
2752 0.00111769
2753 0.00111769
2754 0.00111769
2755 0.00111769
2756 0.00111769
2757 0.00111769
2758 0.00111769
2759 0.00111769
2760 0.00111769
2761 0.00111769
2762 0.00111769
2763 0.00111769
2764 0.00111769
2765 0.00111769
2766 0.00111769
2767 0.00111769
2768 0.00111769
2769 0.00108044
2770 0.00108044
2771 0.00108044
2772 0.00108044
2773 0.00108044
2774 0.00108044
2775 0.00108044
2776 0.00108044
2777 0.00104318
2778 0.00104318
2779 0.00104318
2780 0.00104318
2781 0.00104318
2782 0.00104318
2783 0.00100592
2784 0.00100592
2785 0.00100592
2786 0.00100592
2787 0.00100592
2788 0.00100592
2789 0.00100592
2790 0.00100592
2791 0.00100592
2792 0.00100592
2793 0.000968667
2794 0.000968667
2795 0.000968667
2796 0.000968667
2797 0.000968667
2798 0.000968667
2799 0.000968667
2800 0.000968667
2801 0.000968667
2802 0.000968667
2803 0.000968667
2804 0.000968667
2805 0.000968667
2806 0.000968667
2807 0.000968667
2808 0.000968667
2809 0.000968667
2810 0.000968667
2811 0.000968667
2812 0.000968667
2813 0.000968667
2814 0.000968667
2815 0.000968667
2816 0.000968667
2817 0.000931411
2818 0.000931411
2819 0.000931411
2820 0.000931411
2821 0.000931411
2822 0.000931411
2823 0.000931411
2824 0.000931411
2825 0.000894154
2826 0.000894154
2827 0.000894154
2828 0.000894154
2829 0.000894154
2830 0.000894154
2831 0.000894154
2832 0.000894154
2833 0.000856898
2834 0.000856898
2835 0.000856898
2836 0.000856898
2837 0.000856898
2838 0.000856898
2839 0.000856898
2840 0.000856898
2841 0.000819642
2842 0.000819642
2843 0.000819642
2844 0.000819642
2845 0.000819642
2846 0.000819642
2847 0.000819642
2848 0.000819642
2849 0.000819642
2850 0.000819642
2851 0.000819642
2852 0.000819642
2853 0.000819642
2854 0.000819642
2855 0.000819642
2856 0.000819642
2857 0.000819642
2858 0.000819642
2859 0.000819642
2860 0.000819642
2861 0.000819642
2862 0.000819642
2863 0.000819642
2864 0.000819642
2865 0.000819642
2866 0.000819642
2867 0.000819642
2868 0.000819642
2869 0.000819642
2870 0.000819642
2871 0.000819642
2872 0.000819642
2873 0.000819642
2874 0.000819642
2875 0.000819642
2876 0.000819642
2877 0.000819642
2878 0.000819642
2879 0.000819642
2880 0.000819642
2881 0.000819642
2882 0.000819642
2883 0.000819642
2884 0.000819642
2885 0.000819642
2886 0.000819642
2887 0.000819642
2888 0.000819642
2889 0.000782385
2890 0.000782385
2891 0.000782385
2892 0.000782385
2893 0.000782385
2894 0.000782385
2895 0.000782385
2896 0.000782385
2897 0.000782385
2898 0.000782385
2899 0.000782385
2900 0.000782385
2901 0.000782385
2902 0.000782385
2903 0.000782385
2904 0.000782385
2905 0.000782385
2906 0.000782385
2907 0.000782385
2908 0.000782385
2909 0.000782385
2910 0.000782385
2911 0.000782385
2912 0.000782385
2913 0.000782385
2914 0.000782385
2915 0.000782385
2916 0.000782385
2917 0.000782385
2918 0.000782385
2919 0.000782385
2920 0.000782385
2921 0.000745129
2922 0.000745129
2923 0.000745129
2924 0.000745129
2925 0.000745129
2926 0.000745129
2927 0.000707872
2928 0.000707872
2929 0.000707872
2930 0.000707872
2931 0.000707872
2932 0.000707872
2933 0.000707872
2934 0.000707872
2935 0.000707872
2936 0.000707872
2937 0.000707872
2938 0.000707872
2939 0.000707872
2940 0.000707872
2941 0.000707872
2942 0.000707872
2943 0.000707872
2944 0.000707872
2945 0.000707872
2946 0.000707872
2947 0.000707872
2948 0.000707872
2949 0.000707872
2950 0.000707872
2951 0.000707872
2952 0.000707872
2953 0.000707872
2954 0.000707872
2955 0.000707872
2956 0.000707872
2957 0.000707872
2958 0.000707872
2959 0.000707872
2960 0.000707872
2961 0.000707872
2962 0.000707872
2963 0.000707872
2964 0.000707872
2965 0.000707872
2966 0.000707872
2967 0.000707872
2968 0.000707872
2969 0.000707872
2970 0.000707872
2971 0.000707872
2972 0.000707872
2973 0.000707872
2974 0.000707872
2975 0.000707872
2976 0.000707872
2977 0.000670616
2978 0.000670616
2979 0.000670616
2980 0.000670616
2981 0.000670616
2982 0.000670616
2983 0.000670616
2984 0.000670616
2985 0.000633359
2986 0.000633359
2987 0.000633359
2988 0.000633359
2989 0.000633359
2990 0.000633359
2991 0.000633359
2992 0.000633359
2993 0.000596103
2994 0.000596103
2995 0.000596103
2996 0.000596103
2997 0.000596103
2998 0.000596103
2999 0.000596103
3000 0.000596103
3001 0.000596103
3002 0.000596103
3003 0.000596103
3004 0.000596103
3005 0.000596103
3006 0.000596103
3007 0.000596103
3008 0.000596103
3009 0.000596103
3010 0.000596103
3011 0.000596103
3012 0.000596103
3013 0.000596103
3014 0.000596103
3015 0.000596103
3016 0.000596103
3017 0.000558847
3018 0.000558847
3019 0.000558847
3020 0.000558847
3021 0.000558847
3022 0.000558847
3023 0.000558847
3024 0.000558847
3025 0.000558847
3026 0.000558847
3027 0.000558847
3028 0.000558847
3029 0.000558847
3030 0.000558847
3031 0.000558847
3032 0.000558847
3033 0.00052159
3034 0.00052159
3035 0.00052159
3036 0.00052159
3037 0.00052159
3038 0.00052159
3039 0.00052159
3040 0.00052159
3041 0.00052159
3042 0.00052159
3043 0.00052159
3044 0.00052159
3045 0.00052159
3046 0.00052159
3047 0.00052159
3048 0.00052159
3049 0.00052159
3050 0.00052159
3051 0.00052159
3052 0.00052159
3053 0.00052159
3054 0.00052159
3055 0.00052159
3056 0.00052159
3057 0.00052159
3058 0.00052159
3059 0.00052159
3060 0.00052159
3061 0.00052159
3062 0.00052159
3063 0.00052159
3064 0.00052159
3065 0.000484334
3066 0.000484334
3067 0.000484334
3068 0.000484334
3069 0.000484334
3070 0.000484334
3071 0.000484334
3072 0.000484334
3073 0.000484334
3074 0.000484334
3075 0.000484334
3076 0.000484334
3077 0.000484334
3078 0.000484334
3079 0.000484334
3080 0.000484334
3081 0.000484334
3082 0.000484334
3083 0.000484334
3084 0.000484334
3085 0.000484334
3086 0.000484334
3087 0.000484334
3088 0.000484334
3089 0.000484334
3090 0.000484334
3091 0.000484334
3092 0.000484334
3093 0.000484334
3094 0.000484334
3095 0.000484334
3096 0.000484334
3097 0.000484334
3098 0.000484334
3099 0.000484334
3100 0.000484334
3101 0.000484334
3102 0.000484334
3103 0.000484334
3104 0.000484334
3105 0.000484334
3106 0.000484334
3107 0.000484334
3108 0.000484334
3109 0.000484334
3110 0.000484334
3111 0.000484334
3112 0.000484334
3113 0.000484334
3114 0.000484334
3115 0.000484334
3116 0.000484334
3117 0.000484334
3118 0.000484334
3119 0.000484334
3120 0.000484334
3121 0.000484334
3122 0.000484334
3123 0.000484334
3124 0.000484334
3125 0.000484334
3126 0.000484334
3127 0.000484334
3128 0.000484334
3129 0.000484334
3130 0.000484334
3131 0.000484334
3132 0.000484334
3133 0.000484334
3134 0.000484334
3135 0.000484334
3136 0.000484334
3137 0.000484334
3138 0.000484334
3139 0.000484334
3140 0.000484334
3141 0.000484334
3142 0.000484334
3143 0.000484334
3144 0.000484334
3145 0.000484334
3146 0.000484334
3147 0.000484334
3148 0.000484334
3149 0.000484334
3150 0.000484334
3151 0.000484334
3152 0.000484334
3153 0.000484334
3154 0.000484334
3155 0.000484334
3156 0.000484334
3157 0.000484334
3158 0.000484334
3159 0.000484334
3160 0.000484334
3161 0.000484334
3162 0.000484334
3163 0.000484334
3164 0.000484334
3165 0.000484334
3166 0.000484334
3167 0.000484334
3168 0.000484334
3169 0.000484334
3170 0.000484334
3171 0.000484334
3172 0.000484334
3173 0.000484334
3174 0.000484334
3175 0.000484334
3176 0.000484334
3177 0.000484334
3178 0.000484334
3179 0.000484334
3180 0.000484334
3181 0.000484334
3182 0.000484334
3183 0.000484334
3184 0.000484334
3185 0.000484334
3186 0.000484334
3187 0.000484334
3188 0.000484334
3189 0.000484334
3190 0.000484334
3191 0.000484334
3192 0.000484334
3193 0.000447077
3194 0.000447077
3195 0.000447077
3196 0.000447077
3197 0.000447077
3198 0.000447077
3199 0.000447077
3200 0.000447077
3201 0.000447077
3202 0.000447077
3203 0.000447077
3204 0.000447077
3205 0.000447077
3206 0.000447077
3207 0.000447077
3208 0.000447077
3209 0.000447077
3210 0.000447077
3211 0.000447077
3212 0.000447077
3213 0.000447077
3214 0.000447077
3215 0.000447077
3216 0.000447077
3217 0.000447077
3218 0.000447077
3219 0.000447077
3220 0.000447077
3221 0.000447077
3222 0.000447077
3223 0.000447077
3224 0.000447077
3225 0.000409821
3226 0.000409821
3227 0.000409821
3228 0.000409821
3229 0.000409821
3230 0.000409821
3231 0.000409821
3232 0.000409821
3233 0.000409821
3234 0.000409821
3235 0.000409821
3236 0.000409821
3237 0.000409821
3238 0.000409821
3239 0.000409821
3240 0.000409821
3241 0.000409821
3242 0.000409821
3243 0.000409821
3244 0.000409821
3245 0.000409821
3246 0.000409821
3247 0.000409821
3248 0.000409821
3249 0.000409821
3250 0.000409821
3251 0.000409821
3252 0.000409821
3253 0.000409821
3254 0.000409821
3255 0.000409821
3256 0.000409821
3257 0.000409821
3258 0.000409821
3259 0.000409821
3260 0.000409821
3261 0.000409821
3262 0.000409821
3263 0.000409821
3264 0.000409821
3265 0.000409821
3266 0.000409821
3267 0.000409821
3268 0.000409821
3269 0.000409821
3270 0.000409821
3271 0.000409821
3272 0.000409821
3273 0.000409821
3274 0.000409821
3275 0.000409821
3276 0.000409821
3277 0.000409821
3278 0.000409821
3279 0.000409821
3280 0.000409821
3281 0.000409821
3282 0.000409821
3283 0.000409821
3284 0.000409821
3285 0.000409821
3286 0.000409821
3287 0.000409821
3288 0.000409821
3289 0.000409821
3290 0.000409821
3291 0.000409821
3292 0.000409821
3293 0.000409821
3294 0.000409821
3295 0.000409821
3296 0.000409821
3297 0.000409821
3298 0.000409821
3299 0.000409821
3300 0.000409821
3301 0.000409821
3302 0.000409821
3303 0.000409821
3304 0.000409821
3305 0.000409821
3306 0.000409821
3307 0.000409821
3308 0.000409821
3309 0.000409821
3310 0.000409821
3311 0.000409821
3312 0.000409821
3313 0.000372564
3314 0.000372564
3315 0.000372564
3316 0.000372564
3317 0.000372564
3318 0.000372564
3319 0.000372564
3320 0.000372564
3321 0.000372564
3322 0.000372564
3323 0.000372564
3324 0.000372564
3325 0.000372564
3326 0.000372564
3327 0.000372564
3328 0.000372564
3329 0.000372564
3330 0.000372564
3331 0.000372564
3332 0.000372564
3333 0.000372564
3334 0.000372564
3335 0.000372564
3336 0.000372564
3337 0.000372564
3338 0.000372564
3339 0.000372564
3340 0.000372564
3341 0.000372564
3342 0.000372564
3343 0.000372564
3344 0.000372564
3345 0.000372564
3346 0.000372564
3347 0.000372564
3348 0.000372564
3349 0.000372564
3350 0.000372564
3351 0.000372564
3352 0.000372564
3353 0.000372564
3354 0.000372564
3355 0.000372564
3356 0.000372564
3357 0.000372564
3358 0.000372564
3359 0.000372564
3360 0.000372564
3361 0.000372564
3362 0.000372564
3363 0.000372564
3364 0.000372564
3365 0.000372564
3366 0.000372564
3367 0.000372564
3368 0.000372564
3369 0.000372564
3370 0.000372564
3371 0.000372564
3372 0.000372564
3373 0.000372564
3374 0.000372564
3375 0.000372564
3376 0.000372564
3377 0.000335308
3378 0.000335308
3379 0.000335308
3380 0.000335308
3381 0.000335308
3382 0.000335308
3383 0.000335308
3384 0.000335308
3385 0.000335308
3386 0.000335308
3387 0.000335308
3388 0.000335308
3389 0.000335308
3390 0.000335308
3391 0.000335308
3392 0.000335308
3393 0.000335308
3394 0.000335308
3395 0.000335308
3396 0.000335308
3397 0.000335308
3398 0.000335308
3399 0.000335308
3400 0.000335308
3401 0.000335308
3402 0.000335308
3403 0.000335308
3404 0.000335308
3405 0.000335308
3406 0.000335308
3407 0.000335308
3408 0.000335308
3409 0.000335308
3410 0.000335308
3411 0.000335308
3412 0.000335308
3413 0.000335308
3414 0.000335308
3415 0.000335308
3416 0.000335308
3417 0.000335308
3418 0.000335308
3419 0.000335308
3420 0.000335308
3421 0.000335308
3422 0.000335308
3423 0.000335308
3424 0.000335308
3425 0.000298051
3426 0.000298051
3427 0.000298051
3428 0.000298051
3429 0.000298051
3430 0.000298051
3431 0.000298051
3432 0.000298051
3433 0.000298051
3434 0.000298051
3435 0.000298051
3436 0.000298051
3437 0.000298051
3438 0.000298051
3439 0.000298051
3440 0.000298051
3441 0.000298051
3442 0.000298051
3443 0.000298051
3444 0.000298051
3445 0.000298051
3446 0.000298051
3447 0.000298051
3448 0.000298051
3449 0.000298051
3450 0.000298051
3451 0.000298051
3452 0.000298051
3453 0.000298051
3454 0.000298051
3455 0.000298051
3456 0.000298051
3457 0.000298051
3458 0.000298051
3459 0.000298051
3460 0.000298051
3461 0.000298051
3462 0.000298051
3463 0.000298051
3464 0.000298051
3465 0.000298051
3466 0.000298051
3467 0.000298051
3468 0.000298051
3469 0.000298051
3470 0.000298051
3471 0.000298051
3472 0.000298051
3473 0.000298051
3474 0.000298051
3475 0.000298051
3476 0.000298051
3477 0.000298051
3478 0.000298051
3479 0.000298051
3480 0.000298051
3481 0.000298051
3482 0.000298051
3483 0.000298051
3484 0.000298051
3485 0.000298051
3486 0.000298051
3487 0.000298051
3488 0.000298051
3489 0.000298051
3490 0.000298051
3491 0.000298051
3492 0.000298051
3493 0.000298051
3494 0.000298051
3495 0.000298051
3496 0.000298051
3497 0.000298051
3498 0.000298051
3499 0.000298051
3500 0.000298051
3501 0.000298051
3502 0.000298051
3503 0.000298051
3504 0.000298051
3505 0.000298051
3506 0.000298051
3507 0.000298051
3508 0.000298051
3509 0.000298051
3510 0.000298051
3511 0.000298051
3512 0.000298051
3513 0.000298051
3514 0.000298051
3515 0.000298051
3516 0.000298051
3517 0.000298051
3518 0.000298051
3519 0.000298051
3520 0.000298051
3521 0.000298051
3522 0.000298051
3523 0.000298051
3524 0.000298051
3525 0.000298051
3526 0.000298051
3527 0.000298051
3528 0.000298051
3529 0.000260795
3530 0.000260795
3531 0.000260795
3532 0.000260795
3533 0.000260795
3534 0.000260795
3535 0.000260795
3536 0.000260795
3537 0.000260795
3538 0.000260795
3539 0.000260795
3540 0.000260795
3541 0.000260795
3542 0.000260795
3543 0.000260795
3544 0.000260795
3545 0.000260795
3546 0.000260795
3547 0.000260795
3548 0.000260795
3549 0.000260795
3550 0.000260795
3551 0.000260795
3552 0.000260795
3553 0.000260795
3554 0.000260795
3555 0.000260795
3556 0.000260795
3557 0.000260795
3558 0.000260795
3559 0.000260795
3560 0.000260795
3561 0.000260795
3562 0.000260795
3563 0.000260795
3564 0.000260795
3565 0.000260795
3566 0.000260795
3567 0.000260795
3568 0.000260795
3569 0.000260795
3570 0.000260795
3571 0.000260795
3572 0.000260795
3573 0.000260795
3574 0.000260795
3575 0.000260795
3576 0.000260795
3577 0.000260795
3578 0.000260795
3579 0.000260795
3580 0.000260795
3581 0.000260795
3582 0.000260795
3583 0.000260795
3584 0.000260795
3585 0.000260795
3586 0.000260795
3587 0.000260795
3588 0.000260795
3589 0.000260795
3590 0.000260795
3591 0.000260795
3592 0.000260795
3593 0.000260795
3594 0.000260795
3595 0.000260795
3596 0.000260795
3597 0.000260795
3598 0.000260795
3599 0.000260795
3600 0.000260795
3601 0.000260795
3602 0.000260795
3603 0.000260795
3604 0.000260795
3605 0.000260795
3606 0.000260795
3607 0.000260795
3608 0.000260795
3609 0.000260795
3610 0.000260795
3611 0.000260795
3612 0.000260795
3613 0.000260795
3614 0.000260795
3615 0.000260795
3616 0.000260795
3617 0.000260795
3618 0.000260795
3619 0.000260795
3620 0.000260795
3621 0.000260795
3622 0.000260795
3623 0.000260795
3624 0.000260795
3625 0.000260795
3626 0.000260795
3627 0.000260795
3628 0.000260795
3629 0.000260795
3630 0.000260795
3631 0.000260795
3632 0.000260795
3633 0.000260795
3634 0.000260795
3635 0.000260795
3636 0.000260795
3637 0.000260795
3638 0.000260795
3639 0.000260795
3640 0.000260795
3641 0.000260795
3642 0.000260795
3643 0.000260795
3644 0.000260795
3645 0.000260795
3646 0.000260795
3647 0.000260795
3648 0.000260795
3649 0.000260795
3650 0.000260795
3651 0.000260795
3652 0.000260795
3653 0.000260795
3654 0.000260795
3655 0.000260795
3656 0.000260795
3657 0.000260795
3658 0.000260795
3659 0.000260795
3660 0.000260795
3661 0.000260795
3662 0.000260795
3663 0.000260795
3664 0.000260795
3665 0.000260795
3666 0.000260795
3667 0.000260795
3668 0.000260795
3669 0.000260795
3670 0.000260795
3671 0.000260795
3672 0.000260795
3673 0.000260795
3674 0.000260795
3675 0.000260795
3676 0.000260795
3677 0.000260795
3678 0.000260795
3679 0.000260795
3680 0.000260795
3681 0.000260795
3682 0.000260795
3683 0.000260795
3684 0.000260795
3685 0.000260795
3686 0.000260795
3687 0.000260795
3688 0.000260795
3689 0.000223539
3690 0.000223539
3691 0.000223539
3692 0.000223539
3693 0.000223539
3694 0.000223539
3695 0.000223539
3696 0.000223539
3697 0.000149026
3698 0.000149026
3699 0.000149026
3700 0.000149026
3701 0.000149026
3702 0.000149026
3703 0.000149026
3704 0.000149026
3705 0.000149026
3706 0.000149026
3707 0.000149026
3708 0.000149026
3709 0.000149026
3710 0.000149026
3711 0.000149026
3712 0.000149026
3713 0.000149026
3714 0.000149026
3715 0.000149026
3716 0.000149026
3717 0.000149026
3718 0.000149026
3719 0.000149026
3720 0.000149026
3721 0.000149026
3722 0.000149026
3723 0.000149026
3724 0.000149026
3725 0.000149026
3726 0.000149026
3727 0.000149026
3728 0.000149026
3729 0.000149026
3730 0.000149026
3731 0.000149026
3732 0.000149026
3733 0.000149026
3734 0.000149026
3735 0.000149026
3736 0.000149026
3737 0.000149026
3738 0.000149026
3739 0.000149026
3740 0.000149026
3741 0.000149026
3742 0.000149026
3743 0.000149026
3744 0.000149026
3745 0.000149026
3746 0.000149026
3747 0.000149026
3748 0.000149026
3749 0.000149026
3750 0.000149026
3751 0.000149026
3752 0.000149026
3753 0.000149026
3754 0.000149026
3755 0.000149026
3756 0.000149026
3757 0.000149026
3758 0.000149026
3759 0.000149026
3760 0.000149026
3761 0.000149026
3762 0.000149026
3763 0.000149026
3764 0.000149026
3765 0.000149026
3766 0.000149026
3767 0.000149026
3768 0.000149026
3769 0.000149026
3770 0.000149026
3771 0.000149026
3772 0.000149026
3773 0.000149026
3774 0.000149026
3775 0.000149026
3776 0.000149026
3777 0.000149026
3778 0.000149026
3779 0.000149026
3780 0.000149026
3781 0.000149026
3782 0.000149026
3783 0.000149026
3784 0.000149026
3785 0.000149026
3786 0.000149026
3787 0.000149026
3788 0.000149026
3789 0.000149026
3790 0.000149026
3791 0.000149026
3792 0.000149026
3793 0.000149026
3794 0.000149026
3795 0.000149026
3796 0.000149026
3797 0.000149026
3798 0.000149026
3799 0.000149026
3800 0.000149026
3801 0.000149026
3802 0.000149026
3803 0.000149026
3804 0.000149026
3805 0.000149026
3806 0.000149026
3807 0.000149026
3808 0.000149026
3809 0.000149026
3810 0.000149026
3811 0.000149026
3812 0.000149026
3813 0.000149026
3814 0.000149026
3815 0.000149026
3816 0.000149026
3817 0.000149026
3818 0.000149026
3819 0.000149026
3820 0.000149026
3821 0.000149026
3822 0.000149026
3823 0.000149026
3824 0.000149026
3825 0.000149026
3826 0.000149026
3827 0.000149026
3828 0.000149026
3829 0.000149026
3830 0.000149026
3831 0.000149026
3832 0.000149026
3833 0.000111769
3834 0.000111769
3835 0.000111769
3836 0.000111769
3837 0.000111769
3838 0.000111769
3839 0.000111769
3840 0.000111769
3841 0.000111769
3842 0.000111769
3843 0.000111769
3844 0.000111769
3845 0.000111769
3846 0.000111769
3847 0.000111769
3848 0.000111769
3849 0.000111769
3850 0.000111769
3851 0.000111769
3852 0.000111769
3853 0.000111769
3854 0.000111769
3855 0.000111769
3856 0.000111769
3857 0.000111769
3858 0.000111769
3859 0.000111769
3860 0.000111769
3861 0.000111769
3862 0.000111769
3863 0.000111769
3864 0.000111769
3865 0.000111769
3866 0.000111769
3867 0.000111769
3868 0.000111769
3869 0.000111769
3870 0.000111769
3871 0.000111769
3872 0.000111769
3873 0.000111769
3874 0.000111769
3875 0.000111769
3876 0.000111769
3877 0.000111769
3878 0.000111769
3879 0.000111769
3880 0.000111769
3881 0.000111769
3882 0.000111769
3883 0.000111769
3884 0.000111769
3885 0.000111769
3886 0.000111769
3887 0.000111769
3888 0.000111769
3889 0.000111769
3890 0.000111769
3891 0.000111769
3892 0.000111769
3893 0.000111769
3894 0.000111769
3895 0.000111769
3896 0.000111769
3897 0.000111769
3898 0.000111769
3899 0.000111769
3900 0.000111769
3901 0.000111769
3902 0.000111769
3903 0.000111769
3904 0.000111769
3905 0.000111769
3906 0.000111769
3907 0.000111769
3908 0.000111769
3909 0.000111769
3910 0.000111769
3911 0.000111769
3912 0.000111769
3913 0.000111769
3914 0.000111769
3915 0.000111769
3916 0.000111769
3917 0.000111769
3918 0.000111769
3919 0.000111769
3920 0.000111769
3921 0.000111769
3922 0.000111769
3923 0.000111769
3924 0.000111769
3925 0.000111769
3926 0.000111769
3927 0.000111769
3928 0.000111769
3929 0.000111769
3930 0.000111769
3931 0.000111769
3932 0.000111769
3933 0.000111769
3934 0.000111769
3935 0.000111769
3936 0.000111769
3937 0.000111769
3938 0.000111769
3939 0.000111769
3940 0.000111769
3941 0.000111769
3942 0.000111769
3943 0.000111769
3944 0.000111769
3945 0.000111769
3946 0.000111769
3947 0.000111769
3948 0.000111769
3949 0.000111769
3950 0.000111769
3951 0.000111769
3952 0.000111769
3953 0.000111769
3954 0.000111769
3955 0.000111769
3956 0.000111769
3957 0.000111769
3958 0.000111769
3959 0.000111769
3960 0.000111769
3961 0.000111769
3962 0.000111769
3963 0.000111769
3964 0.000111769
3965 0.000111769
3966 0.000111769
3967 0.000111769
3968 0.000111769
3969 0.000111769
3970 0.000111769
3971 0.000111769
3972 0.000111769
3973 0.000111769
3974 0.000111769
3975 0.000111769
3976 0.000111769
3977 0.000111769
3978 0.000111769
3979 0.000111769
3980 0.000111769
3981 0.000111769
3982 0.000111769
3983 0.000111769
3984 0.000111769
3985 0.000111769
3986 0.000111769
3987 0.000111769
3988 0.000111769
3989 0.000111769
3990 0.000111769
3991 0.000111769
3992 0.000111769
3993 0.000111769
3994 0.000111769
3995 0.000111769
3996 0.000111769
3997 0.000111769
3998 0.000111769
3999 0.000111769
4000 0.000111769
4001 0.000111769
4002 0.000111769
4003 0.000111769
4004 0.000111769
4005 0.000111769
4006 0.000111769
4007 0.000111769
4008 0.000111769
4009 0.000111769
4010 0.000111769
4011 0.000111769
4012 0.000111769
4013 0.000111769
4014 0.000111769
4015 0.000111769
4016 0.000111769
4017 0.000111769
4018 0.000111769
4019 0.000111769
4020 0.000111769
4021 0.000111769
4022 0.000111769
4023 0.000111769
4024 0.000111769
4025 0.000111769
4026 0.000111769
4027 0.000111769
4028 0.000111769
4029 0.000111769
4030 0.000111769
4031 0.000111769
4032 0.000111769
4033 0.000111769
4034 0.000111769
4035 0.000111769
4036 0.000111769
4037 0.000111769
4038 0.000111769
4039 0.000111769
4040 0.000111769
4041 0.000111769
4042 0.000111769
4043 0.000111769
4044 0.000111769
4045 0.000111769
4046 0.000111769
4047 0.000111769
4048 0.000111769
4049 0.000111769
4050 0.000111769
4051 0.000111769
4052 0.000111769
4053 0.000111769
4054 0.000111769
4055 0.000111769
4056 0.000111769
4057 0.000111769
4058 0.000111769
4059 0.000111769
4060 0.000111769
4061 0.000111769
4062 0.000111769
4063 0.000111769
4064 0.000111769
4065 0.000111769
4066 0.000111769
4067 0.000111769
4068 0.000111769
4069 0.000111769
4070 0.000111769
4071 0.000111769
4072 0.000111769
4073 0.000111769
4074 0.000111769
4075 0.000111769
4076 0.000111769
4077 0.000111769
4078 0.000111769
4079 0.000111769
4080 0.000111769
4081 0.000111769
4082 0.000111769
4083 0.000111769
4084 0.000111769
4085 0.000111769
4086 0.000111769
4087 0.000111769
4088 0.000111769
4089 0.000111769
4090 0.000111769
4091 0.000111769
4092 0.000111769
4093 0.000111769
4094 0.000111769
4095 0.000111769
4096 0.000111769
4097 0.000111769
4098 0.000111769
4099 0.000111769
4100 0.000111769
4101 0.000111769
4102 0.000111769
4103 0.000111769
4104 0.000111769
4105 0.000111769
4106 0.000111769
4107 0.000111769
4108 0.000111769
4109 0.000111769
4110 0.000111769
4111 0.000111769
4112 0.000111769
4113 0.000111769
4114 0.000111769
4115 0.000111769
4116 0.000111769
4117 0.000111769
4118 0.000111769
4119 0.000111769
4120 0.000111769
4121 0.000111769
4122 0.000111769
4123 0.000111769
4124 0.000111769
4125 0.000111769
4126 0.000111769
4127 0.000111769
4128 0.000111769
4129 0.000111769
4130 0.000111769
4131 0.000111769
4132 0.000111769
4133 0.000111769
4134 0.000111769
4135 0.000111769
4136 0.000111769
4137 0.000111769
4138 0.000111769
4139 0.000111769
4140 0.000111769
4141 0.000111769
4142 0.000111769
4143 0.000111769
4144 0.000111769
4145 0.000111769
4146 0.000111769
4147 0.000111769
4148 0.000111769
4149 0.000111769
4150 0.000111769
4151 0.000111769
4152 0.000111769
4153 0.000111769
4154 0.000111769
4155 0.000111769
4156 0.000111769
4157 0.000111769
4158 0.000111769
4159 0.000111769
4160 0.000111769
4161 0.000111769
4162 0.000111769
4163 0.000111769
4164 0.000111769
4165 0.000111769
4166 0.000111769
4167 0.000111769
4168 0.000111769
4169 0.000111769
4170 0.000111769
4171 0.000111769
4172 0.000111769
4173 0.000111769
4174 0.000111769
4175 0.000111769
4176 0.000111769
4177 0.000111769
4178 0.000111769
4179 0.000111769
4180 0.000111769
4181 0.000111769
4182 0.000111769
4183 0.000111769
4184 0.000111769
4185 0.000111769
4186 0.000111769
4187 0.000111769
4188 0.000111769
4189 0.000111769
4190 0.000111769
4191 0.000111769
4192 0.000111769
4193 0.000111769
4194 0.000111769
4195 0.000111769
4196 0.000111769
4197 0.000111769
4198 0.000111769
4199 0.000111769
4200 0.000111769
4201 0.000111769
4202 0.000111769
4203 0.000111769
4204 0.000111769
4205 0.000111769
4206 0.000111769
4207 0.000111769
4208 0.000111769
4209 0.000111769
4210 0.000111769
4211 0.000111769
4212 0.000111769
4213 0.000111769
4214 0.000111769
4215 0.000111769
4216 0.000111769
4217 0.000111769
4218 0.000111769
4219 0.000111769
4220 0.000111769
4221 0.000111769
4222 0.000111769
4223 0.000111769
4224 0.000111769
4225 0.000111769
4226 0.000111769
4227 0.000111769
4228 0.000111769
4229 0.000111769
4230 0.000111769
4231 0.000111769
4232 0.000111769
4233 0.000111769
4234 0.000111769
4235 0.000111769
4236 0.000111769
4237 0.000111769
4238 0.000111769
4239 0.000111769
4240 0.000111769
4241 0.000111769
4242 0.000111769
4243 0.000111769
4244 0.000111769
4245 0.000111769
4246 0.000111769
4247 0.000111769
4248 0.000111769
4249 0.000111769
4250 0.000111769
4251 0.000111769
4252 0.000111769
4253 0.000111769
4254 0.000111769
4255 0.000111769
4256 0.000111769
4257 0.000111769
4258 0.000111769
4259 0.000111769
4260 0.000111769
4261 0.000111769
4262 0.000111769
4263 0.000111769
4264 0.000111769
4265 0.000111769
4266 0.000111769
4267 0.000111769
4268 0.000111769
4269 0.000111769
4270 0.000111769
4271 0.000111769
4272 0.000111769
4273 0.000111769
4274 0.000111769
4275 0.000111769
4276 0.000111769
4277 0.000111769
4278 0.000111769
4279 0.000111769
4280 0.000111769
4281 0.000111769
4282 0.000111769
4283 0.000111769
4284 0.000111769
4285 0.000111769
4286 0.000111769
4287 0.000111769
4288 0.000111769
4289 0.000111769
4290 0.000111769
4291 0.000111769
4292 0.000111769
4293 0.000111769
4294 0.000111769
4295 0.000111769
4296 0.000111769
4297 0.000111769
4298 0.000111769
4299 0.000111769
4300 0.000111769
4301 0.000111769
4302 0.000111769
4303 0.000111769
4304 0.000111769
4305 0.000111769
4306 0.000111769
4307 0.000111769
4308 0.000111769
4309 0.000111769
4310 0.000111769
4311 0.000111769
4312 0.000111769
4313 0.000111769
4314 0.000111769
4315 0.000111769
4316 0.000111769
4317 0.000111769
4318 0.000111769
4319 0.000111769
4320 0.000111769
4321 0.000111769
4322 0.000111769
4323 0.000111769
4324 0.000111769
4325 0.000111769
4326 0.000111769
4327 0.000111769
4328 0.000111769
4329 0.000111769
4330 0.000111769
4331 0.000111769
4332 0.000111769
4333 0.000111769
4334 0.000111769
4335 0.000111769
4336 0.000111769
4337 0.000111769
4338 0.000111769
4339 0.000111769
4340 0.000111769
4341 0.000111769
4342 0.000111769
4343 0.000111769
4344 0.000111769
4345 0.000111769
4346 0.000111769
4347 0.000111769
4348 0.000111769
4349 0.000111769
4350 0.000111769
4351 0.000111769
4352 0.000111769
4353 0.000111769
4354 0.000111769
4355 0.000111769
4356 0.000111769
4357 0.000111769
4358 0.000111769
4359 0.000111769
4360 0.000111769
4361 0.000111769
4362 0.000111769
4363 0.000111769
4364 0.000111769
4365 0.000111769
4366 0.000111769
4367 0.000111769
4368 0.000111769
4369 0.000111769
4370 0.000111769
4371 0.000111769
4372 0.000111769
4373 0.000111769
4374 0.000111769
4375 0.000111769
4376 0.000111769
4377 0.000111769
4378 0.000111769
4379 0.000111769
4380 0.000111769
4381 0.000111769
4382 0.000111769
4383 0.000111769
4384 0.000111769
4385 0.000111769
4386 0.000111769
4387 0.000111769
4388 0.000111769
4389 0.000111769
4390 0.000111769
4391 0.000111769
4392 0.000111769
4393 0.000111769
4394 0.000111769
4395 0.000111769
4396 0.000111769
4397 0.000111769
4398 0.000111769
4399 0.000111769
4400 0.000111769
4401 0.000111769
4402 0.000111769
4403 0.000111769
4404 0.000111769
4405 0.000111769
4406 0.000111769
4407 0.000111769
4408 0.000111769
4409 0.000111769
4410 0.000111769
4411 0.000111769
4412 0.000111769
4413 0.000111769
4414 0.000111769
4415 0.000111769
4416 0.000111769
4417 0.000111769
4418 0.000111769
4419 0.000111769
4420 0.000111769
4421 0.000111769
4422 0.000111769
4423 0.000111769
4424 0.000111769
4425 0.000111769
4426 0.000111769
4427 0.000111769
4428 0.000111769
4429 0.000111769
4430 0.000111769
4431 0.000111769
4432 0.000111769
4433 0.000111769
4434 0.000111769
4435 0.000111769
4436 0.000111769
4437 0.000111769
4438 0.000111769
4439 0.000111769
4440 0.000111769
4441 0.000111769
4442 0.000111769
4443 0.000111769
4444 0.000111769
4445 0.000111769
4446 0.000111769
4447 0.000111769
4448 0.000111769
4449 0.000111769
4450 0.000111769
4451 0.000111769
4452 0.000111769
4453 0.000111769
4454 0.000111769
4455 0.000111769
4456 0.000111769
4457 0.000111769
4458 0.000111769
4459 0.000111769
4460 0.000111769
4461 0.000111769
4462 0.000111769
4463 0.000111769
4464 0.000111769
4465 0.000111769
4466 0.000111769
4467 0.000111769
4468 0.000111769
4469 0.000111769
4470 0.000111769
4471 0.000111769
4472 0.000111769
4473 0.000111769
4474 0.000111769
4475 0.000111769
4476 0.000111769
4477 0.000111769
4478 0.000111769
4479 0.000111769
4480 0.000111769
4481 0.000111769
4482 0.000111769
4483 0.000111769
4484 0.000111769
4485 0.000111769
4486 0.000111769
4487 0.000111769
4488 0.000111769
4489 0.000111769
4490 0.000111769
4491 0.000111769
4492 0.000111769
4493 0.000111769
4494 0.000111769
4495 0.000111769
4496 0.000111769
4497 0.000111769
4498 0.000111769
4499 0.000111769
4500 0.000111769
4501 0.000111769
4502 0.000111769
4503 0.000111769
4504 0.000111769
4505 0.000111769
4506 0.000111769
4507 0.000111769
4508 0.000111769
4509 0.000111769
4510 0.000111769
4511 0.000111769
4512 0.000111769
4513 0.000111769
4514 0.000111769
4515 0.000111769
4516 0.000111769
4517 0.000111769
4518 0.000111769
4519 0.000111769
4520 0.000111769
4521 0.000111769
4522 0.000111769
4523 0.000111769
4524 0.000111769
4525 0.000111769
4526 0.000111769
4527 0.000111769
4528 0.000111769
4529 0.000111769
4530 0.000111769
4531 0.000111769
4532 0.000111769
4533 0.000111769
4534 0.000111769
4535 0.000111769
4536 0.000111769
4537 0.000111769
4538 0.000111769
4539 0.000111769
4540 0.000111769
4541 0.000111769
4542 0.000111769
4543 0.000111769
4544 0.000111769
4545 0.000111769
4546 0.000111769
4547 0.000111769
4548 0.000111769
4549 0.000111769
4550 0.000111769
4551 0.000111769
4552 0.000111769
4553 0.000111769
4554 0.000111769
4555 0.000111769
4556 0.000111769
4557 0.000111769
4558 0.000111769
4559 0.000111769
4560 0.000111769
4561 0.000111769
4562 0.000111769
4563 0.000111769
4564 0.000111769
4565 0.000111769
4566 0.000111769
4567 0.000111769
4568 0.000111769
4569 0.000111769
4570 0.000111769
4571 0.000111769
4572 0.000111769
4573 0.000111769
4574 0.000111769
4575 0.000111769
4576 0.000111769
4577 0.000111769
4578 0.000111769
4579 0.000111769
4580 0.000111769
4581 0.000111769
4582 0.000111769
4583 0.000111769
4584 0.000111769
4585 0.000111769
4586 0.000111769
4587 0.000111769
4588 0.000111769
4589 0.000111769
4590 0.000111769
4591 0.000111769
4592 0.000111769
4593 0.000111769
4594 0.000111769
4595 0.000111769
4596 0.000111769
4597 0.000111769
4598 0.000111769
4599 0.000111769
4600 0.000111769
4601 0.000111769
4602 0.000111769
4603 0.000111769
4604 0.000111769
4605 0.000111769
4606 0.000111769
4607 0.000111769
4608 0.000111769
4609 0.000111769
4610 0.000111769
4611 0.000111769
4612 0.000111769
4613 0.000111769
4614 0.000111769
4615 0.000111769
4616 0.000111769
4617 0.000111769
4618 0.000111769
4619 0.000111769
4620 0.000111769
4621 0.000111769
4622 0.000111769
4623 0.000111769
4624 0.000111769
4625 0.000111769
4626 0.000111769
4627 0.000111769
4628 0.000111769
4629 0.000111769
4630 0.000111769
4631 0.000111769
4632 0.000111769
4633 0.000111769
4634 0.000111769
4635 0.000111769
4636 0.000111769
4637 0.000111769
4638 0.000111769
4639 0.000111769
4640 0.000111769
4641 0.000111769
4642 0.000111769
4643 0.000111769
4644 0.000111769
4645 0.000111769
4646 0.000111769
4647 0.000111769
4648 0.000111769
4649 0.000111769
4650 0.000111769
4651 0.000111769
4652 0.000111769
4653 0.000111769
4654 0.000111769
4655 0.000111769
4656 0.000111769
4657 0.000111769
4658 0.000111769
4659 0.000111769
4660 0.000111769
4661 0.000111769
4662 0.000111769
4663 0.000111769
4664 0.000111769
4665 0.000111769
4666 0.000111769
4667 0.000111769
4668 0.000111769
4669 0.000111769
4670 0.000111769
4671 0.000111769
4672 0.000111769
4673 0.000111769
4674 0.000111769
4675 0.000111769
4676 0.000111769
4677 0.000111769
4678 0.000111769
4679 0.000111769
4680 0.000111769
4681 0.000111769
4682 0.000111769
4683 0.000111769
4684 0.000111769
4685 0.000111769
4686 0.000111769
4687 0.000111769
4688 0.000111769
4689 0.000111769
4690 0.000111769
4691 0.000111769
4692 0.000111769
4693 0.000111769
4694 0.000111769
4695 0.000111769
4696 0.000111769
4697 0.000111769
4698 0.000111769
4699 0.000111769
4700 0.000111769
4701 0.000111769
4702 0.000111769
4703 0.000111769
4704 0.000111769
4705 0.000111769
4706 0.000111769
4707 0.000111769
4708 0.000111769
4709 0.000111769
4710 0.000111769
4711 0.000111769
4712 0.000111769
4713 0.000111769
4714 0.000111769
4715 0.000111769
4716 0.000111769
4717 0.000111769
4718 0.000111769
4719 0.000111769
4720 0.000111769
4721 0.000111769
4722 0.000111769
4723 0.000111769
4724 0.000111769
4725 0.000111769
4726 0.000111769
4727 0.000111769
4728 0.000111769
4729 0.000111769
4730 0.000111769
4731 0.000111769
4732 0.000111769
4733 0.000111769
4734 0.000111769
4735 0.000111769
4736 0.000111769
4737 0.000111769
4738 0.000111769
4739 0.000111769
4740 0.000111769
4741 0.000111769
4742 0.000111769
4743 0.000111769
4744 0.000111769
4745 0.000111769
4746 0.000111769
4747 0.000111769
4748 0.000111769
4749 0.000111769
4750 0.000111769
4751 0.000111769
4752 0.000111769
4753 0.000111769
4754 0.000111769
4755 0.000111769
4756 0.000111769
4757 0.000111769
4758 0.000111769
4759 0.000111769
4760 0.000111769
4761 0.000111769
4762 0.000111769
4763 0.000111769
4764 0.000111769
4765 0.000111769
4766 0.000111769
4767 0.000111769
4768 0.000111769
4769 0.000111769
4770 0.000111769
4771 0.000111769
4772 0.000111769
4773 0.000111769
4774 0.000111769
4775 0.000111769
4776 0.000111769
4777 0.000111769
4778 0.000111769
4779 0.000111769
4780 0.000111769
4781 0.000111769
4782 0.000111769
4783 0.000111769
4784 0.000111769
4785 0.000111769
4786 0.000111769
4787 0.000111769
4788 0.000111769
4789 0.000111769
4790 0.000111769
4791 0.000111769
4792 0.000111769
4793 7.45129e-05
4794 7.45129e-05
4795 7.45129e-05
4796 7.45129e-05
4797 7.45129e-05
4798 7.45129e-05
4799 7.45129e-05
4800 7.45129e-05
4801 7.45129e-05
4802 7.45129e-05
4803 7.45129e-05
4804 7.45129e-05
4805 7.45129e-05
4806 7.45129e-05
4807 7.45129e-05
4808 7.45129e-05
4809 7.45129e-05
4810 7.45129e-05
4811 7.45129e-05
4812 7.45129e-05
4813 7.45129e-05
4814 7.45129e-05
4815 7.45129e-05
4816 7.45129e-05
4817 7.45129e-05
4818 7.45129e-05
4819 7.45129e-05
4820 7.45129e-05
4821 7.45129e-05
4822 7.45129e-05
4823 7.45129e-05
4824 7.45129e-05
4825 7.45129e-05
4826 7.45129e-05
4827 7.45129e-05
4828 7.45129e-05
4829 7.45129e-05
4830 7.45129e-05
4831 7.45129e-05
4832 7.45129e-05
4833 7.45129e-05
4834 7.45129e-05
4835 7.45129e-05
4836 7.45129e-05
4837 7.45129e-05
4838 7.45129e-05
4839 7.45129e-05
4840 7.45129e-05
4841 7.45129e-05
4842 7.45129e-05
4843 7.45129e-05
4844 7.45129e-05
4845 7.45129e-05
4846 7.45129e-05
4847 7.45129e-05
4848 7.45129e-05
4849 7.45129e-05
4850 7.45129e-05
4851 7.45129e-05
4852 7.45129e-05
4853 7.45129e-05
4854 7.45129e-05
4855 7.45129e-05
4856 7.45129e-05
4857 7.45129e-05
4858 7.45129e-05
4859 7.45129e-05
4860 7.45129e-05
4861 7.45129e-05
4862 7.45129e-05
4863 7.45129e-05
4864 7.45129e-05
4865 7.45129e-05
4866 7.45129e-05
4867 7.45129e-05
4868 7.45129e-05
4869 7.45129e-05
4870 7.45129e-05
4871 7.45129e-05
4872 7.45129e-05
4873 7.45129e-05
4874 7.45129e-05
4875 7.45129e-05
4876 7.45129e-05
4877 7.45129e-05
4878 7.45129e-05
4879 7.45129e-05
4880 7.45129e-05
4881 7.45129e-05
4882 7.45129e-05
4883 7.45129e-05
4884 7.45129e-05
4885 7.45129e-05
4886 7.45129e-05
4887 7.45129e-05
4888 7.45129e-05
4889 7.45129e-05
4890 7.45129e-05
4891 7.45129e-05
4892 7.45129e-05
4893 7.45129e-05
4894 7.45129e-05
4895 7.45129e-05
4896 7.45129e-05
4897 7.45129e-05
4898 7.45129e-05
4899 7.45129e-05
4900 7.45129e-05
4901 7.45129e-05
4902 7.45129e-05
4903 7.45129e-05
4904 7.45129e-05
4905 7.45129e-05
4906 7.45129e-05
4907 7.45129e-05
4908 7.45129e-05
4909 7.45129e-05
4910 7.45129e-05
4911 7.45129e-05
4912 7.45129e-05
4913 7.45129e-05
4914 7.45129e-05
4915 7.45129e-05
4916 7.45129e-05
4917 7.45129e-05
4918 7.45129e-05
4919 7.45129e-05
4920 7.45129e-05
4921 7.45129e-05
4922 7.45129e-05
4923 7.45129e-05
4924 7.45129e-05
4925 7.45129e-05
4926 7.45129e-05
4927 7.45129e-05
4928 7.45129e-05
4929 7.45129e-05
4930 7.45129e-05
4931 7.45129e-05
4932 7.45129e-05
4933 7.45129e-05
4934 7.45129e-05
4935 7.45129e-05
4936 7.45129e-05
4937 7.45129e-05
4938 7.45129e-05
4939 7.45129e-05
4940 7.45129e-05
4941 7.45129e-05
4942 7.45129e-05
4943 7.45129e-05
4944 7.45129e-05
4945 7.45129e-05
4946 7.45129e-05
4947 7.45129e-05
4948 7.45129e-05
4949 7.45129e-05
4950 7.45129e-05
4951 7.45129e-05
4952 7.45129e-05
4953 7.45129e-05
4954 7.45129e-05
4955 7.45129e-05
4956 7.45129e-05
4957 7.45129e-05
4958 7.45129e-05
4959 7.45129e-05
4960 7.45129e-05
4961 7.45129e-05
4962 7.45129e-05
4963 7.45129e-05
4964 7.45129e-05
4965 7.45129e-05
4966 7.45129e-05
4967 7.45129e-05
4968 7.45129e-05
4969 7.45129e-05
4970 7.45129e-05
4971 7.45129e-05
4972 7.45129e-05
4973 7.45129e-05
4974 7.45129e-05
4975 7.45129e-05
4976 7.45129e-05
4977 7.45129e-05
4978 7.45129e-05
4979 7.45129e-05
4980 7.45129e-05
4981 7.45129e-05
4982 7.45129e-05
4983 7.45129e-05
4984 7.45129e-05
4985 7.45129e-05
4986 7.45129e-05
4987 7.45129e-05
4988 7.45129e-05
4989 7.45129e-05
4990 7.45129e-05
4991 7.45129e-05
4992 7.45129e-05
4993 7.45129e-05
4994 7.45129e-05
4995 7.45129e-05
4996 7.45129e-05
4997 7.45129e-05
4998 7.45129e-05
4999 7.45129e-05
5000 7.45129e-05
5001 7.45129e-05
5002 7.45129e-05
5003 7.45129e-05
5004 7.45129e-05
5005 7.45129e-05
5006 7.45129e-05
5007 7.45129e-05
5008 7.45129e-05
5009 7.45129e-05
5010 7.45129e-05
5011 7.45129e-05
5012 7.45129e-05
5013 7.45129e-05
5014 7.45129e-05
5015 7.45129e-05
5016 7.45129e-05
5017 7.45129e-05
5018 7.45129e-05
5019 7.45129e-05
5020 7.45129e-05
5021 7.45129e-05
5022 7.45129e-05
5023 7.45129e-05
5024 7.45129e-05
5025 7.45129e-05
5026 7.45129e-05
5027 7.45129e-05
5028 7.45129e-05
5029 7.45129e-05
5030 7.45129e-05
5031 7.45129e-05
5032 7.45129e-05
5033 7.45129e-05
5034 7.45129e-05
5035 7.45129e-05
5036 7.45129e-05
5037 7.45129e-05
5038 7.45129e-05
5039 7.45129e-05
5040 7.45129e-05
5041 7.45129e-05
5042 7.45129e-05
5043 7.45129e-05
5044 7.45129e-05
5045 7.45129e-05
5046 7.45129e-05
5047 7.45129e-05
5048 7.45129e-05
5049 7.45129e-05
5050 7.45129e-05
5051 7.45129e-05
5052 7.45129e-05
5053 7.45129e-05
5054 7.45129e-05
5055 7.45129e-05
5056 7.45129e-05
5057 7.45129e-05
5058 7.45129e-05
5059 7.45129e-05
5060 7.45129e-05
5061 7.45129e-05
5062 7.45129e-05
5063 7.45129e-05
5064 7.45129e-05
5065 7.45129e-05
5066 7.45129e-05
5067 7.45129e-05
5068 7.45129e-05
5069 7.45129e-05
5070 7.45129e-05
5071 7.45129e-05
5072 7.45129e-05
5073 7.45129e-05
5074 7.45129e-05
5075 7.45129e-05
5076 7.45129e-05
5077 7.45129e-05
5078 7.45129e-05
5079 7.45129e-05
5080 7.45129e-05
5081 7.45129e-05
5082 7.45129e-05
5083 7.45129e-05
5084 7.45129e-05
5085 7.45129e-05
5086 7.45129e-05
5087 7.45129e-05
5088 7.45129e-05
5089 7.45129e-05
5090 7.45129e-05
5091 7.45129e-05
5092 7.45129e-05
5093 7.45129e-05
5094 7.45129e-05
5095 7.45129e-05
5096 7.45129e-05
5097 7.45129e-05
5098 7.45129e-05
5099 7.45129e-05
5100 7.45129e-05
5101 7.45129e-05
5102 7.45129e-05
5103 7.45129e-05
5104 7.45129e-05
5105 7.45129e-05
5106 7.45129e-05
5107 7.45129e-05
5108 7.45129e-05
5109 7.45129e-05
5110 7.45129e-05
5111 7.45129e-05
5112 7.45129e-05
5113 7.45129e-05
5114 7.45129e-05
5115 7.45129e-05
5116 7.45129e-05
5117 7.45129e-05
5118 7.45129e-05
5119 7.45129e-05
5120 7.45129e-05
5121 7.45129e-05
5122 7.45129e-05
5123 7.45129e-05
5124 7.45129e-05
5125 7.45129e-05
5126 7.45129e-05
5127 7.45129e-05
5128 7.45129e-05
5129 7.45129e-05
5130 7.45129e-05
5131 7.45129e-05
5132 7.45129e-05
5133 7.45129e-05
5134 7.45129e-05
5135 7.45129e-05
5136 7.45129e-05
5137 7.45129e-05
5138 7.45129e-05
5139 7.45129e-05
5140 7.45129e-05
5141 7.45129e-05
5142 7.45129e-05
5143 7.45129e-05
5144 7.45129e-05
5145 7.45129e-05
5146 7.45129e-05
5147 7.45129e-05
5148 7.45129e-05
5149 7.45129e-05
5150 7.45129e-05
5151 7.45129e-05
5152 7.45129e-05
5153 7.45129e-05
5154 7.45129e-05
5155 7.45129e-05
5156 7.45129e-05
5157 7.45129e-05
5158 7.45129e-05
5159 7.45129e-05
5160 7.45129e-05
5161 7.45129e-05
5162 7.45129e-05
5163 7.45129e-05
5164 7.45129e-05
5165 7.45129e-05
5166 7.45129e-05
5167 7.45129e-05
5168 7.45129e-05
5169 3.72564e-05
5170 3.72564e-05
5171 3.72564e-05
5172 3.72564e-05
5173 3.72564e-05
5174 3.72564e-05
5175 3.72564e-05
5176 3.72564e-05
5177 3.72564e-05
5178 3.72564e-05
5179 3.72564e-05
5180 3.72564e-05
5181 3.72564e-05
5182 3.72564e-05
5183 3.72564e-05
5184 3.72564e-05
5185 3.72564e-05
5186 3.72564e-05
5187 3.72564e-05
5188 3.72564e-05
5189 3.72564e-05
5190 3.72564e-05
5191 3.72564e-05
5192 3.72564e-05
5193 3.72564e-05
5194 3.72564e-05
5195 3.72564e-05
5196 3.72564e-05
5197 3.72564e-05
5198 3.72564e-05
5199 3.72564e-05
5200 3.72564e-05
5201 3.72564e-05
5202 3.72564e-05
5203 3.72564e-05
5204 3.72564e-05
5205 3.72564e-05
5206 3.72564e-05
5207 3.72564e-05
5208 3.72564e-05
5209 3.72564e-05
5210 3.72564e-05
5211 3.72564e-05
5212 3.72564e-05
5213 3.72564e-05
5214 3.72564e-05
5215 3.72564e-05
5216 3.72564e-05
5217 3.72564e-05
5218 3.72564e-05
5219 3.72564e-05
5220 3.72564e-05
5221 3.72564e-05
5222 3.72564e-05
5223 3.72564e-05
5224 3.72564e-05
5225 3.72564e-05
5226 3.72564e-05
5227 3.72564e-05
5228 3.72564e-05
5229 3.72564e-05
5230 3.72564e-05
5231 3.72564e-05
5232 3.72564e-05
5233 3.72564e-05
5234 3.72564e-05
5235 3.72564e-05
5236 3.72564e-05
5237 3.72564e-05
5238 3.72564e-05
5239 3.72564e-05
5240 3.72564e-05
5241 3.72564e-05
5242 3.72564e-05
5243 3.72564e-05
5244 3.72564e-05
5245 3.72564e-05
5246 3.72564e-05
5247 3.72564e-05
5248 3.72564e-05
5249 3.72564e-05
5250 3.72564e-05
5251 3.72564e-05
5252 3.72564e-05
5253 3.72564e-05
5254 3.72564e-05
5255 3.72564e-05
5256 3.72564e-05
5257 3.72564e-05
5258 3.72564e-05
5259 3.72564e-05
5260 3.72564e-05
5261 3.72564e-05
5262 3.72564e-05
5263 3.72564e-05
5264 3.72564e-05
5265 3.72564e-05
5266 3.72564e-05
5267 3.72564e-05
5268 3.72564e-05
5269 3.72564e-05
5270 3.72564e-05
5271 3.72564e-05
5272 3.72564e-05
5273 3.72564e-05
5274 3.72564e-05
5275 3.72564e-05
5276 3.72564e-05
5277 3.72564e-05
5278 3.72564e-05
5279 3.72564e-05
5280 3.72564e-05
5281 3.72564e-05
5282 3.72564e-05
5283 3.72564e-05
5284 3.72564e-05
5285 3.72564e-05
5286 3.72564e-05
5287 3.72564e-05
5288 3.72564e-05
5289 3.72564e-05
5290 3.72564e-05
5291 3.72564e-05
5292 3.72564e-05
5293 3.72564e-05
5294 3.72564e-05
5295 3.72564e-05
5296 3.72564e-05
5297 3.72564e-05
5298 3.72564e-05
5299 3.72564e-05
5300 3.72564e-05
5301 3.72564e-05
5302 3.72564e-05
5303 3.72564e-05
5304 3.72564e-05
5305 3.72564e-05
5306 3.72564e-05
5307 3.72564e-05
5308 3.72564e-05
5309 3.72564e-05
5310 3.72564e-05
5311 3.72564e-05
5312 3.72564e-05
5313 3.72564e-05
5314 3.72564e-05
5315 3.72564e-05
5316 3.72564e-05
5317 3.72564e-05
5318 3.72564e-05
5319 3.72564e-05
5320 3.72564e-05
5321 3.72564e-05
5322 3.72564e-05
5323 3.72564e-05
5324 3.72564e-05
5325 3.72564e-05
5326 3.72564e-05
5327 3.72564e-05
5328 3.72564e-05
5329 3.72564e-05
5330 3.72564e-05
5331 3.72564e-05
5332 3.72564e-05
5333 3.72564e-05
5334 3.72564e-05
5335 3.72564e-05
5336 3.72564e-05
5337 3.72564e-05
5338 3.72564e-05
5339 3.72564e-05
5340 3.72564e-05
5341 3.72564e-05
5342 3.72564e-05
5343 3.72564e-05
5344 3.72564e-05
5345 3.72564e-05
5346 3.72564e-05
5347 3.72564e-05
5348 3.72564e-05
5349 3.72564e-05
5350 3.72564e-05
5351 3.72564e-05
5352 3.72564e-05
5353 3.72564e-05
5354 3.72564e-05
5355 3.72564e-05
5356 3.72564e-05
5357 3.72564e-05
5358 3.72564e-05
5359 3.72564e-05
5360 3.72564e-05
5361 3.72564e-05
5362 3.72564e-05
5363 3.72564e-05
5364 3.72564e-05
5365 3.72564e-05
5366 3.72564e-05
5367 3.72564e-05
5368 3.72564e-05
5369 3.72564e-05
5370 3.72564e-05
5371 3.72564e-05
5372 3.72564e-05
5373 3.72564e-05
5374 3.72564e-05
5375 3.72564e-05
5376 3.72564e-05
5377 3.72564e-05
5378 3.72564e-05
5379 3.72564e-05
5380 3.72564e-05
5381 3.72564e-05
5382 3.72564e-05
5383 3.72564e-05
5384 3.72564e-05
5385 3.72564e-05
5386 3.72564e-05
5387 3.72564e-05
5388 3.72564e-05
5389 3.72564e-05
5390 3.72564e-05
5391 3.72564e-05
5392 3.72564e-05
5393 3.72564e-05
5394 3.72564e-05
5395 3.72564e-05
5396 3.72564e-05
5397 3.72564e-05
5398 3.72564e-05
5399 3.72564e-05
5400 3.72564e-05
5401 3.72564e-05
5402 3.72564e-05
5403 3.72564e-05
5404 3.72564e-05
5405 3.72564e-05
5406 3.72564e-05
5407 3.72564e-05
5408 3.72564e-05
5409 3.72564e-05
5410 3.72564e-05
5411 3.72564e-05
5412 3.72564e-05
5413 3.72564e-05
5414 3.72564e-05
5415 3.72564e-05
5416 3.72564e-05
5417 3.72564e-05
5418 3.72564e-05
5419 3.72564e-05
5420 3.72564e-05
5421 3.72564e-05
5422 3.72564e-05
5423 3.72564e-05
5424 3.72564e-05
5425 3.72564e-05
5426 3.72564e-05
5427 3.72564e-05
5428 3.72564e-05
5429 3.72564e-05
5430 3.72564e-05
5431 3.72564e-05
5432 3.72564e-05
5433 3.72564e-05
5434 3.72564e-05
5435 3.72564e-05
5436 3.72564e-05
5437 3.72564e-05
5438 3.72564e-05
5439 3.72564e-05
5440 3.72564e-05
5441 3.72564e-05
5442 3.72564e-05
5443 3.72564e-05
5444 3.72564e-05
5445 3.72564e-05
5446 3.72564e-05
5447 3.72564e-05
5448 3.72564e-05
5449 3.72564e-05
5450 3.72564e-05
5451 3.72564e-05
5452 3.72564e-05
5453 3.72564e-05
5454 3.72564e-05
5455 3.72564e-05
5456 3.72564e-05
5457 3.72564e-05
5458 3.72564e-05
5459 3.72564e-05
5460 3.72564e-05
5461 3.72564e-05
5462 3.72564e-05
5463 3.72564e-05
5464 3.72564e-05
5465 3.72564e-05
5466 3.72564e-05
5467 3.72564e-05
5468 3.72564e-05
5469 3.72564e-05
5470 3.72564e-05
5471 3.72564e-05
5472 3.72564e-05
5473 3.72564e-05
5474 3.72564e-05
5475 3.72564e-05
5476 3.72564e-05
5477 3.72564e-05
5478 3.72564e-05
5479 3.72564e-05
5480 3.72564e-05
5481 3.72564e-05
5482 3.72564e-05
5483 3.72564e-05
5484 3.72564e-05
5485 3.72564e-05
5486 3.72564e-05
5487 3.72564e-05
5488 3.72564e-05
5489 3.72564e-05
5490 3.72564e-05
5491 3.72564e-05
5492 3.72564e-05
5493 3.72564e-05
5494 3.72564e-05
5495 3.72564e-05
5496 3.72564e-05
5497 3.72564e-05
5498 3.72564e-05
5499 3.72564e-05
5500 3.72564e-05
5501 3.72564e-05
5502 3.72564e-05
5503 3.72564e-05
5504 3.72564e-05
5505 3.72564e-05
5506 3.72564e-05
5507 3.72564e-05
5508 3.72564e-05
5509 3.72564e-05
5510 3.72564e-05
5511 3.72564e-05
5512 3.72564e-05
5513 3.72564e-05
5514 3.72564e-05
5515 3.72564e-05
5516 3.72564e-05
5517 3.72564e-05
5518 3.72564e-05
5519 3.72564e-05
5520 3.72564e-05
5521 3.72564e-05
5522 3.72564e-05
5523 3.72564e-05
5524 3.72564e-05
5525 3.72564e-05
5526 3.72564e-05
5527 3.72564e-05
5528 3.72564e-05
5529 3.72564e-05
5530 3.72564e-05
5531 3.72564e-05
5532 3.72564e-05
5533 3.72564e-05
5534 3.72564e-05
5535 3.72564e-05
5536 3.72564e-05
