0 1
1 1
2 1
3 1
4 1
5 1
6 1
7 1
8 1
9 0.980752
10 0.961505
11 0.940405
12 0.920064
13 0.900301
14 0.880112
15 0.861137
16 0.842193
17 0.823613
18 0.805367
19 0.788761
20 0.772549
21 0.75743
22 0.742524
23 0.728043
24 0.712651
25 0.699475
26 0.685722
27 0.673214
28 0.659917
29 0.646893
30 0.634506
31 0.621968
32 0.61031
33 0.599593
34 0.588482
35 0.577856
36 0.567838
37 0.55876
38 0.548468
39 0.538662
40 0.529676
41 0.521601
42 0.51228
43 0.504023
44 0.496281
45 0.488418
46 0.480464
47 0.472024
48 0.465102
49 0.457482
50 0.450044
51 0.443122
52 0.435806
53 0.429157
54 0.422508
55 0.415435
56 0.408877
57 0.402653
58 0.396065
59 0.389326
60 0.383466
61 0.378245
62 0.372385
63 0.366101
64 0.360697
65 0.35499
66 0.349282
67 0.344333
68 0.339415
69 0.334193
70 0.329154
71 0.324721
72 0.319348
73 0.314642
74 0.31027
75 0.305383
76 0.300981
77 0.297095
78 0.292268
79 0.287926
80 0.283403
81 0.279729
82 0.275661
83 0.272018
84 0.268193
85 0.264732
86 0.261332
87 0.256929
88 0.253165
89 0.250159
90 0.247275
91 0.244755
92 0.241659
93 0.237985
94 0.234828
95 0.231944
96 0.228999
97 0.225842
98 0.222836
99 0.219679
100 0.217007
101 0.21467
102 0.211876
103 0.208537
104 0.205926
105 0.203376
106 0.200826
107 0.198002
108 0.195179
109 0.192659
110 0.190655
111 0.188075
112 0.185677
113 0.183126
114 0.181214
115 0.179423
116 0.177146
117 0.175112
118 0.172895
119 0.170679
120 0.168675
121 0.166095
122 0.164122
123 0.162239
124 0.159902
125 0.158019
126 0.156289
127 0.154042
128 0.151856
129 0.150156
130 0.148547
131 0.146604
132 0.144844
133 0.143174
134 0.141322
135 0.139318
136 0.137497
137 0.135614
138 0.133945
139 0.132336
140 0.130909
141 0.128844
142 0.127417
143 0.125474
144 0.124108
145 0.123106
146 0.121892
147 0.120495
148 0.119008
149 0.117095
150 0.115608
151 0.114181
152 0.112997
153 0.111357
154 0.110113
155 0.10902
156 0.107987
157 0.106682
158 0.105619
159 0.104405
160 0.10316
161 0.102159
162 0.100519
163 0.099578
164 0.0983029
165 0.0972707
166 0.0959349
167 0.0949634
168 0.0940223
169 0.0930204
170 0.09214
171 0.0915025
172 0.0899845
173 0.0889219
174 0.087829
175 0.0867057
176 0.0853396
177 0.0843074
178 0.0831537
179 0.0820304
180 0.0812107
181 0.0801178
182 0.0790856
183 0.0782962
184 0.0774462
185 0.0769604
186 0.0761711
187 0.075321
188 0.0744103
189 0.0734995
190 0.0723762
191 0.071678
192 0.0709797
193 0.0703725
194 0.069401
195 0.068976
196 0.0683384
197 0.0672759
198 0.0665473
199 0.0655758
200 0.06509
201 0.0645132
202 0.0639364
203 0.0630256
204 0.0622059
205 0.0615076
206 0.0607183
207 0.0598075
208 0.0594129
209 0.058836
210 0.0581985
211 0.0574395
212 0.0569841
213 0.0563162
214 0.0556787
215 0.0551322
216 0.0546465
217 0.0540393
218 0.0536143
219 0.0530678
220 0.0527338
221 0.052157
222 0.0512159
223 0.0504569
224 0.0499712
225 0.0494551
226 0.0489997
227 0.048605
228 0.048271
229 0.0476335
230 0.0469352
231 0.0464495
232 0.0458727
233 0.0452048
234 0.0446279
235 0.04396
236 0.0434439
237 0.0430189
238 0.0425332
239 0.0421081
240 0.0416831
241 0.0414099
242 0.0409241
243 0.0402259
244 0.0398616
245 0.0393455
246 0.0387383
247 0.0382525
248 0.0379489
249 0.0375239
250 0.0370382
251 0.0365828
252 0.0358845
253 0.035338
254 0.0349434
255 0.0346094
256 0.0340933
257 0.0336076
258 0.0332129
259 0.0330308
260 0.0326057
261 0.0322718
262 0.0320289
263 0.0317253
264 0.031361
265 0.0311181
266 0.0306324
267 0.0302377
268 0.0299645
269 0.0295395
270 0.0290841
271 0.0287198
272 0.0284465
273 0.0282644
274 0.0279304
275 0.0276875
276 0.0274143
277 0.0272322
278 0.0267768
279 0.0265035
280 0.0262303
281 0.0259874
282 0.0257446
283 0.0255624
284 0.0252285
285 0.0249856
286 0.0249249
287 0.0248034
288 0.0245909
289 0.0244088
290 0.0240444
291 0.0238319
292 0.0236194
293 0.0233462
294 0.023164
295 0.0226479
296 0.0222836
297 0.0219497
298 0.0217068
299 0.0214943
300 0.021221
301 0.0210996
302 0.020796
303 0.0207049
304 0.0204621
305 0.0202192
306 0.0198549
307 0.0196424
308 0.0194299
309 0.019187
310 0.0188227
311 0.0186709
312 0.0185494
313 0.0183369
314 0.0182155
315 0.0180941
316 0.0179726
317 0.0177905
318 0.0177601
319 0.0175476
320 0.0173654
321 0.0172136
322 0.0170922
323 0.01691
324 0.0166672
325 0.0165761
326 0.016485
327 0.0162725
328 0.0161511
329 0.0159689
330 0.0156046
331 0.0155135
332 0.0153314
333 0.0151189
334 0.014876
335 0.0146938
336 0.014542
337 0.0142081
338 0.014117
339 0.0140259
340 0.0139348
341 0.0138134
342 0.013692
343 0.0134491
344 0.0132366
345 0.0130241
346 0.0127205
347 0.0126598
348 0.012599
349 0.0124776
350 0.0122347
351 0.0121437
352 0.0119919
353 0.0118704
354 0.0116579
355 0.0115668
356 0.0115365
357 0.0113847
358 0.0112329
359 0.0110811
360 0.0109293
361 0.0108686
362 0.0106864
363 0.0106257
364 0.010565
365 0.0104435
366 0.0103221
367 0.0102007
368 0.0099578
369 0.00980601
370 0.00971493
371 0.00956313
372 0.00950241
373 0.00938098
374 0.00935062
375 0.00922918
376 0.00916846
377 0.00904703
378 0.00898631
379 0.00892559
380 0.00883451
381 0.00877379
382 0.00874344
383 0.00874344
384 0.00865236
385 0.008622
386 0.00856128
387 0.00853092
388 0.0084702
389 0.00834877
390 0.00828805
391 0.00807553
392 0.00798446
393 0.0079541
394 0.00786302
395 0.00783266
396 0.00774158
397 0.00771122
398 0.00758979
399 0.00752907
400 0.00752907
401 0.00737727
402 0.00734691
403 0.00731655
404 0.0072862
405 0.00719512
406 0.00719512
407 0.00716476
408 0.0071344
409 0.00710404
410 0.00704332
411 0.00701296
412 0.00692189
413 0.00677009
414 0.00677009
415 0.00664865
416 0.00655758
417 0.00655758
418 0.0064665
419 0.00643614
420 0.00634506
421 0.00628434
422 0.00616291
423 0.00610219
424 0.00601111
425 0.00595039
426 0.00585932
427 0.00582896
428 0.00573788
429 0.0056468
430 0.00552537
431 0.00549501
432 0.00543429
433 0.00537357
434 0.00531285
435 0.00528249
436 0.00525213
437 0.00522177
438 0.00519141
439 0.00516106
440 0.0051307
441 0.0051307
442 0.0051307
443 0.00506998
444 0.0049789
445 0.0049789
446 0.00494854
447 0.00491818
448 0.00491818
449 0.00491818
450 0.00488782
451 0.00488782
452 0.00488782
453 0.00488782
454 0.0048271
455 0.0048271
456 0.00476639
457 0.00470567
458 0.00464495
459 0.00455387
460 0.00455387
461 0.00455387
462 0.00449315
463 0.00440208
464 0.00437172
465 0.004311
466 0.00425028
467 0.00418956
468 0.00412884
469 0.00412884
470 0.00406813
471 0.00397705
472 0.00391633
473 0.00391633
474 0.00391633
475 0.00385561
476 0.00382525
477 0.00379489
478 0.00373418
479 0.00370382
480 0.00367346
481 0.00367346
482 0.0034913
483 0.00346094
484 0.00340022
485 0.00327879
486 0.00321807
487 0.00315735
488 0.00312699
489 0.00312699
490 0.00309663
491 0.00306627
492 0.00303591
493 0.00300556
494 0.00294484
495 0.00291448
496 0.00291448
497 0.00291448
498 0.00288412
499 0.00285376
500 0.0028234
501 0.0028234
502 0.0028234
503 0.0028234
504 0.00279304
505 0.00276268
506 0.00273232
507 0.00270196
508 0.00261089
509 0.00251981
510 0.00248945
511 0.00248945
512 0.00242873
513 0.00242873
514 0.00239837
515 0.00227694
516 0.00221622
517 0.0021555
518 0.0021555
519 0.00212514
520 0.00212514
521 0.00209478
522 0.00206442
523 0.00206442
524 0.00203406
525 0.0020037
526 0.00197334
527 0.00197334
528 0.00197334
529 0.00194299
530 0.00191263
531 0.00191263
532 0.00191263
533 0.00191263
534 0.00188227
535 0.00185191
536 0.00182155
537 0.00182155
538 0.00179119
539 0.00179119
540 0.00179119
541 0.00179119
542 0.00176083
543 0.00173047
544 0.00173047
545 0.00170011
546 0.00170011
547 0.00170011
548 0.00170011
549 0.00170011
550 0.00166975
551 0.00166975
552 0.00166975
553 0.00166975
554 0.00163939
555 0.00163939
556 0.00160903
557 0.00160903
558 0.00160903
559 0.00160903
560 0.00160903
561 0.00160903
562 0.00160903
563 0.00160903
564 0.00157868
565 0.00157868
566 0.00154832
567 0.00151796
568 0.00151796
569 0.0014876
570 0.00145724
571 0.00142688
572 0.00136616
573 0.00136616
574 0.00136616
575 0.00136616
576 0.0013358
577 0.00130544
578 0.00130544
579 0.00130544
580 0.00127508
581 0.00127508
582 0.00127508
583 0.00121437
584 0.00121437
585 0.00121437
586 0.00118401
587 0.00118401
588 0.00118401
589 0.00118401
590 0.00118401
591 0.00118401
592 0.00115365
593 0.00115365
594 0.00115365
595 0.00115365
596 0.00115365
597 0.00112329
598 0.00109293
599 0.00106257
600 0.00103221
601 0.00100185
602 0.000971493
603 0.000971493
604 0.000941134
605 0.000910774
606 0.000910774
607 0.000910774
608 0.000910774
609 0.000910774
610 0.000910774
611 0.000910774
612 0.000910774
613 0.000910774
614 0.000910774
615 0.000910774
616 0.000880415
617 0.000880415
618 0.000880415
619 0.000880415
620 0.000880415
621 0.000880415
622 0.000850056
623 0.000850056
624 0.000850056
625 0.000850056
626 0.000819697
627 0.000819697
628 0.000819697
629 0.000758979
630 0.000758979
631 0.000758979
632 0.000758979
633 0.000758979
634 0.000758979
635 0.000758979
636 0.000758979
637 0.00072862
638 0.00072862
639 0.00072862
640 0.00072862
641 0.00072862
642 0.00072862
643 0.00072862
644 0.00072862
645 0.00072862
646 0.00072862
647 0.00069826
648 0.00069826
649 0.000667901
650 0.000667901
651 0.000667901
652 0.000667901
653 0.000667901
654 0.000667901
655 0.000637542
656 0.000607183
657 0.000607183
658 0.000607183
659 0.000607183
660 0.000607183
661 0.000607183
662 0.000607183
663 0.000607183
664 0.000576824
665 0.000576824
666 0.000576824
667 0.000576824
668 0.000576824
669 0.000576824
670 0.000576824
671 0.000576824
672 0.000546465
673 0.000546465
674 0.000516106
675 0.000516106
676 0.000516106
677 0.000516106
678 0.000516106
679 0.000516106
680 0.000516106
681 0.000516106
682 0.000516106
683 0.000485746
684 0.000485746
685 0.000485746
686 0.000485746
687 0.000455387
688 0.000455387
689 0.000455387
690 0.000455387
691 0.000425028
692 0.000425028
693 0.000425028
694 0.000425028
695 0.000425028
696 0.000425028
697 0.000425028
698 0.000425028
699 0.000425028
700 0.000394669
701 0.000394669
702 0.000394669
703 0.000394669
704 0.000394669
705 0.00036431
706 0.00036431
707 0.000333951
708 0.000333951
709 0.000333951
710 0.000333951
711 0.000333951
712 0.000333951
713 0.000333951
714 0.000333951
715 0.000333951
716 0.000333951
717 0.000333951
718 0.000333951
719 0.000333951
720 0.000333951
721 0.000333951
722 0.000333951
723 0.000333951
724 0.000333951
725 0.000333951
726 0.000333951
727 0.000333951
728 0.000333951
729 0.000333951
730 0.000333951
731 0.000333951
732 0.000333951
733 0.000333951
734 0.000333951
735 0.000333951
736 0.000333951
737 0.000333951
738 0.000333951
739 0.000333951
740 0.000333951
741 0.000333951
742 0.000333951
743 0.000333951
744 0.000333951
745 0.000333951
746 0.000333951
747 0.000303591
748 0.000303591
749 0.000303591
750 0.000303591
751 0.000303591
752 0.000303591
753 0.000303591
754 0.000303591
755 0.000303591
756 0.000303591
757 0.000273232
758 0.000273232
759 0.000273232
760 0.000242873
761 0.000242873
762 0.000242873
763 0.000242873
764 0.000242873
765 0.000242873
766 0.000242873
767 0.000242873
768 0.000242873
769 0.000242873
770 0.000242873
771 0.000242873
772 0.000242873
773 0.000242873
774 0.000242873
775 0.000242873
776 0.000212514
777 0.000212514
778 0.000212514
779 0.000212514
780 0.000212514
781 0.000212514
782 0.000212514
783 0.000212514
784 0.000212514
785 0.000212514
786 0.000212514
787 0.000212514
788 0.000212514
789 0.000212514
790 0.000212514
791 0.000212514
792 0.000212514
793 0.000212514
794 0.000212514
795 0.000212514
796 0.000212514
797 0.000212514
798 0.000212514
799 0.000212514
800 0.000212514
801 0.000182155
802 0.000182155
803 0.000182155
804 0.000182155
805 0.000182155
806 0.000182155
807 0.000182155
808 0.000182155
809 0.000182155
810 0.000182155
811 0.000151796
812 0.000121437
813 0.000121437
814 6.07183e-05
815 6.07183e-05
816 6.07183e-05
817 6.07183e-05
818 6.07183e-05
819 6.07183e-05
820 6.07183e-05
821 6.07183e-05
822 6.07183e-05
823 6.07183e-05
824 6.07183e-05
825 6.07183e-05
826 6.07183e-05
827 6.07183e-05
828 6.07183e-05
829 6.07183e-05
830 6.07183e-05
831 6.07183e-05
832 6.07183e-05
833 6.07183e-05
834 6.07183e-05
835 6.07183e-05
836 6.07183e-05
837 6.07183e-05
838 6.07183e-05
839 6.07183e-05
840 6.07183e-05
841 6.07183e-05
842 6.07183e-05
843 6.07183e-05
844 6.07183e-05
845 6.07183e-05
846 6.07183e-05
847 6.07183e-05
848 6.07183e-05
849 6.07183e-05
850 6.07183e-05
851 6.07183e-05
852 6.07183e-05
853 6.07183e-05
854 3.03591e-05
855 3.03591e-05
856 3.03591e-05
857 3.03591e-05
858 3.03591e-05
859 3.03591e-05
860 3.03591e-05
861 3.03591e-05
862 3.03591e-05
863 3.03591e-05
864 3.03591e-05
865 3.03591e-05
866 3.03591e-05
867 3.03591e-05
868 3.03591e-05
869 3.03591e-05
870 3.03591e-05
871 3.03591e-05
872 3.03591e-05
873 3.03591e-05
874 3.03591e-05
875 3.03591e-05
876 3.03591e-05
877 3.03591e-05
878 3.03591e-05
879 3.03591e-05
880 3.03591e-05
881 3.03591e-05
882 3.03591e-05
883 3.03591e-05
884 3.03591e-05
885 3.03591e-05
886 3.03591e-05
887 3.03591e-05
888 3.03591e-05
889 3.03591e-05
890 3.03591e-05
891 3.03591e-05
892 3.03591e-05
893 3.03591e-05
894 3.03591e-05
895 3.03591e-05
896 3.03591e-05
897 3.03591e-05
898 3.03591e-05
899 3.03591e-05
900 3.03591e-05
901 3.03591e-05
902 3.03591e-05
903 3.03591e-05
904 3.03591e-05
905 3.03591e-05
906 3.03591e-05
907 3.03591e-05
908 3.03591e-05
909 3.03591e-05
910 3.03591e-05
911 3.03591e-05
912 3.03591e-05
913 3.03591e-05
914 3.03591e-05
915 3.03591e-05
916 3.03591e-05
917 3.03591e-05
918 3.03591e-05
919 3.03591e-05
920 3.03591e-05
921 3.03591e-05
922 3.03591e-05
923 3.03591e-05
924 3.03591e-05
925 3.03591e-05
926 3.03591e-05
927 3.03591e-05
928 3.03591e-05
929 3.03591e-05
930 3.03591e-05
931 3.03591e-05
932 3.03591e-05
933 3.03591e-05
934 3.03591e-05
935 3.03591e-05
936 3.03591e-05
937 3.03591e-05
938 3.03591e-05
939 3.03591e-05
940 3.03591e-05
941 3.03591e-05
942 3.03591e-05
943 3.03591e-05
944 3.03591e-05
945 3.03591e-05
946 3.03591e-05
947 3.03591e-05
948 3.03591e-05
949 3.03591e-05
950 3.03591e-05
951 3.03591e-05
952 3.03591e-05
953 3.03591e-05
954 3.03591e-05
955 3.03591e-05
956 3.03591e-05
957 3.03591e-05
958 3.03591e-05
959 3.03591e-05
960 3.03591e-05
961 3.03591e-05
962 3.03591e-05
963 3.03591e-05
964 3.03591e-05
965 3.03591e-05
966 3.03591e-05
967 3.03591e-05
968 3.03591e-05
969 3.03591e-05
970 3.03591e-05
971 3.03591e-05
972 3.03591e-05
973 3.03591e-05
974 3.03591e-05
975 3.03591e-05
976 3.03591e-05
977 3.03591e-05
978 3.03591e-05
979 3.03591e-05
980 3.03591e-05
981 3.03591e-05
982 3.03591e-05
983 3.03591e-05
984 3.03591e-05
985 3.03591e-05
986 3.03591e-05
987 3.03591e-05
988 3.03591e-05
