0 1
1 1
2 1
3 1
4 1
5 0.999937
6 0.999937
7 0.999937
8 0.999937
9 0.968791
10 0.93494
11 0.903354
12 0.872208
13 0.839112
14 0.805638
15 0.771786
16 0.741521
17 0.71176
18 0.685081
19 0.660794
20 0.637073
21 0.613666
22 0.590197
23 0.568867
24 0.550368
25 0.5308
26 0.510225
27 0.493425
28 0.477191
29 0.460014
30 0.444913
31 0.430882
32 0.416787
33 0.402945
34 0.389039
35 0.376833
36 0.365318
37 0.354307
38 0.34317
39 0.33304
40 0.323287
41 0.314352
42 0.306047
43 0.297615
44 0.290191
45 0.282829
46 0.275153
47 0.266532
48 0.257724
49 0.250425
50 0.244951
51 0.239162
52 0.232429
53 0.226137
54 0.219342
55 0.213553
56 0.20789
57 0.202227
58 0.197508
59 0.19172
60 0.186749
61 0.182785
62 0.178569
63 0.174353
64 0.170389
65 0.165922
66 0.161392
67 0.157239
68 0.15403
69 0.150381
70 0.146354
71 0.143522
72 0.140502
73 0.137734
74 0.134776
75 0.13163
76 0.128862
77 0.126093
78 0.123765
79 0.120745
80 0.117536
81 0.114956
82 0.111999
83 0.109986
84 0.107783
85 0.104889
86 0.102246
87 0.100044
88 0.0976531
89 0.0953879
90 0.0933744
91 0.0917385
92 0.0898509
93 0.0883408
94 0.0860127
95 0.0848172
96 0.0828667
97 0.0811049
98 0.0792802
99 0.0782735
100 0.0765746
101 0.0753162
102 0.073869
103 0.0724218
104 0.07066
105 0.0691499
106 0.0675769
107 0.0662556
108 0.0654376
109 0.0636758
110 0.0621028
111 0.0614736
112 0.0602152
113 0.0587051
114 0.0575096
115 0.0568175
116 0.055622
117 0.0541748
118 0.0531051
119 0.0522242
120 0.0513434
121 0.0506512
122 0.0492041
123 0.0485119
124 0.0479456
125 0.0473164
126 0.0461209
127 0.0450513
128 0.0443592
129 0.0434783
130 0.0431007
131 0.0420311
132 0.0414019
133 0.0408356
134 0.0399547
135 0.0392626
136 0.0387592
137 0.0382558
138 0.0375008
139 0.0368087
140 0.0364311
141 0.0353615
142 0.0345435
143 0.0342289
144 0.0337885
145 0.0331593
146 0.03253
147 0.0320896
148 0.0316492
149 0.0312716
150 0.0305166
151 0.0300132
152 0.0296357
153 0.0288806
154 0.0285031
155 0.0280627
156 0.0273705
157 0.0269301
158 0.0264896
159 0.0259863
160 0.0256717
161 0.0252312
162 0.0248537
163 0.0240987
164 0.0234695
165 0.023029
166 0.0227144
167 0.0223998
168 0.0221481
169 0.0218964
170 0.0216447
171 0.0212672
172 0.0210785
173 0.020638
174 0.0203234
175 0.0201347
176 0.0197571
177 0.0194425
178 0.0191279
179 0.0186875
180 0.0185616
181 0.0181212
182 0.0176807
183 0.0174291
184 0.0171145
185 0.0170515
186 0.0169257
187 0.0166111
188 0.0162965
189 0.015856
190 0.0154785
191 0.0152268
192 0.015101
193 0.0149122
194 0.0145347
195 0.0142201
196 0.0139684
197 0.0136538
198 0.0133392
199 0.0131504
200 0.0130246
201 0.0125842
202 0.0123954
203 0.0122696
204 0.011892
205 0.0115774
206 0.0114516
207 0.0113887
208 0.0112628
209 0.0108853
210 0.0106336
211 0.0105078
212 0.0101932
213 0.00981564
214 0.00981564
215 0.00962688
216 0.00956396
217 0.00956396
218 0.00924935
219 0.00874599
220 0.00849431
221 0.00824262
222 0.00824262
223 0.00824262
224 0.00811678
225 0.00792802
226 0.00773926
227 0.00755049
228 0.00742465
229 0.00729881
230 0.00729881
231 0.00729881
232 0.00711005
233 0.00698421
234 0.00698421
235 0.00685837
236 0.0066696
237 0.00654376
238 0.00641792
239 0.006355
240 0.006355
241 0.00622916
242 0.00616624
243 0.0060404
244 0.0060404
245 0.0060404
246 0.00585163
247 0.00572579
248 0.00566287
249 0.00566287
250 0.00559995
251 0.00553703
252 0.00541119
253 0.00522242
254 0.0051595
255 0.00509658
256 0.00497074
257 0.00497074
258 0.00490782
259 0.00490782
260 0.0048449
261 0.00471906
262 0.00465614
263 0.00459322
264 0.0045303
265 0.0045303
266 0.00440445
267 0.00427861
268 0.00427861
269 0.00415277
270 0.00415277
271 0.00390109
272 0.00390109
273 0.00383817
274 0.00377525
275 0.00377525
276 0.00364941
277 0.00364941
278 0.00364941
279 0.00358648
280 0.00358648
281 0.00358648
282 0.00346064
283 0.00346064
284 0.00327188
285 0.00327188
286 0.00327188
287 0.00327188
288 0.00327188
289 0.00327188
290 0.00327188
291 0.00327188
292 0.00320896
293 0.00320896
294 0.00320896
295 0.00320896
296 0.00320896
297 0.00314604
298 0.00308312
299 0.0030202
300 0.00295728
301 0.00295728
302 0.00295728
303 0.00295728
304 0.00295728
305 0.00289436
306 0.00289436
307 0.00289436
308 0.00289436
309 0.00283144
310 0.00276851
311 0.00276851
312 0.00264267
313 0.00264267
314 0.00264267
315 0.00257975
316 0.00251683
317 0.00251683
318 0.00251683
319 0.00245391
320 0.00245391
321 0.00245391
322 0.00239099
323 0.00239099
324 0.00239099
325 0.00226515
326 0.00213931
327 0.00207639
328 0.00207639
329 0.00201347
330 0.00201347
331 0.00201347
332 0.00201347
333 0.00201347
334 0.00201347
335 0.00195054
336 0.00195054
337 0.00195054
338 0.00195054
339 0.0018247
340 0.0018247
341 0.0018247
342 0.0018247
343 0.00176178
344 0.00176178
345 0.00176178
346 0.00176178
347 0.00169886
348 0.00163594
349 0.00157302
350 0.00157302
351 0.00157302
352 0.0015101
353 0.00144718
354 0.00144718
355 0.00144718
356 0.00144718
357 0.00144718
358 0.00144718
359 0.00144718
360 0.00138426
361 0.00132134
362 0.00125842
363 0.00125842
364 0.00125842
365 0.00119549
366 0.00119549
367 0.00119549
368 0.00119549
369 0.00119549
370 0.00119549
371 0.00119549
372 0.00113257
373 0.00113257
374 0.00106965
375 0.00106965
376 0.00106965
377 0.00106965
378 0.00106965
379 0.00106965
380 0.00106965
381 0.00106965
382 0.00100673
383 0.00100673
384 0.00100673
385 0.00100673
386 0.00100673
387 0.00100673
388 0.000943812
389 0.000943812
390 0.000880891
391 0.000880891
392 0.000880891
393 0.000880891
394 0.00081797
395 0.00081797
396 0.00081797
397 0.00081797
398 0.00081797
399 0.00081797
400 0.00081797
401 0.00081797
402 0.00081797
403 0.00081797
404 0.00081797
405 0.00081797
406 0.00081797
407 0.00081797
408 0.00081797
409 0.00081797
410 0.00081797
411 0.000755049
412 0.000755049
413 0.000755049
414 0.000692129
415 0.000692129
416 0.000629208
417 0.000629208
418 0.000629208
419 0.000629208
420 0.000629208
421 0.000629208
422 0.000629208
423 0.000629208
424 0.000566287
425 0.000566287
426 0.000566287
427 0.000566287
428 0.000566287
429 0.000566287
430 0.000566287
431 0.000566287
432 0.000566287
433 0.000566287
434 0.000566287
435 0.000566287
436 0.000566287
437 0.000503366
438 0.000503366
439 0.000503366
440 0.000503366
441 0.000503366
442 0.000503366
443 0.000503366
444 0.000503366
445 0.000503366
446 0.000503366
447 0.000503366
448 0.000503366
449 0.000503366
450 0.000503366
451 0.000503366
452 0.000503366
453 0.000503366
454 0.000503366
455 0.000503366
456 0.000503366
457 0.000503366
458 0.000503366
459 0.000503366
460 0.000503366
461 0.000503366
462 0.000440445
463 0.000440445
464 0.000440445
465 0.000440445
466 0.000440445
467 0.000440445
468 0.000440445
469 0.000440445
470 0.000377525
471 0.000377525
472 0.000377525
473 0.000377525
474 0.000377525
475 0.000377525
476 0.000377525
477 0.000377525
478 0.000377525
479 0.000377525
480 0.000377525
481 0.000377525
482 0.000314604
483 0.000314604
484 0.000314604
485 0.000314604
486 0.000314604
487 0.000314604
488 0.000314604
489 0.000314604
490 0.000314604
491 0.000314604
492 0.000314604
493 0.000314604
494 0.000314604
495 0.000314604
496 0.000314604
497 0.000251683
498 0.000251683
499 0.000251683
500 0.000251683
501 0.000251683
502 0.000251683
503 0.000251683
504 0.000251683
505 0.000251683
506 0.000251683
507 0.000251683
508 0.000251683
509 0.000251683
510 0.000251683
511 0.000251683
512 0.000251683
513 0.000251683
514 0.000251683
515 0.000251683
516 0.000251683
517 0.000251683
518 0.000251683
519 0.000251683
520 0.000251683
521 0.000251683
522 0.000251683
523 0.000251683
524 0.000251683
525 0.000251683
526 0.000251683
527 0.000251683
528 0.000251683
529 0.000251683
530 0.000251683
531 0.000251683
532 0.000251683
533 0.000251683
534 0.000251683
535 0.000251683
536 0.000251683
537 0.000188762
538 0.000188762
539 0.000188762
540 0.000188762
541 0.000188762
542 0.000188762
543 0.000188762
544 0.000188762
545 0.000188762
546 0.000188762
547 0.000188762
548 0.000188762
549 0.000188762
550 0.000188762
551 0.000188762
552 0.000188762
553 0.000188762
554 0.000188762
555 0.000188762
556 0.000188762
557 0.000188762
558 0.000188762
559 0.000188762
560 0.000188762
561 0.000188762
562 0.000188762
563 0.000188762
564 0.000188762
565 0.000188762
566 0.000188762
567 0.000188762
568 0.000188762
569 0.000188762
570 0.000188762
571 0.000188762
572 0.000188762
573 0.000188762
574 0.000188762
575 0.000188762
576 0.000188762
577 0.000188762
578 0.000188762
579 0.000188762
580 0.000188762
581 0.000188762
582 0.000188762
583 0.000188762
584 0.000188762
585 0.000188762
586 0.000188762
587 0.000188762
588 0.000188762
589 0.000188762
590 0.000188762
591 0.000188762
592 0.000188762
593 0.000188762
594 0.000188762
595 0.000188762
596 0.000188762
597 0.000188762
598 0.000188762
599 0.000188762
600 0.000188762
601 0.000188762
602 0.000188762
603 0.000188762
604 0.000188762
605 0.000188762
606 0.000188762
607 0.000188762
608 0.000188762
609 0.000188762
610 0.000188762
611 0.000188762
612 0.000188762
613 0.000188762
614 0.000188762
615 0.000188762
616 0.000188762
617 0.000188762
618 0.000188762
619 0.000188762
620 0.000188762
621 0.000188762
622 0.000188762
623 0.000188762
624 0.000188762
625 0.000188762
626 0.000188762
627 0.000188762
628 0.000188762
629 0.000188762
630 0.000188762
631 0.000188762
632 0.000188762
633 0.000188762
634 0.000188762
635 0.000188762
636 0.000188762
637 0.000188762
638 0.000188762
639 0.000188762
640 0.000188762
641 0.000188762
642 0.000188762
643 0.000188762
644 0.000188762
645 0.000188762
646 0.000188762
647 0.000188762
648 0.000188762
649 0.000188762
650 0.000188762
651 0.000188762
652 0.000188762
653 0.000188762
654 0.000188762
655 0.000188762
656 0.000188762
657 0.000188762
658 0.000188762
659 0.000188762
660 0.000188762
661 0.000188762
662 0.000188762
663 0.000188762
664 0.000188762
665 0.000188762
666 0.000188762
667 0.000188762
668 0.000188762
669 0.000188762
670 0.000188762
671 0.000188762
672 0.000188762
673 0.000188762
674 0.000188762
675 0.000188762
676 0.000188762
677 0.000188762
678 0.000188762
679 0.000188762
680 0.000188762
681 0.000188762
682 0.000188762
683 0.000188762
684 0.000188762
685 0.000188762
686 0.000188762
687 0.000188762
688 0.000188762
689 0.000188762
690 0.000188762
691 0.000188762
692 0.000188762
693 0.000188762
694 0.000188762
695 0.000188762
696 0.000188762
697 0.000188762
698 0.000188762
699 0.000125842
700 0.000125842
701 0.000125842
702 0.000125842
703 0.000125842
704 0.000125842
705 0.000125842
706 0.000125842
707 0.000125842
708 0.000125842
709 0.000125842
710 0.000125842
711 0.000125842
712 0.000125842
713 0.000125842
714 0.000125842
715 0.000125842
716 0.000125842
717 0.000125842
718 0.000125842
719 0.000125842
720 0.000125842
721 0.000125842
722 0.000125842
723 0.000125842
724 0.000125842
725 0.000125842
726 0.000125842
727 6.29208e-05
728 6.29208e-05
729 6.29208e-05
730 6.29208e-05
731 6.29208e-05
732 6.29208e-05
733 6.29208e-05
734 6.29208e-05
735 6.29208e-05
736 6.29208e-05
737 6.29208e-05
738 6.29208e-05
739 6.29208e-05
740 6.29208e-05
741 6.29208e-05
742 6.29208e-05
743 6.29208e-05
744 6.29208e-05
745 6.29208e-05
746 6.29208e-05
747 6.29208e-05
748 6.29208e-05
749 6.29208e-05
750 6.29208e-05
751 6.29208e-05
752 6.29208e-05
753 6.29208e-05
754 6.29208e-05
755 6.29208e-05
756 6.29208e-05
757 6.29208e-05
758 6.29208e-05
759 6.29208e-05
760 6.29208e-05
761 6.29208e-05
762 6.29208e-05
763 6.29208e-05
764 6.29208e-05
765 6.29208e-05
766 6.29208e-05
767 6.29208e-05
768 6.29208e-05
769 6.29208e-05
770 6.29208e-05
771 6.29208e-05
772 6.29208e-05
773 6.29208e-05
774 6.29208e-05
775 6.29208e-05
776 6.29208e-05
777 6.29208e-05
778 6.29208e-05
779 6.29208e-05
780 6.29208e-05
781 6.29208e-05
782 6.29208e-05
783 6.29208e-05
784 6.29208e-05
785 6.29208e-05
786 6.29208e-05
787 6.29208e-05
788 6.29208e-05
789 6.29208e-05
790 6.29208e-05
791 6.29208e-05
792 6.29208e-05
793 6.29208e-05
794 6.29208e-05
795 6.29208e-05
796 6.29208e-05
797 6.29208e-05
798 6.29208e-05
799 6.29208e-05
800 6.29208e-05
801 6.29208e-05
802 6.29208e-05
803 6.29208e-05
804 6.29208e-05
805 6.29208e-05
806 6.29208e-05
807 6.29208e-05
808 6.29208e-05
809 6.29208e-05
810 6.29208e-05
811 6.29208e-05
812 6.29208e-05
813 6.29208e-05
814 6.29208e-05
815 6.29208e-05
816 6.29208e-05
817 6.29208e-05
818 6.29208e-05
819 6.29208e-05
820 6.29208e-05
821 6.29208e-05
822 6.29208e-05
823 6.29208e-05
824 6.29208e-05
825 6.29208e-05
826 6.29208e-05
827 6.29208e-05
828 6.29208e-05
829 6.29208e-05
830 6.29208e-05
831 6.29208e-05
832 6.29208e-05
833 6.29208e-05
834 6.29208e-05
835 6.29208e-05
836 6.29208e-05
837 6.29208e-05
838 6.29208e-05
839 6.29208e-05
840 6.29208e-05
841 6.29208e-05
842 6.29208e-05
843 6.29208e-05
844 6.29208e-05
845 6.29208e-05
846 6.29208e-05
847 6.29208e-05
848 6.29208e-05
849 6.29208e-05
850 6.29208e-05
851 6.29208e-05
852 6.29208e-05
853 6.29208e-05
854 6.29208e-05
855 6.29208e-05
856 6.29208e-05
857 6.29208e-05
858 6.29208e-05
859 6.29208e-05
860 6.29208e-05
861 6.29208e-05
862 6.29208e-05
863 6.29208e-05
864 6.29208e-05
865 6.29208e-05
