0 1
1 1
2 1
3 1
4 1
5 1
6 0.999956
7 0.999956
8 0.999956
9 0.933904
10 0.873801
11 0.820712
12 0.772372
13 0.728338
14 0.686568
15 0.645952
16 0.612172
17 0.574973
18 0.541326
19 0.511674
20 0.483354
21 0.458585
22 0.435103
23 0.411177
24 0.390447
25 0.369762
26 0.351207
27 0.333185
28 0.316539
29 0.30158
30 0.287109
31 0.273482
32 0.261452
33 0.249467
34 0.236328
35 0.225985
36 0.215021
37 0.205788
38 0.195756
39 0.186967
40 0.178223
41 0.170188
42 0.162464
43 0.155717
44 0.149059
45 0.143155
46 0.137296
47 0.131747
48 0.126509
49 0.121715
50 0.117188
51 0.112482
52 0.108043
53 0.103072
54 0.0989879
55 0.0953036
56 0.0908647
57 0.0877575
58 0.0842507
59 0.0810103
60 0.0776811
61 0.0752397
62 0.0724432
63 0.0699574
64 0.0673828
65 0.0648082
66 0.0626776
67 0.0603693
68 0.0584162
69 0.0562411
70 0.0538885
71 0.0521573
72 0.050293
73 0.0481623
74 0.0462979
75 0.0445224
76 0.0427024
77 0.04106
78 0.0397283
79 0.0383967
80 0.0372869
81 0.0356889
82 0.0344016
83 0.0331587
84 0.0318714
85 0.0307173
86 0.0300071
87 0.0289862
88 0.0278764
89 0.0270774
90 0.0260565
91 0.0252131
92 0.0243697
93 0.0233487
94 0.0223278
95 0.0216175
96 0.0210405
97 0.0203746
98 0.0199308
99 0.0195312
100 0.0190874
101 0.0184215
102 0.0179776
103 0.0172674
104 0.0167347
105 0.0161577
106 0.0155806
107 0.0149592
108 0.0147372
109 0.0143377
110 0.0138494
111 0.0133612
112 0.013006
113 0.0125178
114 0.0123402
115 0.0119407
116 0.0114968
117 0.0113192
118 0.0107866
119 0.0104315
120 0.0101207
121 0.00976562
122 0.00963246
123 0.00918857
124 0.00901101
125 0.00887784
126 0.00874467
127 0.00852273
128 0.00830078
129 0.008212
130 0.00799006
131 0.00772372
132 0.00759055
133 0.00723544
134 0.00692472
135 0.00679155
136 0.00652521
137 0.00630327
138 0.00612571
139 0.00594815
140 0.00581499
141 0.00559304
142 0.00541548
143 0.0049272
144 0.00479403
145 0.00435014
146 0.00426136
147 0.00426136
148 0.00408381
149 0.00377308
150 0.00377308
151 0.00363991
152 0.00355114
153 0.00341797
154 0.00337358
155 0.00332919
156 0.00319602
157 0.00310724
158 0.00306286
159 0.00297408
160 0.00297408
161 0.0028853
162 0.00284091
163 0.00266335
164 0.00257457
165 0.0024858
166 0.0024858
167 0.00244141
168 0.00230824
169 0.00221946
170 0.00199751
171 0.00190874
172 0.00190874
173 0.00190874
174 0.00186435
175 0.00181996
176 0.00173118
177 0.0016424
178 0.00159801
179 0.00159801
180 0.00155362
181 0.00155362
182 0.00146484
183 0.00146484
184 0.00133168
185 0.00128729
186 0.00128729
187 0.00128729
188 0.00119851
189 0.00119851
190 0.00119851
191 0.00115412
192 0.00115412
193 0.00115412
194 0.00110973
195 0.00110973
196 0.00106534
197 0.00106534
198 0.00106534
199 0.000976562
200 0.000932173
201 0.000887784
202 0.000799006
203 0.000799006
204 0.000799006
205 0.000799006
206 0.000754616
207 0.000754616
208 0.000754616
209 0.000710227
210 0.000665838
211 0.000665838
212 0.000665838
213 0.000665838
214 0.000621449
215 0.00057706
216 0.00057706
217 0.00057706
218 0.00057706
219 0.00057706
220 0.00057706
221 0.00057706
222 0.00057706
223 0.00057706
224 0.00057706
225 0.00057706
226 0.000488281
227 0.000488281
228 0.000443892
229 0.000443892
230 0.000443892
231 0.000443892
232 0.000443892
233 0.000399503
234 0.000399503
235 0.000399503
236 0.000355114
237 0.000355114
238 0.000355114
239 0.000310724
240 0.000310724
241 0.000310724
242 0.000310724
243 0.000310724
244 0.000266335
245 0.000266335
246 0.000266335
247 0.000266335
248 0.000266335
249 0.000266335
250 0.000266335
251 0.000266335
252 0.000266335
253 0.000266335
254 0.000266335
255 0.000266335
256 0.000221946
257 0.000221946
258 0.000221946
259 0.000221946
260 0.000221946
261 0.000221946
262 0.000221946
263 0.000221946
264 0.000221946
265 0.000221946
266 0.000221946
267 0.000221946
268 0.000221946
269 0.000221946
270 0.000221946
271 0.000221946
272 0.000177557
273 0.000177557
274 0.000177557
275 0.000177557
276 0.000177557
277 0.000177557
278 0.000177557
279 0.000177557
280 0.000177557
281 0.000133168
282 0.000133168
283 0.000133168
284 0.000133168
285 0.000133168
286 0.000133168
287 0.000133168
288 0.000133168
289 0.000133168
290 0.000133168
291 0.000133168
292 0.000133168
293 0.000133168
294 0.000133168
295 0.000133168
296 0.000133168
297 0.000133168
298 0.000133168
299 0.000133168
300 0.000133168
301 0.000133168
302 0.000133168
303 0.000133168
304 0.000133168
305 0.000133168
306 0.000133168
307 0.000133168
308 0.000133168
309 0.000133168
310 0.000133168
311 0.000133168
312 0.000133168
313 0.000133168
314 0.000133168
315 0.000133168
316 0.000133168
317 0.000133168
318 0.000133168
319 0.000133168
320 0.000133168
321 0.000133168
322 0.000133168
323 0.000133168
324 0.000133168
325 0.000133168
326 0.000133168
327 0.000133168
328 0.000133168
329 0.000133168
330 0.000133168
331 0.000133168
332 0.000133168
333 0.000133168
334 0.000133168
335 0.000133168
336 0.000133168
337 0.000133168
338 8.87784e-05
339 8.87784e-05
340 8.87784e-05
341 8.87784e-05
342 8.87784e-05
343 8.87784e-05
344 8.87784e-05
345 4.43892e-05
346 4.43892e-05
347 4.43892e-05
348 4.43892e-05
349 4.43892e-05
350 4.43892e-05
351 4.43892e-05
352 4.43892e-05
