0 1
1 1
2 1
3 1
4 1
5 1
6 1
7 1
8 1
9 0.909596
10 0.832025
11 0.757901
12 0.695365
13 0.635415
14 0.57987
15 0.532657
16 0.486976
17 0.4457
18 0.40883
19 0.377897
20 0.344091
21 0.316319
22 0.291707
23 0.268914
24 0.247175
25 0.227351
26 0.210017
27 0.194311
28 0.179755
29 0.165964
30 0.150642
31 0.139341
32 0.129573
33 0.119613
34 0.110707
35 0.104673
36 0.0961502
37 0.0893507
38 0.0821682
39 0.0771883
40 0.0722084
41 0.0671327
42 0.0618655
43 0.0564068
44 0.0529592
45 0.0491285
46 0.046447
47 0.0442444
48 0.0417545
49 0.039073
50 0.0361042
51 0.0339015
52 0.0314116
53 0.0294963
54 0.0272936
55 0.0255698
56 0.0243248
57 0.0232714
58 0.0216434
59 0.0204942
60 0.0189619
61 0.0173338
62 0.0163762
63 0.015227
64 0.0145566
65 0.013982
66 0.0134074
67 0.0128328
68 0.0121624
69 0.0114921
70 0.0110132
71 0.0106301
72 0.0100555
73 0.00928941
74 0.00861904
75 0.0081402
76 0.00775713
77 0.00775713
78 0.00766137
79 0.006991
80 0.00689523
81 0.0067037
82 0.00632063
83 0.00612909
84 0.00584179
85 0.00565026
86 0.00555449
87 0.00526719
88 0.00478835
89 0.00440529
90 0.00421375
91 0.00354338
92 0.00344762
93 0.00335185
94 0.00316031
95 0.00296878
96 0.00277725
97 0.00239418
98 0.00229841
99 0.00229841
100 0.00210688
101 0.00191534
102 0.00191534
103 0.00172381
104 0.00162804
105 0.00162804
106 0.00162804
107 0.00153227
108 0.00134074
109 0.00134074
110 0.00124497
111 0.00114921
112 0.00114921
113 0.00105344
114 0.00105344
115 0.00105344
116 0.000957671
117 0.000957671
118 0.000861904
119 0.000766137
120 0.000766137
121 0.000766137
122 0.000766137
123 0.000766137
124 0.000766137
125 0.000766137
126 0.000766137
127 0.000766137
128 0.000766137
129 0.000766137
130 0.00067037
131 0.000574603
132 0.000574603
133 0.000478835
134 0.000478835
135 0.000478835
136 0.000478835
137 0.000478835
138 0.000478835
139 0.000478835
140 0.000383068
141 0.000383068
142 0.000383068
143 0.000287301
144 0.000287301
145 0.000287301
146 0.000287301
147 0.000287301
148 0.000287301
149 0.000287301
150 0.000191534
151 0.000191534
152 0.000191534
153 0.000191534
154 9.57671e-05
155 9.57671e-05
156 9.57671e-05
157 9.57671e-05
158 9.57671e-05
159 9.57671e-05
160 9.57671e-05
161 9.57671e-05
162 9.57671e-05
163 9.57671e-05
164 9.57671e-05
165 9.57671e-05
166 9.57671e-05
167 9.57671e-05
168 9.57671e-05
169 9.57671e-05
170 9.57671e-05
171 9.57671e-05
172 9.57671e-05
173 9.57671e-05
174 9.57671e-05
175 9.57671e-05
176 9.57671e-05
177 9.57671e-05
178 9.57671e-05
179 9.57671e-05
180 9.57671e-05
181 9.57671e-05
182 9.57671e-05
183 9.57671e-05
184 9.57671e-05
185 9.57671e-05
186 9.57671e-05
187 9.57671e-05
188 9.57671e-05
189 9.57671e-05
190 9.57671e-05
191 9.57671e-05
192 9.57671e-05
193 9.57671e-05
194 9.57671e-05
195 9.57671e-05
196 9.57671e-05
197 9.57671e-05
198 9.57671e-05
199 9.57671e-05
200 9.57671e-05
201 9.57671e-05
202 9.57671e-05
203 9.57671e-05
204 9.57671e-05
205 9.57671e-05
206 9.57671e-05
207 9.57671e-05
208 9.57671e-05
209 9.57671e-05
210 9.57671e-05
211 9.57671e-05
212 9.57671e-05
