0 1
1 1
2 1
3 1
4 1
5 1
6 1
7 1
8 1
9 1
10 1
11 1
12 1
13 1
14 1
15 1
16 1
17 1
18 1
19 1
20 1
21 1
22 1
23 0.999628
24 0.999628
25 0.999628
26 0.999628
27 0.999628
28 0.999628
29 0.999628
30 0.999628
31 0.999257
32 0.999257
33 0.999257
34 0.999257
35 0.999257
36 0.999257
37 0.999257
38 0.999257
39 0.999257
40 0.999257
41 0.999257
42 0.999257
43 0.999257
44 0.999257
45 0.999257
46 0.999257
47 0.999257
48 0.999257
49 0.918246
50 0.918246
51 0.918246
52 0.918246
53 0.918246
54 0.918246
55 0.918246
56 0.918246
57 0.845039
58 0.845039
59 0.845039
60 0.845039
61 0.845039
62 0.845039
63 0.844667
64 0.844667
65 0.778893
66 0.778893
67 0.778893
68 0.778893
69 0.778893
70 0.778893
71 0.778521
72 0.778521
73 0.706057
74 0.706057
75 0.706057
76 0.706057
77 0.706057
78 0.706057
79 0.705686
80 0.705686
81 0.643255
82 0.643255
83 0.643255
84 0.643255
85 0.643255
86 0.643255
87 0.642884
88 0.642884
89 0.586399
90 0.586399
91 0.586399
92 0.586399
93 0.586399
94 0.586399
95 0.586399
96 0.586399
97 0.525827
98 0.525827
99 0.525827
100 0.525827
101 0.525827
102 0.525827
103 0.525827
104 0.525827
105 0.477518
106 0.477518
107 0.477518
108 0.477518
109 0.477518
110 0.477518
111 0.477518
112 0.477518
113 0.433296
114 0.433296
115 0.433296
116 0.433296
117 0.433296
118 0.433296
119 0.433296
120 0.433296
121 0.389075
122 0.389075
123 0.389075
124 0.389075
125 0.389075
126 0.389075
127 0.389075
128 0.389075
129 0.34634
130 0.34634
131 0.34634
132 0.34634
133 0.34634
134 0.34634
135 0.34634
136 0.34634
137 0.311037
138 0.311037
139 0.311037
140 0.311037
141 0.311037
142 0.311037
143 0.311037
144 0.311037
145 0.283166
146 0.283166
147 0.283166
148 0.283166
149 0.283166
150 0.283166
151 0.283166
152 0.283166
153 0.251951
154 0.251951
155 0.251951
156 0.251951
157 0.251951
158 0.251951
159 0.251951
160 0.251951
161 0.222594
162 0.222594
163 0.222594
164 0.222594
165 0.222594
166 0.222594
167 0.222594
168 0.222594
169 0.206243
170 0.206243
171 0.206243
172 0.206243
173 0.206243
174 0.206243
175 0.206243
176 0.206243
177 0.188777
178 0.188777
179 0.188777
180 0.188777
181 0.188777
182 0.188777
183 0.188777
184 0.188777
185 0.171683
186 0.171683
187 0.171683
188 0.171683
189 0.171683
190 0.171683
191 0.171683
192 0.171683
193 0.157934
194 0.157934
195 0.157934
196 0.157934
197 0.157934
198 0.157934
199 0.157934
200 0.157934
201 0.142698
202 0.142698
203 0.142698
204 0.142698
205 0.142698
206 0.142698
207 0.142698
208 0.142698
209 0.132293
210 0.132293
211 0.132293
212 0.132293
213 0.132293
214 0.132293
215 0.132293
216 0.132293
217 0.121888
218 0.121888
219 0.121888
220 0.121888
221 0.121888
222 0.121888
223 0.121888
224 0.121888
225 0.114084
226 0.114084
227 0.114084
228 0.114084
229 0.114084
230 0.114084
231 0.114084
232 0.114084
233 0.104051
234 0.104051
235 0.104051
236 0.104051
237 0.104051
238 0.104051
239 0.104051
240 0.104051
241 0.0943887
242 0.0943887
243 0.0943887
244 0.0943887
245 0.0943887
246 0.0943887
247 0.0943887
248 0.0943887
249 0.0880713
250 0.0880713
251 0.0880713
252 0.0880713
253 0.0880713
254 0.0880713
255 0.0880713
256 0.0880713
257 0.0824972
258 0.0824972
259 0.0824972
260 0.0824972
261 0.0824972
262 0.0824972
263 0.0824972
264 0.0824972
265 0.0769231
266 0.0769231
267 0.0769231
268 0.0769231
269 0.0769231
270 0.0769231
271 0.0769231
272 0.0769231
273 0.0717205
274 0.0717205
275 0.0717205
276 0.0717205
277 0.0717205
278 0.0717205
279 0.0717205
280 0.0717205
281 0.066518
282 0.066518
283 0.066518
284 0.066518
285 0.066518
286 0.066518
287 0.066518
288 0.066518
289 0.0605723
290 0.0605723
291 0.0605723
292 0.0605723
293 0.0605723
294 0.0605723
295 0.0605723
296 0.0605723
297 0.0587142
298 0.0587142
299 0.0587142
300 0.0587142
301 0.0587142
302 0.0587142
303 0.0587142
304 0.0587142
305 0.0527685
306 0.0527685
307 0.0527685
308 0.0527685
309 0.0527685
310 0.0527685
311 0.0527685
312 0.0527685
313 0.0501672
314 0.0501672
315 0.0501672
316 0.0501672
317 0.0501672
318 0.0501672
319 0.0501672
320 0.0501672
321 0.047566
322 0.047566
323 0.047566
324 0.047566
325 0.047566
326 0.047566
327 0.047566
328 0.047566
329 0.0423634
330 0.0423634
331 0.0423634
332 0.0423634
333 0.0423634
334 0.0423634
335 0.0423634
336 0.0423634
337 0.040877
338 0.040877
339 0.040877
340 0.040877
341 0.040877
342 0.040877
343 0.040877
344 0.040877
345 0.0382757
346 0.0382757
347 0.0382757
348 0.0382757
349 0.0382757
350 0.0382757
351 0.0382757
352 0.0382757
353 0.0360461
354 0.0360461
355 0.0360461
356 0.0360461
357 0.0360461
358 0.0360461
359 0.0360461
360 0.0360461
361 0.0330732
362 0.0330732
363 0.0330732
364 0.0330732
365 0.0330732
366 0.0330732
367 0.0330732
368 0.0330732
369 0.0308436
370 0.0308436
371 0.0308436
372 0.0308436
373 0.0308436
374 0.0308436
375 0.0308436
376 0.0308436
377 0.0286139
378 0.0286139
379 0.0286139
380 0.0286139
381 0.0286139
382 0.0286139
383 0.0286139
384 0.0286139
385 0.0278707
386 0.0278707
387 0.0278707
388 0.0278707
389 0.0278707
390 0.0278707
391 0.0278707
392 0.0278707
393 0.0245262
394 0.0245262
395 0.0245262
396 0.0245262
397 0.0245262
398 0.0245262
399 0.0245262
400 0.0245262
401 0.023783
402 0.023783
403 0.023783
404 0.023783
405 0.023783
406 0.023783
407 0.023783
408 0.023783
409 0.0226682
410 0.0226682
411 0.0226682
412 0.0226682
413 0.0226682
414 0.0226682
415 0.0226682
416 0.0226682
417 0.0215533
418 0.0215533
419 0.0215533
420 0.0215533
421 0.0215533
422 0.0215533
423 0.0215533
424 0.0215533
425 0.0211817
426 0.0211817
427 0.0211817
428 0.0211817
429 0.0211817
430 0.0211817
431 0.0211817
432 0.0211817
433 0.0204385
434 0.0204385
435 0.0204385
436 0.0204385
437 0.0204385
438 0.0204385
439 0.0204385
440 0.0204385
441 0.0200669
442 0.0200669
443 0.0200669
444 0.0200669
445 0.0200669
446 0.0200669
447 0.0200669
448 0.0200669
449 0.0182088
450 0.0182088
451 0.0182088
452 0.0182088
453 0.0182088
454 0.0182088
455 0.0182088
456 0.0182088
457 0.0167224
458 0.0167224
459 0.0167224
460 0.0167224
461 0.0167224
462 0.0167224
463 0.0167224
464 0.0167224
465 0.0163508
466 0.0163508
467 0.0163508
468 0.0163508
469 0.0163508
470 0.0163508
471 0.0163508
472 0.0163508
473 0.0144928
474 0.0144928
475 0.0144928
476 0.0144928
477 0.0144928
478 0.0144928
479 0.0144928
480 0.0144928
481 0.0137495
482 0.0137495
483 0.0137495
484 0.0137495
485 0.0137495
486 0.0137495
487 0.0133779
488 0.0133779
489 0.0133779
490 0.0133779
491 0.0133779
492 0.0133779
493 0.0133779
494 0.0133779
495 0.0133779
496 0.0133779
497 0.0133779
498 0.0133779
499 0.0133779
500 0.0133779
501 0.0133779
502 0.0133779
503 0.0133779
504 0.0133779
505 0.0130063
506 0.0130063
507 0.0130063
508 0.0130063
509 0.0130063
510 0.0130063
511 0.0130063
512 0.0130063
513 0.0122631
514 0.0122631
515 0.0122631
516 0.0122631
517 0.0122631
518 0.0122631
519 0.0122631
520 0.0122631
521 0.0115199
522 0.0115199
523 0.0115199
524 0.0115199
525 0.0115199
526 0.0115199
527 0.0115199
528 0.0115199
529 0.0100334
530 0.0100334
531 0.0100334
532 0.0100334
533 0.0100334
534 0.0100334
535 0.0100334
536 0.0100334
537 0.00966184
538 0.00966184
539 0.00966184
540 0.00966184
541 0.00966184
542 0.00966184
543 0.00966184
544 0.00966184
545 0.0081754
546 0.0081754
547 0.0081754
548 0.0081754
549 0.0081754
550 0.0081754
551 0.0081754
552 0.0081754
553 0.00780379
554 0.00780379
555 0.00780379
556 0.00780379
557 0.00780379
558 0.00780379
559 0.00780379
560 0.00780379
561 0.00780379
562 0.00780379
563 0.00780379
564 0.00780379
565 0.00780379
566 0.00780379
567 0.00780379
568 0.00780379
569 0.00780379
570 0.00780379
571 0.00780379
572 0.00780379
573 0.00780379
574 0.00780379
575 0.00780379
576 0.00780379
577 0.00706057
578 0.00706057
579 0.00706057
580 0.00706057
581 0.00706057
582 0.00706057
583 0.00706057
584 0.00706057
585 0.00706057
586 0.00706057
587 0.00706057
588 0.00706057
589 0.00706057
590 0.00706057
591 0.00706057
592 0.00706057
593 0.00594574
594 0.00594574
595 0.00594574
596 0.00594574
597 0.00594574
598 0.00594574
599 0.00594574
600 0.00594574
601 0.00594574
602 0.00594574
603 0.00594574
604 0.00594574
605 0.00594574
606 0.00594574
607 0.00594574
608 0.00594574
609 0.00594574
610 0.00594574
611 0.00594574
612 0.00594574
613 0.00594574
614 0.00594574
615 0.00594574
616 0.00594574
617 0.00594574
618 0.00594574
619 0.00594574
620 0.00594574
621 0.00594574
622 0.00594574
623 0.00594574
624 0.00594574
625 0.00557414
626 0.00557414
627 0.00557414
628 0.00557414
629 0.00557414
630 0.00557414
631 0.00557414
632 0.00557414
633 0.00520253
634 0.00520253
635 0.00520253
636 0.00520253
637 0.00520253
638 0.00520253
639 0.00520253
640 0.00520253
641 0.00483092
642 0.00483092
643 0.00483092
644 0.00483092
645 0.00483092
646 0.00483092
647 0.00483092
648 0.00483092
649 0.00483092
650 0.00483092
651 0.00483092
652 0.00483092
653 0.00483092
654 0.00483092
655 0.00483092
656 0.00483092
657 0.00445931
658 0.00445931
659 0.00445931
660 0.00445931
661 0.00445931
662 0.00445931
663 0.00445931
664 0.00445931
665 0.0040877
666 0.0040877
667 0.0040877
668 0.0040877
669 0.0040877
670 0.0040877
671 0.0040877
672 0.0040877
673 0.00371609
674 0.00371609
675 0.00371609
676 0.00371609
677 0.00371609
678 0.00371609
679 0.00371609
680 0.00371609
681 0.00334448
682 0.00334448
683 0.00334448
684 0.00334448
685 0.00334448
686 0.00334448
687 0.00334448
688 0.00334448
689 0.00334448
690 0.00334448
691 0.00334448
692 0.00334448
693 0.00334448
694 0.00334448
695 0.00334448
696 0.00334448
697 0.00297287
698 0.00297287
699 0.00297287
700 0.00297287
701 0.00297287
702 0.00297287
703 0.00297287
704 0.00297287
705 0.00297287
706 0.00297287
707 0.00297287
708 0.00297287
709 0.00297287
710 0.00297287
711 0.00297287
712 0.00297287
713 0.00297287
714 0.00297287
715 0.00297287
716 0.00297287
717 0.00297287
718 0.00297287
719 0.00297287
720 0.00297287
721 0.00297287
722 0.00297287
723 0.00297287
724 0.00297287
725 0.00297287
726 0.00297287
727 0.00297287
728 0.00297287
729 0.00297287
730 0.00297287
731 0.00297287
732 0.00297287
733 0.00297287
734 0.00297287
735 0.00297287
736 0.00297287
737 0.00297287
738 0.00297287
739 0.00297287
740 0.00297287
741 0.00297287
742 0.00297287
743 0.00297287
744 0.00297287
745 0.00260126
746 0.00260126
747 0.00260126
748 0.00260126
749 0.00260126
750 0.00260126
751 0.00260126
752 0.00260126
753 0.00222965
754 0.00222965
755 0.00222965
756 0.00222965
757 0.00222965
758 0.00222965
759 0.00222965
760 0.00222965
761 0.00222965
762 0.00222965
763 0.00222965
764 0.00222965
765 0.00222965
766 0.00222965
767 0.00222965
768 0.00222965
769 0.00222965
770 0.00222965
771 0.00222965
772 0.00222965
773 0.00222965
774 0.00222965
775 0.00222965
776 0.00222965
777 0.00185805
778 0.00185805
779 0.00185805
780 0.00185805
781 0.00185805
782 0.00185805
783 0.00185805
784 0.00185805
785 0.00185805
786 0.00185805
787 0.00185805
788 0.00185805
789 0.00185805
790 0.00185805
791 0.00185805
792 0.00185805
793 0.00185805
794 0.00185805
795 0.00185805
796 0.00185805
797 0.00185805
798 0.00185805
799 0.00185805
800 0.00185805
801 0.00185805
802 0.00185805
803 0.00185805
804 0.00185805
805 0.00185805
806 0.00185805
807 0.00185805
808 0.00185805
809 0.00185805
810 0.00185805
811 0.00185805
812 0.00185805
813 0.00185805
814 0.00185805
815 0.00185805
816 0.00185805
817 0.00185805
818 0.00185805
819 0.00185805
820 0.00185805
821 0.00185805
822 0.00185805
823 0.00185805
824 0.00185805
825 0.00148644
826 0.00148644
827 0.00148644
828 0.00148644
829 0.00148644
830 0.00148644
831 0.00148644
832 0.00148644
833 0.00148644
834 0.00148644
835 0.00148644
836 0.00148644
837 0.00148644
838 0.00148644
839 0.00148644
840 0.00148644
841 0.00148644
842 0.00148644
843 0.00148644
844 0.00148644
845 0.00148644
846 0.00148644
847 0.00148644
848 0.00148644
849 0.00148644
850 0.00148644
851 0.00148644
852 0.00148644
853 0.00148644
854 0.00148644
855 0.00148644
856 0.00148644
857 0.00148644
858 0.00148644
859 0.00148644
860 0.00148644
861 0.00148644
862 0.00148644
863 0.00148644
864 0.00148644
865 0.00148644
866 0.00148644
867 0.00148644
868 0.00148644
869 0.00148644
870 0.00148644
871 0.00148644
872 0.00148644
873 0.00148644
874 0.00148644
875 0.00148644
876 0.00148644
877 0.00148644
878 0.00148644
879 0.00148644
880 0.00148644
881 0.00148644
882 0.00148644
883 0.00148644
884 0.00148644
885 0.00148644
886 0.00148644
887 0.00148644
888 0.00148644
889 0.00148644
890 0.00148644
891 0.00148644
892 0.00148644
893 0.00148644
894 0.00148644
895 0.00148644
896 0.00148644
897 0.00148644
898 0.00148644
899 0.00148644
900 0.00148644
901 0.00148644
902 0.00148644
903 0.00148644
904 0.00148644
905 0.00148644
906 0.00148644
907 0.00148644
908 0.00148644
909 0.00148644
910 0.00148644
911 0.00148644
912 0.00148644
913 0.00148644
914 0.00148644
915 0.00148644
916 0.00148644
917 0.00148644
918 0.00148644
919 0.00148644
920 0.00148644
921 0.00148644
922 0.00148644
923 0.00148644
924 0.00148644
925 0.00148644
926 0.00148644
927 0.00148644
928 0.00148644
929 0.00148644
930 0.00148644
931 0.00148644
932 0.00148644
933 0.00148644
934 0.00148644
935 0.00148644
936 0.00148644
937 0.00148644
938 0.00148644
939 0.00148644
940 0.00148644
941 0.00148644
942 0.00148644
943 0.00148644
944 0.00148644
945 0.00111483
946 0.00111483
947 0.00111483
948 0.00111483
949 0.00111483
950 0.00111483
951 0.00111483
952 0.00111483
953 0.00111483
954 0.00111483
955 0.00111483
956 0.00111483
957 0.00111483
958 0.00111483
959 0.00111483
960 0.00111483
961 0.00111483
962 0.00111483
963 0.00111483
964 0.00111483
965 0.00111483
966 0.00111483
967 0.00111483
968 0.00111483
969 0.00111483
970 0.00111483
971 0.00111483
972 0.00111483
973 0.00111483
974 0.00111483
975 0.00111483
976 0.00111483
977 0.00111483
978 0.00111483
979 0.00111483
980 0.00111483
981 0.00111483
982 0.00111483
983 0.00111483
984 0.00111483
985 0.00111483
986 0.00111483
987 0.00111483
988 0.00111483
989 0.00111483
990 0.00111483
991 0.00111483
992 0.00111483
993 0.00111483
994 0.00111483
995 0.00111483
996 0.00111483
997 0.00111483
998 0.00111483
999 0.00111483
1000 0.00111483
1001 0.00111483
1002 0.00111483
1003 0.00111483
1004 0.00111483
1005 0.00111483
1006 0.00111483
1007 0.00111483
1008 0.00111483
1009 0.00111483
1010 0.00111483
1011 0.00111483
1012 0.00111483
1013 0.00111483
1014 0.00111483
1015 0.00111483
1016 0.00111483
1017 0.00111483
1018 0.00111483
1019 0.00111483
1020 0.00111483
1021 0.00111483
1022 0.00111483
1023 0.00111483
1024 0.00111483
1025 0.00111483
1026 0.00111483
1027 0.00111483
1028 0.00111483
1029 0.00111483
1030 0.00111483
1031 0.00111483
1032 0.00111483
1033 0.000743218
1034 0.000743218
1035 0.000743218
1036 0.000743218
1037 0.000743218
1038 0.000743218
1039 0.000743218
1040 0.000743218
1041 0.000743218
1042 0.000743218
1043 0.000743218
1044 0.000743218
1045 0.000743218
1046 0.000743218
1047 0.000743218
1048 0.000743218
1049 0.000743218
1050 0.000743218
1051 0.000743218
1052 0.000743218
1053 0.000743218
1054 0.000743218
1055 0.000743218
1056 0.000743218
1057 0.000743218
1058 0.000743218
1059 0.000743218
1060 0.000743218
1061 0.000743218
1062 0.000743218
1063 0.000743218
1064 0.000743218
1065 0.000743218
1066 0.000743218
1067 0.000743218
1068 0.000743218
1069 0.000743218
1070 0.000743218
1071 0.000743218
1072 0.000743218
1073 0.000743218
1074 0.000743218
1075 0.000743218
1076 0.000743218
1077 0.000743218
1078 0.000743218
1079 0.000743218
1080 0.000743218
1081 0.000743218
1082 0.000743218
1083 0.000743218
1084 0.000743218
1085 0.000743218
1086 0.000743218
1087 0.000743218
1088 0.000743218
1089 0.000743218
1090 0.000743218
1091 0.000743218
1092 0.000743218
1093 0.000743218
1094 0.000743218
1095 0.000743218
1096 0.000743218
1097 0.000743218
1098 0.000743218
1099 0.000743218
1100 0.000743218
1101 0.000743218
1102 0.000743218
1103 0.000743218
1104 0.000743218
1105 0.000743218
1106 0.000743218
1107 0.000743218
1108 0.000743218
1109 0.000743218
1110 0.000743218
1111 0.000743218
1112 0.000743218
1113 0.000743218
1114 0.000743218
1115 0.000743218
1116 0.000743218
1117 0.000743218
1118 0.000743218
1119 0.000743218
1120 0.000743218
1121 0.000743218
1122 0.000743218
1123 0.000743218
1124 0.000743218
1125 0.000743218
1126 0.000743218
1127 0.000743218
1128 0.000743218
1129 0.000743218
1130 0.000743218
1131 0.000743218
1132 0.000743218
1133 0.000743218
1134 0.000743218
1135 0.000743218
1136 0.000743218
1137 0.000743218
1138 0.000743218
1139 0.000743218
1140 0.000743218
1141 0.000743218
1142 0.000743218
1143 0.000743218
1144 0.000743218
1145 0.000743218
1146 0.000743218
1147 0.000743218
1148 0.000743218
1149 0.000743218
1150 0.000743218
1151 0.000743218
1152 0.000743218
1153 0.000743218
1154 0.000743218
1155 0.000743218
1156 0.000743218
1157 0.000743218
1158 0.000743218
1159 0.000743218
1160 0.000743218
1161 0.000743218
1162 0.000743218
1163 0.000743218
1164 0.000743218
1165 0.000743218
1166 0.000743218
1167 0.000743218
1168 0.000743218
1169 0.000743218
1170 0.000743218
1171 0.000743218
1172 0.000743218
1173 0.000743218
1174 0.000743218
1175 0.000743218
1176 0.000743218
1177 0.000743218
1178 0.000743218
1179 0.000743218
1180 0.000743218
1181 0.000743218
1182 0.000743218
1183 0.000743218
1184 0.000743218
1185 0.000743218
1186 0.000743218
1187 0.000743218
1188 0.000743218
1189 0.000743218
1190 0.000743218
1191 0.000743218
1192 0.000743218
1193 0.000743218
1194 0.000743218
1195 0.000743218
1196 0.000743218
1197 0.000743218
1198 0.000743218
1199 0.000743218
1200 0.000743218
1201 0.000743218
1202 0.000743218
1203 0.000743218
1204 0.000743218
1205 0.000743218
1206 0.000743218
1207 0.000743218
1208 0.000743218
1209 0.000743218
1210 0.000743218
1211 0.000743218
1212 0.000743218
1213 0.000743218
1214 0.000743218
1215 0.000743218
1216 0.000743218
1217 0.000743218
1218 0.000743218
1219 0.000743218
1220 0.000743218
1221 0.000743218
1222 0.000743218
1223 0.000743218
1224 0.000743218
1225 0.000743218
1226 0.000743218
1227 0.000743218
1228 0.000743218
1229 0.000743218
1230 0.000743218
1231 0.000743218
1232 0.000743218
1233 0.000743218
1234 0.000743218
1235 0.000743218
1236 0.000743218
1237 0.000743218
1238 0.000743218
1239 0.000743218
1240 0.000743218
1241 0.000743218
1242 0.000743218
1243 0.000743218
1244 0.000743218
1245 0.000743218
1246 0.000743218
1247 0.000743218
1248 0.000743218
1249 0.000743218
1250 0.000743218
1251 0.000743218
1252 0.000743218
1253 0.000743218
1254 0.000743218
1255 0.000743218
1256 0.000743218
1257 0.000743218
1258 0.000743218
1259 0.000743218
1260 0.000743218
1261 0.000743218
1262 0.000743218
1263 0.000743218
1264 0.000743218
1265 0.000743218
1266 0.000743218
1267 0.000743218
1268 0.000743218
1269 0.000743218
1270 0.000743218
1271 0.000743218
1272 0.000743218
1273 0.000743218
1274 0.000743218
1275 0.000743218
1276 0.000743218
1277 0.000743218
1278 0.000743218
1279 0.000743218
1280 0.000743218
1281 0.000743218
1282 0.000743218
1283 0.000743218
1284 0.000743218
1285 0.000743218
1286 0.000743218
1287 0.000743218
1288 0.000743218
1289 0.000743218
1290 0.000743218
1291 0.000743218
1292 0.000743218
1293 0.000743218
1294 0.000743218
1295 0.000743218
1296 0.000743218
1297 0.000743218
1298 0.000743218
1299 0.000743218
1300 0.000743218
1301 0.000743218
1302 0.000743218
1303 0.000743218
1304 0.000743218
1305 0.000743218
1306 0.000743218
1307 0.000743218
1308 0.000743218
1309 0.000743218
1310 0.000743218
1311 0.000743218
1312 0.000743218
1313 0.000371609
1314 0.000371609
1315 0.000371609
1316 0.000371609
1317 0.000371609
1318 0.000371609
1319 0.000371609
1320 0.000371609
1321 0.000371609
1322 0.000371609
1323 0.000371609
1324 0.000371609
1325 0.000371609
1326 0.000371609
1327 0.000371609
1328 0.000371609
