0 1
1 1
2 1
3 1
4 1
5 1
6 1
7 0.999964
8 0.999964
9 0.999964
10 0.999964
11 0.999964
12 0.999964
13 0.999964
14 0.999964
15 0.999964
16 0.999964
17 0.999964
18 0.999964
19 0.999964
20 0.999964
21 0.999964
22 0.999964
23 0.999891
24 0.999891
25 0.999891
26 0.999891
27 0.999891
28 0.999891
29 0.999891
30 0.999891
31 0.999783
32 0.999783
33 0.999783
34 0.999783
35 0.999783
36 0.999783
37 0.999783
38 0.999783
39 0.999638
40 0.999638
41 0.999638
42 0.999638
43 0.999638
44 0.999638
45 0.999638
46 0.999638
47 0.999493
48 0.999493
49 0.98574
50 0.98574
51 0.98574
52 0.98574
53 0.98574
54 0.98574
55 0.985703
56 0.985703
57 0.972348
58 0.972348
59 0.972348
60 0.972348
61 0.972348
62 0.972348
63 0.972095
64 0.972095
65 0.956242
66 0.956242
67 0.956242
68 0.956242
69 0.956242
70 0.956242
71 0.956097
72 0.956097
73 0.939954
74 0.939954
75 0.939954
76 0.939954
77 0.939954
78 0.939954
79 0.939701
80 0.939701
81 0.921677
82 0.921677
83 0.921677
84 0.921677
85 0.921677
86 0.921677
87 0.921423
88 0.921423
89 0.902385
90 0.902385
91 0.902385
92 0.902385
93 0.902385
94 0.902385
95 0.902349
96 0.902349
97 0.882261
98 0.882261
99 0.882261
100 0.882261
101 0.882261
102 0.882261
103 0.882189
104 0.882189
105 0.861776
106 0.861776
107 0.861776
108 0.861776
109 0.861776
110 0.861776
111 0.861558
112 0.861558
113 0.84234
114 0.84234
115 0.84234
116 0.84234
117 0.84234
118 0.84234
119 0.842014
120 0.842014
121 0.821456
122 0.821456
123 0.821456
124 0.821456
125 0.821456
126 0.821456
127 0.821166
128 0.821166
129 0.799739
130 0.799739
131 0.799739
132 0.799739
133 0.799739
134 0.799739
135 0.799595
136 0.799595
137 0.780629
138 0.780629
139 0.780629
140 0.780629
141 0.780629
142 0.780629
143 0.780484
144 0.780484
145 0.759781
146 0.759781
147 0.759781
148 0.759781
149 0.759781
150 0.759781
151 0.759673
152 0.759673
153 0.74125
154 0.74125
155 0.74125
156 0.74125
157 0.74125
158 0.74125
159 0.741033
160 0.741033
161 0.72185
162 0.72185
163 0.72185
164 0.72185
165 0.72185
166 0.72185
167 0.721705
168 0.721705
169 0.703681
170 0.703681
171 0.703681
172 0.703681
173 0.703681
174 0.703681
175 0.703609
176 0.703609
177 0.685367
178 0.685367
179 0.685367
180 0.685367
181 0.685367
182 0.685367
183 0.685222
184 0.685222
185 0.666112
186 0.666112
187 0.666112
188 0.666112
189 0.666112
190 0.666112
191 0.666003
192 0.666003
193 0.648739
194 0.648739
195 0.648739
196 0.648739
197 0.648739
198 0.648739
199 0.648521
200 0.648521
201 0.631329
202 0.631329
203 0.631329
204 0.631329
205 0.631329
206 0.631329
207 0.631293
208 0.631293
209 0.613848
210 0.613848
211 0.613848
212 0.613848
213 0.613848
214 0.613848
215 0.613703
216 0.613703
217 0.597814
218 0.597814
219 0.597814
220 0.597814
221 0.597814
222 0.597814
223 0.597705
224 0.597705
225 0.581382
226 0.581382
227 0.581382
228 0.581382
229 0.581382
230 0.581382
231 0.581273
232 0.581273
233 0.565384
234 0.565384
235 0.565384
236 0.565384
237 0.565384
238 0.565384
239 0.565312
240 0.565312
241 0.551594
242 0.551594
243 0.551594
244 0.551594
245 0.551594
246 0.551594
247 0.551558
248 0.551558
249 0.537587
250 0.537587
251 0.537587
252 0.537587
253 0.537587
254 0.537587
255 0.537443
256 0.537443
257 0.52311
258 0.52311
259 0.52311
260 0.52311
261 0.52311
262 0.52311
263 0.52311
264 0.52311
265 0.510008
266 0.510008
267 0.510008
268 0.510008
269 0.510008
270 0.510008
271 0.509899
272 0.509899
273 0.496435
274 0.496435
275 0.496435
276 0.496435
277 0.496435
278 0.496435
279 0.496326
280 0.496326
281 0.483767
282 0.483767
283 0.483767
284 0.483767
285 0.483767
286 0.483767
287 0.483731
288 0.483731
289 0.471859
290 0.471859
291 0.471859
292 0.471859
293 0.471859
294 0.471859
295 0.471787
296 0.471787
297 0.459119
298 0.459119
299 0.459119
300 0.459119
301 0.459119
302 0.459119
303 0.458938
304 0.458938
305 0.447573
306 0.447573
307 0.447573
308 0.447573
309 0.447573
310 0.447573
311 0.447428
312 0.447428
313 0.435774
314 0.435774
315 0.435774
316 0.435774
317 0.435774
318 0.435774
319 0.435702
320 0.435702
321 0.423975
322 0.423975
323 0.423975
324 0.423975
325 0.423975
326 0.423975
327 0.423866
328 0.423866
329 0.412465
330 0.412465
331 0.412465
332 0.412465
333 0.412465
334 0.412465
335 0.412393
336 0.412393
337 0.401788
338 0.401788
339 0.401788
340 0.401788
341 0.401788
342 0.401788
343 0.401643
344 0.401643
345 0.392522
346 0.392522
347 0.392522
348 0.392522
349 0.392522
350 0.392522
351 0.392341
352 0.392341
353 0.382641
354 0.382641
355 0.382641
356 0.382641
357 0.382641
358 0.382641
359 0.382569
360 0.382569
361 0.372218
362 0.372218
363 0.372218
364 0.372218
365 0.372218
366 0.372218
367 0.372073
368 0.372073
369 0.362952
370 0.362952
371 0.362952
372 0.362952
373 0.362952
374 0.362952
375 0.362916
376 0.362916
377 0.354265
378 0.354265
379 0.354265
380 0.354265
381 0.354265
382 0.354265
383 0.354193
384 0.354193
385 0.345579
386 0.345579
387 0.345579
388 0.345579
389 0.345579
390 0.345579
391 0.34547
392 0.34547
393 0.336603
394 0.336603
395 0.336603
396 0.336603
397 0.336603
398 0.336603
399 0.336567
400 0.336567
401 0.329147
402 0.329147
403 0.329147
404 0.329147
405 0.329147
406 0.329147
407 0.328966
408 0.328966
409 0.321438
410 0.321438
411 0.321438
412 0.321438
413 0.321438
414 0.321438
415 0.321365
416 0.321365
417 0.314887
418 0.314887
419 0.314887
420 0.314887
421 0.314887
422 0.314887
423 0.314742
424 0.314742
425 0.307467
426 0.307467
427 0.307467
428 0.307467
429 0.307467
430 0.307467
431 0.307322
432 0.307322
433 0.300445
434 0.300445
435 0.300445
436 0.300445
437 0.300445
438 0.300445
439 0.300373
440 0.300373
441 0.292302
442 0.292302
443 0.292302
444 0.292302
445 0.292302
446 0.292302
447 0.292157
448 0.292157
449 0.284846
450 0.284846
451 0.284846
452 0.284846
453 0.284846
454 0.284846
455 0.284592
456 0.284592
457 0.277607
458 0.277607
459 0.277607
460 0.277607
461 0.277607
462 0.277607
463 0.277534
464 0.277534
465 0.271382
466 0.271382
467 0.271382
468 0.271382
469 0.271382
470 0.271382
471 0.271309
472 0.271309
473 0.265011
474 0.265011
475 0.265011
476 0.265011
477 0.265011
478 0.265011
479 0.264794
480 0.264794
481 0.259619
482 0.259619
483 0.259619
484 0.259619
485 0.259619
486 0.259619
487 0.259582
488 0.259582
489 0.253791
490 0.253791
491 0.253791
492 0.253791
493 0.253791
494 0.253791
495 0.253755
496 0.253755
497 0.247892
498 0.247892
499 0.247892
500 0.247892
501 0.247892
502 0.247892
503 0.247892
504 0.247892
505 0.24268
506 0.24268
507 0.24268
508 0.24268
509 0.24268
510 0.24268
511 0.24268
512 0.24268
513 0.237721
514 0.237721
515 0.237721
516 0.237721
517 0.237721
518 0.237721
519 0.237613
520 0.237613
521 0.232111
522 0.232111
523 0.232111
524 0.232111
525 0.232111
526 0.232111
527 0.23193
528 0.23193
529 0.226718
530 0.226718
531 0.226718
532 0.226718
533 0.226718
534 0.226718
535 0.226646
536 0.226646
537 0.222085
538 0.222085
539 0.222085
540 0.222085
541 0.222085
542 0.222085
543 0.222085
544 0.222085
545 0.216982
546 0.216982
547 0.216982
548 0.216982
549 0.216982
550 0.216982
551 0.216982
552 0.216982
553 0.211734
554 0.211734
555 0.211734
556 0.211734
557 0.211734
558 0.211734
559 0.211662
560 0.211662
561 0.206739
562 0.206739
563 0.206739
564 0.206739
565 0.206739
566 0.206739
567 0.206667
568 0.206667
569 0.202722
570 0.202722
571 0.202722
572 0.202722
573 0.202722
574 0.202722
575 0.202613
576 0.202613
577 0.198523
578 0.198523
579 0.198523
580 0.198523
581 0.198523
582 0.198523
583 0.198451
584 0.198451
585 0.193818
586 0.193818
587 0.193818
588 0.193818
589 0.193818
590 0.193818
591 0.193818
592 0.193818
593 0.188751
594 0.188751
595 0.188751
596 0.188751
597 0.188751
598 0.188751
599 0.188751
600 0.188751
601 0.184263
602 0.184263
603 0.184263
604 0.184263
605 0.184263
606 0.184263
607 0.184263
608 0.184263
609 0.180209
610 0.180209
611 0.180209
612 0.180209
613 0.180209
614 0.180209
615 0.180137
616 0.180137
617 0.176698
618 0.176698
619 0.176698
620 0.176698
621 0.176698
622 0.176698
623 0.176554
624 0.176554
625 0.172898
626 0.172898
627 0.172898
628 0.172898
629 0.172898
630 0.172898
631 0.172789
632 0.172789
633 0.169279
634 0.169279
635 0.169279
636 0.169279
637 0.169279
638 0.169279
639 0.169279
640 0.169279
641 0.166094
642 0.166094
643 0.166094
644 0.166094
645 0.166094
646 0.166094
647 0.166021
648 0.166021
649 0.16251
650 0.16251
651 0.16251
652 0.16251
653 0.16251
654 0.16251
655 0.162474
656 0.162474
657 0.159506
658 0.159506
659 0.159506
660 0.159506
661 0.159506
662 0.159506
663 0.159398
664 0.159398
665 0.155959
666 0.155959
667 0.155959
668 0.155959
669 0.155959
670 0.155959
671 0.155851
672 0.155851
673 0.152087
674 0.152087
675 0.152087
676 0.152087
677 0.152087
678 0.152087
679 0.15205
680 0.15205
681 0.148576
682 0.148576
683 0.148576
684 0.148576
685 0.148576
686 0.148576
687 0.14854
688 0.14854
689 0.145282
690 0.145282
691 0.145282
692 0.145282
693 0.145282
694 0.145282
695 0.145282
696 0.145282
697 0.142314
698 0.142314
699 0.142314
700 0.142314
701 0.142314
702 0.142314
703 0.142278
704 0.142278
705 0.139021
706 0.139021
707 0.139021
708 0.139021
709 0.139021
710 0.139021
711 0.138984
712 0.138984
713 0.136197
714 0.136197
715 0.136197
716 0.136197
717 0.136197
718 0.136197
719 0.136197
720 0.136197
721 0.133555
722 0.133555
723 0.133555
724 0.133555
725 0.133555
726 0.133555
727 0.133555
728 0.133555
729 0.130551
730 0.130551
731 0.130551
732 0.130551
733 0.130551
734 0.130551
735 0.130515
736 0.130515
737 0.128235
738 0.128235
739 0.128235
740 0.128235
741 0.128235
742 0.128235
743 0.128235
744 0.128235
745 0.125086
746 0.125086
747 0.125086
748 0.125086
749 0.125086
750 0.125086
751 0.12505
752 0.12505
753 0.12277
754 0.12277
755 0.12277
756 0.12277
757 0.12277
758 0.12277
759 0.12277
760 0.12277
761 0.120308
762 0.120308
763 0.120308
764 0.120308
765 0.120308
766 0.120308
767 0.120272
768 0.120272
769 0.117739
770 0.117739
771 0.117739
772 0.117739
773 0.117739
774 0.117739
775 0.117666
776 0.117666
777 0.115458
778 0.115458
779 0.115458
780 0.115458
781 0.115458
782 0.115458
783 0.115422
784 0.115422
785 0.112925
786 0.112925
787 0.112925
788 0.112925
789 0.112925
790 0.112925
791 0.112925
792 0.112925
793 0.110464
794 0.110464
795 0.110464
796 0.110464
797 0.110464
798 0.110464
799 0.110391
800 0.110391
801 0.107966
802 0.107966
803 0.107966
804 0.107966
805 0.107966
806 0.107966
807 0.107966
808 0.107966
809 0.10612
810 0.10612
811 0.10612
812 0.10612
813 0.10612
814 0.10612
815 0.10612
816 0.10612
817 0.103804
818 0.103804
819 0.103804
820 0.103804
821 0.103804
822 0.103804
823 0.103768
824 0.103768
825 0.101705
826 0.101705
827 0.101705
828 0.101705
829 0.101705
830 0.101705
831 0.101669
832 0.101669
833 0.0996055
834 0.0996055
835 0.0996055
836 0.0996055
837 0.0996055
838 0.0996055
839 0.0996055
840 0.0996055
841 0.0973977
842 0.0973977
843 0.0973977
844 0.0973977
845 0.0973977
846 0.0973977
847 0.0973615
848 0.0973615
849 0.0956604
850 0.0956604
851 0.0956604
852 0.0956604
853 0.0956604
854 0.0956604
855 0.095588
856 0.095588
857 0.0937783
858 0.0937783
859 0.0937783
860 0.0937783
861 0.0937783
862 0.0937783
863 0.0937059
864 0.0937059
865 0.0918962
866 0.0918962
867 0.0918962
868 0.0918962
869 0.0918962
870 0.0918962
871 0.0918238
872 0.0918238
873 0.0896884
874 0.0896884
875 0.0896884
876 0.0896884
877 0.0896884
878 0.0896884
879 0.0896522
880 0.0896522
881 0.0878425
882 0.0878425
883 0.0878425
884 0.0878425
885 0.0878425
886 0.0878425
887 0.0878425
888 0.0878425
889 0.0863585
890 0.0863585
891 0.0863585
892 0.0863585
893 0.0863585
894 0.0863585
895 0.0863585
896 0.0863585
897 0.0847298
898 0.0847298
899 0.0847298
900 0.0847298
901 0.0847298
902 0.0847298
903 0.0846936
904 0.0846936
905 0.0827753
906 0.0827753
907 0.0827753
908 0.0827753
909 0.0827753
910 0.0827753
911 0.0827392
912 0.0827392
913 0.0814
914 0.0814
915 0.0814
916 0.0814
917 0.0814
918 0.0814
919 0.0813276
920 0.0813276
921 0.0796989
922 0.0796989
923 0.0796989
924 0.0796989
925 0.0796989
926 0.0796989
927 0.0795179
928 0.0795179
929 0.0777082
930 0.0777082
931 0.0777082
932 0.0777082
933 0.0777082
934 0.0777082
935 0.077672
936 0.077672
937 0.0760433
938 0.0760433
939 0.0760433
940 0.0760433
941 0.0760433
942 0.0760433
943 0.0760071
944 0.0760071
945 0.0741974
946 0.0741974
947 0.0741974
948 0.0741974
949 0.0741974
950 0.0741974
951 0.0741974
952 0.0741974
953 0.0726773
954 0.0726773
955 0.0726773
956 0.0726773
957 0.0726773
958 0.0726773
959 0.0726049
960 0.0726049
961 0.0712295
962 0.0712295
963 0.0712295
964 0.0712295
965 0.0712295
966 0.0712295
967 0.0711933
968 0.0711933
969 0.0697456
970 0.0697456
971 0.0697456
972 0.0697456
973 0.0697456
974 0.0697456
975 0.0697094
976 0.0697094
977 0.068334
978 0.068334
979 0.068334
980 0.068334
981 0.068334
982 0.068334
983 0.068334
984 0.068334
985 0.0668501
986 0.0668501
987 0.0668501
988 0.0668501
989 0.0668501
990 0.0668501
991 0.0668501
992 0.0668501
993 0.0658004
994 0.0658004
995 0.0658004
996 0.0658004
997 0.0658004
998 0.0658004
999 0.0658004
1000 0.0658004
1001 0.0644974
1002 0.0644974
1003 0.0644974
1004 0.0644974
1005 0.0644974
1006 0.0644974
1007 0.0644613
1008 0.0644613
1009 0.0631583
1010 0.0631583
1011 0.0631583
1012 0.0631583
1013 0.0631583
1014 0.0631583
1015 0.0630859
1016 0.0630859
1017 0.0617829
1018 0.0617829
1019 0.0617829
1020 0.0617829
1021 0.0617829
1022 0.0617829
1023 0.0617829
1024 0.0617829
1025 0.0607695
1026 0.0607695
1027 0.0607695
1028 0.0607695
1029 0.0607695
1030 0.0607695
1031 0.0607695
1032 0.0607695
1033 0.0595751
1034 0.0595751
1035 0.0595751
1036 0.0595751
1037 0.0595751
1038 0.0595751
1039 0.0595751
1040 0.0595751
1041 0.0584893
1042 0.0584893
1043 0.0584893
1044 0.0584893
1045 0.0584893
1046 0.0584893
1047 0.0584531
1048 0.0584531
1049 0.0572587
1050 0.0572587
1051 0.0572587
1052 0.0572587
1053 0.0572587
1054 0.0572587
1055 0.0572587
1056 0.0572587
1057 0.0559195
1058 0.0559195
1059 0.0559195
1060 0.0559195
1061 0.0559195
1062 0.0559195
1063 0.0558833
1064 0.0558833
1065 0.0550147
1066 0.0550147
1067 0.0550147
1068 0.0550147
1069 0.0550147
1070 0.0550147
1071 0.0549423
1072 0.0549423
1073 0.0538926
1074 0.0538926
1075 0.0538926
1076 0.0538926
1077 0.0538926
1078 0.0538926
1079 0.0538565
1080 0.0538565
1081 0.0530602
1082 0.0530602
1083 0.0530602
1084 0.0530602
1085 0.0530602
1086 0.0530602
1087 0.0530602
1088 0.0530602
1089 0.0521553
1090 0.0521553
1091 0.0521553
1092 0.0521553
1093 0.0521553
1094 0.0521553
1095 0.0521192
1096 0.0521192
1097 0.0509248
1098 0.0509248
1099 0.0509248
1100 0.0509248
1101 0.0509248
1102 0.0509248
1103 0.0509248
1104 0.0509248
1105 0.0498751
1106 0.0498751
1107 0.0498751
1108 0.0498751
1109 0.0498751
1110 0.0498751
1111 0.0498751
1112 0.0498751
1113 0.0488617
1114 0.0488617
1115 0.0488617
1116 0.0488617
1117 0.0488617
1118 0.0488617
1119 0.0488255
1120 0.0488255
1121 0.0479569
1122 0.0479569
1123 0.0479569
1124 0.0479569
1125 0.0479569
1126 0.0479569
1127 0.0479207
1128 0.0479207
1129 0.047052
1130 0.047052
1131 0.047052
1132 0.047052
1133 0.047052
1134 0.047052
1135 0.0470158
1136 0.0470158
1137 0.0463281
1138 0.0463281
1139 0.0463281
1140 0.0463281
1141 0.0463281
1142 0.0463281
1143 0.0462557
1144 0.0462557
1145 0.0454233
1146 0.0454233
1147 0.0454233
1148 0.0454233
1149 0.0454233
1150 0.0454233
1151 0.0454233
1152 0.0454233
1153 0.0445908
1154 0.0445908
1155 0.0445908
1156 0.0445908
1157 0.0445908
1158 0.0445908
1159 0.0445908
1160 0.0445908
1161 0.0437946
1162 0.0437946
1163 0.0437946
1164 0.0437946
1165 0.0437946
1166 0.0437946
1167 0.0437584
1168 0.0437584
1169 0.0427811
1170 0.0427811
1171 0.0427811
1172 0.0427811
1173 0.0427811
1174 0.0427811
1175 0.0427811
1176 0.0427811
1177 0.0420573
1178 0.0420573
1179 0.0420573
1180 0.0420573
1181 0.0420573
1182 0.0420573
1183 0.0420211
1184 0.0420211
1185 0.0412248
1186 0.0412248
1187 0.0412248
1188 0.0412248
1189 0.0412248
1190 0.0412248
1191 0.0412248
1192 0.0412248
1193 0.0404647
1194 0.0404647
1195 0.0404647
1196 0.0404647
1197 0.0404647
1198 0.0404647
1199 0.0404647
1200 0.0404647
1201 0.0394875
1202 0.0394875
1203 0.0394875
1204 0.0394875
1205 0.0394875
1206 0.0394875
1207 0.0394875
1208 0.0394875
1209 0.0387998
1210 0.0387998
1211 0.0387998
1212 0.0387998
1213 0.0387998
1214 0.0387998
1215 0.0387998
1216 0.0387998
1217 0.0380397
1218 0.0380397
1219 0.0380397
1220 0.0380397
1221 0.0380397
1222 0.0380397
1223 0.0380397
1224 0.0380397
1225 0.0374968
1226 0.0374968
1227 0.0374968
1228 0.0374968
1229 0.0374968
1230 0.0374968
1231 0.0374968
1232 0.0374968
1233 0.0367368
1234 0.0367368
1235 0.0367368
1236 0.0367368
1237 0.0367368
1238 0.0367368
1239 0.0367368
1240 0.0367368
1241 0.0360129
1242 0.0360129
1243 0.0360129
1244 0.0360129
1245 0.0360129
1246 0.0360129
1247 0.0360129
1248 0.0360129
1249 0.0353252
1250 0.0353252
1251 0.0353252
1252 0.0353252
1253 0.0353252
1254 0.0353252
1255 0.0353252
1256 0.0353252
1257 0.0347099
1258 0.0347099
1259 0.0347099
1260 0.0347099
1261 0.0347099
1262 0.0347099
1263 0.0346737
1264 0.0346737
1265 0.0341308
1266 0.0341308
1267 0.0341308
1268 0.0341308
1269 0.0341308
1270 0.0341308
1271 0.0340946
1272 0.0340946
1273 0.0334431
1274 0.0334431
1275 0.0334431
1276 0.0334431
1277 0.0334431
1278 0.0334431
1279 0.0334431
1280 0.0334431
1281 0.0327192
1282 0.0327192
1283 0.0327192
1284 0.0327192
1285 0.0327192
1286 0.0327192
1287 0.0326831
1288 0.0326831
1289 0.0321401
1290 0.0321401
1291 0.0321401
1292 0.0321401
1293 0.0321401
1294 0.0321401
1295 0.0321039
1296 0.0321039
1297 0.0315248
1298 0.0315248
1299 0.0315248
1300 0.0315248
1301 0.0315248
1302 0.0315248
1303 0.0314887
1304 0.0314887
1305 0.030801
1306 0.030801
1307 0.030801
1308 0.030801
1309 0.030801
1310 0.030801
1311 0.0307648
1312 0.0307648
1313 0.0300047
1314 0.0300047
1315 0.0300047
1316 0.0300047
1317 0.0300047
1318 0.0300047
1319 0.0300047
1320 0.0300047
1321 0.029498
1322 0.029498
1323 0.029498
1324 0.029498
1325 0.029498
1326 0.029498
1327 0.0294618
1328 0.0294618
1329 0.0290999
1330 0.0290999
1331 0.0290999
1332 0.0290999
1333 0.0290999
1334 0.0290999
1335 0.0289913
1336 0.0289913
1337 0.028376
1338 0.028376
1339 0.028376
1340 0.028376
1341 0.028376
1342 0.028376
1343 0.028376
1344 0.028376
1345 0.0275073
1346 0.0275073
1347 0.0275073
1348 0.0275073
1349 0.0275073
1350 0.0275073
1351 0.0274711
1352 0.0274711
1353 0.027073
1354 0.027073
1355 0.027073
1356 0.027073
1357 0.027073
1358 0.027073
1359 0.027073
1360 0.027073
1361 0.0264939
1362 0.0264939
1363 0.0264939
1364 0.0264939
1365 0.0264939
1366 0.0264939
1367 0.0264215
1368 0.0264215
1369 0.0258424
1370 0.0258424
1371 0.0258424
1372 0.0258424
1373 0.0258424
1374 0.0258424
1375 0.0258424
1376 0.0258424
1377 0.0253719
1378 0.0253719
1379 0.0253719
1380 0.0253719
1381 0.0253719
1382 0.0253719
1383 0.0253719
1384 0.0253719
1385 0.0248652
1386 0.0248652
1387 0.0248652
1388 0.0248652
1389 0.0248652
1390 0.0248652
1391 0.024829
1392 0.024829
1393 0.0243223
1394 0.0243223
1395 0.0243223
1396 0.0243223
1397 0.0243223
1398 0.0243223
1399 0.0243223
1400 0.0243223
1401 0.0239241
1402 0.0239241
1403 0.0239241
1404 0.0239241
1405 0.0239241
1406 0.0239241
1407 0.0238879
1408 0.0238879
1409 0.023707
1410 0.023707
1411 0.023707
1412 0.023707
1413 0.023707
1414 0.023707
1415 0.023707
1416 0.023707
1417 0.0234536
1418 0.0234536
1419 0.0234536
1420 0.0234536
1421 0.0234536
1422 0.0234536
1423 0.0234536
1424 0.0234536
1425 0.0228745
1426 0.0228745
1427 0.0228745
1428 0.0228745
1429 0.0228745
1430 0.0228745
1431 0.0228021
1432 0.0228021
1433 0.0222592
1434 0.0222592
1435 0.0222592
1436 0.0222592
1437 0.0222592
1438 0.0222592
1439 0.0222592
1440 0.0222592
1441 0.0220783
1442 0.0220783
1443 0.0220783
1444 0.0220783
1445 0.0220783
1446 0.0220783
1447 0.0220783
1448 0.0220783
1449 0.0217525
1450 0.0217525
1451 0.0217525
1452 0.0217525
1453 0.0217525
1454 0.0217525
1455 0.0217163
1456 0.0217163
1457 0.0212458
1458 0.0212458
1459 0.0212458
1460 0.0212458
1461 0.0212458
1462 0.0212458
1463 0.0212458
1464 0.0212458
1465 0.0209924
1466 0.0209924
1467 0.0209924
1468 0.0209924
1469 0.0209924
1470 0.0209924
1471 0.0209562
1472 0.0209562
1473 0.0207391
1474 0.0207391
1475 0.0207391
1476 0.0207391
1477 0.0207391
1478 0.0207391
1479 0.0207391
1480 0.0207391
1481 0.0205943
1482 0.0205943
1483 0.0205943
1484 0.0205943
1485 0.0205943
1486 0.0205943
1487 0.0205943
1488 0.0205943
1489 0.0202324
1490 0.0202324
1491 0.0202324
1492 0.0202324
1493 0.0202324
1494 0.0202324
1495 0.0202324
1496 0.0202324
1497 0.0199066
1498 0.0199066
1499 0.0199066
1500 0.0199066
1501 0.0199066
1502 0.0199066
1503 0.0199066
1504 0.0199066
1505 0.0194723
1506 0.0194723
1507 0.0194723
1508 0.0194723
1509 0.0194723
1510 0.0194723
1511 0.0194723
1512 0.0194723
1513 0.0191465
1514 0.0191465
1515 0.0191465
1516 0.0191465
1517 0.0191465
1518 0.0191465
1519 0.0191465
1520 0.0191465
1521 0.0185313
1522 0.0185313
1523 0.0185313
1524 0.0185313
1525 0.0185313
1526 0.0185313
1527 0.0184951
1528 0.0184951
1529 0.0181331
1530 0.0181331
1531 0.0181331
1532 0.0181331
1533 0.0181331
1534 0.0181331
1535 0.0181331
1536 0.0181331
1537 0.0178074
1538 0.0178074
1539 0.0178074
1540 0.0178074
1541 0.0178074
1542 0.0178074
1543 0.0177712
1544 0.0177712
1545 0.0175178
1546 0.0175178
1547 0.0175178
1548 0.0175178
1549 0.0175178
1550 0.0175178
1551 0.0175178
1552 0.0175178
1553 0.0170835
1554 0.0170835
1555 0.0170835
1556 0.0170835
1557 0.0170835
1558 0.0170835
1559 0.0170473
1560 0.0170473
1561 0.0167578
1562 0.0167578
1563 0.0167578
1564 0.0167578
1565 0.0167578
1566 0.0167578
1567 0.0167578
1568 0.0167578
1569 0.016432
1570 0.016432
1571 0.016432
1572 0.016432
1573 0.016432
1574 0.016432
1575 0.016432
1576 0.016432
1577 0.0161425
1578 0.0161425
1579 0.0161425
1580 0.0161425
1581 0.0161425
1582 0.0161425
1583 0.0161063
1584 0.0161063
1585 0.0158529
1586 0.0158529
1587 0.0158529
1588 0.0158529
1589 0.0158529
1590 0.0158529
1591 0.0158529
1592 0.0158529
1593 0.0155634
1594 0.0155634
1595 0.0155634
1596 0.0155634
1597 0.0155634
1598 0.0155634
1599 0.0155634
1600 0.0155634
1601 0.0152738
1602 0.0152738
1603 0.0152738
1604 0.0152738
1605 0.0152738
1606 0.0152738
1607 0.0152738
1608 0.0152738
1609 0.0150566
1610 0.0150566
1611 0.0150566
1612 0.0150566
1613 0.0150566
1614 0.0150566
1615 0.0150566
1616 0.0150566
1617 0.0148757
1618 0.0148757
1619 0.0148757
1620 0.0148757
1621 0.0148757
1622 0.0148757
1623 0.0148757
1624 0.0148757
1625 0.0145861
1626 0.0145861
1627 0.0145861
1628 0.0145861
1629 0.0145861
1630 0.0145861
1631 0.0145499
1632 0.0145499
1633 0.014369
1634 0.014369
1635 0.014369
1636 0.014369
1637 0.014369
1638 0.014369
1639 0.014369
1640 0.014369
1641 0.014188
1642 0.014188
1643 0.014188
1644 0.014188
1645 0.014188
1646 0.014188
1647 0.0141518
1648 0.0141518
1649 0.0138984
1650 0.0138984
1651 0.0138984
1652 0.0138984
1653 0.0138984
1654 0.0138984
1655 0.0138984
1656 0.0138984
1657 0.0138261
1658 0.0138261
1659 0.0138261
1660 0.0138261
1661 0.0138261
1662 0.0138261
1663 0.0138261
1664 0.0138261
1665 0.0135365
1666 0.0135365
1667 0.0135365
1668 0.0135365
1669 0.0135365
1670 0.0135365
1671 0.0135003
1672 0.0135003
1673 0.0131746
1674 0.0131746
1675 0.0131746
1676 0.0131746
1677 0.0131746
1678 0.0131746
1679 0.0131746
1680 0.0131746
1681 0.0129574
1682 0.0129574
1683 0.0129574
1684 0.0129574
1685 0.0129574
1686 0.0129574
1687 0.0129574
1688 0.0129574
1689 0.0128126
1690 0.0128126
1691 0.0128126
1692 0.0128126
1693 0.0128126
1694 0.0128126
1695 0.0128126
1696 0.0128126
1697 0.0123059
1698 0.0123059
1699 0.0123059
1700 0.0123059
1701 0.0123059
1702 0.0123059
1703 0.0123059
1704 0.0123059
1705 0.0122335
1706 0.0122335
1707 0.0122335
1708 0.0122335
1709 0.0122335
1710 0.0122335
1711 0.0122335
1712 0.0122335
1713 0.0119802
1714 0.0119802
1715 0.0119802
1716 0.0119802
1717 0.0119802
1718 0.0119802
1719 0.0119802
1720 0.0119802
1721 0.0118354
1722 0.0118354
1723 0.0118354
1724 0.0118354
1725 0.0118354
1726 0.0118354
1727 0.0118354
1728 0.0118354
1729 0.0116906
1730 0.0116906
1731 0.0116906
1732 0.0116906
1733 0.0116906
1734 0.0116906
1735 0.0116544
1736 0.0116544
1737 0.0114735
1738 0.0114735
1739 0.0114735
1740 0.0114735
1741 0.0114735
1742 0.0114735
1743 0.0114735
1744 0.0114735
1745 0.0111839
1746 0.0111839
1747 0.0111839
1748 0.0111839
1749 0.0111839
1750 0.0111839
1751 0.0111839
1752 0.0111839
1753 0.0110029
1754 0.0110029
1755 0.0110029
1756 0.0110029
1757 0.0110029
1758 0.0110029
1759 0.0109667
1760 0.0109667
1761 0.0106048
1762 0.0106048
1763 0.0106048
1764 0.0106048
1765 0.0106048
1766 0.0106048
1767 0.0106048
1768 0.0106048
1769 0.0103514
1770 0.0103514
1771 0.0103514
1772 0.0103514
1773 0.0103514
1774 0.0103514
1775 0.0103514
1776 0.0103514
1777 0.0101343
1778 0.0101343
1779 0.0101343
1780 0.0101343
1781 0.0101343
1782 0.0101343
1783 0.0101343
1784 0.0101343
1785 0.00991712
1786 0.00991712
1787 0.00991712
1788 0.00991712
1789 0.00991712
1790 0.00991712
1791 0.00988092
1792 0.00988092
1793 0.0094104
1794 0.0094104
1795 0.0094104
1796 0.0094104
1797 0.0094104
1798 0.0094104
1799 0.00937421
1800 0.00937421
1801 0.00904846
1802 0.00904846
1803 0.00904846
1804 0.00904846
1805 0.00904846
1806 0.00904846
1807 0.00904846
1808 0.00904846
1809 0.0088313
1810 0.0088313
1811 0.0088313
1812 0.0088313
1813 0.0088313
1814 0.0088313
1815 0.0088313
1816 0.0088313
1817 0.00861414
1818 0.00861414
1819 0.00861414
1820 0.00861414
1821 0.00861414
1822 0.00861414
1823 0.00861414
1824 0.00861414
1825 0.00850556
1826 0.00850556
1827 0.00850556
1828 0.00850556
1829 0.00850556
1830 0.00850556
1831 0.00850556
1832 0.00850556
1833 0.00832459
1834 0.00832459
1835 0.00832459
1836 0.00832459
1837 0.00832459
1838 0.00832459
1839 0.00832459
1840 0.00832459
1841 0.00814362
1842 0.00814362
1843 0.00814362
1844 0.00814362
1845 0.00814362
1846 0.00814362
1847 0.00814362
1848 0.00814362
1849 0.00810742
1850 0.00810742
1851 0.00810742
1852 0.00810742
1853 0.00810742
1854 0.00810742
1855 0.00810742
1856 0.00810742
1857 0.00792645
1858 0.00792645
1859 0.00792645
1860 0.00792645
1861 0.00792645
1862 0.00792645
1863 0.00792645
1864 0.00792645
1865 0.00781787
1866 0.00781787
1867 0.00781787
1868 0.00781787
1869 0.00781787
1870 0.00781787
1871 0.00781787
1872 0.00781787
1873 0.00770929
1874 0.00770929
1875 0.00770929
1876 0.00770929
1877 0.00770929
1878 0.00770929
1879 0.00770929
1880 0.00770929
1881 0.0076731
1882 0.0076731
1883 0.0076731
1884 0.0076731
1885 0.0076731
1886 0.0076731
1887 0.0076731
1888 0.0076731
1889 0.00756452
1890 0.00756452
1891 0.00756452
1892 0.00756452
1893 0.00756452
1894 0.00756452
1895 0.00752832
1896 0.00752832
1897 0.00738355
1898 0.00738355
1899 0.00738355
1900 0.00738355
1901 0.00738355
1902 0.00738355
1903 0.00738355
1904 0.00738355
1905 0.00720258
1906 0.00720258
1907 0.00720258
1908 0.00720258
1909 0.00720258
1910 0.00720258
1911 0.00720258
1912 0.00720258
1913 0.0070578
1914 0.0070578
1915 0.0070578
1916 0.0070578
1917 0.0070578
1918 0.0070578
1919 0.0070578
1920 0.0070578
1921 0.00694922
1922 0.00694922
1923 0.00694922
1924 0.00694922
1925 0.00694922
1926 0.00694922
1927 0.00694922
1928 0.00694922
1929 0.00691303
1930 0.00691303
1931 0.00691303
1932 0.00691303
1933 0.00691303
1934 0.00691303
1935 0.00691303
1936 0.00691303
1937 0.00684064
1938 0.00684064
1939 0.00684064
1940 0.00684064
1941 0.00684064
1942 0.00684064
1943 0.00684064
1944 0.00684064
1945 0.00669586
1946 0.00669586
1947 0.00669586
1948 0.00669586
1949 0.00669586
1950 0.00669586
1951 0.00669586
1952 0.00669586
1953 0.00662348
1954 0.00662348
1955 0.00662348
1956 0.00662348
1957 0.00662348
1958 0.00662348
1959 0.00662348
1960 0.00662348
1961 0.0064787
1962 0.0064787
1963 0.0064787
1964 0.0064787
1965 0.0064787
1966 0.0064787
1967 0.00644251
1968 0.00644251
1969 0.00633392
1970 0.00633392
1971 0.00633392
1972 0.00633392
1973 0.00633392
1974 0.00633392
1975 0.00633392
1976 0.00633392
1977 0.00629773
1978 0.00629773
1979 0.00629773
1980 0.00629773
1981 0.00629773
1982 0.00629773
1983 0.00629773
1984 0.00629773
1985 0.00615296
1986 0.00615296
1987 0.00615296
1988 0.00615296
1989 0.00615296
1990 0.00615296
1991 0.00615296
1992 0.00615296
1993 0.00611676
1994 0.00611676
1995 0.00611676
1996 0.00611676
1997 0.00611676
1998 0.00611676
1999 0.00611676
2000 0.00611676
2001 0.0058996
2002 0.0058996
2003 0.0058996
2004 0.0058996
2005 0.0058996
2006 0.0058996
2007 0.0058996
2008 0.0058996
2009 0.00575482
2010 0.00575482
2011 0.00575482
2012 0.00575482
2013 0.00575482
2014 0.00575482
2015 0.00575482
2016 0.00575482
2017 0.00571863
2018 0.00571863
2019 0.00571863
2020 0.00571863
2021 0.00571863
2022 0.00571863
2023 0.00571863
2024 0.00571863
2025 0.00557385
2026 0.00557385
2027 0.00557385
2028 0.00557385
2029 0.00557385
2030 0.00557385
2031 0.00557385
2032 0.00557385
2033 0.00550147
2034 0.00550147
2035 0.00550147
2036 0.00550147
2037 0.00550147
2038 0.00550147
2039 0.00550147
2040 0.00550147
2041 0.00550147
2042 0.00550147
2043 0.00550147
2044 0.00550147
2045 0.00550147
2046 0.00550147
2047 0.00546527
2048 0.00546527
2049 0.00542908
2050 0.00542908
2051 0.00542908
2052 0.00542908
2053 0.00542908
2054 0.00542908
2055 0.00542908
2056 0.00542908
2057 0.00539288
2058 0.00539288
2059 0.00539288
2060 0.00539288
2061 0.00539288
2062 0.00539288
2063 0.00539288
2064 0.00539288
2065 0.0052843
2066 0.0052843
2067 0.0052843
2068 0.0052843
2069 0.0052843
2070 0.0052843
2071 0.0052843
2072 0.0052843
2073 0.00521191
2074 0.00521191
2075 0.00521191
2076 0.00521191
2077 0.00521191
2078 0.00521191
2079 0.00521191
2080 0.00521191
2081 0.00513953
2082 0.00513953
2083 0.00513953
2084 0.00513953
2085 0.00513953
2086 0.00513953
2087 0.00513953
2088 0.00513953
2089 0.00499475
2090 0.00499475
2091 0.00499475
2092 0.00499475
2093 0.00499475
2094 0.00499475
2095 0.00499475
2096 0.00499475
2097 0.00492236
2098 0.00492236
2099 0.00492236
2100 0.00492236
2101 0.00492236
2102 0.00492236
2103 0.00492236
2104 0.00492236
2105 0.00484998
2106 0.00484998
2107 0.00484998
2108 0.00484998
2109 0.00484998
2110 0.00484998
2111 0.00484998
2112 0.00484998
2113 0.00481378
2114 0.00481378
2115 0.00481378
2116 0.00481378
2117 0.00481378
2118 0.00481378
2119 0.00481378
2120 0.00481378
2121 0.00466901
2122 0.00466901
2123 0.00466901
2124 0.00466901
2125 0.00466901
2126 0.00466901
2127 0.00466901
2128 0.00466901
2129 0.00459662
2130 0.00459662
2131 0.00459662
2132 0.00459662
2133 0.00459662
2134 0.00459662
2135 0.00459662
2136 0.00459662
2137 0.00456043
2138 0.00456043
2139 0.00456043
2140 0.00456043
2141 0.00456043
2142 0.00456043
2143 0.00456043
2144 0.00456043
2145 0.00445184
2146 0.00445184
2147 0.00445184
2148 0.00445184
2149 0.00445184
2150 0.00445184
2151 0.00445184
2152 0.00445184
2153 0.00437946
2154 0.00437946
2155 0.00437946
2156 0.00437946
2157 0.00437946
2158 0.00437946
2159 0.00437946
2160 0.00437946
2161 0.00427087
2162 0.00427087
2163 0.00427087
2164 0.00427087
2165 0.00427087
2166 0.00427087
2167 0.00427087
2168 0.00427087
2169 0.00427087
2170 0.00427087
2171 0.00427087
2172 0.00427087
2173 0.00427087
2174 0.00427087
2175 0.00427087
2176 0.00427087
2177 0.00423468
2178 0.00423468
2179 0.00423468
2180 0.00423468
2181 0.00423468
2182 0.00423468
2183 0.00423468
2184 0.00423468
2185 0.0041261
2186 0.0041261
2187 0.0041261
2188 0.0041261
2189 0.0041261
2190 0.0041261
2191 0.0041261
2192 0.0041261
2193 0.00401752
2194 0.00401752
2195 0.00401752
2196 0.00401752
2197 0.00401752
2198 0.00401752
2199 0.00401752
2200 0.00401752
2201 0.00394513
2202 0.00394513
2203 0.00394513
2204 0.00394513
2205 0.00394513
2206 0.00394513
2207 0.00394513
2208 0.00394513
2209 0.00387274
2210 0.00387274
2211 0.00387274
2212 0.00387274
2213 0.00387274
2214 0.00387274
2215 0.00387274
2216 0.00387274
2217 0.00383655
2218 0.00383655
2219 0.00383655
2220 0.00383655
2221 0.00383655
2222 0.00383655
2223 0.00383655
2224 0.00383655
2225 0.00376416
2226 0.00376416
2227 0.00376416
2228 0.00376416
2229 0.00376416
2230 0.00376416
2231 0.00376416
2232 0.00376416
2233 0.00369177
2234 0.00369177
2235 0.00369177
2236 0.00369177
2237 0.00369177
2238 0.00369177
2239 0.00369177
2240 0.00369177
2241 0.00361939
2242 0.00361939
2243 0.00361939
2244 0.00361939
2245 0.00361939
2246 0.00361939
2247 0.00361939
2248 0.00361939
2249 0.003547
2250 0.003547
2251 0.003547
2252 0.003547
2253 0.003547
2254 0.003547
2255 0.003547
2256 0.003547
2257 0.003547
2258 0.003547
2259 0.003547
2260 0.003547
2261 0.003547
2262 0.003547
2263 0.003547
2264 0.003547
2265 0.00340222
2266 0.00340222
2267 0.00340222
2268 0.00340222
2269 0.00340222
2270 0.00340222
2271 0.00340222
2272 0.00340222
2273 0.00329364
2274 0.00329364
2275 0.00329364
2276 0.00329364
2277 0.00329364
2278 0.00329364
2279 0.00329364
2280 0.00329364
2281 0.00325745
2282 0.00325745
2283 0.00325745
2284 0.00325745
2285 0.00325745
2286 0.00325745
2287 0.00325745
2288 0.00325745
2289 0.00325745
2290 0.00325745
2291 0.00325745
2292 0.00325745
2293 0.00325745
2294 0.00325745
2295 0.00325745
2296 0.00325745
2297 0.00318506
2298 0.00318506
2299 0.00318506
2300 0.00318506
2301 0.00318506
2302 0.00318506
2303 0.00318506
2304 0.00318506
2305 0.00318506
2306 0.00318506
2307 0.00318506
2308 0.00318506
2309 0.00318506
2310 0.00318506
2311 0.00318506
2312 0.00318506
2313 0.00311267
2314 0.00311267
2315 0.00311267
2316 0.00311267
2317 0.00311267
2318 0.00311267
2319 0.00311267
2320 0.00311267
2321 0.00304028
2322 0.00304028
2323 0.00304028
2324 0.00304028
2325 0.00304028
2326 0.00304028
2327 0.00304028
2328 0.00304028
2329 0.0029317
2330 0.0029317
2331 0.0029317
2332 0.0029317
2333 0.0029317
2334 0.0029317
2335 0.0029317
2336 0.0029317
2337 0.0029317
2338 0.0029317
2339 0.0029317
2340 0.0029317
2341 0.0029317
2342 0.0029317
2343 0.0029317
2344 0.0029317
2345 0.00285931
2346 0.00285931
2347 0.00285931
2348 0.00285931
2349 0.00285931
2350 0.00285931
2351 0.00285931
2352 0.00285931
2353 0.00285931
2354 0.00285931
2355 0.00285931
2356 0.00285931
2357 0.00285931
2358 0.00285931
2359 0.00285931
2360 0.00285931
2361 0.00282312
2362 0.00282312
2363 0.00282312
2364 0.00282312
2365 0.00282312
2366 0.00282312
2367 0.00282312
2368 0.00282312
2369 0.00278693
2370 0.00278693
2371 0.00278693
2372 0.00278693
2373 0.00278693
2374 0.00278693
2375 0.00278693
2376 0.00278693
2377 0.00275073
2378 0.00275073
2379 0.00275073
2380 0.00275073
2381 0.00275073
2382 0.00275073
2383 0.00275073
2384 0.00275073
2385 0.00271454
2386 0.00271454
2387 0.00271454
2388 0.00271454
2389 0.00271454
2390 0.00271454
2391 0.00271454
2392 0.00271454
2393 0.00271454
2394 0.00271454
2395 0.00271454
2396 0.00271454
2397 0.00271454
2398 0.00271454
2399 0.00271454
2400 0.00271454
2401 0.00264215
2402 0.00264215
2403 0.00264215
2404 0.00264215
2405 0.00264215
2406 0.00264215
2407 0.00264215
2408 0.00264215
2409 0.00264215
2410 0.00264215
2411 0.00264215
2412 0.00264215
2413 0.00264215
2414 0.00264215
2415 0.00264215
2416 0.00264215
2417 0.00260596
2418 0.00260596
2419 0.00260596
2420 0.00260596
2421 0.00260596
2422 0.00260596
2423 0.00260596
2424 0.00260596
2425 0.00260596
2426 0.00260596
2427 0.00260596
2428 0.00260596
2429 0.00260596
2430 0.00260596
2431 0.00260596
2432 0.00260596
2433 0.00256976
2434 0.00256976
2435 0.00256976
2436 0.00256976
2437 0.00256976
2438 0.00256976
2439 0.00256976
2440 0.00256976
2441 0.00253357
2442 0.00253357
2443 0.00253357
2444 0.00253357
2445 0.00253357
2446 0.00253357
2447 0.00253357
2448 0.00253357
2449 0.00249738
2450 0.00249738
2451 0.00249738
2452 0.00249738
2453 0.00249738
2454 0.00249738
2455 0.00249738
2456 0.00249738
2457 0.00246118
2458 0.00246118
2459 0.00246118
2460 0.00246118
2461 0.00246118
2462 0.00246118
2463 0.00246118
2464 0.00246118
2465 0.00238879
2466 0.00238879
2467 0.00238879
2468 0.00238879
2469 0.00238879
2470 0.00238879
2471 0.00238879
2472 0.00238879
2473 0.00238879
2474 0.00238879
2475 0.00238879
2476 0.00238879
2477 0.00238879
2478 0.00238879
2479 0.00238879
2480 0.00238879
2481 0.00238879
2482 0.00238879
2483 0.00238879
2484 0.00238879
2485 0.00238879
2486 0.00238879
2487 0.00238879
2488 0.00238879
2489 0.00231641
2490 0.00231641
2491 0.00231641
2492 0.00231641
2493 0.00231641
2494 0.00231641
2495 0.00231641
2496 0.00231641
2497 0.00228021
2498 0.00228021
2499 0.00228021
2500 0.00228021
2501 0.00228021
2502 0.00228021
2503 0.00228021
2504 0.00228021
2505 0.00228021
2506 0.00228021
2507 0.00228021
2508 0.00228021
2509 0.00228021
2510 0.00228021
2511 0.00228021
2512 0.00228021
2513 0.00228021
2514 0.00228021
2515 0.00228021
2516 0.00228021
2517 0.00228021
2518 0.00228021
2519 0.00224402
2520 0.00224402
2521 0.00220783
2522 0.00220783
2523 0.00220783
2524 0.00220783
2525 0.00220783
2526 0.00220783
2527 0.00220783
2528 0.00220783
2529 0.00209924
2530 0.00209924
2531 0.00209924
2532 0.00209924
2533 0.00209924
2534 0.00209924
2535 0.00209924
2536 0.00209924
2537 0.00195447
2538 0.00195447
2539 0.00195447
2540 0.00195447
2541 0.00195447
2542 0.00195447
2543 0.00195447
2544 0.00195447
2545 0.00195447
2546 0.00195447
2547 0.00195447
2548 0.00195447
2549 0.00195447
2550 0.00195447
2551 0.00195447
2552 0.00195447
2553 0.00188208
2554 0.00188208
2555 0.00188208
2556 0.00188208
2557 0.00188208
2558 0.00188208
2559 0.00188208
2560 0.00188208
2561 0.00188208
2562 0.00188208
2563 0.00188208
2564 0.00188208
2565 0.00188208
2566 0.00188208
2567 0.00188208
2568 0.00188208
2569 0.00184589
2570 0.00184589
2571 0.00184589
2572 0.00184589
2573 0.00184589
2574 0.00184589
2575 0.00184589
2576 0.00184589
2577 0.0017735
2578 0.0017735
2579 0.0017735
2580 0.0017735
2581 0.0017735
2582 0.0017735
2583 0.0017735
2584 0.0017735
2585 0.0017373
2586 0.0017373
2587 0.0017373
2588 0.0017373
2589 0.0017373
2590 0.0017373
2591 0.0017373
2592 0.0017373
2593 0.00170111
2594 0.00170111
2595 0.00170111
2596 0.00170111
2597 0.00170111
2598 0.00170111
2599 0.00170111
2600 0.00170111
2601 0.00166492
2602 0.00166492
2603 0.00166492
2604 0.00166492
2605 0.00166492
2606 0.00166492
2607 0.00166492
2608 0.00166492
2609 0.00162872
2610 0.00162872
2611 0.00162872
2612 0.00162872
2613 0.00162872
2614 0.00162872
2615 0.00162872
2616 0.00162872
2617 0.00152014
2618 0.00152014
2619 0.00152014
2620 0.00152014
2621 0.00152014
2622 0.00152014
2623 0.00152014
2624 0.00152014
2625 0.00141156
2626 0.00141156
2627 0.00141156
2628 0.00141156
2629 0.00141156
2630 0.00141156
2631 0.00141156
2632 0.00141156
2633 0.00137537
2634 0.00137537
2635 0.00137537
2636 0.00137537
2637 0.00137537
2638 0.00137537
2639 0.00137537
2640 0.00137537
2641 0.00130298
2642 0.00130298
2643 0.00130298
2644 0.00130298
2645 0.00130298
2646 0.00130298
2647 0.00130298
2648 0.00130298
2649 0.00130298
2650 0.00130298
2651 0.00130298
2652 0.00130298
2653 0.00130298
2654 0.00130298
2655 0.00130298
2656 0.00130298
2657 0.00130298
2658 0.00130298
2659 0.00130298
2660 0.00130298
2661 0.00130298
2662 0.00130298
2663 0.00130298
2664 0.00130298
2665 0.00126678
2666 0.00126678
2667 0.00126678
2668 0.00126678
2669 0.00126678
2670 0.00126678
2671 0.00126678
2672 0.00126678
2673 0.00123059
2674 0.00123059
2675 0.00123059
2676 0.00123059
2677 0.00123059
2678 0.00123059
2679 0.00123059
2680 0.00123059
2681 0.00123059
2682 0.00123059
2683 0.00123059
2684 0.00123059
2685 0.00123059
2686 0.00123059
2687 0.00123059
2688 0.00123059
2689 0.00123059
2690 0.00123059
2691 0.00123059
2692 0.00123059
2693 0.00123059
2694 0.00123059
2695 0.00123059
2696 0.00123059
2697 0.0011944
2698 0.0011944
2699 0.0011944
2700 0.0011944
2701 0.0011944
2702 0.0011944
2703 0.0011944
2704 0.0011944
2705 0.00112201
2706 0.00112201
2707 0.00112201
2708 0.00112201
2709 0.00112201
2710 0.00112201
2711 0.00112201
2712 0.00112201
2713 0.00112201
2714 0.00112201
2715 0.00112201
2716 0.00112201
2717 0.00112201
2718 0.00112201
2719 0.00112201
2720 0.00112201
2721 0.00104962
2722 0.00104962
2723 0.00104962
2724 0.00104962
2725 0.00104962
2726 0.00104962
2727 0.00104962
2728 0.00104962
2729 0.00104962
2730 0.00104962
2731 0.00104962
2732 0.00104962
2733 0.00104962
2734 0.00104962
2735 0.00104962
2736 0.00104962
2737 0.00104962
2738 0.00104962
2739 0.00104962
2740 0.00104962
2741 0.00104962
2742 0.00104962
2743 0.00104962
2744 0.00104962
2745 0.00101343
2746 0.00101343
2747 0.00101343
2748 0.00101343
2749 0.00101343
2750 0.00101343
2751 0.00101343
2752 0.00101343
2753 0.00101343
2754 0.00101343
2755 0.00101343
2756 0.00101343
2757 0.00101343
2758 0.00101343
2759 0.00101343
2760 0.00101343
2761 0.00101343
2762 0.00101343
2763 0.00101343
2764 0.00101343
2765 0.00101343
2766 0.00101343
2767 0.00101343
2768 0.00101343
2769 0.000977234
2770 0.000977234
2771 0.000977234
2772 0.000977234
2773 0.000977234
2774 0.000977234
2775 0.000977234
2776 0.000977234
2777 0.00094104
2778 0.00094104
2779 0.00094104
2780 0.00094104
2781 0.00094104
2782 0.00094104
2783 0.000904846
2784 0.000904846
2785 0.000904846
2786 0.000904846
2787 0.000904846
2788 0.000904846
2789 0.000904846
2790 0.000904846
2791 0.000904846
2792 0.000904846
2793 0.000868652
2794 0.000868652
2795 0.000868652
2796 0.000868652
2797 0.000868652
2798 0.000868652
2799 0.000868652
2800 0.000868652
2801 0.000868652
2802 0.000868652
2803 0.000868652
2804 0.000868652
2805 0.000868652
2806 0.000868652
2807 0.000868652
2808 0.000868652
2809 0.000868652
2810 0.000868652
2811 0.000868652
2812 0.000868652
2813 0.000868652
2814 0.000868652
2815 0.000868652
2816 0.000868652
2817 0.000832459
2818 0.000832459
2819 0.000832459
2820 0.000832459
2821 0.000832459
2822 0.000832459
2823 0.000832459
2824 0.000832459
2825 0.000796265
2826 0.000796265
2827 0.000796265
2828 0.000796265
2829 0.000796265
2830 0.000796265
2831 0.000796265
2832 0.000796265
2833 0.000760071
2834 0.000760071
2835 0.000760071
2836 0.000760071
2837 0.000760071
2838 0.000760071
2839 0.000760071
2840 0.000760071
2841 0.000723877
2842 0.000723877
2843 0.000723877
2844 0.000723877
2845 0.000723877
2846 0.000723877
2847 0.000723877
2848 0.000723877
2849 0.000723877
2850 0.000723877
2851 0.000723877
2852 0.000723877
2853 0.000723877
2854 0.000723877
2855 0.000723877
2856 0.000723877
2857 0.000723877
2858 0.000723877
2859 0.000723877
2860 0.000723877
2861 0.000723877
2862 0.000723877
2863 0.000723877
2864 0.000723877
2865 0.000723877
2866 0.000723877
2867 0.000723877
2868 0.000723877
2869 0.000723877
2870 0.000723877
2871 0.000723877
2872 0.000723877
2873 0.000723877
2874 0.000723877
2875 0.000723877
2876 0.000723877
2877 0.000723877
2878 0.000723877
2879 0.000723877
2880 0.000723877
2881 0.000723877
2882 0.000723877
2883 0.000723877
2884 0.000723877
2885 0.000723877
2886 0.000723877
2887 0.000723877
2888 0.000723877
2889 0.000687683
2890 0.000687683
2891 0.000687683
2892 0.000687683
2893 0.000687683
2894 0.000687683
2895 0.000687683
2896 0.000687683
2897 0.000687683
2898 0.000687683
2899 0.000687683
2900 0.000687683
2901 0.000687683
2902 0.000687683
2903 0.000687683
2904 0.000687683
2905 0.000687683
2906 0.000687683
2907 0.000687683
2908 0.000687683
2909 0.000687683
2910 0.000687683
2911 0.000687683
2912 0.000687683
2913 0.000687683
2914 0.000687683
2915 0.000687683
2916 0.000687683
2917 0.000687683
2918 0.000687683
2919 0.000687683
2920 0.000687683
2921 0.000651489
2922 0.000651489
2923 0.000651489
2924 0.000651489
2925 0.000651489
2926 0.000651489
2927 0.000615296
2928 0.000615296
2929 0.000615296
2930 0.000615296
2931 0.000615296
2932 0.000615296
2933 0.000615296
2934 0.000615296
2935 0.000615296
2936 0.000615296
2937 0.000615296
2938 0.000615296
2939 0.000615296
2940 0.000615296
2941 0.000615296
2942 0.000615296
2943 0.000615296
2944 0.000615296
2945 0.000615296
2946 0.000615296
2947 0.000615296
2948 0.000615296
2949 0.000615296
2950 0.000615296
2951 0.000615296
2952 0.000615296
2953 0.000615296
2954 0.000615296
2955 0.000615296
2956 0.000615296
2957 0.000615296
2958 0.000615296
2959 0.000615296
2960 0.000615296
2961 0.000615296
2962 0.000615296
2963 0.000615296
2964 0.000615296
2965 0.000615296
2966 0.000615296
2967 0.000615296
2968 0.000615296
2969 0.000615296
2970 0.000615296
2971 0.000615296
2972 0.000615296
2973 0.000615296
2974 0.000615296
2975 0.000615296
2976 0.000615296
2977 0.000579102
2978 0.000579102
2979 0.000579102
2980 0.000579102
2981 0.000579102
2982 0.000579102
2983 0.000579102
2984 0.000579102
2985 0.000542908
2986 0.000542908
2987 0.000542908
2988 0.000542908
2989 0.000542908
2990 0.000542908
2991 0.000542908
2992 0.000542908
2993 0.000506714
2994 0.000506714
2995 0.000506714
2996 0.000506714
2997 0.000506714
2998 0.000506714
2999 0.000506714
3000 0.000506714
3001 0.000506714
3002 0.000506714
3003 0.000506714
3004 0.000506714
3005 0.000506714
3006 0.000506714
3007 0.000506714
3008 0.000506714
3009 0.000506714
3010 0.000506714
3011 0.000506714
3012 0.000506714
3013 0.000506714
3014 0.000506714
3015 0.000506714
3016 0.000506714
3017 0.000506714
3018 0.000506714
3019 0.000506714
3020 0.000506714
3021 0.000506714
3022 0.000506714
3023 0.000506714
3024 0.000506714
3025 0.000506714
3026 0.000506714
3027 0.000506714
3028 0.000506714
3029 0.000506714
3030 0.000506714
3031 0.000506714
3032 0.000506714
3033 0.00047052
3034 0.00047052
3035 0.00047052
3036 0.00047052
3037 0.00047052
3038 0.00047052
3039 0.00047052
3040 0.00047052
3041 0.00047052
3042 0.00047052
3043 0.00047052
3044 0.00047052
3045 0.00047052
3046 0.00047052
3047 0.00047052
3048 0.00047052
3049 0.00047052
3050 0.00047052
3051 0.00047052
3052 0.00047052
3053 0.00047052
3054 0.00047052
3055 0.00047052
3056 0.00047052
3057 0.00047052
3058 0.00047052
3059 0.00047052
3060 0.00047052
3061 0.00047052
3062 0.00047052
3063 0.00047052
3064 0.00047052
3065 0.000434326
3066 0.000434326
3067 0.000434326
3068 0.000434326
3069 0.000434326
3070 0.000434326
3071 0.000434326
3072 0.000434326
3073 0.000434326
3074 0.000434326
3075 0.000434326
3076 0.000434326
3077 0.000434326
3078 0.000434326
3079 0.000434326
3080 0.000434326
3081 0.000434326
3082 0.000434326
3083 0.000434326
3084 0.000434326
3085 0.000434326
3086 0.000434326
3087 0.000434326
3088 0.000434326
3089 0.000434326
3090 0.000434326
3091 0.000434326
3092 0.000434326
3093 0.000434326
3094 0.000434326
3095 0.000434326
3096 0.000434326
3097 0.000434326
3098 0.000434326
3099 0.000434326
3100 0.000434326
3101 0.000434326
3102 0.000434326
3103 0.000434326
3104 0.000434326
3105 0.000434326
3106 0.000434326
3107 0.000434326
3108 0.000434326
3109 0.000434326
3110 0.000434326
3111 0.000434326
3112 0.000434326
3113 0.000434326
3114 0.000434326
3115 0.000434326
3116 0.000434326
3117 0.000434326
3118 0.000434326
3119 0.000434326
3120 0.000434326
3121 0.000434326
3122 0.000434326
3123 0.000434326
3124 0.000434326
3125 0.000434326
3126 0.000434326
3127 0.000434326
3128 0.000434326
3129 0.000434326
3130 0.000434326
3131 0.000434326
3132 0.000434326
3133 0.000434326
3134 0.000434326
3135 0.000434326
3136 0.000434326
3137 0.000434326
3138 0.000434326
3139 0.000434326
3140 0.000434326
3141 0.000434326
3142 0.000434326
3143 0.000434326
3144 0.000434326
3145 0.000434326
3146 0.000434326
3147 0.000434326
3148 0.000434326
3149 0.000434326
3150 0.000434326
3151 0.000434326
3152 0.000434326
3153 0.000434326
3154 0.000434326
3155 0.000434326
3156 0.000434326
3157 0.000434326
3158 0.000434326
3159 0.000434326
3160 0.000434326
3161 0.000434326
3162 0.000434326
3163 0.000434326
3164 0.000434326
3165 0.000434326
3166 0.000434326
3167 0.000434326
3168 0.000434326
3169 0.000434326
3170 0.000434326
3171 0.000434326
3172 0.000434326
3173 0.000434326
3174 0.000434326
3175 0.000434326
3176 0.000434326
3177 0.000434326
3178 0.000434326
3179 0.000434326
3180 0.000434326
3181 0.000434326
3182 0.000434326
3183 0.000434326
3184 0.000434326
3185 0.000434326
3186 0.000434326
3187 0.000434326
3188 0.000434326
3189 0.000434326
3190 0.000434326
3191 0.000434326
3192 0.000434326
3193 0.000434326
3194 0.000434326
3195 0.000434326
3196 0.000434326
3197 0.000434326
3198 0.000434326
3199 0.000434326
3200 0.000434326
3201 0.000434326
3202 0.000434326
3203 0.000434326
3204 0.000434326
3205 0.000434326
3206 0.000434326
3207 0.000434326
3208 0.000434326
3209 0.000434326
3210 0.000434326
3211 0.000434326
3212 0.000434326
3213 0.000434326
3214 0.000434326
3215 0.000434326
3216 0.000434326
3217 0.000434326
3218 0.000434326
3219 0.000434326
3220 0.000434326
3221 0.000434326
3222 0.000434326
3223 0.000434326
3224 0.000434326
3225 0.000398132
3226 0.000398132
3227 0.000398132
3228 0.000398132
3229 0.000398132
3230 0.000398132
3231 0.000398132
3232 0.000398132
3233 0.000398132
3234 0.000398132
3235 0.000398132
3236 0.000398132
3237 0.000398132
3238 0.000398132
3239 0.000398132
3240 0.000398132
3241 0.000398132
3242 0.000398132
3243 0.000398132
3244 0.000398132
3245 0.000398132
3246 0.000398132
3247 0.000398132
3248 0.000398132
3249 0.000398132
3250 0.000398132
3251 0.000398132
3252 0.000398132
3253 0.000398132
3254 0.000398132
3255 0.000398132
3256 0.000398132
3257 0.000398132
3258 0.000398132
3259 0.000398132
3260 0.000398132
3261 0.000398132
3262 0.000398132
3263 0.000398132
3264 0.000398132
3265 0.000398132
3266 0.000398132
3267 0.000398132
3268 0.000398132
3269 0.000398132
3270 0.000398132
3271 0.000398132
3272 0.000398132
3273 0.000398132
3274 0.000398132
3275 0.000398132
3276 0.000398132
3277 0.000398132
3278 0.000398132
3279 0.000398132
3280 0.000398132
3281 0.000398132
3282 0.000398132
3283 0.000398132
3284 0.000398132
3285 0.000398132
3286 0.000398132
3287 0.000398132
3288 0.000398132
3289 0.000398132
3290 0.000398132
3291 0.000398132
3292 0.000398132
3293 0.000398132
3294 0.000398132
3295 0.000398132
3296 0.000398132
3297 0.000398132
3298 0.000398132
3299 0.000398132
3300 0.000398132
3301 0.000398132
3302 0.000398132
3303 0.000398132
3304 0.000398132
3305 0.000398132
3306 0.000398132
3307 0.000398132
3308 0.000398132
3309 0.000398132
3310 0.000398132
3311 0.000398132
3312 0.000398132
3313 0.000361939
3314 0.000361939
3315 0.000361939
3316 0.000361939
3317 0.000361939
3318 0.000361939
3319 0.000361939
3320 0.000361939
3321 0.000361939
3322 0.000361939
3323 0.000361939
3324 0.000361939
3325 0.000361939
3326 0.000361939
3327 0.000361939
3328 0.000361939
3329 0.000361939
3330 0.000361939
3331 0.000361939
3332 0.000361939
3333 0.000361939
3334 0.000361939
3335 0.000361939
3336 0.000361939
3337 0.000361939
3338 0.000361939
3339 0.000361939
3340 0.000361939
3341 0.000361939
3342 0.000361939
3343 0.000361939
3344 0.000361939
3345 0.000361939
3346 0.000361939
3347 0.000361939
3348 0.000361939
3349 0.000361939
3350 0.000361939
3351 0.000361939
3352 0.000361939
3353 0.000361939
3354 0.000361939
3355 0.000361939
3356 0.000361939
3357 0.000361939
3358 0.000361939
3359 0.000361939
3360 0.000361939
3361 0.000361939
3362 0.000361939
3363 0.000361939
3364 0.000361939
3365 0.000361939
3366 0.000361939
3367 0.000361939
3368 0.000361939
3369 0.000361939
3370 0.000361939
3371 0.000361939
3372 0.000361939
3373 0.000361939
3374 0.000361939
3375 0.000361939
3376 0.000361939
3377 0.000325745
3378 0.000325745
3379 0.000325745
3380 0.000325745
3381 0.000325745
3382 0.000325745
3383 0.000325745
3384 0.000325745
3385 0.000325745
3386 0.000325745
3387 0.000325745
3388 0.000325745
3389 0.000325745
3390 0.000325745
3391 0.000325745
3392 0.000325745
3393 0.000325745
3394 0.000325745
3395 0.000325745
3396 0.000325745
3397 0.000325745
3398 0.000325745
3399 0.000325745
3400 0.000325745
3401 0.000325745
3402 0.000325745
3403 0.000325745
3404 0.000325745
3405 0.000325745
3406 0.000325745
3407 0.000325745
3408 0.000325745
3409 0.000325745
3410 0.000325745
3411 0.000325745
3412 0.000325745
3413 0.000325745
3414 0.000325745
3415 0.000325745
3416 0.000325745
3417 0.000325745
3418 0.000325745
3419 0.000325745
3420 0.000325745
3421 0.000325745
3422 0.000325745
3423 0.000325745
3424 0.000325745
3425 0.000289551
3426 0.000289551
3427 0.000289551
3428 0.000289551
3429 0.000289551
3430 0.000289551
3431 0.000289551
3432 0.000289551
3433 0.000289551
3434 0.000289551
3435 0.000289551
3436 0.000289551
3437 0.000289551
3438 0.000289551
3439 0.000289551
3440 0.000289551
3441 0.000289551
3442 0.000289551
3443 0.000289551
3444 0.000289551
3445 0.000289551
3446 0.000289551
3447 0.000289551
3448 0.000289551
3449 0.000289551
3450 0.000289551
3451 0.000289551
3452 0.000289551
3453 0.000289551
3454 0.000289551
3455 0.000289551
3456 0.000289551
3457 0.000289551
3458 0.000289551
3459 0.000289551
3460 0.000289551
3461 0.000289551
3462 0.000289551
3463 0.000289551
3464 0.000289551
3465 0.000289551
3466 0.000289551
3467 0.000289551
3468 0.000289551
3469 0.000289551
3470 0.000289551
3471 0.000289551
3472 0.000289551
3473 0.000289551
3474 0.000289551
3475 0.000289551
3476 0.000289551
3477 0.000289551
3478 0.000289551
3479 0.000289551
3480 0.000289551
3481 0.000289551
3482 0.000289551
3483 0.000289551
3484 0.000289551
3485 0.000289551
3486 0.000289551
3487 0.000289551
3488 0.000289551
3489 0.000289551
3490 0.000289551
3491 0.000289551
3492 0.000289551
3493 0.000289551
3494 0.000289551
3495 0.000289551
3496 0.000289551
3497 0.000289551
3498 0.000289551
3499 0.000289551
3500 0.000289551
3501 0.000289551
3502 0.000289551
3503 0.000289551
3504 0.000289551
3505 0.000289551
3506 0.000289551
3507 0.000289551
3508 0.000289551
3509 0.000289551
3510 0.000289551
3511 0.000289551
3512 0.000289551
3513 0.000289551
3514 0.000289551
3515 0.000289551
3516 0.000289551
3517 0.000289551
3518 0.000289551
3519 0.000289551
3520 0.000289551
3521 0.000289551
3522 0.000289551
3523 0.000289551
3524 0.000289551
3525 0.000289551
3526 0.000289551
3527 0.000289551
3528 0.000289551
3529 0.000253357
3530 0.000253357
3531 0.000253357
3532 0.000253357
3533 0.000253357
3534 0.000253357
3535 0.000253357
3536 0.000253357
3537 0.000253357
3538 0.000253357
3539 0.000253357
3540 0.000253357
3541 0.000253357
3542 0.000253357
3543 0.000253357
3544 0.000253357
3545 0.000253357
3546 0.000253357
3547 0.000253357
3548 0.000253357
3549 0.000253357
3550 0.000253357
3551 0.000253357
3552 0.000253357
3553 0.000253357
3554 0.000253357
3555 0.000253357
3556 0.000253357
3557 0.000253357
3558 0.000253357
3559 0.000253357
3560 0.000253357
3561 0.000253357
3562 0.000253357
3563 0.000253357
3564 0.000253357
3565 0.000253357
3566 0.000253357
3567 0.000253357
3568 0.000253357
3569 0.000253357
3570 0.000253357
3571 0.000253357
3572 0.000253357
3573 0.000253357
3574 0.000253357
3575 0.000253357
3576 0.000253357
3577 0.000253357
3578 0.000253357
3579 0.000253357
3580 0.000253357
3581 0.000253357
3582 0.000253357
3583 0.000253357
3584 0.000253357
3585 0.000253357
3586 0.000253357
3587 0.000253357
3588 0.000253357
3589 0.000253357
3590 0.000253357
3591 0.000253357
3592 0.000253357
3593 0.000253357
3594 0.000253357
3595 0.000253357
3596 0.000253357
3597 0.000253357
3598 0.000253357
3599 0.000253357
3600 0.000253357
3601 0.000253357
3602 0.000253357
3603 0.000253357
3604 0.000253357
3605 0.000253357
3606 0.000253357
3607 0.000253357
3608 0.000253357
3609 0.000253357
3610 0.000253357
3611 0.000253357
3612 0.000253357
3613 0.000253357
3614 0.000253357
3615 0.000253357
3616 0.000253357
3617 0.000253357
3618 0.000253357
3619 0.000253357
3620 0.000253357
3621 0.000253357
3622 0.000253357
3623 0.000253357
3624 0.000253357
3625 0.000253357
3626 0.000253357
3627 0.000253357
3628 0.000253357
3629 0.000253357
3630 0.000253357
3631 0.000253357
3632 0.000253357
3633 0.000253357
3634 0.000253357
3635 0.000253357
3636 0.000253357
3637 0.000253357
3638 0.000253357
3639 0.000253357
3640 0.000253357
3641 0.000253357
3642 0.000253357
3643 0.000253357
3644 0.000253357
3645 0.000253357
3646 0.000253357
3647 0.000253357
3648 0.000253357
3649 0.000253357
3650 0.000253357
3651 0.000253357
3652 0.000253357
3653 0.000253357
3654 0.000253357
3655 0.000253357
3656 0.000253357
3657 0.000253357
3658 0.000253357
3659 0.000253357
3660 0.000253357
3661 0.000253357
3662 0.000253357
3663 0.000253357
3664 0.000253357
3665 0.000253357
3666 0.000253357
3667 0.000253357
3668 0.000253357
3669 0.000253357
3670 0.000253357
3671 0.000253357
3672 0.000253357
3673 0.000253357
3674 0.000253357
3675 0.000253357
3676 0.000253357
3677 0.000253357
3678 0.000253357
3679 0.000253357
3680 0.000253357
3681 0.000253357
3682 0.000253357
3683 0.000253357
3684 0.000253357
3685 0.000253357
3686 0.000253357
3687 0.000253357
3688 0.000253357
3689 0.000217163
3690 0.000217163
3691 0.000217163
3692 0.000217163
3693 0.000217163
3694 0.000217163
3695 0.000217163
3696 0.000217163
3697 0.000144775
3698 0.000144775
3699 0.000144775
3700 0.000144775
3701 0.000144775
3702 0.000144775
3703 0.000144775
3704 0.000144775
3705 0.000144775
3706 0.000144775
3707 0.000144775
3708 0.000144775
3709 0.000144775
3710 0.000144775
3711 0.000144775
3712 0.000144775
3713 0.000144775
3714 0.000144775
3715 0.000144775
3716 0.000144775
3717 0.000144775
3718 0.000144775
3719 0.000144775
3720 0.000144775
3721 0.000144775
3722 0.000144775
3723 0.000144775
3724 0.000144775
3725 0.000144775
3726 0.000144775
3727 0.000144775
3728 0.000144775
3729 0.000144775
3730 0.000144775
3731 0.000144775
3732 0.000144775
3733 0.000144775
3734 0.000144775
3735 0.000144775
3736 0.000144775
3737 0.000144775
3738 0.000144775
3739 0.000144775
3740 0.000144775
3741 0.000144775
3742 0.000144775
3743 0.000144775
3744 0.000144775
3745 0.000144775
3746 0.000144775
3747 0.000144775
3748 0.000144775
3749 0.000144775
3750 0.000144775
3751 0.000144775
3752 0.000144775
3753 0.000144775
3754 0.000144775
3755 0.000144775
3756 0.000144775
3757 0.000144775
3758 0.000144775
3759 0.000144775
3760 0.000144775
3761 0.000144775
3762 0.000144775
3763 0.000144775
3764 0.000144775
3765 0.000144775
3766 0.000144775
3767 0.000144775
3768 0.000144775
3769 0.000144775
3770 0.000144775
3771 0.000144775
3772 0.000144775
3773 0.000144775
3774 0.000144775
3775 0.000144775
3776 0.000144775
3777 0.000144775
3778 0.000144775
3779 0.000144775
3780 0.000144775
3781 0.000144775
3782 0.000144775
3783 0.000144775
3784 0.000144775
3785 0.000144775
3786 0.000144775
3787 0.000144775
3788 0.000144775
3789 0.000144775
3790 0.000144775
3791 0.000144775
3792 0.000144775
3793 0.000144775
3794 0.000144775
3795 0.000144775
3796 0.000144775
3797 0.000144775
3798 0.000144775
3799 0.000144775
3800 0.000144775
3801 0.000144775
3802 0.000144775
3803 0.000144775
3804 0.000144775
3805 0.000144775
3806 0.000144775
3807 0.000144775
3808 0.000144775
3809 0.000144775
3810 0.000144775
3811 0.000144775
3812 0.000144775
3813 0.000144775
3814 0.000144775
3815 0.000144775
3816 0.000144775
3817 0.000144775
3818 0.000144775
3819 0.000144775
3820 0.000144775
3821 0.000144775
3822 0.000144775
3823 0.000144775
3824 0.000144775
3825 0.000144775
3826 0.000144775
3827 0.000144775
3828 0.000144775
3829 0.000144775
3830 0.000144775
3831 0.000144775
3832 0.000144775
3833 0.000108582
3834 0.000108582
3835 0.000108582
3836 0.000108582
3837 0.000108582
3838 0.000108582
3839 0.000108582
3840 0.000108582
3841 0.000108582
3842 0.000108582
3843 0.000108582
3844 0.000108582
3845 0.000108582
3846 0.000108582
3847 0.000108582
3848 0.000108582
3849 0.000108582
3850 0.000108582
3851 0.000108582
3852 0.000108582
3853 0.000108582
3854 0.000108582
3855 0.000108582
3856 0.000108582
3857 0.000108582
3858 0.000108582
3859 0.000108582
3860 0.000108582
3861 0.000108582
3862 0.000108582
3863 0.000108582
3864 0.000108582
3865 0.000108582
3866 0.000108582
3867 0.000108582
3868 0.000108582
3869 0.000108582
3870 0.000108582
3871 0.000108582
3872 0.000108582
3873 0.000108582
3874 0.000108582
3875 0.000108582
3876 0.000108582
3877 0.000108582
3878 0.000108582
3879 0.000108582
3880 0.000108582
3881 0.000108582
3882 0.000108582
3883 0.000108582
3884 0.000108582
3885 0.000108582
3886 0.000108582
3887 0.000108582
3888 0.000108582
3889 0.000108582
3890 0.000108582
3891 0.000108582
3892 0.000108582
3893 0.000108582
3894 0.000108582
3895 0.000108582
3896 0.000108582
3897 0.000108582
3898 0.000108582
3899 0.000108582
3900 0.000108582
3901 0.000108582
3902 0.000108582
3903 0.000108582
3904 0.000108582
3905 0.000108582
3906 0.000108582
3907 0.000108582
3908 0.000108582
3909 0.000108582
3910 0.000108582
3911 0.000108582
3912 0.000108582
3913 0.000108582
3914 0.000108582
3915 0.000108582
3916 0.000108582
3917 0.000108582
3918 0.000108582
3919 0.000108582
3920 0.000108582
3921 0.000108582
3922 0.000108582
3923 0.000108582
3924 0.000108582
3925 0.000108582
3926 0.000108582
3927 0.000108582
3928 0.000108582
3929 0.000108582
3930 0.000108582
3931 0.000108582
3932 0.000108582
3933 0.000108582
3934 0.000108582
3935 0.000108582
3936 0.000108582
3937 0.000108582
3938 0.000108582
3939 0.000108582
3940 0.000108582
3941 0.000108582
3942 0.000108582
3943 0.000108582
3944 0.000108582
3945 0.000108582
3946 0.000108582
3947 0.000108582
3948 0.000108582
3949 0.000108582
3950 0.000108582
3951 0.000108582
3952 0.000108582
3953 0.000108582
3954 0.000108582
3955 0.000108582
3956 0.000108582
3957 0.000108582
3958 0.000108582
3959 0.000108582
3960 0.000108582
3961 0.000108582
3962 0.000108582
3963 0.000108582
3964 0.000108582
3965 0.000108582
3966 0.000108582
3967 0.000108582
3968 0.000108582
3969 0.000108582
3970 0.000108582
3971 0.000108582
3972 0.000108582
3973 0.000108582
3974 0.000108582
3975 0.000108582
3976 0.000108582
3977 0.000108582
3978 0.000108582
3979 0.000108582
3980 0.000108582
3981 0.000108582
3982 0.000108582
3983 0.000108582
3984 0.000108582
3985 0.000108582
3986 0.000108582
3987 0.000108582
3988 0.000108582
3989 0.000108582
3990 0.000108582
3991 0.000108582
3992 0.000108582
3993 0.000108582
3994 0.000108582
3995 0.000108582
3996 0.000108582
3997 0.000108582
3998 0.000108582
3999 0.000108582
4000 0.000108582
4001 0.000108582
4002 0.000108582
4003 0.000108582
4004 0.000108582
4005 0.000108582
4006 0.000108582
4007 0.000108582
4008 0.000108582
4009 0.000108582
4010 0.000108582
4011 0.000108582
4012 0.000108582
4013 0.000108582
4014 0.000108582
4015 0.000108582
4016 0.000108582
4017 0.000108582
4018 0.000108582
4019 0.000108582
4020 0.000108582
4021 0.000108582
4022 0.000108582
4023 0.000108582
4024 0.000108582
4025 0.000108582
4026 0.000108582
4027 0.000108582
4028 0.000108582
4029 0.000108582
4030 0.000108582
4031 0.000108582
4032 0.000108582
4033 0.000108582
4034 0.000108582
4035 0.000108582
4036 0.000108582
4037 0.000108582
4038 0.000108582
4039 0.000108582
4040 0.000108582
4041 0.000108582
4042 0.000108582
4043 0.000108582
4044 0.000108582
4045 0.000108582
4046 0.000108582
4047 0.000108582
4048 0.000108582
4049 0.000108582
4050 0.000108582
4051 0.000108582
4052 0.000108582
4053 0.000108582
4054 0.000108582
4055 0.000108582
4056 0.000108582
4057 0.000108582
4058 0.000108582
4059 0.000108582
4060 0.000108582
4061 0.000108582
4062 0.000108582
4063 0.000108582
4064 0.000108582
4065 0.000108582
4066 0.000108582
4067 0.000108582
4068 0.000108582
4069 0.000108582
4070 0.000108582
4071 0.000108582
4072 0.000108582
4073 0.000108582
4074 0.000108582
4075 0.000108582
4076 0.000108582
4077 0.000108582
4078 0.000108582
4079 0.000108582
4080 0.000108582
4081 0.000108582
4082 0.000108582
4083 0.000108582
4084 0.000108582
4085 0.000108582
4086 0.000108582
4087 0.000108582
4088 0.000108582
4089 0.000108582
4090 0.000108582
4091 0.000108582
4092 0.000108582
4093 0.000108582
4094 0.000108582
4095 0.000108582
4096 0.000108582
4097 0.000108582
4098 0.000108582
4099 0.000108582
4100 0.000108582
4101 0.000108582
4102 0.000108582
4103 0.000108582
4104 0.000108582
4105 0.000108582
4106 0.000108582
4107 0.000108582
4108 0.000108582
4109 0.000108582
4110 0.000108582
4111 0.000108582
4112 0.000108582
4113 0.000108582
4114 0.000108582
4115 0.000108582
4116 0.000108582
4117 0.000108582
4118 0.000108582
4119 0.000108582
4120 0.000108582
4121 0.000108582
4122 0.000108582
4123 0.000108582
4124 0.000108582
4125 0.000108582
4126 0.000108582
4127 0.000108582
4128 0.000108582
4129 0.000108582
4130 0.000108582
4131 0.000108582
4132 0.000108582
4133 0.000108582
4134 0.000108582
4135 0.000108582
4136 0.000108582
4137 0.000108582
4138 0.000108582
4139 0.000108582
4140 0.000108582
4141 0.000108582
4142 0.000108582
4143 0.000108582
4144 0.000108582
4145 0.000108582
4146 0.000108582
4147 0.000108582
4148 0.000108582
4149 0.000108582
4150 0.000108582
4151 0.000108582
4152 0.000108582
4153 0.000108582
4154 0.000108582
4155 0.000108582
4156 0.000108582
4157 0.000108582
4158 0.000108582
4159 0.000108582
4160 0.000108582
4161 0.000108582
4162 0.000108582
4163 0.000108582
4164 0.000108582
4165 0.000108582
4166 0.000108582
4167 0.000108582
4168 0.000108582
4169 0.000108582
4170 0.000108582
4171 0.000108582
4172 0.000108582
4173 0.000108582
4174 0.000108582
4175 0.000108582
4176 0.000108582
4177 0.000108582
4178 0.000108582
4179 0.000108582
4180 0.000108582
4181 0.000108582
4182 0.000108582
4183 0.000108582
4184 0.000108582
4185 0.000108582
4186 0.000108582
4187 0.000108582
4188 0.000108582
4189 0.000108582
4190 0.000108582
4191 0.000108582
4192 0.000108582
4193 0.000108582
4194 0.000108582
4195 0.000108582
4196 0.000108582
4197 0.000108582
4198 0.000108582
4199 0.000108582
4200 0.000108582
4201 0.000108582
4202 0.000108582
4203 0.000108582
4204 0.000108582
4205 0.000108582
4206 0.000108582
4207 0.000108582
4208 0.000108582
4209 0.000108582
4210 0.000108582
4211 0.000108582
4212 0.000108582
4213 0.000108582
4214 0.000108582
4215 0.000108582
4216 0.000108582
4217 0.000108582
4218 0.000108582
4219 0.000108582
4220 0.000108582
4221 0.000108582
4222 0.000108582
4223 0.000108582
4224 0.000108582
4225 0.000108582
4226 0.000108582
4227 0.000108582
4228 0.000108582
4229 0.000108582
4230 0.000108582
4231 0.000108582
4232 0.000108582
4233 0.000108582
4234 0.000108582
4235 0.000108582
4236 0.000108582
4237 0.000108582
4238 0.000108582
4239 0.000108582
4240 0.000108582
4241 0.000108582
4242 0.000108582
4243 0.000108582
4244 0.000108582
4245 0.000108582
4246 0.000108582
4247 0.000108582
4248 0.000108582
4249 0.000108582
4250 0.000108582
4251 0.000108582
4252 0.000108582
4253 0.000108582
4254 0.000108582
4255 0.000108582
4256 0.000108582
4257 0.000108582
4258 0.000108582
4259 0.000108582
4260 0.000108582
4261 0.000108582
4262 0.000108582
4263 0.000108582
4264 0.000108582
4265 0.000108582
4266 0.000108582
4267 0.000108582
4268 0.000108582
4269 0.000108582
4270 0.000108582
4271 0.000108582
4272 0.000108582
4273 0.000108582
4274 0.000108582
4275 0.000108582
4276 0.000108582
4277 0.000108582
4278 0.000108582
4279 0.000108582
4280 0.000108582
4281 0.000108582
4282 0.000108582
4283 0.000108582
4284 0.000108582
4285 0.000108582
4286 0.000108582
4287 0.000108582
4288 0.000108582
4289 0.000108582
4290 0.000108582
4291 0.000108582
4292 0.000108582
4293 0.000108582
4294 0.000108582
4295 0.000108582
4296 0.000108582
4297 0.000108582
4298 0.000108582
4299 0.000108582
4300 0.000108582
4301 0.000108582
4302 0.000108582
4303 0.000108582
4304 0.000108582
4305 0.000108582
4306 0.000108582
4307 0.000108582
4308 0.000108582
4309 0.000108582
4310 0.000108582
4311 0.000108582
4312 0.000108582
4313 0.000108582
4314 0.000108582
4315 0.000108582
4316 0.000108582
4317 0.000108582
4318 0.000108582
4319 0.000108582
4320 0.000108582
4321 0.000108582
4322 0.000108582
4323 0.000108582
4324 0.000108582
4325 0.000108582
4326 0.000108582
4327 0.000108582
4328 0.000108582
4329 0.000108582
4330 0.000108582
4331 0.000108582
4332 0.000108582
4333 0.000108582
4334 0.000108582
4335 0.000108582
4336 0.000108582
4337 0.000108582
4338 0.000108582
4339 0.000108582
4340 0.000108582
4341 0.000108582
4342 0.000108582
4343 0.000108582
4344 0.000108582
4345 0.000108582
4346 0.000108582
4347 0.000108582
4348 0.000108582
4349 0.000108582
4350 0.000108582
4351 0.000108582
4352 0.000108582
4353 0.000108582
4354 0.000108582
4355 0.000108582
4356 0.000108582
4357 0.000108582
4358 0.000108582
4359 0.000108582
4360 0.000108582
4361 0.000108582
4362 0.000108582
4363 0.000108582
4364 0.000108582
4365 0.000108582
4366 0.000108582
4367 0.000108582
4368 0.000108582
4369 0.000108582
4370 0.000108582
4371 0.000108582
4372 0.000108582
4373 0.000108582
4374 0.000108582
4375 0.000108582
4376 0.000108582
4377 0.000108582
4378 0.000108582
4379 0.000108582
4380 0.000108582
4381 0.000108582
4382 0.000108582
4383 0.000108582
4384 0.000108582
4385 0.000108582
4386 0.000108582
4387 0.000108582
4388 0.000108582
4389 0.000108582
4390 0.000108582
4391 0.000108582
4392 0.000108582
4393 0.000108582
4394 0.000108582
4395 0.000108582
4396 0.000108582
4397 0.000108582
4398 0.000108582
4399 0.000108582
4400 0.000108582
4401 0.000108582
4402 0.000108582
4403 0.000108582
4404 0.000108582
4405 0.000108582
4406 0.000108582
4407 0.000108582
4408 0.000108582
4409 0.000108582
4410 0.000108582
4411 0.000108582
4412 0.000108582
4413 0.000108582
4414 0.000108582
4415 0.000108582
4416 0.000108582
4417 0.000108582
4418 0.000108582
4419 0.000108582
4420 0.000108582
4421 0.000108582
4422 0.000108582
4423 0.000108582
4424 0.000108582
4425 0.000108582
4426 0.000108582
4427 0.000108582
4428 0.000108582
4429 0.000108582
4430 0.000108582
4431 0.000108582
4432 0.000108582
4433 0.000108582
4434 0.000108582
4435 0.000108582
4436 0.000108582
4437 0.000108582
4438 0.000108582
4439 0.000108582
4440 0.000108582
4441 0.000108582
4442 0.000108582
4443 0.000108582
4444 0.000108582
4445 0.000108582
4446 0.000108582
4447 0.000108582
4448 0.000108582
4449 0.000108582
4450 0.000108582
4451 0.000108582
4452 0.000108582
4453 0.000108582
4454 0.000108582
4455 0.000108582
4456 0.000108582
4457 0.000108582
4458 0.000108582
4459 0.000108582
4460 0.000108582
4461 0.000108582
4462 0.000108582
4463 0.000108582
4464 0.000108582
4465 0.000108582
4466 0.000108582
4467 0.000108582
4468 0.000108582
4469 0.000108582
4470 0.000108582
4471 0.000108582
4472 0.000108582
4473 0.000108582
4474 0.000108582
4475 0.000108582
4476 0.000108582
4477 0.000108582
4478 0.000108582
4479 0.000108582
4480 0.000108582
4481 0.000108582
4482 0.000108582
4483 0.000108582
4484 0.000108582
4485 0.000108582
4486 0.000108582
4487 0.000108582
4488 0.000108582
4489 0.000108582
4490 0.000108582
4491 0.000108582
4492 0.000108582
4493 0.000108582
4494 0.000108582
4495 0.000108582
4496 0.000108582
4497 0.000108582
4498 0.000108582
4499 0.000108582
4500 0.000108582
4501 0.000108582
4502 0.000108582
4503 0.000108582
4504 0.000108582
4505 0.000108582
4506 0.000108582
4507 0.000108582
4508 0.000108582
4509 0.000108582
4510 0.000108582
4511 0.000108582
4512 0.000108582
4513 0.000108582
4514 0.000108582
4515 0.000108582
4516 0.000108582
4517 0.000108582
4518 0.000108582
4519 0.000108582
4520 0.000108582
4521 0.000108582
4522 0.000108582
4523 0.000108582
4524 0.000108582
4525 0.000108582
4526 0.000108582
4527 0.000108582
4528 0.000108582
4529 0.000108582
4530 0.000108582
4531 0.000108582
4532 0.000108582
4533 0.000108582
4534 0.000108582
4535 0.000108582
4536 0.000108582
4537 0.000108582
4538 0.000108582
4539 0.000108582
4540 0.000108582
4541 0.000108582
4542 0.000108582
4543 0.000108582
4544 0.000108582
4545 0.000108582
4546 0.000108582
4547 0.000108582
4548 0.000108582
4549 0.000108582
4550 0.000108582
4551 0.000108582
4552 0.000108582
4553 0.000108582
4554 0.000108582
4555 0.000108582
4556 0.000108582
4557 0.000108582
4558 0.000108582
4559 0.000108582
4560 0.000108582
4561 0.000108582
4562 0.000108582
4563 0.000108582
4564 0.000108582
4565 0.000108582
4566 0.000108582
4567 0.000108582
4568 0.000108582
4569 0.000108582
4570 0.000108582
4571 0.000108582
4572 0.000108582
4573 0.000108582
4574 0.000108582
4575 0.000108582
4576 0.000108582
4577 0.000108582
4578 0.000108582
4579 0.000108582
4580 0.000108582
4581 0.000108582
4582 0.000108582
4583 0.000108582
4584 0.000108582
4585 0.000108582
4586 0.000108582
4587 0.000108582
4588 0.000108582
4589 0.000108582
4590 0.000108582
4591 0.000108582
4592 0.000108582
4593 0.000108582
4594 0.000108582
4595 0.000108582
4596 0.000108582
4597 0.000108582
4598 0.000108582
4599 0.000108582
4600 0.000108582
4601 0.000108582
4602 0.000108582
4603 0.000108582
4604 0.000108582
4605 0.000108582
4606 0.000108582
4607 0.000108582
4608 0.000108582
4609 0.000108582
4610 0.000108582
4611 0.000108582
4612 0.000108582
4613 0.000108582
4614 0.000108582
4615 0.000108582
4616 0.000108582
4617 0.000108582
4618 0.000108582
4619 0.000108582
4620 0.000108582
4621 0.000108582
4622 0.000108582
4623 0.000108582
4624 0.000108582
4625 0.000108582
4626 0.000108582
4627 0.000108582
4628 0.000108582
4629 0.000108582
4630 0.000108582
4631 0.000108582
4632 0.000108582
4633 0.000108582
4634 0.000108582
4635 0.000108582
4636 0.000108582
4637 0.000108582
4638 0.000108582
4639 0.000108582
4640 0.000108582
4641 0.000108582
4642 0.000108582
4643 0.000108582
4644 0.000108582
4645 0.000108582
4646 0.000108582
4647 0.000108582
4648 0.000108582
4649 0.000108582
4650 0.000108582
4651 0.000108582
4652 0.000108582
4653 0.000108582
4654 0.000108582
4655 0.000108582
4656 0.000108582
4657 0.000108582
4658 0.000108582
4659 0.000108582
4660 0.000108582
4661 0.000108582
4662 0.000108582
4663 0.000108582
4664 0.000108582
4665 0.000108582
4666 0.000108582
4667 0.000108582
4668 0.000108582
4669 0.000108582
4670 0.000108582
4671 0.000108582
4672 0.000108582
4673 0.000108582
4674 0.000108582
4675 0.000108582
4676 0.000108582
4677 0.000108582
4678 0.000108582
4679 0.000108582
4680 0.000108582
4681 0.000108582
4682 0.000108582
4683 0.000108582
4684 0.000108582
4685 0.000108582
4686 0.000108582
4687 0.000108582
4688 0.000108582
4689 0.000108582
4690 0.000108582
4691 0.000108582
4692 0.000108582
4693 0.000108582
4694 0.000108582
4695 0.000108582
4696 0.000108582
4697 0.000108582
4698 0.000108582
4699 0.000108582
4700 0.000108582
4701 0.000108582
4702 0.000108582
4703 0.000108582
4704 0.000108582
4705 0.000108582
4706 0.000108582
4707 0.000108582
4708 0.000108582
4709 0.000108582
4710 0.000108582
4711 0.000108582
4712 0.000108582
4713 0.000108582
4714 0.000108582
4715 0.000108582
4716 0.000108582
4717 0.000108582
4718 0.000108582
4719 0.000108582
4720 0.000108582
4721 0.000108582
4722 0.000108582
4723 0.000108582
4724 0.000108582
4725 0.000108582
4726 0.000108582
4727 0.000108582
4728 0.000108582
4729 0.000108582
4730 0.000108582
4731 0.000108582
4732 0.000108582
4733 0.000108582
4734 0.000108582
4735 0.000108582
4736 0.000108582
4737 0.000108582
4738 0.000108582
4739 0.000108582
4740 0.000108582
4741 0.000108582
4742 0.000108582
4743 0.000108582
4744 0.000108582
4745 0.000108582
4746 0.000108582
4747 0.000108582
4748 0.000108582
4749 0.000108582
4750 0.000108582
4751 0.000108582
4752 0.000108582
4753 0.000108582
4754 0.000108582
4755 0.000108582
4756 0.000108582
4757 0.000108582
4758 0.000108582
4759 0.000108582
4760 0.000108582
4761 0.000108582
4762 0.000108582
4763 0.000108582
4764 0.000108582
4765 0.000108582
4766 0.000108582
4767 0.000108582
4768 0.000108582
4769 0.000108582
4770 0.000108582
4771 0.000108582
4772 0.000108582
4773 0.000108582
4774 0.000108582
4775 0.000108582
4776 0.000108582
4777 0.000108582
4778 0.000108582
4779 0.000108582
4780 0.000108582
4781 0.000108582
4782 0.000108582
4783 0.000108582
4784 0.000108582
4785 0.000108582
4786 0.000108582
4787 0.000108582
4788 0.000108582
4789 0.000108582
4790 0.000108582
4791 0.000108582
4792 0.000108582
4793 7.23877e-05
4794 7.23877e-05
4795 7.23877e-05
4796 7.23877e-05
4797 7.23877e-05
4798 7.23877e-05
4799 7.23877e-05
4800 7.23877e-05
4801 7.23877e-05
4802 7.23877e-05
4803 7.23877e-05
4804 7.23877e-05
4805 7.23877e-05
4806 7.23877e-05
4807 7.23877e-05
4808 7.23877e-05
4809 7.23877e-05
4810 7.23877e-05
4811 7.23877e-05
4812 7.23877e-05
4813 7.23877e-05
4814 7.23877e-05
4815 7.23877e-05
4816 7.23877e-05
4817 7.23877e-05
4818 7.23877e-05
4819 7.23877e-05
4820 7.23877e-05
4821 7.23877e-05
4822 7.23877e-05
4823 7.23877e-05
4824 7.23877e-05
4825 7.23877e-05
4826 7.23877e-05
4827 7.23877e-05
4828 7.23877e-05
4829 7.23877e-05
4830 7.23877e-05
4831 7.23877e-05
4832 7.23877e-05
4833 7.23877e-05
4834 7.23877e-05
4835 7.23877e-05
4836 7.23877e-05
4837 7.23877e-05
4838 7.23877e-05
4839 7.23877e-05
4840 7.23877e-05
4841 7.23877e-05
4842 7.23877e-05
4843 7.23877e-05
4844 7.23877e-05
4845 7.23877e-05
4846 7.23877e-05
4847 7.23877e-05
4848 7.23877e-05
4849 7.23877e-05
4850 7.23877e-05
4851 7.23877e-05
4852 7.23877e-05
4853 7.23877e-05
4854 7.23877e-05
4855 7.23877e-05
4856 7.23877e-05
4857 7.23877e-05
4858 7.23877e-05
4859 7.23877e-05
4860 7.23877e-05
4861 7.23877e-05
4862 7.23877e-05
4863 7.23877e-05
4864 7.23877e-05
4865 7.23877e-05
4866 7.23877e-05
4867 7.23877e-05
4868 7.23877e-05
4869 7.23877e-05
4870 7.23877e-05
4871 7.23877e-05
4872 7.23877e-05
4873 7.23877e-05
4874 7.23877e-05
4875 7.23877e-05
4876 7.23877e-05
4877 7.23877e-05
4878 7.23877e-05
4879 7.23877e-05
4880 7.23877e-05
4881 7.23877e-05
4882 7.23877e-05
4883 7.23877e-05
4884 7.23877e-05
4885 7.23877e-05
4886 7.23877e-05
4887 7.23877e-05
4888 7.23877e-05
4889 7.23877e-05
4890 7.23877e-05
4891 7.23877e-05
4892 7.23877e-05
4893 7.23877e-05
4894 7.23877e-05
4895 7.23877e-05
4896 7.23877e-05
4897 7.23877e-05
4898 7.23877e-05
4899 7.23877e-05
4900 7.23877e-05
4901 7.23877e-05
4902 7.23877e-05
4903 7.23877e-05
4904 7.23877e-05
4905 7.23877e-05
4906 7.23877e-05
4907 7.23877e-05
4908 7.23877e-05
4909 7.23877e-05
4910 7.23877e-05
4911 7.23877e-05
4912 7.23877e-05
4913 7.23877e-05
4914 7.23877e-05
4915 7.23877e-05
4916 7.23877e-05
4917 7.23877e-05
4918 7.23877e-05
4919 7.23877e-05
4920 7.23877e-05
4921 7.23877e-05
4922 7.23877e-05
4923 7.23877e-05
4924 7.23877e-05
4925 7.23877e-05
4926 7.23877e-05
4927 7.23877e-05
4928 7.23877e-05
4929 7.23877e-05
4930 7.23877e-05
4931 7.23877e-05
4932 7.23877e-05
4933 7.23877e-05
4934 7.23877e-05
4935 7.23877e-05
4936 7.23877e-05
4937 7.23877e-05
4938 7.23877e-05
4939 7.23877e-05
4940 7.23877e-05
4941 7.23877e-05
4942 7.23877e-05
4943 7.23877e-05
4944 7.23877e-05
4945 7.23877e-05
4946 7.23877e-05
4947 7.23877e-05
4948 7.23877e-05
4949 7.23877e-05
4950 7.23877e-05
4951 7.23877e-05
4952 7.23877e-05
4953 7.23877e-05
4954 7.23877e-05
4955 7.23877e-05
4956 7.23877e-05
4957 7.23877e-05
4958 7.23877e-05
4959 7.23877e-05
4960 7.23877e-05
4961 7.23877e-05
4962 7.23877e-05
4963 7.23877e-05
4964 7.23877e-05
4965 7.23877e-05
4966 7.23877e-05
4967 7.23877e-05
4968 7.23877e-05
4969 7.23877e-05
4970 7.23877e-05
4971 7.23877e-05
4972 7.23877e-05
4973 7.23877e-05
4974 7.23877e-05
4975 7.23877e-05
4976 7.23877e-05
4977 7.23877e-05
4978 7.23877e-05
4979 7.23877e-05
4980 7.23877e-05
4981 7.23877e-05
4982 7.23877e-05
4983 7.23877e-05
4984 7.23877e-05
4985 7.23877e-05
4986 7.23877e-05
4987 7.23877e-05
4988 7.23877e-05
4989 7.23877e-05
4990 7.23877e-05
4991 7.23877e-05
4992 7.23877e-05
4993 7.23877e-05
4994 7.23877e-05
4995 7.23877e-05
4996 7.23877e-05
4997 7.23877e-05
4998 7.23877e-05
4999 7.23877e-05
5000 7.23877e-05
5001 7.23877e-05
5002 7.23877e-05
5003 7.23877e-05
5004 7.23877e-05
5005 7.23877e-05
5006 7.23877e-05
5007 7.23877e-05
5008 7.23877e-05
5009 7.23877e-05
5010 7.23877e-05
5011 7.23877e-05
5012 7.23877e-05
5013 7.23877e-05
5014 7.23877e-05
5015 7.23877e-05
5016 7.23877e-05
5017 7.23877e-05
5018 7.23877e-05
5019 7.23877e-05
5020 7.23877e-05
5021 7.23877e-05
5022 7.23877e-05
5023 7.23877e-05
5024 7.23877e-05
5025 7.23877e-05
5026 7.23877e-05
5027 7.23877e-05
5028 7.23877e-05
5029 7.23877e-05
5030 7.23877e-05
5031 7.23877e-05
5032 7.23877e-05
5033 7.23877e-05
5034 7.23877e-05
5035 7.23877e-05
5036 7.23877e-05
5037 7.23877e-05
5038 7.23877e-05
5039 7.23877e-05
5040 7.23877e-05
5041 7.23877e-05
5042 7.23877e-05
5043 7.23877e-05
5044 7.23877e-05
5045 7.23877e-05
5046 7.23877e-05
5047 7.23877e-05
5048 7.23877e-05
5049 7.23877e-05
5050 7.23877e-05
5051 7.23877e-05
5052 7.23877e-05
5053 7.23877e-05
5054 7.23877e-05
5055 7.23877e-05
5056 7.23877e-05
5057 7.23877e-05
5058 7.23877e-05
5059 7.23877e-05
5060 7.23877e-05
5061 7.23877e-05
5062 7.23877e-05
5063 7.23877e-05
5064 7.23877e-05
5065 7.23877e-05
5066 7.23877e-05
5067 7.23877e-05
5068 7.23877e-05
5069 7.23877e-05
5070 7.23877e-05
5071 7.23877e-05
5072 7.23877e-05
5073 7.23877e-05
5074 7.23877e-05
5075 7.23877e-05
5076 7.23877e-05
5077 7.23877e-05
5078 7.23877e-05
5079 7.23877e-05
5080 7.23877e-05
5081 7.23877e-05
5082 7.23877e-05
5083 7.23877e-05
5084 7.23877e-05
5085 7.23877e-05
5086 7.23877e-05
5087 7.23877e-05
5088 7.23877e-05
5089 7.23877e-05
5090 7.23877e-05
5091 7.23877e-05
5092 7.23877e-05
5093 7.23877e-05
5094 7.23877e-05
5095 7.23877e-05
5096 7.23877e-05
5097 7.23877e-05
5098 7.23877e-05
5099 7.23877e-05
5100 7.23877e-05
5101 7.23877e-05
5102 7.23877e-05
5103 7.23877e-05
5104 7.23877e-05
5105 7.23877e-05
5106 7.23877e-05
5107 7.23877e-05
5108 7.23877e-05
5109 7.23877e-05
5110 7.23877e-05
5111 7.23877e-05
5112 7.23877e-05
5113 7.23877e-05
5114 7.23877e-05
5115 7.23877e-05
5116 7.23877e-05
5117 7.23877e-05
5118 7.23877e-05
5119 7.23877e-05
5120 7.23877e-05
5121 7.23877e-05
5122 7.23877e-05
5123 7.23877e-05
5124 7.23877e-05
5125 7.23877e-05
5126 7.23877e-05
5127 7.23877e-05
5128 7.23877e-05
5129 7.23877e-05
5130 7.23877e-05
5131 7.23877e-05
5132 7.23877e-05
5133 7.23877e-05
5134 7.23877e-05
5135 7.23877e-05
5136 7.23877e-05
5137 7.23877e-05
5138 7.23877e-05
5139 7.23877e-05
5140 7.23877e-05
5141 7.23877e-05
5142 7.23877e-05
5143 7.23877e-05
5144 7.23877e-05
5145 7.23877e-05
5146 7.23877e-05
5147 7.23877e-05
5148 7.23877e-05
5149 7.23877e-05
5150 7.23877e-05
5151 7.23877e-05
5152 7.23877e-05
5153 7.23877e-05
5154 7.23877e-05
5155 7.23877e-05
5156 7.23877e-05
5157 7.23877e-05
5158 7.23877e-05
5159 7.23877e-05
5160 7.23877e-05
5161 7.23877e-05
5162 7.23877e-05
5163 7.23877e-05
5164 7.23877e-05
5165 7.23877e-05
5166 7.23877e-05
5167 7.23877e-05
5168 7.23877e-05
5169 3.61939e-05
5170 3.61939e-05
5171 3.61939e-05
5172 3.61939e-05
5173 3.61939e-05
5174 3.61939e-05
5175 3.61939e-05
5176 3.61939e-05
5177 3.61939e-05
5178 3.61939e-05
5179 3.61939e-05
5180 3.61939e-05
5181 3.61939e-05
5182 3.61939e-05
5183 3.61939e-05
5184 3.61939e-05
5185 3.61939e-05
5186 3.61939e-05
5187 3.61939e-05
5188 3.61939e-05
5189 3.61939e-05
5190 3.61939e-05
5191 3.61939e-05
5192 3.61939e-05
5193 3.61939e-05
5194 3.61939e-05
5195 3.61939e-05
5196 3.61939e-05
5197 3.61939e-05
5198 3.61939e-05
5199 3.61939e-05
5200 3.61939e-05
5201 3.61939e-05
5202 3.61939e-05
5203 3.61939e-05
5204 3.61939e-05
5205 3.61939e-05
5206 3.61939e-05
5207 3.61939e-05
5208 3.61939e-05
5209 3.61939e-05
5210 3.61939e-05
5211 3.61939e-05
5212 3.61939e-05
5213 3.61939e-05
5214 3.61939e-05
5215 3.61939e-05
5216 3.61939e-05
5217 3.61939e-05
5218 3.61939e-05
5219 3.61939e-05
5220 3.61939e-05
5221 3.61939e-05
5222 3.61939e-05
5223 3.61939e-05
5224 3.61939e-05
5225 3.61939e-05
5226 3.61939e-05
5227 3.61939e-05
5228 3.61939e-05
5229 3.61939e-05
5230 3.61939e-05
5231 3.61939e-05
5232 3.61939e-05
5233 3.61939e-05
5234 3.61939e-05
5235 3.61939e-05
5236 3.61939e-05
5237 3.61939e-05
5238 3.61939e-05
5239 3.61939e-05
5240 3.61939e-05
5241 3.61939e-05
5242 3.61939e-05
5243 3.61939e-05
5244 3.61939e-05
5245 3.61939e-05
5246 3.61939e-05
5247 3.61939e-05
5248 3.61939e-05
5249 3.61939e-05
5250 3.61939e-05
5251 3.61939e-05
5252 3.61939e-05
5253 3.61939e-05
5254 3.61939e-05
5255 3.61939e-05
5256 3.61939e-05
5257 3.61939e-05
5258 3.61939e-05
5259 3.61939e-05
5260 3.61939e-05
5261 3.61939e-05
5262 3.61939e-05
5263 3.61939e-05
5264 3.61939e-05
5265 3.61939e-05
5266 3.61939e-05
5267 3.61939e-05
5268 3.61939e-05
5269 3.61939e-05
5270 3.61939e-05
5271 3.61939e-05
5272 3.61939e-05
5273 3.61939e-05
5274 3.61939e-05
5275 3.61939e-05
5276 3.61939e-05
5277 3.61939e-05
5278 3.61939e-05
5279 3.61939e-05
5280 3.61939e-05
5281 3.61939e-05
5282 3.61939e-05
5283 3.61939e-05
5284 3.61939e-05
5285 3.61939e-05
5286 3.61939e-05
5287 3.61939e-05
5288 3.61939e-05
5289 3.61939e-05
5290 3.61939e-05
5291 3.61939e-05
5292 3.61939e-05
5293 3.61939e-05
5294 3.61939e-05
5295 3.61939e-05
5296 3.61939e-05
5297 3.61939e-05
5298 3.61939e-05
5299 3.61939e-05
5300 3.61939e-05
5301 3.61939e-05
5302 3.61939e-05
5303 3.61939e-05
5304 3.61939e-05
5305 3.61939e-05
5306 3.61939e-05
5307 3.61939e-05
5308 3.61939e-05
5309 3.61939e-05
5310 3.61939e-05
5311 3.61939e-05
5312 3.61939e-05
5313 3.61939e-05
5314 3.61939e-05
5315 3.61939e-05
5316 3.61939e-05
5317 3.61939e-05
5318 3.61939e-05
5319 3.61939e-05
5320 3.61939e-05
5321 3.61939e-05
5322 3.61939e-05
5323 3.61939e-05
5324 3.61939e-05
5325 3.61939e-05
5326 3.61939e-05
5327 3.61939e-05
5328 3.61939e-05
5329 3.61939e-05
5330 3.61939e-05
5331 3.61939e-05
5332 3.61939e-05
5333 3.61939e-05
5334 3.61939e-05
5335 3.61939e-05
5336 3.61939e-05
5337 3.61939e-05
5338 3.61939e-05
5339 3.61939e-05
5340 3.61939e-05
5341 3.61939e-05
5342 3.61939e-05
5343 3.61939e-05
5344 3.61939e-05
5345 3.61939e-05
5346 3.61939e-05
5347 3.61939e-05
5348 3.61939e-05
5349 3.61939e-05
5350 3.61939e-05
5351 3.61939e-05
5352 3.61939e-05
5353 3.61939e-05
5354 3.61939e-05
5355 3.61939e-05
5356 3.61939e-05
5357 3.61939e-05
5358 3.61939e-05
5359 3.61939e-05
5360 3.61939e-05
5361 3.61939e-05
5362 3.61939e-05
5363 3.61939e-05
5364 3.61939e-05
5365 3.61939e-05
5366 3.61939e-05
5367 3.61939e-05
5368 3.61939e-05
5369 3.61939e-05
5370 3.61939e-05
5371 3.61939e-05
5372 3.61939e-05
5373 3.61939e-05
5374 3.61939e-05
5375 3.61939e-05
5376 3.61939e-05
5377 3.61939e-05
5378 3.61939e-05
5379 3.61939e-05
5380 3.61939e-05
5381 3.61939e-05
5382 3.61939e-05
5383 3.61939e-05
5384 3.61939e-05
5385 3.61939e-05
5386 3.61939e-05
5387 3.61939e-05
5388 3.61939e-05
5389 3.61939e-05
5390 3.61939e-05
5391 3.61939e-05
5392 3.61939e-05
5393 3.61939e-05
5394 3.61939e-05
5395 3.61939e-05
5396 3.61939e-05
5397 3.61939e-05
5398 3.61939e-05
5399 3.61939e-05
5400 3.61939e-05
5401 3.61939e-05
5402 3.61939e-05
5403 3.61939e-05
5404 3.61939e-05
5405 3.61939e-05
5406 3.61939e-05
5407 3.61939e-05
5408 3.61939e-05
5409 3.61939e-05
5410 3.61939e-05
5411 3.61939e-05
5412 3.61939e-05
5413 3.61939e-05
5414 3.61939e-05
5415 3.61939e-05
5416 3.61939e-05
5417 3.61939e-05
5418 3.61939e-05
5419 3.61939e-05
5420 3.61939e-05
5421 3.61939e-05
5422 3.61939e-05
5423 3.61939e-05
5424 3.61939e-05
5425 3.61939e-05
5426 3.61939e-05
5427 3.61939e-05
5428 3.61939e-05
5429 3.61939e-05
5430 3.61939e-05
5431 3.61939e-05
5432 3.61939e-05
5433 3.61939e-05
5434 3.61939e-05
5435 3.61939e-05
5436 3.61939e-05
5437 3.61939e-05
5438 3.61939e-05
5439 3.61939e-05
5440 3.61939e-05
5441 3.61939e-05
5442 3.61939e-05
5443 3.61939e-05
5444 3.61939e-05
5445 3.61939e-05
5446 3.61939e-05
5447 3.61939e-05
5448 3.61939e-05
5449 3.61939e-05
5450 3.61939e-05
5451 3.61939e-05
5452 3.61939e-05
5453 3.61939e-05
5454 3.61939e-05
5455 3.61939e-05
5456 3.61939e-05
5457 3.61939e-05
5458 3.61939e-05
5459 3.61939e-05
5460 3.61939e-05
5461 3.61939e-05
5462 3.61939e-05
5463 3.61939e-05
5464 3.61939e-05
5465 3.61939e-05
5466 3.61939e-05
5467 3.61939e-05
5468 3.61939e-05
5469 3.61939e-05
5470 3.61939e-05
5471 3.61939e-05
5472 3.61939e-05
5473 3.61939e-05
5474 3.61939e-05
5475 3.61939e-05
5476 3.61939e-05
5477 3.61939e-05
5478 3.61939e-05
5479 3.61939e-05
5480 3.61939e-05
5481 3.61939e-05
5482 3.61939e-05
5483 3.61939e-05
5484 3.61939e-05
5485 3.61939e-05
5486 3.61939e-05
5487 3.61939e-05
5488 3.61939e-05
5489 3.61939e-05
5490 3.61939e-05
5491 3.61939e-05
5492 3.61939e-05
5493 3.61939e-05
5494 3.61939e-05
5495 3.61939e-05
5496 3.61939e-05
5497 3.61939e-05
5498 3.61939e-05
5499 3.61939e-05
5500 3.61939e-05
5501 3.61939e-05
5502 3.61939e-05
5503 3.61939e-05
5504 3.61939e-05
5505 3.61939e-05
5506 3.61939e-05
5507 3.61939e-05
5508 3.61939e-05
5509 3.61939e-05
5510 3.61939e-05
5511 3.61939e-05
5512 3.61939e-05
5513 3.61939e-05
5514 3.61939e-05
5515 3.61939e-05
5516 3.61939e-05
5517 3.61939e-05
5518 3.61939e-05
5519 3.61939e-05
5520 3.61939e-05
5521 3.61939e-05
5522 3.61939e-05
5523 3.61939e-05
5524 3.61939e-05
5525 3.61939e-05
5526 3.61939e-05
5527 3.61939e-05
5528 3.61939e-05
5529 3.61939e-05
5530 3.61939e-05
5531 3.61939e-05
5532 3.61939e-05
5533 3.61939e-05
5534 3.61939e-05
5535 3.61939e-05
5536 3.61939e-05
