0 1
1 1
2 1
3 1
4 1
5 1
6 1
7 1
8 1
9 1
10 1
11 1
12 1
13 1
14 1
15 1
16 1
17 1
18 1
19 1
20 1
21 1
22 1
23 1
24 1
25 1
26 1
27 1
28 1
29 1
30 1
31 0.999963
32 0.999963
33 0.999963
34 0.999963
35 0.999963
36 0.999963
37 0.999963
38 0.999963
39 0.999927
40 0.999927
41 0.999927
42 0.999927
43 0.999927
44 0.999927
45 0.999927
46 0.999927
47 0.99989
48 0.99989
49 0.989896
50 0.989896
51 0.989896
52 0.989896
53 0.989896
54 0.989896
55 0.989749
56 0.989749
57 0.981409
58 0.981409
59 0.981409
60 0.981409
61 0.981409
62 0.981409
63 0.981409
64 0.981409
65 0.972077
66 0.972077
67 0.972077
68 0.972077
69 0.972077
70 0.972077
71 0.971967
72 0.971967
73 0.964399
74 0.964399
75 0.964399
76 0.964399
77 0.964399
78 0.964399
79 0.964362
80 0.964362
81 0.95503
82 0.95503
83 0.95503
84 0.95503
85 0.95503
86 0.95503
87 0.954993
88 0.954993
89 0.9468
90 0.9468
91 0.9468
92 0.9468
93 0.9468
94 0.9468
95 0.946616
96 0.946616
97 0.938239
98 0.938239
99 0.938239
100 0.938239
101 0.938239
102 0.938239
103 0.938239
104 0.938239
105 0.927989
106 0.927989
107 0.927989
108 0.927989
109 0.927989
110 0.927989
111 0.927915
112 0.927915
113 0.918326
114 0.918326
115 0.918326
116 0.918326
117 0.918326
118 0.918326
119 0.918253
120 0.918253
121 0.907524
122 0.907524
123 0.907524
124 0.907524
125 0.907524
126 0.907524
127 0.907524
128 0.907524
129 0.896355
130 0.896355
131 0.896355
132 0.896355
133 0.896355
134 0.896355
135 0.896172
136 0.896172
137 0.885186
138 0.885186
139 0.885186
140 0.885186
141 0.885186
142 0.885186
143 0.88515
144 0.88515
145 0.874238
146 0.874238
147 0.874238
148 0.874238
149 0.874238
150 0.874238
151 0.874127
152 0.874127
153 0.86384
154 0.86384
155 0.86384
156 0.86384
157 0.86384
158 0.86384
159 0.86373
160 0.86373
161 0.852451
162 0.852451
163 0.852451
164 0.852451
165 0.852451
166 0.852451
167 0.852377
168 0.852377
169 0.841428
170 0.841428
171 0.841428
172 0.841428
173 0.841428
174 0.841428
175 0.841318
176 0.841318
177 0.831068
178 0.831068
179 0.831068
180 0.831068
181 0.831068
182 0.831068
183 0.830957
184 0.830957
185 0.82225
186 0.82225
187 0.82225
188 0.82225
189 0.82225
190 0.82225
191 0.822177
192 0.822177
193 0.812367
194 0.812367
195 0.812367
196 0.812367
197 0.812367
198 0.812367
199 0.812293
200 0.812293
201 0.801308
202 0.801308
203 0.801308
204 0.801308
205 0.801308
206 0.801308
207 0.801198
208 0.801198
209 0.790176
210 0.790176
211 0.790176
212 0.790176
213 0.790176
214 0.790176
215 0.789992
216 0.789992
217 0.779558
218 0.779558
219 0.779558
220 0.779558
221 0.779558
222 0.779558
223 0.779411
224 0.779411
225 0.769895
226 0.769895
227 0.769895
228 0.769895
229 0.769895
230 0.769895
231 0.769895
232 0.769895
233 0.760673
234 0.760673
235 0.760673
236 0.760673
237 0.760673
238 0.760673
239 0.760636
240 0.760636
241 0.750386
242 0.750386
243 0.750386
244 0.750386
245 0.750386
246 0.750386
247 0.750386
248 0.750386
249 0.740062
250 0.740062
251 0.740062
252 0.740062
253 0.740062
254 0.740062
255 0.740025
256 0.740025
257 0.730913
258 0.730913
259 0.730913
260 0.730913
261 0.730913
262 0.730913
263 0.730766
264 0.730766
265 0.722059
266 0.722059
267 0.722059
268 0.722059
269 0.722059
270 0.722059
271 0.721949
272 0.721949
273 0.713058
274 0.713058
275 0.713058
276 0.713058
277 0.713058
278 0.713058
279 0.713021
280 0.713021
281 0.703725
282 0.703725
283 0.703725
284 0.703725
285 0.703725
286 0.703725
287 0.703652
288 0.703652
289 0.694504
290 0.694504
291 0.694504
292 0.694504
293 0.694504
294 0.694504
295 0.694467
296 0.694467
297 0.684767
298 0.684767
299 0.684767
300 0.684767
301 0.684767
302 0.684767
303 0.684657
304 0.684657
305 0.67595
306 0.67595
307 0.67595
308 0.67595
309 0.67595
310 0.67595
311 0.67584
312 0.67584
313 0.667573
314 0.667573
315 0.667573
316 0.667573
317 0.667573
318 0.667573
319 0.667499
320 0.667499
321 0.658388
322 0.658388
323 0.658388
324 0.658388
325 0.658388
326 0.658388
327 0.658351
328 0.658351
329 0.650378
330 0.650378
331 0.650378
332 0.650378
333 0.650378
334 0.650378
335 0.650305
336 0.650305
337 0.641304
338 0.641304
339 0.641304
340 0.641304
341 0.641304
342 0.641304
343 0.64112
344 0.64112
345 0.632265
346 0.632265
347 0.632265
348 0.632265
349 0.632265
350 0.632265
351 0.632155
352 0.632155
353 0.625064
354 0.625064
355 0.625064
356 0.625064
357 0.625064
358 0.625064
359 0.625028
360 0.625028
361 0.61779
362 0.61779
363 0.61779
364 0.61779
365 0.61779
366 0.61779
367 0.617716
368 0.617716
369 0.60956
370 0.60956
371 0.60956
372 0.60956
373 0.60956
374 0.60956
375 0.60945
376 0.60945
377 0.601918
378 0.601918
379 0.601918
380 0.601918
381 0.601918
382 0.601918
383 0.601734
384 0.601734
385 0.593945
386 0.593945
387 0.593945
388 0.593945
389 0.593945
390 0.593945
391 0.593835
392 0.593835
393 0.585458
394 0.585458
395 0.585458
396 0.585458
397 0.585458
398 0.585458
399 0.585201
400 0.585201
401 0.577302
402 0.577302
403 0.577302
404 0.577302
405 0.577302
406 0.577302
407 0.577081
408 0.577081
409 0.569366
410 0.569366
411 0.569366
412 0.569366
413 0.569366
414 0.569366
415 0.569219
416 0.569219
417 0.562716
418 0.562716
419 0.562716
420 0.562716
421 0.562716
422 0.562716
423 0.562606
424 0.562606
425 0.555698
426 0.555698
427 0.555698
428 0.555698
429 0.555698
430 0.555698
431 0.555625
432 0.555625
433 0.548497
434 0.548497
435 0.548497
436 0.548497
437 0.548497
438 0.548497
439 0.548387
440 0.548387
441 0.541847
442 0.541847
443 0.541847
444 0.541847
445 0.541847
446 0.541847
447 0.541664
448 0.541664
449 0.535859
450 0.535859
451 0.535859
452 0.535859
453 0.535859
454 0.535859
455 0.535748
456 0.535748
457 0.528511
458 0.528511
459 0.528511
460 0.528511
461 0.528511
462 0.528511
463 0.528511
464 0.528511
465 0.521567
466 0.521567
467 0.521567
468 0.521567
469 0.521567
470 0.521567
471 0.52142
472 0.52142
473 0.51499
474 0.51499
475 0.51499
476 0.51499
477 0.51499
478 0.51499
479 0.51488
480 0.51488
481 0.508744
482 0.508744
483 0.508744
484 0.508744
485 0.508744
486 0.508744
487 0.508597
488 0.508597
489 0.502719
490 0.502719
491 0.502719
492 0.502719
493 0.502719
494 0.502719
495 0.502498
496 0.502498
497 0.496252
498 0.496252
499 0.496252
500 0.496252
501 0.496252
502 0.496252
503 0.496106
504 0.496106
505 0.489713
506 0.489713
507 0.489713
508 0.489713
509 0.489713
510 0.489713
511 0.489639
512 0.489639
513 0.48332
514 0.48332
515 0.48332
516 0.48332
517 0.48332
518 0.48332
519 0.483136
520 0.483136
521 0.477588
522 0.477588
523 0.477588
524 0.477588
525 0.477588
526 0.477588
527 0.477405
528 0.477405
529 0.471453
530 0.471453
531 0.471453
532 0.471453
533 0.471453
534 0.471453
535 0.471453
536 0.471453
537 0.465831
538 0.465831
539 0.465831
540 0.465831
541 0.465831
542 0.465831
543 0.465721
544 0.465721
545 0.458998
546 0.458998
547 0.458998
548 0.458998
549 0.458998
550 0.458998
551 0.458814
552 0.458814
553 0.453229
554 0.453229
555 0.453229
556 0.453229
557 0.453229
558 0.453229
559 0.453156
560 0.453156
561 0.448086
562 0.448086
563 0.448086
564 0.448086
565 0.448086
566 0.448086
567 0.447976
568 0.447976
569 0.442758
570 0.442758
571 0.442758
572 0.442758
573 0.442758
574 0.442758
575 0.442685
576 0.442685
577 0.437982
578 0.437982
579 0.437982
580 0.437982
581 0.437982
582 0.437982
583 0.437835
584 0.437835
585 0.432361
586 0.432361
587 0.432361
588 0.432361
589 0.432361
590 0.432361
591 0.432251
592 0.432251
593 0.427621
594 0.427621
595 0.427621
596 0.427621
597 0.427621
598 0.427621
599 0.427474
600 0.427474
601 0.422074
602 0.422074
603 0.422074
604 0.422074
605 0.422074
606 0.422074
607 0.42189
608 0.42189
609 0.415277
610 0.415277
611 0.415277
612 0.415277
613 0.415277
614 0.415277
615 0.415166
616 0.415166
617 0.409472
618 0.409472
619 0.409472
620 0.409472
621 0.409472
622 0.409472
623 0.409325
624 0.409325
625 0.404328
626 0.404328
627 0.404328
628 0.404328
629 0.404328
630 0.404328
631 0.404291
632 0.404291
633 0.399148
634 0.399148
635 0.399148
636 0.399148
637 0.399148
638 0.399148
639 0.399037
640 0.399037
641 0.394555
642 0.394555
643 0.394555
644 0.394555
645 0.394555
646 0.394555
647 0.394408
648 0.394408
649 0.389816
650 0.389816
651 0.389816
652 0.389816
653 0.389816
654 0.389816
655 0.389558
656 0.389558
657 0.385407
658 0.385407
659 0.385407
660 0.385407
661 0.385407
662 0.385407
663 0.38526
664 0.38526
665 0.380741
666 0.380741
667 0.380741
668 0.380741
669 0.380741
670 0.380741
671 0.380594
672 0.380594
673 0.375817
674 0.375817
675 0.375817
676 0.375817
677 0.375817
678 0.375817
679 0.375707
680 0.375707
681 0.371188
682 0.371188
683 0.371188
684 0.371188
685 0.371188
686 0.371188
687 0.371151
688 0.371151
689 0.367183
690 0.367183
691 0.367183
692 0.367183
693 0.367183
694 0.367183
695 0.367073
696 0.367073
697 0.36204
698 0.36204
699 0.36204
700 0.36204
701 0.36204
702 0.36204
703 0.361966
704 0.361966
705 0.357815
706 0.357815
707 0.357815
708 0.357815
709 0.357815
710 0.357815
711 0.357704
712 0.357704
713 0.353516
714 0.353516
715 0.353516
716 0.353516
717 0.353516
718 0.353516
719 0.353406
720 0.353406
721 0.348593
722 0.348593
723 0.348593
724 0.348593
725 0.348593
726 0.348593
727 0.348372
728 0.348372
729 0.343743
730 0.343743
731 0.343743
732 0.343743
733 0.343743
734 0.343743
735 0.34367
736 0.34367
737 0.339702
738 0.339702
739 0.339702
740 0.339702
741 0.339702
742 0.339702
743 0.339481
744 0.339481
745 0.335146
746 0.335146
747 0.335146
748 0.335146
749 0.335146
750 0.335146
751 0.335072
752 0.335072
753 0.331362
754 0.331362
755 0.331362
756 0.331362
757 0.331362
758 0.331362
759 0.331068
760 0.331068
761 0.326622
762 0.326622
763 0.326622
764 0.326622
765 0.326622
766 0.326622
767 0.326475
768 0.326475
769 0.323205
770 0.323205
771 0.323205
772 0.323205
773 0.323205
774 0.323205
775 0.323095
776 0.323095
777 0.31909
778 0.31909
779 0.31909
780 0.31909
781 0.31909
782 0.31909
783 0.318943
784 0.318943
785 0.315306
786 0.315306
787 0.315306
788 0.315306
789 0.315306
790 0.315306
791 0.315269
792 0.315269
793 0.311338
794 0.311338
795 0.311338
796 0.311338
797 0.311338
798 0.311338
799 0.311228
800 0.311228
801 0.307848
802 0.307848
803 0.307848
804 0.307848
805 0.307848
806 0.307848
807 0.307701
808 0.307701
809 0.303696
810 0.303696
811 0.303696
812 0.303696
813 0.303696
814 0.303696
815 0.303476
816 0.303476
817 0.300132
818 0.300132
819 0.300132
820 0.300132
821 0.300132
822 0.300132
823 0.300022
824 0.300022
825 0.296275
826 0.296275
827 0.296275
828 0.296275
829 0.296275
830 0.296275
831 0.296164
832 0.296164
833 0.292417
834 0.292417
835 0.292417
836 0.292417
837 0.292417
838 0.292417
839 0.292307
840 0.292307
841 0.288192
842 0.288192
843 0.288192
844 0.288192
845 0.288192
846 0.288192
847 0.288081
848 0.288081
849 0.284848
850 0.284848
851 0.284848
852 0.284848
853 0.284848
854 0.284848
855 0.284775
856 0.284775
857 0.281137
858 0.281137
859 0.281137
860 0.281137
861 0.281137
862 0.281137
863 0.281101
864 0.281101
865 0.277794
866 0.277794
867 0.277794
868 0.277794
869 0.277794
870 0.277794
871 0.277574
872 0.277574
873 0.274157
874 0.274157
875 0.274157
876 0.274157
877 0.274157
878 0.274157
879 0.274047
880 0.274047
881 0.271107
882 0.271107
883 0.271107
884 0.271107
885 0.271107
886 0.271107
887 0.270997
888 0.270997
889 0.268425
890 0.268425
891 0.268425
892 0.268425
893 0.268425
894 0.268425
895 0.268389
896 0.268389
897 0.265155
898 0.265155
899 0.265155
900 0.265155
901 0.265155
902 0.265155
903 0.265082
904 0.265082
905 0.261739
906 0.261739
907 0.261739
908 0.261739
909 0.261739
910 0.261739
911 0.261628
912 0.261628
913 0.258211
914 0.258211
915 0.258211
916 0.258211
917 0.258211
918 0.258211
919 0.258138
920 0.258138
921 0.255015
922 0.255015
923 0.255015
924 0.255015
925 0.255015
926 0.255015
927 0.254905
928 0.254905
929 0.251415
930 0.251415
931 0.251415
932 0.251415
933 0.251415
934 0.251415
935 0.251378
936 0.251378
937 0.248512
938 0.248512
939 0.248512
940 0.248512
941 0.248512
942 0.248512
943 0.248439
944 0.248439
945 0.245389
946 0.245389
947 0.245389
948 0.245389
949 0.245389
950 0.245389
951 0.245352
952 0.245352
953 0.242781
954 0.242781
955 0.242781
956 0.242781
957 0.242781
958 0.242781
959 0.24267
960 0.24267
961 0.240135
962 0.240135
963 0.240135
964 0.240135
965 0.240135
966 0.240135
967 0.240098
968 0.240098
969 0.237343
970 0.237343
971 0.237343
972 0.237343
973 0.237343
974 0.237343
975 0.237196
976 0.237196
977 0.234073
978 0.234073
979 0.234073
980 0.234073
981 0.234073
982 0.234073
983 0.233742
984 0.233742
985 0.230656
986 0.230656
987 0.230656
988 0.230656
989 0.230656
990 0.230656
991 0.230472
992 0.230472
993 0.227092
994 0.227092
995 0.227092
996 0.227092
997 0.227092
998 0.227092
999 0.227019
1000 0.227019
1001 0.223933
1002 0.223933
1003 0.223933
1004 0.223933
1005 0.223933
1006 0.223933
1007 0.223822
1008 0.223822
1009 0.221251
1010 0.221251
1011 0.221251
1012 0.221251
1013 0.221251
1014 0.221251
1015 0.221214
1016 0.221214
1017 0.218679
1018 0.218679
1019 0.218679
1020 0.218679
1021 0.218679
1022 0.218679
1023 0.218642
1024 0.218642
1025 0.216254
1026 0.216254
1027 0.216254
1028 0.216254
1029 0.216254
1030 0.216254
1031 0.216107
1032 0.216107
1033 0.213609
1034 0.213609
1035 0.213609
1036 0.213609
1037 0.213609
1038 0.213609
1039 0.213498
1040 0.213498
1041 0.211221
1042 0.211221
1043 0.211221
1044 0.211221
1045 0.211221
1046 0.211221
1047 0.211184
1048 0.211184
1049 0.208392
1050 0.208392
1051 0.208392
1052 0.208392
1053 0.208392
1054 0.208392
1055 0.208318
1056 0.208318
1057 0.206077
1058 0.206077
1059 0.206077
1060 0.206077
1061 0.206077
1062 0.206077
1063 0.20604
1064 0.20604
1065 0.20288
1066 0.20288
1067 0.20288
1068 0.20288
1069 0.20288
1070 0.20288
1071 0.202733
1072 0.202733
1073 0.200015
1074 0.200015
1075 0.200015
1076 0.200015
1077 0.200015
1078 0.200015
1079 0.199941
1080 0.199941
1081 0.197186
1082 0.197186
1083 0.197186
1084 0.197186
1085 0.197186
1086 0.197186
1087 0.197112
1088 0.197112
1089 0.19432
1090 0.19432
1091 0.19432
1092 0.19432
1093 0.19432
1094 0.19432
1095 0.19421
1096 0.19421
1097 0.192226
1098 0.192226
1099 0.192226
1100 0.192226
1101 0.192226
1102 0.192226
1103 0.192189
1104 0.192189
1105 0.189691
1106 0.189691
1107 0.189691
1108 0.189691
1109 0.189691
1110 0.189691
1111 0.189691
1112 0.189691
1113 0.187045
1114 0.187045
1115 0.187045
1116 0.187045
1117 0.187045
1118 0.187045
1119 0.187009
1120 0.187009
1121 0.184731
1122 0.184731
1123 0.184731
1124 0.184731
1125 0.184731
1126 0.184731
1127 0.18462
1128 0.18462
1129 0.1826
1130 0.1826
1131 0.1826
1132 0.1826
1133 0.1826
1134 0.1826
1135 0.18249
1136 0.18249
1137 0.180101
1138 0.180101
1139 0.180101
1140 0.180101
1141 0.180101
1142 0.180101
1143 0.179918
1144 0.179918
1145 0.177934
1146 0.177934
1147 0.177934
1148 0.177934
1149 0.177934
1150 0.177934
1151 0.177823
1152 0.177823
1153 0.17584
1154 0.17584
1155 0.17584
1156 0.17584
1157 0.17584
1158 0.17584
1159 0.17584
1160 0.17584
1161 0.17426
1162 0.17426
1163 0.17426
1164 0.17426
1165 0.17426
1166 0.17426
1167 0.174186
1168 0.174186
1169 0.171945
1170 0.171945
1171 0.171945
1172 0.171945
1173 0.171945
1174 0.171945
1175 0.171945
1176 0.171945
1177 0.169594
1178 0.169594
1179 0.169594
1180 0.169594
1181 0.169594
1182 0.169594
1183 0.169557
1184 0.169557
1185 0.167499
1186 0.167499
1187 0.167499
1188 0.167499
1189 0.167499
1190 0.167499
1191 0.167389
1192 0.167389
1193 0.165662
1194 0.165662
1195 0.165662
1196 0.165662
1197 0.165662
1198 0.165662
1199 0.165589
1200 0.165589
1201 0.163972
1202 0.163972
1203 0.163972
1204 0.163972
1205 0.163972
1206 0.163972
1207 0.163936
1208 0.163936
1209 0.162356
1210 0.162356
1211 0.162356
1212 0.162356
1213 0.162356
1214 0.162356
1215 0.162246
1216 0.162246
1217 0.160409
1218 0.160409
1219 0.160409
1220 0.160409
1221 0.160409
1222 0.160409
1223 0.160335
1224 0.160335
1225 0.158608
1226 0.158608
1227 0.158608
1228 0.158608
1229 0.158608
1230 0.158608
1231 0.158608
1232 0.158608
1233 0.15622
1234 0.15622
1235 0.15622
1236 0.15622
1237 0.15622
1238 0.15622
1239 0.15611
1240 0.15611
1241 0.153832
1242 0.153832
1243 0.153832
1244 0.153832
1245 0.153832
1246 0.153832
1247 0.153759
1248 0.153759
1249 0.151738
1250 0.151738
1251 0.151738
1252 0.151738
1253 0.151738
1254 0.151738
1255 0.151591
1256 0.151591
1257 0.150342
1258 0.150342
1259 0.150342
1260 0.150342
1261 0.150342
1262 0.150342
1263 0.150268
1264 0.150268
1265 0.149056
1266 0.149056
1267 0.149056
1268 0.149056
1269 0.149056
1270 0.149056
1271 0.148946
1272 0.148946
1273 0.147219
1274 0.147219
1275 0.147219
1276 0.147219
1277 0.147219
1278 0.147219
1279 0.147145
1280 0.147145
1281 0.145345
1282 0.145345
1283 0.145345
1284 0.145345
1285 0.145345
1286 0.145345
1287 0.145272
1288 0.145272
1289 0.143545
1290 0.143545
1291 0.143545
1292 0.143545
1293 0.143545
1294 0.143545
1295 0.143508
1296 0.143508
1297 0.141708
1298 0.141708
1299 0.141708
1300 0.141708
1301 0.141708
1302 0.141708
1303 0.141708
1304 0.141708
1305 0.139907
1306 0.139907
1307 0.139907
1308 0.139907
1309 0.139907
1310 0.139907
1311 0.139907
1312 0.139907
1313 0.138438
1314 0.138438
1315 0.138438
1316 0.138438
1317 0.138438
1318 0.138438
1319 0.138401
1320 0.138401
1321 0.135939
1322 0.135939
1323 0.135939
1324 0.135939
1325 0.135939
1326 0.135939
1327 0.135939
1328 0.135939
1329 0.13436
1330 0.13436
1331 0.13436
1332 0.13436
1333 0.13436
1334 0.13436
1335 0.134323
1336 0.134323
1337 0.133
1338 0.133
1339 0.133
1340 0.133
1341 0.133
1342 0.133
1343 0.132927
1344 0.132927
1345 0.131347
1346 0.131347
1347 0.131347
1348 0.131347
1349 0.131347
1350 0.131347
1351 0.131237
1352 0.131237
1353 0.129694
1354 0.129694
1355 0.129694
1356 0.129694
1357 0.129694
1358 0.129694
1359 0.129657
1360 0.129657
1361 0.128077
1362 0.128077
1363 0.128077
1364 0.128077
1365 0.128077
1366 0.128077
1367 0.128004
1368 0.128004
1369 0.126093
1370 0.126093
1371 0.126093
1372 0.126093
1373 0.126093
1374 0.126093
1375 0.125946
1376 0.125946
1377 0.12455
1378 0.12455
1379 0.12455
1380 0.12455
1381 0.12455
1382 0.12455
1383 0.124513
1384 0.124513
1385 0.122933
1386 0.122933
1387 0.122933
1388 0.122933
1389 0.122933
1390 0.122933
1391 0.12286
1392 0.12286
1393 0.12117
1394 0.12117
1395 0.12117
1396 0.12117
1397 0.12117
1398 0.12117
1399 0.121096
1400 0.121096
1401 0.11981
1402 0.11981
1403 0.11981
1404 0.11981
1405 0.11981
1406 0.11981
1407 0.1197
1408 0.1197
1409 0.118561
1410 0.118561
1411 0.118561
1412 0.118561
1413 0.118561
1414 0.118561
1415 0.118525
1416 0.118525
1417 0.117459
1418 0.117459
1419 0.117459
1420 0.117459
1421 0.117459
1422 0.117459
1423 0.117386
1424 0.117386
1425 0.115989
1426 0.115989
1427 0.115989
1428 0.115989
1429 0.115989
1430 0.115989
1431 0.115953
1432 0.115953
1433 0.114079
1434 0.114079
1435 0.114079
1436 0.114079
1437 0.114079
1438 0.114079
1439 0.113969
1440 0.113969
1441 0.112683
1442 0.112683
1443 0.112683
1444 0.112683
1445 0.112683
1446 0.112683
1447 0.112573
1448 0.112573
1449 0.11125
1450 0.11125
1451 0.11125
1452 0.11125
1453 0.11125
1454 0.11125
1455 0.11114
1456 0.11114
1457 0.110148
1458 0.110148
1459 0.110148
1460 0.110148
1461 0.110148
1462 0.110148
1463 0.110148
1464 0.110148
1465 0.109339
1466 0.109339
1467 0.109339
1468 0.109339
1469 0.109339
1470 0.109339
1471 0.109229
1472 0.109229
1473 0.108053
1474 0.108053
1475 0.108053
1476 0.108053
1477 0.108053
1478 0.108053
1479 0.108017
1480 0.108017
1481 0.106804
1482 0.106804
1483 0.106804
1484 0.106804
1485 0.106804
1486 0.106804
1487 0.106768
1488 0.106768
1489 0.105445
1490 0.105445
1491 0.105445
1492 0.105445
1493 0.105445
1494 0.105445
1495 0.105408
1496 0.105408
1497 0.104159
1498 0.104159
1499 0.104159
1500 0.104159
1501 0.104159
1502 0.104159
1503 0.104086
1504 0.104086
1505 0.102616
1506 0.102616
1507 0.102616
1508 0.102616
1509 0.102616
1510 0.102616
1511 0.102506
1512 0.102506
1513 0.10133
1514 0.10133
1515 0.10133
1516 0.10133
1517 0.10133
1518 0.10133
1519 0.101293
1520 0.101293
1521 0.100669
1522 0.100669
1523 0.100669
1524 0.100669
1525 0.100669
1526 0.100669
1527 0.100595
1528 0.100595
1529 0.0989786
1530 0.0989786
1531 0.0989786
1532 0.0989786
1533 0.0989786
1534 0.0989786
1535 0.0988684
1536 0.0988684
1537 0.0975825
1538 0.0975825
1539 0.0975825
1540 0.0975825
1541 0.0975825
1542 0.0975825
1543 0.0975825
1544 0.0975825
1545 0.0961496
1546 0.0961496
1547 0.0961496
1548 0.0961496
1549 0.0961496
1550 0.0961496
1551 0.0960761
1552 0.0960761
1553 0.0952311
1554 0.0952311
1555 0.0952311
1556 0.0952311
1557 0.0952311
1558 0.0952311
1559 0.0951576
1560 0.0951576
1561 0.0939819
1562 0.0939819
1563 0.0939819
1564 0.0939819
1565 0.0939819
1566 0.0939819
1567 0.0939819
1568 0.0939819
1569 0.0926225
1570 0.0926225
1571 0.0926225
1572 0.0926225
1573 0.0926225
1574 0.0926225
1575 0.0925858
1576 0.0925858
1577 0.0916673
1578 0.0916673
1579 0.0916673
1580 0.0916673
1581 0.0916673
1582 0.0916673
1583 0.0916673
1584 0.0916673
1585 0.0905283
1586 0.0905283
1587 0.0905283
1588 0.0905283
1589 0.0905283
1590 0.0905283
1591 0.0904181
1592 0.0904181
1593 0.0894629
1594 0.0894629
1595 0.0894629
1596 0.0894629
1597 0.0894629
1598 0.0894629
1599 0.0894629
1600 0.0894629
1601 0.0886178
1602 0.0886178
1603 0.0886178
1604 0.0886178
1605 0.0886178
1606 0.0886178
1607 0.0886178
1608 0.0886178
1609 0.087883
1610 0.087883
1611 0.087883
1612 0.087883
1613 0.087883
1614 0.087883
1615 0.0878463
1616 0.0878463
1617 0.0868543
1618 0.0868543
1619 0.0868543
1620 0.0868543
1621 0.0868543
1622 0.0868543
1623 0.0868175
1624 0.0868175
1625 0.0858623
1626 0.0858623
1627 0.0858623
1628 0.0858623
1629 0.0858623
1630 0.0858623
1631 0.0858256
1632 0.0858256
1633 0.0847233
1634 0.0847233
1635 0.0847233
1636 0.0847233
1637 0.0847233
1638 0.0847233
1639 0.0846866
1640 0.0846866
1641 0.0835844
1642 0.0835844
1643 0.0835844
1644 0.0835844
1645 0.0835844
1646 0.0835844
1647 0.0835477
1648 0.0835477
1649 0.0821883
1650 0.0821883
1651 0.0821883
1652 0.0821883
1653 0.0821883
1654 0.0821883
1655 0.0821515
1656 0.0821515
1657 0.0813432
1658 0.0813432
1659 0.0813432
1660 0.0813432
1661 0.0813432
1662 0.0813432
1663 0.0813065
1664 0.0813065
1665 0.0803145
1666 0.0803145
1667 0.0803145
1668 0.0803145
1669 0.0803145
1670 0.0803145
1671 0.0803145
1672 0.0803145
1673 0.0793225
1674 0.0793225
1675 0.0793225
1676 0.0793225
1677 0.0793225
1678 0.0793225
1679 0.0793225
1680 0.0793225
1681 0.0786979
1682 0.0786979
1683 0.0786979
1684 0.0786979
1685 0.0786979
1686 0.0786979
1687 0.0786612
1688 0.0786612
1689 0.0773385
1690 0.0773385
1691 0.0773385
1692 0.0773385
1693 0.0773385
1694 0.0773385
1695 0.077265
1696 0.077265
1697 0.0760894
1698 0.0760894
1699 0.0760894
1700 0.0760894
1701 0.0760894
1702 0.0760894
1703 0.0760894
1704 0.0760894
1705 0.0747667
1706 0.0747667
1707 0.0747667
1708 0.0747667
1709 0.0747667
1710 0.0747667
1711 0.0747667
1712 0.0747667
1713 0.0739584
1714 0.0739584
1715 0.0739584
1716 0.0739584
1717 0.0739584
1718 0.0739584
1719 0.0739217
1720 0.0739217
1721 0.0729297
1722 0.0729297
1723 0.0729297
1724 0.0729297
1725 0.0729297
1726 0.0729297
1727 0.0728562
1728 0.0728562
1729 0.0718275
1730 0.0718275
1731 0.0718275
1732 0.0718275
1733 0.0718275
1734 0.0718275
1735 0.0717907
1736 0.0717907
1737 0.0712029
1738 0.0712029
1739 0.0712029
1740 0.0712029
1741 0.0712029
1742 0.0712029
1743 0.0711661
1744 0.0711661
1745 0.0699537
1746 0.0699537
1747 0.0699537
1748 0.0699537
1749 0.0699537
1750 0.0699537
1751 0.0699537
1752 0.0699537
1753 0.0693659
1754 0.0693659
1755 0.0693659
1756 0.0693659
1757 0.0693659
1758 0.0693659
1759 0.0693291
1760 0.0693291
1761 0.0684841
1762 0.0684841
1763 0.0684841
1764 0.0684841
1765 0.0684841
1766 0.0684841
1767 0.0684474
1768 0.0684474
1769 0.0676758
1770 0.0676758
1771 0.0676758
1772 0.0676758
1773 0.0676758
1774 0.0676758
1775 0.0676023
1776 0.0676023
1777 0.066794
1778 0.066794
1779 0.066794
1780 0.066794
1781 0.066794
1782 0.066794
1783 0.0667573
1784 0.0667573
1785 0.0660225
1786 0.0660225
1787 0.0660225
1788 0.0660225
1789 0.0660225
1790 0.0660225
1791 0.0659857
1792 0.0659857
1793 0.0651775
1794 0.0651775
1795 0.0651775
1796 0.0651775
1797 0.0651775
1798 0.0651775
1799 0.0651407
1800 0.0651407
1801 0.0645161
1802 0.0645161
1803 0.0645161
1804 0.0645161
1805 0.0645161
1806 0.0645161
1807 0.0644794
1808 0.0644794
1809 0.0637813
1810 0.0637813
1811 0.0637813
1812 0.0637813
1813 0.0637813
1814 0.0637813
1815 0.0636711
1816 0.0636711
1817 0.0629363
1818 0.0629363
1819 0.0629363
1820 0.0629363
1821 0.0629363
1822 0.0629363
1823 0.0628996
1824 0.0628996
1825 0.0623852
1826 0.0623852
1827 0.0623852
1828 0.0623852
1829 0.0623852
1830 0.0623852
1831 0.0623852
1832 0.0623852
1833 0.0617606
1834 0.0617606
1835 0.0617606
1836 0.0617606
1837 0.0617606
1838 0.0617606
1839 0.0617239
1840 0.0617239
1841 0.0612462
1842 0.0612462
1843 0.0612462
1844 0.0612462
1845 0.0612462
1846 0.0612462
1847 0.0612095
1848 0.0612095
1849 0.0605849
1850 0.0605849
1851 0.0605849
1852 0.0605849
1853 0.0605849
1854 0.0605849
1855 0.0604747
1856 0.0604747
1857 0.0598868
1858 0.0598868
1859 0.0598868
1860 0.0598868
1861 0.0598868
1862 0.0598868
1863 0.0598501
1864 0.0598501
1865 0.0592623
1866 0.0592623
1867 0.0592623
1868 0.0592623
1869 0.0592623
1870 0.0592623
1871 0.0592255
1872 0.0592255
1873 0.0586009
1874 0.0586009
1875 0.0586009
1876 0.0586009
1877 0.0586009
1878 0.0586009
1879 0.0585274
1880 0.0585274
1881 0.0577192
1882 0.0577192
1883 0.0577192
1884 0.0577192
1885 0.0577192
1886 0.0577192
1887 0.0577192
1888 0.0577192
1889 0.0570211
1890 0.0570211
1891 0.0570211
1892 0.0570211
1893 0.0570211
1894 0.0570211
1895 0.0570211
1896 0.0570211
1897 0.0561393
1898 0.0561393
1899 0.0561393
1900 0.0561393
1901 0.0561393
1902 0.0561393
1903 0.0560658
1904 0.0560658
1905 0.0552576
1906 0.0552576
1907 0.0552576
1908 0.0552576
1909 0.0552576
1910 0.0552576
1911 0.0551841
1912 0.0551841
1913 0.0545227
1914 0.0545227
1915 0.0545227
1916 0.0545227
1917 0.0545227
1918 0.0545227
1919 0.054486
1920 0.054486
1921 0.0537879
1922 0.0537879
1923 0.0537879
1924 0.0537879
1925 0.0537879
1926 0.0537879
1927 0.0537145
1928 0.0537145
1929 0.0530531
1930 0.0530531
1931 0.0530531
1932 0.0530531
1933 0.0530531
1934 0.0530531
1935 0.0530164
1936 0.0530164
1937 0.0520611
1938 0.0520611
1939 0.0520611
1940 0.0520611
1941 0.0520611
1942 0.0520611
1943 0.0520244
1944 0.0520244
1945 0.0513998
1946 0.0513998
1947 0.0513998
1948 0.0513998
1949 0.0513998
1950 0.0513998
1951 0.0513998
1952 0.0513998
1953 0.0509589
1954 0.0509589
1955 0.0509589
1956 0.0509589
1957 0.0509589
1958 0.0509589
1959 0.0509589
1960 0.0509589
1961 0.0504446
1962 0.0504446
1963 0.0504446
1964 0.0504446
1965 0.0504446
1966 0.0504446
1967 0.0504446
1968 0.0504446
1969 0.0499302
1970 0.0499302
1971 0.0499302
1972 0.0499302
1973 0.0499302
1974 0.0499302
1975 0.0498935
1976 0.0498935
1977 0.0494893
1978 0.0494893
1979 0.0494893
1980 0.0494893
1981 0.0494893
1982 0.0494893
1983 0.0494526
1984 0.0494526
1985 0.0489015
1986 0.0489015
1987 0.0489015
1988 0.0489015
1989 0.0489015
1990 0.0489015
1991 0.0489015
1992 0.0489015
1993 0.0482769
1994 0.0482769
1995 0.0482769
1996 0.0482769
1997 0.0482769
1998 0.0482769
1999 0.0482034
2000 0.0482034
2001 0.0475788
2002 0.0475788
2003 0.0475788
2004 0.0475788
2005 0.0475788
2006 0.0475788
2007 0.0475421
2008 0.0475421
2009 0.046697
2010 0.046697
2011 0.046697
2012 0.046697
2013 0.046697
2014 0.046697
2015 0.0466603
2016 0.0466603
2017 0.0459255
2018 0.0459255
2019 0.0459255
2020 0.0459255
2021 0.0459255
2022 0.0459255
2023 0.0459255
2024 0.0459255
2025 0.0452642
2026 0.0452642
2027 0.0452642
2028 0.0452642
2029 0.0452642
2030 0.0452642
2031 0.0451907
2032 0.0451907
2033 0.0445661
2034 0.0445661
2035 0.0445661
2036 0.0445661
2037 0.0445661
2038 0.0445661
2039 0.0445294
2040 0.0445294
2041 0.0443824
2042 0.0443824
2043 0.0443824
2044 0.0443824
2045 0.0443824
2046 0.0443824
2047 0.0443457
2048 0.0443457
2049 0.0439783
2050 0.0439783
2051 0.0439783
2052 0.0439783
2053 0.0439783
2054 0.0439783
2055 0.0439415
2056 0.0439415
2057 0.0432067
2058 0.0432067
2059 0.0432067
2060 0.0432067
2061 0.0432067
2062 0.0432067
2063 0.0432067
2064 0.0432067
2065 0.0426923
2066 0.0426923
2067 0.0426923
2068 0.0426923
2069 0.0426923
2070 0.0426923
2071 0.0426923
2072 0.0426923
2073 0.0421412
2074 0.0421412
2075 0.0421412
2076 0.0421412
2077 0.0421412
2078 0.0421412
2079 0.042031
2080 0.042031
2081 0.0415166
2082 0.0415166
2083 0.0415166
2084 0.0415166
2085 0.0415166
2086 0.0415166
2087 0.0414432
2088 0.0414432
2089 0.0408921
2090 0.0408921
2091 0.0408921
2092 0.0408921
2093 0.0408921
2094 0.0408921
2095 0.0408553
2096 0.0408553
2097 0.040341
2098 0.040341
2099 0.040341
2100 0.040341
2101 0.040341
2102 0.040341
2103 0.0403042
2104 0.0403042
2105 0.0399735
2106 0.0399735
2107 0.0399735
2108 0.0399735
2109 0.0399735
2110 0.0399735
2111 0.0399368
2112 0.0399368
2113 0.0396796
2114 0.0396796
2115 0.0396796
2116 0.0396796
2117 0.0396796
2118 0.0396796
2119 0.0396796
2120 0.0396796
2121 0.0391653
2122 0.0391653
2123 0.0391653
2124 0.0391653
2125 0.0391653
2126 0.0391653
2127 0.0391285
2128 0.0391285
2129 0.0385407
2130 0.0385407
2131 0.0385407
2132 0.0385407
2133 0.0385407
2134 0.0385407
2135 0.0385039
2136 0.0385039
2137 0.03821
2138 0.03821
2139 0.03821
2140 0.03821
2141 0.03821
2142 0.03821
2143 0.0381733
2144 0.0381733
2145 0.0379161
2146 0.0379161
2147 0.0379161
2148 0.0379161
2149 0.0379161
2150 0.0379161
2151 0.0379161
2152 0.0379161
2153 0.0375119
2154 0.0375119
2155 0.0375119
2156 0.0375119
2157 0.0375119
2158 0.0375119
2159 0.0374385
2160 0.0374385
2161 0.0370711
2162 0.0370711
2163 0.0370711
2164 0.0370711
2165 0.0370711
2166 0.0370711
2167 0.0370711
2168 0.0370711
2169 0.0367771
2170 0.0367771
2171 0.0367771
2172 0.0367771
2173 0.0367771
2174 0.0367771
2175 0.0367771
2176 0.0367771
2177 0.0364097
2178 0.0364097
2179 0.0364097
2180 0.0364097
2181 0.0364097
2182 0.0364097
2183 0.0363362
2184 0.0363362
2185 0.0361158
2186 0.0361158
2187 0.0361158
2188 0.0361158
2189 0.0361158
2190 0.0361158
2191 0.0361158
2192 0.0361158
2193 0.0356749
2194 0.0356749
2195 0.0356749
2196 0.0356749
2197 0.0356749
2198 0.0356749
2199 0.0356749
2200 0.0356749
2201 0.0353075
2202 0.0353075
2203 0.0353075
2204 0.0353075
2205 0.0353075
2206 0.0353075
2207 0.0352708
2208 0.0352708
2209 0.0350136
2210 0.0350136
2211 0.0350136
2212 0.0350136
2213 0.0350136
2214 0.0350136
2215 0.0350136
2216 0.0350136
2217 0.034536
2218 0.034536
2219 0.034536
2220 0.034536
2221 0.034536
2222 0.034536
2223 0.034536
2224 0.034536
2225 0.0340951
2226 0.0340951
2227 0.0340951
2228 0.0340951
2229 0.0340951
2230 0.0340951
2231 0.0340583
2232 0.0340583
2233 0.0337277
2234 0.0337277
2235 0.0337277
2236 0.0337277
2237 0.0337277
2238 0.0337277
2239 0.0336909
2240 0.0336909
2241 0.0332868
2242 0.0332868
2243 0.0332868
2244 0.0332868
2245 0.0332868
2246 0.0332868
2247 0.0332501
2248 0.0332501
2249 0.0328092
2250 0.0328092
2251 0.0328092
2252 0.0328092
2253 0.0328092
2254 0.0328092
2255 0.0328092
2256 0.0328092
2257 0.0325887
2258 0.0325887
2259 0.0325887
2260 0.0325887
2261 0.0325887
2262 0.0325887
2263 0.032552
2264 0.032552
2265 0.0321846
2266 0.0321846
2267 0.0321846
2268 0.0321846
2269 0.0321846
2270 0.0321846
2271 0.0321846
2272 0.0321846
2273 0.0319274
2274 0.0319274
2275 0.0319274
2276 0.0319274
2277 0.0319274
2278 0.0319274
2279 0.0318907
2280 0.0318907
2281 0.031413
2282 0.031413
2283 0.031413
2284 0.031413
2285 0.031413
2286 0.031413
2287 0.0313763
2288 0.0313763
2289 0.0310456
2290 0.0310456
2291 0.0310456
2292 0.0310456
2293 0.0310456
2294 0.0310456
2295 0.0310456
2296 0.0310456
2297 0.0306782
2298 0.0306782
2299 0.0306782
2300 0.0306782
2301 0.0306782
2302 0.0306782
2303 0.0306415
2304 0.0306415
2305 0.0303108
2306 0.0303108
2307 0.0303108
2308 0.0303108
2309 0.0303108
2310 0.0303108
2311 0.0302741
2312 0.0302741
2313 0.0298332
2314 0.0298332
2315 0.0298332
2316 0.0298332
2317 0.0298332
2318 0.0298332
2319 0.0298332
2320 0.0298332
2321 0.029723
2322 0.029723
2323 0.029723
2324 0.029723
2325 0.029723
2326 0.029723
2327 0.0296862
2328 0.0296862
2329 0.0293556
2330 0.0293556
2331 0.0293556
2332 0.0293556
2333 0.0293556
2334 0.0293556
2335 0.0293188
2336 0.0293188
2337 0.0289147
2338 0.0289147
2339 0.0289147
2340 0.0289147
2341 0.0289147
2342 0.0289147
2343 0.0288779
2344 0.0288779
2345 0.0285105
2346 0.0285105
2347 0.0285105
2348 0.0285105
2349 0.0285105
2350 0.0285105
2351 0.0285105
2352 0.0285105
2353 0.0283636
2354 0.0283636
2355 0.0283636
2356 0.0283636
2357 0.0283636
2358 0.0283636
2359 0.0283268
2360 0.0283268
2361 0.0280329
2362 0.0280329
2363 0.0280329
2364 0.0280329
2365 0.0280329
2366 0.0280329
2367 0.0279962
2368 0.0279962
2369 0.0275553
2370 0.0275553
2371 0.0275553
2372 0.0275553
2373 0.0275553
2374 0.0275553
2375 0.0275186
2376 0.0275186
2377 0.0272614
2378 0.0272614
2379 0.0272614
2380 0.0272614
2381 0.0272614
2382 0.0272614
2383 0.0272246
2384 0.0272246
2385 0.0269307
2386 0.0269307
2387 0.0269307
2388 0.0269307
2389 0.0269307
2390 0.0269307
2391 0.026894
2392 0.026894
2393 0.0267837
2394 0.0267837
2395 0.0267837
2396 0.0267837
2397 0.0267837
2398 0.0267837
2399 0.026747
2400 0.026747
2401 0.0265266
2402 0.0265266
2403 0.0265266
2404 0.0265266
2405 0.0265266
2406 0.0265266
2407 0.0264898
2408 0.0264898
2409 0.0262326
2410 0.0262326
2411 0.0262326
2412 0.0262326
2413 0.0262326
2414 0.0262326
2415 0.0261959
2416 0.0261959
2417 0.0257183
2418 0.0257183
2419 0.0257183
2420 0.0257183
2421 0.0257183
2422 0.0257183
2423 0.0257183
2424 0.0257183
2425 0.0254611
2426 0.0254611
2427 0.0254611
2428 0.0254611
2429 0.0254611
2430 0.0254611
2431 0.0254244
2432 0.0254244
2433 0.0252039
2434 0.0252039
2435 0.0252039
2436 0.0252039
2437 0.0252039
2438 0.0252039
2439 0.0252039
2440 0.0252039
2441 0.0249835
2442 0.0249835
2443 0.0249835
2444 0.0249835
2445 0.0249835
2446 0.0249835
2447 0.02491
2448 0.02491
2449 0.0245058
2450 0.0245058
2451 0.0245058
2452 0.0245058
2453 0.0245058
2454 0.0245058
2455 0.0245058
2456 0.0245058
2457 0.0242119
2458 0.0242119
2459 0.0242119
2460 0.0242119
2461 0.0242119
2462 0.0242119
2463 0.0242119
2464 0.0242119
2465 0.0238445
2466 0.0238445
2467 0.0238445
2468 0.0238445
2469 0.0238445
2470 0.0238445
2471 0.023771
2472 0.023771
2473 0.0234036
2474 0.0234036
2475 0.0234036
2476 0.0234036
2477 0.0234036
2478 0.0234036
2479 0.0233301
2480 0.0233301
2481 0.023073
2482 0.023073
2483 0.023073
2484 0.023073
2485 0.023073
2486 0.023073
2487 0.0230362
2488 0.0230362
2489 0.0227056
2490 0.0227056
2491 0.0227056
2492 0.0227056
2493 0.0227056
2494 0.0227056
2495 0.0226688
2496 0.0226688
2497 0.0225953
2498 0.0225953
2499 0.0225953
2500 0.0225953
2501 0.0225953
2502 0.0225953
2503 0.0225586
2504 0.0225586
2505 0.0223382
2506 0.0223382
2507 0.0223382
2508 0.0223382
2509 0.0223382
2510 0.0223382
2511 0.0223382
2512 0.0223382
2513 0.0221912
2514 0.0221912
2515 0.0221912
2516 0.0221912
2517 0.0221912
2518 0.0221912
2519 0.0221912
2520 0.0221912
2521 0.0217136
2522 0.0217136
2523 0.0217136
2524 0.0217136
2525 0.0217136
2526 0.0217136
2527 0.0217136
2528 0.0217136
2529 0.0214196
2530 0.0214196
2531 0.0214196
2532 0.0214196
2533 0.0214196
2534 0.0214196
2535 0.0213829
2536 0.0213829
2537 0.0211625
2538 0.0211625
2539 0.0211625
2540 0.0211625
2541 0.0211625
2542 0.0211625
2543 0.0211625
2544 0.0211625
2545 0.0209053
2546 0.0209053
2547 0.0209053
2548 0.0209053
2549 0.0209053
2550 0.0209053
2551 0.0208685
2552 0.0208685
2553 0.0206481
2554 0.0206481
2555 0.0206481
2556 0.0206481
2557 0.0206481
2558 0.0206481
2559 0.0206114
2560 0.0206114
2561 0.0204644
2562 0.0204644
2563 0.0204644
2564 0.0204644
2565 0.0204644
2566 0.0204644
2567 0.0204277
2568 0.0204277
2569 0.0199868
2570 0.0199868
2571 0.0199868
2572 0.0199868
2573 0.0199868
2574 0.0199868
2575 0.0199868
2576 0.0199868
2577 0.0195826
2578 0.0195826
2579 0.0195826
2580 0.0195826
2581 0.0195826
2582 0.0195826
2583 0.0195459
2584 0.0195459
2585 0.0191417
2586 0.0191417
2587 0.0191417
2588 0.0191417
2589 0.0191417
2590 0.0191417
2591 0.0190683
2592 0.0190683
2593 0.0188478
2594 0.0188478
2595 0.0188478
2596 0.0188478
2597 0.0188478
2598 0.0188478
2599 0.0188478
2600 0.0188478
2601 0.0185906
2602 0.0185906
2603 0.0185906
2604 0.0185906
2605 0.0185906
2606 0.0185906
2607 0.0185539
2608 0.0185539
2609 0.01826
2610 0.01826
2611 0.01826
2612 0.01826
2613 0.01826
2614 0.01826
2615 0.01826
2616 0.01826
2617 0.0178926
2618 0.0178926
2619 0.0178926
2620 0.0178926
2621 0.0178926
2622 0.0178926
2623 0.0178558
2624 0.0178558
2625 0.0175619
2626 0.0175619
2627 0.0175619
2628 0.0175619
2629 0.0175619
2630 0.0175619
2631 0.0175619
2632 0.0175619
2633 0.0174517
2634 0.0174517
2635 0.0174517
2636 0.0174517
2637 0.0174517
2638 0.0174517
2639 0.0174149
2640 0.0174149
2641 0.0171945
2642 0.0171945
2643 0.0171945
2644 0.0171945
2645 0.0171945
2646 0.0171945
2647 0.0171945
2648 0.0171945
2649 0.0170108
2650 0.0170108
2651 0.0170108
2652 0.0170108
2653 0.0170108
2654 0.0170108
2655 0.0169741
2656 0.0169741
2657 0.0168271
2658 0.0168271
2659 0.0168271
2660 0.0168271
2661 0.0168271
2662 0.0168271
2663 0.0168271
2664 0.0168271
2665 0.0166067
2666 0.0166067
2667 0.0166067
2668 0.0166067
2669 0.0166067
2670 0.0166067
2671 0.0166067
2672 0.0166067
2673 0.016276
2674 0.016276
2675 0.016276
2676 0.016276
2677 0.016276
2678 0.016276
2679 0.0162393
2680 0.0162393
2681 0.0159453
2682 0.0159453
2683 0.0159453
2684 0.0159453
2685 0.0159453
2686 0.0159453
2687 0.0159453
2688 0.0159453
2689 0.0157984
2690 0.0157984
2691 0.0157984
2692 0.0157984
2693 0.0157984
2694 0.0157984
2695 0.0157984
2696 0.0157984
2697 0.0156147
2698 0.0156147
2699 0.0156147
2700 0.0156147
2701 0.0156147
2702 0.0156147
2703 0.0156147
2704 0.0156147
2705 0.0155412
2706 0.0155412
2707 0.0155412
2708 0.0155412
2709 0.0155412
2710 0.0155412
2711 0.0154677
2712 0.0154677
2713 0.015284
2714 0.015284
2715 0.015284
2716 0.015284
2717 0.015284
2718 0.015284
2719 0.0151003
2720 0.0151003
2721 0.0148064
2722 0.0148064
2723 0.0148064
2724 0.0148064
2725 0.0148064
2726 0.0148064
2727 0.0148064
2728 0.0148064
2729 0.0145492
2730 0.0145492
2731 0.0145492
2732 0.0145492
2733 0.0145492
2734 0.0145492
2735 0.0145125
2736 0.0145125
2737 0.0143288
2738 0.0143288
2739 0.0143288
2740 0.0143288
2741 0.0143288
2742 0.0143288
2743 0.0143288
2744 0.0143288
2745 0.0142185
2746 0.0142185
2747 0.0142185
2748 0.0142185
2749 0.0142185
2750 0.0142185
2751 0.0141451
2752 0.0141451
2753 0.0138879
2754 0.0138879
2755 0.0138879
2756 0.0138879
2757 0.0138879
2758 0.0138879
2759 0.0138879
2760 0.0138879
2761 0.0136674
2762 0.0136674
2763 0.0136674
2764 0.0136674
2765 0.0136674
2766 0.0136674
2767 0.0136674
2768 0.0136674
2769 0.0135205
2770 0.0135205
2771 0.0135205
2772 0.0135205
2773 0.0135205
2774 0.0135205
2775 0.0134837
2776 0.0134837
2777 0.0134102
2778 0.0134102
2779 0.0134102
2780 0.0134102
2781 0.0134102
2782 0.0134102
2783 0.0134102
2784 0.0134102
2785 0.0133368
2786 0.0133368
2787 0.0133368
2788 0.0133368
2789 0.0133368
2790 0.0133368
2791 0.0133368
2792 0.0133368
2793 0.0130061
2794 0.0130061
2795 0.0130061
2796 0.0130061
2797 0.0130061
2798 0.0130061
2799 0.0130061
2800 0.0130061
2801 0.0128959
2802 0.0128959
2803 0.0128959
2804 0.0128959
2805 0.0128959
2806 0.0128959
2807 0.0128959
2808 0.0128959
2809 0.0127489
2810 0.0127489
2811 0.0127489
2812 0.0127489
2813 0.0127489
2814 0.0127489
2815 0.0127489
2816 0.0127489
2817 0.0126387
2818 0.0126387
2819 0.0126387
2820 0.0126387
2821 0.0126387
2822 0.0126387
2823 0.0126387
2824 0.0126387
2825 0.0125285
2826 0.0125285
2827 0.0125285
2828 0.0125285
2829 0.0125285
2830 0.0125285
2831 0.0125285
2832 0.0125285
2833 0.0124917
2834 0.0124917
2835 0.0124917
2836 0.0124917
2837 0.0124917
2838 0.0124917
2839 0.012455
2840 0.012455
2841 0.0122713
2842 0.0122713
2843 0.0122713
2844 0.0122713
2845 0.0122713
2846 0.0122713
2847 0.0122713
2848 0.0122713
2849 0.0121611
2850 0.0121611
2851 0.0121611
2852 0.0121611
2853 0.0121611
2854 0.0121611
2855 0.0121611
2856 0.0121611
2857 0.0119774
2858 0.0119774
2859 0.0119774
2860 0.0119774
2861 0.0119774
2862 0.0119774
2863 0.0119406
2864 0.0119406
2865 0.0118671
2866 0.0118671
2867 0.0118671
2868 0.0118671
2869 0.0118671
2870 0.0118671
2871 0.0118671
2872 0.0118671
2873 0.0118671
2874 0.0118671
2875 0.0118671
2876 0.0118671
2877 0.0118671
2878 0.0118671
2879 0.0118671
2880 0.0118671
2881 0.0117569
2882 0.0117569
2883 0.0117569
2884 0.0117569
2885 0.0117569
2886 0.0117569
2887 0.0117569
2888 0.0117569
2889 0.0116834
2890 0.0116834
2891 0.0116834
2892 0.0116834
2893 0.0116834
2894 0.0116834
2895 0.0116834
2896 0.0116834
2897 0.0116467
2898 0.0116467
2899 0.0116467
2900 0.0116467
2901 0.0116467
2902 0.0116467
2903 0.0116467
2904 0.0116467
2905 0.0115365
2906 0.0115365
2907 0.0115365
2908 0.0115365
2909 0.0115365
2910 0.0115365
2911 0.0115365
2912 0.0115365
2913 0.0114263
2914 0.0114263
2915 0.0114263
2916 0.0114263
2917 0.0114263
2918 0.0114263
2919 0.0113895
2920 0.0113895
2921 0.0113528
2922 0.0113528
2923 0.0113528
2924 0.0113528
2925 0.0113528
2926 0.0113528
2927 0.0113528
2928 0.0113528
2929 0.0111691
2930 0.0111691
2931 0.0111691
2932 0.0111691
2933 0.0111691
2934 0.0111691
2935 0.0111323
2936 0.0111323
2937 0.0110956
2938 0.0110956
2939 0.0110956
2940 0.0110956
2941 0.0110956
2942 0.0110956
2943 0.0110221
2944 0.0110221
2945 0.0109486
2946 0.0109486
2947 0.0109486
2948 0.0109486
2949 0.0109486
2950 0.0109486
2951 0.0109486
2952 0.0109486
2953 0.0108384
2954 0.0108384
2955 0.0108384
2956 0.0108384
2957 0.0108384
2958 0.0108384
2959 0.0108384
2960 0.0108384
2961 0.0107649
2962 0.0107649
2963 0.0107649
2964 0.0107649
2965 0.0107649
2966 0.0107649
2967 0.0107649
2968 0.0107649
2969 0.0106547
2970 0.0106547
2971 0.0106547
2972 0.0106547
2973 0.0106547
2974 0.0106547
2975 0.0106547
2976 0.0106547
2977 0.0105078
2978 0.0105078
2979 0.0105078
2980 0.0105078
2981 0.0105078
2982 0.0105078
2983 0.0105078
2984 0.0105078
2985 0.0104343
2986 0.0104343
2987 0.0104343
2988 0.0104343
2989 0.0104343
2990 0.0104343
2991 0.0104343
2992 0.0104343
2993 0.0103241
2994 0.0103241
2995 0.0103241
2996 0.0103241
2997 0.0103241
2998 0.0103241
2999 0.0103241
3000 0.0103241
3001 0.0101036
3002 0.0101036
3003 0.0101036
3004 0.0101036
3005 0.0101036
3006 0.0101036
3007 0.0101036
3008 0.0101036
3009 0.00995665
3010 0.00995665
3011 0.00995665
3012 0.00995665
3013 0.00995665
3014 0.00995665
3015 0.00995665
3016 0.00995665
3017 0.00991991
3018 0.00991991
3019 0.00991991
3020 0.00991991
3021 0.00991991
3022 0.00991991
3023 0.00991991
3024 0.00991991
3025 0.00977294
3026 0.00977294
3027 0.00977294
3028 0.00977294
3029 0.00977294
3030 0.00977294
3031 0.0097362
3032 0.0097362
3033 0.00969946
3034 0.00969946
3035 0.00969946
3036 0.00969946
3037 0.00969946
3038 0.00969946
3039 0.00969946
3040 0.00969946
3041 0.00966272
3042 0.00966272
3043 0.00966272
3044 0.00966272
3045 0.00966272
3046 0.00966272
3047 0.00966272
3048 0.00966272
3049 0.00958924
3050 0.00958924
3051 0.00958924
3052 0.00958924
3053 0.00958924
3054 0.00958924
3055 0.00958924
3056 0.00958924
3057 0.00947902
3058 0.00947902
3059 0.00947902
3060 0.00947902
3061 0.00947902
3062 0.00947902
3063 0.00947902
3064 0.00947902
3065 0.0093688
3066 0.0093688
3067 0.0093688
3068 0.0093688
3069 0.0093688
3070 0.0093688
3071 0.0093688
3072 0.0093688
3073 0.00929532
3074 0.00929532
3075 0.00929532
3076 0.00929532
3077 0.00929532
3078 0.00929532
3079 0.00929532
3080 0.00929532
3081 0.00922184
3082 0.00922184
3083 0.00922184
3084 0.00922184
3085 0.00922184
3086 0.00922184
3087 0.00922184
3088 0.00922184
3089 0.00911162
3090 0.00911162
3091 0.00911162
3092 0.00911162
3093 0.00911162
3094 0.00911162
3095 0.00911162
3096 0.00911162
3097 0.00903814
3098 0.00903814
3099 0.00903814
3100 0.00903814
3101 0.00903814
3102 0.00903814
3103 0.0090014
3104 0.0090014
3105 0.00878095
3106 0.00878095
3107 0.00878095
3108 0.00878095
3109 0.00878095
3110 0.00878095
3111 0.00878095
3112 0.00878095
3113 0.00863399
3114 0.00863399
3115 0.00863399
3116 0.00863399
3117 0.00863399
3118 0.00863399
3119 0.00859725
3120 0.00859725
3121 0.00845029
3122 0.00845029
3123 0.00845029
3124 0.00845029
3125 0.00845029
3126 0.00845029
3127 0.00841355
3128 0.00841355
3129 0.00837681
3130 0.00837681
3131 0.00837681
3132 0.00837681
3133 0.00837681
3134 0.00837681
3135 0.00837681
3136 0.00837681
3137 0.00834007
3138 0.00834007
3139 0.00834007
3140 0.00834007
3141 0.00834007
3142 0.00834007
3143 0.00834007
3144 0.00834007
3145 0.00815637
3146 0.00815637
3147 0.00815637
3148 0.00815637
3149 0.00815637
3150 0.00815637
3151 0.00808289
3152 0.00808289
3153 0.00797267
3154 0.00797267
3155 0.00797267
3156 0.00797267
3157 0.00797267
3158 0.00797267
3159 0.00793592
3160 0.00793592
3161 0.00789918
3162 0.00789918
3163 0.00789918
3164 0.00789918
3165 0.00789918
3166 0.00789918
3167 0.00789918
3168 0.00789918
3169 0.0078257
3170 0.0078257
3171 0.0078257
3172 0.0078257
3173 0.0078257
3174 0.0078257
3175 0.0078257
3176 0.0078257
3177 0.00760526
3178 0.00760526
3179 0.00760526
3180 0.00760526
3181 0.00760526
3182 0.00760526
3183 0.00756852
3184 0.00756852
3185 0.00753178
3186 0.00753178
3187 0.00753178
3188 0.00753178
3189 0.00753178
3190 0.00753178
3191 0.00749504
3192 0.00749504
3193 0.00742156
3194 0.00742156
3195 0.00742156
3196 0.00742156
3197 0.00742156
3198 0.00742156
3199 0.00742156
3200 0.00742156
3201 0.00734808
3202 0.00734808
3203 0.00734808
3204 0.00734808
3205 0.00734808
3206 0.00734808
3207 0.00731134
3208 0.00731134
3209 0.00716438
3210 0.00716438
3211 0.00716438
3212 0.00716438
3213 0.00716438
3214 0.00716438
3215 0.00716438
3216 0.00716438
3217 0.0070909
3218 0.0070909
3219 0.0070909
3220 0.0070909
3221 0.0070909
3222 0.0070909
3223 0.0070909
3224 0.0070909
3225 0.00701742
3226 0.00701742
3227 0.00701742
3228 0.00701742
3229 0.00701742
3230 0.00701742
3231 0.00701742
3232 0.00701742
3233 0.00701742
3234 0.00701742
3235 0.00701742
3236 0.00701742
3237 0.00701742
3238 0.00701742
3239 0.00701742
3240 0.00701742
3241 0.00690719
3242 0.00690719
3243 0.00690719
3244 0.00690719
3245 0.00690719
3246 0.00690719
3247 0.00690719
3248 0.00690719
3249 0.00683371
3250 0.00683371
3251 0.00683371
3252 0.00683371
3253 0.00683371
3254 0.00683371
3255 0.00679697
3256 0.00679697
3257 0.00679697
3258 0.00679697
3259 0.00679697
3260 0.00679697
3261 0.00679697
3262 0.00679697
3263 0.00679697
3264 0.00679697
3265 0.00672349
3266 0.00672349
3267 0.00672349
3268 0.00672349
3269 0.00672349
3270 0.00672349
3271 0.00672349
3272 0.00672349
3273 0.00665001
3274 0.00665001
3275 0.00665001
3276 0.00665001
3277 0.00665001
3278 0.00665001
3279 0.00661327
3280 0.00661327
3281 0.00653979
3282 0.00653979
3283 0.00653979
3284 0.00653979
3285 0.00653979
3286 0.00653979
3287 0.00653979
3288 0.00653979
3289 0.00642957
3290 0.00642957
3291 0.00642957
3292 0.00642957
3293 0.00642957
3294 0.00642957
3295 0.00642957
3296 0.00642957
3297 0.00639283
3298 0.00639283
3299 0.00639283
3300 0.00639283
3301 0.00639283
3302 0.00639283
3303 0.00635609
3304 0.00635609
3305 0.00617239
3306 0.00617239
3307 0.00617239
3308 0.00617239
3309 0.00617239
3310 0.00617239
3311 0.00617239
3312 0.00617239
3313 0.00613565
3314 0.00613565
3315 0.00613565
3316 0.00613565
3317 0.00613565
3318 0.00613565
3319 0.00613565
3320 0.00613565
3321 0.00598868
3322 0.00598868
3323 0.00598868
3324 0.00598868
3325 0.00598868
3326 0.00598868
3327 0.00598868
3328 0.00598868
3329 0.00598868
3330 0.00598868
3331 0.00598868
3332 0.00598868
3333 0.00598868
3334 0.00598868
3335 0.00598868
3336 0.00598868
3337 0.00595194
3338 0.00595194
3339 0.00595194
3340 0.00595194
3341 0.00595194
3342 0.00595194
3343 0.00595194
3344 0.00595194
3345 0.00595194
3346 0.00595194
3347 0.00595194
3348 0.00595194
3349 0.00595194
3350 0.00595194
3351 0.00595194
3352 0.00595194
3353 0.0059152
3354 0.0059152
3355 0.0059152
3356 0.0059152
3357 0.0059152
3358 0.0059152
3359 0.00587846
3360 0.00587846
3361 0.00580498
3362 0.00580498
3363 0.00580498
3364 0.00580498
3365 0.00580498
3366 0.00580498
3367 0.00580498
3368 0.00580498
3369 0.00576824
3370 0.00576824
3371 0.00576824
3372 0.00576824
3373 0.00576824
3374 0.00576824
3375 0.00576824
3376 0.00576824
3377 0.00562128
3378 0.00562128
3379 0.00562128
3380 0.00562128
3381 0.00562128
3382 0.00562128
3383 0.00562128
3384 0.00562128
3385 0.0055478
3386 0.0055478
3387 0.0055478
3388 0.0055478
3389 0.0055478
3390 0.0055478
3391 0.00551106
3392 0.00551106
3393 0.00543758
3394 0.00543758
3395 0.00543758
3396 0.00543758
3397 0.00543758
3398 0.00543758
3399 0.00543758
3400 0.00543758
3401 0.00529062
3402 0.00529062
3403 0.00529062
3404 0.00529062
3405 0.00529062
3406 0.00529062
3407 0.00525388
3408 0.00525388
3409 0.00510691
3410 0.00510691
3411 0.00510691
3412 0.00510691
3413 0.00510691
3414 0.00510691
3415 0.00510691
3416 0.00510691
3417 0.00503343
3418 0.00503343
3419 0.00503343
3420 0.00503343
3421 0.00503343
3422 0.00503343
3423 0.00499669
3424 0.00499669
3425 0.00495995
3426 0.00495995
3427 0.00495995
3428 0.00495995
3429 0.00495995
3430 0.00495995
3431 0.00492321
3432 0.00492321
3433 0.00492321
3434 0.00492321
3435 0.00492321
3436 0.00492321
3437 0.00492321
3438 0.00492321
3439 0.00492321
3440 0.00492321
3441 0.00488647
3442 0.00488647
3443 0.00488647
3444 0.00488647
3445 0.00488647
3446 0.00488647
3447 0.00488647
3448 0.00488647
3449 0.00488647
3450 0.00488647
3451 0.00488647
3452 0.00488647
3453 0.00488647
3454 0.00488647
3455 0.00488647
3456 0.00488647
3457 0.00477625
3458 0.00477625
3459 0.00477625
3460 0.00477625
3461 0.00477625
3462 0.00477625
3463 0.00477625
3464 0.00477625
3465 0.00473951
3466 0.00473951
3467 0.00473951
3468 0.00473951
3469 0.00473951
3470 0.00473951
3471 0.00473951
3472 0.00473951
3473 0.00473951
3474 0.00473951
3475 0.00473951
3476 0.00473951
3477 0.00473951
3478 0.00473951
3479 0.00473951
3480 0.00473951
3481 0.00470277
3482 0.00470277
3483 0.00470277
3484 0.00470277
3485 0.00470277
3486 0.00470277
3487 0.00470277
3488 0.00470277
3489 0.00459255
3490 0.00459255
3491 0.00459255
3492 0.00459255
3493 0.00459255
3494 0.00459255
3495 0.00459255
3496 0.00459255
3497 0.00459255
3498 0.00459255
3499 0.00459255
3500 0.00459255
3501 0.00459255
3502 0.00459255
3503 0.00455581
3504 0.00455581
3505 0.00440885
3506 0.00440885
3507 0.00440885
3508 0.00440885
3509 0.00440885
3510 0.00440885
3511 0.00440885
3512 0.00440885
3513 0.00437211
3514 0.00437211
3515 0.00437211
3516 0.00437211
3517 0.00437211
3518 0.00437211
3519 0.00437211
3520 0.00437211
3521 0.00429863
3522 0.00429863
3523 0.00429863
3524 0.00429863
3525 0.00429863
3526 0.00429863
3527 0.00429863
3528 0.00429863
3529 0.0041884
3530 0.0041884
3531 0.0041884
3532 0.0041884
3533 0.0041884
3534 0.0041884
3535 0.0041884
3536 0.0041884
3537 0.00411492
3538 0.00411492
3539 0.00411492
3540 0.00411492
3541 0.00411492
3542 0.00411492
3543 0.00411492
3544 0.00411492
3545 0.00411492
3546 0.00411492
3547 0.00411492
3548 0.00411492
3549 0.00411492
3550 0.00411492
3551 0.00411492
3552 0.00411492
3553 0.00407818
3554 0.00407818
3555 0.00407818
3556 0.00407818
3557 0.00407818
3558 0.00407818
3559 0.00407818
3560 0.00407818
3561 0.00404144
3562 0.00404144
3563 0.00404144
3564 0.00404144
3565 0.00404144
3566 0.00404144
3567 0.00404144
3568 0.00404144
3569 0.00396796
3570 0.00396796
3571 0.00396796
3572 0.00396796
3573 0.00396796
3574 0.00396796
3575 0.00396796
3576 0.00396796
3577 0.00396796
3578 0.00396796
3579 0.00396796
3580 0.00396796
3581 0.00396796
3582 0.00396796
3583 0.00396796
3584 0.00396796
3585 0.00396796
3586 0.00396796
3587 0.00396796
3588 0.00396796
3589 0.00396796
3590 0.00396796
3591 0.00396796
3592 0.00396796
3593 0.003821
3594 0.003821
3595 0.003821
3596 0.003821
3597 0.003821
3598 0.003821
3599 0.003821
3600 0.003821
3601 0.00374752
3602 0.00374752
3603 0.00374752
3604 0.00374752
3605 0.00374752
3606 0.00374752
3607 0.00374752
3608 0.00374752
3609 0.0036373
3610 0.0036373
3611 0.0036373
3612 0.0036373
3613 0.0036373
3614 0.0036373
3615 0.0036373
3616 0.0036373
3617 0.00360056
3618 0.00360056
3619 0.00360056
3620 0.00360056
3621 0.00360056
3622 0.00360056
3623 0.00360056
3624 0.00360056
3625 0.00352708
3626 0.00352708
3627 0.00352708
3628 0.00352708
3629 0.00352708
3630 0.00352708
3631 0.00349034
3632 0.00349034
3633 0.0034536
3634 0.0034536
3635 0.0034536
3636 0.0034536
3637 0.0034536
3638 0.0034536
3639 0.0034536
3640 0.0034536
3641 0.0034536
3642 0.0034536
3643 0.0034536
3644 0.0034536
3645 0.0034536
3646 0.0034536
3647 0.0034536
3648 0.0034536
3649 0.00338012
3650 0.00338012
3651 0.00338012
3652 0.00338012
3653 0.00338012
3654 0.00338012
3655 0.00334338
3656 0.00334338
3657 0.00334338
3658 0.00334338
3659 0.00334338
3660 0.00334338
3661 0.00334338
3662 0.00334338
3663 0.00334338
3664 0.00334338
3665 0.00334338
3666 0.00334338
3667 0.00334338
3668 0.00334338
3669 0.00334338
3670 0.00334338
3671 0.00334338
3672 0.00334338
3673 0.00326989
3674 0.00326989
3675 0.00326989
3676 0.00326989
3677 0.00326989
3678 0.00326989
3679 0.00326989
3680 0.00326989
3681 0.00319641
3682 0.00319641
3683 0.00319641
3684 0.00319641
3685 0.00319641
3686 0.00319641
3687 0.00319641
3688 0.00319641
3689 0.00315967
3690 0.00315967
3691 0.00315967
3692 0.00315967
3693 0.00315967
3694 0.00315967
3695 0.00315967
3696 0.00315967
3697 0.00312293
3698 0.00312293
3699 0.00312293
3700 0.00312293
3701 0.00312293
3702 0.00312293
3703 0.00312293
3704 0.00312293
3705 0.00308619
3706 0.00308619
3707 0.00308619
3708 0.00308619
3709 0.00308619
3710 0.00308619
3711 0.00308619
3712 0.00308619
3713 0.00297597
3714 0.00297597
3715 0.00297597
3716 0.00297597
3717 0.00297597
3718 0.00297597
3719 0.00297597
3720 0.00297597
3721 0.00290249
3722 0.00290249
3723 0.00290249
3724 0.00290249
3725 0.00290249
3726 0.00290249
3727 0.00290249
3728 0.00290249
3729 0.00286575
3730 0.00286575
3731 0.00286575
3732 0.00286575
3733 0.00286575
3734 0.00286575
3735 0.00286575
3736 0.00286575
3737 0.00286575
3738 0.00286575
3739 0.00286575
3740 0.00286575
3741 0.00286575
3742 0.00286575
3743 0.00286575
3744 0.00286575
3745 0.00279227
3746 0.00279227
3747 0.00279227
3748 0.00279227
3749 0.00279227
3750 0.00279227
3751 0.00279227
3752 0.00279227
3753 0.00275553
3754 0.00275553
3755 0.00275553
3756 0.00275553
3757 0.00275553
3758 0.00275553
3759 0.00275553
3760 0.00275553
3761 0.00268205
3762 0.00268205
3763 0.00268205
3764 0.00268205
3765 0.00268205
3766 0.00268205
3767 0.00268205
3768 0.00268205
3769 0.00264531
3770 0.00264531
3771 0.00264531
3772 0.00264531
3773 0.00264531
3774 0.00264531
3775 0.00264531
3776 0.00264531
3777 0.00260857
3778 0.00260857
3779 0.00260857
3780 0.00260857
3781 0.00260857
3782 0.00260857
3783 0.00260857
3784 0.00260857
3785 0.00260857
3786 0.00260857
3787 0.00260857
3788 0.00260857
3789 0.00260857
3790 0.00260857
3791 0.00260857
3792 0.00260857
3793 0.00260857
3794 0.00260857
3795 0.00260857
3796 0.00260857
3797 0.00260857
3798 0.00260857
3799 0.00260857
3800 0.00260857
3801 0.00257183
3802 0.00257183
3803 0.00257183
3804 0.00257183
3805 0.00257183
3806 0.00257183
3807 0.00257183
3808 0.00257183
3809 0.00257183
3810 0.00257183
3811 0.00257183
3812 0.00257183
3813 0.00257183
3814 0.00257183
3815 0.00257183
3816 0.00257183
3817 0.00249835
3818 0.00249835
3819 0.00249835
3820 0.00249835
3821 0.00249835
3822 0.00249835
3823 0.00249835
3824 0.00249835
3825 0.00242487
3826 0.00242487
3827 0.00242487
3828 0.00242487
3829 0.00242487
3830 0.00242487
3831 0.00242487
3832 0.00242487
3833 0.00231464
3834 0.00231464
3835 0.00231464
3836 0.00231464
3837 0.00231464
3838 0.00231464
3839 0.00231464
3840 0.00231464
3841 0.0022779
3842 0.0022779
3843 0.0022779
3844 0.0022779
3845 0.0022779
3846 0.0022779
3847 0.0022779
3848 0.0022779
3849 0.0022779
3850 0.0022779
3851 0.0022779
3852 0.0022779
3853 0.0022779
3854 0.0022779
3855 0.0022779
3856 0.0022779
3857 0.0022779
3858 0.0022779
3859 0.0022779
3860 0.0022779
3861 0.0022779
3862 0.0022779
3863 0.0022779
3864 0.0022779
3865 0.00224116
3866 0.00224116
3867 0.00224116
3868 0.00224116
3869 0.00224116
3870 0.00224116
3871 0.00224116
3872 0.00224116
3873 0.00224116
3874 0.00224116
3875 0.00224116
3876 0.00224116
3877 0.00224116
3878 0.00224116
3879 0.00224116
3880 0.00224116
3881 0.00216768
3882 0.00216768
3883 0.00216768
3884 0.00216768
3885 0.00216768
3886 0.00216768
3887 0.00216768
3888 0.00216768
3889 0.00216768
3890 0.00216768
3891 0.00216768
3892 0.00216768
3893 0.00216768
3894 0.00216768
3895 0.00213094
3896 0.00213094
3897 0.00213094
3898 0.00213094
3899 0.00213094
3900 0.00213094
3901 0.00213094
3902 0.00213094
3903 0.00213094
3904 0.00213094
3905 0.00213094
3906 0.00213094
3907 0.00213094
3908 0.00213094
3909 0.00213094
3910 0.00213094
3911 0.00213094
3912 0.00213094
3913 0.00213094
3914 0.00213094
3915 0.00213094
3916 0.00213094
3917 0.00213094
3918 0.00213094
3919 0.00213094
3920 0.00213094
3921 0.00213094
3922 0.00213094
3923 0.00213094
3924 0.00213094
3925 0.00213094
3926 0.00213094
3927 0.00213094
3928 0.00213094
3929 0.00205746
3930 0.00205746
3931 0.00205746
3932 0.00205746
3933 0.00205746
3934 0.00205746
3935 0.00205746
3936 0.00205746
3937 0.00202072
3938 0.00202072
3939 0.00202072
3940 0.00202072
3941 0.00202072
3942 0.00202072
3943 0.00202072
3944 0.00202072
3945 0.00202072
3946 0.00202072
3947 0.00202072
3948 0.00202072
3949 0.00202072
3950 0.00202072
3951 0.00202072
3952 0.00202072
3953 0.00194724
3954 0.00194724
3955 0.00194724
3956 0.00194724
3957 0.00194724
3958 0.00194724
3959 0.00194724
3960 0.00194724
3961 0.00194724
3962 0.00194724
3963 0.00194724
3964 0.00194724
3965 0.00194724
3966 0.00194724
3967 0.00194724
3968 0.00194724
3969 0.00194724
3970 0.00194724
3971 0.00194724
3972 0.00194724
3973 0.00194724
3974 0.00194724
3975 0.00194724
3976 0.00194724
3977 0.00194724
3978 0.00194724
3979 0.00194724
3980 0.00194724
3981 0.00194724
3982 0.00194724
3983 0.00194724
3984 0.00194724
3985 0.0019105
3986 0.0019105
3987 0.0019105
3988 0.0019105
3989 0.0019105
3990 0.0019105
3991 0.0019105
3992 0.0019105
3993 0.0019105
3994 0.0019105
3995 0.0019105
3996 0.0019105
3997 0.0019105
3998 0.0019105
3999 0.0019105
4000 0.0019105
4001 0.00187376
4002 0.00187376
4003 0.00187376
4004 0.00187376
4005 0.00187376
4006 0.00187376
4007 0.00187376
4008 0.00187376
4009 0.00180028
4010 0.00180028
4011 0.00180028
4012 0.00180028
4013 0.00180028
4014 0.00180028
4015 0.00180028
4016 0.00180028
4017 0.00180028
4018 0.00180028
4019 0.00180028
4020 0.00180028
4021 0.00180028
4022 0.00180028
4023 0.00180028
4024 0.00180028
4025 0.00176354
4026 0.00176354
4027 0.00176354
4028 0.00176354
4029 0.00176354
4030 0.00176354
4031 0.00176354
4032 0.00176354
4033 0.00176354
4034 0.00176354
4035 0.00176354
4036 0.00176354
4037 0.00176354
4038 0.00176354
4039 0.00176354
4040 0.00176354
4041 0.00176354
4042 0.00176354
4043 0.00176354
4044 0.00176354
4045 0.00176354
4046 0.00176354
4047 0.00176354
4048 0.00176354
4049 0.0017268
4050 0.0017268
4051 0.0017268
4052 0.0017268
4053 0.0017268
4054 0.0017268
4055 0.0017268
4056 0.0017268
4057 0.00169006
4058 0.00169006
4059 0.00169006
4060 0.00169006
4061 0.00169006
4062 0.00169006
4063 0.00169006
4064 0.00169006
4065 0.00165332
4066 0.00165332
4067 0.00165332
4068 0.00165332
4069 0.00165332
4070 0.00165332
4071 0.00165332
4072 0.00165332
4073 0.00157984
4074 0.00157984
4075 0.00157984
4076 0.00157984
4077 0.00157984
4078 0.00157984
4079 0.00157984
4080 0.00157984
4081 0.00157984
4082 0.00157984
4083 0.00157984
4084 0.00157984
4085 0.00157984
4086 0.00157984
4087 0.00157984
4088 0.00157984
4089 0.00157984
4090 0.00157984
4091 0.00157984
4092 0.00157984
4093 0.00157984
4094 0.00157984
4095 0.00157984
4096 0.00157984
4097 0.00157984
4098 0.00157984
4099 0.00157984
4100 0.00157984
4101 0.00157984
4102 0.00157984
4103 0.00157984
4104 0.00157984
4105 0.00157984
4106 0.00157984
4107 0.00157984
4108 0.00157984
4109 0.00157984
4110 0.00157984
4111 0.00157984
4112 0.00157984
4113 0.00157984
4114 0.00157984
4115 0.00157984
4116 0.00157984
4117 0.00157984
4118 0.00157984
4119 0.00157984
4120 0.00157984
4121 0.00157984
4122 0.00157984
4123 0.00157984
4124 0.00157984
4125 0.00157984
4126 0.00157984
4127 0.00157984
4128 0.00157984
4129 0.00157984
4130 0.00157984
4131 0.00157984
4132 0.00157984
4133 0.00157984
4134 0.00157984
4135 0.00157984
4136 0.00157984
4137 0.00157984
4138 0.00157984
4139 0.00157984
4140 0.00157984
4141 0.00157984
4142 0.00157984
4143 0.00157984
4144 0.00157984
4145 0.00157984
4146 0.00157984
4147 0.00157984
4148 0.00157984
4149 0.00157984
4150 0.00157984
4151 0.00157984
4152 0.00157984
4153 0.00157984
4154 0.00157984
4155 0.00157984
4156 0.00157984
4157 0.00157984
4158 0.00157984
4159 0.0015431
4160 0.0015431
4161 0.00150636
4162 0.00150636
4163 0.00150636
4164 0.00150636
4165 0.00150636
4166 0.00150636
4167 0.00150636
4168 0.00150636
4169 0.00146962
4170 0.00146962
4171 0.00146962
4172 0.00146962
4173 0.00146962
4174 0.00146962
4175 0.00146962
4176 0.00146962
4177 0.00143288
4178 0.00143288
4179 0.00143288
4180 0.00143288
4181 0.00143288
4182 0.00143288
4183 0.00143288
4184 0.00143288
4185 0.00143288
4186 0.00143288
4187 0.00143288
4188 0.00143288
4189 0.00143288
4190 0.00143288
4191 0.00143288
4192 0.00143288
4193 0.00139613
4194 0.00139613
4195 0.00139613
4196 0.00139613
4197 0.00139613
4198 0.00139613
4199 0.00139613
4200 0.00139613
4201 0.00139613
4202 0.00139613
4203 0.00139613
4204 0.00139613
4205 0.00139613
4206 0.00139613
4207 0.00139613
4208 0.00139613
4209 0.00139613
4210 0.00139613
4211 0.00139613
4212 0.00139613
4213 0.00139613
4214 0.00139613
4215 0.00139613
4216 0.00139613
4217 0.00135939
4218 0.00135939
4219 0.00135939
4220 0.00135939
4221 0.00135939
4222 0.00135939
4223 0.00135939
4224 0.00135939
4225 0.00135939
4226 0.00135939
4227 0.00135939
4228 0.00135939
4229 0.00135939
4230 0.00135939
4231 0.00135939
4232 0.00135939
4233 0.00135939
4234 0.00135939
4235 0.00135939
4236 0.00135939
4237 0.00135939
4238 0.00135939
4239 0.00135939
4240 0.00135939
4241 0.00135939
4242 0.00135939
4243 0.00135939
4244 0.00135939
4245 0.00135939
4246 0.00135939
4247 0.00135939
4248 0.00135939
4249 0.00135939
4250 0.00135939
4251 0.00135939
4252 0.00135939
4253 0.00135939
4254 0.00135939
4255 0.00135939
4256 0.00135939
4257 0.00135939
4258 0.00135939
4259 0.00135939
4260 0.00135939
4261 0.00135939
4262 0.00135939
4263 0.00135939
4264 0.00135939
4265 0.00132265
4266 0.00132265
4267 0.00132265
4268 0.00132265
4269 0.00132265
4270 0.00132265
4271 0.00132265
4272 0.00132265
4273 0.00132265
4274 0.00132265
4275 0.00132265
4276 0.00132265
4277 0.00132265
4278 0.00132265
4279 0.00132265
4280 0.00132265
4281 0.00132265
4282 0.00132265
4283 0.00132265
4284 0.00132265
4285 0.00132265
4286 0.00132265
4287 0.00132265
4288 0.00132265
4289 0.00132265
4290 0.00132265
4291 0.00132265
4292 0.00132265
4293 0.00132265
4294 0.00132265
4295 0.00132265
4296 0.00132265
4297 0.00132265
4298 0.00132265
4299 0.00132265
4300 0.00132265
4301 0.00132265
4302 0.00132265
4303 0.00132265
4304 0.00132265
4305 0.00132265
4306 0.00132265
4307 0.00132265
4308 0.00132265
4309 0.00132265
4310 0.00132265
4311 0.00132265
4312 0.00132265
4313 0.00132265
4314 0.00132265
4315 0.00132265
4316 0.00132265
4317 0.00132265
4318 0.00132265
4319 0.00132265
4320 0.00132265
4321 0.00132265
4322 0.00132265
4323 0.00132265
4324 0.00132265
4325 0.00132265
4326 0.00132265
4327 0.00132265
4328 0.00132265
4329 0.00132265
4330 0.00132265
4331 0.00132265
4332 0.00132265
4333 0.00132265
4334 0.00132265
4335 0.00132265
4336 0.00132265
4337 0.00132265
4338 0.00132265
4339 0.00132265
4340 0.00132265
4341 0.00132265
4342 0.00132265
4343 0.00132265
4344 0.00132265
4345 0.00128591
4346 0.00128591
4347 0.00128591
4348 0.00128591
4349 0.00128591
4350 0.00128591
4351 0.00128591
4352 0.00128591
4353 0.00128591
4354 0.00128591
4355 0.00128591
4356 0.00128591
4357 0.00128591
4358 0.00128591
4359 0.00124917
4360 0.00124917
4361 0.00124917
4362 0.00124917
4363 0.00124917
4364 0.00124917
4365 0.00124917
4366 0.00124917
4367 0.00124917
4368 0.00124917
4369 0.00124917
4370 0.00124917
4371 0.00124917
4372 0.00124917
4373 0.00124917
4374 0.00124917
4375 0.00124917
4376 0.00124917
4377 0.00121243
4378 0.00121243
4379 0.00121243
4380 0.00121243
4381 0.00121243
4382 0.00121243
4383 0.00117569
4384 0.00117569
4385 0.00117569
4386 0.00117569
4387 0.00117569
4388 0.00117569
4389 0.00117569
4390 0.00117569
4391 0.00117569
4392 0.00117569
4393 0.00117569
4394 0.00117569
4395 0.00117569
4396 0.00117569
4397 0.00117569
4398 0.00117569
4399 0.00117569
4400 0.00117569
4401 0.00117569
4402 0.00117569
4403 0.00117569
4404 0.00117569
4405 0.00117569
4406 0.00117569
4407 0.00117569
4408 0.00117569
4409 0.00113895
4410 0.00113895
4411 0.00113895
4412 0.00113895
4413 0.00113895
4414 0.00113895
4415 0.00113895
4416 0.00113895
4417 0.00113895
4418 0.00113895
4419 0.00113895
4420 0.00113895
4421 0.00113895
4422 0.00113895
4423 0.00113895
4424 0.00113895
4425 0.00106547
4426 0.00106547
4427 0.00106547
4428 0.00106547
4429 0.00106547
4430 0.00106547
4431 0.00106547
4432 0.00106547
4433 0.00106547
4434 0.00106547
4435 0.00106547
4436 0.00106547
4437 0.00106547
4438 0.00106547
4439 0.00106547
4440 0.00106547
4441 0.00106547
4442 0.00106547
4443 0.00106547
4444 0.00106547
4445 0.00106547
4446 0.00106547
4447 0.00106547
4448 0.00106547
4449 0.00106547
4450 0.00106547
4451 0.00106547
4452 0.00106547
4453 0.00106547
4454 0.00106547
4455 0.00106547
4456 0.00106547
4457 0.00106547
4458 0.00106547
4459 0.00106547
4460 0.00106547
4461 0.00106547
4462 0.00106547
4463 0.00106547
4464 0.00106547
4465 0.00102873
4466 0.00102873
4467 0.00102873
4468 0.00102873
4469 0.00102873
4470 0.00102873
4471 0.00102873
4472 0.00102873
4473 0.00102873
4474 0.00102873
4475 0.00102873
4476 0.00102873
4477 0.00102873
4478 0.00102873
4479 0.00102873
4480 0.00102873
4481 0.00102873
4482 0.00102873
4483 0.00102873
4484 0.00102873
4485 0.00102873
4486 0.00102873
4487 0.00102873
4488 0.00102873
4489 0.00102873
4490 0.00102873
4491 0.00102873
4492 0.00102873
4493 0.00102873
4494 0.00102873
4495 0.00102873
4496 0.00102873
4497 0.00102873
4498 0.00102873
4499 0.00102873
4500 0.00102873
4501 0.00102873
4502 0.00102873
4503 0.00102873
4504 0.00102873
4505 0.00102873
4506 0.00102873
4507 0.00102873
4508 0.00102873
4509 0.00102873
4510 0.00102873
4511 0.00102873
4512 0.00102873
4513 0.00102873
4514 0.00102873
4515 0.00102873
4516 0.00102873
4517 0.00102873
4518 0.00102873
4519 0.00102873
4520 0.00102873
4521 0.000991991
4522 0.000991991
4523 0.000991991
4524 0.000991991
4525 0.000991991
4526 0.000991991
4527 0.000991991
4528 0.000991991
4529 0.000991991
4530 0.000991991
4531 0.000991991
4532 0.000991991
4533 0.000991991
4534 0.000991991
4535 0.000991991
4536 0.000991991
4537 0.000991991
4538 0.000991991
4539 0.000991991
4540 0.000991991
4541 0.000991991
4542 0.000991991
4543 0.00095525
4544 0.00095525
4545 0.00095525
4546 0.00095525
4547 0.00095525
4548 0.00095525
4549 0.00095525
4550 0.00095525
4551 0.00095525
4552 0.00095525
4553 0.00095525
4554 0.00095525
4555 0.00095525
4556 0.00095525
4557 0.00095525
4558 0.00095525
4559 0.00095525
4560 0.00095525
4561 0.00095525
4562 0.00095525
4563 0.00095525
4564 0.00095525
4565 0.00095525
4566 0.00095525
4567 0.00095525
4568 0.00095525
4569 0.00095525
4570 0.00095525
4571 0.00095525
4572 0.00095525
4573 0.00095525
4574 0.00095525
4575 0.00095525
4576 0.00095525
4577 0.00095525
4578 0.00095525
4579 0.00095525
4580 0.00095525
4581 0.00095525
4582 0.00095525
4583 0.00095525
4584 0.00095525
4585 0.00095525
4586 0.00095525
4587 0.00095525
4588 0.00095525
4589 0.00095525
4590 0.00095525
4591 0.00095525
4592 0.00095525
4593 0.00095525
4594 0.00095525
4595 0.00095525
4596 0.00095525
4597 0.00095525
4598 0.00095525
4599 0.00095525
4600 0.00095525
4601 0.00095525
4602 0.00095525
4603 0.00095525
4604 0.00095525
4605 0.00095525
4606 0.00095525
4607 0.00095525
4608 0.00095525
4609 0.00095525
4610 0.00095525
4611 0.00095525
4612 0.00095525
4613 0.00095525
4614 0.00095525
4615 0.00095525
4616 0.00095525
4617 0.00095525
4618 0.00095525
4619 0.00095525
4620 0.00095525
4621 0.00095525
4622 0.00095525
4623 0.00091851
4624 0.00091851
4625 0.00091851
4626 0.00091851
4627 0.00091851
4628 0.00091851
4629 0.00091851
4630 0.00091851
4631 0.00091851
4632 0.00091851
4633 0.00091851
4634 0.00091851
4635 0.00091851
4636 0.00091851
4637 0.00091851
4638 0.00091851
4639 0.00091851
4640 0.00091851
4641 0.000881769
4642 0.000881769
4643 0.000881769
4644 0.000881769
4645 0.000881769
4646 0.000881769
4647 0.000881769
4648 0.000881769
4649 0.000845029
4650 0.000845029
4651 0.000845029
4652 0.000845029
4653 0.000845029
4654 0.000845029
4655 0.000771548
4656 0.000771548
4657 0.000734808
4658 0.000734808
4659 0.000734808
4660 0.000734808
4661 0.000734808
4662 0.000734808
4663 0.000734808
4664 0.000734808
4665 0.000734808
4666 0.000734808
4667 0.000734808
4668 0.000734808
4669 0.000734808
4670 0.000734808
4671 0.000734808
4672 0.000734808
4673 0.000734808
4674 0.000734808
4675 0.000734808
4676 0.000734808
4677 0.000734808
4678 0.000734808
4679 0.000734808
4680 0.000734808
4681 0.000734808
4682 0.000734808
4683 0.000734808
4684 0.000734808
4685 0.000734808
4686 0.000734808
4687 0.000734808
4688 0.000734808
4689 0.000734808
4690 0.000734808
4691 0.000734808
4692 0.000734808
4693 0.000734808
4694 0.000734808
4695 0.000734808
4696 0.000734808
4697 0.000734808
4698 0.000734808
4699 0.000734808
4700 0.000734808
4701 0.000734808
4702 0.000734808
4703 0.000734808
4704 0.000734808
4705 0.000734808
4706 0.000734808
4707 0.000734808
4708 0.000734808
4709 0.000734808
4710 0.000734808
4711 0.000734808
4712 0.000734808
4713 0.000734808
4714 0.000734808
4715 0.000734808
4716 0.000734808
4717 0.000734808
4718 0.000734808
4719 0.000734808
4720 0.000734808
4721 0.000734808
4722 0.000734808
4723 0.000734808
4724 0.000734808
4725 0.000734808
4726 0.000734808
4727 0.000734808
4728 0.000734808
4729 0.000734808
4730 0.000734808
4731 0.000734808
4732 0.000734808
4733 0.000734808
4734 0.000734808
4735 0.000734808
4736 0.000734808
4737 0.000734808
4738 0.000734808
4739 0.000734808
4740 0.000734808
4741 0.000734808
4742 0.000734808
4743 0.000734808
4744 0.000734808
4745 0.000734808
4746 0.000734808
4747 0.000734808
4748 0.000734808
4749 0.000734808
4750 0.000734808
4751 0.000734808
4752 0.000734808
4753 0.000734808
4754 0.000734808
4755 0.000734808
4756 0.000734808
4757 0.000734808
4758 0.000734808
4759 0.000734808
4760 0.000734808
4761 0.000734808
4762 0.000734808
4763 0.000734808
4764 0.000734808
4765 0.000734808
4766 0.000734808
4767 0.000734808
4768 0.000734808
4769 0.000734808
4770 0.000734808
4771 0.000734808
4772 0.000734808
4773 0.000734808
4774 0.000734808
4775 0.000734808
4776 0.000734808
4777 0.000698067
4778 0.000698067
4779 0.000698067
4780 0.000698067
4781 0.000698067
4782 0.000698067
4783 0.000698067
4784 0.000698067
4785 0.000661327
4786 0.000661327
4787 0.000661327
4788 0.000661327
4789 0.000661327
4790 0.000661327
4791 0.000661327
4792 0.000661327
4793 0.000661327
4794 0.000661327
4795 0.000661327
4796 0.000661327
4797 0.000661327
4798 0.000661327
4799 0.000661327
4800 0.000661327
4801 0.000661327
4802 0.000661327
4803 0.000661327
4804 0.000661327
4805 0.000661327
4806 0.000661327
4807 0.000661327
4808 0.000661327
4809 0.000587846
4810 0.000587846
4811 0.000587846
4812 0.000587846
4813 0.000587846
4814 0.000587846
4815 0.000587846
4816 0.000587846
4817 0.000587846
4818 0.000587846
4819 0.000587846
4820 0.000587846
4821 0.000587846
4822 0.000587846
4823 0.000551106
4824 0.000551106
4825 0.000477625
4826 0.000477625
4827 0.000477625
4828 0.000477625
4829 0.000477625
4830 0.000477625
4831 0.000477625
4832 0.000477625
4833 0.000440885
4834 0.000440885
4835 0.000440885
4836 0.000440885
4837 0.000440885
4838 0.000440885
4839 0.000440885
4840 0.000440885
4841 0.000440885
4842 0.000440885
4843 0.000440885
4844 0.000440885
4845 0.000440885
4846 0.000440885
4847 0.000440885
4848 0.000440885
4849 0.000404144
4850 0.000404144
4851 0.000404144
4852 0.000404144
4853 0.000404144
4854 0.000404144
4855 0.000404144
4856 0.000404144
4857 0.000404144
4858 0.000404144
4859 0.000404144
4860 0.000404144
4861 0.000404144
4862 0.000404144
4863 0.000404144
4864 0.000404144
4865 0.000404144
4866 0.000404144
4867 0.000404144
4868 0.000404144
4869 0.000404144
4870 0.000404144
4871 0.000404144
4872 0.000404144
4873 0.000404144
4874 0.000404144
4875 0.000404144
4876 0.000404144
4877 0.000404144
4878 0.000404144
4879 0.000404144
4880 0.000404144
4881 0.000404144
4882 0.000404144
4883 0.000404144
4884 0.000404144
4885 0.000404144
4886 0.000404144
4887 0.000404144
4888 0.000404144
4889 0.000404144
4890 0.000404144
4891 0.000404144
4892 0.000404144
4893 0.000404144
4894 0.000404144
4895 0.000404144
4896 0.000404144
4897 0.000404144
4898 0.000404144
4899 0.000404144
4900 0.000404144
4901 0.000404144
4902 0.000404144
4903 0.000404144
4904 0.000404144
4905 0.000404144
4906 0.000404144
4907 0.000404144
4908 0.000404144
4909 0.000404144
4910 0.000404144
4911 0.000404144
4912 0.000404144
4913 0.000404144
4914 0.000404144
4915 0.000404144
4916 0.000404144
4917 0.000404144
4918 0.000404144
4919 0.000404144
4920 0.000404144
4921 0.000404144
4922 0.000404144
4923 0.000404144
4924 0.000404144
4925 0.000404144
4926 0.000404144
4927 0.000367404
4928 0.000367404
4929 0.000367404
4930 0.000367404
4931 0.000367404
4932 0.000367404
4933 0.000367404
4934 0.000367404
4935 0.000367404
4936 0.000367404
4937 0.000330664
4938 0.000330664
4939 0.000330664
4940 0.000330664
4941 0.000330664
4942 0.000330664
4943 0.000293923
4944 0.000293923
4945 0.000293923
4946 0.000293923
4947 0.000293923
4948 0.000293923
4949 0.000293923
4950 0.000293923
4951 0.000293923
4952 0.000293923
4953 0.000293923
4954 0.000293923
4955 0.000293923
4956 0.000293923
4957 0.000293923
4958 0.000293923
4959 0.000293923
4960 0.000293923
4961 0.000293923
4962 0.000293923
4963 0.000293923
4964 0.000293923
4965 0.000293923
4966 0.000293923
4967 0.000293923
4968 0.000293923
4969 0.000293923
4970 0.000293923
4971 0.000293923
4972 0.000293923
4973 0.000293923
4974 0.000293923
4975 0.000293923
4976 0.000293923
4977 0.000293923
4978 0.000293923
4979 0.000293923
4980 0.000293923
4981 0.000293923
4982 0.000293923
4983 0.000293923
4984 0.000293923
4985 0.000293923
4986 0.000293923
4987 0.000293923
4988 0.000293923
4989 0.000293923
4990 0.000293923
4991 0.000293923
4992 0.000293923
4993 0.000293923
4994 0.000293923
4995 0.000293923
4996 0.000293923
4997 0.000293923
4998 0.000293923
4999 0.000293923
5000 0.000293923
5001 0.000293923
5002 0.000293923
5003 0.000293923
5004 0.000293923
5005 0.000293923
5006 0.000293923
5007 0.000293923
5008 0.000293923
5009 0.000293923
5010 0.000293923
5011 0.000293923
5012 0.000293923
5013 0.000293923
5014 0.000293923
5015 0.000293923
5016 0.000293923
5017 0.000293923
5018 0.000293923
5019 0.000293923
5020 0.000293923
5021 0.000293923
5022 0.000293923
5023 0.000293923
5024 0.000293923
5025 0.000293923
5026 0.000293923
5027 0.000293923
5028 0.000293923
5029 0.000293923
5030 0.000293923
5031 0.000293923
5032 0.000293923
5033 0.000293923
5034 0.000293923
5035 0.000293923
5036 0.000293923
5037 0.000293923
5038 0.000293923
5039 0.000293923
5040 0.000293923
5041 0.000293923
5042 0.000293923
5043 0.000293923
5044 0.000293923
5045 0.000293923
5046 0.000293923
5047 0.000293923
5048 0.000293923
5049 0.000293923
5050 0.000293923
5051 0.000293923
5052 0.000293923
5053 0.000293923
5054 0.000293923
5055 0.000293923
5056 0.000293923
5057 0.000293923
5058 0.000293923
5059 0.000293923
5060 0.000293923
5061 0.000293923
5062 0.000293923
5063 0.000293923
5064 0.000293923
5065 0.000293923
5066 0.000293923
5067 0.000293923
5068 0.000293923
5069 0.000293923
5070 0.000293923
5071 0.000293923
5072 0.000293923
5073 0.000293923
5074 0.000293923
5075 0.000293923
5076 0.000293923
5077 0.000293923
5078 0.000293923
5079 0.000293923
5080 0.000293923
5081 0.000257183
5082 0.000257183
5083 0.000257183
5084 0.000257183
5085 0.000257183
5086 0.000257183
5087 0.000257183
5088 0.000257183
5089 0.000257183
5090 0.000257183
5091 0.000257183
5092 0.000257183
5093 0.000257183
5094 0.000257183
5095 0.000257183
5096 0.000257183
5097 0.000257183
5098 0.000257183
5099 0.000257183
5100 0.000257183
5101 0.000257183
5102 0.000257183
5103 0.000257183
5104 0.000257183
5105 0.000257183
5106 0.000257183
5107 0.000257183
5108 0.000257183
5109 0.000257183
5110 0.000257183
5111 0.000257183
5112 0.000257183
5113 0.000257183
5114 0.000257183
5115 0.000257183
5116 0.000257183
5117 0.000257183
5118 0.000257183
5119 0.000257183
5120 0.000257183
5121 0.000257183
5122 0.000257183
5123 0.000257183
5124 0.000257183
5125 0.000257183
5126 0.000257183
5127 0.000257183
5128 0.000257183
5129 0.000257183
5130 0.000257183
5131 0.000257183
5132 0.000257183
5133 0.000257183
5134 0.000257183
5135 0.000257183
5136 0.000257183
5137 0.000257183
5138 0.000257183
5139 0.000257183
5140 0.000257183
5141 0.000257183
5142 0.000257183
5143 0.000257183
5144 0.000257183
5145 0.000257183
5146 0.000257183
5147 0.000257183
5148 0.000257183
5149 0.000257183
5150 0.000257183
5151 0.000257183
5152 0.000257183
5153 0.000257183
5154 0.000257183
5155 0.000257183
5156 0.000257183
5157 0.000257183
5158 0.000257183
5159 0.000257183
5160 0.000257183
5161 0.000257183
5162 0.000257183
5163 0.000257183
5164 0.000257183
5165 0.000257183
5166 0.000257183
5167 0.000257183
5168 0.000257183
5169 0.000257183
5170 0.000257183
5171 0.000257183
5172 0.000257183
5173 0.000257183
5174 0.000257183
5175 0.000257183
5176 0.000257183
5177 0.000257183
5178 0.000257183
5179 0.000257183
5180 0.000257183
5181 0.000257183
5182 0.000257183
5183 0.000257183
5184 0.000257183
5185 0.000257183
5186 0.000257183
5187 0.000257183
5188 0.000257183
5189 0.000257183
5190 0.000257183
5191 0.000257183
5192 0.000257183
5193 0.000257183
5194 0.000257183
5195 0.000257183
5196 0.000257183
5197 0.000257183
5198 0.000257183
5199 0.000257183
5200 0.000257183
5201 0.000257183
5202 0.000257183
5203 0.000257183
5204 0.000257183
5205 0.000257183
5206 0.000257183
5207 0.000257183
5208 0.000257183
5209 0.000257183
5210 0.000257183
5211 0.000257183
5212 0.000257183
5213 0.000257183
5214 0.000257183
5215 0.000257183
5216 0.000257183
5217 0.000257183
5218 0.000257183
5219 0.000257183
5220 0.000257183
5221 0.000257183
5222 0.000257183
5223 0.000257183
5224 0.000257183
5225 0.000257183
5226 0.000257183
5227 0.000257183
5228 0.000257183
5229 0.000257183
5230 0.000257183
5231 0.000257183
5232 0.000257183
5233 0.000257183
5234 0.000257183
5235 0.000257183
5236 0.000257183
5237 0.000257183
5238 0.000257183
5239 0.000257183
5240 0.000257183
5241 0.000257183
5242 0.000257183
5243 0.000257183
5244 0.000257183
5245 0.000257183
5246 0.000257183
5247 0.000257183
5248 0.000257183
5249 0.000257183
5250 0.000257183
5251 0.000257183
5252 0.000257183
5253 0.000257183
5254 0.000257183
5255 0.000257183
5256 0.000257183
5257 0.000257183
5258 0.000257183
5259 0.000257183
5260 0.000257183
5261 0.000257183
5262 0.000257183
5263 0.000257183
5264 0.000257183
5265 0.000257183
5266 0.000257183
5267 0.000257183
5268 0.000257183
5269 0.000257183
5270 0.000257183
5271 0.000220442
5272 0.000220442
5273 0.000220442
5274 0.000220442
5275 0.000220442
5276 0.000220442
5277 0.000220442
5278 0.000220442
5279 0.000220442
5280 0.000220442
5281 0.000220442
5282 0.000220442
5283 0.000220442
5284 0.000220442
5285 0.000220442
5286 0.000220442
5287 0.000220442
5288 0.000220442
5289 0.000220442
5290 0.000220442
5291 0.000220442
5292 0.000220442
5293 0.000220442
5294 0.000220442
5295 0.000220442
5296 0.000220442
5297 0.000220442
5298 0.000220442
5299 0.000220442
5300 0.000220442
5301 0.000220442
5302 0.000220442
5303 0.000220442
5304 0.000220442
5305 0.000220442
5306 0.000220442
5307 0.000220442
5308 0.000220442
5309 0.000220442
5310 0.000220442
5311 0.000220442
5312 0.000220442
5313 0.000220442
5314 0.000220442
5315 0.000220442
5316 0.000220442
5317 0.000220442
5318 0.000220442
5319 0.000220442
5320 0.000220442
5321 0.000220442
5322 0.000220442
5323 0.000220442
5324 0.000220442
5325 0.000220442
5326 0.000220442
5327 0.000220442
5328 0.000220442
5329 0.000220442
5330 0.000220442
5331 0.000220442
5332 0.000220442
5333 0.000220442
5334 0.000220442
5335 0.000220442
5336 0.000220442
5337 0.000220442
5338 0.000220442
5339 0.000220442
5340 0.000220442
5341 0.000220442
5342 0.000220442
5343 0.000220442
5344 0.000220442
5345 0.000220442
5346 0.000220442
5347 0.000220442
5348 0.000220442
5349 0.000220442
5350 0.000220442
5351 0.000220442
5352 0.000220442
5353 0.000183702
5354 0.000183702
5355 0.000183702
5356 0.000183702
5357 0.000183702
5358 0.000183702
5359 0.000183702
5360 0.000183702
5361 0.000183702
5362 0.000183702
5363 0.000183702
5364 0.000183702
5365 0.000183702
5366 0.000183702
5367 0.000183702
5368 0.000183702
5369 0.000183702
5370 0.000183702
5371 0.000183702
5372 0.000183702
5373 0.000183702
5374 0.000183702
5375 0.000183702
5376 0.000183702
5377 0.000183702
5378 0.000183702
5379 0.000183702
5380 0.000183702
5381 0.000183702
5382 0.000183702
5383 0.000183702
5384 0.000183702
5385 0.000183702
5386 0.000183702
5387 0.000183702
5388 0.000183702
5389 0.000183702
5390 0.000183702
5391 0.000183702
5392 0.000183702
5393 0.000183702
5394 0.000183702
5395 0.000183702
5396 0.000183702
5397 0.000183702
5398 0.000183702
5399 0.000183702
5400 0.000183702
5401 0.000183702
5402 0.000183702
5403 0.000183702
5404 0.000183702
5405 0.000183702
5406 0.000183702
5407 0.000183702
5408 0.000183702
5409 0.000183702
5410 0.000183702
5411 0.000183702
5412 0.000183702
5413 0.000183702
5414 0.000183702
5415 0.000183702
5416 0.000183702
5417 0.000183702
5418 0.000183702
5419 0.000183702
5420 0.000183702
5421 0.000183702
5422 0.000183702
5423 0.000183702
5424 0.000183702
5425 0.000183702
5426 0.000183702
5427 0.000183702
5428 0.000183702
5429 0.000183702
5430 0.000183702
5431 0.000146962
5432 0.000146962
5433 0.000146962
5434 0.000146962
5435 0.000146962
5436 0.000146962
5437 0.000146962
5438 0.000146962
5439 0.000146962
5440 0.000146962
5441 0.000146962
5442 0.000146962
5443 0.000146962
5444 0.000146962
5445 0.000146962
5446 0.000146962
5447 0.000146962
5448 0.000146962
5449 0.000146962
5450 0.000146962
5451 0.000146962
5452 0.000146962
5453 0.000146962
5454 0.000146962
5455 0.000146962
5456 0.000146962
5457 0.000146962
5458 0.000146962
5459 0.000146962
5460 0.000146962
5461 0.000146962
5462 0.000146962
5463 0.000146962
5464 0.000146962
5465 0.000146962
5466 0.000146962
5467 0.000146962
5468 0.000146962
5469 0.000146962
5470 0.000146962
5471 0.000146962
5472 0.000146962
5473 0.000146962
5474 0.000146962
5475 0.000146962
5476 0.000146962
5477 0.000146962
5478 0.000146962
5479 0.000146962
5480 0.000146962
5481 0.000146962
5482 0.000146962
5483 0.000146962
5484 0.000146962
5485 0.000146962
5486 0.000146962
5487 0.000146962
5488 0.000146962
5489 0.000146962
5490 0.000146962
5491 0.000146962
5492 0.000146962
5493 0.000146962
5494 0.000146962
5495 0.000146962
5496 0.000146962
5497 0.000146962
5498 0.000146962
5499 0.000146962
5500 0.000146962
5501 0.000146962
5502 0.000146962
5503 0.000146962
5504 0.000146962
5505 0.000146962
5506 0.000146962
5507 0.000146962
5508 0.000146962
5509 0.000146962
5510 0.000146962
5511 0.000146962
5512 0.000146962
5513 0.000146962
5514 0.000146962
5515 0.000146962
5516 0.000146962
5517 0.000146962
5518 0.000146962
5519 0.000146962
5520 0.000146962
5521 0.000146962
5522 0.000146962
5523 0.000146962
5524 0.000146962
5525 0.000146962
5526 0.000146962
5527 0.000146962
5528 0.000146962
5529 0.000146962
5530 0.000146962
5531 0.000146962
5532 0.000146962
5533 0.000146962
5534 0.000146962
5535 0.000146962
5536 0.000146962
5537 0.000146962
5538 0.000146962
5539 0.000146962
5540 0.000146962
5541 0.000146962
5542 0.000146962
5543 0.000146962
5544 0.000146962
5545 0.000146962
5546 0.000146962
5547 0.000146962
5548 0.000146962
5549 0.000146962
5550 0.000146962
5551 0.000146962
5552 0.000146962
5553 0.000110221
5554 0.000110221
5555 0.000110221
5556 0.000110221
5557 0.000110221
5558 0.000110221
5559 0.000110221
5560 0.000110221
5561 0.000110221
5562 0.000110221
5563 0.000110221
5564 0.000110221
5565 0.000110221
5566 0.000110221
5567 0.000110221
5568 0.000110221
5569 0.000110221
5570 0.000110221
5571 0.000110221
5572 0.000110221
5573 0.000110221
5574 0.000110221
5575 0.000110221
5576 0.000110221
5577 0.000110221
5578 0.000110221
5579 0.000110221
5580 0.000110221
5581 0.000110221
5582 0.000110221
5583 0.000110221
5584 0.000110221
5585 0.000110221
5586 0.000110221
5587 0.000110221
5588 0.000110221
5589 0.000110221
5590 0.000110221
5591 0.000110221
5592 0.000110221
5593 0.000110221
5594 0.000110221
5595 0.000110221
5596 0.000110221
5597 0.000110221
5598 0.000110221
5599 0.000110221
5600 0.000110221
5601 0.000110221
5602 0.000110221
5603 0.000110221
5604 0.000110221
5605 0.000110221
5606 0.000110221
5607 0.000110221
5608 0.000110221
5609 0.000110221
5610 0.000110221
5611 0.000110221
5612 0.000110221
5613 0.000110221
5614 0.000110221
5615 0.000110221
5616 0.000110221
5617 0.000110221
5618 0.000110221
5619 0.000110221
5620 0.000110221
5621 0.000110221
5622 0.000110221
5623 0.000110221
5624 0.000110221
5625 0.000110221
5626 0.000110221
5627 0.000110221
5628 0.000110221
5629 0.000110221
5630 0.000110221
5631 0.000110221
5632 0.000110221
5633 0.000110221
5634 0.000110221
5635 0.000110221
5636 0.000110221
5637 0.000110221
5638 0.000110221
5639 0.000110221
5640 0.000110221
5641 0.000110221
5642 0.000110221
5643 0.000110221
5644 0.000110221
5645 0.000110221
5646 0.000110221
5647 0.000110221
5648 0.000110221
5649 0.000110221
5650 0.000110221
5651 0.000110221
5652 0.000110221
5653 0.000110221
5654 0.000110221
5655 0.000110221
5656 0.000110221
5657 0.000110221
5658 0.000110221
5659 0.000110221
5660 0.000110221
5661 0.000110221
5662 0.000110221
5663 0.000110221
5664 0.000110221
5665 0.000110221
5666 0.000110221
5667 0.000110221
5668 0.000110221
5669 0.000110221
5670 0.000110221
5671 0.000110221
5672 0.000110221
5673 0.000110221
5674 0.000110221
5675 0.000110221
5676 0.000110221
5677 0.000110221
5678 0.000110221
5679 0.000110221
5680 0.000110221
5681 0.000110221
5682 0.000110221
5683 0.000110221
5684 0.000110221
5685 0.000110221
5686 0.000110221
5687 0.000110221
5688 0.000110221
5689 0.000110221
5690 0.000110221
5691 0.000110221
5692 0.000110221
5693 0.000110221
5694 0.000110221
5695 0.000110221
5696 0.000110221
5697 0.000110221
5698 0.000110221
5699 0.000110221
5700 0.000110221
5701 0.000110221
5702 0.000110221
5703 0.000110221
5704 0.000110221
5705 0.000110221
5706 0.000110221
5707 0.000110221
5708 0.000110221
5709 0.000110221
5710 0.000110221
5711 0.000110221
5712 0.000110221
5713 0.000110221
5714 0.000110221
5715 0.000110221
5716 0.000110221
5717 0.000110221
5718 0.000110221
5719 0.000110221
5720 0.000110221
5721 0.000110221
5722 0.000110221
5723 0.000110221
5724 0.000110221
5725 0.000110221
5726 0.000110221
5727 0.000110221
5728 0.000110221
5729 0.000110221
5730 0.000110221
5731 0.000110221
5732 0.000110221
5733 0.000110221
5734 0.000110221
5735 0.000110221
5736 0.000110221
5737 0.000110221
5738 0.000110221
5739 0.000110221
5740 0.000110221
5741 0.000110221
5742 0.000110221
5743 0.000110221
5744 0.000110221
5745 0.000110221
5746 0.000110221
5747 0.000110221
5748 0.000110221
5749 0.000110221
5750 0.000110221
5751 0.000110221
5752 0.000110221
5753 0.000110221
5754 0.000110221
5755 0.000110221
5756 0.000110221
5757 0.000110221
5758 0.000110221
5759 0.000110221
5760 0.000110221
5761 0.000110221
5762 0.000110221
5763 0.000110221
5764 0.000110221
5765 0.000110221
5766 0.000110221
5767 0.000110221
5768 0.000110221
5769 0.000110221
5770 0.000110221
5771 0.000110221
5772 0.000110221
5773 0.000110221
5774 0.000110221
5775 0.000110221
5776 0.000110221
5777 0.000110221
5778 0.000110221
5779 0.000110221
5780 0.000110221
5781 0.000110221
5782 0.000110221
5783 0.000110221
5784 0.000110221
5785 0.000110221
5786 0.000110221
5787 0.000110221
5788 0.000110221
5789 0.000110221
5790 0.000110221
5791 0.000110221
5792 0.000110221
5793 0.000110221
5794 0.000110221
5795 0.000110221
5796 0.000110221
5797 0.000110221
5798 0.000110221
5799 0.000110221
5800 0.000110221
5801 0.000110221
5802 0.000110221
5803 0.000110221
5804 0.000110221
5805 0.000110221
5806 0.000110221
5807 0.000110221
5808 0.000110221
5809 0.000110221
5810 0.000110221
5811 0.000110221
5812 0.000110221
5813 0.000110221
5814 0.000110221
5815 0.000110221
5816 0.000110221
5817 0.000110221
5818 0.000110221
5819 0.000110221
5820 0.000110221
5821 0.000110221
5822 0.000110221
5823 0.000110221
5824 0.000110221
5825 0.000110221
5826 0.000110221
5827 0.000110221
5828 0.000110221
5829 0.000110221
5830 0.000110221
5831 0.000110221
5832 0.000110221
5833 0.000110221
5834 0.000110221
5835 0.000110221
5836 0.000110221
5837 0.000110221
5838 0.000110221
5839 0.000110221
5840 0.000110221
5841 0.000110221
5842 0.000110221
5843 0.000110221
5844 0.000110221
5845 0.000110221
5846 0.000110221
5847 0.000110221
5848 0.000110221
5849 7.34808e-05
5850 7.34808e-05
5851 7.34808e-05
5852 7.34808e-05
5853 7.34808e-05
5854 7.34808e-05
5855 7.34808e-05
5856 7.34808e-05
5857 7.34808e-05
5858 7.34808e-05
5859 7.34808e-05
5860 7.34808e-05
5861 7.34808e-05
5862 7.34808e-05
5863 7.34808e-05
5864 7.34808e-05
5865 7.34808e-05
5866 7.34808e-05
5867 7.34808e-05
5868 7.34808e-05
5869 7.34808e-05
5870 7.34808e-05
5871 7.34808e-05
5872 7.34808e-05
5873 7.34808e-05
5874 7.34808e-05
5875 7.34808e-05
5876 7.34808e-05
5877 7.34808e-05
5878 7.34808e-05
5879 7.34808e-05
5880 7.34808e-05
5881 7.34808e-05
5882 7.34808e-05
5883 7.34808e-05
5884 7.34808e-05
5885 7.34808e-05
5886 7.34808e-05
5887 7.34808e-05
5888 7.34808e-05
5889 7.34808e-05
5890 7.34808e-05
5891 7.34808e-05
5892 7.34808e-05
5893 7.34808e-05
5894 7.34808e-05
5895 7.34808e-05
5896 7.34808e-05
5897 7.34808e-05
5898 7.34808e-05
5899 7.34808e-05
5900 7.34808e-05
5901 7.34808e-05
5902 7.34808e-05
5903 7.34808e-05
5904 7.34808e-05
5905 7.34808e-05
5906 7.34808e-05
5907 7.34808e-05
5908 7.34808e-05
5909 7.34808e-05
5910 7.34808e-05
5911 7.34808e-05
5912 7.34808e-05
5913 7.34808e-05
5914 7.34808e-05
5915 7.34808e-05
5916 7.34808e-05
5917 7.34808e-05
5918 7.34808e-05
5919 7.34808e-05
5920 7.34808e-05
5921 7.34808e-05
5922 7.34808e-05
5923 7.34808e-05
5924 7.34808e-05
5925 7.34808e-05
5926 7.34808e-05
5927 7.34808e-05
5928 7.34808e-05
5929 7.34808e-05
5930 7.34808e-05
5931 7.34808e-05
5932 7.34808e-05
5933 7.34808e-05
5934 7.34808e-05
5935 7.34808e-05
5936 7.34808e-05
5937 7.34808e-05
5938 7.34808e-05
5939 7.34808e-05
5940 7.34808e-05
5941 7.34808e-05
5942 7.34808e-05
5943 7.34808e-05
5944 7.34808e-05
5945 7.34808e-05
5946 7.34808e-05
5947 7.34808e-05
5948 7.34808e-05
5949 7.34808e-05
5950 7.34808e-05
5951 7.34808e-05
5952 7.34808e-05
5953 3.67404e-05
5954 3.67404e-05
5955 3.67404e-05
5956 3.67404e-05
5957 3.67404e-05
5958 3.67404e-05
5959 3.67404e-05
5960 3.67404e-05
5961 3.67404e-05
5962 3.67404e-05
5963 3.67404e-05
5964 3.67404e-05
5965 3.67404e-05
5966 3.67404e-05
5967 3.67404e-05
5968 3.67404e-05
5969 3.67404e-05
5970 3.67404e-05
5971 3.67404e-05
5972 3.67404e-05
5973 3.67404e-05
5974 3.67404e-05
5975 3.67404e-05
5976 3.67404e-05
5977 3.67404e-05
5978 3.67404e-05
5979 3.67404e-05
5980 3.67404e-05
5981 3.67404e-05
5982 3.67404e-05
5983 3.67404e-05
5984 3.67404e-05
5985 3.67404e-05
5986 3.67404e-05
5987 3.67404e-05
5988 3.67404e-05
5989 3.67404e-05
5990 3.67404e-05
5991 3.67404e-05
5992 3.67404e-05
5993 3.67404e-05
5994 3.67404e-05
5995 3.67404e-05
5996 3.67404e-05
5997 3.67404e-05
5998 3.67404e-05
5999 3.67404e-05
6000 3.67404e-05
6001 3.67404e-05
6002 3.67404e-05
6003 3.67404e-05
6004 3.67404e-05
6005 3.67404e-05
6006 3.67404e-05
6007 3.67404e-05
6008 3.67404e-05
6009 3.67404e-05
6010 3.67404e-05
6011 3.67404e-05
6012 3.67404e-05
6013 3.67404e-05
6014 3.67404e-05
6015 3.67404e-05
6016 3.67404e-05
6017 3.67404e-05
6018 3.67404e-05
6019 3.67404e-05
6020 3.67404e-05
6021 3.67404e-05
6022 3.67404e-05
6023 3.67404e-05
6024 3.67404e-05
6025 3.67404e-05
6026 3.67404e-05
6027 3.67404e-05
6028 3.67404e-05
6029 3.67404e-05
6030 3.67404e-05
6031 3.67404e-05
6032 3.67404e-05
6033 3.67404e-05
6034 3.67404e-05
6035 3.67404e-05
6036 3.67404e-05
6037 3.67404e-05
6038 3.67404e-05
6039 3.67404e-05
6040 3.67404e-05
6041 3.67404e-05
6042 3.67404e-05
6043 3.67404e-05
6044 3.67404e-05
6045 3.67404e-05
6046 3.67404e-05
6047 3.67404e-05
6048 3.67404e-05
6049 3.67404e-05
6050 3.67404e-05
6051 3.67404e-05
6052 3.67404e-05
6053 3.67404e-05
6054 3.67404e-05
6055 3.67404e-05
6056 3.67404e-05
6057 3.67404e-05
6058 3.67404e-05
6059 3.67404e-05
6060 3.67404e-05
6061 3.67404e-05
6062 3.67404e-05
6063 3.67404e-05
6064 3.67404e-05
6065 3.67404e-05
6066 3.67404e-05
6067 3.67404e-05
6068 3.67404e-05
6069 3.67404e-05
6070 3.67404e-05
6071 3.67404e-05
6072 3.67404e-05
6073 3.67404e-05
6074 3.67404e-05
6075 3.67404e-05
6076 3.67404e-05
6077 3.67404e-05
6078 3.67404e-05
6079 3.67404e-05
6080 3.67404e-05
6081 3.67404e-05
6082 3.67404e-05
6083 3.67404e-05
6084 3.67404e-05
6085 3.67404e-05
6086 3.67404e-05
6087 3.67404e-05
6088 3.67404e-05
6089 3.67404e-05
6090 3.67404e-05
6091 3.67404e-05
6092 3.67404e-05
6093 3.67404e-05
6094 3.67404e-05
6095 3.67404e-05
6096 3.67404e-05
6097 3.67404e-05
6098 3.67404e-05
6099 3.67404e-05
6100 3.67404e-05
6101 3.67404e-05
6102 3.67404e-05
6103 3.67404e-05
6104 3.67404e-05
6105 3.67404e-05
6106 3.67404e-05
6107 3.67404e-05
6108 3.67404e-05
6109 3.67404e-05
6110 3.67404e-05
6111 3.67404e-05
6112 3.67404e-05
6113 3.67404e-05
6114 3.67404e-05
6115 3.67404e-05
6116 3.67404e-05
6117 3.67404e-05
6118 3.67404e-05
6119 3.67404e-05
6120 3.67404e-05
6121 3.67404e-05
6122 3.67404e-05
6123 3.67404e-05
6124 3.67404e-05
6125 3.67404e-05
6126 3.67404e-05
6127 3.67404e-05
6128 3.67404e-05
6129 3.67404e-05
6130 3.67404e-05
6131 3.67404e-05
6132 3.67404e-05
6133 3.67404e-05
6134 3.67404e-05
6135 3.67404e-05
6136 3.67404e-05
6137 3.67404e-05
6138 3.67404e-05
6139 3.67404e-05
6140 3.67404e-05
6141 3.67404e-05
6142 3.67404e-05
6143 3.67404e-05
6144 3.67404e-05
6145 3.67404e-05
6146 3.67404e-05
6147 3.67404e-05
6148 3.67404e-05
6149 3.67404e-05
6150 3.67404e-05
6151 3.67404e-05
6152 3.67404e-05
6153 3.67404e-05
6154 3.67404e-05
6155 3.67404e-05
6156 3.67404e-05
6157 3.67404e-05
6158 3.67404e-05
6159 3.67404e-05
6160 3.67404e-05
6161 3.67404e-05
6162 3.67404e-05
6163 3.67404e-05
6164 3.67404e-05
6165 3.67404e-05
6166 3.67404e-05
6167 3.67404e-05
6168 3.67404e-05
6169 3.67404e-05
6170 3.67404e-05
6171 3.67404e-05
6172 3.67404e-05
6173 3.67404e-05
6174 3.67404e-05
6175 3.67404e-05
6176 3.67404e-05
6177 3.67404e-05
6178 3.67404e-05
6179 3.67404e-05
6180 3.67404e-05
6181 3.67404e-05
6182 3.67404e-05
6183 3.67404e-05
6184 3.67404e-05
6185 3.67404e-05
6186 3.67404e-05
6187 3.67404e-05
6188 3.67404e-05
6189 3.67404e-05
6190 3.67404e-05
6191 3.67404e-05
6192 3.67404e-05
6193 3.67404e-05
6194 3.67404e-05
6195 3.67404e-05
6196 3.67404e-05
6197 3.67404e-05
6198 3.67404e-05
6199 3.67404e-05
6200 3.67404e-05
6201 3.67404e-05
6202 3.67404e-05
6203 3.67404e-05
6204 3.67404e-05
6205 3.67404e-05
6206 3.67404e-05
6207 3.67404e-05
6208 3.67404e-05
6209 3.67404e-05
6210 3.67404e-05
6211 3.67404e-05
6212 3.67404e-05
6213 3.67404e-05
6214 3.67404e-05
6215 3.67404e-05
6216 3.67404e-05
6217 3.67404e-05
6218 3.67404e-05
6219 3.67404e-05
6220 3.67404e-05
6221 3.67404e-05
6222 3.67404e-05
6223 3.67404e-05
6224 3.67404e-05
6225 3.67404e-05
6226 3.67404e-05
6227 3.67404e-05
6228 3.67404e-05
6229 3.67404e-05
6230 3.67404e-05
6231 3.67404e-05
6232 3.67404e-05
6233 3.67404e-05
6234 3.67404e-05
6235 3.67404e-05
6236 3.67404e-05
6237 3.67404e-05
6238 3.67404e-05
6239 3.67404e-05
6240 3.67404e-05
6241 3.67404e-05
6242 3.67404e-05
6243 3.67404e-05
6244 3.67404e-05
6245 3.67404e-05
6246 3.67404e-05
6247 3.67404e-05
6248 3.67404e-05
6249 3.67404e-05
6250 3.67404e-05
6251 3.67404e-05
6252 3.67404e-05
6253 3.67404e-05
6254 3.67404e-05
6255 3.67404e-05
6256 3.67404e-05
6257 3.67404e-05
6258 3.67404e-05
6259 3.67404e-05
6260 3.67404e-05
6261 3.67404e-05
6262 3.67404e-05
6263 3.67404e-05
6264 3.67404e-05
6265 3.67404e-05
6266 3.67404e-05
6267 3.67404e-05
6268 3.67404e-05
6269 3.67404e-05
6270 3.67404e-05
6271 3.67404e-05
6272 3.67404e-05
6273 3.67404e-05
6274 3.67404e-05
6275 3.67404e-05
6276 3.67404e-05
6277 3.67404e-05
6278 3.67404e-05
6279 3.67404e-05
6280 3.67404e-05
6281 3.67404e-05
6282 3.67404e-05
6283 3.67404e-05
6284 3.67404e-05
6285 3.67404e-05
6286 3.67404e-05
6287 3.67404e-05
6288 3.67404e-05
6289 3.67404e-05
6290 3.67404e-05
6291 3.67404e-05
6292 3.67404e-05
6293 3.67404e-05
6294 3.67404e-05
6295 3.67404e-05
6296 3.67404e-05
