0 1
1 1
2 1
3 1
4 1
5 0.999379
6 0.999379
7 0.999069
8 0.999069
9 0.999069
10 0.999069
11 0.999069
12 0.999069
13 0.998759
14 0.998759
15 0.944772
16 0.898852
17 0.856966
18 0.806392
19 0.765746
20 0.730686
21 0.700279
22 0.675147
23 0.649085
24 0.626125
25 0.595098
26 0.571207
27 0.543283
28 0.524977
29 0.50605
30 0.478747
31 0.4592
32 0.440583
33 0.422898
34 0.404282
35 0.37977
36 0.363016
37 0.346261
38 0.327025
39 0.311821
40 0.300962
41 0.285448
42 0.277071
43 0.260937
44 0.249457
45 0.239528
46 0.229289
47 0.220292
48 0.210363
49 0.202606
50 0.194229
51 0.185231
52 0.177474
53 0.171269
54 0.163202
55 0.157307
56 0.150481
57 0.145827
58 0.139932
59 0.135588
60 0.130003
61 0.125659
62 0.120074
63 0.113559
64 0.107974
65 0.104251
66 0.101458
67 0.0971145
68 0.0924604
69 0.089668
70 0.086255
71 0.0822215
72 0.0797394
73 0.0757059
74 0.0716724
75 0.0685697
76 0.0657772
77 0.0623643
78 0.0601924
79 0.0577102
80 0.055228
81 0.0518151
82 0.0496432
83 0.0462302
84 0.0440583
85 0.0418864
86 0.0403351
87 0.0387837
88 0.0381632
89 0.0369221
90 0.03444
91 0.0328886
92 0.0304065
93 0.0291654
94 0.0285448
95 0.027614
96 0.0260627
97 0.0260627
98 0.0254421
99 0.0238908
100 0.0226497
101 0.0223394
102 0.0204778
103 0.0189265
104 0.0186162
105 0.0179957
106 0.0173751
107 0.0173751
108 0.0167546
109 0.0158238
110 0.0158238
111 0.0155135
112 0.014893
113 0.0145827
114 0.0142724
115 0.0133416
116 0.0124108
117 0.0117903
118 0.0111697
119 0.0108594
120 0.0102389
121 0.00961837
122 0.0093081
123 0.00899783
124 0.00899783
125 0.00899783
126 0.00837729
127 0.00837729
128 0.00837729
129 0.00775675
130 0.00775675
131 0.00744648
132 0.00713621
133 0.00651567
134 0.0062054
135 0.00589513
136 0.00589513
137 0.00558486
138 0.00496432
139 0.00496432
140 0.00496432
141 0.00496432
142 0.00496432
143 0.00465405
144 0.00465405
145 0.00465405
146 0.00403351
147 0.00403351
148 0.00403351
149 0.00403351
150 0.00341297
151 0.0031027
152 0.00279243
153 0.00279243
154 0.00279243
155 0.00279243
156 0.00279243
157 0.00248216
158 0.00217189
159 0.00186162
160 0.00155135
161 0.00155135
162 0.00155135
163 0.00155135
164 0.00155135
165 0.00155135
166 0.00124108
167 0.00124108
168 0.00124108
169 0.00124108
170 0.00124108
171 0.00124108
172 0.00062054
173 0.00062054
174 0.00031027
175 0.00031027
176 0.00031027
177 0.00031027
178 0.00031027
179 0.00031027
180 0.00031027
181 0.00031027
182 0.00031027
183 0.00031027
184 0.00031027
185 0.00031027
186 0.00031027
187 0.00031027
188 0.00031027
189 0.00031027
190 0.00031027
191 0.00031027
192 0.00031027
193 0.00031027
194 0.00031027
195 0.00031027
196 0.00031027
197 0.00031027
198 0.00031027
199 0.00031027
200 0.00031027
201 0.00031027
202 0.00031027
203 0.00031027
204 0.00031027
205 0.00031027
206 0.00031027
207 0.00031027
208 0.00031027
209 0.00031027
210 0.00031027
211 0.00031027
212 0.00031027
213 0.00031027
214 0.00031027
215 0.00031027
216 0.00031027
217 0.00031027
218 0.00031027
219 0.00031027
220 0.00031027
221 0.00031027
222 0.00031027
223 0.00031027
224 0.00031027
