0 1
1 1
2 1
3 1
4 1
5 1
6 1
7 1
8 1
9 1
10 1
11 1
12 1
13 1
14 1
15 0.988024
16 0.975888
17 0.964391
18 0.952735
19 0.941238
20 0.930699
21 0.918244
22 0.908343
23 0.899082
24 0.889182
25 0.879361
26 0.8701
27 0.859002
28 0.849022
29 0.839042
30 0.831218
31 0.822515
32 0.813573
33 0.806467
34 0.797685
35 0.790499
36 0.783313
37 0.775888
38 0.769261
39 0.762156
40 0.75481
41 0.748184
42 0.741078
43 0.734691
44 0.727904
45 0.720878
46 0.713373
47 0.706906
48 0.700439
49 0.69501
50 0.689022
51 0.683513
52 0.677685
53 0.671297
54 0.666108
55 0.661078
56 0.656208
57 0.650858
58 0.645349
59 0.640559
60 0.634172
61 0.629142
62 0.623313
63 0.618683
64 0.612136
65 0.608303
66 0.603273
67 0.597445
68 0.594012
69 0.58994
70 0.586267
71 0.581238
72 0.577325
73 0.573812
74 0.568703
75 0.56479
76 0.560878
77 0.557206
78 0.553772
79 0.5501
80 0.545549
81 0.541397
82 0.536128
83 0.532455
84 0.528383
85 0.52495
86 0.521916
87 0.518084
88 0.51521
89 0.511617
90 0.507066
91 0.504112
92 0.500359
93 0.497006
94 0.493253
95 0.490299
96 0.487265
97 0.484072
98 0.481198
99 0.477844
100 0.475928
101 0.472655
102 0.46978
103 0.466986
104 0.464192
105 0.461876
106 0.45988
107 0.456128
108 0.452774
109 0.450619
110 0.447984
111 0.445749
112 0.442874
113 0.441118
114 0.438244
115 0.436407
116 0.434331
117 0.432016
118 0.429381
119 0.426108
120 0.423952
121 0.422036
122 0.419401
123 0.417485
124 0.41509
125 0.413014
126 0.411417
127 0.409421
128 0.407665
129 0.405669
130 0.403513
131 0.401437
132 0.399681
133 0.397844
134 0.395928
135 0.394092
136 0.391297
137 0.38978
138 0.386986
139 0.384511
140 0.383234
141 0.381317
142 0.379641
143 0.378124
144 0.375489
145 0.373812
146 0.371657
147 0.37022
148 0.368383
149 0.366387
150 0.364551
151 0.362635
152 0.361198
153 0.36008
154 0.358643
155 0.356727
156 0.355289
157 0.353214
158 0.351936
159 0.350739
160 0.349142
161 0.348343
162 0.346826
163 0.344591
164 0.342914
165 0.340998
166 0.338683
167 0.337086
168 0.335489
169 0.333972
170 0.332535
171 0.331417
172 0.33022
173 0.328463
174 0.327265
175 0.325669
176 0.324232
177 0.321996
178 0.320399
179 0.319042
180 0.317924
181 0.316008
182 0.31481
183 0.313693
184 0.312735
185 0.311537
186 0.310419
187 0.308902
188 0.307625
189 0.306108
190 0.30499
191 0.304192
192 0.302435
193 0.300679
194 0.299242
195 0.297884
196 0.297166
197 0.295489
198 0.293892
199 0.292615
200 0.291497
201 0.29014
202 0.289022
203 0.287505
204 0.286707
205 0.28511
206 0.284311
207 0.283353
208 0.281836
209 0.280639
210 0.278723
211 0.277844
212 0.276727
213 0.275529
214 0.274331
215 0.272894
216 0.271297
217 0.270259
218 0.269541
219 0.268263
220 0.266906
221 0.265868
222 0.26491
223 0.263633
224 0.263074
225 0.262355
226 0.261317
227 0.26004
228 0.259082
229 0.258363
230 0.257645
231 0.256766
232 0.255888
233 0.25485
234 0.253333
235 0.252295
236 0.250938
237 0.25006
238 0.249102
239 0.247665
240 0.246707
241 0.245269
242 0.244551
243 0.243752
244 0.242794
245 0.241916
246 0.240958
247 0.24008
248 0.238962
249 0.238004
250 0.236647
251 0.236088
252 0.23505
253 0.234411
254 0.233613
255 0.232894
256 0.232176
257 0.231457
258 0.230659
259 0.22978
260 0.228902
261 0.228263
262 0.227784
263 0.227305
264 0.226826
265 0.226028
266 0.225389
267 0.224511
268 0.223952
269 0.222914
270 0.222036
271 0.221238
272 0.220279
273 0.219641
274 0.218922
275 0.217964
276 0.217405
277 0.216766
278 0.216287
279 0.215649
280 0.21493
281 0.214212
282 0.213174
283 0.211896
284 0.211337
285 0.21014
286 0.209581
287 0.209182
288 0.208383
289 0.207425
290 0.206786
291 0.206387
292 0.205908
293 0.20495
294 0.204471
295 0.203593
296 0.202715
297 0.201996
298 0.201677
299 0.200639
300 0.19976
301 0.198962
302 0.198164
303 0.197285
304 0.196248
305 0.195609
306 0.19489
307 0.194331
308 0.193852
309 0.193054
310 0.192495
311 0.191856
312 0.191058
313 0.190818
314 0.190339
315 0.189301
316 0.188743
317 0.188263
318 0.187545
319 0.187226
320 0.186986
321 0.186267
322 0.185629
323 0.18483
324 0.184112
325 0.183393
326 0.182515
327 0.181477
328 0.180758
329 0.1802
330 0.179721
331 0.179162
332 0.178683
333 0.178124
334 0.177565
335 0.176926
336 0.176607
337 0.175968
338 0.175649
339 0.17517
340 0.17485
341 0.174371
342 0.173653
343 0.173174
344 0.172535
345 0.172136
346 0.171178
347 0.170699
348 0.17014
349 0.169581
350 0.169102
351 0.168782
352 0.168703
353 0.167904
354 0.167186
355 0.166387
356 0.166148
357 0.165669
358 0.16495
359 0.164391
360 0.164072
361 0.163513
362 0.163034
363 0.162315
364 0.161517
365 0.161038
366 0.16016
367 0.159601
368 0.159042
369 0.158084
370 0.157525
371 0.156647
372 0.155928
373 0.155289
374 0.154491
375 0.154252
376 0.153772
377 0.153453
378 0.152974
379 0.152655
380 0.152176
381 0.151856
382 0.151377
383 0.150978
384 0.1501
385 0.149701
386 0.149301
387 0.148982
388 0.148663
389 0.148104
390 0.147545
391 0.146906
392 0.146507
393 0.146267
394 0.145788
395 0.14523
396 0.144591
397 0.144032
398 0.143234
399 0.142834
400 0.141956
401 0.141557
402 0.140918
403 0.140519
404 0.1402
405 0.1398
406 0.139561
407 0.138922
408 0.138683
409 0.138044
410 0.137645
411 0.137246
412 0.136687
413 0.136287
414 0.135888
415 0.135489
416 0.13517
417 0.134611
418 0.134132
419 0.134132
420 0.133812
421 0.133333
422 0.132615
423 0.132295
424 0.131976
425 0.131417
426 0.131257
427 0.130619
428 0.130299
429 0.13014
430 0.1299
431 0.129661
432 0.128782
433 0.128463
434 0.128144
435 0.127585
436 0.127186
437 0.126467
438 0.126068
439 0.125429
440 0.124711
441 0.124311
442 0.123912
443 0.123673
444 0.123433
445 0.122954
446 0.122954
447 0.122635
448 0.121996
449 0.121437
450 0.121198
451 0.120878
452 0.120319
453 0.12008
454 0.119601
455 0.119361
456 0.119202
457 0.118403
458 0.117924
459 0.117525
460 0.116806
461 0.116168
462 0.115768
463 0.115289
464 0.11505
465 0.114571
466 0.114331
467 0.113693
468 0.113214
469 0.113134
470 0.112974
471 0.112575
472 0.112255
473 0.111776
474 0.111457
475 0.111058
476 0.110499
477 0.11018
478 0.10978
479 0.109621
480 0.109461
481 0.108982
482 0.108743
483 0.108184
484 0.107864
485 0.107784
486 0.107305
487 0.107226
488 0.107066
489 0.106587
490 0.106507
491 0.106028
492 0.105709
493 0.105309
494 0.10483
495 0.104431
496 0.104112
497 0.103792
498 0.103713
499 0.103154
500 0.102834
501 0.102435
502 0.102116
503 0.101876
504 0.101397
505 0.100998
506 0.100359
507 0.10004
508 0.0996407
509 0.0992415
510 0.0988423
511 0.0986826
512 0.098523
513 0.0980439
514 0.0978044
515 0.0975649
516 0.0973253
517 0.097006
518 0.0967665
519 0.0965269
520 0.0960479
521 0.0959681
522 0.0958084
523 0.0954092
524 0.0952495
525 0.0949301
526 0.0946906
527 0.0942116
528 0.0939721
529 0.0937325
530 0.093493
531 0.0933333
532 0.093014
533 0.093014
534 0.0925349
535 0.0923752
536 0.091976
537 0.0914172
538 0.0910978
539 0.0908583
540 0.0907784
541 0.0903792
542 0.0902994
543 0.0898204
544 0.0897405
545 0.0891018
546 0.089022
547 0.089022
548 0.0889421
549 0.0885429
550 0.0883034
551 0.0877445
552 0.087505
553 0.0872655
554 0.0871856
555 0.0867864
556 0.0865469
557 0.0862275
558 0.0860679
559 0.0859082
560 0.0857485
561 0.0854291
562 0.0852695
563 0.0847106
564 0.0845509
565 0.0844711
566 0.0840719
567 0.0839122
568 0.083513
569 0.0833533
570 0.0830339
571 0.0825549
572 0.0822355
573 0.0818363
574 0.0811976
575 0.0810379
576 0.0809581
577 0.0806387
578 0.0805589
579 0.0802395
580 0.0799202
581 0.079521
582 0.0792814
583 0.0791218
584 0.0790419
585 0.0790419
586 0.0787226
587 0.0786427
588 0.0783234
589 0.0781637
590 0.078004
591 0.0777645
592 0.077525
593 0.0769661
594 0.0765669
595 0.0761677
596 0.0758483
597 0.0755289
598 0.0752096
599 0.0749701
600 0.0748104
601 0.0743313
602 0.0740918
603 0.0739321
604 0.0737725
605 0.0736926
606 0.0734531
607 0.0733733
608 0.0731337
609 0.0726547
610 0.0720958
611 0.072016
612 0.0718563
613 0.0714571
614 0.0712974
615 0.0712176
616 0.070978
617 0.0708184
618 0.0706587
619 0.0704192
620 0.07002
621 0.0699401
622 0.0697804
623 0.0693014
624 0.0691417
625 0.068982
626 0.0688224
627 0.068503
628 0.0683433
629 0.0681038
630 0.0679441
631 0.0677046
632 0.0673852
633 0.0672255
634 0.0670659
635 0.0665868
636 0.0664271
637 0.0663473
638 0.0660279
639 0.0655489
640 0.0652295
641 0.0651497
642 0.06499
643 0.0646707
644 0.0643513
645 0.0641118
646 0.0637126
647 0.0635529
648 0.0633134
649 0.0630739
650 0.0626746
651 0.062515
652 0.0622755
653 0.0620359
654 0.0617964
655 0.061477
656 0.0612375
657 0.060998
658 0.0609182
659 0.0606786
660 0.0602794
661 0.0601996
662 0.0601996
663 0.0600399
664 0.0598802
665 0.0595609
666 0.0594012
667 0.0591617
668 0.0591617
669 0.0589222
670 0.0588423
671 0.0586826
672 0.0584431
673 0.0584431
674 0.0582834
675 0.0582036
676 0.0579641
677 0.0577246
678 0.0574052
679 0.0571657
680 0.057006
681 0.0569261
682 0.0566866
683 0.0566068
684 0.0562874
685 0.0562076
686 0.0559681
687 0.0558084
688 0.0555689
689 0.0554092
690 0.0553293
691 0.0551697
692 0.0548503
693 0.0546108
694 0.0541317
695 0.0541317
696 0.0541317
697 0.0538922
698 0.0537325
699 0.053493
700 0.0533333
701 0.0532535
702 0.0531737
703 0.0530938
704 0.0526946
705 0.0523752
706 0.0522156
707 0.0520559
708 0.0518164
709 0.0517365
710 0.0515768
711 0.051497
712 0.0514172
713 0.0513373
714 0.0511776
715 0.0510978
716 0.0509381
717 0.0507784
718 0.0506188
719 0.0502994
720 0.0500599
721 0.0498204
722 0.0494212
723 0.0493413
724 0.0491018
725 0.0491018
726 0.049022
727 0.0488623
728 0.0487026
729 0.0485429
730 0.0484631
731 0.0482236
732 0.0480639
733 0.047984
734 0.047984
735 0.0478244
736 0.0477445
737 0.0476647
738 0.0475848
739 0.0474252
740 0.0470259
741 0.0467864
742 0.0467066
743 0.0465469
744 0.0462275
745 0.0461477
746 0.0458283
747 0.0456687
748 0.045509
749 0.0452695
750 0.0452695
751 0.0450299
752 0.0449501
753 0.0444711
754 0.0443912
755 0.0441517
756 0.0437525
757 0.043513
758 0.0434331
759 0.0431936
760 0.0431138
761 0.0430339
762 0.0429541
763 0.0428743
764 0.0426347
765 0.0426347
766 0.0425549
767 0.042475
768 0.0423154
769 0.0422355
770 0.0421557
771 0.0420759
772 0.041996
773 0.041996
774 0.0418363
775 0.0417565
776 0.041517
777 0.0412774
778 0.0411976
779 0.0411976
780 0.0411976
781 0.0411976
782 0.0411178
783 0.0411178
784 0.0410379
785 0.0410379
786 0.0410379
787 0.0410379
788 0.0409581
789 0.0407984
790 0.0407186
791 0.0405589
792 0.040479
793 0.0403992
794 0.0402395
795 0.0401597
796 0.04
797 0.0399202
798 0.0396008
799 0.0396008
800 0.0393613
801 0.0392814
802 0.0392016
803 0.0392016
804 0.0392016
805 0.0390419
806 0.0389621
807 0.0388822
808 0.0388024
809 0.0388024
810 0.0388024
811 0.0387226
812 0.0386427
813 0.0383234
814 0.0382435
815 0.0381637
816 0.0380838
817 0.038004
818 0.0379242
819 0.0376846
820 0.0376048
821 0.0373653
822 0.0371257
823 0.0370459
824 0.0370459
825 0.0370459
826 0.0368064
827 0.0368064
828 0.0365669
829 0.0363273
830 0.0362475
831 0.0361677
832 0.0359281
833 0.0359281
834 0.0359281
835 0.0359281
836 0.0359281
837 0.0359281
838 0.0359281
839 0.0359281
840 0.0358483
841 0.0358483
842 0.0358483
843 0.0357685
844 0.0356088
845 0.0354491
846 0.0352894
847 0.0352096
848 0.0351297
849 0.0351297
850 0.0350499
851 0.0350499
852 0.0348902
853 0.0347305
854 0.0346507
855 0.0346507
856 0.0346507
857 0.0345709
858 0.0344112
859 0.0344112
860 0.0342515
861 0.034012
862 0.034012
863 0.0338523
864 0.0337725
865 0.0336128
866 0.0336128
867 0.0335329
868 0.0335329
869 0.0335329
870 0.0334531
871 0.0331337
872 0.0331337
873 0.0328942
874 0.0328942
875 0.0328942
876 0.0328942
877 0.0328144
878 0.0328144
879 0.0327345
880 0.0326547
881 0.032495
882 0.0324152
883 0.0324152
884 0.0322555
885 0.0319361
886 0.0318563
887 0.0317764
888 0.0316966
889 0.0316168
890 0.0314571
891 0.0313772
892 0.0311377
893 0.0310579
894 0.0310579
895 0.030978
896 0.030978
897 0.0308982
898 0.0308982
899 0.0308982
900 0.0306587
901 0.0306587
902 0.0305788
903 0.030499
904 0.0304192
905 0.0304192
906 0.0303393
907 0.0302595
908 0.0300998
909 0.0299401
910 0.0299401
911 0.0297006
912 0.0297006
913 0.0296208
914 0.0296208
915 0.0295409
916 0.0295409
917 0.0293812
918 0.0293014
919 0.0293014
920 0.0292216
921 0.0291417
922 0.0291417
923 0.028982
924 0.0288224
925 0.0288224
926 0.0286627
927 0.0286627
928 0.0285828
929 0.028503
930 0.0282635
931 0.0281836
932 0.028024
933 0.0278643
934 0.0278643
935 0.0278643
936 0.0278643
937 0.0277844
938 0.0276248
939 0.0275449
940 0.0273852
941 0.0273054
942 0.0271457
943 0.0270659
944 0.0268263
945 0.0268263
946 0.0268263
947 0.0267465
948 0.0265868
949 0.026507
950 0.0264271
951 0.0263473
952 0.0263473
953 0.0263473
954 0.0263473
955 0.0263473
956 0.0261876
957 0.0261876
958 0.0260279
959 0.0258683
960 0.0257884
961 0.0253892
962 0.0253094
963 0.0251497
964 0.0251497
965 0.0250699
966 0.0250699
967 0.0250699
968 0.02499
969 0.02499
970 0.02499
971 0.02499
972 0.0248303
973 0.0248303
974 0.0247505
975 0.024511
976 0.024511
977 0.024511
978 0.0242715
979 0.0242715
980 0.0241916
981 0.0241916
982 0.0241916
983 0.0241916
984 0.0241916
985 0.0240319
986 0.0240319
987 0.0240319
988 0.0240319
989 0.0240319
990 0.0240319
991 0.0238723
992 0.0237924
993 0.0237924
994 0.0236327
995 0.0236327
996 0.0234731
997 0.0233932
998 0.0231537
999 0.0231537
1000 0.0231537
1001 0.0230739
1002 0.022994
1003 0.022994
1004 0.0229142
1005 0.0229142
1006 0.0229142
1007 0.0228343
1008 0.0228343
1009 0.0228343
1010 0.0228343
1011 0.0228343
1012 0.0227545
1013 0.0227545
1014 0.0227545
1015 0.0227545
1016 0.0226746
1017 0.022515
1018 0.0222754
1019 0.0222754
1020 0.0222754
1021 0.0222754
1022 0.0221956
1023 0.0221158
1024 0.0221158
1025 0.0220359
1026 0.0219561
1027 0.0217964
1028 0.0217964
1029 0.0217964
1030 0.0217964
1031 0.0217964
1032 0.0217964
1033 0.0215569
1034 0.021477
1035 0.021477
1036 0.0213972
1037 0.0213972
1038 0.0213972
1039 0.0213174
1040 0.0213174
1041 0.0213174
1042 0.0211577
1043 0.020998
1044 0.0207585
1045 0.0206786
1046 0.0205988
1047 0.020519
1048 0.0203593
1049 0.0203593
1050 0.0201996
1051 0.0201996
1052 0.0201996
1053 0.0201996
1054 0.0201996
1055 0.0201996
1056 0.0201198
1057 0.0201198
1058 0.0201198
1059 0.0198802
1060 0.0198004
1061 0.0197206
1062 0.0196407
1063 0.0196407
1064 0.0196407
1065 0.0195609
1066 0.019481
1067 0.0193214
1068 0.0193214
1069 0.0193214
1070 0.0192415
1071 0.0192415
1072 0.0191617
1073 0.0191617
1074 0.0190818
1075 0.019002
1076 0.0189222
1077 0.0189222
1078 0.0188423
1079 0.0187625
1080 0.018523
1081 0.0184431
1082 0.0183633
1083 0.0182036
1084 0.0182036
1085 0.0180439
1086 0.0180439
1087 0.0180439
1088 0.0179641
1089 0.0179641
1090 0.0176447
1091 0.0176447
1092 0.0176447
1093 0.0175649
1094 0.0174052
1095 0.0172455
1096 0.0172455
1097 0.0172455
1098 0.0172455
1099 0.0172455
1100 0.0171657
1101 0.0171657
1102 0.0171657
1103 0.017006
1104 0.017006
1105 0.017006
1106 0.017006
1107 0.017006
1108 0.0169261
1109 0.0168463
1110 0.0168463
1111 0.0167665
1112 0.0167665
1113 0.0167665
1114 0.0167665
1115 0.0166866
1116 0.0166866
1117 0.0165269
1118 0.0164471
1119 0.0164471
1120 0.0163673
1121 0.0163673
1122 0.0162874
1123 0.0162874
1124 0.0162874
1125 0.0162076
1126 0.0162076
1127 0.0162076
1128 0.0159681
1129 0.0157285
1130 0.0156487
1131 0.0155689
1132 0.0154092
1133 0.0154092
1134 0.0154092
1135 0.0154092
1136 0.0152495
1137 0.0152495
1138 0.0151697
1139 0.0150898
1140 0.0150898
1141 0.0150898
1142 0.0150898
1143 0.01501
1144 0.01501
1145 0.01501
1146 0.0149301
1147 0.0148503
1148 0.0148503
1149 0.0148503
1150 0.0148503
1151 0.0148503
1152 0.0147705
1153 0.0147705
1154 0.0146906
1155 0.0146906
1156 0.0146906
1157 0.0144511
1158 0.0144511
1159 0.0143713
1160 0.0142914
1161 0.0142116
1162 0.0142116
1163 0.0141317
1164 0.0140519
1165 0.0140519
1166 0.0139721
1167 0.0139721
1168 0.0139721
1169 0.0139721
1170 0.0139721
1171 0.0139721
1172 0.0138922
1173 0.0138124
1174 0.0137325
1175 0.0137325
1176 0.0137325
1177 0.0136527
1178 0.0136527
1179 0.0136527
1180 0.013493
1181 0.0134132
1182 0.0134132
1183 0.0132535
1184 0.0132535
1185 0.013014
1186 0.0129341
1187 0.0129341
1188 0.0128543
1189 0.0128543
1190 0.0128543
1191 0.0126946
1192 0.0126946
1193 0.0124551
1194 0.0124551
1195 0.0124551
1196 0.0124551
1197 0.0124551
1198 0.0124551
1199 0.0122954
1200 0.0122954
1201 0.0122954
1202 0.0122156
1203 0.0122156
1204 0.0122156
1205 0.0121357
1206 0.0121357
1207 0.0121357
1208 0.0118962
1209 0.0118164
1210 0.0118164
1211 0.0118164
1212 0.0118164
1213 0.0118164
1214 0.0117365
1215 0.0117365
1216 0.0116567
1217 0.0116567
1218 0.0116567
1219 0.0115768
1220 0.0115768
1221 0.0113373
1222 0.0112575
1223 0.0111776
1224 0.0110978
1225 0.011018
1226 0.011018
1227 0.0109381
1228 0.0109381
1229 0.0108583
1230 0.0107784
1231 0.0107784
1232 0.0106986
1233 0.0106986
1234 0.0104591
1235 0.0103792
1236 0.0103792
1237 0.0103792
1238 0.0103792
1239 0.0103792
1240 0.0103792
1241 0.0102994
1242 0.0102196
1243 0.0101397
1244 0.0100599
1245 0.00998004
1246 0.0099002
1247 0.0099002
1248 0.0099002
1249 0.00982036
1250 0.00966068
1251 0.00966068
1252 0.00966068
1253 0.00966068
1254 0.00958084
1255 0.009501
1256 0.00942116
1257 0.00942116
1258 0.00942116
1259 0.00942116
1260 0.00942116
1261 0.00942116
1262 0.00942116
1263 0.00926148
1264 0.00926148
1265 0.00926148
1266 0.00918164
1267 0.00918164
1268 0.00918164
1269 0.0091018
1270 0.0091018
1271 0.0091018
1272 0.0091018
1273 0.00902196
1274 0.00902196
1275 0.00902196
1276 0.00902196
1277 0.00902196
1278 0.00902196
1279 0.00894212
1280 0.00886228
1281 0.00878244
1282 0.00870259
1283 0.00870259
1284 0.00870259
1285 0.00870259
1286 0.00870259
1287 0.00862275
1288 0.00862275
1289 0.00846307
1290 0.00846307
1291 0.00846307
1292 0.00846307
1293 0.00846307
1294 0.00846307
1295 0.00846307
1296 0.00846307
1297 0.00846307
1298 0.00838323
1299 0.00822355
1300 0.00822355
1301 0.00822355
1302 0.00822355
1303 0.00822355
1304 0.00822355
1305 0.00822355
1306 0.00822355
1307 0.00822355
1308 0.00822355
1309 0.00822355
1310 0.00822355
1311 0.00822355
1312 0.00806387
1313 0.00806387
1314 0.00806387
1315 0.00798403
1316 0.00798403
1317 0.00798403
1318 0.00798403
1319 0.00798403
1320 0.00790419
1321 0.00790419
1322 0.00790419
1323 0.00790419
1324 0.00790419
1325 0.00782435
1326 0.00782435
1327 0.00782435
1328 0.00774451
1329 0.00774451
1330 0.00758483
1331 0.00742515
1332 0.00734531
1333 0.00734531
1334 0.00734531
1335 0.00726547
1336 0.00726547
1337 0.00726547
1338 0.00726547
1339 0.00718563
1340 0.00718563
1341 0.00718563
1342 0.00718563
1343 0.00718563
1344 0.00718563
1345 0.00718563
1346 0.00718563
1347 0.00718563
1348 0.00718563
1349 0.00718563
1350 0.00718563
1351 0.00718563
1352 0.00718563
1353 0.00718563
1354 0.00718563
1355 0.00718563
1356 0.00718563
1357 0.00718563
1358 0.00718563
1359 0.00718563
1360 0.00718563
1361 0.00718563
1362 0.00718563
1363 0.00718563
1364 0.00718563
1365 0.00718563
1366 0.00718563
1367 0.00718563
1368 0.00718563
1369 0.00718563
1370 0.00718563
1371 0.00718563
1372 0.00710579
1373 0.00694611
1374 0.00694611
1375 0.00694611
1376 0.00686627
1377 0.00678643
1378 0.00678643
1379 0.00678643
1380 0.00678643
1381 0.00678643
1382 0.00678643
1383 0.00678643
1384 0.00678643
1385 0.00678643
1386 0.00670659
1387 0.00670659
1388 0.00670659
1389 0.00670659
1390 0.00670659
1391 0.00670659
1392 0.00670659
1393 0.00670659
1394 0.00670659
1395 0.00670659
1396 0.00670659
1397 0.00662675
1398 0.00662675
1399 0.00662675
1400 0.00662675
1401 0.00662675
1402 0.00654691
1403 0.00654691
1404 0.00654691
1405 0.00654691
1406 0.00654691
1407 0.00646707
1408 0.00646707
1409 0.00646707
1410 0.00638723
1411 0.00638723
1412 0.00638723
1413 0.00638723
1414 0.00638723
1415 0.00638723
1416 0.00638723
1417 0.00638723
1418 0.00638723
1419 0.00638723
1420 0.00638723
1421 0.00638723
1422 0.00638723
1423 0.00630739
1424 0.00630739
1425 0.00630739
1426 0.00622754
1427 0.0061477
1428 0.00606786
1429 0.00598802
1430 0.00582834
1431 0.00582834
1432 0.00582834
1433 0.00582834
1434 0.00582834
1435 0.00582834
1436 0.00582834
1437 0.0057485
1438 0.0057485
1439 0.0057485
1440 0.0057485
1441 0.0057485
1442 0.0057485
1443 0.0057485
1444 0.0057485
1445 0.00566866
1446 0.00566866
1447 0.00566866
1448 0.00566866
1449 0.00566866
1450 0.00566866
1451 0.00558882
1452 0.00550898
1453 0.00550898
1454 0.00542914
1455 0.00542914
1456 0.00542914
1457 0.00542914
1458 0.00542914
1459 0.00542914
1460 0.00542914
1461 0.00542914
1462 0.00542914
1463 0.00542914
1464 0.00542914
1465 0.00542914
1466 0.0053493
1467 0.0053493
1468 0.0053493
1469 0.0053493
1470 0.0053493
1471 0.0053493
1472 0.00518962
1473 0.00518962
1474 0.00518962
1475 0.00518962
1476 0.00518962
1477 0.00518962
1478 0.00518962
1479 0.00518962
1480 0.00518962
1481 0.00518962
1482 0.00518962
1483 0.00518962
1484 0.00518962
1485 0.00502994
1486 0.00502994
1487 0.00502994
1488 0.00502994
1489 0.00502994
1490 0.0049501
1491 0.00487026
1492 0.00487026
1493 0.00487026
1494 0.00487026
1495 0.00487026
1496 0.00487026
1497 0.00487026
1498 0.00479042
1499 0.00471058
1500 0.00471058
1501 0.00471058
1502 0.00471058
1503 0.00471058
1504 0.00471058
1505 0.00471058
1506 0.00471058
1507 0.00471058
1508 0.00471058
1509 0.00471058
1510 0.00471058
1511 0.00471058
1512 0.00471058
1513 0.00471058
1514 0.00471058
1515 0.00471058
1516 0.00471058
1517 0.00463074
1518 0.00463074
1519 0.00463074
1520 0.00463074
1521 0.00463074
1522 0.00463074
1523 0.00463074
1524 0.00463074
1525 0.0045509
1526 0.0045509
1527 0.0045509
1528 0.0045509
1529 0.0045509
1530 0.0045509
1531 0.0045509
1532 0.0045509
1533 0.0045509
1534 0.0045509
1535 0.0045509
1536 0.0045509
1537 0.0045509
1538 0.00447106
1539 0.00447106
1540 0.00447106
1541 0.00447106
1542 0.00447106
1543 0.00447106
1544 0.00447106
1545 0.00447106
1546 0.00439122
1547 0.00439122
1548 0.00439122
1549 0.00439122
1550 0.00439122
1551 0.00439122
1552 0.00439122
1553 0.00439122
1554 0.00439122
1555 0.00439122
1556 0.00439122
1557 0.00431138
1558 0.00431138
1559 0.00431138
1560 0.00423154
1561 0.00423154
1562 0.00423154
1563 0.00423154
1564 0.00423154
1565 0.00423154
1566 0.00423154
1567 0.00423154
1568 0.00423154
1569 0.00423154
1570 0.00423154
1571 0.0041517
1572 0.0041517
1573 0.0041517
1574 0.0041517
1575 0.0041517
1576 0.0041517
1577 0.0041517
1578 0.0041517
1579 0.0041517
1580 0.0041517
1581 0.0041517
1582 0.00407186
1583 0.00407186
1584 0.00407186
1585 0.00407186
1586 0.00407186
1587 0.00407186
1588 0.00407186
1589 0.00407186
1590 0.00407186
1591 0.00407186
1592 0.00407186
1593 0.00407186
1594 0.00407186
1595 0.00407186
1596 0.00407186
1597 0.00407186
1598 0.00407186
1599 0.00399202
1600 0.00399202
1601 0.00399202
1602 0.00399202
1603 0.00399202
1604 0.00399202
1605 0.00399202
1606 0.00399202
1607 0.00399202
1608 0.00399202
1609 0.00399202
1610 0.00399202
1611 0.00391218
1612 0.00383234
1613 0.00383234
1614 0.00383234
1615 0.00383234
1616 0.00383234
1617 0.00383234
1618 0.00375249
1619 0.00375249
1620 0.00375249
1621 0.00375249
1622 0.00375249
1623 0.00375249
1624 0.00375249
1625 0.00375249
1626 0.00375249
1627 0.00375249
1628 0.00375249
1629 0.00375249
1630 0.00375249
1631 0.00367265
1632 0.00367265
1633 0.00367265
1634 0.00367265
1635 0.00367265
1636 0.00367265
1637 0.00367265
1638 0.00367265
1639 0.00367265
1640 0.00359281
1641 0.00359281
1642 0.00359281
1643 0.00359281
1644 0.00351297
1645 0.00351297
1646 0.00343313
1647 0.00343313
1648 0.00343313
1649 0.00343313
1650 0.00343313
1651 0.00343313
1652 0.00343313
1653 0.00343313
1654 0.00335329
1655 0.00335329
1656 0.00335329
1657 0.00335329
1658 0.00327345
1659 0.00327345
1660 0.00327345
1661 0.00327345
1662 0.00327345
1663 0.00327345
1664 0.00327345
1665 0.00327345
1666 0.00327345
1667 0.00327345
1668 0.00327345
1669 0.00327345
1670 0.00327345
1671 0.00327345
1672 0.00327345
1673 0.00327345
1674 0.00319361
1675 0.00319361
1676 0.00319361
1677 0.00319361
1678 0.00319361
1679 0.00319361
1680 0.00319361
1681 0.00319361
1682 0.00319361
1683 0.00311377
1684 0.00311377
1685 0.00311377
1686 0.00311377
1687 0.00303393
1688 0.00303393
1689 0.00303393
1690 0.00303393
1691 0.00303393
1692 0.00303393
1693 0.00295409
1694 0.00295409
1695 0.00295409
1696 0.00287425
1697 0.00287425
1698 0.00287425
1699 0.00279441
1700 0.00279441
1701 0.00279441
1702 0.00279441
1703 0.00279441
1704 0.00279441
1705 0.00279441
1706 0.00279441
1707 0.00279441
1708 0.00279441
1709 0.00271457
1710 0.00271457
1711 0.00271457
1712 0.00271457
1713 0.00271457
1714 0.00263473
1715 0.00263473
1716 0.00263473
1717 0.00263473
1718 0.00263473
1719 0.00263473
1720 0.00263473
1721 0.00263473
1722 0.00263473
1723 0.00255489
1724 0.00255489
1725 0.00255489
1726 0.00255489
1727 0.00255489
1728 0.00255489
1729 0.00255489
1730 0.00255489
1731 0.00247505
1732 0.00239521
1733 0.00239521
1734 0.00239521
1735 0.00239521
1736 0.00239521
1737 0.00239521
1738 0.00239521
1739 0.00239521
1740 0.00239521
1741 0.00239521
1742 0.00239521
1743 0.00239521
1744 0.00239521
1745 0.00239521
1746 0.00239521
1747 0.00239521
1748 0.00239521
1749 0.00239521
1750 0.00239521
1751 0.00239521
1752 0.00239521
1753 0.00239521
1754 0.00239521
1755 0.00239521
1756 0.00239521
1757 0.00239521
1758 0.00239521
1759 0.00239521
1760 0.00231537
1761 0.00231537
1762 0.00231537
1763 0.00231537
1764 0.00231537
1765 0.00231537
1766 0.00231537
1767 0.00231537
1768 0.00231537
1769 0.00231537
1770 0.00223553
1771 0.00215569
1772 0.00215569
1773 0.00215569
1774 0.00215569
1775 0.00215569
1776 0.00215569
1777 0.00207585
1778 0.00207585
1779 0.00207585
1780 0.00207585
1781 0.00207585
1782 0.00207585
1783 0.00207585
1784 0.00207585
1785 0.00207585
1786 0.00207585
1787 0.00207585
1788 0.00207585
1789 0.00207585
1790 0.00199601
1791 0.00199601
1792 0.00199601
1793 0.00199601
1794 0.00199601
1795 0.00199601
1796 0.00199601
1797 0.00199601
1798 0.00199601
1799 0.00199601
1800 0.00199601
1801 0.00199601
1802 0.00199601
1803 0.00191617
1804 0.00191617
1805 0.00191617
1806 0.00191617
1807 0.00191617
1808 0.00191617
1809 0.00191617
1810 0.00191617
1811 0.00191617
1812 0.00191617
1813 0.00191617
1814 0.00191617
1815 0.00191617
1816 0.00191617
1817 0.00191617
1818 0.00191617
1819 0.00191617
1820 0.00191617
1821 0.00191617
1822 0.00191617
1823 0.00191617
1824 0.00191617
1825 0.00191617
1826 0.00191617
1827 0.00183633
1828 0.00175649
1829 0.00175649
1830 0.00175649
1831 0.00175649
1832 0.00175649
1833 0.00175649
1834 0.00175649
1835 0.00167665
1836 0.00167665
1837 0.00159681
1838 0.00159681
1839 0.00159681
1840 0.00159681
1841 0.00159681
1842 0.00159681
1843 0.00159681
1844 0.00159681
1845 0.00159681
1846 0.00159681
1847 0.00159681
1848 0.00159681
1849 0.00159681
1850 0.00159681
1851 0.00159681
1852 0.00159681
1853 0.00159681
1854 0.00151697
1855 0.00151697
1856 0.00151697
1857 0.00151697
1858 0.00151697
1859 0.00151697
1860 0.00151697
1861 0.00151697
1862 0.00143713
1863 0.00143713
1864 0.00143713
1865 0.00143713
1866 0.00143713
1867 0.00143713
1868 0.00143713
1869 0.00135729
1870 0.00135729
1871 0.00135729
1872 0.00135729
1873 0.00135729
1874 0.00135729
1875 0.00135729
1876 0.00135729
1877 0.00135729
1878 0.00135729
1879 0.00135729
1880 0.00135729
1881 0.00135729
1882 0.00135729
1883 0.00135729
1884 0.00135729
1885 0.00135729
1886 0.00135729
1887 0.00135729
1888 0.00135729
1889 0.00135729
1890 0.00135729
1891 0.00135729
1892 0.00135729
1893 0.00135729
1894 0.00135729
1895 0.00135729
1896 0.00135729
1897 0.00135729
1898 0.00135729
1899 0.00135729
1900 0.00135729
1901 0.00135729
1902 0.00135729
1903 0.00135729
1904 0.00135729
1905 0.00135729
1906 0.00135729
1907 0.00135729
1908 0.00135729
1909 0.00127745
1910 0.00127745
1911 0.00127745
1912 0.00127745
1913 0.00127745
1914 0.00127745
1915 0.00127745
1916 0.00127745
1917 0.00127745
1918 0.00127745
1919 0.00127745
1920 0.00127745
1921 0.00127745
1922 0.00127745
1923 0.00127745
1924 0.00127745
1925 0.00127745
1926 0.00127745
1927 0.00127745
1928 0.00127745
1929 0.00127745
1930 0.00127745
1931 0.00127745
1932 0.00127745
1933 0.00127745
1934 0.00127745
1935 0.00127745
1936 0.00127745
1937 0.00127745
1938 0.00127745
1939 0.00127745
1940 0.00127745
1941 0.00127745
1942 0.00127745
1943 0.00127745
1944 0.00127745
1945 0.00127745
1946 0.0011976
1947 0.0011976
1948 0.0011976
1949 0.0011976
1950 0.0011976
1951 0.0011976
1952 0.0011976
1953 0.0011976
1954 0.0011976
1955 0.0011976
1956 0.0011976
1957 0.0011976
1958 0.0011976
1959 0.0011976
1960 0.0011976
1961 0.0011976
1962 0.0011976
1963 0.0011976
1964 0.0011976
1965 0.0011976
1966 0.0011976
1967 0.0011976
1968 0.0011976
1969 0.0011976
1970 0.0011976
1971 0.0011976
1972 0.0011976
1973 0.0011976
1974 0.0011976
1975 0.0011976
1976 0.0011976
1977 0.0011976
1978 0.0011976
1979 0.0011976
1980 0.0011976
1981 0.0011976
1982 0.0011976
1983 0.0011976
1984 0.0011976
1985 0.0011976
1986 0.0011976
1987 0.0011976
1988 0.0011976
1989 0.0011976
1990 0.0011976
1991 0.0011976
1992 0.00111776
1993 0.00111776
1994 0.00111776
1995 0.00111776
1996 0.00111776
1997 0.00111776
1998 0.00111776
1999 0.00111776
2000 0.00111776
2001 0.00111776
2002 0.00111776
2003 0.00111776
2004 0.00111776
2005 0.00111776
2006 0.00111776
2007 0.00111776
2008 0.00111776
2009 0.00111776
2010 0.00111776
2011 0.00111776
2012 0.00111776
2013 0.00111776
2014 0.00111776
2015 0.00111776
2016 0.00111776
2017 0.00111776
2018 0.00111776
2019 0.00111776
2020 0.00111776
2021 0.00111776
2022 0.00111776
2023 0.00111776
2024 0.00111776
2025 0.00111776
2026 0.00111776
2027 0.00111776
2028 0.00111776
2029 0.00111776
2030 0.00111776
2031 0.00111776
2032 0.00111776
2033 0.00111776
2034 0.00111776
2035 0.00111776
2036 0.00111776
2037 0.00111776
2038 0.00111776
2039 0.00111776
2040 0.00111776
2041 0.00111776
2042 0.00111776
2043 0.00111776
2044 0.00111776
2045 0.00111776
2046 0.00111776
2047 0.00111776
2048 0.00111776
2049 0.00111776
2050 0.00111776
2051 0.00111776
2052 0.00111776
2053 0.00111776
2054 0.00111776
2055 0.00111776
2056 0.00111776
2057 0.00111776
2058 0.00111776
2059 0.00111776
2060 0.00111776
2061 0.00111776
2062 0.00111776
2063 0.00111776
2064 0.00111776
2065 0.00111776
2066 0.00103792
2067 0.00103792
2068 0.00103792
2069 0.00103792
2070 0.000958084
2071 0.000958084
2072 0.000958084
2073 0.000958084
2074 0.000958084
2075 0.000958084
2076 0.000958084
2077 0.000958084
2078 0.000958084
2079 0.000958084
2080 0.000958084
2081 0.000958084
2082 0.000958084
2083 0.000958084
2084 0.000958084
2085 0.000958084
2086 0.000958084
2087 0.000958084
2088 0.000958084
2089 0.000958084
2090 0.000958084
2091 0.000958084
2092 0.000958084
2093 0.000958084
2094 0.000958084
2095 0.000958084
2096 0.000878244
2097 0.000878244
2098 0.000878244
2099 0.000878244
2100 0.000878244
2101 0.000878244
2102 0.000878244
2103 0.000878244
2104 0.000878244
2105 0.000878244
2106 0.000878244
2107 0.000878244
2108 0.000878244
2109 0.000878244
2110 0.000878244
2111 0.000878244
2112 0.000878244
2113 0.000878244
2114 0.000878244
2115 0.000878244
2116 0.000878244
2117 0.000878244
2118 0.000878244
2119 0.000878244
2120 0.000878244
2121 0.000878244
2122 0.000878244
2123 0.000878244
2124 0.000878244
2125 0.000878244
2126 0.000878244
2127 0.000878244
2128 0.000878244
2129 0.000878244
2130 0.000878244
2131 0.000878244
2132 0.000878244
2133 0.000798403
2134 0.000798403
2135 0.000798403
2136 0.000798403
2137 0.000798403
2138 0.000798403
2139 0.000798403
2140 0.000798403
2141 0.000798403
2142 0.000798403
2143 0.000798403
2144 0.000798403
2145 0.000798403
2146 0.000798403
2147 0.000798403
2148 0.000798403
2149 0.000798403
2150 0.000798403
2151 0.000798403
2152 0.000798403
2153 0.000798403
2154 0.000798403
2155 0.000798403
2156 0.000798403
2157 0.000798403
2158 0.000798403
2159 0.000798403
2160 0.000798403
2161 0.000798403
2162 0.000798403
2163 0.000798403
2164 0.000798403
2165 0.000798403
2166 0.000798403
2167 0.000798403
2168 0.000798403
2169 0.000798403
2170 0.000798403
2171 0.000798403
2172 0.000798403
2173 0.000798403
2174 0.000798403
2175 0.000798403
2176 0.000798403
2177 0.000798403
2178 0.000798403
2179 0.000798403
2180 0.000798403
2181 0.000798403
2182 0.000798403
2183 0.000798403
2184 0.000798403
2185 0.000798403
2186 0.000798403
2187 0.000798403
2188 0.000798403
2189 0.000798403
2190 0.000798403
2191 0.000798403
2192 0.000798403
2193 0.000798403
2194 0.000798403
2195 0.000798403
2196 0.000718563
2197 0.000718563
2198 0.000718563
2199 0.000718563
2200 0.000718563
2201 0.000718563
2202 0.000718563
2203 0.000718563
2204 0.000718563
2205 0.000718563
2206 0.000718563
2207 0.000718563
2208 0.000718563
2209 0.000718563
2210 0.000718563
2211 0.000718563
2212 0.000718563
2213 0.000718563
2214 0.000718563
2215 0.000718563
2216 0.000718563
2217 0.000718563
2218 0.000718563
2219 0.000718563
2220 0.000718563
2221 0.000718563
2222 0.000718563
2223 0.000718563
2224 0.000718563
2225 0.000718563
2226 0.000718563
2227 0.000718563
2228 0.000718563
2229 0.000718563
2230 0.000718563
2231 0.000718563
2232 0.000718563
2233 0.000718563
2234 0.000718563
2235 0.000718563
2236 0.000718563
2237 0.000718563
2238 0.000718563
2239 0.000718563
2240 0.000718563
2241 0.000718563
2242 0.000718563
2243 0.000718563
2244 0.000718563
2245 0.000718563
2246 0.000638723
2247 0.000638723
2248 0.000638723
2249 0.000638723
2250 0.000638723
2251 0.000638723
2252 0.000638723
2253 0.000638723
2254 0.000638723
2255 0.000638723
2256 0.000638723
2257 0.000638723
2258 0.000638723
2259 0.000638723
2260 0.000638723
2261 0.000638723
2262 0.000638723
2263 0.000638723
2264 0.000638723
2265 0.000638723
2266 0.000638723
2267 0.000638723
2268 0.000638723
2269 0.000638723
2270 0.000638723
2271 0.000638723
2272 0.000638723
2273 0.000638723
2274 0.000638723
2275 0.000638723
2276 0.000638723
2277 0.000638723
2278 0.000638723
2279 0.000638723
2280 0.000638723
2281 0.000638723
2282 0.000638723
2283 0.000638723
2284 0.000638723
2285 0.000638723
2286 0.000638723
2287 0.000638723
2288 0.000638723
2289 0.000638723
2290 0.000638723
2291 0.000638723
2292 0.000638723
2293 0.000638723
2294 0.000638723
2295 0.000638723
2296 0.000638723
2297 0.000638723
2298 0.000638723
2299 0.000638723
2300 0.000638723
2301 0.000638723
2302 0.000638723
2303 0.000638723
2304 0.000638723
2305 0.000638723
2306 0.000638723
2307 0.000638723
2308 0.000638723
2309 0.000638723
2310 0.000638723
2311 0.000638723
2312 0.000638723
2313 0.000638723
2314 0.000638723
2315 0.000638723
2316 0.000638723
2317 0.000638723
2318 0.000638723
2319 0.000638723
2320 0.000638723
2321 0.000638723
2322 0.000638723
2323 0.000638723
2324 0.000638723
2325 0.000558882
2326 0.000558882
2327 0.000558882
2328 0.000558882
2329 0.000558882
2330 0.000558882
2331 0.000558882
2332 0.000558882
2333 0.000558882
2334 0.000558882
2335 0.000558882
2336 0.000558882
2337 0.000558882
2338 0.000558882
2339 0.000558882
2340 0.000558882
2341 0.000558882
2342 0.000558882
2343 0.000558882
2344 0.000558882
2345 0.000558882
2346 0.000558882
2347 0.000558882
2348 0.000558882
2349 0.000558882
2350 0.000558882
2351 0.000558882
2352 0.000558882
2353 0.000558882
2354 0.000558882
2355 0.000558882
2356 0.000558882
2357 0.000558882
2358 0.000558882
2359 0.000558882
2360 0.000558882
2361 0.000558882
2362 0.000558882
2363 0.000558882
2364 0.000558882
2365 0.000558882
2366 0.000558882
2367 0.000558882
2368 0.000558882
2369 0.000558882
2370 0.000558882
2371 0.000558882
2372 0.000558882
2373 0.000558882
2374 0.000558882
2375 0.000558882
2376 0.000558882
2377 0.000558882
2378 0.000558882
2379 0.000558882
2380 0.000558882
2381 0.000558882
2382 0.000558882
2383 0.000558882
2384 0.000558882
2385 0.000558882
2386 0.000558882
2387 0.000558882
2388 0.000558882
2389 0.000558882
2390 0.000558882
2391 0.000479042
2392 0.000479042
2393 0.000479042
2394 0.000479042
2395 0.000479042
2396 0.000479042
2397 0.000479042
2398 0.000479042
2399 0.000479042
2400 0.000479042
2401 0.000479042
2402 0.000479042
2403 0.000479042
2404 0.000479042
2405 0.000479042
2406 0.000479042
2407 0.000479042
2408 0.000479042
2409 0.000479042
2410 0.000479042
2411 0.000479042
2412 0.000479042
2413 0.000479042
2414 0.000479042
2415 0.000479042
2416 0.000479042
2417 0.000479042
2418 0.000479042
2419 0.000479042
2420 0.000479042
2421 0.000479042
2422 0.000479042
2423 0.000479042
2424 0.000479042
2425 0.000479042
2426 0.000479042
2427 0.000479042
2428 0.000479042
2429 0.000479042
2430 0.000479042
2431 0.000399202
2432 0.000399202
2433 0.000399202
2434 0.000399202
2435 0.000399202
2436 0.000399202
2437 0.000399202
2438 0.000399202
2439 0.000399202
2440 0.000399202
2441 0.000399202
2442 0.000399202
2443 0.000399202
2444 0.000399202
2445 0.000399202
2446 0.000399202
2447 0.000399202
2448 0.000399202
2449 0.000399202
2450 0.000319361
2451 0.000319361
2452 0.000319361
2453 0.000319361
2454 0.000319361
2455 0.000319361
2456 0.000319361
2457 0.000319361
2458 0.000319361
2459 0.000319361
2460 0.000319361
2461 0.000319361
2462 0.000319361
2463 0.000319361
2464 0.000319361
2465 0.000319361
2466 0.000319361
2467 0.000319361
2468 0.000319361
2469 0.000319361
2470 0.000239521
2471 0.000239521
2472 0.000239521
2473 0.000239521
2474 0.000239521
2475 0.000239521
2476 0.000239521
2477 0.000239521
2478 0.000239521
2479 0.000239521
2480 0.000239521
2481 0.000239521
2482 0.000239521
2483 0.000239521
2484 0.000239521
2485 0.000239521
2486 0.000239521
2487 0.000239521
2488 0.000239521
2489 0.000239521
2490 0.000239521
2491 0.000239521
2492 0.000239521
2493 0.000239521
2494 0.000239521
2495 0.000239521
2496 0.000239521
2497 0.000239521
2498 0.000239521
2499 0.000239521
2500 0.000239521
2501 0.000239521
2502 0.000239521
2503 0.000239521
2504 0.000239521
2505 0.000239521
2506 0.000239521
2507 0.000239521
2508 0.000239521
2509 0.000239521
2510 0.000239521
2511 0.000239521
2512 0.000239521
2513 0.000239521
2514 0.000239521
2515 0.000239521
2516 0.000239521
2517 0.000239521
2518 0.000239521
2519 0.000239521
2520 0.000239521
2521 0.000239521
2522 0.000239521
2523 0.000239521
2524 0.000239521
2525 0.000239521
2526 0.000239521
2527 0.000239521
2528 0.000239521
2529 0.000239521
2530 0.000239521
2531 0.000239521
2532 0.000239521
2533 0.000239521
2534 0.000239521
2535 0.000239521
2536 0.000239521
2537 0.000239521
2538 0.000239521
2539 0.000239521
2540 0.000239521
2541 0.000239521
2542 0.000239521
2543 0.000239521
2544 0.000239521
2545 0.000239521
2546 0.000239521
2547 0.000239521
2548 0.000239521
2549 0.000239521
2550 0.000239521
2551 0.000239521
2552 0.000239521
2553 0.000239521
2554 0.000239521
2555 0.000239521
2556 0.000239521
2557 0.000239521
2558 0.000239521
2559 0.000239521
2560 0.000239521
2561 0.000239521
2562 0.000239521
2563 0.000239521
2564 0.000239521
2565 0.000239521
2566 0.000239521
2567 0.000239521
2568 0.000239521
2569 0.000239521
2570 0.000239521
2571 0.000239521
2572 0.000239521
2573 0.000239521
2574 0.000239521
2575 0.000239521
2576 0.000239521
2577 0.000239521
2578 0.000239521
2579 0.000239521
2580 0.000239521
2581 0.000239521
2582 0.000239521
2583 0.000239521
2584 0.000239521
2585 0.000239521
2586 0.000239521
2587 0.000239521
2588 0.000239521
2589 0.000239521
2590 0.000239521
2591 0.000239521
2592 0.000239521
2593 0.000239521
2594 0.000239521
2595 0.000239521
2596 0.000239521
2597 0.000239521
2598 0.000239521
2599 0.000239521
2600 0.000239521
2601 0.000239521
2602 0.000239521
2603 0.000239521
2604 0.000239521
2605 0.000239521
2606 0.000239521
2607 0.000239521
2608 0.000239521
2609 0.000239521
2610 0.000239521
2611 0.000239521
2612 0.000239521
2613 0.000239521
2614 0.000239521
2615 0.000239521
2616 0.000239521
2617 0.000239521
2618 0.000239521
2619 0.000239521
2620 0.000239521
2621 0.000239521
2622 0.000239521
2623 0.000239521
2624 0.000239521
2625 0.000239521
2626 0.000239521
2627 0.000239521
2628 0.000239521
2629 0.000239521
2630 0.000239521
2631 0.000239521
2632 0.000239521
2633 0.000239521
2634 0.000239521
2635 0.000239521
2636 0.000239521
2637 0.000239521
2638 0.000239521
2639 0.000239521
2640 0.000239521
2641 0.000239521
2642 0.000239521
2643 0.000239521
2644 0.000239521
2645 0.000239521
2646 0.000239521
2647 0.000239521
2648 0.000239521
2649 0.000239521
2650 0.000239521
2651 0.000239521
2652 0.000239521
2653 0.000239521
2654 0.000239521
2655 0.000239521
2656 0.000239521
2657 0.000239521
2658 0.000239521
2659 0.000239521
2660 0.000239521
2661 0.000239521
2662 0.000239521
2663 0.000239521
2664 0.000239521
2665 0.000239521
2666 0.000239521
2667 0.000239521
2668 0.000239521
2669 0.000239521
2670 0.000239521
2671 0.000239521
2672 0.000239521
2673 0.000239521
2674 0.000239521
2675 0.000239521
2676 0.000239521
2677 0.000239521
2678 0.000239521
2679 0.000239521
2680 0.000239521
2681 0.000239521
2682 0.000239521
2683 0.000239521
2684 0.000239521
2685 0.000239521
2686 0.000239521
2687 0.000239521
2688 0.000239521
2689 0.000239521
2690 0.000239521
2691 0.000239521
2692 0.000239521
2693 0.000239521
2694 0.000239521
2695 0.000239521
2696 0.000239521
2697 0.000239521
2698 0.000239521
2699 0.000239521
2700 0.000239521
2701 0.000239521
2702 0.000239521
2703 0.000239521
2704 0.000239521
2705 0.000239521
2706 0.000239521
2707 0.000239521
2708 0.000239521
2709 0.000239521
2710 0.000239521
2711 0.000239521
2712 0.000239521
2713 0.000239521
2714 0.000239521
2715 0.000239521
2716 0.000239521
2717 0.000239521
2718 0.000239521
2719 0.000239521
2720 0.000239521
2721 0.000239521
2722 0.000239521
2723 0.000239521
2724 0.000239521
2725 0.000239521
2726 0.000239521
2727 0.000239521
2728 0.000239521
2729 0.000239521
2730 0.000239521
2731 0.000239521
2732 0.000239521
2733 0.000239521
2734 0.000239521
2735 0.000239521
2736 0.000239521
2737 0.000239521
2738 0.000239521
2739 0.000239521
2740 0.000239521
2741 0.000239521
2742 0.000239521
2743 0.000239521
2744 0.000239521
2745 0.000239521
2746 0.000239521
2747 0.000239521
2748 0.000239521
2749 0.000239521
2750 0.000239521
2751 0.000239521
2752 0.000239521
2753 0.000239521
2754 0.000239521
2755 0.000239521
2756 0.000239521
2757 0.000239521
2758 0.000239521
2759 0.000239521
2760 0.000239521
2761 0.000239521
2762 0.000239521
2763 0.000239521
2764 0.000239521
2765 0.000239521
2766 0.000239521
2767 0.000239521
2768 0.000239521
2769 0.000239521
2770 0.000239521
2771 0.000239521
2772 0.000239521
2773 0.000239521
2774 0.000239521
2775 0.000239521
2776 0.000239521
2777 0.000239521
2778 0.000239521
2779 0.000239521
2780 0.000239521
2781 0.000239521
2782 0.000239521
2783 0.000239521
2784 0.000239521
2785 0.000239521
2786 0.000239521
2787 0.000239521
2788 0.000239521
2789 0.000239521
2790 0.000239521
2791 0.000239521
2792 0.000239521
2793 0.000239521
2794 0.000239521
2795 0.000239521
2796 0.000239521
2797 0.000239521
2798 0.000239521
2799 0.000239521
2800 0.000239521
2801 0.000239521
2802 0.000239521
2803 0.000239521
2804 0.000239521
2805 0.000239521
2806 0.000239521
2807 0.000159681
2808 0.000159681
2809 0.000159681
2810 0.000159681
2811 0.000159681
2812 0.000159681
2813 0.000159681
2814 0.000159681
2815 0.000159681
2816 0.000159681
2817 0.000159681
2818 0.000159681
2819 0.000159681
2820 0.000159681
2821 0.000159681
2822 0.000159681
2823 0.000159681
2824 0.000159681
2825 0.000159681
2826 0.000159681
2827 0.000159681
2828 0.000159681
2829 0.000159681
2830 0.000159681
2831 0.000159681
2832 0.000159681
2833 0.000159681
2834 0.000159681
2835 0.000159681
2836 0.000159681
2837 0.000159681
2838 0.000159681
2839 0.000159681
2840 0.000159681
2841 0.000159681
2842 0.000159681
2843 0.000159681
2844 0.000159681
2845 0.000159681
2846 0.000159681
2847 0.000159681
2848 0.000159681
2849 0.000159681
2850 0.000159681
2851 0.000159681
2852 0.000159681
2853 0.000159681
2854 0.000159681
2855 0.000159681
2856 0.000159681
2857 0.000159681
2858 0.000159681
2859 0.000159681
2860 0.000159681
2861 0.000159681
2862 0.000159681
2863 0.000159681
2864 0.000159681
2865 0.000159681
2866 0.000159681
2867 0.000159681
2868 0.000159681
2869 0.000159681
2870 0.000159681
2871 0.000159681
2872 0.000159681
2873 0.000159681
2874 0.000159681
2875 0.000159681
2876 0.000159681
2877 0.000159681
2878 0.000159681
2879 0.000159681
2880 0.000159681
2881 0.000159681
2882 0.000159681
2883 0.000159681
2884 0.000159681
2885 0.000159681
2886 0.000159681
2887 0.000159681
2888 0.000159681
2889 0.000159681
2890 0.000159681
2891 0.000159681
2892 0.000159681
2893 0.000159681
2894 0.000159681
2895 0.000159681
2896 0.000159681
2897 0.000159681
2898 0.000159681
2899 0.000159681
2900 0.000159681
2901 0.000159681
2902 0.000159681
2903 0.000159681
2904 0.000159681
2905 0.000159681
2906 0.000159681
2907 0.000159681
2908 0.000159681
2909 0.000159681
2910 0.000159681
2911 0.000159681
2912 0.000159681
2913 0.000159681
2914 0.000159681
2915 0.000159681
2916 0.000159681
2917 0.000159681
2918 0.000159681
2919 0.000159681
2920 0.000159681
2921 0.000159681
2922 0.000159681
2923 0.000159681
2924 0.000159681
2925 0.000159681
2926 0.000159681
2927 0.000159681
2928 0.000159681
2929 0.000159681
2930 0.000159681
2931 0.000159681
2932 0.000159681
2933 0.000159681
2934 0.000159681
2935 0.000159681
2936 0.000159681
2937 0.000159681
2938 0.000159681
2939 0.000159681
2940 0.000159681
2941 0.000159681
2942 0.000159681
2943 0.000159681
2944 0.000159681
2945 0.000159681
2946 0.000159681
2947 0.000159681
2948 0.000159681
2949 0.000159681
2950 0.000159681
2951 0.000159681
2952 0.000159681
2953 0.000159681
2954 0.000159681
2955 0.000159681
2956 0.000159681
2957 0.000159681
2958 0.000159681
2959 0.000159681
2960 0.000159681
2961 0.000159681
2962 0.000159681
2963 0.000159681
2964 0.000159681
2965 0.000159681
2966 0.000159681
2967 0.000159681
2968 0.000159681
2969 0.000159681
2970 0.000159681
2971 0.000159681
2972 0.000159681
2973 0.000159681
2974 0.000159681
2975 0.000159681
2976 0.000159681
2977 0.000159681
2978 0.000159681
2979 0.000159681
2980 0.000159681
2981 0.000159681
2982 0.000159681
2983 0.000159681
2984 0.000159681
2985 0.000159681
2986 0.000159681
2987 0.000159681
2988 0.000159681
2989 0.000159681
2990 0.000159681
2991 0.000159681
2992 0.000159681
2993 0.000159681
2994 0.000159681
2995 0.000159681
2996 0.000159681
2997 0.000159681
2998 0.000159681
2999 0.000159681
3000 0.000159681
3001 0.000159681
3002 0.000159681
3003 0.000159681
3004 0.000159681
3005 0.000159681
3006 0.000159681
3007 0.000159681
3008 0.000159681
3009 0.000159681
3010 0.000159681
3011 0.000159681
3012 0.000159681
3013 0.000159681
3014 0.000159681
3015 0.000159681
3016 0.000159681
3017 0.000159681
3018 0.000159681
3019 0.000159681
3020 0.000159681
3021 0.000159681
3022 0.000159681
3023 0.000159681
3024 0.000159681
3025 0.000159681
3026 0.000159681
3027 0.000159681
3028 0.000159681
3029 0.000159681
3030 0.000159681
3031 0.000159681
3032 0.000159681
3033 0.000159681
3034 0.000159681
3035 0.000159681
3036 0.000159681
3037 0.000159681
3038 0.000159681
3039 0.000159681
3040 0.000159681
3041 0.000159681
3042 0.000159681
3043 0.000159681
3044 0.000159681
3045 0.000159681
3046 0.000159681
3047 0.000159681
3048 0.000159681
3049 0.000159681
3050 0.000159681
3051 0.000159681
3052 0.000159681
3053 0.000159681
3054 0.000159681
3055 0.000159681
3056 0.000159681
3057 0.000159681
3058 0.000159681
3059 0.000159681
3060 0.000159681
3061 0.000159681
3062 0.000159681
3063 0.000159681
3064 0.000159681
3065 0.000159681
3066 0.000159681
3067 0.000159681
3068 0.000159681
3069 0.000159681
3070 0.000159681
3071 0.000159681
3072 0.000159681
3073 0.000159681
3074 0.000159681
3075 0.000159681
3076 0.000159681
3077 0.000159681
3078 0.000159681
3079 0.000159681
3080 0.000159681
3081 0.000159681
3082 0.000159681
3083 0.000159681
3084 0.000159681
3085 0.000159681
3086 0.000159681
3087 0.000159681
3088 0.000159681
3089 0.000159681
3090 0.000159681
3091 0.000159681
3092 0.000159681
3093 0.000159681
3094 0.000159681
3095 0.000159681
3096 0.000159681
3097 0.000159681
3098 0.000159681
3099 0.000159681
3100 0.000159681
3101 0.000159681
3102 0.000159681
3103 0.000159681
3104 0.000159681
3105 0.000159681
3106 0.000159681
3107 0.000159681
3108 0.000159681
3109 0.000159681
3110 0.000159681
3111 0.000159681
3112 0.000159681
3113 0.000159681
3114 0.000159681
3115 0.000159681
3116 0.000159681
3117 0.000159681
3118 0.000159681
3119 0.000159681
3120 0.000159681
3121 0.000159681
3122 0.000159681
3123 0.000159681
3124 0.000159681
3125 0.000159681
3126 0.000159681
3127 0.000159681
3128 7.98403e-05
3129 7.98403e-05
3130 7.98403e-05
3131 7.98403e-05
3132 7.98403e-05
3133 7.98403e-05
3134 7.98403e-05
3135 7.98403e-05
3136 7.98403e-05
3137 7.98403e-05
3138 7.98403e-05
3139 7.98403e-05
3140 7.98403e-05
3141 7.98403e-05
3142 7.98403e-05
3143 7.98403e-05
3144 7.98403e-05
3145 7.98403e-05
3146 7.98403e-05
3147 7.98403e-05
3148 7.98403e-05
