0 1
1 1
2 1
3 1
4 1
5 1
6 1
7 1
8 1
9 1
10 1
11 1
12 1
13 1
14 1
15 0.970403
16 0.938434
17 0.908558
18 0.877844
19 0.851459
20 0.825911
21 0.803295
22 0.779422
23 0.75904
24 0.736284
25 0.713388
26 0.692726
27 0.671646
28 0.652101
29 0.630462
30 0.612453
31 0.594723
32 0.578529
33 0.561078
34 0.545442
35 0.528829
36 0.513193
37 0.499093
38 0.486249
39 0.472986
40 0.45735
41 0.441435
42 0.425241
43 0.411978
44 0.399553
45 0.387966
46 0.37596
47 0.366746
48 0.355717
49 0.345246
50 0.334916
51 0.3264
52 0.315091
53 0.304761
54 0.295686
55 0.286751
56 0.278794
57 0.269999
58 0.263158
59 0.255619
60 0.24808
61 0.241938
62 0.233143
63 0.226441
64 0.219461
65 0.213179
66 0.207734
67 0.202569
68 0.196845
69 0.190981
70 0.186933
71 0.181628
72 0.176183
73 0.171437
74 0.166969
75 0.161385
76 0.157197
77 0.153009
78 0.149379
79 0.144353
80 0.139746
81 0.135139
82 0.129834
83 0.126623
84 0.123552
85 0.120201
86 0.117269
87 0.114058
88 0.109172
89 0.106101
90 0.102331
91 0.0996789
92 0.0967472
93 0.093955
94 0.0921402
95 0.0885104
96 0.0866955
97 0.0851598
98 0.0829261
99 0.0818093
100 0.0804132
101 0.0780399
102 0.0751082
103 0.0737121
104 0.0711992
105 0.0699428
106 0.0689655
107 0.0679883
108 0.0661734
109 0.0650565
110 0.0640793
111 0.0629624
112 0.0619852
113 0.061008
114 0.0598911
115 0.0587743
116 0.0576574
117 0.0565406
118 0.0547257
119 0.0534692
120 0.0515147
121 0.0496998
122 0.047885
123 0.0471869
124 0.0464889
125 0.0455117
126 0.0435572
127 0.0420215
128 0.0406254
129 0.040067
130 0.039369
131 0.0383917
132 0.0374145
133 0.036158
134 0.034762
135 0.0340639
136 0.0332263
137 0.0325283
138 0.031551
139 0.0304342
140 0.0298757
141 0.0294569
142 0.0284797
143 0.0277817
144 0.0273628
145 0.0268044
146 0.0261064
147 0.0252687
148 0.0244311
149 0.0240123
150 0.0237331
151 0.023035
152 0.0226162
153 0.0220578
154 0.0209409
155 0.0203825
156 0.0196845
157 0.0192657
158 0.0187072
159 0.018428
160 0.0178696
161 0.0171716
162 0.0166132
163 0.0163339
164 0.0157755
165 0.0154963
166 0.0149379
167 0.0146587
168 0.0145191
169 0.0139606
170 0.0135418
171 0.013123
172 0.013123
173 0.0127042
174 0.012425
175 0.0121457
176 0.0117269
177 0.0114477
178 0.0104705
179 0.0101913
180 0.00977244
181 0.00963284
182 0.00935362
183 0.00935362
184 0.00935362
185 0.00921402
186 0.00921402
187 0.00907441
188 0.00907441
189 0.00907441
190 0.00907441
191 0.0089348
192 0.0087952
193 0.0087952
194 0.00865559
195 0.00851598
196 0.00823677
197 0.00809717
198 0.00809717
199 0.00781795
200 0.00781795
201 0.00753874
202 0.00725953
203 0.00725953
204 0.00684071
205 0.00684071
206 0.0067011
207 0.0067011
208 0.0067011
209 0.0067011
210 0.0067011
211 0.00642189
212 0.00628228
213 0.00614268
214 0.00600307
215 0.00600307
216 0.00586346
217 0.00586346
218 0.00558425
219 0.00558425
220 0.00544465
221 0.00530504
222 0.00530504
223 0.00516543
224 0.00502583
225 0.00488622
226 0.00474661
227 0.00460701
228 0.0044674
229 0.0044674
230 0.0043278
231 0.00418819
232 0.00418819
233 0.00404858
234 0.00390898
235 0.00390898
236 0.00376937
237 0.00349016
238 0.00349016
239 0.00349016
240 0.00335055
241 0.00321095
242 0.00321095
243 0.00307134
244 0.00307134
245 0.00279213
246 0.00279213
247 0.00265252
248 0.00251291
249 0.00237331
250 0.00237331
251 0.00237331
252 0.0022337
253 0.0022337
254 0.00195449
255 0.00195449
256 0.00195449
257 0.00195449
258 0.00195449
259 0.00195449
260 0.00195449
261 0.00195449
262 0.00195449
263 0.00195449
264 0.00195449
265 0.00195449
266 0.00195449
267 0.00167528
268 0.00167528
269 0.00167528
270 0.00153567
271 0.00153567
272 0.00153567
273 0.00153567
274 0.00153567
275 0.00139606
276 0.00125646
277 0.00125646
278 0.00111685
279 0.00111685
280 0.00111685
281 0.00111685
282 0.000977244
283 0.000977244
284 0.000977244
285 0.000977244
286 0.000977244
287 0.000977244
288 0.000977244
289 0.000977244
290 0.000977244
291 0.000977244
292 0.000837638
293 0.000837638
294 0.000837638
295 0.000837638
296 0.000837638
297 0.000837638
298 0.000837638
299 0.000837638
300 0.000837638
301 0.000837638
302 0.000698032
303 0.000698032
304 0.000698032
305 0.000698032
306 0.000698032
307 0.000698032
308 0.000558425
309 0.000558425
310 0.000558425
311 0.000558425
312 0.000558425
313 0.000418819
314 0.000418819
315 0.000418819
316 0.000418819
317 0.000418819
318 0.000418819
319 0.000418819
320 0.000418819
321 0.000418819
322 0.000418819
323 0.000418819
324 0.000418819
325 0.000418819
326 0.000418819
327 0.000418819
328 0.000418819
329 0.000418819
330 0.000418819
331 0.000418819
332 0.000418819
333 0.000418819
334 0.000418819
335 0.000418819
336 0.000418819
337 0.000418819
338 0.000418819
339 0.000418819
340 0.000418819
341 0.000418819
342 0.000418819
343 0.000418819
344 0.000418819
345 0.000418819
346 0.000279213
347 0.000279213
348 0.000279213
349 0.000279213
350 0.000279213
351 0.000279213
352 0.000279213
353 0.000279213
354 0.000279213
355 0.000279213
356 0.000279213
357 0.000279213
358 0.000279213
359 0.000279213
360 0.000279213
361 0.000139606
362 0.000139606
363 0.000139606
364 0.000139606
365 0.000139606
366 0.000139606
367 0.000139606
368 0.000139606
369 0.000139606
370 0.000139606
371 0.000139606
372 0.000139606
373 0.000139606
374 0.000139606
375 0.000139606
376 0.000139606
377 0.000139606
378 0.000139606
379 0.000139606
380 0.000139606
381 0.000139606
382 0.000139606
383 0.000139606
384 0.000139606
385 0.000139606
386 0.000139606
387 0.000139606
388 0.000139606
389 0.000139606
390 0.000139606
391 0.000139606
