0 1
1 1
2 1
3 1
4 1
5 1
6 1
7 1
8 1
9 1
10 1
11 1
12 1
13 1
14 1
15 0.93883
16 0.881649
17 0.823138
18 0.788564
19 0.74734
20 0.716755
21 0.68617
22 0.644947
23 0.62367
24 0.603723
25 0.56516
26 0.538564
27 0.510638
28 0.486702
29 0.462766
30 0.442819
31 0.418883
32 0.404255
33 0.393617
34 0.369681
35 0.355053
36 0.329787
37 0.316489
38 0.303191
39 0.292553
40 0.272606
41 0.257979
42 0.238032
43 0.230053
44 0.220745
45 0.198138
46 0.18617
47 0.180851
48 0.175532
49 0.164894
50 0.155585
51 0.146277
52 0.135638
53 0.130319
54 0.12367
55 0.118351
56 0.117021
57 0.113032
58 0.105053
59 0.0970745
60 0.0917553
61 0.087766
62 0.0837766
63 0.0784574
64 0.0731383
65 0.0718085
66 0.0704787
67 0.0651596
68 0.0638298
69 0.0611702
70 0.0598404
71 0.0585106
72 0.0558511
73 0.0545213
74 0.0518617
75 0.0478723
76 0.0465426
77 0.0452128
78 0.0452128
79 0.0398936
80 0.0385638
81 0.0385638
82 0.0385638
83 0.0359043
84 0.0319149
85 0.0305851
86 0.0279255
87 0.0265957
88 0.025266
89 0.0239362
90 0.0212766
91 0.0172872
92 0.0172872
93 0.0172872
94 0.0159574
95 0.0159574
96 0.0159574
97 0.0159574
98 0.0146277
99 0.0146277
100 0.0132979
101 0.0119681
102 0.0119681
103 0.0106383
104 0.0106383
105 0.0106383
106 0.00797872
107 0.00664894
108 0.00664894
109 0.00664894
110 0.00531915
111 0.00531915
112 0.00531915
113 0.00531915
114 0.00531915
115 0.00531915
116 0.00398936
117 0.00265957
118 0.00265957
119 0.00265957
120 0.00265957
121 0.00265957
122 0.00265957
123 0.00265957
124 0.00265957
125 0.00132979
126 0.00132979
127 0.00132979
128 0.00132979
129 0.00132979
130 0.00132979
131 0.00132979
132 0.00132979
133 0.00132979
134 0.00132979
135 0.00132979
136 0.00132979
137 0.00132979
138 0.00132979
139 0.00132979
140 0.00132979
141 0.00132979
142 0.00132979
143 0.00132979
144 0.00132979
145 0.00132979
146 0.00132979
147 0.00132979
148 0.00132979
149 0.00132979
150 0.00132979
151 0.00132979
152 0.00132979
153 0.00132979
154 0.00132979
155 0.00132979
