0 1
1 1
2 1
3 1
4 1
5 1
6 1
7 1
8 1
9 1
10 0.999912
11 0.999912
12 0.999912
13 0.999912
14 0.999912
15 0.975856
16 0.954697
17 0.935382
18 0.917208
19 0.898244
20 0.878666
21 0.86216
22 0.842757
23 0.824671
24 0.807989
25 0.791308
26 0.773924
27 0.757331
28 0.743284
29 0.727041
30 0.711852
31 0.698068
32 0.685689
33 0.670764
34 0.65856
35 0.644074
36 0.63187
37 0.62072
38 0.609921
39 0.598507
40 0.587357
41 0.577173
42 0.564706
43 0.554346
44 0.543986
45 0.53345
46 0.523968
47 0.513784
48 0.504214
49 0.494381
50 0.484811
51 0.476558
52 0.468569
53 0.458824
54 0.449868
55 0.442406
56 0.434241
57 0.426427
58 0.418876
59 0.410711
60 0.404653
61 0.397805
62 0.391133
63 0.384987
64 0.37928
65 0.373047
66 0.366023
67 0.360053
68 0.353731
69 0.3482
70 0.342054
71 0.336435
72 0.33108
73 0.324934
74 0.319754
75 0.315101
76 0.309745
77 0.305356
78 0.3
79 0.294381
80 0.290167
81 0.284987
82 0.28086
83 0.277349
84 0.273837
85 0.269447
86 0.266111
87 0.26216
88 0.256716
89 0.252414
90 0.248376
91 0.24381
92 0.240562
93 0.235996
94 0.233275
95 0.228797
96 0.2259
97 0.222651
98 0.220457
99 0.217647
100 0.214135
101 0.211062
102 0.207199
103 0.203248
104 0.200527
105 0.198244
106 0.195259
107 0.192537
108 0.190167
109 0.187445
110 0.18446
111 0.18086
112 0.179017
113 0.176997
114 0.173661
115 0.170588
116 0.167867
117 0.165672
118 0.162862
119 0.161018
120 0.158736
121 0.156365
122 0.15417
123 0.152678
124 0.150922
125 0.149254
126 0.147586
127 0.145917
128 0.143723
129 0.141967
130 0.13986
131 0.137401
132 0.13547
133 0.134153
134 0.132397
135 0.130729
136 0.128973
137 0.126953
138 0.124846
139 0.123617
140 0.121686
141 0.120457
142 0.118525
143 0.117647
144 0.115803
145 0.114399
146 0.112906
147 0.111677
148 0.110184
149 0.108516
150 0.107463
151 0.106058
152 0.105268
153 0.104039
154 0.102809
155 0.101756
156 0.100351
157 0.099122
158 0.0981563
159 0.0971905
160 0.0967515
161 0.0955224
162 0.0938543
163 0.0929763
164 0.0920983
165 0.0902546
166 0.0891133
167 0.0877963
168 0.0861282
169 0.0855136
170 0.0845478
171 0.0835821
172 0.0815628
173 0.0804214
174 0.0795435
175 0.0784899
176 0.0774364
177 0.0764706
178 0.0757682
179 0.0747147
180 0.0737489
181 0.0722564
182 0.0717296
183 0.0707638
184 0.0699737
185 0.0688323
186 0.0682177
187 0.0671642
188 0.066813
189 0.0661984
190 0.0655838
191 0.0645303
192 0.0634767
193 0.0627744
194 0.062072
195 0.0615452
196 0.060755
197 0.0597893
198 0.0592625
199 0.0588235
200 0.0584723
201 0.0575944
202 0.0571554
203 0.0562774
204 0.0555751
205 0.0552239
206 0.0547849
207 0.0541703
208 0.053468
209 0.0528534
210 0.0523266
211 0.0519754
212 0.0516242
213 0.0514486
214 0.0513608
215 0.0510097
216 0.0506585
217 0.0498683
218 0.0491659
219 0.048288
220 0.0476734
221 0.0472344
222 0.0466198
223 0.0462687
224 0.0460053
225 0.0452151
226 0.0446883
227 0.0444249
228 0.0436348
229 0.043108
230 0.0428446
231 0.0424056
232 0.0420544
233 0.0414399
234 0.0407375
235 0.0402107
236 0.0397717
237 0.0395083
238 0.0391572
239 0.0388938
240 0.0386304
241 0.037928
242 0.0377524
243 0.0372256
244 0.03705
245 0.0367867
246 0.0360843
247 0.0358209
248 0.0355575
249 0.0349429
250 0.0346795
251 0.0343284
252 0.0338894
253 0.0332748
254 0.0323968
255 0.0321334
256 0.0316067
257 0.0313433
258 0.0309043
259 0.0305531
260 0.0303775
261 0.0297629
262 0.029324
263 0.0289728
264 0.0286216
265 0.0283582
266 0.028007
267 0.027568
268 0.0273047
269 0.0267779
270 0.0265145
271 0.0264267
272 0.0258121
273 0.0257243
274 0.0254609
275 0.0253731
276 0.0250219
277 0.0250219
278 0.0246708
279 0.0242318
280 0.024144
281 0.0236172
282 0.0231782
283 0.0230904
284 0.0229148
285 0.022827
286 0.0226514
287 0.0224759
288 0.0220369
289 0.0217735
290 0.0215979
291 0.0215101
292 0.0215101
293 0.0214223
294 0.0212467
295 0.0209833
296 0.0208077
297 0.0201054
298 0.0199298
299 0.0197542
300 0.0194908
301 0.0193152
302 0.0190518
303 0.018964
304 0.0188762
305 0.0188762
306 0.0187006
307 0.0183494
308 0.0181738
309 0.018086
310 0.018086
311 0.0179104
312 0.0177349
313 0.0172081
314 0.0170325
315 0.0167691
316 0.0165935
317 0.0161545
318 0.0158033
319 0.0156277
320 0.0152766
321 0.0152766
322 0.0151888
323 0.015101
324 0.0149254
325 0.014662
326 0.0144864
327 0.0143108
328 0.014223
329 0.0139596
330 0.0139596
331 0.0136962
332 0.0136084
333 0.0134328
334 0.0134328
335 0.0130817
336 0.0128183
337 0.0124671
338 0.0124671
339 0.0122915
340 0.0122037
341 0.0120281
342 0.0117647
343 0.0115013
344 0.0115013
345 0.0114135
346 0.0111501
347 0.0109745
348 0.0108867
349 0.0107989
350 0.0107989
351 0.0107989
352 0.0107112
353 0.0106234
354 0.0106234
355 0.0106234
356 0.0106234
357 0.0105356
358 0.01036
359 0.0100966
360 0.0100088
361 0.00983319
362 0.00974539
363 0.00974539
364 0.00974539
365 0.00965759
366 0.009482
367 0.00930641
368 0.00921861
369 0.00904302
370 0.00886743
371 0.00886743
372 0.00869184
373 0.00860404
374 0.00851624
375 0.00851624
376 0.00851624
377 0.00842845
378 0.00834065
379 0.00825285
380 0.00825285
381 0.00816506
382 0.00807726
383 0.00798946
384 0.00781387
385 0.00763828
386 0.00763828
387 0.00746269
388 0.00737489
389 0.0071993
390 0.0071993
391 0.0071993
392 0.0071115
393 0.00693591
394 0.00676032
395 0.00676032
396 0.00658472
397 0.00658472
398 0.00658472
399 0.00658472
400 0.00658472
401 0.00649693
402 0.00649693
403 0.00640913
404 0.00614574
405 0.00614574
406 0.00605795
407 0.00605795
408 0.00605795
409 0.00605795
410 0.00605795
411 0.00605795
412 0.00605795
413 0.00597015
414 0.00579456
415 0.00579456
416 0.00579456
417 0.00570676
418 0.00561896
419 0.00561896
420 0.00553117
421 0.00553117
422 0.00517998
423 0.00517998
424 0.00509219
425 0.00500439
426 0.00500439
427 0.00500439
428 0.00491659
429 0.00491659
430 0.00491659
431 0.00491659
432 0.0048288
433 0.0048288
434 0.0048288
435 0.0046532
436 0.0046532
437 0.00456541
438 0.00456541
439 0.00447761
440 0.00447761
441 0.00430202
442 0.00430202
443 0.00421422
444 0.00421422
445 0.00421422
446 0.00421422
447 0.00412643
448 0.00412643
449 0.00412643
450 0.00412643
451 0.00412643
452 0.00412643
453 0.00412643
454 0.00412643
455 0.00412643
456 0.00403863
457 0.00395083
458 0.00395083
459 0.00395083
460 0.00395083
461 0.00395083
462 0.00386304
463 0.00368745
464 0.00368745
465 0.00359965
466 0.00359965
467 0.00351185
468 0.00351185
469 0.00351185
470 0.00351185
471 0.00351185
472 0.00351185
473 0.00351185
474 0.00351185
475 0.00342406
476 0.00333626
477 0.00324846
478 0.00324846
479 0.00324846
480 0.00324846
481 0.00324846
482 0.00307287
483 0.00298507
484 0.00298507
485 0.00298507
486 0.00298507
487 0.00289728
488 0.00289728
489 0.00289728
490 0.00280948
491 0.00272169
492 0.00272169
493 0.00263389
494 0.00263389
495 0.00263389
496 0.00263389
497 0.00254609
498 0.0024583
499 0.0023705
500 0.0023705
501 0.0022827
502 0.0022827
503 0.0022827
504 0.00219491
505 0.00219491
506 0.00201932
507 0.00201932
508 0.00201932
509 0.00201932
510 0.00175593
511 0.00175593
512 0.00166813
513 0.00166813
514 0.00166813
515 0.00166813
516 0.00166813
517 0.00166813
518 0.00166813
519 0.00166813
520 0.00166813
521 0.00158033
522 0.00158033
523 0.00158033
524 0.00158033
525 0.00158033
526 0.00158033
527 0.00158033
528 0.00158033
529 0.00158033
530 0.00158033
531 0.00158033
532 0.00158033
533 0.00158033
534 0.00158033
535 0.00158033
536 0.00158033
537 0.00158033
538 0.00158033
539 0.00158033
540 0.00158033
541 0.00158033
542 0.00158033
543 0.00158033
544 0.00158033
545 0.00158033
546 0.00149254
547 0.00149254
548 0.00149254
549 0.00140474
550 0.00140474
551 0.00140474
552 0.00140474
553 0.00140474
554 0.00131694
555 0.00131694
556 0.00131694
557 0.00131694
558 0.00122915
559 0.00122915
560 0.00122915
561 0.00122915
562 0.00122915
563 0.00122915
564 0.00122915
565 0.00122915
566 0.00122915
567 0.00122915
568 0.00122915
569 0.00122915
570 0.00122915
571 0.00122915
572 0.00122915
573 0.00122915
574 0.00122915
575 0.00122915
576 0.00122915
577 0.00122915
578 0.00122915
579 0.00122915
580 0.00122915
581 0.00122915
582 0.00114135
583 0.00114135
584 0.00114135
585 0.00114135
586 0.00114135
587 0.00114135
588 0.00114135
589 0.00114135
590 0.00105356
591 0.00105356
592 0.00105356
593 0.000965759
594 0.000965759
595 0.000965759
596 0.000965759
597 0.000965759
598 0.000965759
599 0.000965759
600 0.000965759
601 0.000965759
602 0.000965759
603 0.000965759
604 0.000965759
605 0.000965759
606 0.000965759
607 0.000877963
608 0.000877963
609 0.000877963
610 0.000877963
611 0.000877963
612 0.000877963
613 0.000877963
614 0.000877963
615 0.000790167
616 0.000790167
617 0.000790167
618 0.000790167
619 0.000790167
620 0.000790167
621 0.000790167
622 0.000790167
623 0.000790167
624 0.000790167
625 0.000790167
626 0.000790167
627 0.000790167
628 0.000790167
629 0.000790167
630 0.000790167
631 0.000790167
632 0.000790167
633 0.000790167
634 0.000790167
635 0.000790167
636 0.000790167
637 0.000790167
638 0.000790167
639 0.000790167
640 0.000790167
641 0.000790167
642 0.000790167
643 0.00070237
644 0.00070237
645 0.00070237
646 0.00070237
647 0.000614574
648 0.000614574
649 0.000614574
650 0.000614574
651 0.000614574
652 0.000614574
653 0.000614574
654 0.000614574
655 0.000614574
656 0.000614574
657 0.000614574
658 0.000614574
659 0.000614574
660 0.000614574
661 0.000614574
662 0.000614574
663 0.000614574
664 0.000614574
665 0.000614574
666 0.000614574
667 0.000526778
668 0.000526778
669 0.000526778
670 0.000526778
671 0.000526778
672 0.000526778
673 0.000526778
674 0.000526778
675 0.000526778
676 0.000526778
677 0.000526778
678 0.000526778
679 0.000526778
680 0.000526778
681 0.000526778
682 0.000438982
683 0.000438982
684 0.000438982
685 0.000438982
686 0.000438982
687 0.000438982
688 0.000438982
689 0.000438982
690 0.000438982
691 0.000438982
692 0.000438982
693 0.000438982
694 0.000438982
695 0.000438982
696 0.000438982
697 0.000438982
698 0.000438982
699 0.000438982
700 0.000438982
701 0.000438982
702 0.000438982
703 0.000438982
704 0.000438982
705 0.000438982
706 0.000438982
707 0.000438982
708 0.000438982
709 0.000438982
710 0.000438982
711 0.000438982
712 0.000438982
713 0.000438982
714 0.000438982
715 0.000438982
716 0.000438982
717 0.000438982
718 0.000438982
719 0.000438982
720 0.000438982
721 0.000438982
722 0.000438982
723 0.000438982
724 0.000438982
725 0.000438982
726 0.000438982
727 0.000438982
728 0.000438982
729 0.000438982
730 0.000438982
731 0.000438982
732 0.000438982
733 0.000438982
734 0.000438982
735 0.000438982
736 0.000438982
737 0.000438982
738 0.000438982
739 0.000438982
740 0.000438982
741 0.000438982
742 0.000438982
743 0.000438982
744 0.000438982
745 0.000438982
746 0.000438982
747 0.000438982
748 0.000438982
749 0.000438982
750 0.000438982
751 0.000438982
752 0.000438982
753 0.000438982
754 0.000438982
755 0.000438982
756 0.000438982
757 0.000438982
758 0.000438982
759 0.000438982
760 0.000438982
761 0.000438982
762 0.000438982
763 0.000438982
764 0.000438982
765 0.000438982
766 0.000438982
767 0.000438982
768 0.000351185
769 0.000351185
770 0.000351185
771 0.000351185
772 0.000351185
773 0.000351185
774 0.000351185
775 0.000351185
776 0.000351185
777 0.000351185
778 0.000351185
779 0.000351185
780 0.000351185
781 0.000351185
782 0.000351185
783 0.000351185
784 0.000351185
785 0.000351185
786 0.000351185
787 0.000351185
788 0.000351185
789 0.000351185
790 0.000351185
791 0.000351185
792 0.000351185
793 0.000351185
794 0.000351185
795 0.000351185
796 0.000351185
797 0.000351185
798 0.000351185
799 0.000351185
800 0.000351185
801 0.000351185
802 0.000351185
803 0.000351185
804 0.000351185
805 0.000351185
806 0.000351185
807 0.000351185
808 0.000351185
809 0.000351185
810 0.000351185
811 0.000351185
812 0.000351185
813 0.000351185
814 0.000351185
815 0.000351185
816 0.000351185
817 0.000351185
818 0.000351185
819 0.000263389
820 0.000263389
821 0.000263389
822 0.000263389
823 0.000263389
824 0.000263389
825 0.000263389
826 0.000263389
827 0.000263389
828 0.000263389
829 0.000263389
830 0.000263389
831 0.000263389
832 0.000263389
833 0.000263389
834 0.000263389
835 0.000263389
836 0.000263389
837 0.000263389
838 0.000263389
839 0.000263389
840 0.000263389
841 0.000263389
842 0.000263389
843 0.000263389
844 0.000263389
845 0.000263389
846 0.000263389
847 0.000263389
848 0.000263389
849 0.000263389
850 0.000263389
851 0.000263389
852 0.000263389
853 0.000263389
854 0.000263389
855 0.000263389
856 0.000263389
857 0.000263389
858 0.000263389
859 0.000263389
860 0.000263389
861 0.000263389
862 0.000263389
863 0.000263389
864 0.000263389
865 0.000263389
866 0.000263389
867 0.000263389
868 0.000263389
869 0.000263389
870 0.000263389
871 0.000263389
872 0.000263389
873 0.000263389
874 0.000263389
875 0.000263389
876 0.000263389
877 0.000263389
878 0.000263389
879 0.000263389
880 0.000263389
881 0.000263389
882 0.000263389
883 0.000263389
884 0.000263389
885 0.000263389
886 0.000263389
887 0.000263389
888 0.000263389
889 0.000263389
890 0.000263389
891 0.000263389
892 0.000263389
893 0.000263389
894 0.000175593
895 0.000175593
896 0.000175593
897 0.000175593
898 0.000175593
899 0.000175593
900 0.000175593
901 0.000175593
902 0.000175593
903 0.000175593
904 0.000175593
905 0.000175593
906 0.000175593
907 0.000175593
908 0.000175593
909 0.000175593
910 0.000175593
911 0.000175593
912 0.000175593
913 0.000175593
914 0.000175593
915 0.000175593
916 0.000175593
917 0.000175593
918 0.000175593
919 0.000175593
920 0.000175593
921 0.000175593
922 0.000175593
923 0.000175593
924 0.000175593
925 0.000175593
926 0.000175593
927 0.000175593
928 8.77963e-05
929 8.77963e-05
930 8.77963e-05
931 8.77963e-05
932 8.77963e-05
933 8.77963e-05
934 8.77963e-05
935 8.77963e-05
936 8.77963e-05
937 8.77963e-05
938 8.77963e-05
939 8.77963e-05
940 8.77963e-05
941 8.77963e-05
942 8.77963e-05
943 8.77963e-05
944 8.77963e-05
945 8.77963e-05
946 8.77963e-05
947 8.77963e-05
948 8.77963e-05
949 8.77963e-05
950 8.77963e-05
951 8.77963e-05
952 8.77963e-05
953 8.77963e-05
954 8.77963e-05
955 8.77963e-05
