0 1
1 1
2 1
3 1
4 1
5 1
6 1
7 1
8 1
9 1
10 1
11 1
12 1
13 1
14 1
15 0.999941
16 0.999941
17 0.95104
18 0.95104
19 0.95104
20 0.95104
21 0.95104
22 0.95104
23 0.95104
24 0.95104
25 0.903376
26 0.903376
27 0.903376
28 0.903376
29 0.903376
30 0.903376
31 0.903199
32 0.903199
33 0.859483
34 0.859483
35 0.859483
36 0.859483
37 0.859483
38 0.859483
39 0.859424
40 0.859424
41 0.81718
42 0.81718
43 0.81718
44 0.81718
45 0.81718
46 0.81718
47 0.817121
48 0.817121
49 0.778118
50 0.778118
51 0.778118
52 0.778118
53 0.778118
54 0.778118
55 0.778
56 0.778
57 0.737701
58 0.737701
59 0.737701
60 0.737701
61 0.737701
62 0.737701
63 0.737583
64 0.737583
65 0.69911
66 0.69911
67 0.69911
68 0.69911
69 0.69911
70 0.69911
71 0.698934
72 0.698934
73 0.663465
74 0.663465
75 0.663465
76 0.663465
77 0.663465
78 0.663465
79 0.663348
80 0.663348
81 0.626407
82 0.626407
83 0.626407
84 0.626407
85 0.626407
86 0.626407
87 0.62623
88 0.62623
89 0.590644
90 0.590644
91 0.590644
92 0.590644
93 0.590644
94 0.590644
95 0.590408
96 0.590408
97 0.556708
98 0.556708
99 0.556708
100 0.556708
101 0.556708
102 0.556708
103 0.556649
104 0.556649
105 0.525423
106 0.525423
107 0.525423
108 0.525423
109 0.525423
110 0.525423
111 0.525305
112 0.525305
113 0.497673
114 0.497673
115 0.497673
116 0.497673
117 0.497673
118 0.497673
119 0.497378
120 0.497378
121 0.470807
122 0.470807
123 0.470807
124 0.470807
125 0.470807
126 0.470807
127 0.470748
128 0.470748
129 0.44235
130 0.44235
131 0.44235
132 0.44235
133 0.44235
134 0.44235
135 0.44235
136 0.44235
137 0.419018
138 0.419018
139 0.419018
140 0.419018
141 0.419018
142 0.419018
143 0.41896
144 0.41896
145 0.396925
146 0.396925
147 0.396925
148 0.396925
149 0.396925
150 0.396925
151 0.396866
152 0.396866
153 0.375655
154 0.375655
155 0.375655
156 0.375655
157 0.375655
158 0.375655
159 0.375538
160 0.375538
161 0.354917
162 0.354917
163 0.354917
164 0.354917
165 0.354917
166 0.354917
167 0.354858
168 0.354858
169 0.334531
170 0.334531
171 0.334531
172 0.334531
173 0.334531
174 0.334531
175 0.334531
176 0.334531
177 0.317328
178 0.317328
179 0.317328
180 0.317328
181 0.317328
182 0.317328
183 0.317269
184 0.317269
185 0.300124
186 0.300124
187 0.300124
188 0.300124
189 0.300124
190 0.300124
191 0.300065
192 0.300065
193 0.283627
194 0.283627
195 0.283627
196 0.283627
197 0.283627
198 0.283627
199 0.283627
200 0.283627
201 0.270017
202 0.270017
203 0.270017
204 0.270017
205 0.270017
206 0.270017
207 0.270017
208 0.270017
209 0.255995
210 0.255995
211 0.255995
212 0.255995
213 0.255995
214 0.255995
215 0.255995
216 0.255995
217 0.241619
218 0.241619
219 0.241619
220 0.241619
221 0.241619
222 0.241619
223 0.241501
224 0.241501
225 0.228304
226 0.228304
227 0.228304
228 0.228304
229 0.228304
230 0.228304
231 0.228304
232 0.228304
233 0.216933
234 0.216933
235 0.216933
236 0.216933
237 0.216933
238 0.216933
239 0.216874
240 0.216874
241 0.204796
242 0.204796
243 0.204796
244 0.204796
245 0.204796
246 0.204796
247 0.20456
248 0.20456
249 0.194544
250 0.194544
251 0.194544
252 0.194544
253 0.194544
254 0.194544
255 0.194485
256 0.194485
257 0.185176
258 0.185176
259 0.185176
260 0.185176
261 0.185176
262 0.185176
263 0.185
264 0.185
265 0.17734
266 0.17734
267 0.17734
268 0.17734
269 0.17734
270 0.17734
271 0.177282
272 0.177282
273 0.169092
274 0.169092
275 0.169092
276 0.169092
277 0.169092
278 0.169092
279 0.169033
280 0.169033
281 0.160019
282 0.160019
283 0.160019
284 0.160019
285 0.160019
286 0.160019
287 0.15996
288 0.15996
289 0.152301
290 0.152301
291 0.152301
292 0.152301
293 0.152301
294 0.152301
295 0.152301
296 0.152301
297 0.144641
298 0.144641
299 0.144641
300 0.144641
301 0.144641
302 0.144641
303 0.144583
304 0.144583
305 0.138102
306 0.138102
307 0.138102
308 0.138102
309 0.138102
310 0.138102
311 0.138043
312 0.138043
313 0.130855
314 0.130855
315 0.130855
316 0.130855
317 0.130855
318 0.130855
319 0.130855
320 0.130855
321 0.125199
322 0.125199
323 0.125199
324 0.125199
325 0.125199
326 0.125199
327 0.125199
328 0.125199
329 0.119484
330 0.119484
331 0.119484
332 0.119484
333 0.119484
334 0.119484
335 0.119425
336 0.119425
337 0.114535
338 0.114535
339 0.114535
340 0.114535
341 0.114535
342 0.114535
343 0.114535
344 0.114535
345 0.109114
346 0.109114
347 0.109114
348 0.109114
349 0.109114
350 0.109114
351 0.108997
352 0.108997
353 0.103753
354 0.103753
355 0.103753
356 0.103753
357 0.103753
358 0.103753
359 0.103753
360 0.103753
361 0.1001
362 0.1001
363 0.1001
364 0.1001
365 0.1001
366 0.1001
367 0.0999823
368 0.0999823
369 0.0947976
370 0.0947976
371 0.0947976
372 0.0947976
373 0.0947976
374 0.0947976
375 0.0947976
376 0.0947976
377 0.090261
378 0.090261
379 0.090261
380 0.090261
381 0.090261
382 0.090261
383 0.0902021
384 0.0902021
385 0.0858422
386 0.0858422
387 0.0858422
388 0.0858422
389 0.0858422
390 0.0858422
391 0.0857833
392 0.0857833
393 0.0825429
394 0.0825429
395 0.0825429
396 0.0825429
397 0.0825429
398 0.0825429
399 0.0825429
400 0.0825429
401 0.0790668
402 0.0790668
403 0.0790668
404 0.0790668
405 0.0790668
406 0.0790668
407 0.0789489
408 0.0789489
409 0.0752961
410 0.0752961
411 0.0752961
412 0.0752961
413 0.0752961
414 0.0752961
415 0.0752961
416 0.0752961
417 0.0721145
418 0.0721145
419 0.0721145
420 0.0721145
421 0.0721145
422 0.0721145
423 0.0720556
424 0.0720556
425 0.0686973
426 0.0686973
427 0.0686973
428 0.0686973
429 0.0686973
430 0.0686973
431 0.0686973
432 0.0686973
433 0.0656337
434 0.0656337
435 0.0656337
436 0.0656337
437 0.0656337
438 0.0656337
439 0.0656337
440 0.0656337
441 0.0630413
442 0.0630413
443 0.0630413
444 0.0630413
445 0.0630413
446 0.0630413
447 0.0629824
448 0.0629824
449 0.0602722
450 0.0602722
451 0.0602722
452 0.0602722
453 0.0602722
454 0.0602722
455 0.0602722
456 0.0602722
457 0.0571496
458 0.0571496
459 0.0571496
460 0.0571496
461 0.0571496
462 0.0571496
463 0.0570907
464 0.0570907
465 0.0546162
466 0.0546162
467 0.0546162
468 0.0546162
469 0.0546162
470 0.0546162
471 0.0546162
472 0.0546162
473 0.0520827
474 0.0520827
475 0.0520827
476 0.0520827
477 0.0520827
478 0.0520827
479 0.0520238
480 0.0520238
481 0.0501974
482 0.0501974
483 0.0501974
484 0.0501974
485 0.0501974
486 0.0501974
487 0.0501974
488 0.0501974
489 0.0484299
490 0.0484299
491 0.0484299
492 0.0484299
493 0.0484299
494 0.0484299
495 0.0484299
496 0.0484299
497 0.0463088
498 0.0463088
499 0.0463088
500 0.0463088
501 0.0463088
502 0.0463088
503 0.0463088
504 0.0463088
505 0.0444235
506 0.0444235
507 0.0444235
508 0.0444235
509 0.0444235
510 0.0444235
511 0.0444235
512 0.0444235
513 0.0424792
514 0.0424792
515 0.0424792
516 0.0424792
517 0.0424792
518 0.0424792
519 0.0424792
520 0.0424792
521 0.040535
522 0.040535
523 0.040535
524 0.040535
525 0.040535
526 0.040535
527 0.040535
528 0.040535
529 0.0389442
530 0.0389442
531 0.0389442
532 0.0389442
533 0.0389442
534 0.0389442
535 0.0389442
536 0.0389442
537 0.0369999
538 0.0369999
539 0.0369999
540 0.0369999
541 0.0369999
542 0.0369999
543 0.0369999
544 0.0369999
545 0.0353503
546 0.0353503
547 0.0353503
548 0.0353503
549 0.0353503
550 0.0353503
551 0.0352913
552 0.0352913
553 0.0344076
554 0.0344076
555 0.0344076
556 0.0344076
557 0.0344076
558 0.0344076
559 0.0343487
560 0.0343487
561 0.0329936
562 0.0329936
563 0.0329936
564 0.0329936
565 0.0329936
566 0.0329936
567 0.0329347
568 0.0329347
569 0.0315796
570 0.0315796
571 0.0315796
572 0.0315796
573 0.0315796
574 0.0315796
575 0.0315796
576 0.0315796
577 0.0299299
578 0.0299299
579 0.0299299
580 0.0299299
581 0.0299299
582 0.0299299
583 0.0299299
584 0.0299299
585 0.0287515
586 0.0287515
587 0.0287515
588 0.0287515
589 0.0287515
590 0.0287515
591 0.0287515
592 0.0287515
593 0.0275732
594 0.0275732
595 0.0275732
596 0.0275732
597 0.0275732
598 0.0275732
599 0.0275732
600 0.0275732
601 0.0260414
602 0.0260414
603 0.0260414
604 0.0260414
605 0.0260414
606 0.0260414
607 0.0260414
608 0.0260414
609 0.0253933
610 0.0253933
611 0.0253933
612 0.0253933
613 0.0253933
614 0.0253933
615 0.0253344
616 0.0253344
617 0.0242149
618 0.0242149
619 0.0242149
620 0.0242149
621 0.0242149
622 0.0242149
623 0.0242149
624 0.0242149
625 0.0233312
626 0.0233312
627 0.0233312
628 0.0233312
629 0.0233312
630 0.0233312
631 0.0233312
632 0.0233312
633 0.0223296
634 0.0223296
635 0.0223296
636 0.0223296
637 0.0223296
638 0.0223296
639 0.0223296
640 0.0223296
641 0.0212691
642 0.0212691
643 0.0212691
644 0.0212691
645 0.0212691
646 0.0212691
647 0.0212691
648 0.0212691
649 0.0205032
650 0.0205032
651 0.0205032
652 0.0205032
653 0.0205032
654 0.0205032
655 0.0205032
656 0.0205032
657 0.0195605
658 0.0195605
659 0.0195605
660 0.0195605
661 0.0195605
662 0.0195605
663 0.0195605
664 0.0195605
665 0.0186767
666 0.0186767
667 0.0186767
668 0.0186767
669 0.0186767
670 0.0186767
671 0.0186767
672 0.0186767
673 0.0179108
674 0.0179108
675 0.0179108
676 0.0179108
677 0.0179108
678 0.0179108
679 0.0179108
680 0.0179108
681 0.0168503
682 0.0168503
683 0.0168503
684 0.0168503
685 0.0168503
686 0.0168503
687 0.0168503
688 0.0168503
689 0.0162022
690 0.0162022
691 0.0162022
692 0.0162022
693 0.0162022
694 0.0162022
695 0.0162022
696 0.0162022
697 0.0156719
698 0.0156719
699 0.0156719
700 0.0156719
701 0.0156719
702 0.0156719
703 0.0156719
704 0.0156719
705 0.0150828
706 0.0150828
707 0.0150828
708 0.0150828
709 0.0150828
710 0.0150828
711 0.0150828
712 0.0150828
713 0.0145525
714 0.0145525
715 0.0145525
716 0.0145525
717 0.0145525
718 0.0145525
719 0.0145525
720 0.0145525
721 0.0140812
722 0.0140812
723 0.0140812
724 0.0140812
725 0.0140812
726 0.0140812
727 0.0140812
728 0.0140812
729 0.0133153
730 0.0133153
731 0.0133153
732 0.0133153
733 0.0133153
734 0.0133153
735 0.0133153
736 0.0133153
737 0.0130796
738 0.0130796
739 0.0130796
740 0.0130796
741 0.0130796
742 0.0130796
743 0.0130796
744 0.0130796
745 0.0126083
746 0.0126083
747 0.0126083
748 0.0126083
749 0.0126083
750 0.0126083
751 0.0126083
752 0.0126083
753 0.012078
754 0.012078
755 0.012078
756 0.012078
757 0.012078
758 0.012078
759 0.012078
760 0.012078
761 0.0117245
762 0.0117245
763 0.0117245
764 0.0117245
765 0.0117245
766 0.0117245
767 0.0117245
768 0.0117245
769 0.0113121
770 0.0113121
771 0.0113121
772 0.0113121
773 0.0113121
774 0.0113121
775 0.0113121
776 0.0113121
777 0.0110175
778 0.0110175
779 0.0110175
780 0.0110175
781 0.0110175
782 0.0110175
783 0.0110175
784 0.0110175
785 0.0104283
786 0.0104283
787 0.0104283
788 0.0104283
789 0.0104283
790 0.0104283
791 0.0104283
792 0.0104283
793 0.0101927
794 0.0101927
795 0.0101927
796 0.0101927
797 0.0101927
798 0.0101927
799 0.0101337
800 0.0101337
801 0.0096624
802 0.0096624
803 0.0096624
804 0.0096624
805 0.0096624
806 0.0096624
807 0.0096624
808 0.0096624
809 0.00913215
810 0.00913215
811 0.00913215
812 0.00913215
813 0.00913215
814 0.00913215
815 0.00913215
816 0.00913215
817 0.00871973
818 0.00871973
819 0.00871973
820 0.00871973
821 0.00871973
822 0.00871973
823 0.00871973
824 0.00871973
825 0.00848406
826 0.00848406
827 0.00848406
828 0.00848406
829 0.00848406
830 0.00848406
831 0.00848406
832 0.00848406
833 0.00824839
834 0.00824839
835 0.00824839
836 0.00824839
837 0.00824839
838 0.00824839
839 0.00824839
840 0.00824839
841 0.00807164
842 0.00807164
843 0.00807164
844 0.00807164
845 0.00807164
846 0.00807164
847 0.00807164
848 0.00807164
849 0.00795381
850 0.00795381
851 0.00795381
852 0.00795381
853 0.00795381
854 0.00795381
855 0.00795381
856 0.00795381
857 0.00760031
858 0.00760031
859 0.00760031
860 0.00760031
861 0.00760031
862 0.00760031
863 0.00754139
864 0.00754139
865 0.00701114
866 0.00701114
867 0.00701114
868 0.00701114
869 0.00701114
870 0.00701114
871 0.00701114
872 0.00701114
873 0.00683438
874 0.00683438
875 0.00683438
876 0.00683438
877 0.00683438
878 0.00683438
879 0.00683438
880 0.00683438
881 0.00665763
882 0.00665763
883 0.00665763
884 0.00665763
885 0.00665763
886 0.00665763
887 0.00665763
888 0.00665763
889 0.00642196
890 0.00642196
891 0.00642196
892 0.00642196
893 0.00642196
894 0.00642196
895 0.00642196
896 0.00642196
897 0.00624521
898 0.00624521
899 0.00624521
900 0.00624521
901 0.00624521
902 0.00624521
903 0.00624521
904 0.00624521
905 0.00600954
906 0.00600954
907 0.00600954
908 0.00600954
909 0.00600954
910 0.00600954
911 0.00600954
912 0.00600954
913 0.00565604
914 0.00565604
915 0.00565604
916 0.00565604
917 0.00565604
918 0.00565604
919 0.00565604
920 0.00565604
921 0.00559712
922 0.00559712
923 0.00559712
924 0.00559712
925 0.00559712
926 0.00559712
927 0.00559712
928 0.00559712
929 0.0051847
930 0.0051847
931 0.0051847
932 0.0051847
933 0.0051847
934 0.0051847
935 0.0051847
936 0.0051847
937 0.00506687
938 0.00506687
939 0.00506687
940 0.00506687
941 0.00506687
942 0.00506687
943 0.00506687
944 0.00506687
945 0.00494904
946 0.00494904
947 0.00494904
948 0.00494904
949 0.00494904
950 0.00494904
951 0.00494904
952 0.00494904
953 0.00489012
954 0.00489012
955 0.00489012
956 0.00489012
957 0.00489012
958 0.00489012
959 0.00489012
960 0.00489012
961 0.0048312
962 0.0048312
963 0.0048312
964 0.0048312
965 0.0048312
966 0.0048312
967 0.0048312
968 0.0048312
969 0.00465445
970 0.00465445
971 0.00465445
972 0.00465445
973 0.00465445
974 0.00465445
975 0.00465445
976 0.00465445
977 0.00453662
978 0.00453662
979 0.00453662
980 0.00453662
981 0.00453662
982 0.00453662
983 0.00453662
984 0.00453662
985 0.00435987
986 0.00435987
987 0.00435987
988 0.00435987
989 0.00435987
990 0.00435987
991 0.00435987
992 0.00435987
993 0.00430095
994 0.00430095
995 0.00430095
996 0.00430095
997 0.00430095
998 0.00430095
999 0.00430095
1000 0.00430095
1001 0.00418311
1002 0.00418311
1003 0.00418311
1004 0.00418311
1005 0.00418311
1006 0.00418311
1007 0.00418311
1008 0.00418311
1009 0.00377069
1010 0.00377069
1011 0.00377069
1012 0.00377069
1013 0.00377069
1014 0.00377069
1015 0.00377069
1016 0.00377069
1017 0.00365286
1018 0.00365286
1019 0.00365286
1020 0.00365286
1021 0.00365286
1022 0.00365286
1023 0.00365286
1024 0.00365286
1025 0.00359394
1026 0.00359394
1027 0.00359394
1028 0.00359394
1029 0.00359394
1030 0.00359394
1031 0.00359394
1032 0.00359394
1033 0.00353503
1034 0.00353503
1035 0.00353503
1036 0.00353503
1037 0.00353503
1038 0.00353503
1039 0.00353503
1040 0.00353503
1041 0.00347611
1042 0.00347611
1043 0.00347611
1044 0.00347611
1045 0.00347611
1046 0.00347611
1047 0.00347611
1048 0.00347611
1049 0.00341719
1050 0.00341719
1051 0.00341719
1052 0.00341719
1053 0.00341719
1054 0.00341719
1055 0.00341719
1056 0.00341719
1057 0.00329936
1058 0.00329936
1059 0.00329936
1060 0.00329936
1061 0.00329936
1062 0.00329936
1063 0.00329936
1064 0.00329936
1065 0.00329936
1066 0.00329936
1067 0.00329936
1068 0.00329936
1069 0.00329936
1070 0.00329936
1071 0.00329936
1072 0.00329936
1073 0.00312261
1074 0.00312261
1075 0.00312261
1076 0.00312261
1077 0.00312261
1078 0.00312261
1079 0.00312261
1080 0.00312261
1081 0.00300477
1082 0.00300477
1083 0.00300477
1084 0.00300477
1085 0.00300477
1086 0.00300477
1087 0.00300477
1088 0.00300477
1089 0.00294586
1090 0.00294586
1091 0.00294586
1092 0.00294586
1093 0.00294586
1094 0.00294586
1095 0.00294586
1096 0.00294586
1097 0.00288694
1098 0.00288694
1099 0.00288694
1100 0.00288694
1101 0.00288694
1102 0.00288694
1103 0.00288694
1104 0.00288694
1105 0.0027691
1106 0.0027691
1107 0.0027691
1108 0.0027691
1109 0.0027691
1110 0.0027691
1111 0.0027691
1112 0.0027691
1113 0.00271019
1114 0.00271019
1115 0.00271019
1116 0.00271019
1117 0.00271019
1118 0.00271019
1119 0.00271019
1120 0.00271019
1121 0.00259235
1122 0.00259235
1123 0.00259235
1124 0.00259235
1125 0.00259235
1126 0.00259235
1127 0.00259235
1128 0.00259235
1129 0.00259235
1130 0.00259235
1131 0.00259235
1132 0.00259235
1133 0.00259235
1134 0.00259235
1135 0.00259235
1136 0.00259235
1137 0.00253344
1138 0.00253344
1139 0.00253344
1140 0.00253344
1141 0.00253344
1142 0.00253344
1143 0.00253344
1144 0.00253344
1145 0.00235668
1146 0.00235668
1147 0.00235668
1148 0.00235668
1149 0.00235668
1150 0.00235668
1151 0.00235668
1152 0.00235668
1153 0.00235668
1154 0.00235668
1155 0.00235668
1156 0.00235668
1157 0.00235668
1158 0.00235668
1159 0.00235668
1160 0.00235668
1161 0.00229777
1162 0.00229777
1163 0.00229777
1164 0.00229777
1165 0.00229777
1166 0.00229777
1167 0.00229777
1168 0.00229777
1169 0.00217993
1170 0.00217993
1171 0.00217993
1172 0.00217993
1173 0.00217993
1174 0.00217993
1175 0.00217993
1176 0.00217993
1177 0.00217993
1178 0.00217993
1179 0.00217993
1180 0.00217993
1181 0.00217993
1182 0.00217993
1183 0.00217993
1184 0.00217993
1185 0.00200318
1186 0.00200318
1187 0.00200318
1188 0.00200318
1189 0.00200318
1190 0.00200318
1191 0.00200318
1192 0.00200318
1193 0.00194426
1194 0.00194426
1195 0.00194426
1196 0.00194426
1197 0.00194426
1198 0.00194426
1199 0.00194426
1200 0.00194426
1201 0.00194426
1202 0.00194426
1203 0.00194426
1204 0.00194426
1205 0.00194426
1206 0.00194426
1207 0.00194426
1208 0.00194426
1209 0.00188535
1210 0.00188535
1211 0.00188535
1212 0.00188535
1213 0.00188535
1214 0.00188535
1215 0.00188535
1216 0.00188535
1217 0.00188535
1218 0.00188535
1219 0.00188535
1220 0.00188535
1221 0.00188535
1222 0.00188535
1223 0.00188535
1224 0.00188535
1225 0.00176751
1226 0.00176751
1227 0.00176751
1228 0.00176751
1229 0.00176751
1230 0.00176751
1231 0.00176751
1232 0.00176751
1233 0.0017086
1234 0.0017086
1235 0.0017086
1236 0.0017086
1237 0.0017086
1238 0.0017086
1239 0.0017086
1240 0.0017086
1241 0.0017086
1242 0.0017086
1243 0.0017086
1244 0.0017086
1245 0.0017086
1246 0.0017086
1247 0.0017086
1248 0.0017086
1249 0.00164968
1250 0.00164968
1251 0.00164968
1252 0.00164968
1253 0.00164968
1254 0.00164968
1255 0.00164968
1256 0.00164968
1257 0.00164968
1258 0.00164968
1259 0.00164968
1260 0.00164968
1261 0.00164968
1262 0.00164968
1263 0.00164968
1264 0.00164968
1265 0.00164968
1266 0.00164968
1267 0.00164968
1268 0.00164968
1269 0.00164968
1270 0.00164968
1271 0.00164968
1272 0.00164968
1273 0.00164968
1274 0.00164968
1275 0.00164968
1276 0.00164968
1277 0.00164968
1278 0.00164968
1279 0.00164968
1280 0.00164968
1281 0.00164968
1282 0.00164968
1283 0.00164968
1284 0.00164968
1285 0.00164968
1286 0.00164968
1287 0.00164968
1288 0.00164968
1289 0.00159076
1290 0.00159076
1291 0.00159076
1292 0.00159076
1293 0.00159076
1294 0.00159076
1295 0.00159076
1296 0.00159076
1297 0.00153184
1298 0.00153184
1299 0.00153184
1300 0.00153184
1301 0.00153184
1302 0.00153184
1303 0.00153184
1304 0.00153184
1305 0.00153184
1306 0.00153184
1307 0.00153184
1308 0.00153184
1309 0.00153184
1310 0.00153184
1311 0.00153184
1312 0.00153184
1313 0.00153184
1314 0.00153184
1315 0.00153184
1316 0.00153184
1317 0.00153184
1318 0.00153184
1319 0.00153184
1320 0.00153184
1321 0.00147293
1322 0.00147293
1323 0.00147293
1324 0.00147293
1325 0.00147293
1326 0.00147293
1327 0.00147293
1328 0.00147293
1329 0.00141401
1330 0.00141401
1331 0.00141401
1332 0.00141401
1333 0.00141401
1334 0.00141401
1335 0.00141401
1336 0.00141401
1337 0.00141401
1338 0.00141401
1339 0.00141401
1340 0.00141401
1341 0.00141401
1342 0.00141401
1343 0.00141401
1344 0.00141401
1345 0.00129618
1346 0.00129618
1347 0.00129618
1348 0.00129618
1349 0.00129618
1350 0.00129618
1351 0.00129618
1352 0.00129618
1353 0.00129618
1354 0.00129618
1355 0.00129618
1356 0.00129618
1357 0.00129618
1358 0.00129618
1359 0.00129618
1360 0.00129618
1361 0.00129618
1362 0.00129618
1363 0.00129618
1364 0.00129618
1365 0.00129618
1366 0.00129618
1367 0.00129618
1368 0.00129618
1369 0.00111942
1370 0.00111942
1371 0.00111942
1372 0.00111942
1373 0.00111942
1374 0.00111942
1375 0.00111942
1376 0.00111942
1377 0.00111942
1378 0.00111942
1379 0.00111942
1380 0.00111942
1381 0.00111942
1382 0.00111942
1383 0.00111942
1384 0.00111942
1385 0.00111942
1386 0.00111942
1387 0.00111942
1388 0.00111942
1389 0.00111942
1390 0.00111942
1391 0.00111942
1392 0.00111942
1393 0.00106051
1394 0.00106051
1395 0.00106051
1396 0.00106051
1397 0.00106051
1398 0.00106051
1399 0.00106051
1400 0.00106051
1401 0.00106051
1402 0.00106051
1403 0.00106051
1404 0.00106051
1405 0.00106051
1406 0.00106051
1407 0.00106051
1408 0.00106051
1409 0.00106051
1410 0.00106051
1411 0.00106051
1412 0.00106051
1413 0.00106051
1414 0.00106051
1415 0.00106051
1416 0.00106051
1417 0.00100159
1418 0.00100159
1419 0.00100159
1420 0.00100159
1421 0.00100159
1422 0.00100159
1423 0.00100159
1424 0.00100159
1425 0.000883757
1426 0.000883757
1427 0.000883757
1428 0.000883757
1429 0.000883757
1430 0.000883757
1431 0.000883757
1432 0.000883757
1433 0.000883757
1434 0.000883757
1435 0.000883757
1436 0.000883757
1437 0.000883757
1438 0.000883757
1439 0.000883757
1440 0.000883757
1441 0.000765922
1442 0.000765922
1443 0.000765922
1444 0.000765922
1445 0.000765922
1446 0.000765922
1447 0.000765922
1448 0.000765922
1449 0.000765922
1450 0.000765922
1451 0.000765922
1452 0.000765922
1453 0.000765922
1454 0.000765922
1455 0.000765922
1456 0.000765922
1457 0.000648088
1458 0.000648088
1459 0.000648088
1460 0.000648088
1461 0.000648088
1462 0.000648088
1463 0.000648088
1464 0.000648088
1465 0.000648088
1466 0.000648088
1467 0.000648088
1468 0.000648088
1469 0.000648088
1470 0.000648088
1471 0.000648088
1472 0.000648088
1473 0.000589171
1474 0.000589171
1475 0.000589171
1476 0.000589171
1477 0.000589171
1478 0.000589171
1479 0.000589171
1480 0.000589171
1481 0.000589171
1482 0.000589171
1483 0.000589171
1484 0.000589171
1485 0.000589171
1486 0.000589171
1487 0.000589171
1488 0.000589171
1489 0.000530254
1490 0.000530254
1491 0.000530254
1492 0.000530254
1493 0.000530254
1494 0.000530254
1495 0.000530254
1496 0.000530254
1497 0.000530254
1498 0.000530254
1499 0.000530254
1500 0.000530254
1501 0.000530254
1502 0.000530254
1503 0.000530254
1504 0.000530254
1505 0.000530254
1506 0.000530254
1507 0.000530254
1508 0.000530254
1509 0.000530254
1510 0.000530254
1511 0.000530254
1512 0.000530254
1513 0.00041242
1514 0.00041242
1515 0.00041242
1516 0.00041242
1517 0.00041242
1518 0.00041242
1519 0.00041242
1520 0.00041242
1521 0.00041242
1522 0.00041242
1523 0.00041242
1524 0.00041242
1525 0.00041242
1526 0.00041242
1527 0.00041242
1528 0.00041242
1529 0.00041242
1530 0.00041242
1531 0.00041242
1532 0.00041242
1533 0.00041242
1534 0.00041242
1535 0.00041242
1536 0.00041242
1537 0.00041242
1538 0.00041242
1539 0.00041242
1540 0.00041242
1541 0.00041242
1542 0.00041242
1543 0.00041242
1544 0.00041242
1545 0.00041242
1546 0.00041242
1547 0.00041242
1548 0.00041242
1549 0.00041242
1550 0.00041242
1551 0.00041242
1552 0.00041242
1553 0.00041242
1554 0.00041242
1555 0.00041242
1556 0.00041242
1557 0.00041242
1558 0.00041242
1559 0.00041242
1560 0.00041242
1561 0.000353503
1562 0.000353503
1563 0.000353503
1564 0.000353503
1565 0.000353503
1566 0.000353503
1567 0.000353503
1568 0.000353503
1569 0.000353503
1570 0.000353503
1571 0.000353503
1572 0.000353503
1573 0.000353503
1574 0.000353503
1575 0.000353503
1576 0.000353503
1577 0.000353503
1578 0.000353503
1579 0.000353503
1580 0.000353503
1581 0.000353503
1582 0.000353503
1583 0.000353503
1584 0.000353503
1585 0.000353503
1586 0.000353503
1587 0.000353503
1588 0.000353503
1589 0.000353503
1590 0.000353503
1591 0.000353503
1592 0.000353503
1593 0.000294586
1594 0.000294586
1595 0.000294586
1596 0.000294586
1597 0.000294586
1598 0.000294586
1599 0.000294586
1600 0.000294586
1601 0.000294586
1602 0.000294586
1603 0.000294586
1604 0.000294586
1605 0.000294586
1606 0.000294586
1607 0.000294586
1608 0.000294586
1609 0.000294586
1610 0.000294586
1611 0.000294586
1612 0.000294586
1613 0.000294586
1614 0.000294586
1615 0.000294586
1616 0.000294586
1617 0.000294586
1618 0.000294586
1619 0.000294586
1620 0.000294586
1621 0.000294586
1622 0.000294586
1623 0.000294586
1624 0.000294586
1625 0.000294586
1626 0.000294586
1627 0.000294586
1628 0.000294586
1629 0.000294586
1630 0.000294586
1631 0.000294586
1632 0.000294586
1633 0.000294586
1634 0.000294586
1635 0.000294586
1636 0.000294586
1637 0.000294586
1638 0.000294586
1639 0.000294586
1640 0.000294586
1641 0.000294586
1642 0.000294586
1643 0.000294586
1644 0.000294586
1645 0.000294586
1646 0.000294586
1647 0.000294586
1648 0.000294586
1649 0.000294586
1650 0.000294586
1651 0.000294586
1652 0.000294586
1653 0.000294586
1654 0.000294586
1655 0.000294586
1656 0.000294586
1657 0.000235668
1658 0.000235668
1659 0.000235668
1660 0.000235668
1661 0.000235668
1662 0.000235668
1663 0.000235668
1664 0.000235668
1665 0.000235668
1666 0.000235668
1667 0.000235668
1668 0.000235668
1669 0.000235668
1670 0.000235668
1671 0.000235668
1672 0.000235668
1673 0.000235668
1674 0.000235668
1675 0.000235668
1676 0.000235668
1677 0.000235668
1678 0.000235668
1679 0.000235668
1680 0.000235668
1681 0.000235668
1682 0.000235668
1683 0.000235668
1684 0.000235668
1685 0.000235668
1686 0.000235668
1687 0.000235668
1688 0.000235668
1689 0.000235668
1690 0.000235668
1691 0.000235668
1692 0.000235668
1693 0.000235668
1694 0.000235668
1695 0.000235668
1696 0.000235668
1697 0.000235668
1698 0.000235668
1699 0.000235668
1700 0.000235668
1701 0.000235668
1702 0.000235668
1703 0.000235668
1704 0.000235668
1705 0.000176751
1706 0.000176751
1707 0.000176751
1708 0.000176751
1709 0.000176751
1710 0.000176751
1711 0.000176751
1712 0.000176751
1713 0.000176751
1714 0.000176751
1715 0.000176751
1716 0.000176751
1717 0.000176751
1718 0.000176751
1719 0.000176751
1720 0.000176751
1721 0.000176751
1722 0.000176751
1723 0.000176751
1724 0.000176751
1725 0.000176751
1726 0.000176751
1727 0.000176751
1728 0.000176751
1729 0.000176751
1730 0.000176751
1731 0.000176751
1732 0.000176751
1733 0.000176751
1734 0.000176751
1735 0.000176751
1736 0.000176751
1737 0.000117834
1738 0.000117834
1739 0.000117834
1740 0.000117834
1741 0.000117834
1742 0.000117834
1743 0.000117834
1744 0.000117834
1745 0.000117834
1746 0.000117834
1747 0.000117834
1748 0.000117834
1749 0.000117834
1750 0.000117834
1751 0.000117834
1752 0.000117834
1753 0.000117834
1754 0.000117834
1755 0.000117834
1756 0.000117834
1757 0.000117834
1758 0.000117834
1759 0.000117834
1760 0.000117834
1761 0.000117834
1762 0.000117834
1763 0.000117834
1764 0.000117834
1765 0.000117834
1766 0.000117834
1767 0.000117834
1768 0.000117834
1769 0.000117834
1770 0.000117834
1771 0.000117834
1772 0.000117834
1773 0.000117834
1774 0.000117834
1775 0.000117834
1776 0.000117834
1777 0.000117834
1778 0.000117834
1779 0.000117834
1780 0.000117834
1781 0.000117834
1782 0.000117834
1783 0.000117834
1784 0.000117834
1785 0.000117834
1786 0.000117834
1787 0.000117834
1788 0.000117834
1789 0.000117834
1790 0.000117834
1791 0.000117834
1792 0.000117834
1793 0.000117834
1794 0.000117834
1795 0.000117834
1796 0.000117834
1797 0.000117834
1798 0.000117834
1799 0.000117834
1800 0.000117834
1801 0.000117834
1802 0.000117834
1803 0.000117834
1804 0.000117834
1805 0.000117834
1806 0.000117834
1807 0.000117834
1808 0.000117834
1809 0.000117834
1810 0.000117834
1811 0.000117834
1812 0.000117834
1813 0.000117834
1814 0.000117834
1815 0.000117834
1816 0.000117834
1817 0.000117834
1818 0.000117834
1819 0.000117834
1820 0.000117834
1821 0.000117834
1822 0.000117834
1823 0.000117834
1824 0.000117834
1825 0.000117834
1826 0.000117834
1827 0.000117834
1828 0.000117834
1829 0.000117834
1830 0.000117834
1831 0.000117834
1832 0.000117834
1833 0.000117834
1834 0.000117834
1835 0.000117834
1836 0.000117834
1837 0.000117834
1838 0.000117834
1839 0.000117834
1840 0.000117834
1841 0.000117834
1842 0.000117834
1843 0.000117834
1844 0.000117834
1845 0.000117834
1846 0.000117834
1847 0.000117834
1848 0.000117834
1849 0.000117834
1850 0.000117834
1851 0.000117834
1852 0.000117834
1853 0.000117834
1854 0.000117834
1855 0.000117834
1856 0.000117834
1857 0.000117834
1858 0.000117834
1859 0.000117834
1860 0.000117834
1861 0.000117834
1862 0.000117834
1863 0.000117834
1864 0.000117834
1865 0.000117834
1866 0.000117834
1867 0.000117834
1868 0.000117834
1869 0.000117834
1870 0.000117834
1871 0.000117834
1872 0.000117834
1873 0.000117834
1874 0.000117834
1875 0.000117834
1876 0.000117834
1877 0.000117834
1878 0.000117834
1879 0.000117834
1880 0.000117834
1881 0.000117834
1882 0.000117834
1883 0.000117834
1884 0.000117834
1885 0.000117834
1886 0.000117834
1887 0.000117834
1888 0.000117834
1889 0.000117834
1890 0.000117834
1891 0.000117834
1892 0.000117834
1893 0.000117834
1894 0.000117834
1895 0.000117834
1896 0.000117834
1897 0.000117834
1898 0.000117834
1899 0.000117834
1900 0.000117834
1901 0.000117834
1902 0.000117834
1903 0.000117834
1904 0.000117834
1905 0.000117834
1906 0.000117834
1907 0.000117834
1908 0.000117834
1909 0.000117834
1910 0.000117834
1911 0.000117834
1912 0.000117834
1913 0.000117834
1914 0.000117834
1915 0.000117834
1916 0.000117834
1917 0.000117834
1918 0.000117834
1919 0.000117834
1920 0.000117834
1921 0.000117834
1922 0.000117834
1923 0.000117834
1924 0.000117834
1925 0.000117834
1926 0.000117834
1927 0.000117834
1928 0.000117834
1929 0.000117834
1930 0.000117834
1931 0.000117834
1932 0.000117834
1933 0.000117834
1934 0.000117834
1935 0.000117834
1936 0.000117834
1937 0.000117834
1938 0.000117834
1939 0.000117834
1940 0.000117834
1941 0.000117834
1942 0.000117834
1943 0.000117834
1944 0.000117834
1945 5.89171e-05
1946 5.89171e-05
1947 5.89171e-05
1948 5.89171e-05
1949 5.89171e-05
1950 5.89171e-05
1951 5.89171e-05
1952 5.89171e-05
1953 5.89171e-05
1954 5.89171e-05
1955 5.89171e-05
1956 5.89171e-05
1957 5.89171e-05
1958 5.89171e-05
1959 5.89171e-05
1960 5.89171e-05
1961 5.89171e-05
1962 5.89171e-05
1963 5.89171e-05
1964 5.89171e-05
1965 5.89171e-05
1966 5.89171e-05
1967 5.89171e-05
1968 5.89171e-05
1969 5.89171e-05
1970 5.89171e-05
1971 5.89171e-05
1972 5.89171e-05
1973 5.89171e-05
1974 5.89171e-05
1975 5.89171e-05
1976 5.89171e-05
1977 5.89171e-05
1978 5.89171e-05
1979 5.89171e-05
1980 5.89171e-05
1981 5.89171e-05
1982 5.89171e-05
1983 5.89171e-05
1984 5.89171e-05
1985 5.89171e-05
1986 5.89171e-05
1987 5.89171e-05
1988 5.89171e-05
1989 5.89171e-05
1990 5.89171e-05
1991 5.89171e-05
1992 5.89171e-05
