0 1
1 1
2 1
3 1
4 1
5 1
6 1
7 1
8 1
9 1
10 1
11 1
12 1
13 1
14 1
15 1
16 1
17 1
18 1
19 1
20 1
21 1
22 1
23 1
24 1
25 1
26 1
27 1
28 1
29 1
30 1
31 1
32 1
33 1
34 1
35 1
36 1
37 1
38 1
39 1
40 1
41 0.998677
42 0.995811
43 0.994048
44 0.991402
45 0.989418
46 0.987213
47 0.984568
48 0.981922
49 0.980379
50 0.978395
51 0.977072
52 0.975088
53 0.972443
54 0.970679
55 0.968474
56 0.967152
57 0.963845
58 0.96142
59 0.957892
60 0.955467
61 0.953704
62 0.95172
63 0.948854
64 0.946869
65 0.945547
66 0.943122
67 0.942901
68 0.941358
69 0.938713
70 0.935185
71 0.931437
72 0.929453
73 0.92791
74 0.926146
75 0.923942
76 0.922178
77 0.920194
78 0.917328
79 0.915785
80 0.914683
81 0.912919
82 0.911596
83 0.909832
84 0.907848
85 0.906305
86 0.902998
87 0.899471
88 0.897707
89 0.897046
90 0.896164
91 0.893519
92 0.891975
93 0.889771
94 0.887566
95 0.886464
96 0.88448
97 0.882496
98 0.880952
99 0.878968
100 0.877645
101 0.876102
102 0.875
103 0.872795
104 0.871693
105 0.87015
106 0.867725
107 0.865961
108 0.8653
109 0.864198
110 0.862654
111 0.86067
112 0.859127
113 0.857363
114 0.854718
115 0.854277
116 0.851852
117 0.850529
118 0.848986
119 0.848325
120 0.846561
121 0.844356
122 0.841931
123 0.839506
124 0.837081
125 0.83642
126 0.833995
127 0.832011
128 0.830467
129 0.829586
130 0.828042
131 0.826279
132 0.824074
133 0.823192
134 0.820547
135 0.818122
136 0.815917
137 0.814815
138 0.812169
139 0.809965
140 0.808642
141 0.806658
142 0.805776
143 0.803571
144 0.802249
145 0.800485
146 0.798942
147 0.797619
148 0.795194
149 0.79343
150 0.791446
151 0.789242
152 0.787257
153 0.785494
154 0.784392
155 0.783069
156 0.780203
157 0.779762
158 0.778439
159 0.776455
160 0.774912
161 0.773369
162 0.772707
163 0.770944
164 0.767857
165 0.766534
166 0.764771
167 0.762566
168 0.761243
169 0.760362
170 0.758818
171 0.757055
172 0.755952
173 0.753527
174 0.751984
175 0.750661
176 0.74978
177 0.747134
178 0.746032
179 0.744709
180 0.743607
181 0.742284
182 0.7403
183 0.738757
184 0.738095
185 0.736552
186 0.73545
187 0.734127
188 0.731481
189 0.729718
190 0.727734
191 0.72597
192 0.724427
193 0.723325
194 0.720899
195 0.719577
196 0.717593
197 0.71627
198 0.715829
199 0.714506
200 0.713404
201 0.711861
202 0.710317
203 0.708554
204 0.706349
205 0.705247
206 0.703042
207 0.701499
208 0.700176
209 0.698633
210 0.696649
211 0.694665
212 0.692901
213 0.69246
214 0.692019
215 0.691358
216 0.689374
217 0.68761
218 0.685406
219 0.684303
220 0.68276
221 0.68254
222 0.680335
223 0.679233
224 0.67791
225 0.676587
226 0.675265
227 0.673501
228 0.672178
229 0.670635
230 0.669312
231 0.668651
232 0.667328
233 0.666005
234 0.664903
235 0.66358
236 0.663139
237 0.662257
238 0.660053
239 0.657407
240 0.656085
241 0.655644
242 0.654541
243 0.65366
244 0.652557
245 0.651675
246 0.650353
247 0.649471
248 0.64881
249 0.647928
250 0.646164
251 0.645062
252 0.643739
253 0.642416
254 0.641755
255 0.63955
256 0.638889
257 0.637125
258 0.635582
259 0.633818
260 0.633377
261 0.632055
262 0.630732
263 0.62985
264 0.628968
265 0.627645
266 0.626102
267 0.624559
268 0.623457
269 0.622355
270 0.621252
271 0.62037
272 0.619489
273 0.618386
274 0.617284
275 0.61552
276 0.614638
277 0.613536
278 0.612875
279 0.612213
280 0.610891
281 0.609127
282 0.608245
283 0.607363
284 0.606041
285 0.605159
286 0.603836
287 0.602513
288 0.602072
289 0.60075
290 0.599868
291 0.598986
292 0.597002
293 0.595899
294 0.594577
295 0.592813
296 0.591711
297 0.590168
298 0.589286
299 0.588183
300 0.586861
301 0.585979
302 0.585538
303 0.584877
304 0.583554
305 0.582452
306 0.581129
307 0.579806
308 0.579145
309 0.578924
310 0.578704
311 0.57716
312 0.575176
313 0.574735
314 0.573854
315 0.572751
316 0.572531
317 0.571649
318 0.570547
319 0.569665
320 0.569004
321 0.568122
322 0.56746
323 0.565917
324 0.564815
325 0.563272
326 0.561728
327 0.561067
328 0.560626
329 0.559965
330 0.559303
331 0.558201
332 0.557981
333 0.556878
334 0.556658
335 0.555776
336 0.555556
337 0.554894
338 0.553792
339 0.55291
340 0.552028
341 0.551146
342 0.549603
343 0.548501
344 0.547399
345 0.545855
346 0.543871
347 0.542989
348 0.542328
349 0.541667
350 0.541226
351 0.540344
352 0.540123
353 0.539903
354 0.539462
355 0.537698
356 0.536817
357 0.535494
358 0.535053
359 0.534171
360 0.532628
361 0.531967
362 0.529762
363 0.529101
364 0.528219
365 0.527116
366 0.526675
367 0.525573
368 0.524471
369 0.523369
370 0.522707
371 0.521164
372 0.520503
373 0.518739
374 0.517196
375 0.516534
376 0.515212
377 0.513889
378 0.513007
379 0.512346
380 0.511243
381 0.509921
382 0.509259
383 0.508157
384 0.506834
385 0.506173
386 0.505511
387 0.50463
388 0.504189
389 0.502866
390 0.501543
391 0.500661
392 0.5
393 0.499118
394 0.498457
395 0.497134
396 0.495811
397 0.495811
398 0.494929
399 0.493607
400 0.493386
401 0.492284
402 0.491623
403 0.490961
404 0.490741
405 0.4903
406 0.488977
407 0.488536
408 0.488095
409 0.487213
410 0.487213
411 0.486993
412 0.486772
413 0.486772
414 0.48545
415 0.484568
416 0.484347
417 0.484127
418 0.483466
419 0.482584
420 0.481481
421 0.481041
422 0.48082
423 0.479718
424 0.479277
425 0.478616
426 0.477954
427 0.477513
428 0.476852
429 0.476411
430 0.475309
431 0.474206
432 0.474206
433 0.473325
434 0.472884
435 0.472663
436 0.472002
437 0.470899
438 0.470018
439 0.469136
440 0.468474
441 0.467813
442 0.466931
443 0.465829
444 0.464947
445 0.463845
446 0.463183
447 0.462743
448 0.462302
449 0.461861
450 0.460538
451 0.459436
452 0.458774
453 0.458113
454 0.45679
455 0.456349
456 0.455688
457 0.454806
458 0.454365
459 0.453924
460 0.453042
461 0.45194
462 0.45172
463 0.450838
464 0.449956
465 0.449295
466 0.447751
467 0.44709
468 0.446429
469 0.445988
470 0.445547
471 0.444665
472 0.444004
473 0.443342
474 0.442681
475 0.441358
476 0.440256
477 0.439374
478 0.438713
479 0.438272
480 0.43761
481 0.436508
482 0.436508
483 0.436067
484 0.435626
485 0.433642
486 0.432981
487 0.432099
488 0.430996
489 0.430335
490 0.429674
491 0.429233
492 0.428792
493 0.428131
494 0.428131
495 0.427028
496 0.426587
497 0.426146
498 0.425265
499 0.424383
500 0.423942
501 0.42328
502 0.421958
503 0.421076
504 0.420194
505 0.418651
506 0.41821
507 0.417769
508 0.416887
509 0.416667
510 0.416005
511 0.414242
512 0.413801
513 0.412698
514 0.411596
515 0.410714
516 0.410053
517 0.409171
518 0.408069
519 0.407848
520 0.406966
521 0.406746
522 0.406305
523 0.405423
524 0.404762
525 0.403439
526 0.402557
527 0.402337
528 0.401896
529 0.401235
530 0.399912
531 0.399912
532 0.397928
533 0.397046
534 0.396384
535 0.395723
536 0.395062
537 0.394621
538 0.393959
539 0.392857
540 0.392416
541 0.391314
542 0.391093
543 0.391093
544 0.390873
545 0.389991
546 0.38955
547 0.388668
548 0.388228
549 0.388007
550 0.386905
551 0.386464
552 0.385802
553 0.385141
554 0.384921
555 0.3847
556 0.383818
557 0.383377
558 0.382716
559 0.381614
560 0.381173
561 0.380511
562 0.379189
563 0.378527
564 0.378086
565 0.377425
566 0.376764
567 0.376102
568 0.37522
569 0.37478
570 0.374118
571 0.373457
572 0.373457
573 0.373016
574 0.372795
575 0.372355
576 0.372355
577 0.372134
578 0.371693
579 0.371032
580 0.37037
581 0.369709
582 0.368166
583 0.367063
584 0.366623
585 0.365079
586 0.365079
587 0.364418
588 0.363536
589 0.363095
590 0.362875
591 0.362213
592 0.361993
593 0.361111
594 0.360229
595 0.360009
596 0.359568
597 0.358907
598 0.357804
599 0.357363
600 0.356702
601 0.35582
602 0.355379
603 0.355379
604 0.355159
605 0.354718
606 0.354056
607 0.353616
608 0.353175
609 0.352293
610 0.351852
611 0.351411
612 0.35119
613 0.35075
614 0.350088
615 0.349868
616 0.349427
617 0.348325
618 0.348325
619 0.347222
620 0.346781
621 0.345899
622 0.344577
623 0.344356
624 0.343695
625 0.343034
626 0.342593
627 0.34149
628 0.34149
629 0.340388
630 0.340388
631 0.340168
632 0.339947
633 0.338624
634 0.337963
635 0.337302
636 0.336861
637 0.336199
638 0.336199
639 0.335538
640 0.335317
641 0.335097
642 0.334436
643 0.333554
644 0.332451
645 0.332231
646 0.33179
647 0.331129
648 0.330688
649 0.329806
650 0.329806
651 0.328924
652 0.328483
653 0.328042
654 0.327822
655 0.327161
656 0.326499
657 0.325838
658 0.325397
659 0.325176
660 0.324956
661 0.324735
662 0.324074
663 0.323413
664 0.323413
665 0.322972
666 0.32231
667 0.32209
668 0.321869
669 0.321429
670 0.321208
671 0.320106
672 0.319665
673 0.318122
674 0.316799
675 0.316138
676 0.315476
677 0.315256
678 0.315035
679 0.314815
680 0.314153
681 0.313933
682 0.312831
683 0.312169
684 0.310185
685 0.309965
686 0.309524
687 0.308642
688 0.30754
689 0.30754
690 0.307099
691 0.306878
692 0.306658
693 0.306437
694 0.305776
695 0.304674
696 0.304233
697 0.303571
698 0.303131
699 0.30291
700 0.301587
701 0.301146
702 0.300705
703 0.299824
704 0.299383
705 0.299162
706 0.298942
707 0.298721
708 0.297619
709 0.297399
710 0.297178
711 0.296958
712 0.296517
713 0.295855
714 0.294974
715 0.294533
716 0.29343
717 0.292989
718 0.292769
719 0.292328
720 0.291667
721 0.290785
722 0.290344
723 0.290123
724 0.289462
725 0.289021
726 0.28858
727 0.28858
728 0.28858
729 0.28858
730 0.288139
731 0.287257
732 0.286596
733 0.286376
734 0.286155
735 0.285714
736 0.284832
737 0.284612
738 0.28351
739 0.282848
740 0.282407
741 0.281966
742 0.281966
743 0.281746
744 0.281746
745 0.281526
746 0.280864
747 0.280203
748 0.279321
749 0.279101
750 0.27888
751 0.27866
752 0.277998
753 0.277337
754 0.277116
755 0.275794
756 0.275132
757 0.274912
758 0.27381
759 0.273369
760 0.273369
761 0.273369
762 0.272928
763 0.272487
764 0.271825
765 0.271164
766 0.270944
767 0.270944
768 0.270723
769 0.270503
770 0.269621
771 0.269621
772 0.268078
773 0.267196
774 0.266755
775 0.266314
776 0.265873
777 0.265212
778 0.264771
779 0.264109
780 0.263668
781 0.263668
782 0.263228
783 0.262346
784 0.261905
785 0.261464
786 0.261023
787 0.260802
788 0.260582
789 0.260362
790 0.260141
791 0.259921
792 0.259259
793 0.259039
794 0.258818
795 0.258598
796 0.258377
797 0.258377
798 0.257937
799 0.257496
800 0.256834
801 0.256614
802 0.256393
803 0.255511
804 0.25485
805 0.254189
806 0.253968
807 0.253748
808 0.253086
809 0.252866
810 0.252645
811 0.251984
812 0.251984
813 0.251102
814 0.250882
815 0.250882
816 0.250441
817 0.250441
818 0.24978
819 0.248898
820 0.247795
821 0.246914
822 0.246693
823 0.246252
824 0.246252
825 0.245811
826 0.24537
827 0.244489
828 0.244268
829 0.243607
830 0.243166
831 0.243166
832 0.243166
833 0.242504
834 0.242284
835 0.242063
836 0.241623
837 0.241402
838 0.241182
839 0.241182
840 0.240741
841 0.239859
842 0.238757
843 0.238095
844 0.237875
845 0.236993
846 0.236552
847 0.236111
848 0.235891
849 0.235891
850 0.23545
851 0.235229
852 0.235009
853 0.234568
854 0.234347
855 0.233686
856 0.233245
857 0.232363
858 0.232143
859 0.231922
860 0.231702
861 0.231481
862 0.2306
863 0.230159
864 0.229938
865 0.229497
866 0.229497
867 0.229056
868 0.228616
869 0.228395
870 0.227954
871 0.227513
872 0.226852
873 0.226411
874 0.226411
875 0.226411
876 0.22575
877 0.224868
878 0.224647
879 0.224206
880 0.223765
881 0.223545
882 0.222884
883 0.222663
884 0.222443
885 0.22134
886 0.220679
887 0.220238
888 0.219797
889 0.219577
890 0.219136
891 0.218695
892 0.218695
893 0.218474
894 0.218034
895 0.217372
896 0.216711
897 0.21627
898 0.216049
899 0.215829
900 0.215829
901 0.215388
902 0.214947
903 0.214727
904 0.214506
905 0.214065
906 0.214065
907 0.214065
908 0.213183
909 0.212963
910 0.212963
911 0.212522
912 0.212522
913 0.211861
914 0.211861
915 0.21142
916 0.211199
917 0.211199
918 0.210979
919 0.210979
920 0.210758
921 0.210538
922 0.210538
923 0.210317
924 0.209877
925 0.209877
926 0.209436
927 0.209215
928 0.208554
929 0.208113
930 0.208113
931 0.207672
932 0.207231
933 0.20657
934 0.206349
935 0.205908
936 0.205467
937 0.205247
938 0.205026
939 0.204145
940 0.203924
941 0.203924
942 0.203924
943 0.203924
944 0.203704
945 0.203483
946 0.202822
947 0.202601
948 0.20194
949 0.20172
950 0.200838
951 0.200838
952 0.200838
953 0.200397
954 0.200397
955 0.199956
956 0.199515
957 0.199515
958 0.199295
959 0.199295
960 0.198633
961 0.198413
962 0.198192
963 0.19731
964 0.196869
965 0.196869
966 0.196869
967 0.196869
968 0.196429
969 0.195988
970 0.195988
971 0.195547
972 0.195106
973 0.194885
974 0.194665
975 0.194004
976 0.193563
977 0.193563
978 0.19246
979 0.192019
980 0.191358
981 0.191358
982 0.191358
983 0.191138
984 0.190917
985 0.190697
986 0.190697
987 0.190697
988 0.190476
989 0.190035
990 0.190035
991 0.190035
992 0.189815
993 0.189815
994 0.189594
995 0.189153
996 0.188713
997 0.18761
998 0.18739
999 0.187169
1000 0.186949
1001 0.186287
1002 0.186067
1003 0.185185
1004 0.185185
1005 0.184965
1006 0.184965
1007 0.184965
1008 0.184303
1009 0.184083
1010 0.184083
1011 0.183862
1012 0.183422
1013 0.183201
1014 0.18276
1015 0.182319
1016 0.182319
1017 0.181437
1018 0.180996
1019 0.180776
1020 0.180556
1021 0.180335
1022 0.180115
1023 0.179674
1024 0.179674
1025 0.179012
1026 0.178131
1027 0.178131
1028 0.178131
1029 0.178131
1030 0.17769
1031 0.17769
1032 0.177469
1033 0.177028
1034 0.176587
1035 0.176146
1036 0.175705
1037 0.174603
1038 0.174603
1039 0.174603
1040 0.174383
1041 0.174162
1042 0.174162
1043 0.174162
1044 0.173721
1045 0.17328
1046 0.17306
1047 0.172619
1048 0.172399
1049 0.172399
1050 0.172399
1051 0.172178
1052 0.171958
1053 0.171958
1054 0.171517
1055 0.170855
1056 0.170414
1057 0.170414
1058 0.169533
1059 0.169533
1060 0.169533
1061 0.169533
1062 0.169533
1063 0.169312
1064 0.169092
1065 0.169092
1066 0.169092
1067 0.168871
1068 0.16821
1069 0.16821
1070 0.167989
1071 0.167989
1072 0.167549
1073 0.167108
1074 0.166887
1075 0.166667
1076 0.166667
1077 0.166667
1078 0.166667
1079 0.166226
1080 0.165785
1081 0.165344
1082 0.165123
1083 0.164903
1084 0.164683
1085 0.164021
1086 0.164021
1087 0.163801
1088 0.16358
1089 0.16358
1090 0.16358
1091 0.16358
1092 0.16358
1093 0.16336
1094 0.163139
1095 0.162919
1096 0.162257
1097 0.161817
1098 0.161376
1099 0.161376
1100 0.161376
1101 0.161155
1102 0.161155
1103 0.161155
1104 0.160494
1105 0.160053
1106 0.160053
1107 0.159612
1108 0.159392
1109 0.159392
1110 0.15873
1111 0.158289
1112 0.158289
1113 0.157848
1114 0.157848
1115 0.157848
1116 0.157407
1117 0.156746
1118 0.156526
1119 0.155864
1120 0.155864
1121 0.155644
1122 0.155644
1123 0.155644
1124 0.154982
1125 0.154762
1126 0.154541
1127 0.154101
1128 0.15366
1129 0.15366
1130 0.153219
1131 0.152778
1132 0.152557
1133 0.152557
1134 0.152557
1135 0.152337
1136 0.152337
1137 0.151675
1138 0.151675
1139 0.151675
1140 0.151675
1141 0.151455
1142 0.151455
1143 0.151235
1144 0.150573
1145 0.150573
1146 0.150573
1147 0.150573
1148 0.150573
1149 0.150573
1150 0.150353
1151 0.150132
1152 0.149912
1153 0.149471
1154 0.149471
1155 0.149471
1156 0.149471
1157 0.14903
1158 0.14881
1159 0.14881
1160 0.14881
1161 0.148589
1162 0.148148
1163 0.148148
1164 0.147928
1165 0.147928
1166 0.147928
1167 0.147928
1168 0.147707
1169 0.147487
1170 0.147266
1171 0.147266
1172 0.147266
1173 0.146605
1174 0.146384
1175 0.146164
1176 0.146164
1177 0.145944
1178 0.145503
1179 0.145503
1180 0.145282
1181 0.145062
1182 0.144841
1183 0.144841
1184 0.1444
1185 0.1444
1186 0.1444
1187 0.14418
1188 0.143739
1189 0.143519
1190 0.143298
1191 0.143078
1192 0.142857
1193 0.142416
1194 0.142416
1195 0.142416
1196 0.142416
1197 0.141975
1198 0.141093
1199 0.140432
1200 0.139991
1201 0.139771
1202 0.13933
1203 0.138889
1204 0.138889
1205 0.138448
1206 0.138448
1207 0.137787
1208 0.137787
1209 0.137787
1210 0.137566
1211 0.137125
1212 0.137125
1213 0.136684
1214 0.136684
1215 0.136684
1216 0.136464
1217 0.136023
1218 0.135802
1219 0.135802
1220 0.135362
1221 0.135362
1222 0.135141
1223 0.1347
1224 0.1347
1225 0.1347
1226 0.13448
1227 0.133818
1228 0.133818
1229 0.133598
1230 0.133377
1231 0.132937
1232 0.132937
1233 0.132937
1234 0.132937
1235 0.132937
1236 0.132716
1237 0.132496
1238 0.132055
1239 0.132055
1240 0.131834
1241 0.131834
1242 0.131834
1243 0.131614
1244 0.131393
1245 0.131393
1246 0.131173
1247 0.131173
1248 0.130952
1249 0.130952
1250 0.130732
1251 0.130291
1252 0.130291
1253 0.130291
1254 0.130291
1255 0.130291
1256 0.130291
1257 0.130291
1258 0.130291
1259 0.129409
1260 0.129409
1261 0.129409
1262 0.129189
1263 0.128748
1264 0.128086
1265 0.128086
1266 0.128086
1267 0.128086
1268 0.128086
1269 0.128086
1270 0.127646
1271 0.127646
1272 0.127646
1273 0.127646
1274 0.127646
1275 0.127646
1276 0.127646
1277 0.127425
1278 0.127425
1279 0.127425
1280 0.126984
1281 0.126984
1282 0.126323
1283 0.126102
1284 0.126102
1285 0.126102
1286 0.126102
1287 0.125882
1288 0.125882
1289 0.125882
1290 0.125661
1291 0.12522
1292 0.12522
1293 0.12478
1294 0.124559
1295 0.124559
1296 0.123898
1297 0.123898
1298 0.123457
1299 0.123457
1300 0.123016
1301 0.123016
1302 0.122795
1303 0.122795
1304 0.122795
1305 0.122795
1306 0.122134
1307 0.121914
1308 0.121914
1309 0.121914
1310 0.121914
1311 0.121693
1312 0.121252
1313 0.121032
1314 0.120811
1315 0.120811
1316 0.12037
1317 0.12037
1318 0.12037
1319 0.12037
1320 0.12037
1321 0.12015
1322 0.12015
1323 0.119929
1324 0.119709
1325 0.119268
1326 0.119268
1327 0.119268
1328 0.119268
1329 0.119268
1330 0.118827
1331 0.118607
1332 0.118166
1333 0.118166
1334 0.118166
1335 0.117945
1336 0.117945
1337 0.117945
1338 0.117945
1339 0.117945
1340 0.117725
1341 0.117284
1342 0.117284
1343 0.117284
1344 0.116843
1345 0.116843
1346 0.116623
1347 0.116623
1348 0.116182
1349 0.115741
1350 0.115741
1351 0.115741
1352 0.115741
1353 0.115741
1354 0.11552
1355 0.11552
1356 0.1153
1357 0.114638
1358 0.114198
1359 0.113977
1360 0.113977
1361 0.113977
1362 0.113757
1363 0.113757
1364 0.113536
1365 0.113536
1366 0.113536
1367 0.113316
1368 0.112875
1369 0.112875
1370 0.112875
1371 0.112875
1372 0.112654
1373 0.112654
1374 0.112434
1375 0.112213
1376 0.111993
1377 0.111993
1378 0.111772
1379 0.111772
1380 0.111772
1381 0.111552
1382 0.111552
1383 0.111552
1384 0.111552
1385 0.111332
1386 0.111111
1387 0.110891
1388 0.11067
1389 0.11067
1390 0.110229
1391 0.110009
1392 0.109788
1393 0.109788
1394 0.109788
1395 0.109347
1396 0.109127
1397 0.108907
1398 0.108466
1399 0.108245
1400 0.108245
1401 0.108025
1402 0.107804
1403 0.107584
1404 0.107584
1405 0.107584
1406 0.107584
1407 0.107584
1408 0.107143
1409 0.107143
1410 0.106922
1411 0.106922
1412 0.106922
1413 0.106922
1414 0.106922
1415 0.106922
1416 0.106702
1417 0.106702
1418 0.106702
1419 0.106261
1420 0.106041
1421 0.106041
1422 0.106041
1423 0.106041
1424 0.106041
1425 0.106041
1426 0.1056
1427 0.105379
1428 0.105159
1429 0.105159
1430 0.105159
1431 0.104277
1432 0.104056
1433 0.103616
1434 0.103616
1435 0.103616
1436 0.103616
1437 0.103616
1438 0.102734
1439 0.102734
1440 0.102513
1441 0.102072
1442 0.102072
1443 0.102072
1444 0.101631
1445 0.101411
1446 0.10119
1447 0.10097
1448 0.10075
1449 0.10075
1450 0.100309
1451 0.0998677
1452 0.0996473
1453 0.0989859
1454 0.0989859
1455 0.0989859
1456 0.0989859
1457 0.0989859
1458 0.0989859
1459 0.0987654
1460 0.098545
1461 0.098545
1462 0.098545
1463 0.098545
1464 0.098545
1465 0.0983245
1466 0.0983245
1467 0.0978836
1468 0.0976631
1469 0.0976631
1470 0.0976631
1471 0.0976631
1472 0.0974427
1473 0.0972222
1474 0.0972222
1475 0.0972222
1476 0.0967813
1477 0.0965608
1478 0.0963404
1479 0.0963404
1480 0.0963404
1481 0.0961199
1482 0.0961199
1483 0.0961199
1484 0.0958995
1485 0.0958995
1486 0.095679
1487 0.095679
1488 0.0950176
1489 0.0947972
1490 0.0945767
1491 0.0939153
1492 0.0936949
1493 0.0934744
1494 0.0934744
1495 0.0934744
1496 0.093254
1497 0.0928131
1498 0.0928131
1499 0.0923721
1500 0.0923721
1501 0.0923721
1502 0.0923721
1503 0.0923721
1504 0.0919312
1505 0.0917108
1506 0.0917108
1507 0.0917108
1508 0.0912698
1509 0.0912698
1510 0.0912698
1511 0.0910494
1512 0.0910494
1513 0.0910494
1514 0.0910494
1515 0.0910494
1516 0.0906085
1517 0.090388
1518 0.0899471
1519 0.0899471
1520 0.0899471
1521 0.0899471
1522 0.0897266
1523 0.0895062
1524 0.0892857
1525 0.0892857
1526 0.0892857
1527 0.0892857
1528 0.0892857
1529 0.0892857
1530 0.0888448
1531 0.0888448
1532 0.0888448
1533 0.0881834
1534 0.0881834
1535 0.0881834
1536 0.0881834
1537 0.0881834
1538 0.087963
1539 0.087963
1540 0.087963
1541 0.087963
1542 0.0877425
1543 0.0866402
1544 0.0861993
1545 0.0861993
1546 0.0861993
1547 0.0857584
1548 0.0857584
1549 0.0857584
1550 0.0857584
1551 0.0857584
1552 0.0855379
1553 0.0855379
1554 0.0855379
1555 0.0855379
1556 0.0853175
1557 0.0853175
1558 0.085097
1559 0.085097
1560 0.0848765
1561 0.0846561
1562 0.0846561
1563 0.0844356
1564 0.0842152
1565 0.0839947
1566 0.0839947
1567 0.0837743
1568 0.0835538
1569 0.0835538
1570 0.0835538
1571 0.0835538
1572 0.0835538
1573 0.0835538
1574 0.0835538
1575 0.0835538
1576 0.0835538
1577 0.0835538
1578 0.0833333
1579 0.0833333
1580 0.0833333
1581 0.0833333
1582 0.0831129
1583 0.0831129
1584 0.0831129
1585 0.0828924
1586 0.0824515
1587 0.0824515
1588 0.0824515
1589 0.0824515
1590 0.0824515
1591 0.082231
1592 0.082231
1593 0.082231
1594 0.0820106
1595 0.0817901
1596 0.0815697
1597 0.0815697
1598 0.0815697
1599 0.0815697
1600 0.0813492
1601 0.0811287
1602 0.0811287
1603 0.0811287
1604 0.0809083
1605 0.0809083
1606 0.0806878
1607 0.0806878
1608 0.0806878
1609 0.0804674
1610 0.0804674
1611 0.0804674
1612 0.0800265
1613 0.079806
1614 0.0795855
1615 0.0793651
1616 0.0793651
1617 0.0793651
1618 0.0791446
1619 0.0791446
1620 0.0789242
1621 0.0787037
1622 0.0787037
1623 0.0787037
1624 0.0782628
1625 0.0776014
1626 0.077381
1627 0.07694
1628 0.0767196
1629 0.0764991
1630 0.0764991
1631 0.0764991
1632 0.0758377
1633 0.0758377
1634 0.0758377
1635 0.0758377
1636 0.0756173
1637 0.0756173
1638 0.0756173
1639 0.0756173
1640 0.0756173
1641 0.0753968
1642 0.0753968
1643 0.0753968
1644 0.0751764
1645 0.0751764
1646 0.0751764
1647 0.074515
1648 0.0742945
1649 0.0742945
1650 0.0742945
1651 0.0742945
1652 0.0740741
1653 0.0740741
1654 0.0738536
1655 0.0736332
1656 0.0734127
1657 0.0731922
1658 0.0729718
1659 0.0727513
1660 0.0727513
1661 0.0727513
1662 0.0725309
1663 0.0723104
1664 0.0723104
1665 0.0723104
1666 0.0723104
1667 0.0720899
1668 0.0720899
1669 0.0720899
1670 0.0720899
1671 0.0718695
1672 0.0718695
1673 0.071649
1674 0.071649
1675 0.071649
1676 0.071649
1677 0.071649
1678 0.0714286
1679 0.0712081
1680 0.0707672
1681 0.0705467
1682 0.0705467
1683 0.0705467
1684 0.0705467
1685 0.0705467
1686 0.0705467
1687 0.0703263
1688 0.0701058
1689 0.0701058
1690 0.0701058
1691 0.0698854
1692 0.0694444
1693 0.0694444
1694 0.069224
1695 0.069224
1696 0.069224
1697 0.069224
1698 0.0690035
1699 0.0687831
1700 0.0687831
1701 0.0685626
1702 0.0685626
1703 0.0683421
1704 0.0683421
1705 0.0683421
1706 0.0681217
1707 0.0681217
1708 0.0681217
1709 0.0681217
1710 0.0679012
1711 0.0679012
1712 0.0676808
1713 0.0676808
1714 0.0674603
1715 0.0672399
1716 0.0672399
1717 0.0672399
1718 0.0667989
1719 0.066358
1720 0.066358
1721 0.0661376
1722 0.0661376
1723 0.0661376
1724 0.0659171
1725 0.0659171
1726 0.0659171
1727 0.0656966
1728 0.0652557
1729 0.0652557
1730 0.0652557
1731 0.0650353
1732 0.0645944
1733 0.0641534
1734 0.063933
1735 0.0637125
1736 0.0637125
1737 0.0634921
1738 0.0632716
1739 0.0630511
1740 0.0630511
1741 0.0628307
1742 0.0628307
1743 0.0628307
1744 0.0626102
1745 0.0626102
1746 0.0626102
1747 0.0626102
1748 0.0621693
1749 0.0621693
1750 0.0619489
1751 0.0619489
1752 0.0619489
1753 0.0619489
1754 0.0619489
1755 0.0619489
1756 0.0615079
1757 0.0612875
1758 0.061067
1759 0.0608466
1760 0.0606261
1761 0.0606261
1762 0.0606261
1763 0.0606261
1764 0.0606261
1765 0.0606261
1766 0.0606261
1767 0.0606261
1768 0.0606261
1769 0.0606261
1770 0.0606261
1771 0.0604056
1772 0.0604056
1773 0.0604056
1774 0.0604056
1775 0.0601852
1776 0.0601852
1777 0.0601852
1778 0.0599647
1779 0.0599647
1780 0.0599647
1781 0.0599647
1782 0.0597443
1783 0.0595238
1784 0.0593034
1785 0.0593034
1786 0.0593034
1787 0.0593034
1788 0.0593034
1789 0.0593034
1790 0.0593034
1791 0.0593034
1792 0.0590829
1793 0.0590829
1794 0.0590829
1795 0.0590829
1796 0.0590829
1797 0.0590829
1798 0.0590829
1799 0.0588624
1800 0.0584215
1801 0.0584215
1802 0.0582011
1803 0.0582011
1804 0.0582011
1805 0.0582011
1806 0.0579806
1807 0.0579806
1808 0.0579806
1809 0.0579806
1810 0.0579806
1811 0.0577601
1812 0.0577601
1813 0.0575397
1814 0.0575397
1815 0.0570988
1816 0.0568783
1817 0.0568783
1818 0.0566578
1819 0.0564374
1820 0.0564374
1821 0.0564374
1822 0.0564374
1823 0.0564374
1824 0.0564374
1825 0.0564374
1826 0.0564374
1827 0.0564374
1828 0.0559965
1829 0.0559965
1830 0.0559965
1831 0.0559965
1832 0.0559965
1833 0.0559965
1834 0.055776
1835 0.055776
1836 0.055776
1837 0.0555556
1838 0.0555556
1839 0.0555556
1840 0.0555556
1841 0.0553351
1842 0.0553351
1843 0.0553351
1844 0.0553351
1845 0.0553351
1846 0.0548942
1847 0.0548942
1848 0.0546737
1849 0.0546737
1850 0.0542328
1851 0.0540123
1852 0.0540123
1853 0.0537919
1854 0.0535714
1855 0.053351
1856 0.053351
1857 0.053351
1858 0.053351
1859 0.053351
1860 0.0531305
1861 0.0531305
1862 0.0531305
1863 0.0529101
1864 0.0526896
1865 0.0526896
1866 0.0526896
1867 0.0526896
1868 0.0526896
1869 0.0526896
1870 0.0526896
1871 0.0526896
1872 0.0526896
1873 0.0526896
1874 0.0526896
1875 0.0526896
1876 0.0526896
1877 0.0522487
1878 0.0522487
1879 0.0522487
1880 0.0522487
1881 0.0520282
1882 0.0515873
1883 0.0515873
1884 0.0513668
1885 0.0513668
1886 0.0513668
1887 0.0511464
1888 0.0511464
1889 0.0509259
1890 0.0509259
1891 0.0509259
1892 0.0509259
1893 0.0509259
1894 0.0509259
1895 0.0507055
1896 0.0507055
1897 0.050485
1898 0.050485
1899 0.050485
1900 0.050485
1901 0.050485
1902 0.0502645
1903 0.0498236
1904 0.0498236
1905 0.0498236
1906 0.0498236
1907 0.0498236
1908 0.0496032
1909 0.0493827
1910 0.0489418
1911 0.0487213
1912 0.0487213
1913 0.0487213
1914 0.0487213
1915 0.0485009
1916 0.0485009
1917 0.04806
1918 0.0478395
1919 0.0478395
1920 0.0478395
1921 0.0478395
1922 0.0473986
1923 0.0473986
1924 0.0473986
1925 0.0471781
1926 0.0469577
1927 0.0469577
1928 0.0469577
1929 0.0467372
1930 0.0467372
1931 0.0467372
1932 0.0465168
1933 0.0462963
1934 0.0460758
1935 0.0460758
1936 0.0458554
1937 0.0458554
1938 0.0456349
1939 0.0454145
1940 0.045194
1941 0.045194
1942 0.0449735
1943 0.0449735
1944 0.0449735
1945 0.0445326
1946 0.0445326
1947 0.0445326
1948 0.0443122
1949 0.0443122
1950 0.0443122
1951 0.0443122
1952 0.0443122
1953 0.0443122
1954 0.0443122
1955 0.0440917
1956 0.0440917
1957 0.0440917
1958 0.0440917
1959 0.0440917
1960 0.0440917
1961 0.0440917
1962 0.0440917
1963 0.0436508
1964 0.0436508
1965 0.0436508
1966 0.0436508
1967 0.0436508
1968 0.0436508
1969 0.0436508
1970 0.0436508
1971 0.0436508
1972 0.0436508
1973 0.0436508
1974 0.0436508
1975 0.0436508
1976 0.0436508
1977 0.0434303
1978 0.0429894
1979 0.0425485
1980 0.0425485
1981 0.0425485
1982 0.0425485
1983 0.0425485
1984 0.0425485
1985 0.0425485
1986 0.042328
1987 0.042328
1988 0.0421076
1989 0.0421076
1990 0.0421076
1991 0.0421076
1992 0.0421076
1993 0.0421076
1994 0.0421076
1995 0.0421076
1996 0.0421076
1997 0.0418871
1998 0.0418871
1999 0.0418871
2000 0.0418871
2001 0.0416667
2002 0.0416667
2003 0.0414462
2004 0.0412257
2005 0.0410053
2006 0.0410053
2007 0.0410053
2008 0.0410053
2009 0.0410053
2010 0.0407848
2011 0.0405644
2012 0.0405644
2013 0.0405644
2014 0.0405644
2015 0.0405644
2016 0.0405644
2017 0.0405644
2018 0.0403439
2019 0.0403439
2020 0.0403439
2021 0.0403439
2022 0.0403439
2023 0.0403439
2024 0.0403439
2025 0.0403439
2026 0.0403439
2027 0.0401235
2028 0.0401235
2029 0.0401235
2030 0.039903
2031 0.039903
2032 0.039903
2033 0.0394621
2034 0.0394621
2035 0.0392416
2036 0.0392416
2037 0.0390212
2038 0.0390212
2039 0.0390212
2040 0.0390212
2041 0.0390212
2042 0.0390212
2043 0.0388007
2044 0.0388007
2045 0.0388007
2046 0.0388007
2047 0.0388007
2048 0.0388007
2049 0.0388007
2050 0.0388007
2051 0.0388007
2052 0.0388007
2053 0.0388007
2054 0.0388007
2055 0.0385802
2056 0.0385802
2057 0.0385802
2058 0.0385802
2059 0.0385802
2060 0.0385802
2061 0.0385802
2062 0.0383598
2063 0.0383598
2064 0.0383598
2065 0.0381393
2066 0.0381393
2067 0.0381393
2068 0.0381393
2069 0.0381393
2070 0.0381393
2071 0.0381393
2072 0.0381393
2073 0.0381393
2074 0.0381393
2075 0.0381393
2076 0.0381393
2077 0.0381393
2078 0.0381393
2079 0.0381393
2080 0.0381393
2081 0.0381393
2082 0.0381393
2083 0.0381393
2084 0.0381393
2085 0.0381393
2086 0.0379189
2087 0.0379189
2088 0.0376984
2089 0.0376984
2090 0.0376984
2091 0.0376984
2092 0.037478
2093 0.037478
2094 0.037478
2095 0.0372575
2096 0.0372575
2097 0.037037
2098 0.037037
2099 0.0368166
2100 0.0368166
2101 0.0368166
2102 0.0368166
2103 0.0368166
2104 0.0368166
2105 0.0368166
2106 0.0368166
2107 0.0368166
2108 0.0368166
2109 0.0368166
2110 0.0368166
2111 0.0368166
2112 0.0365961
2113 0.0365961
2114 0.0365961
2115 0.0365961
2116 0.0365961
2117 0.0365961
2118 0.0365961
2119 0.0365961
2120 0.0365961
2121 0.0365961
2122 0.0365961
2123 0.0365961
2124 0.0365961
2125 0.0365961
2126 0.0365961
2127 0.0363757
2128 0.0363757
2129 0.0363757
2130 0.0363757
2131 0.0361552
2132 0.0359347
2133 0.0359347
2134 0.0357143
2135 0.0354938
2136 0.0354938
2137 0.0354938
2138 0.0354938
2139 0.0354938
2140 0.0354938
2141 0.0354938
2142 0.0354938
2143 0.0352734
2144 0.0352734
2145 0.0352734
2146 0.0352734
2147 0.0352734
2148 0.0352734
2149 0.0352734
2150 0.0352734
2151 0.0352734
2152 0.0352734
2153 0.0352734
2154 0.0352734
2155 0.0352734
2156 0.0350529
2157 0.0350529
2158 0.0348325
2159 0.0343915
2160 0.0341711
2161 0.0341711
2162 0.0341711
2163 0.0341711
2164 0.0341711
2165 0.0341711
2166 0.0341711
2167 0.0339506
2168 0.0339506
2169 0.0339506
2170 0.0339506
2171 0.0339506
2172 0.0339506
2173 0.0339506
2174 0.0337302
2175 0.0337302
2176 0.0337302
2177 0.0335097
2178 0.0335097
2179 0.0335097
2180 0.0335097
2181 0.0335097
2182 0.0335097
2183 0.0335097
2184 0.0335097
2185 0.0335097
2186 0.0335097
2187 0.0335097
2188 0.0335097
2189 0.0335097
2190 0.0332892
2191 0.0330688
2192 0.0330688
2193 0.0330688
2194 0.0330688
2195 0.0330688
2196 0.0330688
2197 0.0330688
2198 0.0328483
2199 0.0328483
2200 0.0328483
2201 0.0326279
2202 0.0324074
2203 0.0324074
2204 0.0324074
2205 0.0324074
2206 0.0324074
2207 0.0324074
2208 0.0321869
2209 0.0321869
2210 0.0321869
2211 0.0321869
2212 0.0321869
2213 0.0321869
2214 0.0319665
2215 0.0319665
2216 0.0319665
2217 0.0319665
2218 0.031746
2219 0.0315256
2220 0.0315256
2221 0.0315256
2222 0.0315256
2223 0.0315256
2224 0.0315256
2225 0.0315256
2226 0.0315256
2227 0.0313051
2228 0.0310847
2229 0.0310847
2230 0.0308642
2231 0.0308642
2232 0.0308642
2233 0.0306437
2234 0.0306437
2235 0.0304233
2236 0.0304233
2237 0.0304233
2238 0.0302028
2239 0.0302028
2240 0.0302028
2241 0.0302028
2242 0.0302028
2243 0.0302028
2244 0.0297619
2245 0.0297619
2246 0.0297619
2247 0.0297619
2248 0.0297619
2249 0.0297619
2250 0.0295414
2251 0.0295414
2252 0.0295414
2253 0.029321
2254 0.029321
2255 0.0291005
2256 0.0291005
2257 0.0291005
2258 0.0288801
2259 0.0288801
2260 0.0288801
2261 0.0288801
2262 0.0288801
2263 0.0288801
2264 0.0288801
2265 0.0286596
2266 0.0286596
2267 0.0286596
2268 0.0286596
2269 0.0286596
2270 0.0286596
2271 0.0286596
2272 0.0286596
2273 0.0286596
2274 0.0286596
2275 0.0286596
2276 0.0286596
2277 0.0286596
2278 0.0286596
2279 0.0286596
2280 0.0284392
2281 0.0284392
2282 0.0284392
2283 0.0282187
2284 0.0282187
2285 0.0282187
2286 0.0279982
2287 0.0279982
2288 0.0277778
2289 0.0277778
2290 0.0277778
2291 0.0275573
2292 0.0275573
2293 0.0275573
2294 0.0275573
2295 0.0275573
2296 0.0275573
2297 0.0275573
2298 0.0275573
2299 0.0275573
2300 0.0275573
2301 0.0275573
2302 0.0275573
2303 0.0273369
2304 0.0271164
2305 0.0271164
2306 0.0268959
2307 0.0268959
2308 0.0268959
2309 0.0268959
2310 0.0268959
2311 0.0268959
2312 0.0268959
2313 0.0268959
2314 0.0268959
2315 0.0268959
2316 0.0266755
2317 0.0266755
2318 0.026455
2319 0.026455
2320 0.0262346
2321 0.0262346
2322 0.0262346
2323 0.0262346
2324 0.0262346
2325 0.0260141
2326 0.0260141
2327 0.0260141
2328 0.0260141
2329 0.0260141
2330 0.0260141
2331 0.0260141
2332 0.0260141
2333 0.0257937
2334 0.0257937
2335 0.0257937
2336 0.0257937
2337 0.0257937
2338 0.0257937
2339 0.0257937
2340 0.0257937
2341 0.0255732
2342 0.0255732
2343 0.0253527
2344 0.0253527
2345 0.0253527
2346 0.0253527
2347 0.0253527
2348 0.0253527
2349 0.0251323
2350 0.0251323
2351 0.0251323
2352 0.0251323
2353 0.0246914
2354 0.0246914
2355 0.0246914
2356 0.0246914
2357 0.0246914
2358 0.0244709
2359 0.0242504
2360 0.0242504
2361 0.0242504
2362 0.0242504
2363 0.0242504
2364 0.0242504
2365 0.0242504
2366 0.0242504
2367 0.0242504
2368 0.0242504
2369 0.0242504
2370 0.0242504
2371 0.0242504
2372 0.02403
2373 0.02403
2374 0.0238095
2375 0.0235891
2376 0.0235891
2377 0.0235891
2378 0.0233686
2379 0.0233686
2380 0.0233686
2381 0.0233686
2382 0.0233686
2383 0.0233686
2384 0.0233686
2385 0.0233686
2386 0.0233686
2387 0.0233686
2388 0.0233686
2389 0.0233686
2390 0.0233686
2391 0.0233686
2392 0.0233686
2393 0.0233686
2394 0.0231481
2395 0.0231481
2396 0.0231481
2397 0.0231481
2398 0.0231481
2399 0.0229277
2400 0.0229277
2401 0.0227072
2402 0.0227072
2403 0.0227072
2404 0.0227072
2405 0.0227072
2406 0.0224868
2407 0.0224868
2408 0.0224868
2409 0.0224868
2410 0.0224868
2411 0.0224868
2412 0.0224868
2413 0.0224868
2414 0.0222663
2415 0.0222663
2416 0.0222663
2417 0.0222663
2418 0.0222663
2419 0.0222663
2420 0.0220459
2421 0.0220459
2422 0.0218254
2423 0.0218254
2424 0.0218254
2425 0.0218254
2426 0.0218254
2427 0.0218254
2428 0.0218254
2429 0.0218254
2430 0.0216049
2431 0.0216049
2432 0.0216049
2433 0.0216049
2434 0.0216049
2435 0.0216049
2436 0.0216049
2437 0.0216049
2438 0.0216049
2439 0.0216049
2440 0.0213845
2441 0.0213845
2442 0.0213845
2443 0.0213845
2444 0.0213845
2445 0.0213845
2446 0.0213845
2447 0.0213845
2448 0.021164
2449 0.0209436
2450 0.0209436
2451 0.0209436
2452 0.0209436
2453 0.0209436
2454 0.0209436
2455 0.0207231
2456 0.0207231
2457 0.0207231
2458 0.0207231
2459 0.0207231
2460 0.0207231
2461 0.0207231
2462 0.0207231
2463 0.0207231
2464 0.0207231
2465 0.0207231
2466 0.0207231
2467 0.0207231
2468 0.0207231
2469 0.0207231
2470 0.0207231
2471 0.0207231
2472 0.0207231
2473 0.0207231
2474 0.0207231
2475 0.0207231
2476 0.0207231
2477 0.0207231
2478 0.0207231
2479 0.0207231
2480 0.0207231
2481 0.0207231
2482 0.0207231
2483 0.0207231
2484 0.0207231
2485 0.0207231
2486 0.0207231
2487 0.0205026
2488 0.0205026
2489 0.0205026
2490 0.0205026
2491 0.0205026
2492 0.0205026
2493 0.0205026
2494 0.0205026
2495 0.0205026
2496 0.0205026
2497 0.0205026
2498 0.0205026
2499 0.0205026
2500 0.0205026
2501 0.0205026
2502 0.0205026
2503 0.0202822
2504 0.0202822
2505 0.0202822
2506 0.0202822
2507 0.0202822
2508 0.0202822
2509 0.0202822
2510 0.0200617
2511 0.0198413
2512 0.0198413
2513 0.0198413
2514 0.0198413
2515 0.0198413
2516 0.0198413
2517 0.0198413
2518 0.0198413
2519 0.0198413
2520 0.0198413
2521 0.0194004
2522 0.0194004
2523 0.0194004
2524 0.0194004
2525 0.0194004
2526 0.0194004
2527 0.0194004
2528 0.0194004
2529 0.0194004
2530 0.0194004
2531 0.0194004
2532 0.0189594
2533 0.0189594
2534 0.0189594
2535 0.0189594
2536 0.0189594
2537 0.0189594
2538 0.0189594
2539 0.0189594
2540 0.0189594
2541 0.018739
2542 0.018739
2543 0.018739
2544 0.0185185
2545 0.0185185
2546 0.0185185
2547 0.0182981
2548 0.0182981
2549 0.0182981
2550 0.0182981
2551 0.0182981
2552 0.0182981
2553 0.0182981
2554 0.0182981
2555 0.0182981
2556 0.0182981
2557 0.0182981
2558 0.0180776
2559 0.0180776
2560 0.0180776
2561 0.0180776
2562 0.0180776
2563 0.0180776
2564 0.0180776
2565 0.0180776
2566 0.0180776
2567 0.0180776
2568 0.0180776
2569 0.0180776
2570 0.0180776
2571 0.0180776
2572 0.0180776
2573 0.0178571
2574 0.0178571
2575 0.0178571
2576 0.0178571
2577 0.0178571
2578 0.0178571
2579 0.0178571
2580 0.0178571
2581 0.0178571
2582 0.0178571
2583 0.0178571
2584 0.0178571
2585 0.0178571
2586 0.0178571
2587 0.0178571
2588 0.0178571
2589 0.0178571
2590 0.0178571
2591 0.0178571
2592 0.0178571
2593 0.0178571
2594 0.0178571
2595 0.0178571
2596 0.0178571
2597 0.0178571
2598 0.0178571
2599 0.0178571
2600 0.0178571
2601 0.0176367
2602 0.0176367
2603 0.0176367
2604 0.0176367
2605 0.0176367
2606 0.0176367
2607 0.0174162
2608 0.0171958
2609 0.0171958
2610 0.0171958
2611 0.0171958
2612 0.0171958
2613 0.0171958
2614 0.0171958
2615 0.0171958
2616 0.0171958
2617 0.0171958
2618 0.0171958
2619 0.0171958
2620 0.0171958
2621 0.0171958
2622 0.0171958
2623 0.0171958
2624 0.0171958
2625 0.0171958
2626 0.0171958
2627 0.0169753
2628 0.0169753
2629 0.0169753
2630 0.0169753
2631 0.0169753
2632 0.0165344
2633 0.0165344
2634 0.0165344
2635 0.0163139
2636 0.0163139
2637 0.0163139
2638 0.0163139
2639 0.0163139
2640 0.0163139
2641 0.0163139
2642 0.0163139
2643 0.0163139
2644 0.0163139
2645 0.0163139
2646 0.0163139
2647 0.0163139
2648 0.0163139
2649 0.0163139
2650 0.0163139
2651 0.0163139
2652 0.0163139
2653 0.0160935
2654 0.0160935
2655 0.0160935
2656 0.0160935
2657 0.0160935
2658 0.0160935
2659 0.0160935
2660 0.015873
2661 0.015873
2662 0.015873
2663 0.015873
2664 0.015873
2665 0.015873
2666 0.015873
2667 0.015873
2668 0.015873
2669 0.0156526
2670 0.0154321
2671 0.0154321
2672 0.0154321
2673 0.0154321
2674 0.0154321
2675 0.0154321
2676 0.0154321
2677 0.0154321
2678 0.0154321
2679 0.0154321
2680 0.0154321
2681 0.0152116
2682 0.0152116
2683 0.0152116
2684 0.0152116
2685 0.0149912
2686 0.0149912
2687 0.0149912
2688 0.0149912
2689 0.0149912
2690 0.0149912
2691 0.0149912
2692 0.0147707
2693 0.0147707
2694 0.0147707
2695 0.0147707
2696 0.0147707
2697 0.0147707
2698 0.0145503
2699 0.0145503
2700 0.0145503
2701 0.0145503
2702 0.0145503
2703 0.0145503
2704 0.0145503
2705 0.0145503
2706 0.0145503
2707 0.0145503
2708 0.0145503
2709 0.0145503
2710 0.0145503
2711 0.0145503
2712 0.0145503
2713 0.0145503
2714 0.0143298
2715 0.0143298
2716 0.0141093
2717 0.0141093
2718 0.0141093
2719 0.0141093
2720 0.0141093
2721 0.0141093
2722 0.0141093
2723 0.0141093
2724 0.0141093
2725 0.0141093
2726 0.0141093
2727 0.0136684
2728 0.0136684
2729 0.0136684
2730 0.0136684
2731 0.0136684
2732 0.0136684
2733 0.0136684
2734 0.0136684
2735 0.0136684
2736 0.0136684
2737 0.0136684
2738 0.0136684
2739 0.0136684
2740 0.0136684
2741 0.013448
2742 0.013448
2743 0.013448
2744 0.013448
2745 0.013448
2746 0.013448
2747 0.0132275
2748 0.0132275
2749 0.0132275
2750 0.0132275
2751 0.0132275
2752 0.0132275
2753 0.0132275
2754 0.0132275
2755 0.0132275
2756 0.0132275
2757 0.0132275
2758 0.0132275
2759 0.0132275
2760 0.0132275
2761 0.0132275
2762 0.0132275
2763 0.0132275
2764 0.0132275
2765 0.0132275
2766 0.0132275
2767 0.0132275
2768 0.0132275
2769 0.0132275
2770 0.0132275
2771 0.0132275
2772 0.0132275
2773 0.0132275
2774 0.0132275
2775 0.0132275
2776 0.0132275
2777 0.0132275
2778 0.0132275
2779 0.0132275
2780 0.0132275
2781 0.0127866
2782 0.0127866
2783 0.0127866
2784 0.0127866
2785 0.0127866
2786 0.0127866
2787 0.0127866
2788 0.0127866
2789 0.0127866
2790 0.0125661
2791 0.0125661
2792 0.0125661
2793 0.0125661
2794 0.0125661
2795 0.0125661
2796 0.0125661
2797 0.0125661
2798 0.0125661
2799 0.0123457
2800 0.0123457
2801 0.0123457
2802 0.0121252
2803 0.0121252
2804 0.0121252
2805 0.0121252
2806 0.0121252
2807 0.0121252
2808 0.0121252
2809 0.0121252
2810 0.0121252
2811 0.0121252
2812 0.0121252
2813 0.0121252
2814 0.0121252
2815 0.0121252
2816 0.0121252
2817 0.0121252
2818 0.0121252
2819 0.0121252
2820 0.0121252
2821 0.0121252
2822 0.0121252
2823 0.0121252
2824 0.0119048
2825 0.0119048
2826 0.0119048
2827 0.0119048
2828 0.0116843
2829 0.0116843
2830 0.0116843
2831 0.0116843
2832 0.0116843
2833 0.0116843
2834 0.0116843
2835 0.0116843
2836 0.0116843
2837 0.0116843
2838 0.0116843
2839 0.0116843
2840 0.0116843
2841 0.0116843
2842 0.0116843
2843 0.0116843
2844 0.0116843
2845 0.0116843
2846 0.0116843
2847 0.0114638
2848 0.0114638
2849 0.0114638
2850 0.0114638
2851 0.0114638
2852 0.0114638
2853 0.0114638
2854 0.0114638
2855 0.0114638
2856 0.0114638
2857 0.0114638
2858 0.0114638
2859 0.0114638
2860 0.0114638
2861 0.0112434
2862 0.0112434
2863 0.0112434
2864 0.0112434
2865 0.0112434
2866 0.0112434
2867 0.0112434
2868 0.0112434
2869 0.0110229
2870 0.0110229
2871 0.0110229
2872 0.0110229
2873 0.0110229
2874 0.0110229
2875 0.0110229
2876 0.0110229
2877 0.0110229
2878 0.0110229
2879 0.0110229
2880 0.0110229
2881 0.0108025
2882 0.0108025
2883 0.0108025
2884 0.0108025
2885 0.0108025
2886 0.0108025
2887 0.0108025
2888 0.010582
2889 0.010582
2890 0.010582
2891 0.010582
2892 0.010582
2893 0.010582
2894 0.010582
2895 0.010582
2896 0.010582
2897 0.010582
2898 0.010582
2899 0.010582
2900 0.010582
2901 0.010582
2902 0.010582
2903 0.010582
2904 0.010582
2905 0.010582
2906 0.010582
2907 0.010582
2908 0.010582
2909 0.010582
2910 0.010582
2911 0.010582
2912 0.010582
2913 0.010582
2914 0.010582
2915 0.010582
2916 0.0103616
2917 0.0103616
2918 0.0103616
2919 0.0103616
2920 0.0101411
2921 0.0101411
2922 0.0101411
2923 0.0101411
2924 0.0101411
2925 0.0101411
2926 0.0101411
2927 0.00992064
2928 0.00992064
2929 0.00992064
2930 0.00992064
2931 0.00992064
2932 0.00992064
2933 0.00992064
2934 0.00992064
2935 0.00992064
2936 0.00992064
2937 0.00992064
2938 0.00992064
2939 0.00992064
2940 0.00992064
2941 0.00992064
2942 0.00992064
2943 0.00992064
2944 0.00992064
2945 0.00992064
2946 0.00992064
2947 0.00992064
2948 0.00992064
2949 0.00992064
2950 0.00992064
2951 0.00992064
2952 0.00992064
2953 0.00992064
2954 0.00992064
2955 0.00992064
2956 0.00992064
2957 0.00992064
2958 0.00992064
2959 0.00992064
2960 0.00992064
2961 0.00992064
2962 0.00992064
2963 0.00992064
2964 0.00992064
2965 0.00992064
2966 0.00992064
2967 0.00992064
2968 0.00992064
2969 0.00992064
2970 0.00992064
2971 0.00992064
2972 0.00992064
2973 0.00992064
2974 0.00992064
2975 0.00992064
2976 0.00992064
2977 0.00992064
2978 0.00992064
2979 0.00992064
2980 0.00992064
2981 0.00992064
2982 0.00970018
2983 0.00970018
2984 0.00970018
2985 0.00970018
2986 0.00970018
2987 0.00970018
2988 0.00970018
2989 0.00970018
2990 0.00970018
2991 0.00970018
2992 0.00970018
2993 0.00970018
2994 0.00970018
2995 0.00970018
2996 0.00970018
2997 0.00970018
2998 0.00970018
2999 0.00970018
3000 0.00970018
3001 0.00970018
3002 0.00970018
3003 0.00970018
3004 0.00970018
3005 0.00970018
3006 0.00947972
3007 0.00947972
3008 0.00947972
3009 0.00925926
3010 0.00925926
3011 0.00925926
3012 0.00925926
3013 0.00925926
3014 0.00925926
3015 0.00925926
3016 0.00925926
3017 0.00925926
3018 0.00925926
3019 0.00925926
3020 0.00925926
3021 0.00925926
3022 0.00925926
3023 0.00925926
3024 0.00925926
3025 0.00925926
3026 0.00925926
3027 0.00925926
3028 0.00925926
3029 0.00925926
3030 0.00925926
3031 0.00925926
3032 0.00925926
3033 0.00925926
3034 0.00925926
3035 0.00925926
3036 0.00925926
3037 0.00925926
3038 0.00925926
3039 0.00925926
3040 0.00925926
3041 0.00925926
3042 0.00925926
3043 0.00925926
3044 0.00925926
3045 0.00925926
3046 0.00925926
3047 0.00925926
3048 0.00925926
3049 0.00925926
3050 0.0090388
3051 0.0090388
3052 0.0090388
3053 0.0090388
3054 0.0090388
3055 0.0090388
3056 0.0090388
3057 0.0090388
3058 0.0090388
3059 0.0090388
3060 0.0090388
3061 0.0090388
3062 0.0090388
3063 0.0090388
3064 0.0090388
3065 0.0090388
3066 0.0090388
3067 0.0090388
3068 0.0090388
3069 0.0090388
3070 0.0090388
3071 0.0090388
3072 0.0090388
3073 0.0090388
3074 0.0090388
3075 0.0090388
3076 0.0090388
3077 0.0090388
3078 0.0090388
3079 0.0090388
3080 0.0090388
3081 0.0090388
3082 0.0090388
3083 0.0090388
3084 0.00881834
3085 0.00881834
3086 0.00881834
3087 0.00881834
3088 0.00881834
3089 0.00881834
3090 0.00881834
3091 0.00881834
3092 0.00881834
3093 0.00881834
3094 0.00881834
3095 0.00881834
3096 0.00881834
3097 0.00881834
3098 0.00881834
3099 0.00881834
3100 0.00881834
3101 0.00881834
3102 0.00881834
3103 0.00881834
3104 0.00881834
3105 0.00881834
3106 0.00881834
3107 0.00881834
3108 0.00881834
3109 0.00881834
3110 0.00881834
3111 0.00881834
3112 0.00881834
3113 0.00859788
3114 0.00859788
3115 0.00859788
3116 0.00859788
3117 0.00859788
3118 0.00859788
3119 0.00859788
3120 0.00859788
3121 0.00859788
3122 0.00859788
3123 0.00859788
3124 0.00859788
3125 0.00859788
3126 0.00859788
3127 0.00859788
3128 0.00859788
3129 0.00859788
3130 0.00859788
3131 0.00859788
3132 0.00837743
3133 0.00837743
3134 0.00837743
3135 0.00837743
3136 0.00837743
3137 0.00837743
3138 0.00837743
3139 0.00815697
3140 0.00815697
3141 0.00815697
3142 0.00793651
3143 0.00793651
3144 0.00793651
3145 0.00793651
3146 0.00793651
3147 0.00793651
3148 0.00793651
3149 0.00793651
3150 0.00793651
3151 0.00793651
3152 0.00793651
3153 0.00793651
3154 0.00793651
3155 0.00793651
3156 0.00793651
3157 0.00793651
3158 0.00793651
3159 0.00793651
3160 0.00793651
3161 0.00793651
3162 0.00793651
3163 0.00793651
3164 0.00793651
3165 0.00793651
3166 0.00793651
3167 0.00793651
3168 0.00771605
3169 0.00771605
3170 0.00771605
3171 0.00771605
3172 0.00771605
3173 0.00771605
3174 0.00771605
3175 0.00771605
3176 0.00771605
3177 0.00771605
3178 0.00771605
3179 0.00771605
3180 0.00771605
3181 0.00771605
3182 0.00771605
3183 0.00771605
3184 0.00771605
3185 0.00771605
3186 0.00771605
3187 0.00771605
3188 0.00771605
3189 0.00771605
3190 0.00771605
3191 0.00771605
3192 0.00771605
3193 0.00771605
3194 0.00771605
3195 0.00771605
3196 0.00771605
3197 0.00771605
3198 0.00771605
3199 0.00771605
3200 0.00771605
3201 0.00771605
3202 0.00771605
3203 0.00771605
3204 0.00771605
3205 0.00749559
3206 0.00749559
3207 0.00749559
3208 0.00749559
3209 0.00749559
3210 0.00749559
3211 0.00749559
3212 0.00749559
3213 0.00749559
3214 0.00749559
3215 0.00749559
3216 0.00749559
3217 0.00749559
3218 0.00749559
3219 0.00749559
3220 0.00749559
3221 0.00749559
3222 0.00749559
3223 0.00749559
3224 0.00749559
3225 0.00749559
3226 0.00749559
3227 0.00749559
3228 0.00749559
3229 0.00749559
3230 0.00749559
3231 0.00749559
3232 0.00749559
3233 0.00749559
3234 0.00749559
3235 0.00749559
3236 0.00749559
3237 0.00749559
3238 0.00749559
3239 0.00749559
3240 0.00749559
3241 0.00749559
3242 0.00749559
3243 0.00749559
3244 0.00749559
3245 0.00749559
3246 0.00749559
3247 0.00749559
3248 0.00749559
3249 0.00727513
3250 0.00727513
3251 0.00727513
3252 0.00727513
3253 0.00727513
3254 0.00727513
3255 0.00727513
3256 0.00727513
3257 0.00727513
3258 0.00727513
3259 0.00727513
3260 0.00727513
3261 0.00727513
3262 0.00727513
3263 0.00727513
3264 0.00727513
3265 0.00727513
3266 0.00727513
3267 0.00683422
3268 0.00683422
3269 0.00683422
3270 0.00683422
3271 0.00683422
3272 0.00683422
3273 0.00683422
3274 0.00683422
3275 0.00683422
3276 0.00683422
3277 0.00683422
3278 0.00683422
3279 0.00683422
3280 0.00683422
3281 0.00683422
3282 0.00683422
3283 0.00683422
3284 0.00683422
3285 0.00683422
3286 0.00683422
3287 0.00683422
3288 0.00683422
3289 0.00683422
3290 0.00683422
3291 0.00683422
3292 0.00683422
3293 0.00683422
3294 0.00683422
3295 0.00683422
3296 0.00683422
3297 0.00683422
3298 0.00683422
3299 0.00683422
3300 0.00683422
3301 0.00683422
3302 0.00683422
3303 0.00683422
3304 0.00683422
3305 0.00683422
3306 0.00683422
3307 0.00683422
3308 0.00683422
3309 0.00683422
3310 0.00683422
3311 0.00683422
3312 0.00683422
3313 0.00683422
3314 0.00683422
3315 0.00683422
3316 0.00683422
3317 0.00683422
3318 0.00683422
3319 0.00683422
3320 0.00683422
3321 0.00683422
3322 0.00683422
3323 0.00683422
3324 0.00683422
3325 0.00683422
3326 0.00683422
3327 0.00683422
3328 0.00683422
3329 0.00683422
3330 0.00683422
3331 0.00683422
3332 0.00683422
3333 0.00683422
3334 0.00683422
3335 0.00661376
3336 0.00661376
3337 0.00661376
3338 0.00661376
3339 0.00661376
3340 0.00661376
3341 0.00661376
3342 0.00661376
3343 0.00661376
3344 0.00661376
3345 0.00661376
3346 0.00661376
3347 0.00661376
3348 0.00661376
3349 0.00661376
3350 0.00661376
3351 0.00661376
3352 0.00661376
3353 0.00661376
3354 0.00661376
3355 0.00661376
3356 0.00661376
3357 0.00661376
3358 0.00661376
3359 0.00661376
3360 0.00661376
3361 0.00661376
3362 0.00661376
3363 0.00661376
3364 0.00661376
3365 0.00661376
3366 0.00661376
3367 0.00661376
3368 0.00661376
3369 0.00661376
3370 0.00661376
3371 0.00661376
3372 0.00661376
3373 0.00661376
3374 0.00661376
3375 0.00661376
3376 0.00661376
3377 0.00661376
3378 0.00661376
3379 0.00661376
3380 0.00661376
3381 0.00661376
3382 0.00661376
3383 0.00661376
3384 0.00661376
3385 0.00661376
3386 0.00661376
3387 0.00661376
3388 0.00661376
3389 0.00661376
3390 0.00661376
3391 0.00661376
3392 0.00661376
3393 0.00661376
3394 0.00661376
3395 0.00661376
3396 0.00661376
3397 0.00661376
3398 0.00661376
3399 0.0063933
3400 0.0063933
3401 0.0063933
3402 0.0063933
3403 0.0063933
3404 0.0063933
3405 0.0063933
3406 0.0063933
3407 0.00617284
3408 0.00617284
3409 0.00617284
3410 0.00617284
3411 0.00617284
3412 0.00617284
3413 0.00617284
3414 0.00617284
3415 0.00617284
3416 0.00617284
3417 0.00617284
3418 0.00617284
3419 0.00617284
3420 0.00617284
3421 0.00617284
3422 0.00617284
3423 0.00617284
3424 0.00617284
3425 0.00617284
3426 0.00617284
3427 0.00617284
3428 0.00617284
3429 0.00617284
3430 0.00617284
3431 0.00617284
3432 0.00617284
3433 0.00595238
3434 0.00595238
3435 0.00595238
3436 0.00595238
3437 0.00595238
3438 0.00595238
3439 0.00595238
3440 0.00595238
3441 0.00595238
3442 0.00595238
3443 0.00595238
3444 0.00595238
3445 0.00595238
3446 0.00595238
3447 0.00595238
3448 0.00595238
3449 0.00595238
3450 0.00595238
3451 0.00595238
3452 0.00595238
3453 0.00595238
3454 0.00595238
3455 0.00595238
3456 0.00595238
3457 0.00595238
3458 0.00595238
3459 0.00595238
3460 0.00595238
3461 0.00595238
3462 0.00595238
3463 0.00595238
3464 0.00595238
3465 0.00595238
3466 0.00595238
3467 0.00595238
3468 0.00595238
3469 0.00595238
3470 0.00595238
3471 0.00595238
3472 0.00595238
3473 0.00595238
3474 0.00595238
3475 0.00595238
3476 0.00595238
3477 0.00595238
3478 0.00595238
3479 0.00595238
3480 0.00595238
3481 0.00595238
3482 0.00595238
3483 0.00595238
3484 0.00595238
3485 0.00595238
3486 0.00595238
3487 0.00595238
3488 0.00595238
3489 0.00595238
3490 0.00573192
3491 0.00573192
3492 0.00573192
3493 0.00573192
3494 0.00573192
3495 0.00573192
3496 0.00573192
3497 0.00573192
3498 0.00573192
3499 0.00573192
3500 0.00573192
3501 0.00573192
3502 0.00573192
3503 0.00573192
3504 0.00573192
3505 0.00573192
3506 0.00573192
3507 0.00573192
3508 0.00573192
3509 0.00573192
3510 0.00573192
3511 0.00573192
3512 0.00573192
3513 0.00573192
3514 0.00573192
3515 0.00573192
3516 0.00573192
3517 0.00573192
3518 0.00573192
3519 0.00573192
3520 0.00573192
3521 0.00573192
3522 0.00573192
3523 0.00573192
3524 0.00573192
3525 0.00573192
3526 0.00573192
3527 0.00573192
3528 0.00573192
3529 0.00551146
3530 0.00551146
3531 0.00551146
3532 0.00551146
3533 0.00551146
3534 0.00551146
3535 0.00551146
3536 0.00551146
3537 0.00551146
3538 0.00551146
3539 0.00551146
3540 0.00551146
3541 0.00551146
3542 0.00529101
3543 0.00529101
3544 0.00529101
3545 0.00529101
3546 0.00529101
3547 0.00529101
3548 0.00529101
3549 0.00529101
3550 0.00529101
3551 0.00529101
3552 0.00529101
3553 0.00529101
3554 0.00529101
3555 0.00529101
3556 0.00529101
3557 0.00529101
3558 0.00529101
3559 0.00529101
3560 0.00529101
3561 0.00529101
3562 0.00529101
3563 0.00529101
3564 0.00529101
3565 0.00529101
3566 0.00507055
3567 0.00507055
3568 0.00507055
3569 0.00507055
3570 0.00485009
3571 0.00485009
3572 0.00485009
3573 0.00485009
3574 0.00485009
3575 0.00485009
3576 0.00485009
3577 0.00485009
3578 0.00485009
3579 0.00485009
3580 0.00485009
3581 0.00485009
3582 0.00485009
3583 0.00485009
3584 0.00485009
3585 0.00485009
3586 0.00485009
3587 0.00485009
3588 0.00485009
3589 0.00485009
3590 0.00485009
3591 0.00485009
3592 0.00485009
3593 0.00485009
3594 0.00485009
3595 0.00485009
3596 0.00485009
3597 0.00485009
3598 0.00485009
3599 0.00485009
3600 0.00485009
3601 0.00485009
3602 0.00485009
3603 0.00485009
3604 0.00485009
3605 0.00462963
3606 0.00462963
3607 0.00462963
3608 0.00462963
3609 0.00462963
3610 0.00462963
3611 0.00462963
3612 0.00462963
3613 0.00462963
3614 0.00440917
3615 0.00440917
3616 0.00440917
3617 0.00440917
3618 0.00440917
3619 0.00440917
3620 0.00440917
3621 0.00440917
3622 0.00440917
3623 0.00440917
3624 0.00440917
3625 0.00440917
3626 0.00440917
3627 0.00418871
3628 0.00418871
3629 0.00418871
3630 0.00418871
3631 0.00418871
3632 0.00418871
3633 0.00418871
3634 0.00418871
3635 0.00418871
3636 0.00418871
3637 0.00418871
3638 0.00418871
3639 0.00418871
3640 0.00418871
3641 0.00418871
3642 0.00418871
3643 0.00418871
3644 0.00418871
3645 0.00418871
3646 0.00418871
3647 0.00418871
3648 0.00418871
3649 0.00418871
3650 0.00418871
3651 0.00418871
3652 0.00418871
3653 0.00418871
3654 0.00418871
3655 0.00418871
3656 0.00418871
3657 0.00418871
3658 0.00418871
3659 0.00418871
3660 0.00418871
3661 0.00418871
3662 0.00418871
3663 0.00418871
3664 0.00418871
3665 0.00418871
3666 0.00418871
3667 0.00418871
3668 0.00418871
3669 0.00418871
3670 0.00418871
3671 0.00418871
3672 0.00418871
3673 0.00418871
3674 0.00418871
3675 0.00418871
3676 0.00418871
3677 0.00418871
3678 0.00418871
3679 0.00418871
3680 0.00396825
3681 0.00396825
3682 0.00396825
3683 0.0037478
3684 0.0037478
3685 0.0037478
3686 0.0037478
3687 0.0037478
3688 0.0037478
3689 0.0037478
3690 0.0037478
3691 0.0037478
3692 0.0037478
3693 0.0037478
3694 0.0037478
3695 0.0037478
3696 0.0037478
3697 0.0037478
3698 0.0037478
3699 0.0037478
3700 0.0037478
3701 0.0037478
3702 0.0037478
3703 0.0037478
3704 0.0037478
3705 0.0037478
3706 0.0037478
3707 0.0037478
3708 0.0037478
3709 0.0037478
3710 0.0037478
3711 0.0037478
3712 0.0037478
3713 0.0037478
3714 0.0037478
3715 0.0037478
3716 0.0037478
3717 0.0037478
3718 0.0037478
3719 0.0037478
3720 0.0037478
3721 0.0037478
3722 0.0037478
3723 0.0037478
3724 0.0037478
3725 0.0037478
3726 0.0037478
3727 0.0037478
3728 0.0037478
3729 0.0037478
3730 0.0037478
3731 0.0037478
3732 0.0037478
3733 0.0037478
3734 0.0037478
3735 0.0037478
3736 0.0037478
3737 0.0037478
3738 0.0037478
3739 0.00352734
3740 0.00352734
3741 0.00352734
3742 0.00352734
3743 0.00352734
3744 0.00352734
3745 0.00352734
3746 0.00352734
3747 0.00352734
3748 0.00352734
3749 0.00352734
3750 0.00352734
3751 0.00352734
3752 0.00352734
3753 0.00352734
3754 0.00352734
3755 0.00352734
3756 0.00352734
3757 0.00352734
3758 0.00352734
3759 0.00352734
3760 0.00352734
3761 0.00330688
3762 0.00330688
3763 0.00330688
3764 0.00330688
3765 0.00330688
3766 0.00330688
3767 0.00330688
3768 0.00330688
3769 0.00330688
3770 0.00330688
3771 0.00330688
3772 0.00330688
3773 0.00330688
3774 0.00330688
3775 0.00330688
3776 0.00330688
3777 0.00330688
3778 0.00330688
3779 0.00330688
3780 0.00330688
3781 0.00330688
3782 0.00330688
3783 0.00330688
3784 0.00330688
3785 0.00330688
3786 0.00330688
3787 0.00330688
3788 0.00330688
3789 0.00308642
3790 0.00308642
3791 0.00308642
3792 0.00308642
3793 0.00308642
3794 0.00308642
3795 0.00308642
3796 0.00308642
3797 0.00308642
3798 0.00308642
3799 0.00308642
3800 0.00308642
3801 0.00308642
3802 0.00308642
3803 0.00308642
3804 0.00308642
3805 0.00308642
3806 0.00308642
3807 0.00308642
3808 0.00308642
3809 0.00308642
3810 0.00308642
3811 0.00308642
3812 0.00308642
3813 0.00308642
3814 0.00308642
3815 0.00308642
3816 0.00308642
3817 0.00308642
3818 0.00308642
3819 0.00308642
3820 0.00308642
3821 0.00308642
3822 0.00308642
3823 0.00308642
3824 0.00308642
3825 0.00308642
3826 0.00308642
3827 0.00308642
3828 0.00308642
3829 0.00286596
3830 0.00286596
3831 0.00286596
3832 0.00286596
3833 0.00286596
3834 0.00286596
3835 0.00286596
3836 0.00286596
3837 0.00286596
3838 0.00286596
3839 0.00286596
3840 0.00286596
3841 0.00286596
3842 0.00286596
3843 0.00286596
3844 0.00286596
3845 0.00286596
3846 0.00286596
3847 0.00286596
3848 0.00286596
3849 0.00286596
3850 0.00286596
3851 0.00286596
3852 0.00286596
3853 0.00286596
3854 0.00286596
3855 0.00286596
3856 0.00286596
3857 0.00286596
3858 0.00286596
3859 0.00286596
3860 0.00286596
3861 0.00286596
3862 0.00286596
3863 0.00286596
3864 0.00286596
3865 0.00286596
3866 0.00286596
3867 0.00286596
3868 0.00286596
3869 0.00286596
3870 0.00286596
3871 0.00286596
3872 0.00286596
3873 0.00286596
3874 0.00286596
3875 0.00286596
3876 0.00286596
3877 0.00286596
3878 0.00286596
3879 0.00286596
3880 0.00286596
3881 0.00286596
3882 0.00286596
3883 0.00286596
3884 0.0026455
3885 0.0026455
3886 0.0026455
3887 0.0026455
3888 0.0026455
3889 0.0026455
3890 0.0026455
3891 0.0026455
3892 0.0026455
3893 0.0026455
3894 0.0026455
3895 0.0026455
3896 0.0026455
3897 0.0026455
3898 0.0026455
3899 0.0026455
3900 0.0026455
3901 0.0026455
3902 0.0026455
3903 0.0026455
3904 0.0026455
3905 0.0026455
3906 0.0026455
3907 0.0026455
3908 0.0026455
3909 0.0026455
3910 0.0026455
3911 0.0026455
3912 0.0026455
3913 0.0026455
3914 0.0026455
3915 0.0026455
3916 0.0026455
3917 0.0026455
3918 0.0026455
3919 0.0026455
3920 0.0026455
3921 0.0026455
3922 0.0026455
3923 0.0026455
3924 0.0026455
3925 0.0026455
3926 0.0026455
3927 0.0026455
3928 0.00242504
3929 0.00242504
3930 0.00242504
3931 0.00242504
3932 0.00242504
3933 0.00242504
3934 0.00242504
3935 0.00242504
3936 0.00242504
3937 0.00242504
3938 0.00242504
3939 0.00242504
3940 0.00242504
3941 0.00220459
3942 0.00220459
3943 0.00220459
3944 0.00220459
3945 0.00220459
3946 0.00220459
3947 0.00220459
3948 0.00220459
3949 0.00220459
3950 0.00220459
3951 0.00220459
3952 0.00220459
3953 0.00220459
3954 0.00220459
3955 0.00220459
3956 0.00220459
3957 0.00220459
3958 0.00220459
3959 0.00220459
3960 0.00220459
3961 0.00220459
3962 0.00220459
3963 0.00220459
3964 0.00220459
3965 0.00220459
3966 0.00220459
3967 0.00220459
3968 0.00220459
3969 0.00220459
3970 0.00220459
3971 0.00220459
3972 0.00220459
3973 0.00220459
3974 0.00220459
3975 0.00220459
3976 0.00220459
3977 0.00220459
3978 0.00198413
3979 0.00198413
3980 0.00198413
3981 0.00198413
3982 0.00198413
3983 0.00198413
3984 0.00198413
3985 0.00198413
3986 0.00198413
3987 0.00198413
3988 0.00198413
3989 0.00198413
3990 0.00198413
3991 0.00198413
3992 0.00198413
3993 0.00198413
3994 0.00198413
3995 0.00198413
3996 0.00198413
3997 0.00198413
3998 0.00198413
3999 0.00198413
4000 0.00198413
4001 0.00198413
4002 0.00198413
4003 0.00198413
4004 0.00198413
4005 0.00198413
4006 0.00198413
4007 0.00198413
4008 0.00198413
4009 0.00198413
4010 0.00198413
4011 0.00198413
4012 0.00198413
4013 0.00198413
4014 0.00198413
4015 0.00198413
4016 0.00198413
4017 0.00198413
4018 0.00198413
4019 0.00198413
4020 0.00198413
4021 0.00198413
4022 0.00198413
4023 0.00198413
4024 0.00198413
4025 0.00198413
4026 0.00198413
4027 0.00198413
4028 0.00198413
4029 0.00198413
4030 0.00198413
4031 0.00176367
4032 0.00176367
4033 0.00154321
4034 0.00154321
4035 0.00154321
4036 0.00154321
4037 0.00154321
4038 0.00154321
4039 0.00154321
4040 0.00154321
4041 0.00154321
4042 0.00154321
4043 0.00154321
4044 0.00154321
4045 0.00154321
4046 0.00154321
4047 0.00154321
4048 0.00154321
4049 0.00154321
4050 0.00154321
4051 0.00154321
4052 0.00154321
4053 0.00154321
4054 0.00154321
4055 0.00154321
4056 0.00154321
4057 0.00154321
4058 0.00154321
4059 0.00154321
4060 0.00154321
4061 0.00154321
4062 0.00154321
4063 0.00154321
4064 0.00154321
4065 0.00154321
4066 0.00154321
4067 0.00154321
4068 0.00154321
4069 0.00154321
4070 0.00154321
4071 0.00154321
4072 0.00154321
4073 0.00154321
4074 0.00154321
4075 0.00154321
4076 0.00154321
4077 0.00154321
4078 0.00154321
4079 0.00154321
4080 0.00154321
4081 0.00154321
4082 0.00154321
4083 0.00154321
4084 0.00154321
4085 0.00154321
4086 0.00154321
4087 0.00154321
4088 0.00154321
4089 0.00154321
4090 0.00154321
4091 0.00154321
4092 0.00154321
4093 0.00154321
4094 0.00154321
4095 0.00154321
4096 0.00154321
4097 0.00154321
4098 0.00154321
4099 0.00154321
4100 0.00132275
4101 0.00132275
4102 0.00132275
4103 0.00132275
4104 0.00132275
4105 0.00132275
4106 0.00132275
4107 0.00132275
4108 0.00132275
4109 0.00132275
4110 0.00132275
4111 0.00132275
4112 0.00132275
4113 0.00132275
4114 0.00132275
4115 0.00132275
4116 0.00132275
4117 0.00132275
4118 0.00132275
4119 0.00132275
4120 0.00132275
4121 0.00132275
4122 0.00132275
4123 0.00132275
4124 0.00132275
4125 0.00132275
4126 0.00132275
4127 0.00132275
4128 0.00132275
4129 0.00132275
4130 0.00132275
4131 0.00132275
4132 0.00132275
4133 0.00132275
4134 0.00132275
4135 0.00132275
4136 0.00132275
4137 0.00132275
4138 0.00132275
4139 0.00132275
4140 0.00132275
4141 0.00132275
4142 0.00132275
4143 0.00132275
4144 0.00132275
4145 0.00132275
4146 0.00132275
4147 0.00132275
4148 0.00132275
4149 0.00132275
4150 0.00132275
4151 0.00132275
4152 0.00132275
4153 0.00132275
4154 0.00132275
4155 0.00132275
4156 0.00132275
4157 0.00132275
4158 0.00132275
4159 0.00132275
4160 0.00132275
4161 0.00132275
4162 0.00132275
4163 0.00132275
4164 0.00132275
4165 0.00132275
4166 0.00132275
4167 0.00132275
4168 0.00132275
4169 0.00132275
4170 0.00132275
4171 0.00132275
4172 0.00132275
4173 0.00132275
4174 0.00132275
4175 0.00132275
4176 0.00132275
4177 0.00132275
4178 0.00132275
4179 0.00132275
4180 0.00132275
4181 0.00132275
4182 0.00132275
4183 0.00132275
4184 0.00132275
4185 0.00132275
4186 0.00132275
4187 0.00132275
4188 0.00132275
4189 0.00132275
4190 0.00132275
4191 0.00132275
4192 0.00132275
4193 0.00132275
4194 0.00132275
4195 0.00132275
4196 0.00132275
4197 0.00132275
4198 0.00132275
4199 0.00132275
4200 0.00132275
4201 0.00132275
4202 0.00132275
4203 0.00132275
4204 0.00132275
4205 0.00132275
4206 0.00132275
4207 0.00132275
4208 0.00132275
4209 0.00132275
4210 0.00132275
4211 0.00132275
4212 0.00132275
4213 0.00132275
4214 0.00132275
4215 0.00132275
4216 0.00132275
4217 0.00132275
4218 0.00132275
4219 0.00132275
4220 0.00132275
4221 0.00132275
4222 0.00132275
4223 0.00132275
4224 0.00132275
4225 0.00132275
4226 0.00132275
4227 0.00132275
4228 0.00132275
4229 0.00132275
4230 0.00132275
4231 0.00132275
4232 0.00132275
4233 0.00132275
4234 0.00132275
4235 0.00132275
4236 0.00132275
4237 0.00132275
4238 0.00132275
4239 0.00132275
4240 0.00132275
4241 0.00132275
4242 0.00132275
4243 0.00132275
4244 0.00132275
4245 0.00132275
4246 0.00132275
4247 0.00132275
4248 0.00132275
4249 0.00132275
4250 0.00132275
4251 0.00132275
4252 0.00132275
4253 0.00132275
4254 0.00132275
4255 0.00132275
4256 0.00132275
4257 0.00132275
4258 0.00132275
4259 0.00132275
4260 0.00132275
4261 0.00132275
4262 0.00132275
4263 0.00132275
4264 0.00132275
4265 0.00132275
4266 0.00132275
4267 0.00132275
4268 0.00132275
4269 0.00132275
4270 0.00132275
4271 0.00132275
4272 0.00132275
4273 0.00132275
4274 0.00132275
4275 0.00132275
4276 0.00132275
4277 0.00132275
4278 0.00132275
4279 0.00132275
4280 0.00132275
4281 0.00132275
4282 0.00132275
4283 0.00132275
4284 0.00132275
4285 0.00132275
4286 0.00132275
4287 0.00132275
4288 0.00132275
4289 0.00132275
4290 0.00132275
4291 0.00132275
4292 0.00132275
4293 0.00132275
4294 0.00132275
4295 0.00132275
4296 0.00132275
4297 0.00132275
4298 0.00132275
4299 0.00132275
4300 0.00132275
4301 0.00132275
4302 0.00132275
4303 0.00132275
4304 0.00132275
4305 0.00132275
4306 0.00132275
4307 0.00132275
4308 0.00132275
4309 0.00132275
4310 0.00132275
4311 0.00132275
4312 0.00132275
4313 0.00132275
4314 0.00132275
4315 0.00132275
4316 0.00132275
4317 0.00132275
4318 0.00132275
4319 0.00132275
4320 0.00132275
4321 0.00110229
4322 0.00110229
4323 0.00110229
4324 0.00110229
4325 0.00110229
4326 0.00110229
4327 0.00110229
4328 0.00110229
4329 0.00110229
4330 0.00110229
4331 0.00110229
4332 0.00110229
4333 0.00110229
4334 0.00110229
4335 0.00110229
4336 0.00110229
4337 0.00110229
4338 0.00110229
4339 0.00110229
4340 0.00110229
4341 0.00110229
4342 0.00110229
4343 0.00110229
4344 0.00110229
4345 0.00110229
4346 0.00110229
4347 0.00110229
4348 0.00110229
4349 0.00110229
4350 0.00110229
4351 0.00110229
4352 0.00110229
4353 0.00110229
4354 0.00110229
4355 0.00110229
4356 0.00110229
4357 0.00110229
4358 0.00110229
4359 0.00110229
4360 0.00110229
4361 0.00110229
4362 0.00110229
4363 0.00110229
4364 0.00110229
4365 0.00110229
4366 0.00110229
4367 0.00110229
4368 0.00110229
4369 0.00110229
4370 0.00110229
4371 0.00110229
4372 0.00110229
4373 0.00110229
4374 0.00110229
4375 0.00110229
4376 0.00110229
4377 0.00110229
4378 0.00110229
4379 0.00110229
4380 0.00110229
4381 0.00110229
4382 0.00110229
4383 0.00110229
4384 0.00110229
4385 0.00110229
4386 0.00110229
4387 0.00110229
4388 0.00110229
4389 0.00110229
4390 0.00110229
4391 0.00110229
4392 0.00110229
4393 0.00110229
4394 0.00110229
4395 0.00110229
4396 0.00110229
4397 0.00110229
4398 0.000881834
4399 0.000881834
4400 0.000881834
4401 0.000881834
4402 0.000881834
4403 0.000881834
4404 0.000881834
4405 0.000881834
4406 0.000881834
4407 0.000881834
4408 0.000881834
4409 0.000881834
4410 0.000881834
4411 0.000881834
4412 0.000881834
4413 0.000881834
4414 0.000881834
4415 0.000881834
4416 0.000881834
4417 0.000881834
4418 0.000881834
4419 0.000881834
4420 0.000881834
4421 0.000881834
4422 0.000881834
4423 0.000881834
4424 0.000881834
4425 0.000881834
4426 0.000881834
4427 0.000881834
4428 0.000881834
4429 0.000881834
4430 0.000881834
4431 0.000881834
4432 0.000881834
4433 0.000881834
4434 0.000881834
4435 0.000881834
4436 0.000881834
4437 0.000881834
4438 0.000881834
4439 0.000881834
4440 0.000881834
4441 0.000881834
4442 0.000881834
4443 0.000881834
4444 0.000881834
4445 0.000881834
4446 0.000881834
4447 0.000661376
4448 0.000661376
4449 0.000661376
4450 0.000661376
4451 0.000661376
4452 0.000661376
4453 0.000661376
4454 0.000661376
4455 0.000661376
4456 0.000661376
4457 0.000661376
4458 0.000661376
4459 0.000661376
4460 0.000661376
4461 0.000661376
4462 0.000661376
4463 0.000661376
4464 0.000661376
4465 0.000661376
4466 0.000661376
4467 0.000661376
4468 0.000661376
4469 0.000661376
4470 0.000661376
4471 0.000661376
4472 0.000661376
4473 0.000661376
4474 0.000661376
4475 0.000661376
4476 0.000661376
4477 0.000661376
4478 0.000661376
4479 0.000661376
4480 0.000661376
4481 0.000661376
4482 0.000661376
4483 0.000661376
4484 0.000661376
4485 0.000661376
4486 0.000661376
4487 0.000661376
4488 0.000661376
4489 0.000661376
4490 0.000661376
4491 0.000661376
4492 0.000661376
4493 0.000661376
4494 0.000661376
4495 0.000661376
4496 0.000661376
4497 0.000661376
4498 0.000661376
4499 0.000661376
4500 0.000661376
4501 0.000661376
4502 0.000661376
4503 0.000661376
4504 0.000661376
4505 0.000661376
4506 0.000661376
4507 0.000661376
4508 0.000661376
4509 0.000661376
4510 0.000661376
4511 0.000661376
4512 0.000661376
4513 0.000661376
4514 0.000661376
4515 0.000661376
4516 0.000661376
4517 0.000661376
4518 0.000661376
4519 0.000661376
4520 0.000661376
4521 0.000661376
4522 0.000661376
4523 0.000661376
4524 0.000661376
4525 0.000661376
4526 0.000661376
4527 0.000661376
4528 0.000661376
4529 0.000661376
4530 0.000661376
4531 0.000661376
4532 0.000661376
4533 0.000661376
4534 0.000661376
4535 0.000661376
4536 0.000661376
4537 0.000661376
4538 0.000661376
4539 0.000661376
4540 0.000661376
4541 0.000661376
4542 0.000661376
4543 0.000661376
4544 0.000661376
4545 0.000661376
4546 0.000661376
4547 0.000661376
4548 0.000661376
4549 0.000661376
4550 0.000661376
4551 0.000661376
4552 0.000661376
4553 0.000661376
4554 0.000661376
4555 0.000661376
4556 0.000661376
4557 0.000661376
4558 0.000661376
4559 0.000661376
4560 0.000661376
4561 0.000661376
4562 0.000661376
4563 0.000661376
4564 0.000661376
4565 0.000661376
4566 0.000661376
4567 0.000661376
4568 0.000661376
4569 0.000661376
4570 0.000661376
4571 0.000661376
4572 0.000661376
4573 0.000661376
4574 0.000661376
4575 0.000661376
4576 0.000661376
4577 0.000661376
4578 0.000661376
4579 0.000661376
4580 0.000661376
4581 0.000661376
4582 0.000661376
4583 0.000440917
4584 0.000440917
4585 0.000440917
4586 0.000440917
4587 0.000440917
4588 0.000440917
4589 0.000440917
4590 0.000440917
4591 0.000440917
4592 0.000440917
4593 0.000440917
4594 0.000440917
4595 0.000440917
4596 0.000440917
4597 0.000440917
4598 0.000440917
4599 0.000440917
4600 0.000440917
4601 0.000440917
4602 0.000440917
4603 0.000440917
4604 0.000440917
4605 0.000440917
4606 0.000440917
4607 0.000440917
4608 0.000440917
4609 0.000440917
4610 0.000440917
4611 0.000440917
4612 0.000440917
4613 0.000440917
4614 0.000440917
4615 0.000440917
4616 0.000440917
4617 0.000440917
4618 0.000440917
4619 0.000440917
4620 0.000440917
4621 0.000440917
4622 0.000440917
4623 0.000440917
4624 0.000440917
4625 0.000440917
4626 0.000440917
4627 0.000440917
4628 0.000440917
4629 0.000440917
4630 0.000440917
4631 0.000440917
4632 0.000440917
4633 0.000440917
4634 0.000440917
4635 0.000440917
4636 0.000440917
4637 0.000440917
4638 0.000440917
4639 0.000440917
4640 0.000440917
4641 0.000440917
4642 0.000440917
4643 0.000440917
4644 0.000440917
4645 0.000440917
4646 0.000440917
4647 0.000440917
4648 0.000440917
4649 0.000440917
4650 0.000440917
4651 0.000440917
4652 0.000440917
4653 0.000440917
4654 0.000440917
4655 0.000440917
4656 0.000440917
4657 0.000440917
4658 0.000440917
4659 0.000440917
4660 0.000440917
4661 0.000440917
4662 0.000440917
4663 0.000440917
4664 0.000440917
4665 0.000440917
4666 0.000440917
4667 0.000440917
4668 0.000440917
4669 0.000440917
4670 0.000440917
4671 0.000440917
4672 0.000440917
4673 0.000440917
4674 0.000440917
4675 0.000440917
4676 0.000440917
4677 0.000440917
4678 0.000440917
4679 0.000440917
4680 0.000440917
4681 0.000440917
4682 0.000440917
4683 0.000440917
4684 0.000440917
4685 0.000440917
4686 0.000220459
4687 0.000220459
4688 0.000220459
4689 0.000220459
4690 0.000220459
4691 0.000220459
4692 0.000220459
4693 0.000220459
4694 0.000220459
4695 0.000220459
4696 0.000220459
4697 0.000220459
4698 0.000220459
4699 0.000220459
4700 0.000220459
4701 0.000220459
4702 0.000220459
4703 0.000220459
4704 0.000220459
4705 0.000220459
4706 0.000220459
4707 0.000220459
4708 0.000220459
4709 0.000220459
4710 0.000220459
4711 0.000220459
4712 0.000220459
4713 0.000220459
4714 0.000220459
4715 0.000220459
4716 0.000220459
4717 0.000220459
4718 0.000220459
4719 0.000220459
4720 0.000220459
4721 0.000220459
4722 0.000220459
4723 0.000220459
4724 0.000220459
4725 0.000220459
4726 0.000220459
4727 0.000220459
4728 0.000220459
4729 0.000220459
4730 0.000220459
4731 0.000220459
4732 0.000220459
4733 0.000220459
4734 0.000220459
4735 0.000220459
4736 0.000220459
4737 0.000220459
4738 0.000220459
4739 0.000220459
4740 0.000220459
4741 0.000220459
