0 1
1 1
2 1
3 1
4 1
5 1
6 0.999526
7 0.999526
8 0.999526
9 0.999526
10 0.999526
11 0.999526
12 0.999526
13 0.999526
14 0.999526
15 0.999526
16 0.999526
17 0.999526
18 0.999526
19 0.999526
20 0.999526
21 0.999526
22 0.999526
23 0.999526
24 0.999526
25 0.999526
26 0.999526
27 0.999526
28 0.999526
29 0.999526
30 0.999526
31 0.999526
32 0.999526
33 0.999526
34 0.999526
35 0.999526
36 0.999526
37 0.999526
38 0.999526
39 0.999526
40 0.999526
41 0.987678
42 0.974408
43 0.962085
44 0.953081
45 0.947867
46 0.94218
47 0.933649
48 0.925592
49 0.918483
50 0.908531
51 0.900948
52 0.892417
53 0.882464
54 0.872986
55 0.864929
56 0.858294
57 0.849289
58 0.840758
59 0.833649
60 0.82891
61 0.823697
62 0.816588
63 0.809005
64 0.801896
65 0.796209
66 0.790047
67 0.784834
68 0.779621
69 0.774408
70 0.764929
71 0.756872
72 0.752607
73 0.747867
74 0.739336
75 0.736493
76 0.733175
77 0.727962
78 0.721801
79 0.713744
80 0.706635
81 0.700474
82 0.692417
83 0.685308
84 0.679147
85 0.67346
86 0.669194
87 0.666351
88 0.661137
89 0.656872
90 0.652607
91 0.645498
92 0.641232
93 0.637441
94 0.629384
95 0.624645
96 0.618483
97 0.615166
98 0.609005
99 0.604739
100 0.59763
101 0.593839
102 0.591469
103 0.586256
104 0.580569
105 0.570142
106 0.564455
107 0.558768
108 0.549763
109 0.545498
110 0.541232
111 0.537915
112 0.533649
113 0.530332
114 0.527488
115 0.523697
116 0.516588
117 0.511374
118 0.504739
119 0.498578
120 0.490995
121 0.486256
122 0.484834
123 0.479621
124 0.477251
125 0.472038
126 0.463981
127 0.460663
128 0.456872
129 0.453555
130 0.452133
131 0.448341
132 0.445972
133 0.44218
134 0.437441
135 0.430806
136 0.427962
137 0.423223
138 0.421801
139 0.416588
140 0.412322
141 0.408531
142 0.405687
143 0.400474
144 0.394787
145 0.391469
146 0.389573
147 0.387204
148 0.381043
149 0.376303
150 0.374882
151 0.37346
152 0.369668
153 0.367773
154 0.365877
155 0.363507
156 0.361611
157 0.36019
158 0.357346
159 0.354028
160 0.350237
161 0.345024
162 0.34218
163 0.338863
164 0.336967
165 0.331754
166 0.327488
167 0.325118
168 0.323223
169 0.320379
170 0.316114
171 0.313744
172 0.311848
173 0.3109
174 0.306161
175 0.302844
176 0.299526
177 0.297156
178 0.295735
179 0.292891
180 0.289573
181 0.287678
182 0.284834
183 0.282938
184 0.279147
185 0.276303
186 0.27346
187 0.271564
188 0.268246
189 0.267773
190 0.264929
191 0.262085
192 0.26019
193 0.25782
194 0.255924
195 0.252607
196 0.250237
197 0.248341
198 0.245024
199 0.241706
200 0.239336
201 0.237441
202 0.235071
203 0.233649
204 0.231754
205 0.228436
206 0.225592
207 0.224645
208 0.223223
209 0.221327
210 0.218009
211 0.217536
212 0.217062
213 0.216588
214 0.215166
215 0.21327
216 0.211848
217 0.207583
218 0.206635
219 0.205213
220 0.202844
221 0.200474
222 0.197156
223 0.194787
224 0.190521
225 0.188626
226 0.187204
227 0.18436
228 0.181991
229 0.181043
230 0.180095
231 0.179147
232 0.179147
233 0.176777
234 0.176777
235 0.173934
236 0.171564
237 0.169194
238 0.166825
239 0.161611
240 0.159716
241 0.158294
242 0.156398
243 0.154976
244 0.154028
245 0.152607
246 0.151185
247 0.148815
248 0.146445
249 0.145024
250 0.14455
251 0.143602
252 0.141706
253 0.139336
254 0.138863
255 0.138389
256 0.136967
257 0.135071
258 0.134123
259 0.132227
260 0.13128
261 0.129858
262 0.127488
263 0.125592
264 0.123697
265 0.122749
266 0.121801
267 0.121327
268 0.120853
269 0.120853
270 0.120379
271 0.118957
272 0.118009
273 0.115166
274 0.115166
275 0.114218
276 0.111848
277 0.110427
278 0.109953
279 0.108531
280 0.107583
281 0.107109
282 0.106161
283 0.105687
284 0.103318
285 0.102844
286 0.101422
287 0.101422
288 0.100474
289 0.0995261
290 0.0985782
291 0.0985782
292 0.0976303
293 0.0962085
294 0.0957346
295 0.0943128
296 0.0938389
297 0.0933649
298 0.0924171
299 0.0914692
300 0.0909953
301 0.0909953
302 0.0905213
303 0.0900474
304 0.0886256
305 0.0862559
306 0.085782
307 0.085782
308 0.0838863
309 0.0834123
310 0.0824645
311 0.0819905
312 0.0815166
313 0.0810427
314 0.0800948
315 0.0796209
316 0.0777251
317 0.0772512
318 0.0772512
319 0.0753554
320 0.0744076
321 0.0739336
322 0.0734597
323 0.0734597
324 0.0720379
325 0.071564
326 0.0701422
327 0.0701422
328 0.0696682
329 0.0691943
330 0.0691943
331 0.0677725
332 0.0663507
333 0.0649289
334 0.0649289
335 0.0635071
336 0.0630332
337 0.0625592
338 0.0616114
339 0.0606635
340 0.0601896
341 0.0592417
342 0.0582938
343 0.0578199
344 0.057346
345 0.057346
346 0.0559242
347 0.0540284
348 0.0526066
349 0.0516588
350 0.0507109
351 0.049763
352 0.0488152
353 0.0473934
354 0.0469194
355 0.0459716
356 0.0454976
357 0.0445498
358 0.0440758
359 0.043128
360 0.0421801
361 0.0407583
362 0.0407583
363 0.0407583
364 0.0407583
365 0.0402844
366 0.0402844
367 0.0393365
368 0.0393365
369 0.0383886
370 0.0379147
371 0.0374408
372 0.0369668
373 0.036019
374 0.036019
375 0.036019
376 0.036019
377 0.036019
378 0.035545
379 0.035545
380 0.035545
381 0.0350711
382 0.0350711
383 0.0350711
384 0.0350711
385 0.0345972
386 0.0345972
387 0.0345972
388 0.0341232
389 0.0341232
390 0.0336493
391 0.0336493
392 0.0327014
393 0.0327014
394 0.0322275
395 0.0317536
396 0.0317536
397 0.0308057
398 0.0308057
399 0.0308057
400 0.0308057
401 0.0308057
402 0.0303318
403 0.0303318
404 0.0303318
405 0.0303318
406 0.0303318
407 0.0298578
408 0.0293839
409 0.0293839
410 0.0293839
411 0.0293839
412 0.02891
413 0.02891
414 0.028436
415 0.0279621
416 0.0279621
417 0.0274882
418 0.0270142
419 0.0270142
420 0.0270142
421 0.0270142
422 0.0265403
423 0.0265403
424 0.0265403
425 0.0265403
426 0.0260663
427 0.0255924
428 0.0251185
429 0.0246445
430 0.0232227
431 0.0222749
432 0.0222749
433 0.0218009
434 0.0218009
435 0.0218009
436 0.0218009
437 0.021327
438 0.021327
439 0.0208531
440 0.0208531
441 0.0208531
442 0.0208531
443 0.0199052
444 0.0194313
445 0.0194313
446 0.0194313
447 0.0194313
448 0.0194313
449 0.0194313
450 0.0189573
451 0.0189573
452 0.0189573
453 0.0184834
454 0.0170616
455 0.0165877
456 0.0165877
457 0.0161137
458 0.0161137
459 0.0156398
460 0.0151659
461 0.0151659
462 0.0151659
463 0.0151659
464 0.0151659
465 0.0151659
466 0.0151659
467 0.0151659
468 0.0146919
469 0.014218
470 0.014218
471 0.014218
472 0.014218
473 0.014218
474 0.0137441
475 0.0137441
476 0.0137441
477 0.0137441
478 0.0132701
479 0.0132701
480 0.0132701
481 0.0132701
482 0.0132701
483 0.0132701
484 0.0127962
485 0.0127962
486 0.0127962
487 0.0127962
488 0.0127962
489 0.0127962
490 0.0127962
491 0.0127962
492 0.0127962
493 0.0123223
494 0.0123223
495 0.0123223
496 0.0123223
497 0.0123223
498 0.0123223
499 0.0123223
500 0.0113744
501 0.0109005
502 0.0109005
503 0.0109005
504 0.0109005
505 0.0109005
506 0.0109005
507 0.0109005
508 0.0104265
509 0.0104265
510 0.0104265
511 0.0104265
512 0.00995261
513 0.00995261
514 0.00995261
515 0.00995261
516 0.00947867
517 0.00947867
518 0.00947867
519 0.00900474
520 0.00900474
521 0.00853081
522 0.00853081
523 0.00853081
524 0.00805687
525 0.00805687
526 0.00805687
527 0.00805687
528 0.00805687
529 0.00805687
530 0.00758294
531 0.00758294
532 0.00758294
533 0.00758294
534 0.00758294
535 0.00758294
536 0.00758294
537 0.00758294
538 0.00758294
539 0.00758294
540 0.00758294
541 0.00758294
542 0.007109
543 0.00663507
544 0.00663507
545 0.00663507
546 0.00663507
547 0.00663507
548 0.00616114
549 0.0056872
550 0.0056872
551 0.0056872
552 0.0056872
553 0.00521327
554 0.00521327
555 0.00521327
556 0.00521327
557 0.00521327
558 0.00521327
559 0.0042654
560 0.0042654
561 0.0042654
562 0.0042654
563 0.0042654
564 0.0042654
565 0.0042654
566 0.0042654
567 0.00379147
568 0.00379147
569 0.00379147
570 0.00331754
571 0.00331754
572 0.00331754
573 0.00331754
574 0.00331754
575 0.00331754
576 0.00331754
577 0.00331754
578 0.00331754
579 0.00331754
580 0.00331754
581 0.00331754
582 0.00331754
583 0.00331754
584 0.00331754
585 0.0028436
586 0.0028436
587 0.0028436
588 0.0028436
589 0.0028436
590 0.0028436
591 0.0028436
592 0.0028436
593 0.0028436
594 0.0028436
595 0.0028436
596 0.0028436
597 0.0028436
598 0.00236967
599 0.00189573
600 0.00189573
601 0.00189573
602 0.00189573
603 0.00189573
604 0.00189573
605 0.00189573
606 0.00189573
607 0.00189573
608 0.0014218
609 0.0014218
610 0.0014218
611 0.0014218
612 0.0014218
613 0.0014218
614 0.0014218
615 0.0014218
616 0.0014218
617 0.0014218
618 0.0014218
619 0.0014218
620 0.0014218
621 0.0014218
622 0.0014218
623 0.0014218
624 0.0014218
625 0.0014218
626 0.000947867
627 0.000947867
628 0.000947867
629 0.000947867
630 0.000947867
631 0.000947867
632 0.000947867
633 0.000947867
634 0.000947867
635 0.000947867
636 0.000947867
637 0.000947867
638 0.000947867
639 0.000947867
640 0.000947867
641 0.000947867
642 0.000947867
643 0.000947867
644 0.000947867
645 0.000947867
646 0.000947867
647 0.000947867
648 0.000947867
649 0.000947867
650 0.000947867
651 0.000947867
652 0.000947867
653 0.000947867
654 0.000947867
655 0.000947867
656 0.000947867
657 0.000947867
658 0.000947867
659 0.000947867
660 0.000947867
661 0.000947867
662 0.000947867
663 0.000947867
664 0.000947867
665 0.000947867
666 0.000947867
667 0.000947867
668 0.000947867
669 0.000947867
670 0.000947867
671 0.000947867
672 0.000947867
673 0.000947867
674 0.000947867
675 0.000947867
676 0.000947867
677 0.000947867
678 0.000947867
679 0.000947867
680 0.000947867
681 0.000947867
682 0.000947867
683 0.000947867
684 0.000947867
685 0.000947867
686 0.000947867
687 0.000947867
688 0.000947867
689 0.000947867
690 0.000947867
691 0.000947867
692 0.000947867
693 0.000947867
694 0.000947867
695 0.000947867
696 0.000947867
697 0.000947867
698 0.000947867
699 0.000947867
700 0.000947867
701 0.000947867
702 0.000947867
703 0.000947867
704 0.000947867
705 0.000947867
706 0.000947867
707 0.000947867
708 0.000947867
709 0.000947867
710 0.000947867
711 0.000947867
712 0.000947867
713 0.000947867
714 0.000947867
715 0.000947867
716 0.000947867
717 0.000947867
718 0.000947867
719 0.000947867
720 0.000947867
721 0.000947867
722 0.000947867
723 0.000947867
724 0.000947867
725 0.000947867
726 0.000947867
727 0.000947867
728 0.000947867
729 0.000947867
730 0.000947867
731 0.000947867
732 0.000947867
733 0.000947867
734 0.000947867
735 0.000947867
736 0.000947867
737 0.000947867
738 0.000947867
739 0.000947867
740 0.000947867
741 0.000947867
742 0.000947867
743 0.000947867
744 0.000947867
745 0.000947867
746 0.000947867
747 0.000947867
748 0.000947867
749 0.000947867
750 0.000947867
751 0.000947867
752 0.000947867
753 0.000947867
754 0.000947867
755 0.000947867
756 0.000947867
757 0.000947867
758 0.000947867
759 0.000947867
760 0.000947867
761 0.000947867
762 0.000947867
763 0.000947867
764 0.000947867
765 0.000947867
766 0.000947867
767 0.000947867
768 0.000947867
769 0.000947867
770 0.000947867
771 0.000947867
772 0.000947867
773 0.000947867
774 0.000947867
775 0.000947867
776 0.000947867
777 0.000947867
778 0.000947867
779 0.000947867
780 0.000947867
781 0.000947867
782 0.000947867
783 0.000947867
784 0.000947867
785 0.000947867
786 0.000947867
787 0.000947867
788 0.000947867
789 0.000947867
790 0.000947867
791 0.000947867
792 0.000947867
793 0.000947867
794 0.000947867
795 0.000947867
796 0.000473934
797 0.000473934
798 0.000473934
799 0.000473934
800 0.000473934
801 0.000473934
802 0.000473934
803 0.000473934
804 0.000473934
805 0.000473934
806 0.000473934
807 0.000473934
808 0.000473934
809 0.000473934
810 0.000473934
811 0.000473934
812 0.000473934
813 0.000473934
814 0.000473934
815 0.000473934
816 0.000473934
817 0.000473934
818 0.000473934
819 0.000473934
820 0.000473934
821 0.000473934
822 0.000473934
823 0.000473934
824 0.000473934
