0 1
1 1
2 1
3 1
4 1
5 1
6 1
7 1
8 1
9 1
10 1
11 1
12 1
13 1
14 0.996942
15 0.996942
16 0.996942
17 0.996942
18 0.996942
19 0.996942
20 0.996942
21 0.996942
22 0.996942
23 0.993884
24 0.993884
25 0.990826
26 0.990826
27 0.990826
28 0.990826
29 0.990826
30 0.990826
31 0.990826
32 0.990826
33 0.990826
34 0.990826
35 0.990826
36 0.990826
37 0.990826
38 0.990826
39 0.990826
40 0.990826
41 0.960245
42 0.932722
43 0.908257
44 0.889908
45 0.87156
46 0.868502
47 0.853211
48 0.83792
49 0.831804
50 0.819572
51 0.810398
52 0.798165
53 0.795107
54 0.788991
55 0.776758
56 0.7737
57 0.764526
58 0.75841
59 0.746177
60 0.733945
61 0.727829
62 0.727829
63 0.712538
64 0.697248
65 0.69419
66 0.691131
67 0.678899
68 0.666667
69 0.663609
70 0.657492
71 0.648318
72 0.636086
73 0.620795
74 0.605505
75 0.59633
76 0.577982
77 0.577982
78 0.571865
79 0.562691
80 0.562691
81 0.556575
82 0.541284
83 0.541284
84 0.53211
85 0.529052
86 0.529052
87 0.525994
88 0.510703
89 0.510703
90 0.501529
91 0.492355
92 0.489297
93 0.470948
94 0.461774
95 0.455657
96 0.452599
97 0.443425
98 0.434251
99 0.428135
100 0.41896
101 0.415902
102 0.406728
103 0.406728
104 0.397554
105 0.397554
106 0.391437
107 0.388379
108 0.388379
109 0.385321
110 0.376147
111 0.366972
112 0.363914
113 0.360856
114 0.351682
115 0.345566
116 0.342508
117 0.33945
118 0.333333
119 0.324159
120 0.314985
121 0.311927
122 0.299694
123 0.29052
124 0.287462
125 0.284404
126 0.281346
127 0.275229
128 0.275229
129 0.269113
130 0.262997
131 0.256881
132 0.253823
133 0.250765
134 0.244648
135 0.24159
136 0.238532
137 0.229358
138 0.2263
139 0.223242
140 0.217125
141 0.214067
142 0.214067
143 0.214067
144 0.214067
145 0.207951
146 0.207951
147 0.204893
148 0.198777
149 0.195719
150 0.186544
151 0.180428
152 0.180428
153 0.180428
154 0.180428
155 0.180428
156 0.180428
157 0.180428
158 0.180428
159 0.180428
160 0.180428
161 0.174312
162 0.168196
163 0.168196
164 0.168196
165 0.165138
166 0.165138
167 0.165138
168 0.155963
169 0.155963
170 0.149847
171 0.149847
172 0.140673
173 0.140673
174 0.140673
175 0.140673
176 0.140673
177 0.134557
178 0.134557
179 0.134557
180 0.134557
181 0.134557
182 0.131498
183 0.12844
184 0.12844
185 0.12844
186 0.12844
187 0.122324
188 0.122324
189 0.122324
190 0.119266
191 0.119266
192 0.119266
193 0.116208
194 0.11315
195 0.110092
196 0.107034
197 0.107034
198 0.107034
199 0.100917
200 0.0978593
201 0.0948012
202 0.0948012
203 0.0917431
204 0.088685
205 0.0856269
206 0.0825688
207 0.0825688
208 0.0825688
209 0.0825688
210 0.0825688
211 0.0825688
212 0.0825688
213 0.0825688
214 0.0795107
215 0.0764526
216 0.0764526
217 0.0764526
218 0.0764526
219 0.0764526
220 0.0764526
221 0.0764526
222 0.0764526
223 0.0733945
224 0.0733945
225 0.0703364
226 0.0703364
227 0.0672783
228 0.0672783
229 0.0611621
230 0.0611621
231 0.0611621
232 0.0611621
233 0.058104
234 0.0550459
235 0.0550459
236 0.0550459
237 0.0550459
238 0.0550459
239 0.0550459
240 0.0519878
241 0.0519878
242 0.0519878
243 0.0489297
244 0.0489297
245 0.0458716
246 0.0458716
247 0.0458716
248 0.0428135
249 0.0428135
250 0.0428135
251 0.0428135
252 0.0428135
253 0.0428135
254 0.0428135
255 0.0428135
256 0.0428135
257 0.0428135
258 0.0428135
259 0.0428135
260 0.0428135
261 0.0428135
262 0.0428135
263 0.0428135
264 0.0428135
265 0.0428135
266 0.0428135
267 0.0428135
268 0.0428135
269 0.0428135
270 0.0428135
271 0.0397554
272 0.0366972
273 0.0366972
274 0.0366972
275 0.0366972
276 0.0366972
277 0.0366972
278 0.0366972
279 0.0366972
280 0.0366972
281 0.0366972
282 0.0366972
283 0.0366972
284 0.0336391
285 0.0336391
286 0.0336391
287 0.0336391
288 0.0336391
289 0.0336391
290 0.030581
291 0.030581
292 0.0275229
293 0.0275229
294 0.0275229
295 0.0275229
296 0.0244648
297 0.0244648
298 0.0244648
299 0.0244648
300 0.0214067
301 0.0214067
302 0.0214067
303 0.0214067
304 0.0214067
305 0.0214067
306 0.0214067
307 0.0183486
308 0.0183486
309 0.0183486
310 0.0183486
311 0.0183486
312 0.0183486
313 0.0183486
314 0.0183486
315 0.0183486
316 0.0183486
317 0.0183486
318 0.0183486
319 0.0183486
320 0.0183486
321 0.0183486
322 0.0183486
323 0.0183486
324 0.0183486
325 0.0183486
326 0.0183486
327 0.0183486
328 0.0183486
329 0.0183486
330 0.0183486
331 0.0183486
332 0.0183486
333 0.0183486
334 0.0183486
335 0.0183486
336 0.0183486
337 0.0183486
338 0.0183486
339 0.0183486
340 0.0183486
341 0.0183486
342 0.0183486
343 0.0183486
344 0.0183486
345 0.0152905
346 0.0152905
347 0.0152905
348 0.0152905
349 0.0152905
350 0.0152905
351 0.0152905
352 0.0152905
353 0.0152905
354 0.0152905
355 0.0122324
356 0.0122324
357 0.00917431
358 0.00917431
359 0.00917431
360 0.00917431
361 0.00917431
362 0.00917431
363 0.00917431
364 0.00917431
365 0.00917431
366 0.00611621
367 0.00611621
368 0.00611621
369 0.00611621
370 0.00611621
371 0.00611621
372 0.00611621
373 0.00611621
374 0.00611621
375 0.00611621
376 0.00611621
377 0.00611621
378 0.00611621
379 0.00611621
380 0.00611621
381 0.00611621
382 0.00611621
383 0.00611621
384 0.00611621
385 0.00611621
386 0.00611621
387 0.00611621
388 0.00611621
389 0.00611621
390 0.00611621
391 0.00611621
392 0.00611621
393 0.00611621
394 0.00611621
395 0.00611621
396 0.00611621
397 0.00611621
398 0.00611621
399 0.00611621
400 0.00611621
401 0.00611621
402 0.00611621
403 0.00611621
404 0.00611621
405 0.00611621
406 0.00611621
407 0.00611621
408 0.00611621
409 0.00611621
410 0.00611621
411 0.00611621
412 0.00611621
413 0.00611621
414 0.00611621
415 0.00611621
416 0.00611621
417 0.00611621
418 0.00611621
419 0.00611621
420 0.00611621
421 0.00611621
422 0.00611621
423 0.00611621
424 0.00611621
425 0.00611621
426 0.00611621
427 0.00611621
428 0.00611621
429 0.00611621
430 0.00611621
431 0.00611621
432 0.00611621
433 0.00611621
434 0.00611621
435 0.00611621
436 0.00611621
437 0.00611621
438 0.00611621
439 0.00611621
440 0.00611621
441 0.00611621
442 0.00611621
443 0.00611621
444 0.00611621
445 0.00611621
446 0.00611621
447 0.00611621
448 0.00611621
449 0.00611621
450 0.00611621
451 0.00611621
452 0.00611621
453 0.00611621
454 0.00611621
455 0.00611621
456 0.00611621
457 0.00611621
458 0.00611621
459 0.00611621
460 0.00611621
461 0.00611621
462 0.00611621
463 0.00611621
464 0.00611621
465 0.00611621
466 0.00611621
467 0.00611621
468 0.00611621
469 0.00611621
470 0.00611621
471 0.00611621
472 0.00611621
473 0.00611621
474 0.0030581
475 0.0030581
476 0.0030581
477 0.0030581
478 0.0030581
479 0.0030581
480 0.0030581
481 0.0030581
482 0.0030581
483 0.0030581
484 0.0030581
485 0.0030581
486 0.0030581
487 0.0030581
488 0.0030581
489 0.0030581
490 0.0030581
491 0.0030581
492 0.0030581
493 0.0030581
494 0.0030581
495 0.0030581
496 0.0030581
497 0.0030581
498 0.0030581
499 0.0030581
500 0.0030581
501 0.0030581
502 0.0030581
503 0.0030581
504 0.0030581
505 0.0030581
506 0.0030581
507 0.0030581
508 0.0030581
509 0.0030581
510 0.0030581
511 0.0030581
512 0.0030581
513 0.0030581
514 0.0030581
515 0.0030581
516 0.0030581
517 0.0030581
518 0.0030581
519 0.0030581
520 0.0030581
521 0.0030581
522 0.0030581
523 0.0030581
524 0.0030581
525 0.0030581
526 0.0030581
527 0.0030581
528 0.0030581
529 0.0030581
530 0.0030581
531 0.0030581
532 0.0030581
533 0.0030581
534 0.0030581
535 0.0030581
536 0.0030581
537 0.0030581
538 0.0030581
539 0.0030581
540 0.0030581
541 0.0030581
542 0.0030581
543 0.0030581
544 0.0030581
545 0.0030581
546 0.0030581
547 0.0030581
548 0.0030581
549 0.0030581
550 0.0030581
551 0.0030581
552 0.0030581
553 0.0030581
554 0.0030581
555 0.0030581
556 0.0030581
557 0.0030581
558 0.0030581
559 0.0030581
560 0.0030581
561 0.0030581
562 0.0030581
563 0.0030581
564 0.0030581
565 0.0030581
566 0.0030581
567 0.0030581
568 0.0030581
569 0.0030581
570 0.0030581
571 0.0030581
572 0.0030581
573 0.0030581
574 0.0030581
575 0.0030581
576 0.0030581
577 0.0030581
578 0.0030581
579 0.0030581
580 0.0030581
581 0.0030581
582 0.0030581
583 0.0030581
584 0.0030581
585 0.0030581
586 0.0030581
587 0.0030581
588 0.0030581
589 0.0030581
590 0.0030581
591 0.0030581
592 0.0030581
593 0.0030581
594 0.0030581
595 0.0030581
596 0.0030581
597 0.0030581
598 0.0030581
599 0.0030581
600 0.0030581
601 0.0030581
602 0.0030581
603 0.0030581
604 0.0030581
605 0.0030581
606 0.0030581
607 0.0030581
