0 1
1 1
2 1
3 1
4 1
5 1
6 1
7 1
8 1
9 1
10 1
11 1
12 1
13 1
14 1
15 1
16 1
17 1
18 1
19 1
20 1
21 1
22 1
23 1
24 1
25 1
26 1
27 1
28 0.999667
29 0.999667
30 0.999667
31 0.999667
32 0.999667
33 0.999667
34 0.999667
35 0.999667
36 0.999667
37 0.999667
38 0.999667
39 0.999667
40 0.999667
41 0.997336
42 0.99334
43 0.989011
44 0.985681
45 0.979687
46 0.975691
47 0.972694
48 0.968365
49 0.961705
50 0.95671
51 0.952714
52 0.948385
53 0.943057
54 0.937396
55 0.931735
56 0.92674
57 0.922078
58 0.917416
59 0.912421
60 0.907426
61 0.903097
62 0.897769
63 0.891109
64 0.888445
65 0.88678
66 0.881119
67 0.876457
68 0.872128
69 0.867466
70 0.863137
71 0.859807
72 0.857809
73 0.853813
74 0.848485
75 0.845488
76 0.842158
77 0.838162
78 0.831169
79 0.828172
80 0.824842
81 0.819847
82 0.815185
83 0.81019
84 0.807526
85 0.802864
86 0.797536
87 0.79354
88 0.789211
89 0.784216
90 0.779221
91 0.776224
92 0.771229
93 0.768565
94 0.762904
95 0.759574
96 0.754246
97 0.751249
98 0.747253
99 0.743923
100 0.739927
101 0.735265
102 0.731602
103 0.727273
104 0.721612
105 0.716284
106 0.711955
107 0.707626
108 0.702631
109 0.695971
110 0.691642
111 0.688312
112 0.684649
113 0.678655
114 0.677323
115 0.674992
116 0.670996
117 0.665335
118 0.662005
119 0.657676
120 0.652348
121 0.648019
122 0.643024
123 0.639028
124 0.634366
125 0.631702
126 0.627373
127 0.622711
128 0.618715
129 0.615718
130 0.613054
131 0.607393
132 0.605728
133 0.600067
134 0.596737
135 0.593407
136 0.59041
137 0.586747
138 0.58375
139 0.579088
140 0.573427
141 0.569764
142 0.566434
143 0.563104
144 0.559441
145 0.556444
146 0.552781
147 0.549784
148 0.545788
149 0.543124
150 0.536131
151 0.531469
152 0.527806
153 0.524809
154 0.522811
155 0.518815
156 0.516816
157 0.513153
158 0.511822
159 0.508492
160 0.504829
161 0.500499
162 0.498502
163 0.495171
164 0.490176
165 0.487845
166 0.485181
167 0.482184
168 0.477189
169 0.473526
170 0.469197
171 0.467865
172 0.464535
173 0.460872
174 0.458541
175 0.455544
176 0.449883
177 0.446553
178 0.443556
179 0.440226
180 0.435897
181 0.434565
182 0.430569
183 0.427905
184 0.423909
185 0.420912
186 0.418914
187 0.416916
188 0.413919
189 0.411921
190 0.410256
191 0.409257
192 0.406593
193 0.404595
194 0.40293
195 0.401931
196 0.397602
197 0.396936
198 0.395604
199 0.39294
200 0.391275
201 0.38628
202 0.383949
203 0.380952
204 0.379953
205 0.376623
206 0.374292
207 0.372294
208 0.36963
209 0.367299
210 0.366633
211 0.364302
212 0.362304
213 0.359307
214 0.357309
215 0.354978
216 0.351981
217 0.34965
218 0.347319
219 0.344655
220 0.342324
221 0.33966
222 0.338661
223 0.337995
224 0.336663
225 0.334332
226 0.331335
227 0.328671
228 0.326673
229 0.325674
230 0.322677
231 0.322344
232 0.320679
233 0.31968
234 0.317682
235 0.316017
236 0.314352
237 0.311688
238 0.308025
239 0.304695
240 0.302031
241 0.300033
242 0.296703
243 0.295371
244 0.293706
245 0.29304
246 0.291375
247 0.288711
248 0.28638
249 0.284715
250 0.282384
251 0.27972
252 0.277389
253 0.275724
254 0.273726
255 0.272394
256 0.270729
257 0.26973
258 0.266733
259 0.265068
260 0.262737
261 0.261072
262 0.260073
263 0.258075
264 0.25641
265 0.256077
266 0.255078
267 0.254745
268 0.253746
269 0.251748
270 0.249084
271 0.24642
272 0.244422
273 0.243423
274 0.240759
275 0.240093
276 0.238095
277 0.236763
278 0.235431
279 0.234099
280 0.232767
281 0.230769
282 0.228771
283 0.228105
284 0.226773
285 0.225108
286 0.225108
287 0.223443
288 0.221778
289 0.21978
290 0.218115
291 0.215451
292 0.213453
293 0.211122
294 0.209457
295 0.207126
296 0.205794
297 0.204129
298 0.20313
299 0.200799
300 0.199467
301 0.197802
302 0.196803
303 0.195471
304 0.194805
305 0.19314
306 0.191475
307 0.190809
308 0.190143
309 0.18981
310 0.188811
311 0.187812
312 0.18648
313 0.186147
314 0.184815
315 0.184149
316 0.18315
317 0.181818
318 0.181485
319 0.179487
320 0.178488
321 0.176823
322 0.176157
323 0.175491
324 0.174159
325 0.17316
326 0.172161
327 0.171162
328 0.169164
329 0.167832
330 0.167832
331 0.167499
332 0.167166
333 0.166167
334 0.165168
335 0.163503
336 0.16317
337 0.162171
338 0.161505
339 0.161172
340 0.160506
341 0.160506
342 0.159507
343 0.159174
344 0.158841
345 0.158175
346 0.157842
347 0.157509
348 0.157176
349 0.15651
350 0.155511
351 0.154179
352 0.153846
353 0.151848
354 0.150516
355 0.149184
356 0.148518
357 0.147852
358 0.147852
359 0.146853
360 0.145854
361 0.144189
362 0.142857
363 0.142191
364 0.141525
365 0.140526
366 0.139194
367 0.138528
368 0.137529
369 0.13653
370 0.136197
371 0.1332
372 0.1332
373 0.132867
374 0.132534
375 0.132534
376 0.130869
377 0.130203
378 0.12987
379 0.128871
380 0.127539
381 0.125541
382 0.124875
383 0.123543
384 0.12321
385 0.122877
386 0.122544
387 0.121878
388 0.121212
389 0.120213
390 0.118881
391 0.117549
392 0.116883
393 0.11655
394 0.115551
395 0.115218
396 0.114552
397 0.113886
398 0.11322
399 0.11322
400 0.112554
401 0.111888
402 0.111555
403 0.110889
404 0.110889
405 0.10989
406 0.109557
407 0.108891
408 0.108225
409 0.107226
410 0.105561
411 0.104895
412 0.104895
413 0.104895
414 0.103896
415 0.103563
416 0.10323
417 0.102231
418 0.102231
419 0.101565
420 0.100899
421 0.100566
422 0.100233
423 0.0989011
424 0.0989011
425 0.0979021
426 0.0979021
427 0.0975691
428 0.0962371
429 0.0959041
430 0.0952381
431 0.0935731
432 0.0929071
433 0.0919081
434 0.0915751
435 0.0915751
436 0.0915751
437 0.0912421
438 0.0905761
439 0.0895771
440 0.0889111
441 0.0889111
442 0.0875791
443 0.0865801
444 0.0859141
445 0.0859141
446 0.0849151
447 0.0842491
448 0.0832501
449 0.0832501
450 0.0819181
451 0.0819181
452 0.0815851
453 0.0809191
454 0.0802531
455 0.0795871
456 0.0792541
457 0.0789211
458 0.0789211
459 0.0789211
460 0.0782551
461 0.0779221
462 0.0775891
463 0.0772561
464 0.0769231
465 0.0765901
466 0.0765901
467 0.0759241
468 0.0759241
469 0.0752581
470 0.0749251
471 0.0749251
472 0.0739261
473 0.0735931
474 0.0732601
475 0.0715951
476 0.0715951
477 0.0712621
478 0.0695971
479 0.0695971
480 0.0689311
481 0.0679321
482 0.0675991
483 0.0672661
484 0.0672661
485 0.0669331
486 0.0666001
487 0.0659341
488 0.0659341
489 0.0659341
490 0.0652681
491 0.0652681
492 0.0646021
493 0.0642691
494 0.0639361
495 0.0639361
496 0.0636031
497 0.0632701
498 0.0622711
499 0.0622711
500 0.0619381
501 0.0612721
502 0.0609391
503 0.0606061
504 0.0606061
505 0.0596071
506 0.0589411
507 0.0589411
508 0.0586081
509 0.0556111
510 0.0552781
511 0.0546121
512 0.0546121
513 0.0539461
514 0.0536131
515 0.0536131
516 0.0536131
517 0.0536131
518 0.0536131
519 0.0529471
520 0.0529471
521 0.0529471
522 0.0522811
523 0.0522811
524 0.0516151
525 0.0516151
526 0.0506161
527 0.049617
528 0.049617
529 0.049284
530 0.049284
531 0.048951
532 0.048618
533 0.048618
534 0.048285
535 0.047952
536 0.047619
537 0.046953
538 0.04662
539 0.046287
540 0.045621
541 0.045621
542 0.045288
543 0.044955
544 0.044622
545 0.044622
546 0.044622
547 0.044289
548 0.043623
549 0.043623
550 0.043623
551 0.04329
552 0.042957
553 0.042624
554 0.042624
555 0.042291
556 0.042291
557 0.042291
558 0.042291
559 0.042291
560 0.042291
561 0.041625
562 0.040959
563 0.040959
564 0.040293
565 0.040293
566 0.040293
567 0.040293
568 0.03996
569 0.039627
570 0.039294
571 0.038961
572 0.038961
573 0.038628
574 0.038628
575 0.038628
576 0.037629
577 0.036963
578 0.036963
579 0.036963
580 0.03663
581 0.036297
582 0.036297
583 0.036297
584 0.036297
585 0.036297
586 0.036297
587 0.036297
588 0.035964
589 0.035631
590 0.035631
591 0.035298
592 0.035298
593 0.035298
594 0.034965
595 0.033966
596 0.033633
597 0.0333
598 0.032967
599 0.032967
600 0.032634
601 0.032634
602 0.032634
603 0.032634
604 0.031968
605 0.031968
606 0.031968
607 0.031302
608 0.030969
609 0.030303
610 0.030303
611 0.030303
612 0.030303
613 0.030303
614 0.029637
615 0.029304
616 0.029304
617 0.028971
618 0.028971
619 0.028971
620 0.028971
621 0.028638
622 0.028638
623 0.028305
624 0.028305
625 0.028305
626 0.028305
627 0.027972
628 0.027972
629 0.027639
630 0.027639
631 0.027639
632 0.027306
633 0.027306
634 0.026973
635 0.026973
636 0.026973
637 0.026973
638 0.02664
639 0.026307
640 0.025641
641 0.025641
642 0.025308
643 0.025308
644 0.025308
645 0.025308
646 0.025308
647 0.025308
648 0.025308
649 0.025308
650 0.025308
651 0.025308
652 0.025308
653 0.025308
654 0.025308
655 0.025308
656 0.025308
657 0.025308
658 0.024975
659 0.024642
660 0.024642
661 0.024642
662 0.024642
663 0.024309
664 0.024309
665 0.023976
666 0.023976
667 0.023976
668 0.02331
669 0.02331
670 0.02331
671 0.02331
672 0.022977
673 0.022977
674 0.022977
675 0.022644
676 0.022644
677 0.022311
678 0.022311
679 0.022311
680 0.022311
681 0.022311
682 0.022311
683 0.022311
684 0.021978
685 0.021645
686 0.021645
687 0.021645
688 0.021645
689 0.021645
690 0.021312
691 0.021312
692 0.021312
693 0.021312
694 0.020979
695 0.020979
696 0.020979
697 0.020979
698 0.020646
699 0.020646
700 0.020646
701 0.020646
702 0.020313
703 0.020313
704 0.020313
705 0.01998
706 0.019647
707 0.019647
708 0.019314
709 0.019314
710 0.018981
711 0.018648
712 0.018648
713 0.018315
714 0.018315
715 0.018315
716 0.018315
717 0.017982
718 0.017982
719 0.017982
720 0.017982
721 0.017982
722 0.017982
723 0.017982
724 0.017982
725 0.017982
726 0.017982
727 0.017649
728 0.017649
729 0.017649
730 0.017649
731 0.017649
732 0.017649
733 0.016983
734 0.016983
735 0.01665
736 0.01665
737 0.01665
738 0.01665
739 0.016317
740 0.016317
741 0.016317
742 0.016317
743 0.015984
744 0.015984
745 0.015984
746 0.015984
747 0.015651
748 0.015651
749 0.015651
750 0.015651
751 0.015651
752 0.015318
753 0.014985
754 0.014985
755 0.014985
756 0.014985
757 0.014985
758 0.014985
759 0.014985
760 0.014985
761 0.014985
762 0.014985
763 0.014985
764 0.014985
765 0.014985
766 0.014985
767 0.014985
768 0.014985
769 0.014652
770 0.014652
771 0.014652
772 0.014652
773 0.014652
774 0.014652
775 0.014652
776 0.014652
777 0.014652
778 0.014652
779 0.014652
780 0.014319
781 0.013653
782 0.013653
783 0.013653
784 0.013653
785 0.013653
786 0.012987
787 0.012987
788 0.012321
789 0.012321
790 0.012321
791 0.012321
792 0.012321
793 0.012321
794 0.012321
795 0.012321
796 0.012321
797 0.012321
798 0.012321
799 0.012321
800 0.011988
801 0.011988
802 0.011988
803 0.011988
804 0.011988
805 0.011988
806 0.011655
807 0.011655
808 0.011655
809 0.011655
810 0.011655
811 0.011655
812 0.011322
813 0.011322
814 0.010989
815 0.010989
816 0.010989
817 0.010989
818 0.010989
819 0.010656
820 0.010656
821 0.010656
822 0.010656
823 0.010656
824 0.010323
825 0.010323
826 0.010323
827 0.010323
828 0.010323
829 0.010323
830 0.010323
831 0.00999001
832 0.00999001
833 0.00999001
834 0.00999001
835 0.00999001
836 0.00999001
837 0.00999001
838 0.00999001
839 0.00999001
840 0.00999001
841 0.00999001
842 0.00965701
843 0.00965701
844 0.00965701
845 0.00965701
846 0.00965701
847 0.00965701
848 0.00965701
849 0.00965701
850 0.00965701
851 0.00932401
852 0.00932401
853 0.00932401
854 0.00932401
855 0.00899101
856 0.00865801
857 0.00865801
858 0.00865801
859 0.00865801
860 0.00865801
861 0.00865801
862 0.00865801
863 0.00865801
864 0.00865801
865 0.00865801
866 0.00865801
867 0.00865801
868 0.00865801
869 0.00865801
870 0.00865801
871 0.00865801
872 0.00865801
873 0.00865801
874 0.00865801
875 0.00865801
876 0.00865801
877 0.00865801
878 0.00832501
879 0.00832501
880 0.00832501
881 0.00832501
882 0.00832501
883 0.00832501
884 0.00832501
885 0.00832501
886 0.00832501
887 0.00832501
888 0.00832501
889 0.00832501
890 0.00832501
891 0.00832501
892 0.00832501
893 0.00832501
894 0.00832501
895 0.00832501
896 0.00832501
897 0.00832501
898 0.00832501
899 0.00832501
900 0.00832501
901 0.00832501
902 0.00832501
903 0.00832501
904 0.00832501
905 0.00832501
906 0.00832501
907 0.00832501
908 0.00832501
909 0.00765901
910 0.00765901
911 0.00765901
912 0.00732601
913 0.00732601
914 0.00732601
915 0.00732601
916 0.00732601
917 0.00732601
918 0.00732601
919 0.00732601
920 0.00732601
921 0.00732601
922 0.00732601
923 0.00732601
924 0.00732601
925 0.00699301
926 0.00666001
927 0.00666001
928 0.00666001
929 0.00666001
930 0.00666001
931 0.00666001
932 0.00666001
933 0.00666001
934 0.00666001
935 0.00666001
936 0.00666001
937 0.00666001
938 0.00666001
939 0.00666001
940 0.00666001
941 0.00666001
942 0.00666001
943 0.00666001
944 0.00666001
945 0.00666001
946 0.00666001
947 0.00666001
948 0.00666001
949 0.00666001
950 0.00666001
951 0.00666001
952 0.00666001
953 0.00666001
954 0.00666001
955 0.00666001
956 0.00666001
957 0.00666001
958 0.00666001
959 0.00666001
960 0.00666001
961 0.00666001
962 0.00666001
963 0.00666001
964 0.00666001
965 0.00666001
966 0.00666001
967 0.00666001
968 0.00666001
969 0.00666001
970 0.00666001
971 0.00666001
972 0.00666001
973 0.00666001
974 0.00666001
975 0.00666001
976 0.00666001
977 0.00666001
978 0.00666001
979 0.00666001
980 0.00666001
981 0.00666001
982 0.00666001
983 0.00666001
984 0.00666001
985 0.00666001
986 0.00666001
987 0.00666001
988 0.00666001
989 0.00666001
990 0.00666001
991 0.00666001
992 0.00666001
993 0.00632701
994 0.00632701
995 0.00599401
996 0.00599401
997 0.00599401
998 0.00599401
999 0.00599401
1000 0.00599401
1001 0.00599401
1002 0.00599401
1003 0.00599401
1004 0.00599401
1005 0.00599401
1006 0.00599401
1007 0.00599401
1008 0.00599401
1009 0.00599401
1010 0.00599401
1011 0.00599401
1012 0.00566101
1013 0.00566101
1014 0.00566101
1015 0.00566101
1016 0.00566101
1017 0.00566101
1018 0.00566101
1019 0.00532801
1020 0.00532801
1021 0.00532801
1022 0.00532801
1023 0.00532801
1024 0.00532801
1025 0.00532801
1026 0.00532801
1027 0.00532801
1028 0.00532801
1029 0.00532801
1030 0.00532801
1031 0.00532801
1032 0.00532801
1033 0.00532801
1034 0.00532801
1035 0.00532801
1036 0.00532801
1037 0.00532801
1038 0.00532801
1039 0.00532801
1040 0.00532801
1041 0.00532801
1042 0.00532801
1043 0.00532801
1044 0.00532801
1045 0.00532801
1046 0.00532801
1047 0.00532801
1048 0.00532801
1049 0.00532801
1050 0.00532801
1051 0.00532801
1052 0.00532801
1053 0.00532801
1054 0.00532801
1055 0.00499501
1056 0.00499501
1057 0.00499501
1058 0.00499501
1059 0.00499501
1060 0.00499501
1061 0.00499501
1062 0.00499501
1063 0.00499501
1064 0.00499501
1065 0.00499501
1066 0.00499501
1067 0.00499501
1068 0.00499501
1069 0.00499501
1070 0.004662
1071 0.004662
1072 0.004662
1073 0.004662
1074 0.004662
1075 0.004662
1076 0.004662
1077 0.004662
1078 0.004662
1079 0.003996
1080 0.003996
1081 0.003996
1082 0.003996
1083 0.003996
1084 0.003996
1085 0.003996
1086 0.003996
1087 0.003996
1088 0.003996
1089 0.003996
1090 0.003996
1091 0.003996
1092 0.003996
1093 0.003996
1094 0.003996
1095 0.003996
1096 0.003996
1097 0.003996
1098 0.003996
1099 0.003996
1100 0.003996
1101 0.003996
1102 0.003996
1103 0.003663
1104 0.003663
1105 0.003663
1106 0.003663
1107 0.003663
1108 0.003663
1109 0.003663
1110 0.003663
1111 0.003663
1112 0.003663
1113 0.003663
1114 0.003663
1115 0.003663
1116 0.003663
1117 0.003663
1118 0.003663
1119 0.003663
1120 0.003663
1121 0.003663
1122 0.003663
1123 0.003663
1124 0.003663
1125 0.00333
1126 0.00333
1127 0.00333
1128 0.00333
1129 0.00333
1130 0.00333
1131 0.00333
1132 0.00333
1133 0.002997
1134 0.002997
1135 0.002997
1136 0.002997
1137 0.002997
1138 0.002997
1139 0.002997
1140 0.002997
1141 0.002997
1142 0.002997
1143 0.002997
1144 0.002997
1145 0.002997
1146 0.002997
1147 0.002997
1148 0.002997
1149 0.002664
1150 0.002664
1151 0.002664
1152 0.002664
1153 0.002664
1154 0.002664
1155 0.002664
1156 0.002664
1157 0.002664
1158 0.002664
1159 0.002664
1160 0.002664
1161 0.002664
1162 0.002664
1163 0.002331
1164 0.002331
1165 0.002331
1166 0.002331
1167 0.002331
1168 0.002331
1169 0.002331
1170 0.002331
1171 0.002331
1172 0.002331
1173 0.002331
1174 0.002331
1175 0.002331
1176 0.002331
1177 0.002331
1178 0.002331
1179 0.002331
1180 0.002331
1181 0.002331
1182 0.002331
1183 0.002331
1184 0.002331
1185 0.002331
1186 0.002331
1187 0.002331
1188 0.002331
1189 0.002331
1190 0.002331
1191 0.002331
1192 0.002331
1193 0.002331
1194 0.002331
1195 0.001998
1196 0.001998
1197 0.001998
1198 0.001998
1199 0.001998
1200 0.001998
1201 0.001998
1202 0.001998
1203 0.001998
1204 0.001998
1205 0.001998
1206 0.001998
1207 0.001998
1208 0.001998
1209 0.001998
1210 0.001998
1211 0.001665
1212 0.001665
1213 0.001665
1214 0.001665
1215 0.001665
1216 0.001665
1217 0.001665
1218 0.001665
1219 0.001665
1220 0.001665
1221 0.001665
1222 0.001665
1223 0.001665
1224 0.001665
1225 0.001665
1226 0.001665
1227 0.001665
1228 0.001665
1229 0.001332
1230 0.001332
1231 0.001332
1232 0.001332
1233 0.001332
1234 0.001332
1235 0.001332
1236 0.001332
1237 0.001332
1238 0.001332
1239 0.001332
1240 0.001332
1241 0.001332
1242 0.001332
1243 0.001332
1244 0.001332
1245 0.001332
1246 0.001332
1247 0.001332
1248 0.001332
1249 0.001332
1250 0.001332
1251 0.001332
1252 0.001332
1253 0.001332
1254 0.001332
1255 0.001332
1256 0.001332
1257 0.001332
1258 0.001332
1259 0.001332
1260 0.001332
1261 0.001332
1262 0.001332
1263 0.001332
1264 0.001332
1265 0.001332
1266 0.001332
1267 0.001332
1268 0.001332
1269 0.001332
1270 0.001332
1271 0.001332
1272 0.001332
1273 0.001332
1274 0.001332
1275 0.001332
1276 0.001332
1277 0.001332
1278 0.001332
1279 0.001332
1280 0.001332
1281 0.001332
1282 0.001332
1283 0.001332
1284 0.001332
1285 0.001332
1286 0.001332
1287 0.001332
1288 0.001332
1289 0.001332
1290 0.001332
1291 0.001332
1292 0.001332
1293 0.001332
1294 0.001332
1295 0.001332
1296 0.001332
1297 0.001332
1298 0.001332
1299 0.001332
1300 0.001332
1301 0.001332
1302 0.001332
1303 0.001332
1304 0.001332
1305 0.001332
1306 0.001332
1307 0.001332
1308 0.001332
1309 0.001332
1310 0.001332
1311 0.001332
1312 0.001332
1313 0.001332
1314 0.001332
1315 0.001332
1316 0.001332
1317 0.001332
1318 0.001332
1319 0.001332
1320 0.001332
1321 0.001332
1322 0.001332
1323 0.001332
1324 0.001332
1325 0.001332
1326 0.001332
1327 0.001332
1328 0.001332
1329 0.001332
1330 0.001332
1331 0.001332
1332 0.001332
1333 0.001332
1334 0.001332
1335 0.001332
1336 0.001332
1337 0.001332
1338 0.001332
1339 0.001332
1340 0.001332
1341 0.001332
1342 0.001332
1343 0.001332
1344 0.001332
1345 0.001332
1346 0.001332
1347 0.001332
1348 0.001332
1349 0.001332
1350 0.001332
1351 0.001332
1352 0.001332
1353 0.000999001
1354 0.000999001
1355 0.000999001
1356 0.000999001
1357 0.000999001
1358 0.000999001
1359 0.000999001
1360 0.000999001
1361 0.000999001
1362 0.000999001
1363 0.000999001
1364 0.000999001
1365 0.000999001
1366 0.000999001
1367 0.000999001
1368 0.000999001
1369 0.000999001
1370 0.000999001
1371 0.000999001
1372 0.000999001
1373 0.000999001
1374 0.000999001
1375 0.000999001
1376 0.000666001
1377 0.000666001
1378 0.000666001
1379 0.000666001
1380 0.000666001
1381 0.000666001
1382 0.000666001
1383 0.000666001
1384 0.000666001
1385 0.000666001
1386 0.000666001
1387 0.000666001
1388 0.000666001
1389 0.000666001
1390 0.000666001
1391 0.000666001
1392 0.000666001
1393 0.000666001
1394 0.000666001
1395 0.000666001
1396 0.000666001
1397 0.000666001
1398 0.000666001
1399 0.000666001
1400 0.000666001
1401 0.000666001
1402 0.000666001
1403 0.000666001
1404 0.000666001
1405 0.000666001
1406 0.000666001
1407 0.000666001
1408 0.000666001
1409 0.000666001
1410 0.000666001
1411 0.000666001
1412 0.000666001
1413 0.000666001
1414 0.000666001
1415 0.000666001
1416 0.000666001
1417 0.000666001
1418 0.000666001
1419 0.000666001
1420 0.000666001
1421 0.000666001
1422 0.000666001
1423 0.000666001
1424 0.000666001
1425 0.000666001
1426 0.000666001
1427 0.000666001
1428 0.000666001
1429 0.000666001
1430 0.000666001
1431 0.000666001
1432 0.000666001
1433 0.000333
1434 0.000333
1435 0.000333
1436 0.000333
1437 0.000333
1438 0.000333
1439 0.000333
1440 0.000333
1441 0.000333
1442 0.000333
1443 0.000333
1444 0.000333
1445 0.000333
1446 0.000333
1447 0.000333
1448 0.000333
1449 0.000333
1450 0.000333
1451 0.000333
1452 0.000333
1453 0.000333
1454 0.000333
1455 0.000333
1456 0.000333
1457 0.000333
1458 0.000333
1459 0.000333
1460 0.000333
1461 0.000333
1462 0.000333
1463 0.000333
1464 0.000333
1465 0.000333
1466 0.000333
1467 0.000333
1468 0.000333
1469 0.000333
1470 0.000333
1471 0.000333
1472 0.000333
1473 0.000333
1474 0.000333
1475 0.000333
1476 0.000333
1477 0.000333
1478 0.000333
1479 0.000333
1480 0.000333
1481 0.000333
1482 0.000333
1483 0.000333
1484 0.000333
1485 0.000333
1486 0.000333
1487 0.000333
1488 0.000333
1489 0.000333
1490 0.000333
1491 0.000333
1492 0.000333
1493 0.000333
1494 0.000333
1495 0.000333
1496 0.000333
1497 0.000333
1498 0.000333
1499 0.000333
1500 0.000333
1501 0.000333
1502 0.000333
1503 0.000333
1504 0.000333
1505 0.000333
1506 0.000333
1507 0.000333
1508 0.000333
1509 0.000333
1510 0.000333
1511 0.000333
1512 0.000333
1513 0.000333
1514 0.000333
1515 0.000333
1516 0.000333
1517 0.000333
1518 0.000333
1519 0.000333
1520 0.000333
1521 0.000333
1522 0.000333
1523 0.000333
1524 0.000333
1525 0.000333
1526 0.000333
1527 0.000333
1528 0.000333
1529 0.000333
1530 0.000333
1531 0.000333
1532 0.000333
1533 0.000333
1534 0.000333
1535 0.000333
1536 0.000333
1537 0.000333
1538 0.000333
1539 0.000333
1540 0.000333
1541 0.000333
1542 0.000333
1543 0.000333
1544 0.000333
1545 0.000333
1546 0.000333
1547 0.000333
1548 0.000333
1549 0.000333
1550 0.000333
1551 0.000333
1552 0.000333
1553 0.000333
1554 0.000333
1555 0.000333
1556 0.000333
