0 1
1 1
2 1
3 1
4 1
5 1
6 1
7 1
8 1
9 1
10 1
11 1
12 1
13 1
14 1
15 1
16 1
17 1
18 1
19 1
20 1
21 1
22 1
23 0.999919
24 0.999919
25 0.999919
26 0.999919
27 0.999919
28 0.999919
29 0.999919
30 0.999919
31 0.999799
32 0.999799
33 0.999799
34 0.999799
35 0.999799
36 0.999799
37 0.999799
38 0.999799
39 0.999678
40 0.999678
41 0.999678
42 0.999678
43 0.999678
44 0.999678
45 0.999678
46 0.999678
47 0.999355
48 0.999355
49 0.999355
50 0.999355
51 0.999355
52 0.999355
53 0.999355
54 0.999355
55 0.999194
56 0.999194
57 0.999194
58 0.999194
59 0.999194
60 0.999194
61 0.999194
62 0.999194
63 0.998993
64 0.998993
65 0.998993
66 0.998993
67 0.998993
68 0.998993
69 0.998993
70 0.998993
71 0.998872
72 0.998872
73 0.998872
74 0.998872
75 0.998872
76 0.998872
77 0.998872
78 0.998872
79 0.99867
80 0.99867
81 0.963812
82 0.963812
83 0.963812
84 0.963812
85 0.963812
86 0.963812
87 0.96349
88 0.96349
89 0.928551
90 0.928551
91 0.928551
92 0.928551
93 0.928551
94 0.928551
95 0.92831
96 0.92831
97 0.894781
98 0.894781
99 0.894781
100 0.894781
101 0.894781
102 0.894781
103 0.89458
104 0.89458
105 0.862059
106 0.862059
107 0.862059
108 0.862059
109 0.862059
110 0.862059
111 0.861898
112 0.861898
113 0.82974
114 0.82974
115 0.82974
116 0.82974
117 0.82974
118 0.82974
119 0.829619
120 0.829619
121 0.8
122 0.8
123 0.8
124 0.8
125 0.8
126 0.8
127 0.799718
128 0.799718
129 0.770179
130 0.770179
131 0.770179
132 0.770179
133 0.770179
134 0.770179
135 0.770058
136 0.770058
137 0.741406
138 0.741406
139 0.741406
140 0.741406
141 0.741406
142 0.741406
143 0.741286
144 0.741286
145 0.713641
146 0.713641
147 0.713641
148 0.713641
149 0.713641
150 0.713641
151 0.713439
152 0.713439
153 0.685432
154 0.685432
155 0.685432
156 0.685432
157 0.685432
158 0.685432
159 0.685231
160 0.685231
161 0.657788
162 0.657788
163 0.657788
164 0.657788
165 0.657788
166 0.657788
167 0.657667
168 0.657667
169 0.631352
170 0.631352
171 0.631352
172 0.631352
173 0.631352
174 0.631352
175 0.631312
176 0.631312
177 0.605722
178 0.605722
179 0.605722
180 0.605722
181 0.605722
182 0.605722
183 0.605722
184 0.605722
185 0.58247
186 0.58247
187 0.58247
188 0.58247
189 0.58247
190 0.58247
191 0.582349
192 0.582349
193 0.557485
194 0.557485
195 0.557485
196 0.557485
197 0.557485
198 0.557485
199 0.557324
200 0.557324
201 0.535845
202 0.535845
203 0.535845
204 0.535845
205 0.535845
206 0.535845
207 0.535644
208 0.535644
209 0.514366
210 0.514366
211 0.514366
212 0.514366
213 0.514366
214 0.514366
215 0.514245
216 0.514245
217 0.492484
218 0.492484
219 0.492484
220 0.492484
221 0.492484
222 0.492484
223 0.492363
224 0.492363
225 0.471005
226 0.471005
227 0.471005
228 0.471005
229 0.471005
230 0.471005
231 0.471005
232 0.471005
233 0.453274
234 0.453274
235 0.453274
236 0.453274
237 0.453274
238 0.453274
239 0.453113
240 0.453113
241 0.434334
242 0.434334
243 0.434334
244 0.434334
245 0.434334
246 0.434334
247 0.434294
248 0.434294
249 0.416925
250 0.416925
251 0.416925
252 0.416925
253 0.416925
254 0.416925
255 0.416804
256 0.416804
257 0.4
258 0.4
259 0.4
260 0.4
261 0.4
262 0.4
263 0.399839
264 0.399839
265 0.383397
266 0.383397
267 0.383397
268 0.383397
269 0.383397
270 0.383397
271 0.383236
272 0.383236
273 0.36623
274 0.36623
275 0.36623
276 0.36623
277 0.36623
278 0.36623
279 0.366109
280 0.366109
281 0.350312
282 0.350312
283 0.350312
284 0.350312
285 0.350312
286 0.350312
287 0.350232
288 0.350232
289 0.336369
290 0.336369
291 0.336369
292 0.336369
293 0.336369
294 0.336369
295 0.336289
296 0.336289
297 0.322789
298 0.322789
299 0.322789
300 0.322789
301 0.322789
302 0.322789
303 0.322668
304 0.322668
305 0.309974
306 0.309974
307 0.309974
308 0.309974
309 0.309974
310 0.309974
311 0.309893
312 0.309893
313 0.297723
314 0.297723
315 0.297723
316 0.297723
317 0.297723
318 0.297723
319 0.297602
320 0.297602
321 0.284667
322 0.284667
323 0.284667
324 0.284667
325 0.284667
326 0.284667
327 0.284546
328 0.284546
329 0.27302
330 0.27302
331 0.27302
332 0.27302
333 0.27302
334 0.27302
335 0.27294
336 0.27294
337 0.261898
338 0.261898
339 0.261898
340 0.261898
341 0.261898
342 0.261898
343 0.261817
344 0.261817
345 0.251461
346 0.251461
347 0.251461
348 0.251461
349 0.251461
350 0.251461
351 0.25138
352 0.25138
353 0.240419
354 0.240419
355 0.240419
356 0.240419
357 0.240419
358 0.240419
359 0.240339
360 0.240339
361 0.230546
362 0.230546
363 0.230546
364 0.230546
365 0.230546
366 0.230546
367 0.230345
368 0.230345
369 0.220995
370 0.220995
371 0.220995
372 0.220995
373 0.220995
374 0.220995
375 0.220955
376 0.220955
377 0.213701
378 0.213701
379 0.213701
380 0.213701
381 0.213701
382 0.213701
383 0.213621
384 0.213621
385 0.205279
386 0.205279
387 0.205279
388 0.205279
389 0.205279
390 0.205279
391 0.205078
392 0.205078
393 0.197502
394 0.197502
395 0.197502
396 0.197502
397 0.197502
398 0.197502
399 0.197502
400 0.197502
401 0.189684
402 0.189684
403 0.189684
404 0.189684
405 0.189684
406 0.189684
407 0.189603
408 0.189603
409 0.181826
410 0.181826
411 0.181826
412 0.181826
413 0.181826
414 0.181826
415 0.181745
416 0.181745
417 0.173323
418 0.173323
419 0.173323
420 0.173323
421 0.173323
422 0.173323
423 0.173323
424 0.173323
425 0.16615
426 0.16615
427 0.16615
428 0.16615
429 0.16615
430 0.16615
431 0.16615
432 0.16615
433 0.159259
434 0.159259
435 0.159259
436 0.159259
437 0.159259
438 0.159259
439 0.159218
440 0.159218
441 0.153335
442 0.153335
443 0.153335
444 0.153335
445 0.153335
446 0.153335
447 0.153335
448 0.153335
449 0.148781
450 0.148781
451 0.148781
452 0.148781
453 0.148781
454 0.148781
455 0.14866
456 0.14866
457 0.142656
458 0.142656
459 0.142656
460 0.142656
461 0.142656
462 0.142656
463 0.142615
464 0.142615
465 0.136329
466 0.136329
467 0.136329
468 0.136329
469 0.136329
470 0.136329
471 0.136289
472 0.136289
473 0.131453
474 0.131453
475 0.131453
476 0.131453
477 0.131453
478 0.131453
479 0.131412
480 0.131412
481 0.126698
482 0.126698
483 0.126698
484 0.126698
485 0.126698
486 0.126698
487 0.126617
488 0.126617
489 0.121701
490 0.121701
491 0.121701
492 0.121701
493 0.121701
494 0.121701
495 0.12166
496 0.12166
497 0.117268
498 0.117268
499 0.117268
500 0.117268
501 0.117268
502 0.117268
503 0.117268
504 0.117268
505 0.11352
506 0.11352
507 0.11352
508 0.11352
509 0.11352
510 0.11352
511 0.11352
512 0.11352
513 0.109208
514 0.109208
515 0.109208
516 0.109208
517 0.109208
518 0.109208
519 0.109087
520 0.109087
521 0.105017
522 0.105017
523 0.105017
524 0.105017
525 0.105017
526 0.105017
527 0.104896
528 0.104896
529 0.100987
530 0.100987
531 0.100987
532 0.100987
533 0.100987
534 0.100987
535 0.100907
536 0.100907
537 0.097159
538 0.097159
539 0.097159
540 0.097159
541 0.097159
542 0.097159
543 0.0970784
544 0.0970784
545 0.0933306
546 0.0933306
547 0.0933306
548 0.0933306
549 0.0933306
550 0.0933306
551 0.0932501
552 0.0932501
553 0.0895829
554 0.0895829
555 0.0895829
556 0.0895829
557 0.0895829
558 0.0895829
559 0.0895023
560 0.0895023
561 0.0863188
562 0.0863188
563 0.0863188
564 0.0863188
565 0.0863188
566 0.0863188
567 0.0862785
568 0.0862785
569 0.0826919
570 0.0826919
571 0.0826919
572 0.0826919
573 0.0826919
574 0.0826919
575 0.0826113
576 0.0826113
577 0.0798308
578 0.0798308
579 0.0798308
580 0.0798308
581 0.0798308
582 0.0798308
583 0.0798308
584 0.0798308
585 0.0758815
586 0.0758815
587 0.0758815
588 0.0758815
589 0.0758815
590 0.0758815
591 0.0758412
592 0.0758412
593 0.0730606
594 0.0730606
595 0.0730606
596 0.0730606
597 0.0730606
598 0.0730606
599 0.0730204
600 0.0730204
601 0.0708442
602 0.0708442
603 0.0708442
604 0.0708442
605 0.0708442
606 0.0708442
607 0.0708442
608 0.0708442
609 0.0681443
610 0.0681443
611 0.0681443
612 0.0681443
613 0.0681443
614 0.0681443
615 0.0680637
616 0.0680637
617 0.0650816
618 0.0650816
619 0.0650816
620 0.0650816
621 0.0650816
622 0.0650816
623 0.065001
624 0.065001
625 0.062301
626 0.062301
627 0.062301
628 0.062301
629 0.062301
630 0.062301
631 0.0622204
632 0.0622204
633 0.0600846
634 0.0600846
635 0.0600846
636 0.0600846
637 0.0600846
638 0.0600846
639 0.0599637
640 0.0599637
641 0.0578279
642 0.0578279
643 0.0578279
644 0.0578279
645 0.0578279
646 0.0578279
647 0.0578279
648 0.0578279
649 0.0555712
650 0.0555712
651 0.0555712
652 0.0555712
653 0.0555712
654 0.0555712
655 0.0555712
656 0.0555712
657 0.0533548
658 0.0533548
659 0.0533548
660 0.0533548
661 0.0533548
662 0.0533548
663 0.0533548
664 0.0533548
665 0.0516623
666 0.0516623
667 0.0516623
668 0.0516623
669 0.0516623
670 0.0516623
671 0.051622
672 0.051622
673 0.0500504
674 0.0500504
675 0.0500504
676 0.0500504
677 0.0500504
678 0.0500504
679 0.0500101
680 0.0500101
681 0.0485996
682 0.0485996
683 0.0485996
684 0.0485996
685 0.0485996
686 0.0485996
687 0.048519
688 0.048519
689 0.0469474
690 0.0469474
691 0.0469474
692 0.0469474
693 0.0469474
694 0.0469474
695 0.0469474
696 0.0469474
697 0.0447713
698 0.0447713
699 0.0447713
700 0.0447713
701 0.0447713
702 0.0447713
703 0.0447713
704 0.0447713
705 0.0431191
706 0.0431191
707 0.0431191
708 0.0431191
709 0.0431191
710 0.0431191
711 0.0430788
712 0.0430788
713 0.0415475
714 0.0415475
715 0.0415475
716 0.0415475
717 0.0415475
718 0.0415475
719 0.0415475
720 0.0415475
721 0.040137
722 0.040137
723 0.040137
724 0.040137
725 0.040137
726 0.040137
727 0.0400967
728 0.0400967
729 0.0384848
730 0.0384848
731 0.0384848
732 0.0384848
733 0.0384848
734 0.0384848
735 0.0384848
736 0.0384848
737 0.0373564
738 0.0373564
739 0.0373564
740 0.0373564
741 0.0373564
742 0.0373564
743 0.0373161
744 0.0373161
745 0.035946
746 0.035946
747 0.035946
748 0.035946
749 0.035946
750 0.035946
751 0.035946
752 0.035946
753 0.034052
754 0.034052
755 0.034052
756 0.034052
757 0.034052
758 0.034052
759 0.0339714
760 0.0339714
761 0.0330848
762 0.0330848
763 0.0330848
764 0.0330848
765 0.0330848
766 0.0330848
767 0.0330848
768 0.0330848
769 0.0319565
770 0.0319565
771 0.0319565
772 0.0319565
773 0.0319565
774 0.0319565
775 0.0319565
776 0.0319565
777 0.030949
778 0.030949
779 0.030949
780 0.030949
781 0.030949
782 0.030949
783 0.0309087
784 0.0309087
785 0.0296595
786 0.0296595
787 0.0296595
788 0.0296595
789 0.0296595
790 0.0296595
791 0.0296192
792 0.0296192
793 0.0283699
794 0.0283699
795 0.0283699
796 0.0283699
797 0.0283699
798 0.0283699
799 0.0283296
800 0.0283296
801 0.0267983
802 0.0267983
803 0.0267983
804 0.0267983
805 0.0267983
806 0.0267983
807 0.0266774
808 0.0266774
809 0.0257506
810 0.0257506
811 0.0257506
812 0.0257506
813 0.0257506
814 0.0257506
815 0.0257103
816 0.0257103
817 0.0247834
818 0.0247834
819 0.0247834
820 0.0247834
821 0.0247834
822 0.0247834
823 0.0247834
824 0.0247834
825 0.0238162
826 0.0238162
827 0.0238162
828 0.0238162
829 0.0238162
830 0.0238162
831 0.0238162
832 0.0238162
833 0.02297
834 0.02297
835 0.02297
836 0.02297
837 0.02297
838 0.02297
839 0.02297
840 0.02297
841 0.0221237
842 0.0221237
843 0.0221237
844 0.0221237
845 0.0221237
846 0.0221237
847 0.0221237
848 0.0221237
849 0.0213178
850 0.0213178
851 0.0213178
852 0.0213178
853 0.0213178
854 0.0213178
855 0.0213178
856 0.0213178
857 0.0208745
858 0.0208745
859 0.0208745
860 0.0208745
861 0.0208745
862 0.0208745
863 0.0208342
864 0.0208342
865 0.0200282
866 0.0200282
867 0.0200282
868 0.0200282
869 0.0200282
870 0.0200282
871 0.0200282
872 0.0200282
873 0.0192222
874 0.0192222
875 0.0192222
876 0.0192222
877 0.0192222
878 0.0192222
879 0.0192222
880 0.0192222
881 0.0184969
882 0.0184969
883 0.0184969
884 0.0184969
885 0.0184969
886 0.0184969
887 0.0184566
888 0.0184566
889 0.0177715
890 0.0177715
891 0.0177715
892 0.0177715
893 0.0177715
894 0.0177715
895 0.0177715
896 0.0177715
897 0.017167
898 0.017167
899 0.017167
900 0.017167
901 0.017167
902 0.017167
903 0.017167
904 0.017167
905 0.0165223
906 0.0165223
907 0.0165223
908 0.0165223
909 0.0165223
910 0.0165223
911 0.0165223
912 0.0165223
913 0.0161193
914 0.0161193
915 0.0161193
916 0.0161193
917 0.0161193
918 0.0161193
919 0.0161193
920 0.0161193
921 0.0155551
922 0.0155551
923 0.0155551
924 0.0155551
925 0.0155551
926 0.0155551
927 0.0155551
928 0.0155551
929 0.0150715
930 0.0150715
931 0.0150715
932 0.0150715
933 0.0150715
934 0.0150715
935 0.0150715
936 0.0150715
937 0.0146282
938 0.0146282
939 0.0146282
940 0.0146282
941 0.0146282
942 0.0146282
943 0.0145477
944 0.0145477
945 0.0139029
946 0.0139029
947 0.0139029
948 0.0139029
949 0.0139029
950 0.0139029
951 0.0139029
952 0.0139029
953 0.0132581
954 0.0132581
955 0.0132581
956 0.0132581
957 0.0132581
958 0.0132581
959 0.0132178
960 0.0132178
961 0.0124521
962 0.0124521
963 0.0124521
964 0.0124521
965 0.0124521
966 0.0124521
967 0.0124521
968 0.0124521
969 0.011888
970 0.011888
971 0.011888
972 0.011888
973 0.011888
974 0.011888
975 0.011888
976 0.011888
977 0.0115253
978 0.0115253
979 0.0115253
980 0.0115253
981 0.0115253
982 0.0115253
983 0.0115253
984 0.0115253
985 0.0111626
986 0.0111626
987 0.0111626
988 0.0111626
989 0.0111626
990 0.0111626
991 0.0111223
992 0.0111223
993 0.010679
994 0.010679
995 0.010679
996 0.010679
997 0.010679
998 0.010679
999 0.010679
1000 0.010679
1001 0.0103163
1002 0.0103163
1003 0.0103163
1004 0.0103163
1005 0.0103163
1006 0.0103163
1007 0.0103163
1008 0.0103163
1009 0.00983276
1010 0.00983276
1011 0.00983276
1012 0.00983276
1013 0.00983276
1014 0.00983276
1015 0.00983276
1016 0.00983276
1017 0.00938948
1018 0.00938948
1019 0.00938948
1020 0.00938948
1021 0.00938948
1022 0.00938948
1023 0.00938948
1024 0.00938948
1025 0.00914769
1026 0.00914769
1027 0.00914769
1028 0.00914769
1029 0.00914769
1030 0.00914769
1031 0.00914769
1032 0.00914769
1033 0.00858352
1034 0.00858352
1035 0.00858352
1036 0.00858352
1037 0.00858352
1038 0.00858352
1039 0.00858352
1040 0.00858352
1041 0.00834173
1042 0.00834173
1043 0.00834173
1044 0.00834173
1045 0.00834173
1046 0.00834173
1047 0.00834173
1048 0.00834173
1049 0.00814024
1050 0.00814024
1051 0.00814024
1052 0.00814024
1053 0.00814024
1054 0.00814024
1055 0.00814024
1056 0.00814024
1057 0.00793875
1058 0.00793875
1059 0.00793875
1060 0.00793875
1061 0.00793875
1062 0.00793875
1063 0.00793875
1064 0.00793875
1065 0.00785815
1066 0.00785815
1067 0.00785815
1068 0.00785815
1069 0.00785815
1070 0.00785815
1071 0.00785815
1072 0.00785815
1073 0.00761636
1074 0.00761636
1075 0.00761636
1076 0.00761636
1077 0.00761636
1078 0.00761636
1079 0.00761636
1080 0.00761636
1081 0.00749547
1082 0.00749547
1083 0.00749547
1084 0.00749547
1085 0.00749547
1086 0.00749547
1087 0.00749547
1088 0.00749547
1089 0.00717308
1090 0.00717308
1091 0.00717308
1092 0.00717308
1093 0.00717308
1094 0.00717308
1095 0.00713278
1096 0.00713278
1097 0.00693129
1098 0.00693129
1099 0.00693129
1100 0.00693129
1101 0.00693129
1102 0.00693129
1103 0.00693129
1104 0.00693129
1105 0.00656861
1106 0.00656861
1107 0.00656861
1108 0.00656861
1109 0.00656861
1110 0.00656861
1111 0.00656861
1112 0.00656861
1113 0.00616563
1114 0.00616563
1115 0.00616563
1116 0.00616563
1117 0.00616563
1118 0.00616563
1119 0.00616563
1120 0.00616563
1121 0.00596413
1122 0.00596413
1123 0.00596413
1124 0.00596413
1125 0.00596413
1126 0.00596413
1127 0.00596413
1128 0.00596413
1129 0.00580294
1130 0.00580294
1131 0.00580294
1132 0.00580294
1133 0.00580294
1134 0.00580294
1135 0.00580294
1136 0.00580294
1137 0.00572235
1138 0.00572235
1139 0.00572235
1140 0.00572235
1141 0.00572235
1142 0.00572235
1143 0.00572235
1144 0.00572235
1145 0.00527907
1146 0.00527907
1147 0.00527907
1148 0.00527907
1149 0.00527907
1150 0.00527907
1151 0.00527907
1152 0.00527907
1153 0.00503728
1154 0.00503728
1155 0.00503728
1156 0.00503728
1157 0.00503728
1158 0.00503728
1159 0.00503728
1160 0.00503728
1161 0.00495668
1162 0.00495668
1163 0.00495668
1164 0.00495668
1165 0.00495668
1166 0.00495668
1167 0.00495668
1168 0.00495668
1169 0.00483578
1170 0.00483578
1171 0.00483578
1172 0.00483578
1173 0.00483578
1174 0.00483578
1175 0.00483578
1176 0.00483578
1177 0.00471489
1178 0.00471489
1179 0.00471489
1180 0.00471489
1181 0.00471489
1182 0.00471489
1183 0.00471489
1184 0.00471489
1185 0.004594
1186 0.004594
1187 0.004594
1188 0.004594
1189 0.004594
1190 0.004594
1191 0.004594
1192 0.004594
1193 0.0045134
1194 0.0045134
1195 0.0045134
1196 0.0045134
1197 0.0045134
1198 0.0045134
1199 0.0045134
1200 0.0045134
1201 0.00435221
1202 0.00435221
1203 0.00435221
1204 0.00435221
1205 0.00435221
1206 0.00435221
1207 0.00435221
1208 0.00435221
1209 0.00427161
1210 0.00427161
1211 0.00427161
1212 0.00427161
1213 0.00427161
1214 0.00427161
1215 0.00427161
1216 0.00427161
1217 0.00415072
1218 0.00415072
1219 0.00415072
1220 0.00415072
1221 0.00415072
1222 0.00415072
1223 0.00415072
1224 0.00415072
1225 0.00398952
1226 0.00398952
1227 0.00398952
1228 0.00398952
1229 0.00398952
1230 0.00398952
1231 0.00398952
1232 0.00398952
1233 0.00378803
1234 0.00378803
1235 0.00378803
1236 0.00378803
1237 0.00378803
1238 0.00378803
1239 0.00378803
1240 0.00378803
1241 0.00362684
1242 0.00362684
1243 0.00362684
1244 0.00362684
1245 0.00362684
1246 0.00362684
1247 0.00362684
1248 0.00362684
1249 0.00334475
1250 0.00334475
1251 0.00334475
1252 0.00334475
1253 0.00334475
1254 0.00334475
1255 0.00334475
1256 0.00334475
1257 0.00326415
1258 0.00326415
1259 0.00326415
1260 0.00326415
1261 0.00326415
1262 0.00326415
1263 0.00326415
1264 0.00326415
1265 0.00318356
1266 0.00318356
1267 0.00318356
1268 0.00318356
1269 0.00318356
1270 0.00318356
1271 0.00318356
1272 0.00318356
1273 0.00294177
1274 0.00294177
1275 0.00294177
1276 0.00294177
1277 0.00294177
1278 0.00294177
1279 0.00294177
1280 0.00294177
1281 0.00294177
1282 0.00294177
1283 0.00294177
1284 0.00294177
1285 0.00294177
1286 0.00294177
1287 0.00294177
1288 0.00294177
1289 0.00290147
1290 0.00290147
1291 0.00290147
1292 0.00290147
1293 0.00290147
1294 0.00290147
1295 0.00290147
1296 0.00290147
1297 0.00278058
1298 0.00278058
1299 0.00278058
1300 0.00278058
1301 0.00278058
1302 0.00278058
1303 0.00278058
1304 0.00278058
1305 0.00274028
1306 0.00274028
1307 0.00274028
1308 0.00274028
1309 0.00274028
1310 0.00274028
1311 0.00269998
1312 0.00269998
1313 0.00265968
1314 0.00265968
1315 0.00265968
1316 0.00265968
1317 0.00265968
1318 0.00265968
1319 0.00265968
1320 0.00265968
1321 0.00257909
1322 0.00257909
1323 0.00257909
1324 0.00257909
1325 0.00257909
1326 0.00257909
1327 0.00253879
1328 0.00253879
1329 0.00245819
1330 0.00245819
1331 0.00245819
1332 0.00245819
1333 0.00245819
1334 0.00245819
1335 0.00245819
1336 0.00245819
1337 0.00237759
1338 0.00237759
1339 0.00237759
1340 0.00237759
1341 0.00237759
1342 0.00237759
1343 0.00237759
1344 0.00237759
1345 0.002297
1346 0.002297
1347 0.002297
1348 0.002297
1349 0.002297
1350 0.002297
1351 0.002297
1352 0.002297
1353 0.002297
1354 0.002297
1355 0.002297
1356 0.002297
1357 0.002297
1358 0.002297
1359 0.002297
1360 0.002297
1361 0.0021358
1362 0.0021358
1363 0.0021358
1364 0.0021358
1365 0.0021358
1366 0.0021358
1367 0.0021358
1368 0.0021358
1369 0.00209551
1370 0.00209551
1371 0.00209551
1372 0.00209551
1373 0.00209551
1374 0.00209551
1375 0.00209551
1376 0.00209551
1377 0.00205521
1378 0.00205521
1379 0.00205521
1380 0.00205521
1381 0.00205521
1382 0.00205521
1383 0.00205521
1384 0.00205521
1385 0.00201491
1386 0.00201491
1387 0.00201491
1388 0.00201491
1389 0.00201491
1390 0.00201491
1391 0.00201491
1392 0.00201491
1393 0.00197461
1394 0.00197461
1395 0.00197461
1396 0.00197461
1397 0.00197461
1398 0.00197461
1399 0.00197461
1400 0.00197461
1401 0.00197461
1402 0.00197461
1403 0.00197461
1404 0.00197461
1405 0.00197461
1406 0.00197461
1407 0.00197461
1408 0.00197461
1409 0.00193431
1410 0.00193431
1411 0.00193431
1412 0.00193431
1413 0.00193431
1414 0.00193431
1415 0.00193431
1416 0.00193431
1417 0.00177312
1418 0.00177312
1419 0.00177312
1420 0.00177312
1421 0.00177312
1422 0.00177312
1423 0.00177312
1424 0.00177312
1425 0.00173282
1426 0.00173282
1427 0.00173282
1428 0.00173282
1429 0.00173282
1430 0.00173282
1431 0.00173282
1432 0.00173282
1433 0.00161193
1434 0.00161193
1435 0.00161193
1436 0.00161193
1437 0.00161193
1438 0.00161193
1439 0.00161193
1440 0.00161193
1441 0.00157163
1442 0.00157163
1443 0.00157163
1444 0.00157163
1445 0.00157163
1446 0.00157163
1447 0.00157163
1448 0.00157163
1449 0.00153133
1450 0.00153133
1451 0.00153133
1452 0.00153133
1453 0.00153133
1454 0.00153133
1455 0.00153133
1456 0.00153133
1457 0.00149103
1458 0.00149103
1459 0.00149103
1460 0.00149103
1461 0.00149103
1462 0.00149103
1463 0.00149103
1464 0.00149103
1465 0.00149103
1466 0.00149103
1467 0.00149103
1468 0.00149103
1469 0.00149103
1470 0.00149103
1471 0.00149103
1472 0.00149103
1473 0.00145074
1474 0.00145074
1475 0.00145074
1476 0.00145074
1477 0.00145074
1478 0.00145074
1479 0.00145074
1480 0.00145074
1481 0.00141044
1482 0.00141044
1483 0.00141044
1484 0.00141044
1485 0.00141044
1486 0.00141044
1487 0.00141044
1488 0.00141044
1489 0.00137014
1490 0.00137014
1491 0.00137014
1492 0.00137014
1493 0.00137014
1494 0.00137014
1495 0.00137014
1496 0.00137014
1497 0.00132984
1498 0.00132984
1499 0.00132984
1500 0.00132984
1501 0.00132984
1502 0.00132984
1503 0.00132984
1504 0.00132984
1505 0.00128954
1506 0.00128954
1507 0.00128954
1508 0.00128954
1509 0.00128954
1510 0.00128954
1511 0.00128954
1512 0.00128954
1513 0.00128954
1514 0.00128954
1515 0.00128954
1516 0.00128954
1517 0.00128954
1518 0.00128954
1519 0.00128954
1520 0.00128954
1521 0.00116865
1522 0.00116865
1523 0.00116865
1524 0.00116865
1525 0.00116865
1526 0.00116865
1527 0.00116865
1528 0.00116865
1529 0.00108805
1530 0.00108805
1531 0.00108805
1532 0.00108805
1533 0.00108805
1534 0.00108805
1535 0.00108805
1536 0.00108805
1537 0.00100746
1538 0.00100746
1539 0.00100746
1540 0.00100746
1541 0.00100746
1542 0.00100746
1543 0.00100746
1544 0.00100746
1545 0.00100746
1546 0.00100746
1547 0.00100746
1548 0.00100746
1549 0.00100746
1550 0.00100746
1551 0.000967157
1552 0.000967157
1553 0.000967157
1554 0.000967157
1555 0.000967157
1556 0.000967157
1557 0.000967157
1558 0.000967157
1559 0.000967157
1560 0.000967157
1561 0.000926859
1562 0.000926859
1563 0.000926859
1564 0.000926859
1565 0.000926859
1566 0.000926859
1567 0.000926859
1568 0.000926859
1569 0.000886561
1570 0.000886561
1571 0.000886561
1572 0.000886561
1573 0.000886561
1574 0.000886561
1575 0.000886561
1576 0.000886561
1577 0.000886561
1578 0.000886561
1579 0.000886561
1580 0.000886561
1581 0.000886561
1582 0.000886561
1583 0.000886561
1584 0.000886561
1585 0.000805964
1586 0.000805964
1587 0.000805964
1588 0.000805964
1589 0.000805964
1590 0.000805964
1591 0.000805964
1592 0.000805964
1593 0.000765666
1594 0.000765666
1595 0.000765666
1596 0.000765666
1597 0.000765666
1598 0.000765666
1599 0.000765666
1600 0.000765666
1601 0.000765666
1602 0.000765666
1603 0.000765666
1604 0.000765666
1605 0.000765666
1606 0.000765666
1607 0.000765666
1608 0.000765666
1609 0.000765666
1610 0.000765666
1611 0.000765666
1612 0.000765666
1613 0.000765666
1614 0.000765666
1615 0.000765666
1616 0.000765666
1617 0.000725368
1618 0.000725368
1619 0.000725368
1620 0.000725368
1621 0.000725368
1622 0.000725368
1623 0.000725368
1624 0.000725368
1625 0.000644771
1626 0.000644771
1627 0.000644771
1628 0.000644771
1629 0.000644771
1630 0.000644771
1631 0.000644771
1632 0.000644771
1633 0.000644771
1634 0.000644771
1635 0.000644771
1636 0.000644771
1637 0.000644771
1638 0.000644771
1639 0.000644771
1640 0.000644771
1641 0.000644771
1642 0.000644771
1643 0.000644771
1644 0.000644771
1645 0.000644771
1646 0.000644771
1647 0.000644771
1648 0.000644771
1649 0.000644771
1650 0.000644771
1651 0.000644771
1652 0.000644771
1653 0.000644771
1654 0.000644771
1655 0.000644771
1656 0.000644771
1657 0.000644771
1658 0.000644771
1659 0.000644771
1660 0.000644771
1661 0.000644771
1662 0.000644771
1663 0.000644771
1664 0.000644771
1665 0.000644771
1666 0.000644771
1667 0.000644771
1668 0.000644771
1669 0.000644771
1670 0.000644771
1671 0.000644771
1672 0.000644771
1673 0.000564175
1674 0.000564175
1675 0.000564175
1676 0.000564175
1677 0.000564175
1678 0.000564175
1679 0.000564175
1680 0.000564175
1681 0.000564175
1682 0.000564175
1683 0.000564175
1684 0.000564175
1685 0.000564175
1686 0.000564175
1687 0.000564175
1688 0.000564175
1689 0.000523877
1690 0.000523877
1691 0.000523877
1692 0.000523877
1693 0.000523877
1694 0.000523877
1695 0.000523877
1696 0.000523877
1697 0.000523877
1698 0.000523877
1699 0.000523877
1700 0.000523877
1701 0.000523877
1702 0.000523877
1703 0.000523877
1704 0.000523877
1705 0.000523877
1706 0.000523877
1707 0.000523877
1708 0.000523877
1709 0.000523877
1710 0.000523877
1711 0.000523877
1712 0.000523877
1713 0.000523877
1714 0.000523877
1715 0.000523877
1716 0.000523877
1717 0.000523877
1718 0.000523877
1719 0.000523877
1720 0.000523877
1721 0.000523877
1722 0.000523877
1723 0.000523877
1724 0.000523877
1725 0.000523877
1726 0.000523877
1727 0.000523877
1728 0.000523877
1729 0.000523877
1730 0.000523877
1731 0.000523877
1732 0.000523877
1733 0.000523877
1734 0.000523877
1735 0.000523877
1736 0.000523877
1737 0.000523877
1738 0.000523877
1739 0.000523877
1740 0.000523877
1741 0.000523877
1742 0.000523877
1743 0.000523877
1744 0.000523877
1745 0.000523877
1746 0.000523877
1747 0.000523877
1748 0.000523877
1749 0.000523877
1750 0.000523877
1751 0.000523877
1752 0.000523877
1753 0.000523877
1754 0.000523877
1755 0.000523877
1756 0.000523877
1757 0.000523877
1758 0.000523877
1759 0.000523877
1760 0.000523877
1761 0.000483578
1762 0.000483578
1763 0.000483578
1764 0.000483578
1765 0.000483578
1766 0.000483578
1767 0.000483578
1768 0.000483578
1769 0.000483578
1770 0.000483578
1771 0.000483578
1772 0.000483578
1773 0.000483578
1774 0.000483578
1775 0.000483578
1776 0.000483578
1777 0.00044328
1778 0.00044328
1779 0.00044328
1780 0.00044328
1781 0.00044328
1782 0.00044328
1783 0.00044328
1784 0.00044328
1785 0.000362684
1786 0.000362684
1787 0.000362684
1788 0.000362684
1789 0.000362684
1790 0.000362684
1791 0.000362684
1792 0.000362684
1793 0.000362684
1794 0.000362684
1795 0.000362684
1796 0.000362684
1797 0.000362684
1798 0.000362684
1799 0.000362684
1800 0.000362684
1801 0.000362684
1802 0.000362684
1803 0.000362684
1804 0.000362684
1805 0.000362684
1806 0.000362684
1807 0.000362684
1808 0.000362684
1809 0.000362684
1810 0.000362684
1811 0.000362684
1812 0.000362684
1813 0.000362684
1814 0.000362684
1815 0.000362684
1816 0.000362684
1817 0.000362684
1818 0.000362684
1819 0.000362684
1820 0.000362684
1821 0.000362684
1822 0.000362684
1823 0.000362684
1824 0.000362684
1825 0.000362684
1826 0.000362684
1827 0.000362684
1828 0.000362684
1829 0.000362684
1830 0.000362684
1831 0.000362684
1832 0.000362684
1833 0.000362684
1834 0.000362684
1835 0.000362684
1836 0.000362684
1837 0.000362684
1838 0.000362684
1839 0.000362684
1840 0.000362684
1841 0.000362684
1842 0.000362684
1843 0.000362684
1844 0.000362684
1845 0.000362684
1846 0.000362684
1847 0.000362684
1848 0.000362684
1849 0.000362684
1850 0.000362684
1851 0.000362684
1852 0.000362684
1853 0.000362684
1854 0.000362684
1855 0.000362684
1856 0.000362684
1857 0.000362684
1858 0.000362684
1859 0.000362684
1860 0.000362684
1861 0.000362684
1862 0.000362684
1863 0.000362684
1864 0.000362684
1865 0.000362684
1866 0.000362684
1867 0.000362684
1868 0.000362684
1869 0.000362684
1870 0.000362684
1871 0.000362684
1872 0.000362684
1873 0.000362684
1874 0.000362684
1875 0.000362684
1876 0.000362684
1877 0.000362684
1878 0.000362684
1879 0.000362684
1880 0.000362684
1881 0.000362684
1882 0.000362684
1883 0.000362684
1884 0.000362684
1885 0.000362684
1886 0.000362684
1887 0.000362684
1888 0.000362684
1889 0.000362684
1890 0.000362684
1891 0.000362684
1892 0.000362684
1893 0.000362684
1894 0.000362684
1895 0.000362684
1896 0.000362684
1897 0.000322386
1898 0.000322386
1899 0.000322386
1900 0.000322386
1901 0.000322386
1902 0.000322386
1903 0.000322386
1904 0.000322386
1905 0.000322386
1906 0.000322386
1907 0.000322386
1908 0.000322386
1909 0.000322386
1910 0.000322386
1911 0.000322386
1912 0.000322386
1913 0.000322386
1914 0.000322386
1915 0.000322386
1916 0.000322386
1917 0.000322386
1918 0.000322386
1919 0.000322386
1920 0.000322386
1921 0.000322386
1922 0.000322386
1923 0.000322386
1924 0.000322386
1925 0.000322386
1926 0.000322386
1927 0.000322386
1928 0.000322386
1929 0.000282087
1930 0.000282087
1931 0.000282087
1932 0.000282087
1933 0.000282087
1934 0.000282087
1935 0.000282087
1936 0.000282087
1937 0.000282087
1938 0.000282087
1939 0.000282087
1940 0.000282087
1941 0.000282087
1942 0.000282087
1943 0.000282087
1944 0.000282087
1945 0.000282087
1946 0.000282087
1947 0.000282087
1948 0.000282087
1949 0.000282087
1950 0.000282087
1951 0.000282087
1952 0.000282087
1953 0.000282087
1954 0.000282087
1955 0.000282087
1956 0.000282087
1957 0.000282087
1958 0.000282087
1959 0.000282087
1960 0.000282087
1961 0.000282087
1962 0.000282087
1963 0.000282087
1964 0.000282087
1965 0.000282087
1966 0.000282087
1967 0.000282087
1968 0.000282087
1969 0.000282087
1970 0.000282087
1971 0.000282087
1972 0.000282087
1973 0.000282087
1974 0.000282087
1975 0.000282087
1976 0.000282087
1977 0.000282087
1978 0.000282087
1979 0.000282087
1980 0.000282087
1981 0.000282087
1982 0.000282087
1983 0.000282087
1984 0.000282087
1985 0.000282087
1986 0.000282087
1987 0.000282087
1988 0.000282087
1989 0.000282087
1990 0.000282087
1991 0.000282087
1992 0.000282087
1993 0.000282087
1994 0.000282087
1995 0.000282087
1996 0.000282087
1997 0.000282087
1998 0.000282087
1999 0.000282087
2000 0.000282087
2001 0.000282087
2002 0.000282087
2003 0.000282087
2004 0.000282087
2005 0.000282087
2006 0.000282087
2007 0.000282087
2008 0.000282087
2009 0.000282087
2010 0.000282087
2011 0.000282087
2012 0.000282087
2013 0.000282087
2014 0.000282087
2015 0.000282087
2016 0.000282087
2017 0.000282087
2018 0.000282087
2019 0.000282087
2020 0.000282087
2021 0.000282087
2022 0.000282087
2023 0.000282087
2024 0.000282087
2025 0.000282087
2026 0.000282087
2027 0.000282087
2028 0.000282087
2029 0.000282087
2030 0.000282087
2031 0.000282087
2032 0.000282087
2033 0.000241789
2034 0.000241789
2035 0.000241789
2036 0.000241789
2037 0.000241789
2038 0.000241789
2039 0.000241789
2040 0.000241789
2041 0.000241789
2042 0.000241789
2043 0.000241789
2044 0.000241789
2045 0.000241789
2046 0.000241789
2047 0.000241789
2048 0.000241789
2049 0.000241789
2050 0.000241789
2051 0.000241789
2052 0.000241789
2053 0.000241789
2054 0.000241789
2055 0.000241789
2056 0.000241789
2057 0.000241789
2058 0.000241789
2059 0.000241789
2060 0.000241789
2061 0.000241789
2062 0.000241789
2063 0.000241789
2064 0.000241789
2065 0.000241789
2066 0.000241789
2067 0.000241789
2068 0.000241789
2069 0.000241789
2070 0.000241789
2071 0.000241789
2072 0.000241789
2073 0.000201491
2074 0.000201491
2075 0.000201491
2076 0.000201491
2077 0.000201491
2078 0.000201491
2079 0.000201491
2080 0.000201491
2081 0.000201491
2082 0.000201491
2083 0.000201491
2084 0.000201491
2085 0.000201491
2086 0.000201491
2087 0.000201491
2088 0.000201491
2089 0.000201491
2090 0.000201491
2091 0.000201491
2092 0.000201491
2093 0.000201491
2094 0.000201491
2095 0.000201491
2096 0.000201491
2097 0.000201491
2098 0.000201491
2099 0.000201491
2100 0.000201491
2101 0.000201491
2102 0.000201491
2103 0.000201491
2104 0.000201491
2105 0.000201491
2106 0.000201491
2107 0.000201491
2108 0.000201491
2109 0.000201491
2110 0.000201491
2111 0.000201491
2112 0.000201491
2113 0.000201491
2114 0.000201491
2115 0.000201491
2116 0.000201491
2117 0.000201491
2118 0.000201491
2119 0.000201491
2120 0.000201491
2121 0.000201491
2122 0.000201491
2123 0.000201491
2124 0.000201491
2125 0.000201491
2126 0.000201491
2127 0.000201491
2128 0.000201491
2129 0.000120895
2130 0.000120895
2131 0.000120895
2132 0.000120895
2133 0.000120895
2134 0.000120895
2135 0.000120895
2136 0.000120895
2137 0.000120895
2138 0.000120895
2139 0.000120895
2140 0.000120895
2141 0.000120895
2142 0.000120895
2143 0.000120895
2144 0.000120895
2145 0.000120895
2146 0.000120895
2147 0.000120895
2148 0.000120895
2149 0.000120895
2150 0.000120895
2151 0.000120895
2152 0.000120895
2153 0.000120895
2154 0.000120895
2155 0.000120895
2156 0.000120895
2157 0.000120895
2158 0.000120895
2159 0.000120895
2160 0.000120895
2161 8.05964e-05
2162 8.05964e-05
2163 8.05964e-05
2164 8.05964e-05
2165 8.05964e-05
2166 8.05964e-05
2167 8.05964e-05
2168 8.05964e-05
2169 8.05964e-05
2170 8.05964e-05
2171 8.05964e-05
2172 8.05964e-05
2173 8.05964e-05
2174 8.05964e-05
2175 8.05964e-05
2176 8.05964e-05
2177 4.02982e-05
2178 4.02982e-05
2179 4.02982e-05
2180 4.02982e-05
2181 4.02982e-05
2182 4.02982e-05
2183 4.02982e-05
2184 4.02982e-05
2185 4.02982e-05
2186 4.02982e-05
2187 4.02982e-05
2188 4.02982e-05
2189 4.02982e-05
2190 4.02982e-05
2191 4.02982e-05
2192 4.02982e-05
2193 4.02982e-05
2194 4.02982e-05
2195 4.02982e-05
2196 4.02982e-05
2197 4.02982e-05
2198 4.02982e-05
2199 4.02982e-05
2200 4.02982e-05
2201 4.02982e-05
2202 4.02982e-05
2203 4.02982e-05
2204 4.02982e-05
2205 4.02982e-05
2206 4.02982e-05
2207 4.02982e-05
2208 4.02982e-05
2209 4.02982e-05
2210 4.02982e-05
2211 4.02982e-05
2212 4.02982e-05
2213 4.02982e-05
2214 4.02982e-05
2215 4.02982e-05
2216 4.02982e-05
2217 4.02982e-05
2218 4.02982e-05
2219 4.02982e-05
2220 4.02982e-05
2221 4.02982e-05
2222 4.02982e-05
2223 4.02982e-05
2224 4.02982e-05
2225 4.02982e-05
2226 4.02982e-05
2227 4.02982e-05
2228 4.02982e-05
2229 4.02982e-05
2230 4.02982e-05
2231 4.02982e-05
2232 4.02982e-05
2233 4.02982e-05
2234 4.02982e-05
2235 4.02982e-05
2236 4.02982e-05
2237 4.02982e-05
2238 4.02982e-05
2239 4.02982e-05
2240 4.02982e-05
2241 4.02982e-05
2242 4.02982e-05
2243 4.02982e-05
2244 4.02982e-05
2245 4.02982e-05
2246 4.02982e-05
2247 4.02982e-05
2248 4.02982e-05
2249 4.02982e-05
2250 4.02982e-05
2251 4.02982e-05
2252 4.02982e-05
2253 4.02982e-05
2254 4.02982e-05
2255 4.02982e-05
2256 4.02982e-05
2257 4.02982e-05
2258 4.02982e-05
2259 4.02982e-05
2260 4.02982e-05
2261 4.02982e-05
2262 4.02982e-05
2263 4.02982e-05
2264 4.02982e-05
2265 4.02982e-05
2266 4.02982e-05
2267 4.02982e-05
2268 4.02982e-05
2269 4.02982e-05
2270 4.02982e-05
2271 4.02982e-05
2272 4.02982e-05
2273 4.02982e-05
2274 4.02982e-05
2275 4.02982e-05
2276 4.02982e-05
2277 4.02982e-05
2278 4.02982e-05
2279 4.02982e-05
2280 4.02982e-05
2281 4.02982e-05
2282 4.02982e-05
2283 4.02982e-05
2284 4.02982e-05
2285 4.02982e-05
2286 4.02982e-05
2287 4.02982e-05
2288 4.02982e-05
2289 4.02982e-05
2290 4.02982e-05
2291 4.02982e-05
2292 4.02982e-05
2293 4.02982e-05
2294 4.02982e-05
2295 4.02982e-05
2296 4.02982e-05
2297 4.02982e-05
2298 4.02982e-05
2299 4.02982e-05
2300 4.02982e-05
2301 4.02982e-05
2302 4.02982e-05
2303 4.02982e-05
2304 4.02982e-05
2305 4.02982e-05
2306 4.02982e-05
2307 4.02982e-05
2308 4.02982e-05
2309 4.02982e-05
2310 4.02982e-05
2311 4.02982e-05
2312 4.02982e-05
2313 4.02982e-05
2314 4.02982e-05
2315 4.02982e-05
2316 4.02982e-05
2317 4.02982e-05
2318 4.02982e-05
2319 4.02982e-05
2320 4.02982e-05
2321 4.02982e-05
2322 4.02982e-05
2323 4.02982e-05
2324 4.02982e-05
2325 4.02982e-05
2326 4.02982e-05
2327 4.02982e-05
2328 4.02982e-05
2329 4.02982e-05
2330 4.02982e-05
2331 4.02982e-05
2332 4.02982e-05
2333 4.02982e-05
2334 4.02982e-05
2335 4.02982e-05
2336 4.02982e-05
2337 4.02982e-05
2338 4.02982e-05
2339 4.02982e-05
2340 4.02982e-05
2341 4.02982e-05
2342 4.02982e-05
2343 4.02982e-05
2344 4.02982e-05
2345 4.02982e-05
2346 4.02982e-05
2347 4.02982e-05
2348 4.02982e-05
2349 4.02982e-05
2350 4.02982e-05
2351 4.02982e-05
2352 4.02982e-05
2353 4.02982e-05
2354 4.02982e-05
2355 4.02982e-05
2356 4.02982e-05
2357 4.02982e-05
2358 4.02982e-05
2359 4.02982e-05
2360 4.02982e-05
2361 4.02982e-05
2362 4.02982e-05
2363 4.02982e-05
2364 4.02982e-05
2365 4.02982e-05
2366 4.02982e-05
2367 4.02982e-05
2368 4.02982e-05
2369 4.02982e-05
2370 4.02982e-05
2371 4.02982e-05
2372 4.02982e-05
2373 4.02982e-05
2374 4.02982e-05
2375 4.02982e-05
2376 4.02982e-05
2377 4.02982e-05
2378 4.02982e-05
2379 4.02982e-05
2380 4.02982e-05
2381 4.02982e-05
2382 4.02982e-05
2383 4.02982e-05
2384 4.02982e-05
2385 4.02982e-05
2386 4.02982e-05
2387 4.02982e-05
2388 4.02982e-05
2389 4.02982e-05
2390 4.02982e-05
2391 4.02982e-05
2392 4.02982e-05
2393 4.02982e-05
2394 4.02982e-05
2395 4.02982e-05
2396 4.02982e-05
2397 4.02982e-05
2398 4.02982e-05
2399 4.02982e-05
2400 4.02982e-05
2401 4.02982e-05
2402 4.02982e-05
2403 4.02982e-05
2404 4.02982e-05
2405 4.02982e-05
2406 4.02982e-05
2407 4.02982e-05
2408 4.02982e-05
2409 4.02982e-05
2410 4.02982e-05
2411 4.02982e-05
2412 4.02982e-05
2413 4.02982e-05
2414 4.02982e-05
2415 4.02982e-05
2416 4.02982e-05
2417 4.02982e-05
2418 4.02982e-05
2419 4.02982e-05
2420 4.02982e-05
2421 4.02982e-05
2422 4.02982e-05
2423 4.02982e-05
2424 4.02982e-05
2425 4.02982e-05
2426 4.02982e-05
2427 4.02982e-05
2428 4.02982e-05
2429 4.02982e-05
2430 4.02982e-05
2431 4.02982e-05
2432 4.02982e-05
2433 4.02982e-05
2434 4.02982e-05
2435 4.02982e-05
2436 4.02982e-05
2437 4.02982e-05
2438 4.02982e-05
2439 4.02982e-05
2440 4.02982e-05
2441 4.02982e-05
2442 4.02982e-05
2443 4.02982e-05
2444 4.02982e-05
2445 4.02982e-05
2446 4.02982e-05
2447 4.02982e-05
2448 4.02982e-05
2449 4.02982e-05
2450 4.02982e-05
2451 4.02982e-05
2452 4.02982e-05
2453 4.02982e-05
2454 4.02982e-05
2455 4.02982e-05
2456 4.02982e-05
2457 4.02982e-05
2458 4.02982e-05
2459 4.02982e-05
2460 4.02982e-05
2461 4.02982e-05
2462 4.02982e-05
2463 4.02982e-05
2464 4.02982e-05
2465 4.02982e-05
2466 4.02982e-05
2467 4.02982e-05
2468 4.02982e-05
2469 4.02982e-05
2470 4.02982e-05
2471 4.02982e-05
2472 4.02982e-05
2473 4.02982e-05
2474 4.02982e-05
2475 4.02982e-05
2476 4.02982e-05
2477 4.02982e-05
2478 4.02982e-05
2479 4.02982e-05
2480 4.02982e-05
2481 4.02982e-05
2482 4.02982e-05
2483 4.02982e-05
2484 4.02982e-05
2485 4.02982e-05
2486 4.02982e-05
2487 4.02982e-05
2488 4.02982e-05
2489 4.02982e-05
2490 4.02982e-05
2491 4.02982e-05
2492 4.02982e-05
2493 4.02982e-05
2494 4.02982e-05
2495 4.02982e-05
2496 4.02982e-05
2497 4.02982e-05
2498 4.02982e-05
2499 4.02982e-05
2500 4.02982e-05
2501 4.02982e-05
2502 4.02982e-05
2503 4.02982e-05
2504 4.02982e-05
2505 4.02982e-05
2506 4.02982e-05
2507 4.02982e-05
2508 4.02982e-05
2509 4.02982e-05
2510 4.02982e-05
2511 4.02982e-05
2512 4.02982e-05
2513 4.02982e-05
2514 4.02982e-05
2515 4.02982e-05
2516 4.02982e-05
2517 4.02982e-05
2518 4.02982e-05
2519 4.02982e-05
2520 4.02982e-05
2521 4.02982e-05
2522 4.02982e-05
2523 4.02982e-05
2524 4.02982e-05
2525 4.02982e-05
2526 4.02982e-05
2527 4.02982e-05
2528 4.02982e-05
2529 4.02982e-05
2530 4.02982e-05
2531 4.02982e-05
2532 4.02982e-05
2533 4.02982e-05
2534 4.02982e-05
2535 4.02982e-05
2536 4.02982e-05
2537 4.02982e-05
2538 4.02982e-05
2539 4.02982e-05
2540 4.02982e-05
2541 4.02982e-05
2542 4.02982e-05
2543 4.02982e-05
2544 4.02982e-05
2545 4.02982e-05
2546 4.02982e-05
2547 4.02982e-05
2548 4.02982e-05
2549 4.02982e-05
2550 4.02982e-05
2551 4.02982e-05
2552 4.02982e-05
2553 4.02982e-05
2554 4.02982e-05
2555 4.02982e-05
2556 4.02982e-05
2557 4.02982e-05
2558 4.02982e-05
2559 4.02982e-05
2560 4.02982e-05
2561 4.02982e-05
2562 4.02982e-05
2563 4.02982e-05
2564 4.02982e-05
2565 4.02982e-05
2566 4.02982e-05
2567 4.02982e-05
2568 4.02982e-05
2569 4.02982e-05
2570 4.02982e-05
2571 4.02982e-05
2572 4.02982e-05
2573 4.02982e-05
2574 4.02982e-05
2575 4.02982e-05
2576 4.02982e-05
2577 4.02982e-05
2578 4.02982e-05
2579 4.02982e-05
2580 4.02982e-05
2581 4.02982e-05
2582 4.02982e-05
2583 4.02982e-05
2584 4.02982e-05
2585 4.02982e-05
2586 4.02982e-05
2587 4.02982e-05
2588 4.02982e-05
2589 4.02982e-05
2590 4.02982e-05
2591 4.02982e-05
2592 4.02982e-05
2593 4.02982e-05
2594 4.02982e-05
2595 4.02982e-05
2596 4.02982e-05
2597 4.02982e-05
2598 4.02982e-05
2599 4.02982e-05
2600 4.02982e-05
2601 4.02982e-05
2602 4.02982e-05
2603 4.02982e-05
2604 4.02982e-05
2605 4.02982e-05
2606 4.02982e-05
2607 4.02982e-05
2608 4.02982e-05
2609 4.02982e-05
2610 4.02982e-05
2611 4.02982e-05
2612 4.02982e-05
2613 4.02982e-05
2614 4.02982e-05
2615 4.02982e-05
2616 4.02982e-05
2617 4.02982e-05
2618 4.02982e-05
2619 4.02982e-05
2620 4.02982e-05
2621 4.02982e-05
2622 4.02982e-05
2623 4.02982e-05
2624 4.02982e-05
2625 4.02982e-05
2626 4.02982e-05
2627 4.02982e-05
2628 4.02982e-05
2629 4.02982e-05
2630 4.02982e-05
2631 4.02982e-05
2632 4.02982e-05
2633 4.02982e-05
2634 4.02982e-05
2635 4.02982e-05
2636 4.02982e-05
2637 4.02982e-05
2638 4.02982e-05
2639 4.02982e-05
2640 4.02982e-05
2641 4.02982e-05
2642 4.02982e-05
2643 4.02982e-05
2644 4.02982e-05
2645 4.02982e-05
2646 4.02982e-05
2647 4.02982e-05
2648 4.02982e-05
2649 4.02982e-05
2650 4.02982e-05
2651 4.02982e-05
2652 4.02982e-05
2653 4.02982e-05
2654 4.02982e-05
2655 4.02982e-05
2656 4.02982e-05
2657 4.02982e-05
2658 4.02982e-05
2659 4.02982e-05
2660 4.02982e-05
2661 4.02982e-05
2662 4.02982e-05
2663 4.02982e-05
2664 4.02982e-05
2665 4.02982e-05
2666 4.02982e-05
2667 4.02982e-05
2668 4.02982e-05
2669 4.02982e-05
2670 4.02982e-05
2671 4.02982e-05
2672 4.02982e-05
2673 4.02982e-05
2674 4.02982e-05
2675 4.02982e-05
2676 4.02982e-05
2677 4.02982e-05
2678 4.02982e-05
2679 4.02982e-05
2680 4.02982e-05
2681 4.02982e-05
2682 4.02982e-05
2683 4.02982e-05
2684 4.02982e-05
2685 4.02982e-05
2686 4.02982e-05
2687 4.02982e-05
2688 4.02982e-05
2689 4.02982e-05
2690 4.02982e-05
2691 4.02982e-05
2692 4.02982e-05
2693 4.02982e-05
2694 4.02982e-05
2695 4.02982e-05
2696 4.02982e-05
2697 4.02982e-05
2698 4.02982e-05
2699 4.02982e-05
2700 4.02982e-05
2701 4.02982e-05
2702 4.02982e-05
2703 4.02982e-05
2704 4.02982e-05
2705 4.02982e-05
2706 4.02982e-05
2707 4.02982e-05
2708 4.02982e-05
2709 4.02982e-05
2710 4.02982e-05
2711 4.02982e-05
2712 4.02982e-05
2713 4.02982e-05
2714 4.02982e-05
2715 4.02982e-05
2716 4.02982e-05
2717 4.02982e-05
2718 4.02982e-05
2719 4.02982e-05
2720 4.02982e-05
2721 4.02982e-05
2722 4.02982e-05
2723 4.02982e-05
2724 4.02982e-05
2725 4.02982e-05
2726 4.02982e-05
2727 4.02982e-05
2728 4.02982e-05
2729 4.02982e-05
2730 4.02982e-05
2731 4.02982e-05
2732 4.02982e-05
2733 4.02982e-05
2734 4.02982e-05
2735 4.02982e-05
2736 4.02982e-05
2737 4.02982e-05
2738 4.02982e-05
2739 4.02982e-05
2740 4.02982e-05
2741 4.02982e-05
2742 4.02982e-05
2743 4.02982e-05
2744 4.02982e-05
2745 4.02982e-05
2746 4.02982e-05
2747 4.02982e-05
2748 4.02982e-05
2749 4.02982e-05
2750 4.02982e-05
2751 4.02982e-05
2752 4.02982e-05
2753 4.02982e-05
2754 4.02982e-05
2755 4.02982e-05
2756 4.02982e-05
2757 4.02982e-05
2758 4.02982e-05
2759 4.02982e-05
2760 4.02982e-05
2761 4.02982e-05
2762 4.02982e-05
2763 4.02982e-05
2764 4.02982e-05
2765 4.02982e-05
2766 4.02982e-05
2767 4.02982e-05
2768 4.02982e-05
2769 4.02982e-05
2770 4.02982e-05
2771 4.02982e-05
2772 4.02982e-05
2773 4.02982e-05
2774 4.02982e-05
2775 4.02982e-05
2776 4.02982e-05
2777 4.02982e-05
2778 4.02982e-05
2779 4.02982e-05
2780 4.02982e-05
2781 4.02982e-05
2782 4.02982e-05
2783 4.02982e-05
2784 4.02982e-05
2785 4.02982e-05
2786 4.02982e-05
2787 4.02982e-05
2788 4.02982e-05
2789 4.02982e-05
2790 4.02982e-05
2791 4.02982e-05
2792 4.02982e-05
2793 4.02982e-05
2794 4.02982e-05
2795 4.02982e-05
2796 4.02982e-05
2797 4.02982e-05
2798 4.02982e-05
2799 4.02982e-05
2800 4.02982e-05
2801 4.02982e-05
2802 4.02982e-05
2803 4.02982e-05
2804 4.02982e-05
2805 4.02982e-05
2806 4.02982e-05
2807 4.02982e-05
2808 4.02982e-05
2809 4.02982e-05
2810 4.02982e-05
2811 4.02982e-05
2812 4.02982e-05
2813 4.02982e-05
2814 4.02982e-05
2815 4.02982e-05
2816 4.02982e-05
2817 4.02982e-05
2818 4.02982e-05
2819 4.02982e-05
2820 4.02982e-05
2821 4.02982e-05
2822 4.02982e-05
2823 4.02982e-05
2824 4.02982e-05
2825 4.02982e-05
2826 4.02982e-05
2827 4.02982e-05
2828 4.02982e-05
2829 4.02982e-05
2830 4.02982e-05
2831 4.02982e-05
2832 4.02982e-05
2833 4.02982e-05
2834 4.02982e-05
2835 4.02982e-05
2836 4.02982e-05
2837 4.02982e-05
2838 4.02982e-05
2839 4.02982e-05
2840 4.02982e-05
2841 4.02982e-05
2842 4.02982e-05
2843 4.02982e-05
2844 4.02982e-05
2845 4.02982e-05
2846 4.02982e-05
2847 4.02982e-05
2848 4.02982e-05
2849 4.02982e-05
2850 4.02982e-05
2851 4.02982e-05
2852 4.02982e-05
2853 4.02982e-05
2854 4.02982e-05
2855 4.02982e-05
2856 4.02982e-05
2857 4.02982e-05
2858 4.02982e-05
2859 4.02982e-05
2860 4.02982e-05
2861 4.02982e-05
2862 4.02982e-05
2863 4.02982e-05
2864 4.02982e-05
2865 4.02982e-05
2866 4.02982e-05
2867 4.02982e-05
2868 4.02982e-05
2869 4.02982e-05
2870 4.02982e-05
2871 4.02982e-05
2872 4.02982e-05
2873 4.02982e-05
2874 4.02982e-05
2875 4.02982e-05
2876 4.02982e-05
2877 4.02982e-05
2878 4.02982e-05
2879 4.02982e-05
2880 4.02982e-05
2881 4.02982e-05
2882 4.02982e-05
2883 4.02982e-05
2884 4.02982e-05
2885 4.02982e-05
2886 4.02982e-05
2887 4.02982e-05
2888 4.02982e-05
2889 4.02982e-05
2890 4.02982e-05
2891 4.02982e-05
2892 4.02982e-05
2893 4.02982e-05
2894 4.02982e-05
2895 4.02982e-05
2896 4.02982e-05
2897 4.02982e-05
2898 4.02982e-05
2899 4.02982e-05
2900 4.02982e-05
2901 4.02982e-05
2902 4.02982e-05
2903 4.02982e-05
2904 4.02982e-05
2905 4.02982e-05
2906 4.02982e-05
2907 4.02982e-05
2908 4.02982e-05
2909 4.02982e-05
2910 4.02982e-05
2911 4.02982e-05
2912 4.02982e-05
2913 4.02982e-05
2914 4.02982e-05
2915 4.02982e-05
2916 4.02982e-05
2917 4.02982e-05
2918 4.02982e-05
2919 4.02982e-05
2920 4.02982e-05
2921 4.02982e-05
2922 4.02982e-05
2923 4.02982e-05
2924 4.02982e-05
2925 4.02982e-05
2926 4.02982e-05
2927 4.02982e-05
2928 4.02982e-05
2929 4.02982e-05
2930 4.02982e-05
2931 4.02982e-05
2932 4.02982e-05
2933 4.02982e-05
2934 4.02982e-05
2935 4.02982e-05
2936 4.02982e-05
2937 4.02982e-05
2938 4.02982e-05
2939 4.02982e-05
2940 4.02982e-05
2941 4.02982e-05
2942 4.02982e-05
2943 4.02982e-05
2944 4.02982e-05
2945 4.02982e-05
2946 4.02982e-05
2947 4.02982e-05
2948 4.02982e-05
2949 4.02982e-05
2950 4.02982e-05
2951 4.02982e-05
2952 4.02982e-05
2953 4.02982e-05
2954 4.02982e-05
2955 4.02982e-05
2956 4.02982e-05
2957 4.02982e-05
2958 4.02982e-05
2959 4.02982e-05
2960 4.02982e-05
2961 4.02982e-05
2962 4.02982e-05
2963 4.02982e-05
2964 4.02982e-05
2965 4.02982e-05
2966 4.02982e-05
2967 4.02982e-05
2968 4.02982e-05
2969 4.02982e-05
2970 4.02982e-05
2971 4.02982e-05
2972 4.02982e-05
2973 4.02982e-05
2974 4.02982e-05
2975 4.02982e-05
2976 4.02982e-05
2977 4.02982e-05
2978 4.02982e-05
2979 4.02982e-05
2980 4.02982e-05
2981 4.02982e-05
2982 4.02982e-05
2983 4.02982e-05
2984 4.02982e-05
2985 4.02982e-05
2986 4.02982e-05
2987 4.02982e-05
2988 4.02982e-05
2989 4.02982e-05
2990 4.02982e-05
2991 4.02982e-05
2992 4.02982e-05
2993 4.02982e-05
2994 4.02982e-05
2995 4.02982e-05
2996 4.02982e-05
2997 4.02982e-05
2998 4.02982e-05
2999 4.02982e-05
3000 4.02982e-05
3001 4.02982e-05
3002 4.02982e-05
3003 4.02982e-05
3004 4.02982e-05
3005 4.02982e-05
3006 4.02982e-05
3007 4.02982e-05
3008 4.02982e-05
3009 4.02982e-05
3010 4.02982e-05
3011 4.02982e-05
3012 4.02982e-05
3013 4.02982e-05
3014 4.02982e-05
3015 4.02982e-05
3016 4.02982e-05
3017 4.02982e-05
3018 4.02982e-05
3019 4.02982e-05
3020 4.02982e-05
3021 4.02982e-05
3022 4.02982e-05
3023 4.02982e-05
3024 4.02982e-05
3025 4.02982e-05
3026 4.02982e-05
3027 4.02982e-05
3028 4.02982e-05
3029 4.02982e-05
3030 4.02982e-05
3031 4.02982e-05
3032 4.02982e-05
3033 4.02982e-05
3034 4.02982e-05
3035 4.02982e-05
3036 4.02982e-05
3037 4.02982e-05
3038 4.02982e-05
3039 4.02982e-05
3040 4.02982e-05
3041 4.02982e-05
3042 4.02982e-05
3043 4.02982e-05
3044 4.02982e-05
3045 4.02982e-05
3046 4.02982e-05
3047 4.02982e-05
3048 4.02982e-05
3049 4.02982e-05
3050 4.02982e-05
3051 4.02982e-05
3052 4.02982e-05
3053 4.02982e-05
3054 4.02982e-05
3055 4.02982e-05
3056 4.02982e-05
3057 4.02982e-05
3058 4.02982e-05
3059 4.02982e-05
3060 4.02982e-05
3061 4.02982e-05
3062 4.02982e-05
3063 4.02982e-05
3064 4.02982e-05
3065 4.02982e-05
3066 4.02982e-05
3067 4.02982e-05
3068 4.02982e-05
3069 4.02982e-05
3070 4.02982e-05
3071 4.02982e-05
3072 4.02982e-05
3073 4.02982e-05
3074 4.02982e-05
3075 4.02982e-05
3076 4.02982e-05
3077 4.02982e-05
3078 4.02982e-05
3079 4.02982e-05
3080 4.02982e-05
3081 4.02982e-05
3082 4.02982e-05
3083 4.02982e-05
3084 4.02982e-05
3085 4.02982e-05
3086 4.02982e-05
3087 4.02982e-05
3088 4.02982e-05
3089 4.02982e-05
3090 4.02982e-05
3091 4.02982e-05
3092 4.02982e-05
3093 4.02982e-05
3094 4.02982e-05
3095 4.02982e-05
3096 4.02982e-05
3097 4.02982e-05
3098 4.02982e-05
3099 4.02982e-05
3100 4.02982e-05
3101 4.02982e-05
3102 4.02982e-05
3103 4.02982e-05
3104 4.02982e-05
3105 4.02982e-05
3106 4.02982e-05
3107 4.02982e-05
3108 4.02982e-05
3109 4.02982e-05
3110 4.02982e-05
3111 4.02982e-05
3112 4.02982e-05
3113 4.02982e-05
3114 4.02982e-05
3115 4.02982e-05
3116 4.02982e-05
3117 4.02982e-05
3118 4.02982e-05
3119 4.02982e-05
3120 4.02982e-05
3121 4.02982e-05
3122 4.02982e-05
3123 4.02982e-05
3124 4.02982e-05
3125 4.02982e-05
3126 4.02982e-05
3127 4.02982e-05
3128 4.02982e-05
3129 4.02982e-05
3130 4.02982e-05
3131 4.02982e-05
3132 4.02982e-05
3133 4.02982e-05
3134 4.02982e-05
3135 4.02982e-05
3136 4.02982e-05
3137 4.02982e-05
3138 4.02982e-05
3139 4.02982e-05
3140 4.02982e-05
3141 4.02982e-05
3142 4.02982e-05
3143 4.02982e-05
3144 4.02982e-05
3145 4.02982e-05
3146 4.02982e-05
3147 4.02982e-05
3148 4.02982e-05
3149 4.02982e-05
3150 4.02982e-05
3151 4.02982e-05
3152 4.02982e-05
3153 4.02982e-05
3154 4.02982e-05
3155 4.02982e-05
3156 4.02982e-05
3157 4.02982e-05
3158 4.02982e-05
3159 4.02982e-05
3160 4.02982e-05
3161 4.02982e-05
3162 4.02982e-05
3163 4.02982e-05
3164 4.02982e-05
3165 4.02982e-05
3166 4.02982e-05
3167 4.02982e-05
3168 4.02982e-05
3169 4.02982e-05
3170 4.02982e-05
3171 4.02982e-05
3172 4.02982e-05
3173 4.02982e-05
3174 4.02982e-05
3175 4.02982e-05
3176 4.02982e-05
3177 4.02982e-05
3178 4.02982e-05
3179 4.02982e-05
3180 4.02982e-05
3181 4.02982e-05
3182 4.02982e-05
3183 4.02982e-05
3184 4.02982e-05
3185 4.02982e-05
3186 4.02982e-05
3187 4.02982e-05
3188 4.02982e-05
3189 4.02982e-05
3190 4.02982e-05
3191 4.02982e-05
3192 4.02982e-05
3193 4.02982e-05
3194 4.02982e-05
3195 4.02982e-05
3196 4.02982e-05
3197 4.02982e-05
3198 4.02982e-05
3199 4.02982e-05
3200 4.02982e-05
3201 4.02982e-05
3202 4.02982e-05
3203 4.02982e-05
3204 4.02982e-05
3205 4.02982e-05
3206 4.02982e-05
3207 4.02982e-05
3208 4.02982e-05
