0 1
1 1
2 1
3 1
4 1
5 1
6 1
7 1
8 1
9 1
10 1
11 1
12 1
13 1
14 1
15 0.999907
16 0.999907
17 0.999907
18 0.999907
19 0.999907
20 0.999907
21 0.999907
22 0.999907
23 0.999907
24 0.999907
25 0.999907
26 0.999907
27 0.999907
28 0.999907
29 0.999907
30 0.999907
31 0.999628
32 0.999628
33 0.999628
34 0.999628
35 0.999628
36 0.999628
37 0.999628
38 0.999628
39 0.999534
40 0.999534
41 0.999534
42 0.999534
43 0.999534
44 0.999534
45 0.999534
46 0.999534
47 0.999534
48 0.999534
49 0.999534
50 0.999534
51 0.999534
52 0.999534
53 0.999534
54 0.999534
55 0.999441
56 0.999441
57 0.999441
58 0.999441
59 0.999441
60 0.999441
61 0.999441
62 0.999441
63 0.999255
64 0.999255
65 0.999255
66 0.999255
67 0.999255
68 0.999255
69 0.999255
70 0.999255
71 0.999162
72 0.999162
73 0.999162
74 0.999162
75 0.999162
76 0.999162
77 0.999162
78 0.999162
79 0.999069
80 0.999069
81 0.966577
82 0.966577
83 0.966577
84 0.966577
85 0.966577
86 0.966577
87 0.966297
88 0.966297
89 0.934177
90 0.934177
91 0.934177
92 0.934177
93 0.934177
94 0.934177
95 0.933898
96 0.933898
97 0.901871
98 0.901871
99 0.901871
100 0.901871
101 0.901871
102 0.901871
103 0.901778
104 0.901778
105 0.870031
106 0.870031
107 0.870031
108 0.870031
109 0.870031
110 0.870031
111 0.869938
112 0.869938
113 0.840331
114 0.840331
115 0.840331
116 0.840331
117 0.840331
118 0.840331
119 0.839959
120 0.839959
121 0.806722
122 0.806722
123 0.806722
124 0.806722
125 0.806722
126 0.806722
127 0.806629
128 0.806629
129 0.772926
130 0.772926
131 0.772926
132 0.772926
133 0.772926
134 0.772926
135 0.772926
136 0.772926
137 0.743506
138 0.743506
139 0.743506
140 0.743506
141 0.743506
142 0.743506
143 0.743413
144 0.743413
145 0.714086
146 0.714086
147 0.714086
148 0.714086
149 0.714086
150 0.714086
151 0.714086
152 0.714086
153 0.685318
154 0.685318
155 0.685318
156 0.685318
157 0.685318
158 0.685318
159 0.685225
160 0.685225
161 0.654967
162 0.654967
163 0.654967
164 0.654967
165 0.654967
166 0.654967
167 0.654967
168 0.654967
169 0.626013
170 0.626013
171 0.626013
172 0.626013
173 0.626013
174 0.626013
175 0.625919
176 0.625919
177 0.598548
178 0.598548
179 0.598548
180 0.598548
181 0.598548
182 0.598548
183 0.598455
184 0.598455
185 0.570617
186 0.570617
187 0.570617
188 0.570617
189 0.570617
190 0.570617
191 0.570431
192 0.570431
193 0.541384
194 0.541384
195 0.541384
196 0.541384
197 0.541384
198 0.541384
199 0.54129
200 0.54129
201 0.519132
202 0.519132
203 0.519132
204 0.519132
205 0.519132
206 0.519132
207 0.519132
208 0.519132
209 0.496695
210 0.496695
211 0.496695
212 0.496695
213 0.496695
214 0.496695
215 0.496602
216 0.496602
217 0.47342
218 0.47342
219 0.47342
220 0.47342
221 0.47342
222 0.47342
223 0.473233
224 0.473233
225 0.449772
226 0.449772
227 0.449772
228 0.449772
229 0.449772
230 0.449772
231 0.449772
232 0.449772
233 0.429755
234 0.429755
235 0.429755
236 0.429755
237 0.429755
238 0.429755
239 0.429569
240 0.429569
241 0.408528
242 0.408528
243 0.408528
244 0.408528
245 0.408528
246 0.408528
247 0.408063
248 0.408063
249 0.390094
250 0.390094
251 0.390094
252 0.390094
253 0.390094
254 0.390094
255 0.390001
256 0.390001
257 0.373336
258 0.373336
259 0.373336
260 0.373336
261 0.373336
262 0.373336
263 0.373243
264 0.373243
265 0.35844
266 0.35844
267 0.35844
268 0.35844
269 0.35844
270 0.35844
271 0.358253
272 0.358253
273 0.342706
274 0.342706
275 0.342706
276 0.342706
277 0.342706
278 0.342706
279 0.342612
280 0.342612
281 0.325854
282 0.325854
283 0.325854
284 0.325854
285 0.325854
286 0.325854
287 0.325668
288 0.325668
289 0.311517
290 0.311517
291 0.311517
292 0.311517
293 0.311517
294 0.311517
295 0.311424
296 0.311424
297 0.296527
298 0.296527
299 0.296527
300 0.296527
301 0.296527
302 0.296527
303 0.296341
304 0.296341
305 0.28191
306 0.28191
307 0.28191
308 0.28191
309 0.28191
310 0.28191
311 0.28191
312 0.28191
313 0.268876
314 0.268876
315 0.268876
316 0.268876
317 0.268876
318 0.268876
319 0.268876
320 0.268876
321 0.257518
322 0.257518
323 0.257518
324 0.257518
325 0.257518
326 0.257518
327 0.257425
328 0.257425
329 0.245415
330 0.245415
331 0.245415
332 0.245415
333 0.245415
334 0.245415
335 0.245322
336 0.245322
337 0.235081
338 0.235081
339 0.235081
340 0.235081
341 0.235081
342 0.235081
343 0.235081
344 0.235081
345 0.22605
346 0.22605
347 0.22605
348 0.22605
349 0.22605
350 0.22605
351 0.225864
352 0.225864
353 0.21376
354 0.21376
355 0.21376
356 0.21376
357 0.21376
358 0.21376
359 0.21376
360 0.21376
361 0.206685
362 0.206685
363 0.206685
364 0.206685
365 0.206685
366 0.206685
367 0.206592
368 0.206592
369 0.196909
370 0.196909
371 0.196909
372 0.196909
373 0.196909
374 0.196909
375 0.196909
376 0.196909
377 0.187692
378 0.187692
379 0.187692
380 0.187692
381 0.187692
382 0.187692
383 0.187599
384 0.187599
385 0.179406
386 0.179406
387 0.179406
388 0.179406
389 0.179406
390 0.179406
391 0.179313
392 0.179313
393 0.173075
394 0.173075
395 0.173075
396 0.173075
397 0.173075
398 0.173075
399 0.173075
400 0.173075
401 0.16693
402 0.16693
403 0.16693
404 0.16693
405 0.16693
406 0.16693
407 0.166744
408 0.166744
409 0.160227
410 0.160227
411 0.160227
412 0.160227
413 0.160227
414 0.160227
415 0.160227
416 0.160227
417 0.153431
418 0.153431
419 0.153431
420 0.153431
421 0.153431
422 0.153431
423 0.153431
424 0.153431
425 0.146541
426 0.146541
427 0.146541
428 0.146541
429 0.146541
430 0.146541
431 0.146541
432 0.146541
433 0.141421
434 0.141421
435 0.141421
436 0.141421
437 0.141421
438 0.141421
439 0.141328
440 0.141328
441 0.135369
442 0.135369
443 0.135369
444 0.135369
445 0.135369
446 0.135369
447 0.135276
448 0.135276
449 0.129969
450 0.129969
451 0.129969
452 0.129969
453 0.129969
454 0.129969
455 0.129969
456 0.129969
457 0.123266
458 0.123266
459 0.123266
460 0.123266
461 0.123266
462 0.123266
463 0.123173
464 0.123173
465 0.117773
466 0.117773
467 0.117773
468 0.117773
469 0.117773
470 0.117773
471 0.117773
472 0.117773
473 0.112839
474 0.112839
475 0.112839
476 0.112839
477 0.112839
478 0.112839
479 0.112652
480 0.112652
481 0.108184
482 0.108184
483 0.108184
484 0.108184
485 0.108184
486 0.108184
487 0.108184
488 0.108184
489 0.10418
490 0.10418
491 0.10418
492 0.10418
493 0.10418
494 0.10418
495 0.10418
496 0.10418
497 0.100084
498 0.100084
499 0.100084
500 0.100084
501 0.100084
502 0.100084
503 0.100084
504 0.100084
505 0.096639
506 0.096639
507 0.096639
508 0.096639
509 0.096639
510 0.096639
511 0.0965459
512 0.0965459
513 0.0920771
514 0.0920771
515 0.0920771
516 0.0920771
517 0.0920771
518 0.0920771
519 0.0920771
520 0.0920771
521 0.0882599
522 0.0882599
523 0.0882599
524 0.0882599
525 0.0882599
526 0.0882599
527 0.0882599
528 0.0882599
529 0.0837911
530 0.0837911
531 0.0837911
532 0.0837911
533 0.0837911
534 0.0837911
535 0.0837911
536 0.0837911
537 0.079136
538 0.079136
539 0.079136
540 0.079136
541 0.079136
542 0.079136
543 0.079136
544 0.079136
545 0.075412
546 0.075412
547 0.075412
548 0.075412
549 0.075412
550 0.075412
551 0.0753189
552 0.0753189
553 0.0732706
554 0.0732706
555 0.0732706
556 0.0732706
557 0.0732706
558 0.0732706
559 0.0731775
560 0.0731775
561 0.0709431
562 0.0709431
563 0.0709431
564 0.0709431
565 0.0709431
566 0.0709431
567 0.07085
568 0.07085
569 0.0677777
570 0.0677777
571 0.0677777
572 0.0677777
573 0.0677777
574 0.0677777
575 0.0677777
576 0.0677777
577 0.0640536
578 0.0640536
579 0.0640536
580 0.0640536
581 0.0640536
582 0.0640536
583 0.0640536
584 0.0640536
585 0.0617261
586 0.0617261
587 0.0617261
588 0.0617261
589 0.0617261
590 0.0617261
591 0.0617261
592 0.0617261
593 0.0594917
594 0.0594917
595 0.0594917
596 0.0594917
597 0.0594917
598 0.0594917
599 0.0594917
600 0.0594917
601 0.0568848
602 0.0568848
603 0.0568848
604 0.0568848
605 0.0568848
606 0.0568848
607 0.0568848
608 0.0568848
609 0.055209
610 0.055209
611 0.055209
612 0.055209
613 0.055209
614 0.055209
615 0.055209
616 0.055209
617 0.0528815
618 0.0528815
619 0.0528815
620 0.0528815
621 0.0528815
622 0.0528815
623 0.0528815
624 0.0528815
625 0.0512057
626 0.0512057
627 0.0512057
628 0.0512057
629 0.0512057
630 0.0512057
631 0.0511126
632 0.0511126
633 0.0492505
634 0.0492505
635 0.0492505
636 0.0492505
637 0.0492505
638 0.0492505
639 0.0491574
640 0.0491574
641 0.0465506
642 0.0465506
643 0.0465506
644 0.0465506
645 0.0465506
646 0.0465506
647 0.0465506
648 0.0465506
649 0.0445955
650 0.0445955
651 0.0445955
652 0.0445955
653 0.0445955
654 0.0445955
655 0.0445955
656 0.0445955
657 0.0430128
658 0.0430128
659 0.0430128
660 0.0430128
661 0.0430128
662 0.0430128
663 0.0430128
664 0.0430128
665 0.0413369
666 0.0413369
667 0.0413369
668 0.0413369
669 0.0413369
670 0.0413369
671 0.0413369
672 0.0413369
673 0.0393818
674 0.0393818
675 0.0393818
676 0.0393818
677 0.0393818
678 0.0393818
679 0.0393818
680 0.0393818
681 0.0370543
682 0.0370543
683 0.0370543
684 0.0370543
685 0.0370543
686 0.0370543
687 0.0370543
688 0.0370543
689 0.0355647
690 0.0355647
691 0.0355647
692 0.0355647
693 0.0355647
694 0.0355647
695 0.0355647
696 0.0355647
697 0.034075
698 0.034075
699 0.034075
700 0.034075
701 0.034075
702 0.034075
703 0.034075
704 0.034075
705 0.0325854
706 0.0325854
707 0.0325854
708 0.0325854
709 0.0325854
710 0.0325854
711 0.0325854
712 0.0325854
713 0.0313751
714 0.0313751
715 0.0313751
716 0.0313751
717 0.0313751
718 0.0313751
719 0.0313751
720 0.0313751
721 0.0302579
722 0.0302579
723 0.0302579
724 0.0302579
725 0.0302579
726 0.0302579
727 0.0302579
728 0.0302579
729 0.0290476
730 0.0290476
731 0.0290476
732 0.0290476
733 0.0290476
734 0.0290476
735 0.0290476
736 0.0290476
737 0.0283028
738 0.0283028
739 0.0283028
740 0.0283028
741 0.0283028
742 0.0283028
743 0.0283028
744 0.0283028
745 0.0269993
746 0.0269993
747 0.0269993
748 0.0269993
749 0.0269993
750 0.0269993
751 0.0269993
752 0.0269993
753 0.0259752
754 0.0259752
755 0.0259752
756 0.0259752
757 0.0259752
758 0.0259752
759 0.0259752
760 0.0259752
761 0.0252304
762 0.0252304
763 0.0252304
764 0.0252304
765 0.0252304
766 0.0252304
767 0.0251373
768 0.0251373
769 0.0246718
770 0.0246718
771 0.0246718
772 0.0246718
773 0.0246718
774 0.0246718
775 0.0246718
776 0.0246718
777 0.0238339
778 0.0238339
779 0.0238339
780 0.0238339
781 0.0238339
782 0.0238339
783 0.0238339
784 0.0238339
785 0.0228098
786 0.0228098
787 0.0228098
788 0.0228098
789 0.0228098
790 0.0228098
791 0.0228098
792 0.0228098
793 0.0223443
794 0.0223443
795 0.0223443
796 0.0223443
797 0.0223443
798 0.0223443
799 0.0222512
800 0.0222512
801 0.0217857
802 0.0217857
803 0.0217857
804 0.0217857
805 0.0217857
806 0.0217857
807 0.0217857
808 0.0217857
809 0.0205754
810 0.0205754
811 0.0205754
812 0.0205754
813 0.0205754
814 0.0205754
815 0.0205754
816 0.0205754
817 0.0197375
818 0.0197375
819 0.0197375
820 0.0197375
821 0.0197375
822 0.0197375
823 0.0197375
824 0.0197375
825 0.019365
826 0.019365
827 0.019365
828 0.019365
829 0.019365
830 0.019365
831 0.019365
832 0.019365
833 0.0182478
834 0.0182478
835 0.0182478
836 0.0182478
837 0.0182478
838 0.0182478
839 0.0182478
840 0.0182478
841 0.0175961
842 0.0175961
843 0.0175961
844 0.0175961
845 0.0175961
846 0.0175961
847 0.0175961
848 0.0175961
849 0.0167582
850 0.0167582
851 0.0167582
852 0.0167582
853 0.0167582
854 0.0167582
855 0.0167582
856 0.0167582
857 0.0161065
858 0.0161065
859 0.0161065
860 0.0161065
861 0.0161065
862 0.0161065
863 0.0160134
864 0.0160134
865 0.0148031
866 0.0148031
867 0.0148031
868 0.0148031
869 0.0148031
870 0.0148031
871 0.0148031
872 0.0148031
873 0.0143376
874 0.0143376
875 0.0143376
876 0.0143376
877 0.0143376
878 0.0143376
879 0.0143376
880 0.0143376
881 0.0139652
882 0.0139652
883 0.0139652
884 0.0139652
885 0.0139652
886 0.0139652
887 0.0139652
888 0.0139652
889 0.0135928
890 0.0135928
891 0.0135928
892 0.0135928
893 0.0135928
894 0.0135928
895 0.0135928
896 0.0135928
897 0.0134066
898 0.0134066
899 0.0134066
900 0.0134066
901 0.0134066
902 0.0134066
903 0.0134066
904 0.0134066
905 0.0132204
906 0.0132204
907 0.0132204
908 0.0132204
909 0.0132204
910 0.0132204
911 0.0132204
912 0.0132204
913 0.0127549
914 0.0127549
915 0.0127549
916 0.0127549
917 0.0127549
918 0.0127549
919 0.0127549
920 0.0127549
921 0.0123825
922 0.0123825
923 0.0123825
924 0.0123825
925 0.0123825
926 0.0123825
927 0.0123825
928 0.0123825
929 0.0117308
930 0.0117308
931 0.0117308
932 0.0117308
933 0.0117308
934 0.0117308
935 0.0117308
936 0.0117308
937 0.0112652
938 0.0112652
939 0.0112652
940 0.0112652
941 0.0112652
942 0.0112652
943 0.0112652
944 0.0112652
945 0.0109859
946 0.0109859
947 0.0109859
948 0.0109859
949 0.0109859
950 0.0109859
951 0.0109859
952 0.0109859
953 0.0108928
954 0.0108928
955 0.0108928
956 0.0108928
957 0.0108928
958 0.0108928
959 0.0108928
960 0.0108928
961 0.0107066
962 0.0107066
963 0.0107066
964 0.0107066
965 0.0107066
966 0.0107066
967 0.0107066
968 0.0107066
969 0.0103342
970 0.0103342
971 0.0103342
972 0.0103342
973 0.0103342
974 0.0103342
975 0.0103342
976 0.0103342
977 0.010148
978 0.010148
979 0.010148
980 0.010148
981 0.010148
982 0.010148
983 0.010148
984 0.010148
985 0.00977563
986 0.00977563
987 0.00977563
988 0.00977563
989 0.00977563
990 0.00977563
991 0.00977563
992 0.00977563
993 0.00949632
994 0.00949632
995 0.00949632
996 0.00949632
997 0.00949632
998 0.00949632
999 0.00949632
1000 0.00949632
1001 0.00921702
1002 0.00921702
1003 0.00921702
1004 0.00921702
1005 0.00921702
1006 0.00921702
1007 0.00921702
1008 0.00921702
1009 0.00884461
1010 0.00884461
1011 0.00884461
1012 0.00884461
1013 0.00884461
1014 0.00884461
1015 0.00884461
1016 0.00884461
1017 0.00847221
1018 0.00847221
1019 0.00847221
1020 0.00847221
1021 0.00847221
1022 0.00847221
1023 0.00847221
1024 0.00847221
1025 0.00819291
1026 0.00819291
1027 0.00819291
1028 0.00819291
1029 0.00819291
1030 0.00819291
1031 0.00819291
1032 0.00819291
1033 0.0080067
1034 0.0080067
1035 0.0080067
1036 0.0080067
1037 0.0080067
1038 0.0080067
1039 0.0080067
1040 0.0080067
1041 0.0080067
1042 0.0080067
1043 0.0080067
1044 0.0080067
1045 0.0080067
1046 0.0080067
1047 0.0080067
1048 0.0080067
1049 0.0077274
1050 0.0077274
1051 0.0077274
1052 0.0077274
1053 0.0077274
1054 0.0077274
1055 0.0077274
1056 0.0077274
1057 0.0076343
1058 0.0076343
1059 0.0076343
1060 0.0076343
1061 0.0076343
1062 0.0076343
1063 0.0076343
1064 0.0076343
1065 0.0074481
1066 0.0074481
1067 0.0074481
1068 0.0074481
1069 0.0074481
1070 0.0074481
1071 0.0074481
1072 0.0074481
1073 0.00716879
1074 0.00716879
1075 0.00716879
1076 0.00716879
1077 0.00716879
1078 0.00716879
1079 0.00716879
1080 0.00716879
1081 0.00679639
1082 0.00679639
1083 0.00679639
1084 0.00679639
1085 0.00679639
1086 0.00679639
1087 0.00679639
1088 0.00679639
1089 0.00661019
1090 0.00661019
1091 0.00661019
1092 0.00661019
1093 0.00661019
1094 0.00661019
1095 0.00661019
1096 0.00661019
1097 0.00623778
1098 0.00623778
1099 0.00623778
1100 0.00623778
1101 0.00623778
1102 0.00623778
1103 0.00623778
1104 0.00623778
1105 0.00605158
1106 0.00605158
1107 0.00605158
1108 0.00605158
1109 0.00605158
1110 0.00605158
1111 0.00605158
1112 0.00605158
1113 0.00595848
1114 0.00595848
1115 0.00595848
1116 0.00595848
1117 0.00595848
1118 0.00595848
1119 0.00595848
1120 0.00595848
1121 0.00577227
1122 0.00577227
1123 0.00577227
1124 0.00577227
1125 0.00577227
1126 0.00577227
1127 0.00577227
1128 0.00577227
1129 0.00549297
1130 0.00549297
1131 0.00549297
1132 0.00549297
1133 0.00549297
1134 0.00549297
1135 0.00549297
1136 0.00549297
1137 0.00530677
1138 0.00530677
1139 0.00530677
1140 0.00530677
1141 0.00530677
1142 0.00530677
1143 0.00530677
1144 0.00530677
1145 0.00530677
1146 0.00530677
1147 0.00530677
1148 0.00530677
1149 0.00530677
1150 0.00530677
1151 0.00530677
1152 0.00530677
1153 0.00530677
1154 0.00530677
1155 0.00530677
1156 0.00530677
1157 0.00530677
1158 0.00530677
1159 0.00530677
1160 0.00530677
1161 0.00521367
1162 0.00521367
1163 0.00521367
1164 0.00521367
1165 0.00521367
1166 0.00521367
1167 0.00521367
1168 0.00521367
1169 0.00512057
1170 0.00512057
1171 0.00512057
1172 0.00512057
1173 0.00512057
1174 0.00512057
1175 0.00512057
1176 0.00512057
1177 0.00502747
1178 0.00502747
1179 0.00502747
1180 0.00502747
1181 0.00502747
1182 0.00502747
1183 0.00502747
1184 0.00502747
1185 0.00465506
1186 0.00465506
1187 0.00465506
1188 0.00465506
1189 0.00465506
1190 0.00465506
1191 0.00465506
1192 0.00465506
1193 0.00446886
1194 0.00446886
1195 0.00446886
1196 0.00446886
1197 0.00446886
1198 0.00446886
1199 0.00446886
1200 0.00446886
1201 0.00446886
1202 0.00446886
1203 0.00446886
1204 0.00446886
1205 0.00446886
1206 0.00446886
1207 0.00446886
1208 0.00446886
1209 0.00437576
1210 0.00437576
1211 0.00437576
1212 0.00437576
1213 0.00437576
1214 0.00437576
1215 0.00437576
1216 0.00437576
1217 0.00428266
1218 0.00428266
1219 0.00428266
1220 0.00428266
1221 0.00428266
1222 0.00428266
1223 0.00428266
1224 0.00428266
1225 0.00400335
1226 0.00400335
1227 0.00400335
1228 0.00400335
1229 0.00400335
1230 0.00400335
1231 0.00400335
1232 0.00400335
1233 0.00391025
1234 0.00391025
1235 0.00391025
1236 0.00391025
1237 0.00391025
1238 0.00391025
1239 0.00391025
1240 0.00391025
1241 0.00391025
1242 0.00391025
1243 0.00391025
1244 0.00391025
1245 0.00391025
1246 0.00391025
1247 0.00391025
1248 0.00391025
1249 0.00363095
1250 0.00363095
1251 0.00363095
1252 0.00363095
1253 0.00363095
1254 0.00363095
1255 0.00363095
1256 0.00363095
1257 0.00353785
1258 0.00353785
1259 0.00353785
1260 0.00353785
1261 0.00353785
1262 0.00353785
1263 0.00353785
1264 0.00353785
1265 0.00335164
1266 0.00335164
1267 0.00335164
1268 0.00335164
1269 0.00335164
1270 0.00335164
1271 0.00335164
1272 0.00335164
1273 0.00335164
1274 0.00335164
1275 0.00335164
1276 0.00335164
1277 0.00335164
1278 0.00335164
1279 0.00335164
1280 0.00335164
1281 0.00335164
1282 0.00335164
1283 0.00335164
1284 0.00335164
1285 0.00335164
1286 0.00335164
1287 0.00335164
1288 0.00335164
1289 0.00325854
1290 0.00325854
1291 0.00325854
1292 0.00325854
1293 0.00325854
1294 0.00325854
1295 0.00325854
1296 0.00325854
1297 0.00307234
1298 0.00307234
1299 0.00307234
1300 0.00307234
1301 0.00307234
1302 0.00307234
1303 0.00307234
1304 0.00307234
1305 0.00288614
1306 0.00288614
1307 0.00288614
1308 0.00288614
1309 0.00288614
1310 0.00288614
1311 0.00288614
1312 0.00288614
1313 0.00288614
1314 0.00288614
1315 0.00288614
1316 0.00288614
1317 0.00288614
1318 0.00288614
1319 0.00288614
1320 0.00288614
1321 0.00288614
1322 0.00288614
1323 0.00288614
1324 0.00288614
1325 0.00288614
1326 0.00288614
1327 0.00288614
1328 0.00288614
1329 0.00288614
1330 0.00288614
1331 0.00288614
1332 0.00288614
1333 0.00288614
1334 0.00288614
1335 0.00288614
1336 0.00288614
1337 0.00288614
1338 0.00288614
1339 0.00288614
1340 0.00288614
1341 0.00288614
1342 0.00288614
1343 0.00288614
1344 0.00288614
1345 0.00260683
1346 0.00260683
1347 0.00260683
1348 0.00260683
1349 0.00260683
1350 0.00260683
1351 0.00260683
1352 0.00260683
1353 0.00260683
1354 0.00260683
1355 0.00260683
1356 0.00260683
1357 0.00260683
1358 0.00260683
1359 0.00260683
1360 0.00260683
1361 0.00260683
1362 0.00260683
1363 0.00260683
1364 0.00260683
1365 0.00260683
1366 0.00260683
1367 0.00260683
1368 0.00260683
1369 0.00232753
1370 0.00232753
1371 0.00232753
1372 0.00232753
1373 0.00232753
1374 0.00232753
1375 0.00232753
1376 0.00232753
1377 0.00232753
1378 0.00232753
1379 0.00232753
1380 0.00232753
1381 0.00232753
1382 0.00232753
1383 0.00232753
1384 0.00232753
1385 0.00232753
1386 0.00232753
1387 0.00232753
1388 0.00232753
1389 0.00232753
1390 0.00232753
1391 0.00232753
1392 0.00232753
1393 0.00232753
1394 0.00232753
1395 0.00232753
1396 0.00232753
1397 0.00232753
1398 0.00232753
1399 0.00232753
1400 0.00232753
1401 0.00223443
1402 0.00223443
1403 0.00223443
1404 0.00223443
1405 0.00223443
1406 0.00223443
1407 0.00223443
1408 0.00223443
1409 0.00223443
1410 0.00223443
1411 0.00223443
1412 0.00223443
1413 0.00223443
1414 0.00223443
1415 0.00223443
1416 0.00223443
1417 0.00214133
1418 0.00214133
1419 0.00214133
1420 0.00214133
1421 0.00214133
1422 0.00214133
1423 0.00214133
1424 0.00214133
1425 0.00195513
1426 0.00195513
1427 0.00195513
1428 0.00195513
1429 0.00195513
1430 0.00195513
1431 0.00195513
1432 0.00195513
1433 0.00195513
1434 0.00195513
1435 0.00195513
1436 0.00195513
1437 0.00195513
1438 0.00195513
1439 0.00195513
1440 0.00195513
1441 0.00176892
1442 0.00176892
1443 0.00176892
1444 0.00176892
1445 0.00176892
1446 0.00176892
1447 0.00176892
1448 0.00176892
1449 0.00176892
1450 0.00176892
1451 0.00176892
1452 0.00176892
1453 0.00176892
1454 0.00176892
1455 0.00176892
1456 0.00176892
1457 0.00148962
1458 0.00148962
1459 0.00148962
1460 0.00148962
1461 0.00148962
1462 0.00148962
1463 0.00148962
1464 0.00148962
1465 0.00148962
1466 0.00148962
1467 0.00148962
1468 0.00148962
1469 0.00148962
1470 0.00148962
1471 0.00148962
1472 0.00148962
1473 0.00139652
1474 0.00139652
1475 0.00139652
1476 0.00139652
1477 0.00139652
1478 0.00139652
1479 0.00139652
1480 0.00139652
1481 0.00130342
1482 0.00130342
1483 0.00130342
1484 0.00130342
1485 0.00130342
1486 0.00130342
1487 0.00130342
1488 0.00130342
1489 0.00121032
1490 0.00121032
1491 0.00121032
1492 0.00121032
1493 0.00121032
1494 0.00121032
1495 0.00121032
1496 0.00121032
1497 0.00121032
1498 0.00121032
1499 0.00121032
1500 0.00121032
1501 0.00121032
1502 0.00121032
1503 0.00121032
1504 0.00121032
1505 0.00121032
1506 0.00121032
1507 0.00121032
1508 0.00121032
1509 0.00121032
1510 0.00121032
1511 0.00121032
1512 0.00121032
1513 0.00111721
1514 0.00111721
1515 0.00111721
1516 0.00111721
1517 0.00111721
1518 0.00111721
1519 0.00111721
1520 0.00111721
1521 0.00111721
1522 0.00111721
1523 0.00111721
1524 0.00111721
1525 0.00111721
1526 0.00111721
1527 0.00111721
1528 0.00111721
1529 0.00111721
1530 0.00111721
1531 0.00111721
1532 0.00111721
1533 0.00111721
1534 0.00111721
1535 0.00111721
1536 0.00111721
1537 0.00111721
1538 0.00111721
1539 0.00111721
1540 0.00111721
1541 0.00111721
1542 0.00111721
1543 0.00111721
1544 0.00111721
1545 0.00102411
1546 0.00102411
1547 0.00102411
1548 0.00102411
1549 0.00102411
1550 0.00102411
1551 0.00102411
1552 0.00102411
1553 0.00102411
1554 0.00102411
1555 0.00102411
1556 0.00102411
1557 0.00102411
1558 0.00102411
1559 0.00102411
1560 0.00102411
1561 0.000837911
1562 0.000837911
1563 0.000837911
1564 0.000837911
1565 0.000837911
1566 0.000837911
1567 0.000837911
1568 0.000837911
1569 0.000837911
1570 0.000837911
1571 0.000837911
1572 0.000837911
1573 0.000837911
1574 0.000837911
1575 0.000837911
1576 0.000837911
1577 0.000837911
1578 0.000837911
1579 0.000837911
1580 0.000837911
1581 0.000837911
1582 0.000837911
1583 0.000837911
1584 0.000837911
1585 0.000837911
1586 0.000837911
1587 0.000837911
1588 0.000837911
1589 0.000837911
1590 0.000837911
1591 0.000837911
1592 0.000837911
1593 0.000837911
1594 0.000837911
1595 0.000837911
1596 0.000837911
1597 0.000837911
1598 0.000837911
1599 0.000837911
1600 0.000837911
1601 0.000837911
1602 0.000837911
1603 0.000837911
1604 0.000837911
1605 0.000837911
1606 0.000837911
1607 0.000837911
1608 0.000837911
1609 0.000837911
1610 0.000837911
1611 0.000837911
1612 0.000837911
1613 0.000837911
1614 0.000837911
1615 0.000837911
1616 0.000837911
1617 0.00074481
1618 0.00074481
1619 0.00074481
1620 0.00074481
1621 0.00074481
1622 0.00074481
1623 0.00074481
1624 0.00074481
1625 0.00074481
1626 0.00074481
1627 0.00074481
1628 0.00074481
1629 0.00074481
1630 0.00074481
1631 0.00074481
1632 0.00074481
1633 0.00074481
1634 0.00074481
1635 0.00074481
1636 0.00074481
1637 0.00074481
1638 0.00074481
1639 0.00074481
1640 0.00074481
1641 0.00074481
1642 0.00074481
1643 0.00074481
1644 0.00074481
1645 0.00074481
1646 0.00074481
1647 0.00074481
1648 0.00074481
1649 0.00074481
1650 0.00074481
1651 0.00074481
1652 0.00074481
1653 0.00074481
1654 0.00074481
1655 0.00074481
1656 0.00074481
1657 0.000651708
1658 0.000651708
1659 0.000651708
1660 0.000651708
1661 0.000651708
1662 0.000651708
1663 0.000651708
1664 0.000651708
1665 0.000651708
1666 0.000651708
1667 0.000651708
1668 0.000651708
1669 0.000651708
1670 0.000651708
1671 0.000651708
1672 0.000651708
1673 0.000651708
1674 0.000651708
1675 0.000651708
1676 0.000651708
1677 0.000651708
1678 0.000651708
1679 0.000651708
1680 0.000651708
1681 0.000651708
1682 0.000651708
1683 0.000651708
1684 0.000651708
1685 0.000651708
1686 0.000651708
1687 0.000651708
1688 0.000651708
1689 0.000651708
1690 0.000651708
1691 0.000651708
1692 0.000651708
1693 0.000651708
1694 0.000651708
1695 0.000651708
1696 0.000651708
1697 0.000651708
1698 0.000651708
1699 0.000651708
1700 0.000651708
1701 0.000651708
1702 0.000651708
1703 0.000651708
1704 0.000651708
1705 0.000558607
1706 0.000558607
1707 0.000558607
1708 0.000558607
1709 0.000558607
1710 0.000558607
1711 0.000558607
1712 0.000558607
1713 0.000558607
1714 0.000558607
1715 0.000558607
1716 0.000558607
1717 0.000558607
1718 0.000558607
1719 0.000558607
1720 0.000558607
1721 0.000558607
1722 0.000558607
1723 0.000558607
1724 0.000558607
1725 0.000558607
1726 0.000558607
1727 0.000558607
1728 0.000558607
1729 0.000558607
1730 0.000558607
1731 0.000558607
1732 0.000558607
1733 0.000558607
1734 0.000558607
1735 0.000558607
1736 0.000558607
1737 0.000465506
1738 0.000465506
1739 0.000465506
1740 0.000465506
1741 0.000465506
1742 0.000465506
1743 0.000465506
1744 0.000465506
1745 0.000465506
1746 0.000465506
1747 0.000465506
1748 0.000465506
1749 0.000465506
1750 0.000465506
1751 0.000465506
1752 0.000465506
1753 0.000465506
1754 0.000465506
1755 0.000465506
1756 0.000465506
1757 0.000465506
1758 0.000465506
1759 0.000465506
1760 0.000465506
1761 0.000465506
1762 0.000465506
1763 0.000465506
1764 0.000465506
1765 0.000465506
1766 0.000465506
1767 0.000465506
1768 0.000465506
1769 0.000372405
1770 0.000372405
1771 0.000372405
1772 0.000372405
1773 0.000372405
1774 0.000372405
1775 0.000372405
1776 0.000372405
1777 0.000372405
1778 0.000372405
1779 0.000372405
1780 0.000372405
1781 0.000372405
1782 0.000372405
1783 0.000372405
1784 0.000372405
1785 0.000372405
1786 0.000372405
1787 0.000372405
1788 0.000372405
1789 0.000372405
1790 0.000372405
1791 0.000372405
1792 0.000372405
1793 0.000372405
1794 0.000372405
1795 0.000372405
1796 0.000372405
1797 0.000372405
1798 0.000372405
1799 0.000372405
1800 0.000372405
1801 0.000372405
1802 0.000372405
1803 0.000372405
1804 0.000372405
1805 0.000372405
1806 0.000372405
1807 0.000372405
1808 0.000372405
1809 0.000372405
1810 0.000372405
1811 0.000372405
1812 0.000372405
1813 0.000372405
1814 0.000372405
1815 0.000372405
1816 0.000372405
1817 0.000372405
1818 0.000372405
1819 0.000372405
1820 0.000372405
1821 0.000372405
1822 0.000372405
1823 0.000372405
1824 0.000372405
1825 0.000372405
1826 0.000372405
1827 0.000372405
1828 0.000372405
1829 0.000372405
1830 0.000372405
1831 0.000372405
1832 0.000372405
1833 0.000372405
1834 0.000372405
1835 0.000372405
1836 0.000372405
1837 0.000372405
1838 0.000372405
1839 0.000372405
1840 0.000372405
1841 0.000372405
1842 0.000372405
1843 0.000372405
1844 0.000372405
1845 0.000372405
1846 0.000372405
1847 0.000372405
1848 0.000372405
1849 0.000372405
1850 0.000372405
1851 0.000372405
1852 0.000372405
1853 0.000372405
1854 0.000372405
1855 0.000372405
1856 0.000372405
1857 0.000372405
1858 0.000372405
1859 0.000372405
1860 0.000372405
1861 0.000372405
1862 0.000372405
1863 0.000372405
1864 0.000372405
1865 0.000372405
1866 0.000372405
1867 0.000372405
1868 0.000372405
1869 0.000372405
1870 0.000372405
1871 0.000372405
1872 0.000372405
1873 0.000279304
1874 0.000279304
1875 0.000279304
1876 0.000279304
1877 0.000279304
1878 0.000279304
1879 0.000279304
1880 0.000279304
1881 0.000279304
1882 0.000279304
1883 0.000279304
1884 0.000279304
1885 0.000279304
1886 0.000279304
1887 0.000279304
1888 0.000279304
1889 0.000279304
1890 0.000279304
1891 0.000279304
1892 0.000279304
1893 0.000279304
1894 0.000279304
1895 0.000279304
1896 0.000279304
1897 0.000186202
1898 0.000186202
1899 0.000186202
1900 0.000186202
1901 0.000186202
1902 0.000186202
1903 0.000186202
1904 0.000186202
1905 0.000186202
1906 0.000186202
1907 0.000186202
1908 0.000186202
1909 0.000186202
1910 0.000186202
1911 0.000186202
1912 0.000186202
1913 0.000186202
1914 0.000186202
1915 0.000186202
1916 0.000186202
1917 0.000186202
1918 0.000186202
1919 0.000186202
1920 0.000186202
1921 0.000186202
1922 0.000186202
1923 0.000186202
1924 0.000186202
1925 0.000186202
1926 0.000186202
1927 0.000186202
1928 0.000186202
1929 0.000186202
1930 0.000186202
1931 0.000186202
1932 0.000186202
1933 0.000186202
1934 0.000186202
1935 0.000186202
1936 0.000186202
1937 0.000186202
1938 0.000186202
1939 0.000186202
1940 0.000186202
1941 0.000186202
1942 0.000186202
1943 0.000186202
1944 0.000186202
1945 9.31012e-05
1946 9.31012e-05
1947 9.31012e-05
1948 9.31012e-05
1949 9.31012e-05
1950 9.31012e-05
1951 9.31012e-05
1952 9.31012e-05
1953 9.31012e-05
1954 9.31012e-05
1955 9.31012e-05
1956 9.31012e-05
1957 9.31012e-05
1958 9.31012e-05
1959 9.31012e-05
1960 9.31012e-05
1961 9.31012e-05
1962 9.31012e-05
1963 9.31012e-05
1964 9.31012e-05
1965 9.31012e-05
1966 9.31012e-05
1967 9.31012e-05
1968 9.31012e-05
1969 9.31012e-05
1970 9.31012e-05
1971 9.31012e-05
1972 9.31012e-05
1973 9.31012e-05
1974 9.31012e-05
1975 9.31012e-05
1976 9.31012e-05
1977 9.31012e-05
1978 9.31012e-05
1979 9.31012e-05
1980 9.31012e-05
1981 9.31012e-05
1982 9.31012e-05
1983 9.31012e-05
1984 9.31012e-05
1985 9.31012e-05
1986 9.31012e-05
1987 9.31012e-05
1988 9.31012e-05
1989 9.31012e-05
1990 9.31012e-05
1991 9.31012e-05
1992 9.31012e-05
