0 1
1 1
2 1
3 1
4 1
5 1
6 1
7 0.999969
8 0.999969
9 0.999969
10 0.999969
11 0.999969
12 0.999969
13 0.999969
14 0.999969
15 0.999969
16 0.999969
17 0.977458
18 0.977458
19 0.977458
20 0.977458
21 0.977458
22 0.977458
23 0.977396
24 0.977396
25 0.957788
26 0.957788
27 0.957788
28 0.957788
29 0.957788
30 0.957788
31 0.957695
32 0.957695
33 0.937562
34 0.937562
35 0.937562
36 0.937562
37 0.937562
38 0.937562
39 0.937407
40 0.937407
41 0.918787
42 0.918787
43 0.918787
44 0.918787
45 0.918787
46 0.918787
47 0.918602
48 0.918602
49 0.900661
50 0.900661
51 0.900661
52 0.900661
53 0.900661
54 0.900661
55 0.90063
56 0.90063
57 0.883121
58 0.883121
59 0.883121
60 0.883121
61 0.883121
62 0.883121
63 0.882905
64 0.882905
65 0.863297
66 0.863297
67 0.863297
68 0.863297
69 0.863297
70 0.863297
71 0.863142
72 0.863142
73 0.844337
74 0.844337
75 0.844337
76 0.844337
77 0.844337
78 0.844337
79 0.844151
80 0.844151
81 0.823864
82 0.823864
83 0.823864
84 0.823864
85 0.823864
86 0.823864
87 0.823617
88 0.823617
89 0.802495
90 0.802495
91 0.802495
92 0.802495
93 0.802495
94 0.802495
95 0.802464
96 0.802464
97 0.780694
98 0.780694
99 0.780694
100 0.780694
101 0.780694
102 0.780694
103 0.780632
104 0.780632
105 0.75982
106 0.75982
107 0.75982
108 0.75982
109 0.75982
110 0.75982
111 0.759634
112 0.759634
113 0.739038
114 0.739038
115 0.739038
116 0.739038
117 0.739038
118 0.739038
119 0.738667
120 0.738667
121 0.718225
122 0.718225
123 0.718225
124 0.718225
125 0.718225
126 0.718225
127 0.717978
128 0.717978
129 0.697381
130 0.697381
131 0.697381
132 0.697381
133 0.697381
134 0.697381
135 0.697258
136 0.697258
137 0.678483
138 0.678483
139 0.678483
140 0.678483
141 0.678483
142 0.678483
143 0.67836
144 0.67836
145 0.658751
146 0.658751
147 0.658751
148 0.658751
149 0.658751
150 0.658751
151 0.658659
152 0.658659
153 0.64081
154 0.64081
155 0.64081
156 0.64081
157 0.64081
158 0.64081
159 0.640656
160 0.640656
161 0.62253
162 0.62253
163 0.62253
164 0.62253
165 0.62253
166 0.62253
167 0.622406
168 0.622406
169 0.605422
170 0.605422
171 0.605422
172 0.605422
173 0.605422
174 0.605422
175 0.605299
176 0.605299
177 0.588377
178 0.588377
179 0.588377
180 0.588377
181 0.588377
182 0.588377
183 0.588284
184 0.588284
185 0.570868
186 0.570868
187 0.570868
188 0.570868
189 0.570868
190 0.570868
191 0.570714
192 0.570714
193 0.55444
194 0.55444
195 0.55444
196 0.55444
197 0.55444
198 0.55444
199 0.554255
200 0.554255
201 0.538352
202 0.538352
203 0.538352
204 0.538352
205 0.538352
206 0.538352
207 0.538321
208 0.538321
209 0.522635
210 0.522635
211 0.522635
212 0.522635
213 0.522635
214 0.522635
215 0.52248
216 0.52248
217 0.507998
218 0.507998
219 0.507998
220 0.507998
221 0.507998
222 0.507998
223 0.507905
224 0.507905
225 0.49299
226 0.49299
227 0.49299
228 0.49299
229 0.49299
230 0.49299
231 0.492867
232 0.492867
233 0.478446
234 0.478446
235 0.478446
236 0.478446
237 0.478446
238 0.478446
239 0.478384
240 0.478384
241 0.465724
242 0.465724
243 0.465724
244 0.465724
245 0.465724
246 0.465724
247 0.465693
248 0.465693
249 0.453434
250 0.453434
251 0.453434
252 0.453434
253 0.453434
254 0.453434
255 0.45331
256 0.45331
257 0.440619
258 0.440619
259 0.440619
260 0.440619
261 0.440619
262 0.440619
263 0.440619
264 0.440619
265 0.428329
266 0.428329
267 0.428329
268 0.428329
269 0.428329
270 0.428329
271 0.428236
272 0.428236
273 0.416533
274 0.416533
275 0.416533
276 0.416533
277 0.416533
278 0.416533
279 0.41644
280 0.41644
281 0.405107
282 0.405107
283 0.405107
284 0.405107
285 0.405107
286 0.405107
287 0.405077
288 0.405077
289 0.394485
290 0.394485
291 0.394485
292 0.394485
293 0.394485
294 0.394485
295 0.394423
296 0.394423
297 0.383307
298 0.383307
299 0.383307
300 0.383307
301 0.383307
302 0.383307
303 0.383152
304 0.383152
305 0.373549
306 0.373549
307 0.373549
308 0.373549
309 0.373549
310 0.373549
311 0.373394
312 0.373394
313 0.362216
314 0.362216
315 0.362216
316 0.362216
317 0.362216
318 0.362216
319 0.362154
320 0.362154
321 0.351995
322 0.351995
323 0.351995
324 0.351995
325 0.351995
326 0.351995
327 0.351902
328 0.351902
329 0.341588
330 0.341588
331 0.341588
332 0.341588
333 0.341588
334 0.341588
335 0.341527
336 0.341527
337 0.331954
338 0.331954
339 0.331954
340 0.331954
341 0.331954
342 0.331954
343 0.331861
344 0.331861
345 0.3234
346 0.3234
347 0.3234
348 0.3234
349 0.3234
350 0.3234
351 0.323153
352 0.323153
353 0.314662
354 0.314662
355 0.314662
356 0.314662
357 0.314662
358 0.314662
359 0.314631
360 0.314631
361 0.306046
362 0.306046
363 0.306046
364 0.306046
365 0.306046
366 0.306046
367 0.305923
368 0.305923
369 0.29811
370 0.29811
371 0.29811
372 0.29811
373 0.29811
374 0.29811
375 0.298079
376 0.298079
377 0.290915
378 0.290915
379 0.290915
380 0.290915
381 0.290915
382 0.290915
383 0.290884
384 0.290884
385 0.28335
386 0.28335
387 0.28335
388 0.28335
389 0.28335
390 0.28335
391 0.283257
392 0.283257
393 0.275815
394 0.275815
395 0.275815
396 0.275815
397 0.275815
398 0.275815
399 0.275784
400 0.275784
401 0.269392
402 0.269392
403 0.269392
404 0.269392
405 0.269392
406 0.269392
407 0.269269
408 0.269269
409 0.262753
410 0.262753
411 0.262753
412 0.262753
413 0.262753
414 0.262753
415 0.262661
416 0.262661
417 0.256917
418 0.256917
419 0.256917
420 0.256917
421 0.256917
422 0.256917
423 0.256793
424 0.256793
425 0.250062
426 0.250062
427 0.250062
428 0.250062
429 0.250062
430 0.250062
431 0.249938
432 0.249938
433 0.24404
434 0.24404
435 0.24404
436 0.24404
437 0.24404
438 0.24404
439 0.243979
440 0.243979
441 0.237617
442 0.237617
443 0.237617
444 0.237617
445 0.237617
446 0.237617
447 0.237463
448 0.237463
449 0.231658
450 0.231658
451 0.231658
452 0.231658
453 0.231658
454 0.231658
455 0.231472
456 0.231472
457 0.225358
458 0.225358
459 0.225358
460 0.225358
461 0.225358
462 0.225358
463 0.225296
464 0.225296
465 0.220078
466 0.220078
467 0.220078
468 0.220078
469 0.220078
470 0.220078
471 0.220016
472 0.220016
473 0.21452
474 0.21452
475 0.21452
476 0.21452
477 0.21452
478 0.21452
479 0.214334
480 0.214334
481 0.210227
482 0.210227
483 0.210227
484 0.210227
485 0.210227
486 0.210227
487 0.210196
488 0.210196
489 0.205379
490 0.205379
491 0.205379
492 0.205379
493 0.205379
494 0.205379
495 0.205348
496 0.205348
497 0.200006
498 0.200006
499 0.200006
500 0.200006
501 0.200006
502 0.200006
503 0.199975
504 0.199975
505 0.19559
506 0.19559
507 0.19559
508 0.19559
509 0.19559
510 0.19559
511 0.19559
512 0.19559
513 0.191144
514 0.191144
515 0.191144
516 0.191144
517 0.191144
518 0.191144
519 0.19102
520 0.19102
521 0.186604
522 0.186604
523 0.186604
524 0.186604
525 0.186604
526 0.186604
527 0.186512
528 0.186512
529 0.182281
530 0.182281
531 0.182281
532 0.182281
533 0.182281
534 0.182281
535 0.18225
536 0.18225
537 0.178699
538 0.178699
539 0.178699
540 0.178699
541 0.178699
542 0.178699
543 0.178699
544 0.178699
545 0.174314
546 0.174314
547 0.174314
548 0.174314
549 0.174314
550 0.174314
551 0.174314
552 0.174314
553 0.169713
554 0.169713
555 0.169713
556 0.169713
557 0.169713
558 0.169713
559 0.169652
560 0.169652
561 0.165915
562 0.165915
563 0.165915
564 0.165915
565 0.165915
566 0.165915
567 0.165854
568 0.165854
569 0.162241
570 0.162241
571 0.162241
572 0.162241
573 0.162241
574 0.162241
575 0.162148
576 0.162148
577 0.158751
578 0.158751
579 0.158751
580 0.158751
581 0.158751
582 0.158751
583 0.158689
584 0.158689
585 0.154891
586 0.154891
587 0.154891
588 0.154891
589 0.154891
590 0.154891
591 0.154891
592 0.154891
593 0.150692
594 0.150692
595 0.150692
596 0.150692
597 0.150692
598 0.150692
599 0.150692
600 0.150692
601 0.147048
602 0.147048
603 0.147048
604 0.147048
605 0.147048
606 0.147048
607 0.147048
608 0.147048
609 0.14396
610 0.14396
611 0.14396
612 0.14396
613 0.14396
614 0.14396
615 0.143898
616 0.143898
617 0.141057
618 0.141057
619 0.141057
620 0.141057
621 0.141057
622 0.141057
623 0.140965
624 0.140965
625 0.138093
626 0.138093
627 0.138093
628 0.138093
629 0.138093
630 0.138093
631 0.138031
632 0.138031
633 0.135128
634 0.135128
635 0.135128
636 0.135128
637 0.135128
638 0.135128
639 0.135128
640 0.135128
641 0.132658
642 0.132658
643 0.132658
644 0.132658
645 0.132658
646 0.132658
647 0.132627
648 0.132627
649 0.129755
650 0.129755
651 0.129755
652 0.129755
653 0.129755
654 0.129755
655 0.129725
656 0.129725
657 0.1271
658 0.1271
659 0.1271
660 0.1271
661 0.1271
662 0.1271
663 0.127007
664 0.127007
665 0.124321
666 0.124321
667 0.124321
668 0.124321
669 0.124321
670 0.124321
671 0.124228
672 0.124228
673 0.120986
674 0.120986
675 0.120986
676 0.120986
677 0.120986
678 0.120986
679 0.120924
680 0.120924
681 0.11833
682 0.11833
683 0.11833
684 0.11833
685 0.11833
686 0.11833
687 0.11833
688 0.11833
689 0.115736
690 0.115736
691 0.115736
692 0.115736
693 0.115736
694 0.115736
695 0.115736
696 0.115736
697 0.113451
698 0.113451
699 0.113451
700 0.113451
701 0.113451
702 0.113451
703 0.11342
704 0.11342
705 0.110734
706 0.110734
707 0.110734
708 0.110734
709 0.110734
710 0.110734
711 0.110734
712 0.110734
713 0.10851
714 0.10851
715 0.10851
716 0.10851
717 0.10851
718 0.10851
719 0.10851
720 0.10851
721 0.106287
722 0.106287
723 0.106287
724 0.106287
725 0.106287
726 0.106287
727 0.106287
728 0.106287
729 0.103477
730 0.103477
731 0.103477
732 0.103477
733 0.103477
734 0.103477
735 0.103477
736 0.103477
737 0.101501
738 0.101501
739 0.101501
740 0.101501
741 0.101501
742 0.101501
743 0.101501
744 0.101501
745 0.0989686
746 0.0989686
747 0.0989686
748 0.0989686
749 0.0989686
750 0.0989686
751 0.0989377
752 0.0989377
753 0.0970232
754 0.0970232
755 0.0970232
756 0.0970232
757 0.0970232
758 0.0970232
759 0.0970232
760 0.0970232
761 0.0949543
762 0.0949543
763 0.0949543
764 0.0949543
765 0.0949543
766 0.0949543
767 0.0948925
768 0.0948925
769 0.0928854
770 0.0928854
771 0.0928854
772 0.0928854
773 0.0928854
774 0.0928854
775 0.0928236
776 0.0928236
777 0.0912179
778 0.0912179
779 0.0912179
780 0.0912179
781 0.0912179
782 0.0912179
783 0.091187
784 0.091187
785 0.0890563
786 0.0890563
787 0.0890563
788 0.0890563
789 0.0890563
790 0.0890563
791 0.0890563
792 0.0890563
793 0.0870183
794 0.0870183
795 0.0870183
796 0.0870183
797 0.0870183
798 0.0870183
799 0.0869565
800 0.0869565
801 0.0849802
802 0.0849802
803 0.0849802
804 0.0849802
805 0.0849802
806 0.0849802
807 0.0849802
808 0.0849802
809 0.0835907
810 0.0835907
811 0.0835907
812 0.0835907
813 0.0835907
814 0.0835907
815 0.0835907
816 0.0835907
817 0.0815526
818 0.0815526
819 0.0815526
820 0.0815526
821 0.0815526
822 0.0815526
823 0.0815217
824 0.0815217
825 0.079916
826 0.079916
827 0.079916
828 0.079916
829 0.079916
830 0.079916
831 0.0798851
832 0.0798851
833 0.0783412
834 0.0783412
835 0.0783412
836 0.0783412
837 0.0783412
838 0.0783412
839 0.0783412
840 0.0783412
841 0.0764884
842 0.0764884
843 0.0764884
844 0.0764884
845 0.0764884
846 0.0764884
847 0.0764575
848 0.0764575
849 0.0751297
850 0.0751297
851 0.0751297
852 0.0751297
853 0.0751297
854 0.0751297
855 0.0750679
856 0.0750679
857 0.0734622
858 0.0734622
859 0.0734622
860 0.0734622
861 0.0734622
862 0.0734622
863 0.0734004
864 0.0734004
865 0.0720726
866 0.0720726
867 0.0720726
868 0.0720726
869 0.0720726
870 0.0720726
871 0.0720109
872 0.0720109
873 0.0703434
874 0.0703434
875 0.0703434
876 0.0703434
877 0.0703434
878 0.0703434
879 0.0703434
880 0.0703434
881 0.068892
882 0.068892
883 0.068892
884 0.068892
885 0.068892
886 0.068892
887 0.068892
888 0.068892
889 0.0677186
890 0.0677186
891 0.0677186
892 0.0677186
893 0.0677186
894 0.0677186
895 0.0677186
896 0.0677186
897 0.0663908
898 0.0663908
899 0.0663908
900 0.0663908
901 0.0663908
902 0.0663908
903 0.0663908
904 0.0663908
905 0.0647851
906 0.0647851
907 0.0647851
908 0.0647851
909 0.0647851
910 0.0647851
911 0.0647542
912 0.0647542
913 0.0635499
914 0.0635499
915 0.0635499
916 0.0635499
917 0.0635499
918 0.0635499
919 0.0634881
920 0.0634881
921 0.0622838
922 0.0622838
923 0.0622838
924 0.0622838
925 0.0622838
926 0.0622838
927 0.0620986
928 0.0620986
929 0.0607708
930 0.0607708
931 0.0607708
932 0.0607708
933 0.0607708
934 0.0607708
935 0.0607399
936 0.0607399
937 0.0595047
938 0.0595047
939 0.0595047
940 0.0595047
941 0.0595047
942 0.0595047
943 0.0594738
944 0.0594738
945 0.0580534
946 0.0580534
947 0.0580534
948 0.0580534
949 0.0580534
950 0.0580534
951 0.0580534
952 0.0580534
953 0.0567564
954 0.0567564
955 0.0567564
956 0.0567564
957 0.0567564
958 0.0567564
959 0.0566947
960 0.0566947
961 0.0556139
962 0.0556139
963 0.0556139
964 0.0556139
965 0.0556139
966 0.0556139
967 0.0556139
968 0.0556139
969 0.0545022
970 0.0545022
971 0.0545022
972 0.0545022
973 0.0545022
974 0.0545022
975 0.0544713
976 0.0544713
977 0.0534523
978 0.0534523
979 0.0534523
980 0.0534523
981 0.0534523
982 0.0534523
983 0.0534523
984 0.0534523
985 0.0521554
986 0.0521554
987 0.0521554
988 0.0521554
989 0.0521554
990 0.0521554
991 0.0521554
992 0.0521554
993 0.051229
994 0.051229
995 0.051229
996 0.051229
997 0.051229
998 0.051229
999 0.0511981
1000 0.0511981
1001 0.0500247
1002 0.0500247
1003 0.0500247
1004 0.0500247
1005 0.0500247
1006 0.0500247
1007 0.0499938
1008 0.0499938
1009 0.0490057
1010 0.0490057
1011 0.0490057
1012 0.0490057
1013 0.0490057
1014 0.0490057
1015 0.0489748
1016 0.0489748
1017 0.0479558
1018 0.0479558
1019 0.0479558
1020 0.0479558
1021 0.0479558
1022 0.0479558
1023 0.0479558
1024 0.0479558
1025 0.0470603
1026 0.0470603
1027 0.0470603
1028 0.0470603
1029 0.0470603
1030 0.0470603
1031 0.0470603
1032 0.0470603
1033 0.046103
1034 0.046103
1035 0.046103
1036 0.046103
1037 0.046103
1038 0.046103
1039 0.046103
1040 0.046103
1041 0.0452075
1042 0.0452075
1043 0.0452075
1044 0.0452075
1045 0.0452075
1046 0.0452075
1047 0.0451766
1048 0.0451766
1049 0.044312
1050 0.044312
1051 0.044312
1052 0.044312
1053 0.044312
1054 0.044312
1055 0.044312
1056 0.044312
1057 0.0434783
1058 0.0434783
1059 0.0434783
1060 0.0434783
1061 0.0434783
1062 0.0434783
1063 0.0434474
1064 0.0434474
1065 0.0426445
1066 0.0426445
1067 0.0426445
1068 0.0426445
1069 0.0426445
1070 0.0426445
1071 0.0425828
1072 0.0425828
1073 0.0418725
1074 0.0418725
1075 0.0418725
1076 0.0418725
1077 0.0418725
1078 0.0418725
1079 0.0418725
1080 0.0418725
1081 0.0412241
1082 0.0412241
1083 0.0412241
1084 0.0412241
1085 0.0412241
1086 0.0412241
1087 0.0411932
1088 0.0411932
1089 0.0405447
1090 0.0405447
1091 0.0405447
1092 0.0405447
1093 0.0405447
1094 0.0405447
1095 0.0405138
1096 0.0405138
1097 0.0396492
1098 0.0396492
1099 0.0396492
1100 0.0396492
1101 0.0396492
1102 0.0396492
1103 0.0396492
1104 0.0396492
1105 0.0387846
1106 0.0387846
1107 0.0387846
1108 0.0387846
1109 0.0387846
1110 0.0387846
1111 0.0387537
1112 0.0387537
1113 0.0378582
1114 0.0378582
1115 0.0378582
1116 0.0378582
1117 0.0378582
1118 0.0378582
1119 0.0378273
1120 0.0378273
1121 0.037148
1122 0.037148
1123 0.037148
1124 0.037148
1125 0.037148
1126 0.037148
1127 0.0371171
1128 0.0371171
1129 0.0364377
1130 0.0364377
1131 0.0364377
1132 0.0364377
1133 0.0364377
1134 0.0364377
1135 0.0364069
1136 0.0364069
1137 0.0358202
1138 0.0358202
1139 0.0358202
1140 0.0358202
1141 0.0358202
1142 0.0358202
1143 0.0357584
1144 0.0357584
1145 0.0351717
1146 0.0351717
1147 0.0351717
1148 0.0351717
1149 0.0351717
1150 0.0351717
1151 0.0351717
1152 0.0351717
1153 0.0344615
1154 0.0344615
1155 0.0344615
1156 0.0344615
1157 0.0344615
1158 0.0344615
1159 0.0344615
1160 0.0344615
1161 0.0338748
1162 0.0338748
1163 0.0338748
1164 0.0338748
1165 0.0338748
1166 0.0338748
1167 0.0338439
1168 0.0338439
1169 0.0331645
1170 0.0331645
1171 0.0331645
1172 0.0331645
1173 0.0331645
1174 0.0331645
1175 0.0331645
1176 0.0331645
1177 0.0327013
1178 0.0327013
1179 0.0327013
1180 0.0327013
1181 0.0327013
1182 0.0327013
1183 0.0327013
1184 0.0327013
1185 0.0320837
1186 0.0320837
1187 0.0320837
1188 0.0320837
1189 0.0320837
1190 0.0320837
1191 0.0320837
1192 0.0320837
1193 0.0315279
1194 0.0315279
1195 0.0315279
1196 0.0315279
1197 0.0315279
1198 0.0315279
1199 0.0315279
1200 0.0315279
1201 0.0307868
1202 0.0307868
1203 0.0307868
1204 0.0307868
1205 0.0307868
1206 0.0307868
1207 0.0307868
1208 0.0307868
1209 0.030231
1210 0.030231
1211 0.030231
1212 0.030231
1213 0.030231
1214 0.030231
1215 0.030231
1216 0.030231
1217 0.0294899
1218 0.0294899
1219 0.0294899
1220 0.0294899
1221 0.0294899
1222 0.0294899
1223 0.0294899
1224 0.0294899
1225 0.0290267
1226 0.0290267
1227 0.0290267
1228 0.0290267
1229 0.0290267
1230 0.0290267
1231 0.0290267
1232 0.0290267
1233 0.02844
1234 0.02844
1235 0.02844
1236 0.02844
1237 0.02844
1238 0.02844
1239 0.02844
1240 0.02844
1241 0.027915
1242 0.027915
1243 0.027915
1244 0.027915
1245 0.027915
1246 0.027915
1247 0.027915
1248 0.027915
1249 0.0272974
1250 0.0272974
1251 0.0272974
1252 0.0272974
1253 0.0272974
1254 0.0272974
1255 0.0272974
1256 0.0272974
1257 0.0269269
1258 0.0269269
1259 0.0269269
1260 0.0269269
1261 0.0269269
1262 0.0269269
1263 0.0269269
1264 0.0269269
1265 0.0264946
1266 0.0264946
1267 0.0264946
1268 0.0264946
1269 0.0264946
1270 0.0264946
1271 0.0264637
1272 0.0264637
1273 0.0259079
1274 0.0259079
1275 0.0259079
1276 0.0259079
1277 0.0259079
1278 0.0259079
1279 0.0259079
1280 0.0259079
1281 0.025352
1282 0.025352
1283 0.025352
1284 0.025352
1285 0.025352
1286 0.025352
1287 0.0252903
1288 0.0252903
1289 0.0249197
1290 0.0249197
1291 0.0249197
1292 0.0249197
1293 0.0249197
1294 0.0249197
1295 0.0248888
1296 0.0248888
1297 0.0244565
1298 0.0244565
1299 0.0244565
1300 0.0244565
1301 0.0244565
1302 0.0244565
1303 0.0244256
1304 0.0244256
1305 0.0238389
1306 0.0238389
1307 0.0238389
1308 0.0238389
1309 0.0238389
1310 0.0238389
1311 0.0238389
1312 0.0238389
1313 0.023314
1314 0.023314
1315 0.023314
1316 0.023314
1317 0.023314
1318 0.023314
1319 0.023314
1320 0.023314
1321 0.0229434
1322 0.0229434
1323 0.0229434
1324 0.0229434
1325 0.0229434
1326 0.0229434
1327 0.0229125
1328 0.0229125
1329 0.0227273
1330 0.0227273
1331 0.0227273
1332 0.0227273
1333 0.0227273
1334 0.0227273
1335 0.0226346
1336 0.0226346
1337 0.0220788
1338 0.0220788
1339 0.0220788
1340 0.0220788
1341 0.0220788
1342 0.0220788
1343 0.0220788
1344 0.0220788
1345 0.0214612
1346 0.0214612
1347 0.0214612
1348 0.0214612
1349 0.0214612
1350 0.0214612
1351 0.0214303
1352 0.0214303
1353 0.0211524
1354 0.0211524
1355 0.0211524
1356 0.0211524
1357 0.0211524
1358 0.0211524
1359 0.0211524
1360 0.0211524
1361 0.0206275
1362 0.0206275
1363 0.0206275
1364 0.0206275
1365 0.0206275
1366 0.0206275
1367 0.0205657
1368 0.0205657
1369 0.0201334
1370 0.0201334
1371 0.0201334
1372 0.0201334
1373 0.0201334
1374 0.0201334
1375 0.0201334
1376 0.0201334
1377 0.019732
1378 0.019732
1379 0.019732
1380 0.019732
1381 0.019732
1382 0.019732
1383 0.019732
1384 0.019732
1385 0.0192997
1386 0.0192997
1387 0.0192997
1388 0.0192997
1389 0.0192997
1390 0.0192997
1391 0.0192997
1392 0.0192997
1393 0.0188365
1394 0.0188365
1395 0.0188365
1396 0.0188365
1397 0.0188365
1398 0.0188365
1399 0.0188365
1400 0.0188365
1401 0.0185277
1402 0.0185277
1403 0.0185277
1404 0.0185277
1405 0.0185277
1406 0.0185277
1407 0.0184968
1408 0.0184968
1409 0.0183115
1410 0.0183115
1411 0.0183115
1412 0.0183115
1413 0.0183115
1414 0.0183115
1415 0.0183115
1416 0.0183115
1417 0.0181262
1418 0.0181262
1419 0.0181262
1420 0.0181262
1421 0.0181262
1422 0.0181262
1423 0.0181262
1424 0.0181262
1425 0.0176939
1426 0.0176939
1427 0.0176939
1428 0.0176939
1429 0.0176939
1430 0.0176939
1431 0.0176322
1432 0.0176322
1433 0.0172307
1434 0.0172307
1435 0.0172307
1436 0.0172307
1437 0.0172307
1438 0.0172307
1439 0.0172307
1440 0.0172307
1441 0.0171381
1442 0.0171381
1443 0.0171381
1444 0.0171381
1445 0.0171381
1446 0.0171381
1447 0.0171381
1448 0.0171381
1449 0.0169219
1450 0.0169219
1451 0.0169219
1452 0.0169219
1453 0.0169219
1454 0.0169219
1455 0.0168911
1456 0.0168911
1457 0.0164587
1458 0.0164587
1459 0.0164587
1460 0.0164587
1461 0.0164587
1462 0.0164587
1463 0.0164587
1464 0.0164587
1465 0.0162735
1466 0.0162735
1467 0.0162735
1468 0.0162735
1469 0.0162735
1470 0.0162735
1471 0.0162426
1472 0.0162426
1473 0.0160264
1474 0.0160264
1475 0.0160264
1476 0.0160264
1477 0.0160264
1478 0.0160264
1479 0.0160264
1480 0.0160264
1481 0.0159338
1482 0.0159338
1483 0.0159338
1484 0.0159338
1485 0.0159338
1486 0.0159338
1487 0.0159338
1488 0.0159338
1489 0.0156868
1490 0.0156868
1491 0.0156868
1492 0.0156868
1493 0.0156868
1494 0.0156868
1495 0.0156868
1496 0.0156868
1497 0.015378
1498 0.015378
1499 0.015378
1500 0.015378
1501 0.015378
1502 0.015378
1503 0.015378
1504 0.015378
1505 0.0150074
1506 0.0150074
1507 0.0150074
1508 0.0150074
1509 0.0150074
1510 0.0150074
1511 0.0150074
1512 0.0150074
1513 0.0147295
1514 0.0147295
1515 0.0147295
1516 0.0147295
1517 0.0147295
1518 0.0147295
1519 0.0147295
1520 0.0147295
1521 0.0143589
1522 0.0143589
1523 0.0143589
1524 0.0143589
1525 0.0143589
1526 0.0143589
1527 0.0143281
1528 0.0143281
1529 0.0139884
1530 0.0139884
1531 0.0139884
1532 0.0139884
1533 0.0139884
1534 0.0139884
1535 0.0139884
1536 0.0139884
1537 0.0137105
1538 0.0137105
1539 0.0137105
1540 0.0137105
1541 0.0137105
1542 0.0137105
1543 0.0136796
1544 0.0136796
1545 0.0135252
1546 0.0135252
1547 0.0135252
1548 0.0135252
1549 0.0135252
1550 0.0135252
1551 0.0135252
1552 0.0135252
1553 0.0131238
1554 0.0131238
1555 0.0131238
1556 0.0131238
1557 0.0131238
1558 0.0131238
1559 0.0131238
1560 0.0131238
1561 0.0129076
1562 0.0129076
1563 0.0129076
1564 0.0129076
1565 0.0129076
1566 0.0129076
1567 0.0129076
1568 0.0129076
1569 0.0126915
1570 0.0126915
1571 0.0126915
1572 0.0126915
1573 0.0126915
1574 0.0126915
1575 0.0126915
1576 0.0126915
1577 0.0123827
1578 0.0123827
1579 0.0123827
1580 0.0123827
1581 0.0123827
1582 0.0123827
1583 0.0123518
1584 0.0123518
1585 0.0121665
1586 0.0121665
1587 0.0121665
1588 0.0121665
1589 0.0121665
1590 0.0121665
1591 0.0121665
1592 0.0121665
1593 0.0118577
1594 0.0118577
1595 0.0118577
1596 0.0118577
1597 0.0118577
1598 0.0118577
1599 0.0118577
1600 0.0118577
1601 0.0116416
1602 0.0116416
1603 0.0116416
1604 0.0116416
1605 0.0116416
1606 0.0116416
1607 0.0116416
1608 0.0116416
1609 0.0114872
1610 0.0114872
1611 0.0114872
1612 0.0114872
1613 0.0114872
1614 0.0114872
1615 0.0114872
1616 0.0114872
1617 0.0113019
1618 0.0113019
1619 0.0113019
1620 0.0113019
1621 0.0113019
1622 0.0113019
1623 0.0113019
1624 0.0113019
1625 0.0110548
1626 0.0110548
1627 0.0110548
1628 0.0110548
1629 0.0110548
1630 0.0110548
1631 0.011024
1632 0.011024
1633 0.0108696
1634 0.0108696
1635 0.0108696
1636 0.0108696
1637 0.0108696
1638 0.0108696
1639 0.0108696
1640 0.0108696
1641 0.0106843
1642 0.0106843
1643 0.0106843
1644 0.0106843
1645 0.0106843
1646 0.0106843
1647 0.0106843
1648 0.0106843
1649 0.010499
1650 0.010499
1651 0.010499
1652 0.010499
1653 0.010499
1654 0.010499
1655 0.010499
1656 0.010499
1657 0.0104064
1658 0.0104064
1659 0.0104064
1660 0.0104064
1661 0.0104064
1662 0.0104064
1663 0.0104064
1664 0.0104064
1665 0.0101593
1666 0.0101593
1667 0.0101593
1668 0.0101593
1669 0.0101593
1670 0.0101593
1671 0.0101593
1672 0.0101593
1673 0.00994318
1674 0.00994318
1675 0.00994318
1676 0.00994318
1677 0.00994318
1678 0.00994318
1679 0.00994318
1680 0.00994318
1681 0.00978878
1682 0.00978878
1683 0.00978878
1684 0.00978878
1685 0.00978878
1686 0.00978878
1687 0.00978878
1688 0.00978878
1689 0.00966527
1690 0.00966527
1691 0.00966527
1692 0.00966527
1693 0.00966527
1694 0.00966527
1695 0.00966527
1696 0.00966527
1697 0.00938735
1698 0.00938735
1699 0.00938735
1700 0.00938735
1701 0.00938735
1702 0.00938735
1703 0.00938735
1704 0.00938735
1705 0.00932559
1706 0.00932559
1707 0.00932559
1708 0.00932559
1709 0.00932559
1710 0.00932559
1711 0.00929471
1712 0.00929471
1713 0.00910944
1714 0.00910944
1715 0.00910944
1716 0.00910944
1717 0.00910944
1718 0.00910944
1719 0.00910944
1720 0.00910944
1721 0.00907856
1722 0.00907856
1723 0.00907856
1724 0.00907856
1725 0.00907856
1726 0.00907856
1727 0.00907856
1728 0.00907856
1729 0.0090168
1730 0.0090168
1731 0.0090168
1732 0.0090168
1733 0.0090168
1734 0.0090168
1735 0.00898592
1736 0.00898592
1737 0.00880064
1738 0.00880064
1739 0.00880064
1740 0.00880064
1741 0.00880064
1742 0.00880064
1743 0.00880064
1744 0.00880064
1745 0.00852273
1746 0.00852273
1747 0.00852273
1748 0.00852273
1749 0.00852273
1750 0.00852273
1751 0.00852273
1752 0.00852273
1753 0.00839921
1754 0.00839921
1755 0.00839921
1756 0.00839921
1757 0.00839921
1758 0.00839921
1759 0.00836833
1760 0.00836833
1761 0.00805954
1762 0.00805954
1763 0.00805954
1764 0.00805954
1765 0.00805954
1766 0.00805954
1767 0.00805954
1768 0.00805954
1769 0.00784338
1770 0.00784338
1771 0.00784338
1772 0.00784338
1773 0.00784338
1774 0.00784338
1775 0.00784338
1776 0.00784338
1777 0.00768898
1778 0.00768898
1779 0.00768898
1780 0.00768898
1781 0.00768898
1782 0.00768898
1783 0.00768898
1784 0.00768898
1785 0.00759634
1786 0.00759634
1787 0.00759634
1788 0.00759634
1789 0.00759634
1790 0.00759634
1791 0.00756546
1792 0.00756546
1793 0.00719491
1794 0.00719491
1795 0.00719491
1796 0.00719491
1797 0.00719491
1798 0.00719491
1799 0.00719491
1800 0.00719491
1801 0.00694788
1802 0.00694788
1803 0.00694788
1804 0.00694788
1805 0.00694788
1806 0.00694788
1807 0.00694788
1808 0.00694788
1809 0.00670084
1810 0.00670084
1811 0.00670084
1812 0.00670084
1813 0.00670084
1814 0.00670084
1815 0.00670084
1816 0.00670084
1817 0.00651556
1818 0.00651556
1819 0.00651556
1820 0.00651556
1821 0.00651556
1822 0.00651556
1823 0.00651556
1824 0.00651556
1825 0.0064538
1826 0.0064538
1827 0.0064538
1828 0.0064538
1829 0.0064538
1830 0.0064538
1831 0.0064538
1832 0.0064538
1833 0.00629941
1834 0.00629941
1835 0.00629941
1836 0.00629941
1837 0.00629941
1838 0.00629941
1839 0.00629941
1840 0.00629941
1841 0.00614501
1842 0.00614501
1843 0.00614501
1844 0.00614501
1845 0.00614501
1846 0.00614501
1847 0.00614501
1848 0.00614501
1849 0.00611413
1850 0.00611413
1851 0.00611413
1852 0.00611413
1853 0.00611413
1854 0.00611413
1855 0.00611413
1856 0.00611413
1857 0.00595973
1858 0.00595973
1859 0.00595973
1860 0.00595973
1861 0.00595973
1862 0.00595973
1863 0.00595973
1864 0.00595973
1865 0.00589797
1866 0.00589797
1867 0.00589797
1868 0.00589797
1869 0.00589797
1870 0.00589797
1871 0.00589797
1872 0.00589797
1873 0.00577446
1874 0.00577446
1875 0.00577446
1876 0.00577446
1877 0.00577446
1878 0.00577446
1879 0.00577446
1880 0.00577446
1881 0.00574358
1882 0.00574358
1883 0.00574358
1884 0.00574358
1885 0.00574358
1886 0.00574358
1887 0.00574358
1888 0.00574358
1889 0.00565094
1890 0.00565094
1891 0.00565094
1892 0.00565094
1893 0.00565094
1894 0.00565094
1895 0.00562006
1896 0.00562006
1897 0.00549654
1898 0.00549654
1899 0.00549654
1900 0.00549654
1901 0.00549654
1902 0.00549654
1903 0.00549654
1904 0.00549654
1905 0.00534214
1906 0.00534214
1907 0.00534214
1908 0.00534214
1909 0.00534214
1910 0.00534214
1911 0.00534214
1912 0.00534214
1913 0.00528039
1914 0.00528039
1915 0.00528039
1916 0.00528039
1917 0.00528039
1918 0.00528039
1919 0.00528039
1920 0.00528039
1921 0.00518775
1922 0.00518775
1923 0.00518775
1924 0.00518775
1925 0.00518775
1926 0.00518775
1927 0.00518775
1928 0.00518775
1929 0.00512599
1930 0.00512599
1931 0.00512599
1932 0.00512599
1933 0.00512599
1934 0.00512599
1935 0.00512599
1936 0.00512599
1937 0.00506423
1938 0.00506423
1939 0.00506423
1940 0.00506423
1941 0.00506423
1942 0.00506423
1943 0.00506423
1944 0.00506423
1945 0.00500247
1946 0.00500247
1947 0.00500247
1948 0.00500247
1949 0.00500247
1950 0.00500247
1951 0.00500247
1952 0.00500247
1953 0.00494071
1954 0.00494071
1955 0.00494071
1956 0.00494071
1957 0.00494071
1958 0.00494071
1959 0.00494071
1960 0.00494071
1961 0.00484807
1962 0.00484807
1963 0.00484807
1964 0.00484807
1965 0.00484807
1966 0.00484807
1967 0.00481719
1968 0.00481719
1969 0.00472456
1970 0.00472456
1971 0.00472456
1972 0.00472456
1973 0.00472456
1974 0.00472456
1975 0.00472456
1976 0.00472456
1977 0.0046628
1978 0.0046628
1979 0.0046628
1980 0.0046628
1981 0.0046628
1982 0.0046628
1983 0.0046628
1984 0.0046628
1985 0.00460104
1986 0.00460104
1987 0.00460104
1988 0.00460104
1989 0.00460104
1990 0.00460104
1991 0.00460104
1992 0.00460104
1993 0.00453928
1994 0.00453928
1995 0.00453928
1996 0.00453928
1997 0.00453928
1998 0.00453928
1999 0.00453928
2000 0.00453928
2001 0.00441576
2002 0.00441576
2003 0.00441576
2004 0.00441576
2005 0.00441576
2006 0.00441576
2007 0.00441576
2008 0.00441576
2009 0.00429224
2010 0.00429224
2011 0.00429224
2012 0.00429224
2013 0.00429224
2014 0.00429224
2015 0.00429224
2016 0.00429224
2017 0.00426136
2018 0.00426136
2019 0.00426136
2020 0.00426136
2021 0.00426136
2022 0.00426136
2023 0.00426136
2024 0.00426136
2025 0.00410697
2026 0.00410697
2027 0.00410697
2028 0.00410697
2029 0.00410697
2030 0.00410697
2031 0.00410697
2032 0.00410697
2033 0.00404521
2034 0.00404521
2035 0.00404521
2036 0.00404521
2037 0.00404521
2038 0.00404521
2039 0.00404521
2040 0.00404521
2041 0.00404521
2042 0.00404521
2043 0.00404521
2044 0.00404521
2045 0.00404521
2046 0.00404521
2047 0.00401433
2048 0.00401433
2049 0.00398345
2050 0.00398345
2051 0.00398345
2052 0.00398345
2053 0.00398345
2054 0.00398345
2055 0.00398345
2056 0.00398345
2057 0.00398345
2058 0.00398345
2059 0.00398345
2060 0.00398345
2061 0.00398345
2062 0.00398345
2063 0.00398345
2064 0.00398345
2065 0.00392169
2066 0.00392169
2067 0.00392169
2068 0.00392169
2069 0.00392169
2070 0.00392169
2071 0.00392169
2072 0.00392169
2073 0.00385993
2074 0.00385993
2075 0.00385993
2076 0.00385993
2077 0.00385993
2078 0.00385993
2079 0.00385993
2080 0.00385993
2081 0.00376729
2082 0.00376729
2083 0.00376729
2084 0.00376729
2085 0.00376729
2086 0.00376729
2087 0.00376729
2088 0.00376729
2089 0.00367465
2090 0.00367465
2091 0.00367465
2092 0.00367465
2093 0.00367465
2094 0.00367465
2095 0.00367465
2096 0.00367465
2097 0.00358202
2098 0.00358202
2099 0.00358202
2100 0.00358202
2101 0.00358202
2102 0.00358202
2103 0.00358202
2104 0.00358202
2105 0.00355114
2106 0.00355114
2107 0.00355114
2108 0.00355114
2109 0.00355114
2110 0.00355114
2111 0.00355114
2112 0.00355114
2113 0.00352026
2114 0.00352026
2115 0.00352026
2116 0.00352026
2117 0.00352026
2118 0.00352026
2119 0.00352026
2120 0.00352026
2121 0.00342762
2122 0.00342762
2123 0.00342762
2124 0.00342762
2125 0.00342762
2126 0.00342762
2127 0.00342762
2128 0.00342762
2129 0.00339674
2130 0.00339674
2131 0.00339674
2132 0.00339674
2133 0.00339674
2134 0.00339674
2135 0.00339674
2136 0.00339674
2137 0.00336586
2138 0.00336586
2139 0.00336586
2140 0.00336586
2141 0.00336586
2142 0.00336586
2143 0.00336586
2144 0.00336586
2145 0.00327322
2146 0.00327322
2147 0.00327322
2148 0.00327322
2149 0.00327322
2150 0.00327322
2151 0.00327322
2152 0.00327322
2153 0.00321146
2154 0.00321146
2155 0.00321146
2156 0.00321146
2157 0.00321146
2158 0.00321146
2159 0.00321146
2160 0.00321146
2161 0.00308794
2162 0.00308794
2163 0.00308794
2164 0.00308794
2165 0.00308794
2166 0.00308794
2167 0.00308794
2168 0.00308794
2169 0.00308794
2170 0.00308794
2171 0.00308794
2172 0.00308794
2173 0.00308794
2174 0.00308794
2175 0.00308794
2176 0.00308794
2177 0.00305707
2178 0.00305707
2179 0.00305707
2180 0.00305707
2181 0.00305707
2182 0.00305707
2183 0.00305707
2184 0.00305707
2185 0.00299531
2186 0.00299531
2187 0.00299531
2188 0.00299531
2189 0.00299531
2190 0.00299531
2191 0.00299531
2192 0.00299531
2193 0.00290267
2194 0.00290267
2195 0.00290267
2196 0.00290267
2197 0.00290267
2198 0.00290267
2199 0.00290267
2200 0.00290267
2201 0.00284091
2202 0.00284091
2203 0.00284091
2204 0.00284091
2205 0.00284091
2206 0.00284091
2207 0.00284091
2208 0.00284091
2209 0.00277915
2210 0.00277915
2211 0.00277915
2212 0.00277915
2213 0.00277915
2214 0.00277915
2215 0.00277915
2216 0.00277915
2217 0.00274827
2218 0.00274827
2219 0.00274827
2220 0.00274827
2221 0.00274827
2222 0.00274827
2223 0.00274827
2224 0.00274827
2225 0.00268651
2226 0.00268651
2227 0.00268651
2228 0.00268651
2229 0.00268651
2230 0.00268651
2231 0.00268651
2232 0.00268651
2233 0.00265563
2234 0.00265563
2235 0.00265563
2236 0.00265563
2237 0.00265563
2238 0.00265563
2239 0.00265563
2240 0.00265563
2241 0.00262475
2242 0.00262475
2243 0.00262475
2244 0.00262475
2245 0.00262475
2246 0.00262475
2247 0.00262475
2248 0.00262475
2249 0.00256299
2250 0.00256299
2251 0.00256299
2252 0.00256299
2253 0.00256299
2254 0.00256299
2255 0.00256299
2256 0.00256299
2257 0.00256299
2258 0.00256299
2259 0.00256299
2260 0.00256299
2261 0.00256299
2262 0.00256299
2263 0.00256299
2264 0.00256299
2265 0.00247036
2266 0.00247036
2267 0.00247036
2268 0.00247036
2269 0.00247036
2270 0.00247036
2271 0.00247036
2272 0.00247036
2273 0.0024086
2274 0.0024086
2275 0.0024086
2276 0.0024086
2277 0.0024086
2278 0.0024086
2279 0.0024086
2280 0.0024086
2281 0.00237772
2282 0.00237772
2283 0.00237772
2284 0.00237772
2285 0.00237772
2286 0.00237772
2287 0.00237772
2288 0.00237772
2289 0.00237772
2290 0.00237772
2291 0.00237772
2292 0.00237772
2293 0.00237772
2294 0.00237772
2295 0.00237772
2296 0.00237772
2297 0.00228508
2298 0.00228508
2299 0.00228508
2300 0.00228508
2301 0.00228508
2302 0.00228508
2303 0.00228508
2304 0.00228508
2305 0.00228508
2306 0.00228508
2307 0.00228508
2308 0.00228508
2309 0.00228508
2310 0.00228508
2311 0.00228508
2312 0.00228508
2313 0.0022542
2314 0.0022542
2315 0.0022542
2316 0.0022542
2317 0.0022542
2318 0.0022542
2319 0.00222332
2320 0.00222332
2321 0.00216156
2322 0.00216156
2323 0.00216156
2324 0.00216156
2325 0.00216156
2326 0.00216156
2327 0.00216156
2328 0.00216156
2329 0.00203804
2330 0.00203804
2331 0.00203804
2332 0.00203804
2333 0.00203804
2334 0.00203804
2335 0.00203804
2336 0.00203804
2337 0.00203804
2338 0.00203804
2339 0.00203804
2340 0.00203804
2341 0.00203804
2342 0.00203804
2343 0.00203804
2344 0.00203804
2345 0.00197628
2346 0.00197628
2347 0.00197628
2348 0.00197628
2349 0.00197628
2350 0.00197628
2351 0.00197628
2352 0.00197628
2353 0.00197628
2354 0.00197628
2355 0.00197628
2356 0.00197628
2357 0.00197628
2358 0.00197628
2359 0.00197628
2360 0.00197628
2361 0.00197628
2362 0.00197628
2363 0.00197628
2364 0.00197628
2365 0.00197628
2366 0.00197628
2367 0.00197628
2368 0.00197628
2369 0.00194541
2370 0.00194541
2371 0.00194541
2372 0.00194541
2373 0.00194541
2374 0.00194541
2375 0.00194541
2376 0.00194541
2377 0.00194541
2378 0.00194541
2379 0.00194541
2380 0.00194541
2381 0.00194541
2382 0.00194541
2383 0.00194541
2384 0.00194541
2385 0.00191453
2386 0.00191453
2387 0.00191453
2388 0.00191453
2389 0.00191453
2390 0.00191453
2391 0.00191453
2392 0.00191453
2393 0.00191453
2394 0.00191453
2395 0.00191453
2396 0.00191453
2397 0.00191453
2398 0.00191453
2399 0.00191453
2400 0.00191453
2401 0.00185277
2402 0.00185277
2403 0.00185277
2404 0.00185277
2405 0.00185277
2406 0.00185277
2407 0.00185277
2408 0.00185277
2409 0.00185277
2410 0.00185277
2411 0.00185277
2412 0.00185277
2413 0.00185277
2414 0.00185277
2415 0.00185277
2416 0.00185277
2417 0.00182189
2418 0.00182189
2419 0.00182189
2420 0.00182189
2421 0.00182189
2422 0.00182189
2423 0.00182189
2424 0.00182189
2425 0.00182189
2426 0.00182189
2427 0.00182189
2428 0.00182189
2429 0.00182189
2430 0.00182189
2431 0.00182189
2432 0.00182189
2433 0.00182189
2434 0.00182189
2435 0.00182189
2436 0.00182189
2437 0.00182189
2438 0.00182189
2439 0.00182189
2440 0.00182189
2441 0.00179101
2442 0.00179101
2443 0.00179101
2444 0.00179101
2445 0.00179101
2446 0.00179101
2447 0.00179101
2448 0.00179101
2449 0.00176013
2450 0.00176013
2451 0.00176013
2452 0.00176013
2453 0.00176013
2454 0.00176013
2455 0.00176013
2456 0.00176013
2457 0.00172925
2458 0.00172925
2459 0.00172925
2460 0.00172925
2461 0.00172925
2462 0.00172925
2463 0.00172925
2464 0.00172925
2465 0.00166749
2466 0.00166749
2467 0.00166749
2468 0.00166749
2469 0.00166749
2470 0.00166749
2471 0.00166749
2472 0.00166749
2473 0.00166749
2474 0.00166749
2475 0.00166749
2476 0.00166749
2477 0.00166749
2478 0.00166749
2479 0.00166749
2480 0.00166749
2481 0.00166749
2482 0.00166749
2483 0.00166749
2484 0.00166749
2485 0.00166749
2486 0.00166749
2487 0.00166749
2488 0.00166749
2489 0.00163661
2490 0.00163661
2491 0.00163661
2492 0.00163661
2493 0.00163661
2494 0.00163661
2495 0.00163661
2496 0.00163661
2497 0.00160573
2498 0.00160573
2499 0.00160573
2500 0.00160573
2501 0.00160573
2502 0.00160573
2503 0.00160573
2504 0.00160573
2505 0.00160573
2506 0.00160573
2507 0.00160573
2508 0.00160573
2509 0.00160573
2510 0.00160573
2511 0.00160573
2512 0.00160573
2513 0.00160573
2514 0.00160573
2515 0.00160573
2516 0.00160573
2517 0.00160573
2518 0.00160573
2519 0.00157485
2520 0.00157485
2521 0.00154397
2522 0.00154397
2523 0.00154397
2524 0.00154397
2525 0.00154397
2526 0.00154397
2527 0.00154397
2528 0.00154397
2529 0.00151309
2530 0.00151309
2531 0.00151309
2532 0.00151309
2533 0.00151309
2534 0.00151309
2535 0.00151309
2536 0.00151309
2537 0.00142045
2538 0.00142045
2539 0.00142045
2540 0.00142045
2541 0.00142045
2542 0.00142045
2543 0.00142045
2544 0.00142045
2545 0.00142045
2546 0.00142045
2547 0.00142045
2548 0.00142045
2549 0.00142045
2550 0.00142045
2551 0.00142045
2552 0.00142045
2553 0.0013587
2554 0.0013587
2555 0.0013587
2556 0.0013587
2557 0.0013587
2558 0.0013587
2559 0.0013587
2560 0.0013587
2561 0.0013587
2562 0.0013587
2563 0.0013587
2564 0.0013587
2565 0.0013587
2566 0.0013587
2567 0.0013587
2568 0.0013587
2569 0.00132782
2570 0.00132782
2571 0.00132782
2572 0.00132782
2573 0.00132782
2574 0.00132782
2575 0.00132782
2576 0.00132782
2577 0.00126606
2578 0.00126606
2579 0.00126606
2580 0.00126606
2581 0.00126606
2582 0.00126606
2583 0.00126606
2584 0.00126606
2585 0.00126606
2586 0.00126606
2587 0.00126606
2588 0.00126606
2589 0.00126606
2590 0.00126606
2591 0.00126606
2592 0.00126606
2593 0.00123518
2594 0.00123518
2595 0.00123518
2596 0.00123518
2597 0.00123518
2598 0.00123518
2599 0.00123518
2600 0.00123518
2601 0.0012043
2602 0.0012043
2603 0.0012043
2604 0.0012043
2605 0.0012043
2606 0.0012043
2607 0.0012043
2608 0.0012043
2609 0.00117342
2610 0.00117342
2611 0.00117342
2612 0.00117342
2613 0.00117342
2614 0.00117342
2615 0.00117342
2616 0.00117342
2617 0.0010499
2618 0.0010499
2619 0.0010499
2620 0.0010499
2621 0.0010499
2622 0.0010499
2623 0.0010499
2624 0.0010499
2625 0.000988142
2626 0.000988142
2627 0.000988142
2628 0.000988142
2629 0.000988142
2630 0.000988142
2631 0.000988142
2632 0.000988142
2633 0.000988142
2634 0.000988142
2635 0.000988142
2636 0.000988142
2637 0.000988142
2638 0.000988142
2639 0.000988142
2640 0.000988142
2641 0.000957263
2642 0.000957263
2643 0.000957263
2644 0.000957263
2645 0.000957263
2646 0.000957263
2647 0.000957263
2648 0.000957263
2649 0.000957263
2650 0.000957263
2651 0.000957263
2652 0.000957263
2653 0.000957263
2654 0.000957263
2655 0.000957263
2656 0.000957263
2657 0.000957263
2658 0.000957263
2659 0.000957263
2660 0.000957263
2661 0.000957263
2662 0.000957263
2663 0.000957263
2664 0.000957263
2665 0.000957263
2666 0.000957263
2667 0.000957263
2668 0.000957263
2669 0.000957263
2670 0.000957263
2671 0.000957263
2672 0.000957263
2673 0.000926383
2674 0.000926383
2675 0.000926383
2676 0.000926383
2677 0.000926383
2678 0.000926383
2679 0.000926383
2680 0.000926383
2681 0.000926383
2682 0.000926383
2683 0.000926383
2684 0.000926383
2685 0.000926383
2686 0.000926383
2687 0.000926383
2688 0.000926383
2689 0.000926383
2690 0.000926383
2691 0.000926383
2692 0.000926383
2693 0.000926383
2694 0.000926383
2695 0.000926383
2696 0.000926383
2697 0.000895504
2698 0.000895504
2699 0.000895504
2700 0.000895504
2701 0.000895504
2702 0.000895504
2703 0.000895504
2704 0.000895504
2705 0.000833745
2706 0.000833745
2707 0.000833745
2708 0.000833745
2709 0.000833745
2710 0.000833745
2711 0.000833745
2712 0.000833745
2713 0.000833745
2714 0.000833745
2715 0.000833745
2716 0.000833745
2717 0.000833745
2718 0.000833745
2719 0.000833745
2720 0.000833745
2721 0.000802866
2722 0.000802866
2723 0.000802866
2724 0.000802866
2725 0.000802866
2726 0.000802866
2727 0.000802866
2728 0.000802866
2729 0.000802866
2730 0.000802866
2731 0.000802866
2732 0.000802866
2733 0.000802866
2734 0.000802866
2735 0.000802866
2736 0.000802866
2737 0.000802866
2738 0.000802866
2739 0.000802866
2740 0.000802866
2741 0.000802866
2742 0.000802866
2743 0.000802866
2744 0.000802866
2745 0.000771986
2746 0.000771986
2747 0.000771986
2748 0.000771986
2749 0.000771986
2750 0.000771986
2751 0.000771986
2752 0.000771986
2753 0.000771986
2754 0.000771986
2755 0.000771986
2756 0.000771986
2757 0.000771986
2758 0.000771986
2759 0.000771986
2760 0.000771986
2761 0.000771986
2762 0.000771986
2763 0.000771986
2764 0.000771986
2765 0.000771986
2766 0.000771986
2767 0.000771986
2768 0.000771986
2769 0.000741107
2770 0.000741107
2771 0.000741107
2772 0.000741107
2773 0.000741107
2774 0.000741107
2775 0.000741107
2776 0.000741107
2777 0.000710227
2778 0.000710227
2779 0.000710227
2780 0.000710227
2781 0.000710227
2782 0.000710227
2783 0.000710227
2784 0.000710227
2785 0.000710227
2786 0.000710227
2787 0.000710227
2788 0.000710227
2789 0.000710227
2790 0.000710227
2791 0.000710227
2792 0.000710227
2793 0.000679348
2794 0.000679348
2795 0.000679348
2796 0.000679348
2797 0.000679348
2798 0.000679348
2799 0.000679348
2800 0.000679348
2801 0.000679348
2802 0.000679348
2803 0.000679348
2804 0.000679348
2805 0.000679348
2806 0.000679348
2807 0.000679348
2808 0.000679348
2809 0.000679348
2810 0.000679348
2811 0.000679348
2812 0.000679348
2813 0.000679348
2814 0.000679348
2815 0.000679348
2816 0.000679348
2817 0.000648468
2818 0.000648468
2819 0.000648468
2820 0.000648468
2821 0.000648468
2822 0.000648468
2823 0.000648468
2824 0.000648468
2825 0.000617589
2826 0.000617589
2827 0.000617589
2828 0.000617589
2829 0.000617589
2830 0.000617589
2831 0.000617589
2832 0.000617589
2833 0.000586709
2834 0.000586709
2835 0.000586709
2836 0.000586709
2837 0.000586709
2838 0.000586709
2839 0.000586709
2840 0.000586709
2841 0.00055583
2842 0.00055583
2843 0.00055583
2844 0.00055583
2845 0.00055583
2846 0.00055583
2847 0.00055583
2848 0.00055583
2849 0.00055583
2850 0.00055583
2851 0.00055583
2852 0.00055583
2853 0.00055583
2854 0.00055583
2855 0.00055583
2856 0.00055583
2857 0.00055583
2858 0.00055583
2859 0.00055583
2860 0.00055583
2861 0.00055583
2862 0.00055583
2863 0.00055583
2864 0.00055583
2865 0.00055583
2866 0.00055583
2867 0.00055583
2868 0.00055583
2869 0.00055583
2870 0.00055583
2871 0.00055583
2872 0.00055583
2873 0.00055583
2874 0.00055583
2875 0.00055583
2876 0.00055583
2877 0.00055583
2878 0.00055583
2879 0.00055583
2880 0.00055583
2881 0.00055583
2882 0.00055583
2883 0.00055583
2884 0.00055583
2885 0.00055583
2886 0.00055583
2887 0.00055583
2888 0.00055583
2889 0.000524951
2890 0.000524951
2891 0.000524951
2892 0.000524951
2893 0.000524951
2894 0.000524951
2895 0.000524951
2896 0.000524951
2897 0.000524951
2898 0.000524951
2899 0.000524951
2900 0.000524951
2901 0.000524951
2902 0.000524951
2903 0.000524951
2904 0.000524951
2905 0.000524951
2906 0.000524951
2907 0.000524951
2908 0.000524951
2909 0.000524951
2910 0.000524951
2911 0.000524951
2912 0.000524951
2913 0.000524951
2914 0.000524951
2915 0.000524951
2916 0.000524951
2917 0.000524951
2918 0.000524951
2919 0.000524951
2920 0.000524951
2921 0.000494071
2922 0.000494071
2923 0.000494071
2924 0.000494071
2925 0.000494071
2926 0.000494071
2927 0.000463192
2928 0.000463192
2929 0.000432312
2930 0.000432312
2931 0.000432312
2932 0.000432312
2933 0.000432312
2934 0.000432312
2935 0.000432312
2936 0.000432312
2937 0.000432312
2938 0.000432312
2939 0.000432312
2940 0.000432312
2941 0.000432312
2942 0.000432312
2943 0.000432312
2944 0.000432312
2945 0.000432312
2946 0.000432312
2947 0.000432312
2948 0.000432312
2949 0.000432312
2950 0.000432312
2951 0.000432312
2952 0.000432312
2953 0.000432312
2954 0.000432312
2955 0.000432312
2956 0.000432312
2957 0.000432312
2958 0.000432312
2959 0.000432312
2960 0.000432312
2961 0.000432312
2962 0.000432312
2963 0.000432312
2964 0.000432312
2965 0.000432312
2966 0.000432312
2967 0.000432312
2968 0.000432312
2969 0.000432312
2970 0.000432312
2971 0.000432312
2972 0.000432312
2973 0.000432312
2974 0.000432312
2975 0.000432312
2976 0.000432312
2977 0.000401433
2978 0.000401433
2979 0.000401433
2980 0.000401433
2981 0.000401433
2982 0.000401433
2983 0.000401433
2984 0.000401433
2985 0.000370553
2986 0.000370553
2987 0.000370553
2988 0.000370553
2989 0.000370553
2990 0.000370553
2991 0.000370553
2992 0.000370553
2993 0.000339674
2994 0.000339674
2995 0.000339674
2996 0.000339674
2997 0.000339674
2998 0.000339674
2999 0.000339674
3000 0.000339674
3001 0.000339674
3002 0.000339674
3003 0.000339674
3004 0.000339674
3005 0.000339674
3006 0.000339674
3007 0.000339674
3008 0.000339674
3009 0.000339674
3010 0.000339674
3011 0.000339674
3012 0.000339674
3013 0.000339674
3014 0.000339674
3015 0.000339674
3016 0.000339674
3017 0.000339674
3018 0.000339674
3019 0.000339674
3020 0.000339674
3021 0.000339674
3022 0.000339674
3023 0.000339674
3024 0.000339674
3025 0.000339674
3026 0.000339674
3027 0.000339674
3028 0.000339674
3029 0.000339674
3030 0.000339674
3031 0.000339674
3032 0.000339674
3033 0.000308794
3034 0.000308794
3035 0.000308794
3036 0.000308794
3037 0.000308794
3038 0.000308794
3039 0.000308794
3040 0.000308794
3041 0.000308794
3042 0.000308794
3043 0.000308794
3044 0.000308794
3045 0.000308794
3046 0.000308794
3047 0.000308794
3048 0.000308794
3049 0.000308794
3050 0.000308794
3051 0.000308794
3052 0.000308794
3053 0.000308794
3054 0.000308794
3055 0.000308794
3056 0.000308794
3057 0.000308794
3058 0.000308794
3059 0.000308794
3060 0.000308794
3061 0.000308794
3062 0.000308794
3063 0.000308794
3064 0.000308794
3065 0.000308794
3066 0.000308794
3067 0.000308794
3068 0.000308794
3069 0.000308794
3070 0.000308794
3071 0.000308794
3072 0.000308794
3073 0.000308794
3074 0.000308794
3075 0.000308794
3076 0.000308794
3077 0.000308794
3078 0.000308794
3079 0.000308794
3080 0.000308794
3081 0.000308794
3082 0.000308794
3083 0.000308794
3084 0.000308794
3085 0.000308794
3086 0.000308794
3087 0.000308794
3088 0.000308794
3089 0.000308794
3090 0.000308794
3091 0.000308794
3092 0.000308794
3093 0.000308794
3094 0.000308794
3095 0.000308794
3096 0.000308794
3097 0.000308794
3098 0.000308794
3099 0.000308794
3100 0.000308794
3101 0.000308794
3102 0.000308794
3103 0.000308794
3104 0.000308794
3105 0.000277915
3106 0.000277915
3107 0.000277915
3108 0.000277915
3109 0.000277915
3110 0.000277915
3111 0.000277915
3112 0.000277915
3113 0.000277915
3114 0.000277915
3115 0.000277915
3116 0.000277915
3117 0.000277915
3118 0.000277915
3119 0.000277915
3120 0.000277915
3121 0.000277915
3122 0.000277915
3123 0.000277915
3124 0.000277915
3125 0.000277915
3126 0.000277915
3127 0.000277915
3128 0.000277915
3129 0.000277915
3130 0.000277915
3131 0.000277915
3132 0.000277915
3133 0.000277915
3134 0.000277915
3135 0.000277915
3136 0.000277915
3137 0.000277915
3138 0.000277915
3139 0.000277915
3140 0.000277915
3141 0.000277915
3142 0.000277915
3143 0.000277915
3144 0.000277915
3145 0.000277915
3146 0.000277915
3147 0.000277915
3148 0.000277915
3149 0.000277915
3150 0.000277915
3151 0.000277915
3152 0.000277915
3153 0.000277915
3154 0.000277915
3155 0.000277915
3156 0.000277915
3157 0.000277915
3158 0.000277915
3159 0.000277915
3160 0.000277915
3161 0.000277915
3162 0.000277915
3163 0.000277915
3164 0.000277915
3165 0.000277915
3166 0.000277915
3167 0.000277915
3168 0.000277915
3169 0.000277915
3170 0.000277915
3171 0.000277915
3172 0.000277915
3173 0.000277915
3174 0.000277915
3175 0.000277915
3176 0.000277915
3177 0.000277915
3178 0.000277915
3179 0.000277915
3180 0.000277915
3181 0.000277915
3182 0.000277915
3183 0.000277915
3184 0.000277915
3185 0.000277915
3186 0.000277915
3187 0.000277915
3188 0.000277915
3189 0.000277915
3190 0.000277915
3191 0.000277915
3192 0.000277915
3193 0.000277915
3194 0.000277915
3195 0.000277915
3196 0.000277915
3197 0.000277915
3198 0.000277915
3199 0.000277915
3200 0.000277915
3201 0.000277915
3202 0.000277915
3203 0.000277915
3204 0.000277915
3205 0.000277915
3206 0.000277915
3207 0.000277915
3208 0.000277915
3209 0.000277915
3210 0.000277915
3211 0.000277915
3212 0.000277915
3213 0.000277915
3214 0.000277915
3215 0.000277915
3216 0.000277915
3217 0.000277915
3218 0.000277915
3219 0.000277915
3220 0.000277915
3221 0.000277915
3222 0.000277915
3223 0.000277915
3224 0.000277915
3225 0.000277915
3226 0.000277915
3227 0.000277915
3228 0.000277915
3229 0.000277915
3230 0.000277915
3231 0.000277915
3232 0.000277915
3233 0.000277915
3234 0.000277915
3235 0.000277915
3236 0.000277915
3237 0.000277915
3238 0.000277915
3239 0.000277915
3240 0.000277915
3241 0.000277915
3242 0.000277915
3243 0.000277915
3244 0.000277915
3245 0.000277915
3246 0.000277915
3247 0.000277915
3248 0.000277915
3249 0.000277915
3250 0.000277915
3251 0.000277915
3252 0.000277915
3253 0.000277915
3254 0.000277915
3255 0.000277915
3256 0.000277915
3257 0.000277915
3258 0.000277915
3259 0.000277915
3260 0.000277915
3261 0.000277915
3262 0.000277915
3263 0.000277915
3264 0.000277915
3265 0.000277915
3266 0.000277915
3267 0.000277915
3268 0.000277915
3269 0.000277915
3270 0.000277915
3271 0.000277915
3272 0.000277915
3273 0.000277915
3274 0.000277915
3275 0.000277915
3276 0.000277915
3277 0.000277915
3278 0.000277915
3279 0.000277915
3280 0.000277915
3281 0.000277915
3282 0.000277915
3283 0.000277915
3284 0.000277915
3285 0.000277915
3286 0.000277915
3287 0.000277915
3288 0.000277915
3289 0.000277915
3290 0.000277915
3291 0.000277915
3292 0.000277915
3293 0.000277915
3294 0.000277915
3295 0.000277915
3296 0.000277915
3297 0.000277915
3298 0.000277915
3299 0.000277915
3300 0.000277915
3301 0.000277915
3302 0.000277915
3303 0.000277915
3304 0.000277915
3305 0.000277915
3306 0.000277915
3307 0.000277915
3308 0.000277915
3309 0.000277915
3310 0.000277915
3311 0.000277915
3312 0.000277915
3313 0.000247036
3314 0.000247036
3315 0.000247036
3316 0.000247036
3317 0.000247036
3318 0.000247036
3319 0.000247036
3320 0.000247036
3321 0.000247036
3322 0.000247036
3323 0.000247036
3324 0.000247036
3325 0.000247036
3326 0.000247036
3327 0.000247036
3328 0.000247036
3329 0.000247036
3330 0.000247036
3331 0.000247036
3332 0.000247036
3333 0.000247036
3334 0.000247036
3335 0.000247036
3336 0.000247036
3337 0.000247036
3338 0.000247036
3339 0.000247036
3340 0.000247036
3341 0.000247036
3342 0.000247036
3343 0.000247036
3344 0.000247036
3345 0.000247036
3346 0.000247036
3347 0.000247036
3348 0.000247036
3349 0.000247036
3350 0.000247036
3351 0.000247036
3352 0.000247036
3353 0.000247036
3354 0.000247036
3355 0.000247036
3356 0.000247036
3357 0.000247036
3358 0.000247036
3359 0.000247036
3360 0.000247036
3361 0.000247036
3362 0.000247036
3363 0.000247036
3364 0.000247036
3365 0.000247036
3366 0.000247036
3367 0.000247036
3368 0.000247036
3369 0.000247036
3370 0.000247036
3371 0.000247036
3372 0.000247036
3373 0.000247036
3374 0.000247036
3375 0.000247036
3376 0.000247036
3377 0.000216156
3378 0.000216156
3379 0.000216156
3380 0.000216156
3381 0.000216156
3382 0.000216156
3383 0.000216156
3384 0.000216156
3385 0.000216156
3386 0.000216156
3387 0.000216156
3388 0.000216156
3389 0.000216156
3390 0.000216156
3391 0.000216156
3392 0.000216156
3393 0.000216156
3394 0.000216156
3395 0.000216156
3396 0.000216156
3397 0.000216156
3398 0.000216156
3399 0.000216156
3400 0.000216156
3401 0.000216156
3402 0.000216156
3403 0.000216156
3404 0.000216156
3405 0.000216156
3406 0.000216156
3407 0.000216156
3408 0.000216156
3409 0.000216156
3410 0.000216156
3411 0.000216156
3412 0.000216156
3413 0.000216156
3414 0.000216156
3415 0.000216156
3416 0.000216156
3417 0.000216156
3418 0.000216156
3419 0.000216156
3420 0.000216156
3421 0.000216156
3422 0.000216156
3423 0.000216156
3424 0.000216156
3425 0.000185277
3426 0.000185277
3427 0.000185277
3428 0.000185277
3429 0.000185277
3430 0.000185277
3431 0.000185277
3432 0.000185277
3433 0.000185277
3434 0.000185277
3435 0.000185277
3436 0.000185277
3437 0.000185277
3438 0.000185277
3439 0.000185277
3440 0.000185277
3441 0.000185277
3442 0.000185277
3443 0.000185277
3444 0.000185277
3445 0.000185277
3446 0.000185277
3447 0.000185277
3448 0.000185277
3449 0.000185277
3450 0.000185277
3451 0.000185277
3452 0.000185277
3453 0.000185277
3454 0.000185277
3455 0.000185277
3456 0.000185277
3457 0.000185277
3458 0.000185277
3459 0.000185277
3460 0.000185277
3461 0.000185277
3462 0.000185277
3463 0.000185277
3464 0.000185277
3465 0.000185277
3466 0.000185277
3467 0.000185277
3468 0.000185277
3469 0.000185277
3470 0.000185277
3471 0.000185277
3472 0.000185277
3473 0.000185277
3474 0.000185277
3475 0.000185277
3476 0.000185277
3477 0.000185277
3478 0.000185277
3479 0.000185277
3480 0.000185277
3481 0.000185277
3482 0.000185277
3483 0.000185277
3484 0.000185277
3485 0.000185277
3486 0.000185277
3487 0.000185277
3488 0.000185277
3489 0.000185277
3490 0.000185277
3491 0.000185277
3492 0.000185277
3493 0.000185277
3494 0.000185277
3495 0.000185277
3496 0.000185277
3497 0.000185277
3498 0.000185277
3499 0.000185277
3500 0.000185277
3501 0.000185277
3502 0.000185277
3503 0.000185277
3504 0.000185277
3505 0.000185277
3506 0.000185277
3507 0.000185277
3508 0.000185277
3509 0.000185277
3510 0.000185277
3511 0.000185277
3512 0.000185277
3513 0.000185277
3514 0.000185277
3515 0.000185277
3516 0.000185277
3517 0.000185277
3518 0.000185277
3519 0.000185277
3520 0.000185277
3521 0.000185277
3522 0.000185277
3523 0.000185277
3524 0.000185277
3525 0.000185277
3526 0.000185277
3527 0.000185277
3528 0.000185277
3529 0.000154397
3530 0.000154397
3531 0.000154397
3532 0.000154397
3533 0.000154397
3534 0.000154397
3535 0.000154397
3536 0.000154397
3537 0.000154397
3538 0.000154397
3539 0.000154397
3540 0.000154397
3541 0.000154397
3542 0.000154397
3543 0.000154397
3544 0.000154397
3545 0.000154397
3546 0.000154397
3547 0.000154397
3548 0.000154397
3549 0.000154397
3550 0.000154397
3551 0.000154397
3552 0.000154397
3553 0.000154397
3554 0.000154397
3555 0.000154397
3556 0.000154397
3557 0.000154397
3558 0.000154397
3559 0.000154397
3560 0.000154397
3561 0.000154397
3562 0.000154397
3563 0.000154397
3564 0.000154397
3565 0.000154397
3566 0.000154397
3567 0.000154397
3568 0.000154397
3569 0.000154397
3570 0.000154397
3571 0.000154397
3572 0.000154397
3573 0.000154397
3574 0.000154397
3575 0.000154397
3576 0.000154397
3577 0.000154397
3578 0.000154397
3579 0.000154397
3580 0.000154397
3581 0.000154397
3582 0.000154397
3583 0.000154397
3584 0.000154397
3585 0.000154397
3586 0.000154397
3587 0.000154397
3588 0.000154397
3589 0.000154397
3590 0.000154397
3591 0.000154397
3592 0.000154397
3593 0.000154397
3594 0.000154397
3595 0.000154397
3596 0.000154397
3597 0.000154397
3598 0.000154397
3599 0.000154397
3600 0.000154397
3601 0.000154397
3602 0.000154397
3603 0.000154397
3604 0.000154397
3605 0.000154397
3606 0.000154397
3607 0.000154397
3608 0.000154397
3609 0.000154397
3610 0.000154397
3611 0.000154397
3612 0.000154397
3613 0.000154397
3614 0.000154397
3615 0.000154397
3616 0.000154397
3617 0.000154397
3618 0.000154397
3619 0.000154397
3620 0.000154397
3621 0.000154397
3622 0.000154397
3623 0.000154397
3624 0.000154397
3625 0.000154397
3626 0.000154397
3627 0.000154397
3628 0.000154397
3629 0.000154397
3630 0.000154397
3631 0.000154397
3632 0.000154397
3633 0.000154397
3634 0.000154397
3635 0.000154397
3636 0.000154397
3637 0.000154397
3638 0.000154397
3639 0.000154397
3640 0.000154397
3641 0.000154397
3642 0.000154397
3643 0.000154397
3644 0.000154397
3645 0.000154397
3646 0.000154397
3647 0.000154397
3648 0.000154397
3649 0.000154397
3650 0.000154397
3651 0.000154397
3652 0.000154397
3653 0.000154397
3654 0.000154397
3655 0.000154397
3656 0.000154397
3657 0.000154397
3658 0.000154397
3659 0.000154397
3660 0.000154397
3661 0.000154397
3662 0.000154397
3663 0.000154397
3664 0.000154397
3665 0.000154397
3666 0.000154397
3667 0.000154397
3668 0.000154397
3669 0.000154397
3670 0.000154397
3671 0.000154397
3672 0.000154397
3673 0.000154397
3674 0.000154397
3675 0.000154397
3676 0.000154397
3677 0.000154397
3678 0.000154397
3679 0.000154397
3680 0.000154397
3681 0.000154397
3682 0.000154397
3683 0.000154397
3684 0.000154397
3685 0.000154397
3686 0.000154397
3687 0.000154397
3688 0.000154397
3689 0.000154397
3690 0.000154397
3691 0.000154397
3692 0.000154397
3693 0.000154397
3694 0.000154397
3695 0.000154397
3696 0.000154397
3697 9.26383e-05
3698 9.26383e-05
3699 9.26383e-05
3700 9.26383e-05
3701 9.26383e-05
3702 9.26383e-05
3703 9.26383e-05
3704 9.26383e-05
3705 9.26383e-05
3706 9.26383e-05
3707 9.26383e-05
3708 9.26383e-05
3709 9.26383e-05
3710 9.26383e-05
3711 9.26383e-05
3712 9.26383e-05
3713 6.17589e-05
3714 6.17589e-05
3715 6.17589e-05
3716 6.17589e-05
3717 6.17589e-05
3718 6.17589e-05
3719 6.17589e-05
3720 6.17589e-05
3721 6.17589e-05
3722 6.17589e-05
3723 6.17589e-05
3724 6.17589e-05
3725 6.17589e-05
3726 6.17589e-05
3727 6.17589e-05
3728 6.17589e-05
3729 6.17589e-05
3730 6.17589e-05
3731 6.17589e-05
3732 6.17589e-05
3733 6.17589e-05
3734 6.17589e-05
3735 6.17589e-05
3736 6.17589e-05
3737 6.17589e-05
3738 6.17589e-05
3739 6.17589e-05
3740 6.17589e-05
3741 6.17589e-05
3742 6.17589e-05
3743 6.17589e-05
3744 6.17589e-05
3745 6.17589e-05
3746 6.17589e-05
3747 6.17589e-05
3748 6.17589e-05
3749 6.17589e-05
3750 6.17589e-05
3751 6.17589e-05
3752 6.17589e-05
3753 6.17589e-05
3754 6.17589e-05
3755 6.17589e-05
3756 6.17589e-05
3757 6.17589e-05
3758 6.17589e-05
3759 6.17589e-05
3760 6.17589e-05
3761 6.17589e-05
3762 6.17589e-05
3763 6.17589e-05
3764 6.17589e-05
3765 6.17589e-05
3766 6.17589e-05
3767 6.17589e-05
3768 6.17589e-05
3769 6.17589e-05
3770 6.17589e-05
3771 6.17589e-05
3772 6.17589e-05
3773 6.17589e-05
3774 6.17589e-05
3775 6.17589e-05
3776 6.17589e-05
3777 6.17589e-05
3778 6.17589e-05
3779 6.17589e-05
3780 6.17589e-05
3781 6.17589e-05
3782 6.17589e-05
3783 6.17589e-05
3784 6.17589e-05
3785 6.17589e-05
3786 6.17589e-05
3787 6.17589e-05
3788 6.17589e-05
3789 6.17589e-05
3790 6.17589e-05
3791 6.17589e-05
3792 6.17589e-05
3793 6.17589e-05
3794 6.17589e-05
3795 6.17589e-05
3796 6.17589e-05
3797 6.17589e-05
3798 6.17589e-05
3799 6.17589e-05
3800 6.17589e-05
3801 6.17589e-05
3802 6.17589e-05
3803 6.17589e-05
3804 6.17589e-05
3805 6.17589e-05
3806 6.17589e-05
3807 6.17589e-05
3808 6.17589e-05
3809 6.17589e-05
3810 6.17589e-05
3811 6.17589e-05
3812 6.17589e-05
3813 6.17589e-05
3814 6.17589e-05
3815 6.17589e-05
3816 6.17589e-05
3817 6.17589e-05
3818 6.17589e-05
3819 6.17589e-05
3820 6.17589e-05
3821 6.17589e-05
3822 6.17589e-05
3823 6.17589e-05
3824 6.17589e-05
3825 6.17589e-05
3826 6.17589e-05
3827 6.17589e-05
3828 6.17589e-05
3829 6.17589e-05
3830 6.17589e-05
3831 6.17589e-05
3832 6.17589e-05
3833 6.17589e-05
3834 6.17589e-05
3835 6.17589e-05
3836 6.17589e-05
3837 6.17589e-05
3838 6.17589e-05
3839 6.17589e-05
3840 6.17589e-05
3841 6.17589e-05
3842 6.17589e-05
3843 6.17589e-05
3844 6.17589e-05
3845 6.17589e-05
3846 6.17589e-05
3847 6.17589e-05
3848 6.17589e-05
3849 6.17589e-05
3850 6.17589e-05
3851 6.17589e-05
3852 6.17589e-05
3853 6.17589e-05
3854 6.17589e-05
3855 6.17589e-05
3856 6.17589e-05
3857 6.17589e-05
3858 6.17589e-05
3859 6.17589e-05
3860 6.17589e-05
3861 6.17589e-05
3862 6.17589e-05
3863 6.17589e-05
3864 6.17589e-05
3865 6.17589e-05
3866 6.17589e-05
3867 6.17589e-05
3868 6.17589e-05
3869 6.17589e-05
3870 6.17589e-05
3871 6.17589e-05
3872 6.17589e-05
3873 6.17589e-05
3874 6.17589e-05
3875 6.17589e-05
3876 6.17589e-05
3877 6.17589e-05
3878 6.17589e-05
3879 6.17589e-05
3880 6.17589e-05
3881 6.17589e-05
3882 6.17589e-05
3883 6.17589e-05
3884 6.17589e-05
3885 6.17589e-05
3886 6.17589e-05
3887 6.17589e-05
3888 6.17589e-05
3889 6.17589e-05
3890 6.17589e-05
3891 6.17589e-05
3892 6.17589e-05
3893 6.17589e-05
3894 6.17589e-05
3895 6.17589e-05
3896 6.17589e-05
3897 6.17589e-05
3898 6.17589e-05
3899 6.17589e-05
3900 6.17589e-05
3901 6.17589e-05
3902 6.17589e-05
3903 6.17589e-05
3904 6.17589e-05
3905 6.17589e-05
3906 6.17589e-05
3907 6.17589e-05
3908 6.17589e-05
3909 6.17589e-05
3910 6.17589e-05
3911 6.17589e-05
3912 6.17589e-05
3913 6.17589e-05
3914 6.17589e-05
3915 6.17589e-05
3916 6.17589e-05
3917 6.17589e-05
3918 6.17589e-05
3919 6.17589e-05
3920 6.17589e-05
3921 6.17589e-05
3922 6.17589e-05
3923 6.17589e-05
3924 6.17589e-05
3925 6.17589e-05
3926 6.17589e-05
3927 6.17589e-05
3928 6.17589e-05
3929 6.17589e-05
3930 6.17589e-05
3931 6.17589e-05
3932 6.17589e-05
3933 6.17589e-05
3934 6.17589e-05
3935 6.17589e-05
3936 6.17589e-05
3937 6.17589e-05
3938 6.17589e-05
3939 6.17589e-05
3940 6.17589e-05
3941 6.17589e-05
3942 6.17589e-05
3943 6.17589e-05
3944 6.17589e-05
3945 6.17589e-05
3946 6.17589e-05
3947 6.17589e-05
3948 6.17589e-05
3949 6.17589e-05
3950 6.17589e-05
3951 6.17589e-05
3952 6.17589e-05
3953 6.17589e-05
3954 6.17589e-05
3955 6.17589e-05
3956 6.17589e-05
3957 6.17589e-05
3958 6.17589e-05
3959 6.17589e-05
3960 6.17589e-05
3961 6.17589e-05
3962 6.17589e-05
3963 6.17589e-05
3964 6.17589e-05
3965 6.17589e-05
3966 6.17589e-05
3967 6.17589e-05
3968 6.17589e-05
3969 6.17589e-05
3970 6.17589e-05
3971 6.17589e-05
3972 6.17589e-05
3973 6.17589e-05
3974 6.17589e-05
3975 6.17589e-05
3976 6.17589e-05
3977 6.17589e-05
3978 6.17589e-05
3979 6.17589e-05
3980 6.17589e-05
3981 6.17589e-05
3982 6.17589e-05
3983 6.17589e-05
3984 6.17589e-05
3985 6.17589e-05
3986 6.17589e-05
3987 6.17589e-05
3988 6.17589e-05
3989 6.17589e-05
3990 6.17589e-05
3991 6.17589e-05
3992 6.17589e-05
3993 6.17589e-05
3994 6.17589e-05
3995 6.17589e-05
3996 6.17589e-05
3997 6.17589e-05
3998 6.17589e-05
3999 6.17589e-05
4000 6.17589e-05
4001 6.17589e-05
4002 6.17589e-05
4003 6.17589e-05
4004 6.17589e-05
4005 6.17589e-05
4006 6.17589e-05
4007 6.17589e-05
4008 6.17589e-05
4009 6.17589e-05
4010 6.17589e-05
4011 6.17589e-05
4012 6.17589e-05
4013 6.17589e-05
4014 6.17589e-05
4015 6.17589e-05
4016 6.17589e-05
4017 6.17589e-05
4018 6.17589e-05
4019 6.17589e-05
4020 6.17589e-05
4021 6.17589e-05
4022 6.17589e-05
4023 6.17589e-05
4024 6.17589e-05
4025 6.17589e-05
4026 6.17589e-05
4027 6.17589e-05
4028 6.17589e-05
4029 6.17589e-05
4030 6.17589e-05
4031 6.17589e-05
4032 6.17589e-05
4033 6.17589e-05
4034 6.17589e-05
4035 6.17589e-05
4036 6.17589e-05
4037 6.17589e-05
4038 6.17589e-05
4039 6.17589e-05
4040 6.17589e-05
4041 6.17589e-05
4042 6.17589e-05
4043 6.17589e-05
4044 6.17589e-05
4045 6.17589e-05
4046 6.17589e-05
4047 6.17589e-05
4048 6.17589e-05
4049 6.17589e-05
4050 6.17589e-05
4051 6.17589e-05
4052 6.17589e-05
4053 6.17589e-05
4054 6.17589e-05
4055 6.17589e-05
4056 6.17589e-05
4057 6.17589e-05
4058 6.17589e-05
4059 6.17589e-05
4060 6.17589e-05
4061 6.17589e-05
4062 6.17589e-05
4063 6.17589e-05
4064 6.17589e-05
4065 6.17589e-05
4066 6.17589e-05
4067 6.17589e-05
4068 6.17589e-05
4069 6.17589e-05
4070 6.17589e-05
4071 6.17589e-05
4072 6.17589e-05
4073 6.17589e-05
4074 6.17589e-05
4075 6.17589e-05
4076 6.17589e-05
4077 6.17589e-05
4078 6.17589e-05
4079 6.17589e-05
4080 6.17589e-05
4081 6.17589e-05
4082 6.17589e-05
4083 6.17589e-05
4084 6.17589e-05
4085 6.17589e-05
4086 6.17589e-05
4087 6.17589e-05
4088 6.17589e-05
4089 6.17589e-05
4090 6.17589e-05
4091 6.17589e-05
4092 6.17589e-05
4093 6.17589e-05
4094 6.17589e-05
4095 6.17589e-05
4096 6.17589e-05
4097 6.17589e-05
4098 6.17589e-05
4099 6.17589e-05
4100 6.17589e-05
4101 6.17589e-05
4102 6.17589e-05
4103 6.17589e-05
4104 6.17589e-05
4105 6.17589e-05
4106 6.17589e-05
4107 6.17589e-05
4108 6.17589e-05
4109 6.17589e-05
4110 6.17589e-05
4111 6.17589e-05
4112 6.17589e-05
4113 6.17589e-05
4114 6.17589e-05
4115 6.17589e-05
4116 6.17589e-05
4117 6.17589e-05
4118 6.17589e-05
4119 6.17589e-05
4120 6.17589e-05
4121 6.17589e-05
4122 6.17589e-05
4123 6.17589e-05
4124 6.17589e-05
4125 6.17589e-05
4126 6.17589e-05
4127 6.17589e-05
4128 6.17589e-05
4129 6.17589e-05
4130 6.17589e-05
4131 6.17589e-05
4132 6.17589e-05
4133 6.17589e-05
4134 6.17589e-05
4135 6.17589e-05
4136 6.17589e-05
4137 6.17589e-05
4138 6.17589e-05
4139 6.17589e-05
4140 6.17589e-05
4141 6.17589e-05
4142 6.17589e-05
4143 6.17589e-05
4144 6.17589e-05
4145 6.17589e-05
4146 6.17589e-05
4147 6.17589e-05
4148 6.17589e-05
4149 6.17589e-05
4150 6.17589e-05
4151 6.17589e-05
4152 6.17589e-05
4153 6.17589e-05
4154 6.17589e-05
4155 6.17589e-05
4156 6.17589e-05
4157 6.17589e-05
4158 6.17589e-05
4159 6.17589e-05
4160 6.17589e-05
4161 6.17589e-05
4162 6.17589e-05
4163 6.17589e-05
4164 6.17589e-05
4165 6.17589e-05
4166 6.17589e-05
4167 6.17589e-05
4168 6.17589e-05
4169 6.17589e-05
4170 6.17589e-05
4171 6.17589e-05
4172 6.17589e-05
4173 6.17589e-05
4174 6.17589e-05
4175 6.17589e-05
4176 6.17589e-05
4177 6.17589e-05
4178 6.17589e-05
4179 6.17589e-05
4180 6.17589e-05
4181 6.17589e-05
4182 6.17589e-05
4183 6.17589e-05
4184 6.17589e-05
4185 6.17589e-05
4186 6.17589e-05
4187 6.17589e-05
4188 6.17589e-05
4189 6.17589e-05
4190 6.17589e-05
4191 6.17589e-05
4192 6.17589e-05
4193 6.17589e-05
4194 6.17589e-05
4195 6.17589e-05
4196 6.17589e-05
4197 6.17589e-05
4198 6.17589e-05
4199 6.17589e-05
4200 6.17589e-05
4201 6.17589e-05
4202 6.17589e-05
4203 6.17589e-05
4204 6.17589e-05
4205 6.17589e-05
4206 6.17589e-05
4207 6.17589e-05
4208 6.17589e-05
4209 6.17589e-05
4210 6.17589e-05
4211 6.17589e-05
4212 6.17589e-05
4213 6.17589e-05
4214 6.17589e-05
4215 6.17589e-05
4216 6.17589e-05
4217 6.17589e-05
4218 6.17589e-05
4219 6.17589e-05
4220 6.17589e-05
4221 6.17589e-05
4222 6.17589e-05
4223 6.17589e-05
4224 6.17589e-05
4225 6.17589e-05
4226 6.17589e-05
4227 6.17589e-05
4228 6.17589e-05
4229 6.17589e-05
4230 6.17589e-05
4231 6.17589e-05
4232 6.17589e-05
4233 6.17589e-05
4234 6.17589e-05
4235 6.17589e-05
4236 6.17589e-05
4237 6.17589e-05
4238 6.17589e-05
4239 6.17589e-05
4240 6.17589e-05
4241 6.17589e-05
4242 6.17589e-05
4243 6.17589e-05
4244 6.17589e-05
4245 6.17589e-05
4246 6.17589e-05
4247 6.17589e-05
4248 6.17589e-05
4249 6.17589e-05
4250 6.17589e-05
4251 6.17589e-05
4252 6.17589e-05
4253 6.17589e-05
4254 6.17589e-05
4255 6.17589e-05
4256 6.17589e-05
4257 6.17589e-05
4258 6.17589e-05
4259 6.17589e-05
4260 6.17589e-05
4261 6.17589e-05
4262 6.17589e-05
4263 6.17589e-05
4264 6.17589e-05
4265 6.17589e-05
4266 6.17589e-05
4267 6.17589e-05
4268 6.17589e-05
4269 6.17589e-05
4270 6.17589e-05
4271 6.17589e-05
4272 6.17589e-05
4273 6.17589e-05
4274 6.17589e-05
4275 6.17589e-05
4276 6.17589e-05
4277 6.17589e-05
4278 6.17589e-05
4279 6.17589e-05
4280 6.17589e-05
4281 6.17589e-05
4282 6.17589e-05
4283 6.17589e-05
4284 6.17589e-05
4285 6.17589e-05
4286 6.17589e-05
4287 6.17589e-05
4288 6.17589e-05
4289 6.17589e-05
4290 6.17589e-05
4291 6.17589e-05
4292 6.17589e-05
4293 6.17589e-05
4294 6.17589e-05
4295 6.17589e-05
4296 6.17589e-05
4297 6.17589e-05
4298 6.17589e-05
4299 6.17589e-05
4300 6.17589e-05
4301 6.17589e-05
4302 6.17589e-05
4303 6.17589e-05
4304 6.17589e-05
4305 6.17589e-05
4306 6.17589e-05
4307 6.17589e-05
4308 6.17589e-05
4309 6.17589e-05
4310 6.17589e-05
4311 6.17589e-05
4312 6.17589e-05
4313 6.17589e-05
4314 6.17589e-05
4315 6.17589e-05
4316 6.17589e-05
4317 6.17589e-05
4318 6.17589e-05
4319 6.17589e-05
4320 6.17589e-05
4321 6.17589e-05
4322 6.17589e-05
4323 6.17589e-05
4324 6.17589e-05
4325 6.17589e-05
4326 6.17589e-05
4327 6.17589e-05
4328 6.17589e-05
4329 6.17589e-05
4330 6.17589e-05
4331 6.17589e-05
4332 6.17589e-05
4333 6.17589e-05
4334 6.17589e-05
4335 6.17589e-05
4336 6.17589e-05
4337 6.17589e-05
4338 6.17589e-05
4339 6.17589e-05
4340 6.17589e-05
4341 6.17589e-05
4342 6.17589e-05
4343 6.17589e-05
4344 6.17589e-05
4345 6.17589e-05
4346 6.17589e-05
4347 6.17589e-05
4348 6.17589e-05
4349 6.17589e-05
4350 6.17589e-05
4351 6.17589e-05
4352 6.17589e-05
4353 6.17589e-05
4354 6.17589e-05
4355 6.17589e-05
4356 6.17589e-05
4357 6.17589e-05
4358 6.17589e-05
4359 6.17589e-05
4360 6.17589e-05
4361 6.17589e-05
4362 6.17589e-05
4363 6.17589e-05
4364 6.17589e-05
4365 6.17589e-05
4366 6.17589e-05
4367 6.17589e-05
4368 6.17589e-05
4369 6.17589e-05
4370 6.17589e-05
4371 6.17589e-05
4372 6.17589e-05
4373 6.17589e-05
4374 6.17589e-05
4375 6.17589e-05
4376 6.17589e-05
4377 6.17589e-05
4378 6.17589e-05
4379 6.17589e-05
4380 6.17589e-05
4381 6.17589e-05
4382 6.17589e-05
4383 6.17589e-05
4384 6.17589e-05
4385 6.17589e-05
4386 6.17589e-05
4387 6.17589e-05
4388 6.17589e-05
4389 6.17589e-05
4390 6.17589e-05
4391 6.17589e-05
4392 6.17589e-05
4393 6.17589e-05
4394 6.17589e-05
4395 6.17589e-05
4396 6.17589e-05
4397 6.17589e-05
4398 6.17589e-05
4399 6.17589e-05
4400 6.17589e-05
4401 6.17589e-05
4402 6.17589e-05
4403 6.17589e-05
4404 6.17589e-05
4405 6.17589e-05
4406 6.17589e-05
4407 6.17589e-05
4408 6.17589e-05
4409 6.17589e-05
4410 6.17589e-05
4411 6.17589e-05
4412 6.17589e-05
4413 6.17589e-05
4414 6.17589e-05
4415 6.17589e-05
4416 6.17589e-05
4417 6.17589e-05
4418 6.17589e-05
4419 6.17589e-05
4420 6.17589e-05
4421 6.17589e-05
4422 6.17589e-05
4423 6.17589e-05
4424 6.17589e-05
4425 6.17589e-05
4426 6.17589e-05
4427 6.17589e-05
4428 6.17589e-05
4429 6.17589e-05
4430 6.17589e-05
4431 6.17589e-05
4432 6.17589e-05
4433 6.17589e-05
4434 6.17589e-05
4435 6.17589e-05
4436 6.17589e-05
4437 6.17589e-05
4438 6.17589e-05
4439 6.17589e-05
4440 6.17589e-05
4441 6.17589e-05
4442 6.17589e-05
4443 6.17589e-05
4444 6.17589e-05
4445 6.17589e-05
4446 6.17589e-05
4447 6.17589e-05
4448 6.17589e-05
4449 6.17589e-05
4450 6.17589e-05
4451 6.17589e-05
4452 6.17589e-05
4453 6.17589e-05
4454 6.17589e-05
4455 6.17589e-05
4456 6.17589e-05
4457 6.17589e-05
4458 6.17589e-05
4459 6.17589e-05
4460 6.17589e-05
4461 6.17589e-05
4462 6.17589e-05
4463 6.17589e-05
4464 6.17589e-05
4465 6.17589e-05
4466 6.17589e-05
4467 6.17589e-05
4468 6.17589e-05
4469 6.17589e-05
4470 6.17589e-05
4471 6.17589e-05
4472 6.17589e-05
4473 6.17589e-05
4474 6.17589e-05
4475 6.17589e-05
4476 6.17589e-05
4477 6.17589e-05
4478 6.17589e-05
4479 6.17589e-05
4480 6.17589e-05
4481 6.17589e-05
4482 6.17589e-05
4483 6.17589e-05
4484 6.17589e-05
4485 6.17589e-05
4486 6.17589e-05
4487 6.17589e-05
4488 6.17589e-05
4489 6.17589e-05
4490 6.17589e-05
4491 6.17589e-05
4492 6.17589e-05
4493 6.17589e-05
4494 6.17589e-05
4495 6.17589e-05
4496 6.17589e-05
4497 6.17589e-05
4498 6.17589e-05
4499 6.17589e-05
4500 6.17589e-05
4501 6.17589e-05
4502 6.17589e-05
4503 6.17589e-05
4504 6.17589e-05
4505 6.17589e-05
4506 6.17589e-05
4507 6.17589e-05
4508 6.17589e-05
4509 6.17589e-05
4510 6.17589e-05
4511 6.17589e-05
4512 6.17589e-05
4513 6.17589e-05
4514 6.17589e-05
4515 6.17589e-05
4516 6.17589e-05
4517 6.17589e-05
4518 6.17589e-05
4519 6.17589e-05
4520 6.17589e-05
4521 6.17589e-05
4522 6.17589e-05
4523 6.17589e-05
4524 6.17589e-05
4525 6.17589e-05
4526 6.17589e-05
4527 6.17589e-05
4528 6.17589e-05
4529 6.17589e-05
4530 6.17589e-05
4531 6.17589e-05
4532 6.17589e-05
4533 6.17589e-05
4534 6.17589e-05
4535 6.17589e-05
4536 6.17589e-05
4537 6.17589e-05
4538 6.17589e-05
4539 6.17589e-05
4540 6.17589e-05
4541 6.17589e-05
4542 6.17589e-05
4543 6.17589e-05
4544 6.17589e-05
4545 6.17589e-05
4546 6.17589e-05
4547 6.17589e-05
4548 6.17589e-05
4549 6.17589e-05
4550 6.17589e-05
4551 6.17589e-05
4552 6.17589e-05
4553 6.17589e-05
4554 6.17589e-05
4555 6.17589e-05
4556 6.17589e-05
4557 6.17589e-05
4558 6.17589e-05
4559 6.17589e-05
4560 6.17589e-05
4561 6.17589e-05
4562 6.17589e-05
4563 6.17589e-05
4564 6.17589e-05
4565 6.17589e-05
4566 6.17589e-05
4567 6.17589e-05
4568 6.17589e-05
4569 6.17589e-05
4570 6.17589e-05
4571 6.17589e-05
4572 6.17589e-05
4573 6.17589e-05
4574 6.17589e-05
4575 6.17589e-05
4576 6.17589e-05
4577 6.17589e-05
4578 6.17589e-05
4579 6.17589e-05
4580 6.17589e-05
4581 6.17589e-05
4582 6.17589e-05
4583 6.17589e-05
4584 6.17589e-05
4585 6.17589e-05
4586 6.17589e-05
4587 6.17589e-05
4588 6.17589e-05
4589 6.17589e-05
4590 6.17589e-05
4591 6.17589e-05
4592 6.17589e-05
4593 6.17589e-05
4594 6.17589e-05
4595 6.17589e-05
4596 6.17589e-05
4597 6.17589e-05
4598 6.17589e-05
4599 6.17589e-05
4600 6.17589e-05
4601 6.17589e-05
4602 6.17589e-05
4603 6.17589e-05
4604 6.17589e-05
4605 6.17589e-05
4606 6.17589e-05
4607 6.17589e-05
4608 6.17589e-05
4609 6.17589e-05
4610 6.17589e-05
4611 6.17589e-05
4612 6.17589e-05
4613 6.17589e-05
4614 6.17589e-05
4615 6.17589e-05
4616 6.17589e-05
4617 6.17589e-05
4618 6.17589e-05
4619 6.17589e-05
4620 6.17589e-05
4621 6.17589e-05
4622 6.17589e-05
4623 6.17589e-05
4624 6.17589e-05
4625 6.17589e-05
4626 6.17589e-05
4627 6.17589e-05
4628 6.17589e-05
4629 6.17589e-05
4630 6.17589e-05
4631 6.17589e-05
4632 6.17589e-05
4633 6.17589e-05
4634 6.17589e-05
4635 6.17589e-05
4636 6.17589e-05
4637 6.17589e-05
4638 6.17589e-05
4639 6.17589e-05
4640 6.17589e-05
4641 6.17589e-05
4642 6.17589e-05
4643 6.17589e-05
4644 6.17589e-05
4645 6.17589e-05
4646 6.17589e-05
4647 6.17589e-05
4648 6.17589e-05
4649 6.17589e-05
4650 6.17589e-05
4651 6.17589e-05
4652 6.17589e-05
4653 6.17589e-05
4654 6.17589e-05
4655 6.17589e-05
4656 6.17589e-05
4657 6.17589e-05
4658 6.17589e-05
4659 6.17589e-05
4660 6.17589e-05
4661 6.17589e-05
4662 6.17589e-05
4663 6.17589e-05
4664 6.17589e-05
4665 6.17589e-05
4666 6.17589e-05
4667 6.17589e-05
4668 6.17589e-05
4669 6.17589e-05
4670 6.17589e-05
4671 6.17589e-05
4672 6.17589e-05
4673 6.17589e-05
4674 6.17589e-05
4675 6.17589e-05
4676 6.17589e-05
4677 6.17589e-05
4678 6.17589e-05
4679 6.17589e-05
4680 6.17589e-05
4681 6.17589e-05
4682 6.17589e-05
4683 6.17589e-05
4684 6.17589e-05
4685 6.17589e-05
4686 6.17589e-05
4687 6.17589e-05
4688 6.17589e-05
4689 6.17589e-05
4690 6.17589e-05
4691 6.17589e-05
4692 6.17589e-05
4693 6.17589e-05
4694 6.17589e-05
4695 6.17589e-05
4696 6.17589e-05
4697 6.17589e-05
4698 6.17589e-05
4699 6.17589e-05
4700 6.17589e-05
4701 6.17589e-05
4702 6.17589e-05
4703 6.17589e-05
4704 6.17589e-05
4705 6.17589e-05
4706 6.17589e-05
4707 6.17589e-05
4708 6.17589e-05
4709 6.17589e-05
4710 6.17589e-05
4711 6.17589e-05
4712 6.17589e-05
4713 6.17589e-05
4714 6.17589e-05
4715 6.17589e-05
4716 6.17589e-05
4717 6.17589e-05
4718 6.17589e-05
4719 6.17589e-05
4720 6.17589e-05
4721 6.17589e-05
4722 6.17589e-05
4723 6.17589e-05
4724 6.17589e-05
4725 6.17589e-05
4726 6.17589e-05
4727 6.17589e-05
4728 6.17589e-05
4729 6.17589e-05
4730 6.17589e-05
4731 6.17589e-05
4732 6.17589e-05
4733 6.17589e-05
4734 6.17589e-05
4735 6.17589e-05
4736 6.17589e-05
4737 6.17589e-05
4738 6.17589e-05
4739 6.17589e-05
4740 6.17589e-05
4741 6.17589e-05
4742 6.17589e-05
4743 6.17589e-05
4744 6.17589e-05
4745 6.17589e-05
4746 6.17589e-05
4747 6.17589e-05
4748 6.17589e-05
4749 6.17589e-05
4750 6.17589e-05
4751 6.17589e-05
4752 6.17589e-05
4753 6.17589e-05
4754 6.17589e-05
4755 6.17589e-05
4756 6.17589e-05
4757 6.17589e-05
4758 6.17589e-05
4759 6.17589e-05
4760 6.17589e-05
4761 6.17589e-05
4762 6.17589e-05
4763 6.17589e-05
4764 6.17589e-05
4765 6.17589e-05
4766 6.17589e-05
4767 6.17589e-05
4768 6.17589e-05
4769 6.17589e-05
4770 6.17589e-05
4771 6.17589e-05
4772 6.17589e-05
4773 6.17589e-05
4774 6.17589e-05
4775 6.17589e-05
4776 6.17589e-05
4777 6.17589e-05
4778 6.17589e-05
4779 6.17589e-05
4780 6.17589e-05
4781 6.17589e-05
4782 6.17589e-05
4783 6.17589e-05
4784 6.17589e-05
4785 6.17589e-05
4786 6.17589e-05
4787 6.17589e-05
4788 6.17589e-05
4789 6.17589e-05
4790 6.17589e-05
4791 6.17589e-05
4792 6.17589e-05
4793 3.08794e-05
4794 3.08794e-05
4795 3.08794e-05
4796 3.08794e-05
4797 3.08794e-05
4798 3.08794e-05
4799 3.08794e-05
4800 3.08794e-05
4801 3.08794e-05
4802 3.08794e-05
4803 3.08794e-05
4804 3.08794e-05
4805 3.08794e-05
4806 3.08794e-05
4807 3.08794e-05
4808 3.08794e-05
4809 3.08794e-05
4810 3.08794e-05
4811 3.08794e-05
4812 3.08794e-05
4813 3.08794e-05
4814 3.08794e-05
4815 3.08794e-05
4816 3.08794e-05
4817 3.08794e-05
4818 3.08794e-05
4819 3.08794e-05
4820 3.08794e-05
4821 3.08794e-05
4822 3.08794e-05
4823 3.08794e-05
4824 3.08794e-05
4825 3.08794e-05
4826 3.08794e-05
4827 3.08794e-05
4828 3.08794e-05
4829 3.08794e-05
4830 3.08794e-05
4831 3.08794e-05
4832 3.08794e-05
4833 3.08794e-05
4834 3.08794e-05
4835 3.08794e-05
4836 3.08794e-05
4837 3.08794e-05
4838 3.08794e-05
4839 3.08794e-05
4840 3.08794e-05
4841 3.08794e-05
4842 3.08794e-05
4843 3.08794e-05
4844 3.08794e-05
4845 3.08794e-05
4846 3.08794e-05
4847 3.08794e-05
4848 3.08794e-05
4849 3.08794e-05
4850 3.08794e-05
4851 3.08794e-05
4852 3.08794e-05
4853 3.08794e-05
4854 3.08794e-05
4855 3.08794e-05
4856 3.08794e-05
4857 3.08794e-05
4858 3.08794e-05
4859 3.08794e-05
4860 3.08794e-05
4861 3.08794e-05
4862 3.08794e-05
4863 3.08794e-05
4864 3.08794e-05
4865 3.08794e-05
4866 3.08794e-05
4867 3.08794e-05
4868 3.08794e-05
4869 3.08794e-05
4870 3.08794e-05
4871 3.08794e-05
4872 3.08794e-05
4873 3.08794e-05
4874 3.08794e-05
4875 3.08794e-05
4876 3.08794e-05
4877 3.08794e-05
4878 3.08794e-05
4879 3.08794e-05
4880 3.08794e-05
4881 3.08794e-05
4882 3.08794e-05
4883 3.08794e-05
4884 3.08794e-05
4885 3.08794e-05
4886 3.08794e-05
4887 3.08794e-05
4888 3.08794e-05
4889 3.08794e-05
4890 3.08794e-05
4891 3.08794e-05
4892 3.08794e-05
4893 3.08794e-05
4894 3.08794e-05
4895 3.08794e-05
4896 3.08794e-05
4897 3.08794e-05
4898 3.08794e-05
4899 3.08794e-05
4900 3.08794e-05
4901 3.08794e-05
4902 3.08794e-05
4903 3.08794e-05
4904 3.08794e-05
4905 3.08794e-05
4906 3.08794e-05
4907 3.08794e-05
4908 3.08794e-05
4909 3.08794e-05
4910 3.08794e-05
4911 3.08794e-05
4912 3.08794e-05
4913 3.08794e-05
4914 3.08794e-05
4915 3.08794e-05
4916 3.08794e-05
4917 3.08794e-05
4918 3.08794e-05
4919 3.08794e-05
4920 3.08794e-05
4921 3.08794e-05
4922 3.08794e-05
4923 3.08794e-05
4924 3.08794e-05
4925 3.08794e-05
4926 3.08794e-05
4927 3.08794e-05
4928 3.08794e-05
4929 3.08794e-05
4930 3.08794e-05
4931 3.08794e-05
4932 3.08794e-05
4933 3.08794e-05
4934 3.08794e-05
4935 3.08794e-05
4936 3.08794e-05
4937 3.08794e-05
4938 3.08794e-05
4939 3.08794e-05
4940 3.08794e-05
4941 3.08794e-05
4942 3.08794e-05
4943 3.08794e-05
4944 3.08794e-05
4945 3.08794e-05
4946 3.08794e-05
4947 3.08794e-05
4948 3.08794e-05
4949 3.08794e-05
4950 3.08794e-05
4951 3.08794e-05
4952 3.08794e-05
4953 3.08794e-05
4954 3.08794e-05
4955 3.08794e-05
4956 3.08794e-05
4957 3.08794e-05
4958 3.08794e-05
4959 3.08794e-05
4960 3.08794e-05
4961 3.08794e-05
4962 3.08794e-05
4963 3.08794e-05
4964 3.08794e-05
4965 3.08794e-05
4966 3.08794e-05
4967 3.08794e-05
4968 3.08794e-05
4969 3.08794e-05
4970 3.08794e-05
4971 3.08794e-05
4972 3.08794e-05
4973 3.08794e-05
4974 3.08794e-05
4975 3.08794e-05
4976 3.08794e-05
4977 3.08794e-05
4978 3.08794e-05
4979 3.08794e-05
4980 3.08794e-05
4981 3.08794e-05
4982 3.08794e-05
4983 3.08794e-05
4984 3.08794e-05
4985 3.08794e-05
4986 3.08794e-05
4987 3.08794e-05
4988 3.08794e-05
4989 3.08794e-05
4990 3.08794e-05
4991 3.08794e-05
4992 3.08794e-05
4993 3.08794e-05
4994 3.08794e-05
4995 3.08794e-05
4996 3.08794e-05
4997 3.08794e-05
4998 3.08794e-05
4999 3.08794e-05
5000 3.08794e-05
5001 3.08794e-05
5002 3.08794e-05
5003 3.08794e-05
5004 3.08794e-05
5005 3.08794e-05
5006 3.08794e-05
5007 3.08794e-05
5008 3.08794e-05
5009 3.08794e-05
5010 3.08794e-05
5011 3.08794e-05
5012 3.08794e-05
5013 3.08794e-05
5014 3.08794e-05
5015 3.08794e-05
5016 3.08794e-05
5017 3.08794e-05
5018 3.08794e-05
5019 3.08794e-05
5020 3.08794e-05
5021 3.08794e-05
5022 3.08794e-05
5023 3.08794e-05
5024 3.08794e-05
5025 3.08794e-05
5026 3.08794e-05
5027 3.08794e-05
5028 3.08794e-05
5029 3.08794e-05
5030 3.08794e-05
5031 3.08794e-05
5032 3.08794e-05
5033 3.08794e-05
5034 3.08794e-05
5035 3.08794e-05
5036 3.08794e-05
5037 3.08794e-05
5038 3.08794e-05
5039 3.08794e-05
5040 3.08794e-05
5041 3.08794e-05
5042 3.08794e-05
5043 3.08794e-05
5044 3.08794e-05
5045 3.08794e-05
5046 3.08794e-05
5047 3.08794e-05
5048 3.08794e-05
5049 3.08794e-05
5050 3.08794e-05
5051 3.08794e-05
5052 3.08794e-05
5053 3.08794e-05
5054 3.08794e-05
5055 3.08794e-05
5056 3.08794e-05
5057 3.08794e-05
5058 3.08794e-05
5059 3.08794e-05
5060 3.08794e-05
5061 3.08794e-05
5062 3.08794e-05
5063 3.08794e-05
5064 3.08794e-05
5065 3.08794e-05
5066 3.08794e-05
5067 3.08794e-05
5068 3.08794e-05
5069 3.08794e-05
5070 3.08794e-05
5071 3.08794e-05
5072 3.08794e-05
5073 3.08794e-05
5074 3.08794e-05
5075 3.08794e-05
5076 3.08794e-05
5077 3.08794e-05
5078 3.08794e-05
5079 3.08794e-05
5080 3.08794e-05
5081 3.08794e-05
5082 3.08794e-05
5083 3.08794e-05
5084 3.08794e-05
5085 3.08794e-05
5086 3.08794e-05
5087 3.08794e-05
5088 3.08794e-05
5089 3.08794e-05
5090 3.08794e-05
5091 3.08794e-05
5092 3.08794e-05
5093 3.08794e-05
5094 3.08794e-05
5095 3.08794e-05
5096 3.08794e-05
5097 3.08794e-05
5098 3.08794e-05
5099 3.08794e-05
5100 3.08794e-05
5101 3.08794e-05
5102 3.08794e-05
5103 3.08794e-05
5104 3.08794e-05
5105 3.08794e-05
5106 3.08794e-05
5107 3.08794e-05
5108 3.08794e-05
5109 3.08794e-05
5110 3.08794e-05
5111 3.08794e-05
5112 3.08794e-05
5113 3.08794e-05
5114 3.08794e-05
5115 3.08794e-05
5116 3.08794e-05
5117 3.08794e-05
5118 3.08794e-05
5119 3.08794e-05
5120 3.08794e-05
5121 3.08794e-05
5122 3.08794e-05
5123 3.08794e-05
5124 3.08794e-05
5125 3.08794e-05
5126 3.08794e-05
5127 3.08794e-05
5128 3.08794e-05
5129 3.08794e-05
5130 3.08794e-05
5131 3.08794e-05
5132 3.08794e-05
5133 3.08794e-05
5134 3.08794e-05
5135 3.08794e-05
5136 3.08794e-05
5137 3.08794e-05
5138 3.08794e-05
5139 3.08794e-05
5140 3.08794e-05
5141 3.08794e-05
5142 3.08794e-05
5143 3.08794e-05
5144 3.08794e-05
5145 3.08794e-05
5146 3.08794e-05
5147 3.08794e-05
5148 3.08794e-05
5149 3.08794e-05
5150 3.08794e-05
5151 3.08794e-05
5152 3.08794e-05
5153 3.08794e-05
5154 3.08794e-05
5155 3.08794e-05
5156 3.08794e-05
5157 3.08794e-05
5158 3.08794e-05
5159 3.08794e-05
5160 3.08794e-05
5161 3.08794e-05
5162 3.08794e-05
5163 3.08794e-05
5164 3.08794e-05
5165 3.08794e-05
5166 3.08794e-05
5167 3.08794e-05
5168 3.08794e-05
5169 3.08794e-05
5170 3.08794e-05
5171 3.08794e-05
5172 3.08794e-05
5173 3.08794e-05
5174 3.08794e-05
5175 3.08794e-05
5176 3.08794e-05
5177 3.08794e-05
5178 3.08794e-05
5179 3.08794e-05
5180 3.08794e-05
5181 3.08794e-05
5182 3.08794e-05
5183 3.08794e-05
5184 3.08794e-05
5185 3.08794e-05
5186 3.08794e-05
5187 3.08794e-05
5188 3.08794e-05
5189 3.08794e-05
5190 3.08794e-05
5191 3.08794e-05
5192 3.08794e-05
5193 3.08794e-05
5194 3.08794e-05
5195 3.08794e-05
5196 3.08794e-05
5197 3.08794e-05
5198 3.08794e-05
5199 3.08794e-05
5200 3.08794e-05
5201 3.08794e-05
5202 3.08794e-05
5203 3.08794e-05
5204 3.08794e-05
5205 3.08794e-05
5206 3.08794e-05
5207 3.08794e-05
5208 3.08794e-05
5209 3.08794e-05
5210 3.08794e-05
5211 3.08794e-05
5212 3.08794e-05
5213 3.08794e-05
5214 3.08794e-05
5215 3.08794e-05
5216 3.08794e-05
5217 3.08794e-05
5218 3.08794e-05
5219 3.08794e-05
5220 3.08794e-05
5221 3.08794e-05
5222 3.08794e-05
5223 3.08794e-05
5224 3.08794e-05
5225 3.08794e-05
5226 3.08794e-05
5227 3.08794e-05
5228 3.08794e-05
5229 3.08794e-05
5230 3.08794e-05
5231 3.08794e-05
5232 3.08794e-05
5233 3.08794e-05
5234 3.08794e-05
5235 3.08794e-05
5236 3.08794e-05
5237 3.08794e-05
5238 3.08794e-05
5239 3.08794e-05
5240 3.08794e-05
5241 3.08794e-05
5242 3.08794e-05
5243 3.08794e-05
5244 3.08794e-05
5245 3.08794e-05
5246 3.08794e-05
5247 3.08794e-05
5248 3.08794e-05
5249 3.08794e-05
5250 3.08794e-05
5251 3.08794e-05
5252 3.08794e-05
5253 3.08794e-05
5254 3.08794e-05
5255 3.08794e-05
5256 3.08794e-05
5257 3.08794e-05
5258 3.08794e-05
5259 3.08794e-05
5260 3.08794e-05
5261 3.08794e-05
5262 3.08794e-05
5263 3.08794e-05
5264 3.08794e-05
5265 3.08794e-05
5266 3.08794e-05
5267 3.08794e-05
5268 3.08794e-05
5269 3.08794e-05
5270 3.08794e-05
5271 3.08794e-05
5272 3.08794e-05
5273 3.08794e-05
5274 3.08794e-05
5275 3.08794e-05
5276 3.08794e-05
5277 3.08794e-05
5278 3.08794e-05
5279 3.08794e-05
5280 3.08794e-05
5281 3.08794e-05
5282 3.08794e-05
5283 3.08794e-05
5284 3.08794e-05
5285 3.08794e-05
5286 3.08794e-05
5287 3.08794e-05
5288 3.08794e-05
5289 3.08794e-05
5290 3.08794e-05
5291 3.08794e-05
5292 3.08794e-05
5293 3.08794e-05
5294 3.08794e-05
5295 3.08794e-05
5296 3.08794e-05
5297 3.08794e-05
5298 3.08794e-05
5299 3.08794e-05
5300 3.08794e-05
5301 3.08794e-05
5302 3.08794e-05
5303 3.08794e-05
5304 3.08794e-05
5305 3.08794e-05
5306 3.08794e-05
5307 3.08794e-05
5308 3.08794e-05
5309 3.08794e-05
5310 3.08794e-05
5311 3.08794e-05
5312 3.08794e-05
5313 3.08794e-05
5314 3.08794e-05
5315 3.08794e-05
5316 3.08794e-05
5317 3.08794e-05
5318 3.08794e-05
5319 3.08794e-05
5320 3.08794e-05
5321 3.08794e-05
5322 3.08794e-05
5323 3.08794e-05
5324 3.08794e-05
5325 3.08794e-05
5326 3.08794e-05
5327 3.08794e-05
5328 3.08794e-05
5329 3.08794e-05
5330 3.08794e-05
5331 3.08794e-05
5332 3.08794e-05
5333 3.08794e-05
5334 3.08794e-05
5335 3.08794e-05
5336 3.08794e-05
5337 3.08794e-05
5338 3.08794e-05
5339 3.08794e-05
5340 3.08794e-05
5341 3.08794e-05
5342 3.08794e-05
5343 3.08794e-05
5344 3.08794e-05
5345 3.08794e-05
5346 3.08794e-05
5347 3.08794e-05
5348 3.08794e-05
5349 3.08794e-05
5350 3.08794e-05
5351 3.08794e-05
5352 3.08794e-05
5353 3.08794e-05
5354 3.08794e-05
5355 3.08794e-05
5356 3.08794e-05
5357 3.08794e-05
5358 3.08794e-05
5359 3.08794e-05
5360 3.08794e-05
5361 3.08794e-05
5362 3.08794e-05
5363 3.08794e-05
5364 3.08794e-05
5365 3.08794e-05
5366 3.08794e-05
5367 3.08794e-05
5368 3.08794e-05
5369 3.08794e-05
5370 3.08794e-05
5371 3.08794e-05
5372 3.08794e-05
5373 3.08794e-05
5374 3.08794e-05
5375 3.08794e-05
5376 3.08794e-05
5377 3.08794e-05
5378 3.08794e-05
5379 3.08794e-05
5380 3.08794e-05
5381 3.08794e-05
5382 3.08794e-05
5383 3.08794e-05
5384 3.08794e-05
5385 3.08794e-05
5386 3.08794e-05
5387 3.08794e-05
5388 3.08794e-05
5389 3.08794e-05
5390 3.08794e-05
5391 3.08794e-05
5392 3.08794e-05
5393 3.08794e-05
5394 3.08794e-05
5395 3.08794e-05
5396 3.08794e-05
5397 3.08794e-05
5398 3.08794e-05
5399 3.08794e-05
5400 3.08794e-05
5401 3.08794e-05
5402 3.08794e-05
5403 3.08794e-05
5404 3.08794e-05
5405 3.08794e-05
5406 3.08794e-05
5407 3.08794e-05
5408 3.08794e-05
5409 3.08794e-05
5410 3.08794e-05
5411 3.08794e-05
5412 3.08794e-05
5413 3.08794e-05
5414 3.08794e-05
5415 3.08794e-05
5416 3.08794e-05
5417 3.08794e-05
5418 3.08794e-05
5419 3.08794e-05
5420 3.08794e-05
5421 3.08794e-05
5422 3.08794e-05
5423 3.08794e-05
5424 3.08794e-05
5425 3.08794e-05
5426 3.08794e-05
5427 3.08794e-05
5428 3.08794e-05
5429 3.08794e-05
5430 3.08794e-05
5431 3.08794e-05
5432 3.08794e-05
5433 3.08794e-05
5434 3.08794e-05
5435 3.08794e-05
5436 3.08794e-05
5437 3.08794e-05
5438 3.08794e-05
5439 3.08794e-05
5440 3.08794e-05
5441 3.08794e-05
5442 3.08794e-05
5443 3.08794e-05
5444 3.08794e-05
5445 3.08794e-05
5446 3.08794e-05
5447 3.08794e-05
5448 3.08794e-05
5449 3.08794e-05
5450 3.08794e-05
5451 3.08794e-05
5452 3.08794e-05
5453 3.08794e-05
5454 3.08794e-05
5455 3.08794e-05
5456 3.08794e-05
5457 3.08794e-05
5458 3.08794e-05
5459 3.08794e-05
5460 3.08794e-05
5461 3.08794e-05
5462 3.08794e-05
5463 3.08794e-05
5464 3.08794e-05
5465 3.08794e-05
5466 3.08794e-05
5467 3.08794e-05
5468 3.08794e-05
5469 3.08794e-05
5470 3.08794e-05
5471 3.08794e-05
5472 3.08794e-05
5473 3.08794e-05
5474 3.08794e-05
5475 3.08794e-05
5476 3.08794e-05
5477 3.08794e-05
5478 3.08794e-05
5479 3.08794e-05
5480 3.08794e-05
5481 3.08794e-05
5482 3.08794e-05
5483 3.08794e-05
5484 3.08794e-05
5485 3.08794e-05
5486 3.08794e-05
5487 3.08794e-05
5488 3.08794e-05
5489 3.08794e-05
5490 3.08794e-05
5491 3.08794e-05
5492 3.08794e-05
5493 3.08794e-05
5494 3.08794e-05
5495 3.08794e-05
5496 3.08794e-05
5497 3.08794e-05
5498 3.08794e-05
5499 3.08794e-05
5500 3.08794e-05
5501 3.08794e-05
5502 3.08794e-05
5503 3.08794e-05
5504 3.08794e-05
5505 3.08794e-05
5506 3.08794e-05
5507 3.08794e-05
5508 3.08794e-05
5509 3.08794e-05
5510 3.08794e-05
5511 3.08794e-05
5512 3.08794e-05
5513 3.08794e-05
5514 3.08794e-05
5515 3.08794e-05
5516 3.08794e-05
5517 3.08794e-05
5518 3.08794e-05
5519 3.08794e-05
5520 3.08794e-05
5521 3.08794e-05
5522 3.08794e-05
5523 3.08794e-05
5524 3.08794e-05
5525 3.08794e-05
5526 3.08794e-05
5527 3.08794e-05
5528 3.08794e-05
5529 3.08794e-05
5530 3.08794e-05
5531 3.08794e-05
5532 3.08794e-05
5533 3.08794e-05
5534 3.08794e-05
5535 3.08794e-05
5536 3.08794e-05
