0 1
1 1
2 1
3 1
4 1
5 1
6 1
7 1
8 1
9 1
10 1
11 1
12 1
13 1
14 1
15 1
16 1
17 0.974058
18 0.974058
19 0.974058
20 0.974058
21 0.974058
22 0.974058
23 0.974058
24 0.974058
25 0.952559
26 0.952559
27 0.952559
28 0.952559
29 0.952559
30 0.952559
31 0.952526
32 0.952526
33 0.932518
34 0.932518
35 0.932518
36 0.932518
37 0.932518
38 0.932518
39 0.932486
40 0.932486
41 0.916305
42 0.916305
43 0.916305
44 0.916305
45 0.916305
46 0.916305
47 0.916207
48 0.916207
49 0.902847
50 0.902847
51 0.902847
52 0.902847
53 0.902847
54 0.902847
55 0.902717
56 0.902717
57 0.891108
58 0.891108
59 0.891108
60 0.891108
61 0.891108
62 0.891108
63 0.891108
64 0.891108
65 0.879045
66 0.879045
67 0.879045
68 0.879045
69 0.879045
70 0.879045
71 0.87898
72 0.87898
73 0.86922
74 0.86922
75 0.86922
76 0.86922
77 0.86922
78 0.86922
79 0.869187
80 0.869187
81 0.858454
82 0.858454
83 0.858454
84 0.858454
85 0.858454
86 0.858454
87 0.858421
88 0.858421
89 0.848628
90 0.848628
91 0.848628
92 0.848628
93 0.848628
94 0.848628
95 0.848466
96 0.848466
97 0.839743
98 0.839743
99 0.839743
100 0.839743
101 0.839743
102 0.839743
103 0.839743
104 0.839743
105 0.829399
106 0.829399
107 0.829399
108 0.829399
109 0.829399
110 0.829399
111 0.829334
112 0.829334
113 0.819606
114 0.819606
115 0.819606
116 0.819606
117 0.819606
118 0.819606
119 0.819541
120 0.819541
121 0.809164
122 0.809164
123 0.809164
124 0.809164
125 0.809164
126 0.809164
127 0.809132
128 0.809132
129 0.798301
130 0.798301
131 0.798301
132 0.798301
133 0.798301
134 0.798301
135 0.798106
136 0.798106
137 0.788183
138 0.788183
139 0.788183
140 0.788183
141 0.788183
142 0.788183
143 0.788119
144 0.788119
145 0.777936
146 0.777936
147 0.777936
148 0.777936
149 0.777936
150 0.777936
151 0.777839
152 0.777839
153 0.768305
154 0.768305
155 0.768305
156 0.768305
157 0.768305
158 0.768305
159 0.768176
160 0.768176
161 0.757766
162 0.757766
163 0.757766
164 0.757766
165 0.757766
166 0.757766
167 0.757702
168 0.757702
169 0.747779
170 0.747779
171 0.747779
172 0.747779
173 0.747779
174 0.747779
175 0.747681
176 0.747681
177 0.737953
178 0.737953
179 0.737953
180 0.737953
181 0.737953
182 0.737953
183 0.737856
184 0.737856
185 0.729652
186 0.729652
187 0.729652
188 0.729652
189 0.729652
190 0.729652
191 0.729554
192 0.729554
193 0.720183
194 0.720183
195 0.720183
196 0.720183
197 0.720183
198 0.720183
199 0.720118
200 0.720118
201 0.710325
202 0.710325
203 0.710325
204 0.710325
205 0.710325
206 0.710325
207 0.71026
208 0.71026
209 0.699883
210 0.699883
211 0.699883
212 0.699883
213 0.699883
214 0.699883
215 0.699786
216 0.699786
217 0.690252
218 0.690252
219 0.690252
220 0.690252
221 0.690252
222 0.690252
223 0.690123
224 0.690123
225 0.681529
226 0.681529
227 0.681529
228 0.681529
229 0.681529
230 0.681529
231 0.681529
232 0.681529
233 0.673033
234 0.673033
235 0.673033
236 0.673033
237 0.673033
238 0.673033
239 0.673001
240 0.673001
241 0.663856
242 0.663856
243 0.663856
244 0.663856
245 0.663856
246 0.663856
247 0.663856
248 0.663856
249 0.654712
250 0.654712
251 0.654712
252 0.654712
253 0.654712
254 0.654712
255 0.654679
256 0.654679
257 0.646508
258 0.646508
259 0.646508
260 0.646508
261 0.646508
262 0.646508
263 0.646378
264 0.646378
265 0.63853
266 0.63853
267 0.63853
268 0.63853
269 0.63853
270 0.63853
271 0.638433
272 0.638433
273 0.630294
274 0.630294
275 0.630294
276 0.630294
277 0.630294
278 0.630294
279 0.630261
280 0.630261
281 0.622057
282 0.622057
283 0.622057
284 0.622057
285 0.622057
286 0.622057
287 0.621992
288 0.621992
289 0.613626
290 0.613626
291 0.613626
292 0.613626
293 0.613626
294 0.613626
295 0.613561
296 0.613561
297 0.604871
298 0.604871
299 0.604871
300 0.604871
301 0.604871
302 0.604871
303 0.604773
304 0.604773
305 0.597023
306 0.597023
307 0.597023
308 0.597023
309 0.597023
310 0.597023
311 0.596893
312 0.596893
313 0.589662
314 0.589662
315 0.589662
316 0.589662
317 0.589662
318 0.589662
319 0.589597
320 0.589597
321 0.581717
322 0.581717
323 0.581717
324 0.581717
325 0.581717
326 0.581717
327 0.581685
328 0.581685
329 0.574356
330 0.574356
331 0.574356
332 0.574356
333 0.574356
334 0.574356
335 0.574291
336 0.574291
337 0.565958
338 0.565958
339 0.565958
340 0.565958
341 0.565958
342 0.565958
343 0.565828
344 0.565828
345 0.557948
346 0.557948
347 0.557948
348 0.557948
349 0.557948
350 0.557948
351 0.557851
352 0.557851
353 0.551495
354 0.551495
355 0.551495
356 0.551495
357 0.551495
358 0.551495
359 0.551462
360 0.551462
361 0.545042
362 0.545042
363 0.545042
364 0.545042
365 0.545042
366 0.545042
367 0.544977
368 0.544977
369 0.537616
370 0.537616
371 0.537616
372 0.537616
373 0.537616
374 0.537616
375 0.537519
376 0.537519
377 0.530903
378 0.530903
379 0.530903
380 0.530903
381 0.530903
382 0.530903
383 0.530741
384 0.530741
385 0.523867
386 0.523867
387 0.523867
388 0.523867
389 0.523867
390 0.523867
391 0.523769
392 0.523769
393 0.516246
394 0.516246
395 0.516246
396 0.516246
397 0.516246
398 0.516246
399 0.516052
400 0.516052
401 0.509112
402 0.509112
403 0.509112
404 0.509112
405 0.509112
406 0.509112
407 0.508885
408 0.508885
409 0.501978
410 0.501978
411 0.501978
412 0.501978
413 0.501978
414 0.501978
415 0.501848
416 0.501848
417 0.495784
418 0.495784
419 0.495784
420 0.495784
421 0.495784
422 0.495784
423 0.495687
424 0.495687
425 0.489364
426 0.489364
427 0.489364
428 0.489364
429 0.489364
430 0.489364
431 0.489266
432 0.489266
433 0.48304
434 0.48304
435 0.48304
436 0.48304
437 0.48304
438 0.48304
439 0.482976
440 0.482976
441 0.476879
442 0.476879
443 0.476879
444 0.476879
445 0.476879
446 0.476879
447 0.476717
448 0.476717
449 0.471302
450 0.471302
451 0.471302
452 0.471302
453 0.471302
454 0.471302
455 0.471204
456 0.471204
457 0.465011
458 0.465011
459 0.465011
460 0.465011
461 0.465011
462 0.465011
463 0.464978
464 0.464978
465 0.458266
466 0.458266
467 0.458266
468 0.458266
469 0.458266
470 0.458266
471 0.458136
472 0.458136
473 0.452105
474 0.452105
475 0.452105
476 0.452105
477 0.452105
478 0.452105
479 0.452007
480 0.452007
481 0.446332
482 0.446332
483 0.446332
484 0.446332
485 0.446332
486 0.446332
487 0.44617
488 0.44617
489 0.440982
490 0.440982
491 0.440982
492 0.440982
493 0.440982
494 0.440982
495 0.440787
496 0.440787
497 0.435631
498 0.435631
499 0.435631
500 0.435631
501 0.435631
502 0.435631
503 0.435502
504 0.435502
505 0.429924
506 0.429924
507 0.429924
508 0.429924
509 0.429924
510 0.429924
511 0.429859
512 0.429859
513 0.424444
514 0.424444
515 0.424444
516 0.424444
517 0.424444
518 0.424444
519 0.424282
520 0.424282
521 0.419191
522 0.419191
523 0.419191
524 0.419191
525 0.419191
526 0.419191
527 0.418996
528 0.418996
529 0.413808
530 0.413808
531 0.413808
532 0.413808
533 0.413808
534 0.413808
535 0.413808
536 0.413808
537 0.408749
538 0.408749
539 0.408749
540 0.408749
541 0.408749
542 0.408749
543 0.408684
544 0.408684
545 0.402847
546 0.402847
547 0.402847
548 0.402847
549 0.402847
550 0.402847
551 0.402685
552 0.402685
553 0.397561
554 0.397561
555 0.397561
556 0.397561
557 0.397561
558 0.397561
559 0.397464
560 0.397464
561 0.392535
562 0.392535
563 0.392535
564 0.392535
565 0.392535
566 0.392535
567 0.392438
568 0.392438
569 0.387995
570 0.387995
571 0.387995
572 0.387995
573 0.387995
574 0.387995
575 0.38793
576 0.38793
577 0.383812
578 0.383812
579 0.383812
580 0.383812
581 0.383812
582 0.383812
583 0.38365
584 0.38365
585 0.378916
586 0.378916
587 0.378916
588 0.378916
589 0.378916
590 0.378916
591 0.378818
592 0.378818
593 0.374538
594 0.374538
595 0.374538
596 0.374538
597 0.374538
598 0.374538
599 0.374408
600 0.374408
601 0.369479
602 0.369479
603 0.369479
604 0.369479
605 0.369479
606 0.369479
607 0.369382
608 0.369382
609 0.363415
610 0.363415
611 0.363415
612 0.363415
613 0.363415
614 0.363415
615 0.363318
616 0.363318
617 0.358454
618 0.358454
619 0.358454
620 0.358454
621 0.358454
622 0.358454
623 0.358292
624 0.358292
625 0.35359
626 0.35359
627 0.35359
628 0.35359
629 0.35359
630 0.35359
631 0.353557
632 0.353557
633 0.34905
634 0.34905
635 0.34905
636 0.34905
637 0.34905
638 0.34905
639 0.348953
640 0.348953
641 0.344802
642 0.344802
643 0.344802
644 0.344802
645 0.344802
646 0.344802
647 0.344705
648 0.344705
649 0.340911
650 0.340911
651 0.340911
652 0.340911
653 0.340911
654 0.340911
655 0.340684
656 0.340684
657 0.336954
658 0.336954
659 0.336954
660 0.336954
661 0.336954
662 0.336954
663 0.336825
664 0.336825
665 0.332771
666 0.332771
667 0.332771
668 0.332771
669 0.332771
670 0.332771
671 0.332609
672 0.332609
673 0.328523
674 0.328523
675 0.328523
676 0.328523
677 0.328523
678 0.328523
679 0.328394
680 0.328394
681 0.324373
682 0.324373
683 0.324373
684 0.324373
685 0.324373
686 0.324373
687 0.32434
688 0.32434
689 0.320676
690 0.320676
691 0.320676
692 0.320676
693 0.320676
694 0.320676
695 0.320579
696 0.320579
697 0.315779
698 0.315779
699 0.315779
700 0.315779
701 0.315779
702 0.315779
703 0.315714
704 0.315714
705 0.312147
706 0.312147
707 0.312147
708 0.312147
709 0.312147
710 0.312147
711 0.31205
712 0.31205
713 0.308288
714 0.308288
715 0.308288
716 0.308288
717 0.308288
718 0.308288
719 0.308191
720 0.308191
721 0.303976
722 0.303976
723 0.303976
724 0.303976
725 0.303976
726 0.303976
727 0.303813
728 0.303813
729 0.29976
730 0.29976
731 0.29976
732 0.29976
733 0.29976
734 0.29976
735 0.299728
736 0.299728
737 0.296258
738 0.296258
739 0.296258
740 0.296258
741 0.296258
742 0.296258
743 0.295998
744 0.295998
745 0.29201
746 0.29201
747 0.29201
748 0.29201
749 0.29201
750 0.29201
751 0.291945
752 0.291945
753 0.28841
754 0.28841
755 0.28841
756 0.28841
757 0.28841
758 0.28841
759 0.288183
760 0.288183
761 0.284162
762 0.284162
763 0.284162
764 0.284162
765 0.284162
766 0.284162
767 0.284
768 0.284
769 0.281082
770 0.281082
771 0.281082
772 0.281082
773 0.281082
774 0.281082
775 0.280952
776 0.280952
777 0.277612
778 0.277612
779 0.277612
780 0.277612
781 0.277612
782 0.277612
783 0.277482
784 0.277482
785 0.27424
786 0.27424
787 0.27424
788 0.27424
789 0.27424
790 0.27424
791 0.274175
792 0.274175
793 0.270932
794 0.270932
795 0.270932
796 0.270932
797 0.270932
798 0.270932
799 0.270867
800 0.270867
801 0.267851
802 0.267851
803 0.267851
804 0.267851
805 0.267851
806 0.267851
807 0.267689
808 0.267689
809 0.264187
810 0.264187
811 0.264187
812 0.264187
813 0.264187
814 0.264187
815 0.264025
816 0.264025
817 0.261204
818 0.261204
819 0.261204
820 0.261204
821 0.261204
822 0.261204
823 0.261074
824 0.261074
825 0.257734
826 0.257734
827 0.257734
828 0.257734
829 0.257734
830 0.257734
831 0.257637
832 0.257637
833 0.254362
834 0.254362
835 0.254362
836 0.254362
837 0.254362
838 0.254362
839 0.254264
840 0.254264
841 0.251021
842 0.251021
843 0.251021
844 0.251021
845 0.251021
846 0.251021
847 0.250957
848 0.250957
849 0.248298
850 0.248298
851 0.248298
852 0.248298
853 0.248298
854 0.248298
855 0.248233
856 0.248233
857 0.245217
858 0.245217
859 0.245217
860 0.245217
861 0.245217
862 0.245217
863 0.245152
864 0.245152
865 0.242298
866 0.242298
867 0.242298
868 0.242298
869 0.242298
870 0.242298
871 0.242071
872 0.242071
873 0.239023
874 0.239023
875 0.239023
876 0.239023
877 0.239023
878 0.239023
879 0.238991
880 0.238991
881 0.236462
882 0.236462
883 0.236462
884 0.236462
885 0.236462
886 0.236462
887 0.236364
888 0.236364
889 0.233932
890 0.233932
891 0.233932
892 0.233932
893 0.233932
894 0.233932
895 0.2339
896 0.2339
897 0.231079
898 0.231079
899 0.231079
900 0.231079
901 0.231079
902 0.231079
903 0.231014
904 0.231014
905 0.228095
906 0.228095
907 0.228095
908 0.228095
909 0.228095
910 0.228095
911 0.227998
912 0.227998
913 0.224852
914 0.224852
915 0.224852
916 0.224852
917 0.224852
918 0.224852
919 0.224788
920 0.224788
921 0.221804
922 0.221804
923 0.221804
924 0.221804
925 0.221804
926 0.221804
927 0.221707
928 0.221707
929 0.218756
930 0.218756
931 0.218756
932 0.218756
933 0.218756
934 0.218756
935 0.218756
936 0.218756
937 0.216227
938 0.216227
939 0.216227
940 0.216227
941 0.216227
942 0.216227
943 0.216162
944 0.216162
945 0.213503
946 0.213503
947 0.213503
948 0.213503
949 0.213503
950 0.213503
951 0.213406
952 0.213406
953 0.211233
954 0.211233
955 0.211233
956 0.211233
957 0.211233
958 0.211233
959 0.211136
960 0.211136
961 0.208833
962 0.208833
963 0.208833
964 0.208833
965 0.208833
966 0.208833
967 0.208801
968 0.208801
969 0.206109
970 0.206109
971 0.206109
972 0.206109
973 0.206109
974 0.206109
975 0.20598
976 0.20598
977 0.203321
978 0.203321
979 0.203321
980 0.203321
981 0.203321
982 0.203321
983 0.203061
984 0.203061
985 0.20024
986 0.20024
987 0.20024
988 0.20024
989 0.20024
990 0.20024
991 0.200045
992 0.200045
993 0.196997
994 0.196997
995 0.196997
996 0.196997
997 0.196997
998 0.196997
999 0.196932
1000 0.196932
1001 0.194079
1002 0.194079
1003 0.194079
1004 0.194079
1005 0.194079
1006 0.194079
1007 0.194014
1008 0.194014
1009 0.191647
1010 0.191647
1011 0.191647
1012 0.191647
1013 0.191647
1014 0.191647
1015 0.191614
1016 0.191614
1017 0.189571
1018 0.189571
1019 0.189571
1020 0.189571
1021 0.189571
1022 0.189571
1023 0.189539
1024 0.189539
1025 0.187139
1026 0.187139
1027 0.187139
1028 0.187139
1029 0.187139
1030 0.187139
1031 0.187074
1032 0.187074
1033 0.184642
1034 0.184642
1035 0.184642
1036 0.184642
1037 0.184642
1038 0.184642
1039 0.184513
1040 0.184513
1041 0.182664
1042 0.182664
1043 0.182664
1044 0.182664
1045 0.182664
1046 0.182664
1047 0.182632
1048 0.182632
1049 0.180297
1050 0.180297
1051 0.180297
1052 0.180297
1053 0.180297
1054 0.180297
1055 0.180232
1056 0.180232
1057 0.178222
1058 0.178222
1059 0.178222
1060 0.178222
1061 0.178222
1062 0.178222
1063 0.178189
1064 0.178189
1065 0.175206
1066 0.175206
1067 0.175206
1068 0.175206
1069 0.175206
1070 0.175206
1071 0.175109
1072 0.175109
1073 0.172644
1074 0.172644
1075 0.172644
1076 0.172644
1077 0.172644
1078 0.172644
1079 0.172579
1080 0.172579
1081 0.170277
1082 0.170277
1083 0.170277
1084 0.170277
1085 0.170277
1086 0.170277
1087 0.17018
1088 0.17018
1089 0.167845
1090 0.167845
1091 0.167845
1092 0.167845
1093 0.167845
1094 0.167845
1095 0.167715
1096 0.167715
1097 0.166029
1098 0.166029
1099 0.166029
1100 0.166029
1101 0.166029
1102 0.166029
1103 0.165996
1104 0.165996
1105 0.163759
1106 0.163759
1107 0.163759
1108 0.163759
1109 0.163759
1110 0.163759
1111 0.163759
1112 0.163759
1113 0.161424
1114 0.161424
1115 0.161424
1116 0.161424
1117 0.161424
1118 0.161424
1119 0.161392
1120 0.161392
1121 0.159543
1122 0.159543
1123 0.159543
1124 0.159543
1125 0.159543
1126 0.159543
1127 0.159349
1128 0.159349
1129 0.157468
1130 0.157468
1131 0.157468
1132 0.157468
1133 0.157468
1134 0.157468
1135 0.157403
1136 0.157403
1137 0.155458
1138 0.155458
1139 0.155458
1140 0.155458
1141 0.155458
1142 0.155458
1143 0.155328
1144 0.155328
1145 0.153706
1146 0.153706
1147 0.153706
1148 0.153706
1149 0.153706
1150 0.153706
1151 0.153609
1152 0.153609
1153 0.151826
1154 0.151826
1155 0.151826
1156 0.151826
1157 0.151826
1158 0.151826
1159 0.151793
1160 0.151793
1161 0.150366
1162 0.150366
1163 0.150366
1164 0.150366
1165 0.150366
1166 0.150366
1167 0.150302
1168 0.150302
1169 0.148226
1170 0.148226
1171 0.148226
1172 0.148226
1173 0.148226
1174 0.148226
1175 0.148226
1176 0.148226
1177 0.146313
1178 0.146313
1179 0.146313
1180 0.146313
1181 0.146313
1182 0.146313
1183 0.146313
1184 0.146313
1185 0.1444
1186 0.1444
1187 0.1444
1188 0.1444
1189 0.1444
1190 0.1444
1191 0.144302
1192 0.144302
1193 0.142746
1194 0.142746
1195 0.142746
1196 0.142746
1197 0.142746
1198 0.142746
1199 0.142681
1200 0.142681
1201 0.14106
1202 0.14106
1203 0.14106
1204 0.14106
1205 0.14106
1206 0.14106
1207 0.141027
1208 0.141027
1209 0.139536
1210 0.139536
1211 0.139536
1212 0.139536
1213 0.139536
1214 0.139536
1215 0.139471
1216 0.139471
1217 0.137785
1218 0.137785
1219 0.137785
1220 0.137785
1221 0.137785
1222 0.137785
1223 0.13772
1224 0.13772
1225 0.136228
1226 0.136228
1227 0.136228
1228 0.136228
1229 0.136228
1230 0.136228
1231 0.136228
1232 0.136228
1233 0.133991
1234 0.133991
1235 0.133991
1236 0.133991
1237 0.133991
1238 0.133991
1239 0.133861
1240 0.133861
1241 0.13185
1242 0.13185
1243 0.13185
1244 0.13185
1245 0.13185
1246 0.13185
1247 0.131818
1248 0.131818
1249 0.130326
1250 0.130326
1251 0.130326
1252 0.130326
1253 0.130326
1254 0.130326
1255 0.130229
1256 0.130229
1257 0.129029
1258 0.129029
1259 0.129029
1260 0.129029
1261 0.129029
1262 0.129029
1263 0.128964
1264 0.128964
1265 0.127894
1266 0.127894
1267 0.127894
1268 0.127894
1269 0.127894
1270 0.127894
1271 0.127829
1272 0.127829
1273 0.126208
1274 0.126208
1275 0.126208
1276 0.126208
1277 0.126208
1278 0.126208
1279 0.126143
1280 0.126143
1281 0.124457
1282 0.124457
1283 0.124457
1284 0.124457
1285 0.124457
1286 0.124457
1287 0.124424
1288 0.124424
1289 0.122998
1290 0.122998
1291 0.122998
1292 0.122998
1293 0.122998
1294 0.122998
1295 0.122965
1296 0.122965
1297 0.121441
1298 0.121441
1299 0.121441
1300 0.121441
1301 0.121441
1302 0.121441
1303 0.121376
1304 0.121376
1305 0.119787
1306 0.119787
1307 0.119787
1308 0.119787
1309 0.119787
1310 0.119787
1311 0.119787
1312 0.119787
1313 0.118782
1314 0.118782
1315 0.118782
1316 0.118782
1317 0.118782
1318 0.118782
1319 0.11875
1320 0.11875
1321 0.116577
1322 0.116577
1323 0.116577
1324 0.116577
1325 0.116577
1326 0.116577
1327 0.116545
1328 0.116545
1329 0.115247
1330 0.115247
1331 0.115247
1332 0.115247
1333 0.115247
1334 0.115247
1335 0.115215
1336 0.115215
1337 0.114015
1338 0.114015
1339 0.114015
1340 0.114015
1341 0.114015
1342 0.114015
1343 0.11395
1344 0.11395
1345 0.112653
1346 0.112653
1347 0.112653
1348 0.112653
1349 0.112653
1350 0.112653
1351 0.112556
1352 0.112556
1353 0.111162
1354 0.111162
1355 0.111162
1356 0.111162
1357 0.111162
1358 0.111162
1359 0.111129
1360 0.111129
1361 0.109702
1362 0.109702
1363 0.109702
1364 0.109702
1365 0.109702
1366 0.109702
1367 0.109637
1368 0.109637
1369 0.108049
1370 0.108049
1371 0.108049
1372 0.108049
1373 0.108049
1374 0.108049
1375 0.107919
1376 0.107919
1377 0.106816
1378 0.106816
1379 0.106816
1380 0.106816
1381 0.106816
1382 0.106816
1383 0.106719
1384 0.106719
1385 0.105357
1386 0.105357
1387 0.105357
1388 0.105357
1389 0.105357
1390 0.105357
1391 0.10526
1392 0.10526
1393 0.103801
1394 0.103801
1395 0.103801
1396 0.103801
1397 0.103801
1398 0.103801
1399 0.103736
1400 0.103736
1401 0.102666
1402 0.102666
1403 0.102666
1404 0.102666
1405 0.102666
1406 0.102666
1407 0.102568
1408 0.102568
1409 0.101628
1410 0.101628
1411 0.101628
1412 0.101628
1413 0.101628
1414 0.101628
1415 0.101595
1416 0.101595
1417 0.100558
1418 0.100558
1419 0.100558
1420 0.100558
1421 0.100558
1422 0.100558
1423 0.100525
1424 0.100525
1425 0.0991634
1426 0.0991634
1427 0.0991634
1428 0.0991634
1429 0.0991634
1430 0.0991634
1431 0.0990985
1432 0.0990985
1433 0.0975744
1434 0.0975744
1435 0.0975744
1436 0.0975744
1437 0.0975744
1438 0.0975744
1439 0.0974771
1440 0.0974771
1441 0.0965043
1442 0.0965043
1443 0.0965043
1444 0.0965043
1445 0.0965043
1446 0.0965043
1447 0.096407
1448 0.096407
1449 0.0952072
1450 0.0952072
1451 0.0952072
1452 0.0952072
1453 0.0952072
1454 0.0952072
1455 0.0950775
1456 0.0950775
1457 0.0940398
1458 0.0940398
1459 0.0940398
1460 0.0940398
1461 0.0940398
1462 0.0940398
1463 0.0940398
1464 0.0940398
1465 0.0933264
1466 0.0933264
1467 0.0933264
1468 0.0933264
1469 0.0933264
1470 0.0933264
1471 0.0932291
1472 0.0932291
1473 0.0920942
1474 0.0920942
1475 0.0920942
1476 0.0920942
1477 0.0920942
1478 0.0920942
1479 0.0920617
1480 0.0920617
1481 0.0911538
1482 0.0911538
1483 0.0911538
1484 0.0911538
1485 0.0911538
1486 0.0911538
1487 0.0911213
1488 0.0911213
1489 0.089954
1490 0.089954
1491 0.089954
1492 0.089954
1493 0.089954
1494 0.089954
1495 0.0899215
1496 0.0899215
1497 0.0888514
1498 0.0888514
1499 0.0888514
1500 0.0888514
1501 0.0888514
1502 0.0888514
1503 0.0887866
1504 0.0887866
1505 0.0874246
1506 0.0874246
1507 0.0874246
1508 0.0874246
1509 0.0874246
1510 0.0874246
1511 0.0873273
1512 0.0873273
1513 0.0863221
1514 0.0863221
1515 0.0863221
1516 0.0863221
1517 0.0863221
1518 0.0863221
1519 0.0862896
1520 0.0862896
1521 0.0858032
1522 0.0858032
1523 0.0858032
1524 0.0858032
1525 0.0858032
1526 0.0858032
1527 0.0857708
1528 0.0857708
1529 0.0845386
1530 0.0845386
1531 0.0845386
1532 0.0845386
1533 0.0845386
1534 0.0845386
1535 0.0844737
1536 0.0844737
1537 0.083436
1538 0.083436
1539 0.083436
1540 0.083436
1541 0.083436
1542 0.083436
1543 0.083436
1544 0.083436
1545 0.0822038
1546 0.0822038
1547 0.0822038
1548 0.0822038
1549 0.0822038
1550 0.0822038
1551 0.0821389
1552 0.0821389
1553 0.0813931
1554 0.0813931
1555 0.0813931
1556 0.0813931
1557 0.0813931
1558 0.0813931
1559 0.0813282
1560 0.0813282
1561 0.080323
1562 0.080323
1563 0.080323
1564 0.080323
1565 0.080323
1566 0.080323
1567 0.080323
1568 0.080323
1569 0.0792204
1570 0.0792204
1571 0.0792204
1572 0.0792204
1573 0.0792204
1574 0.0792204
1575 0.079188
1576 0.079188
1577 0.0783125
1578 0.0783125
1579 0.0783125
1580 0.0783125
1581 0.0783125
1582 0.0783125
1583 0.0783125
1584 0.0783125
1585 0.0773072
1586 0.0773072
1587 0.0773072
1588 0.0773072
1589 0.0773072
1590 0.0773072
1591 0.0772099
1592 0.0772099
1593 0.0762695
1594 0.0762695
1595 0.0762695
1596 0.0762695
1597 0.0762695
1598 0.0762695
1599 0.0762695
1600 0.0762695
1601 0.0755237
1602 0.0755237
1603 0.0755237
1604 0.0755237
1605 0.0755237
1606 0.0755237
1607 0.0755237
1608 0.0755237
1609 0.0747779
1610 0.0747779
1611 0.0747779
1612 0.0747779
1613 0.0747779
1614 0.0747779
1615 0.0747779
1616 0.0747779
1617 0.074032
1618 0.074032
1619 0.074032
1620 0.074032
1621 0.074032
1622 0.074032
1623 0.0739672
1624 0.0739672
1625 0.0731889
1626 0.0731889
1627 0.0731889
1628 0.0731889
1629 0.0731889
1630 0.0731889
1631 0.0731889
1632 0.0731889
1633 0.0722161
1634 0.0722161
1635 0.0722161
1636 0.0722161
1637 0.0722161
1638 0.0722161
1639 0.0721837
1640 0.0721837
1641 0.0712757
1642 0.0712757
1643 0.0712757
1644 0.0712757
1645 0.0712757
1646 0.0712757
1647 0.0712433
1648 0.0712433
1649 0.0700759
1650 0.0700759
1651 0.0700759
1652 0.0700759
1653 0.0700759
1654 0.0700759
1655 0.0700435
1656 0.0700435
1657 0.0692976
1658 0.0692976
1659 0.0692976
1660 0.0692976
1661 0.0692976
1662 0.0692976
1663 0.0692652
1664 0.0692652
1665 0.0684545
1666 0.0684545
1667 0.0684545
1668 0.0684545
1669 0.0684545
1670 0.0684545
1671 0.0684545
1672 0.0684545
1673 0.0676762
1674 0.0676762
1675 0.0676762
1676 0.0676762
1677 0.0676762
1678 0.0676762
1679 0.0676762
1680 0.0676762
1681 0.0671574
1682 0.0671574
1683 0.0671574
1684 0.0671574
1685 0.0671574
1686 0.0671574
1687 0.067125
1688 0.067125
1689 0.0660224
1690 0.0660224
1691 0.0660224
1692 0.0660224
1693 0.0660224
1694 0.0660224
1695 0.06599
1696 0.06599
1697 0.0648875
1698 0.0648875
1699 0.0648875
1700 0.0648875
1701 0.0648875
1702 0.0648875
1703 0.0648875
1704 0.0648875
1705 0.0638174
1706 0.0638174
1707 0.0638174
1708 0.0638174
1709 0.0638174
1710 0.0638174
1711 0.0638174
1712 0.0638174
1713 0.0632012
1714 0.0632012
1715 0.0632012
1716 0.0632012
1717 0.0632012
1718 0.0632012
1719 0.0632012
1720 0.0632012
1721 0.0623257
1722 0.0623257
1723 0.0623257
1724 0.0623257
1725 0.0623257
1726 0.0623257
1727 0.0622608
1728 0.0622608
1729 0.0614502
1730 0.0614502
1731 0.0614502
1732 0.0614502
1733 0.0614502
1734 0.0614502
1735 0.0614177
1736 0.0614177
1737 0.0610286
1738 0.0610286
1739 0.0610286
1740 0.0610286
1741 0.0610286
1742 0.0610286
1743 0.0609962
1744 0.0609962
1745 0.0598936
1746 0.0598936
1747 0.0598936
1748 0.0598936
1749 0.0598936
1750 0.0598936
1751 0.0598936
1752 0.0598936
1753 0.0593748
1754 0.0593748
1755 0.0593748
1756 0.0593748
1757 0.0593748
1758 0.0593748
1759 0.0593424
1760 0.0593424
1761 0.0587262
1762 0.0587262
1763 0.0587262
1764 0.0587262
1765 0.0587262
1766 0.0587262
1767 0.0587262
1768 0.0587262
1769 0.0580777
1770 0.0580777
1771 0.0580777
1772 0.0580777
1773 0.0580777
1774 0.0580777
1775 0.0580453
1776 0.0580453
1777 0.0573319
1778 0.0573319
1779 0.0573319
1780 0.0573319
1781 0.0573319
1782 0.0573319
1783 0.0572994
1784 0.0572994
1785 0.0567482
1786 0.0567482
1787 0.0567482
1788 0.0567482
1789 0.0567482
1790 0.0567482
1791 0.0567157
1792 0.0567157
1793 0.0559699
1794 0.0559699
1795 0.0559699
1796 0.0559699
1797 0.0559699
1798 0.0559699
1799 0.0559375
1800 0.0559375
1801 0.0553214
1802 0.0553214
1803 0.0553214
1804 0.0553214
1805 0.0553214
1806 0.0553214
1807 0.0552889
1808 0.0552889
1809 0.0547052
1810 0.0547052
1811 0.0547052
1812 0.0547052
1813 0.0547052
1814 0.0547052
1815 0.0545107
1816 0.0545107
1817 0.0537973
1818 0.0537973
1819 0.0537973
1820 0.0537973
1821 0.0537973
1822 0.0537973
1823 0.0537324
1824 0.0537324
1825 0.053246
1826 0.053246
1827 0.053246
1828 0.053246
1829 0.053246
1830 0.053246
1831 0.0532136
1832 0.0532136
1833 0.0526947
1834 0.0526947
1835 0.0526947
1836 0.0526947
1837 0.0526947
1838 0.0526947
1839 0.0526299
1840 0.0526299
1841 0.0522083
1842 0.0522083
1843 0.0522083
1844 0.0522083
1845 0.0522083
1846 0.0522083
1847 0.0521759
1848 0.0521759
1849 0.051657
1850 0.051657
1851 0.051657
1852 0.051657
1853 0.051657
1854 0.051657
1855 0.0515598
1856 0.0515598
1857 0.0510085
1858 0.0510085
1859 0.0510085
1860 0.0510085
1861 0.0510085
1862 0.0510085
1863 0.0509761
1864 0.0509761
1865 0.0504897
1866 0.0504897
1867 0.0504897
1868 0.0504897
1869 0.0504897
1870 0.0504897
1871 0.0504572
1872 0.0504572
1873 0.0497762
1874 0.0497762
1875 0.0497762
1876 0.0497762
1877 0.0497762
1878 0.0497762
1879 0.0497438
1880 0.0497438
1881 0.048998
1882 0.048998
1883 0.048998
1884 0.048998
1885 0.048998
1886 0.048998
1887 0.048998
1888 0.048998
1889 0.0483494
1890 0.0483494
1891 0.0483494
1892 0.0483494
1893 0.0483494
1894 0.0483494
1895 0.0483494
1896 0.0483494
1897 0.0476036
1898 0.0476036
1899 0.0476036
1900 0.0476036
1901 0.0476036
1902 0.0476036
1903 0.0475712
1904 0.0475712
1905 0.0468578
1906 0.0468578
1907 0.0468578
1908 0.0468578
1909 0.0468578
1910 0.0468578
1911 0.0468253
1912 0.0468253
1913 0.0463065
1914 0.0463065
1915 0.0463065
1916 0.0463065
1917 0.0463065
1918 0.0463065
1919 0.0462741
1920 0.0462741
1921 0.045658
1922 0.045658
1923 0.045658
1924 0.045658
1925 0.045658
1926 0.045658
1927 0.0455931
1928 0.0455931
1929 0.0450418
1930 0.0450418
1931 0.0450418
1932 0.0450418
1933 0.0450418
1934 0.0450418
1935 0.0450094
1936 0.0450094
1937 0.0442311
1938 0.0442311
1939 0.0442311
1940 0.0442311
1941 0.0442311
1942 0.0442311
1943 0.0442311
1944 0.0442311
1945 0.043615
1946 0.043615
1947 0.043615
1948 0.043615
1949 0.043615
1950 0.043615
1951 0.043615
1952 0.043615
1953 0.0432583
1954 0.0432583
1955 0.0432583
1956 0.0432583
1957 0.0432583
1958 0.0432583
1959 0.0432583
1960 0.0432583
1961 0.0427719
1962 0.0427719
1963 0.0427719
1964 0.0427719
1965 0.0427719
1966 0.0427719
1967 0.0427719
1968 0.0427719
1969 0.0422855
1970 0.0422855
1971 0.0422855
1972 0.0422855
1973 0.0422855
1974 0.0422855
1975 0.0422531
1976 0.0422531
1977 0.0418639
1978 0.0418639
1979 0.0418639
1980 0.0418639
1981 0.0418639
1982 0.0418639
1983 0.0418315
1984 0.0418315
1985 0.0413451
1986 0.0413451
1987 0.0413451
1988 0.0413451
1989 0.0413451
1990 0.0413451
1991 0.0413451
1992 0.0413451
1993 0.0408587
1994 0.0408587
1995 0.0408587
1996 0.0408587
1997 0.0408587
1998 0.0408587
1999 0.0407938
2000 0.0407938
2001 0.0402426
2002 0.0402426
2003 0.0402426
2004 0.0402426
2005 0.0402426
2006 0.0402426
2007 0.0402101
2008 0.0402101
2009 0.0395616
2010 0.0395616
2011 0.0395616
2012 0.0395616
2013 0.0395616
2014 0.0395616
2015 0.0395616
2016 0.0395616
2017 0.0390103
2018 0.0390103
2019 0.0390103
2020 0.0390103
2021 0.0390103
2022 0.0390103
2023 0.0390103
2024 0.0390103
2025 0.038459
2026 0.038459
2027 0.038459
2028 0.038459
2029 0.038459
2030 0.038459
2031 0.038459
2032 0.038459
2033 0.0379402
2034 0.0379402
2035 0.0379402
2036 0.0379402
2037 0.0379402
2038 0.0379402
2039 0.0379078
2040 0.0379078
2041 0.0377456
2042 0.0377456
2043 0.0377456
2044 0.0377456
2045 0.0377456
2046 0.0377456
2047 0.0377132
2048 0.0377132
2049 0.0373889
2050 0.0373889
2051 0.0373889
2052 0.0373889
2053 0.0373889
2054 0.0373889
2055 0.0373565
2056 0.0373565
2057 0.036708
2058 0.036708
2059 0.036708
2060 0.036708
2061 0.036708
2062 0.036708
2063 0.0366755
2064 0.0366755
2065 0.036254
2066 0.036254
2067 0.036254
2068 0.036254
2069 0.036254
2070 0.036254
2071 0.036254
2072 0.036254
2073 0.0357676
2074 0.0357676
2075 0.0357676
2076 0.0357676
2077 0.0357676
2078 0.0357676
2079 0.0356378
2080 0.0356378
2081 0.0352487
2082 0.0352487
2083 0.0352487
2084 0.0352487
2085 0.0352487
2086 0.0352487
2087 0.0352163
2088 0.0352163
2089 0.0347623
2090 0.0347623
2091 0.0347623
2092 0.0347623
2093 0.0347623
2094 0.0347623
2095 0.0346975
2096 0.0346975
2097 0.0341786
2098 0.0341786
2099 0.0341786
2100 0.0341786
2101 0.0341786
2102 0.0341786
2103 0.0341462
2104 0.0341462
2105 0.0338219
2106 0.0338219
2107 0.0338219
2108 0.0338219
2109 0.0338219
2110 0.0338219
2111 0.0337895
2112 0.0337895
2113 0.0335301
2114 0.0335301
2115 0.0335301
2116 0.0335301
2117 0.0335301
2118 0.0335301
2119 0.0335301
2120 0.0335301
2121 0.0331734
2122 0.0331734
2123 0.0331734
2124 0.0331734
2125 0.0331734
2126 0.0331734
2127 0.0331734
2128 0.0331734
2129 0.0326545
2130 0.0326545
2131 0.0326545
2132 0.0326545
2133 0.0326545
2134 0.0326545
2135 0.0326221
2136 0.0326221
2137 0.0323951
2138 0.0323951
2139 0.0323951
2140 0.0323951
2141 0.0323951
2142 0.0323951
2143 0.0323627
2144 0.0323627
2145 0.0320708
2146 0.0320708
2147 0.0320708
2148 0.0320708
2149 0.0320708
2150 0.0320708
2151 0.0320384
2152 0.0320384
2153 0.0316817
2154 0.0316817
2155 0.0316817
2156 0.0316817
2157 0.0316817
2158 0.0316817
2159 0.0316168
2160 0.0316168
2161 0.0312277
2162 0.0312277
2163 0.0312277
2164 0.0312277
2165 0.0312277
2166 0.0312277
2167 0.0312277
2168 0.0312277
2169 0.0310007
2170 0.0310007
2171 0.0310007
2172 0.0310007
2173 0.0310007
2174 0.0310007
2175 0.0310007
2176 0.0310007
2177 0.0307089
2178 0.0307089
2179 0.0307089
2180 0.0307089
2181 0.0307089
2182 0.0307089
2183 0.0306116
2184 0.0306116
2185 0.0303846
2186 0.0303846
2187 0.0303846
2188 0.0303846
2189 0.0303846
2190 0.0303846
2191 0.0303846
2192 0.0303846
2193 0.0299955
2194 0.0299955
2195 0.0299955
2196 0.0299955
2197 0.0299955
2198 0.0299955
2199 0.0299955
2200 0.0299955
2201 0.029736
2202 0.029736
2203 0.029736
2204 0.029736
2205 0.029736
2206 0.029736
2207 0.0297036
2208 0.0297036
2209 0.029509
2210 0.029509
2211 0.029509
2212 0.029509
2213 0.029509
2214 0.029509
2215 0.029509
2216 0.029509
2217 0.0290226
2218 0.0290226
2219 0.0290226
2220 0.0290226
2221 0.0290226
2222 0.0290226
2223 0.0289902
2224 0.0289902
2225 0.0286659
2226 0.0286659
2227 0.0286659
2228 0.0286659
2229 0.0286659
2230 0.0286659
2231 0.0286011
2232 0.0286011
2233 0.0282768
2234 0.0282768
2235 0.0282768
2236 0.0282768
2237 0.0282768
2238 0.0282768
2239 0.0282444
2240 0.0282444
2241 0.027985
2242 0.027985
2243 0.027985
2244 0.027985
2245 0.027985
2246 0.027985
2247 0.027985
2248 0.027985
2249 0.0275958
2250 0.0275958
2251 0.0275958
2252 0.0275958
2253 0.0275958
2254 0.0275958
2255 0.0275958
2256 0.0275958
2257 0.0274013
2258 0.0274013
2259 0.0274013
2260 0.0274013
2261 0.0274013
2262 0.0274013
2263 0.0274013
2264 0.0274013
2265 0.027077
2266 0.027077
2267 0.027077
2268 0.027077
2269 0.027077
2270 0.027077
2271 0.027077
2272 0.027077
2273 0.0269148
2274 0.0269148
2275 0.0269148
2276 0.0269148
2277 0.0269148
2278 0.0269148
2279 0.0268824
2280 0.0268824
2281 0.0264609
2282 0.0264609
2283 0.0264609
2284 0.0264609
2285 0.0264609
2286 0.0264609
2287 0.0264284
2288 0.0264284
2289 0.0261042
2290 0.0261042
2291 0.0261042
2292 0.0261042
2293 0.0261042
2294 0.0261042
2295 0.0260717
2296 0.0260717
2297 0.0258447
2298 0.0258447
2299 0.0258447
2300 0.0258447
2301 0.0258447
2302 0.0258447
2303 0.0257799
2304 0.0257799
2305 0.0255529
2306 0.0255529
2307 0.0255529
2308 0.0255529
2309 0.0255529
2310 0.0255529
2311 0.025488
2312 0.025488
2313 0.0250665
2314 0.0250665
2315 0.0250665
2316 0.0250665
2317 0.0250665
2318 0.0250665
2319 0.0250665
2320 0.0250665
2321 0.0248071
2322 0.0248071
2323 0.0248071
2324 0.0248071
2325 0.0248071
2326 0.0248071
2327 0.0248071
2328 0.0248071
2329 0.0245476
2330 0.0245476
2331 0.0245476
2332 0.0245476
2333 0.0245476
2334 0.0245476
2335 0.0245476
2336 0.0245476
2337 0.0241261
2338 0.0241261
2339 0.0241261
2340 0.0241261
2341 0.0241261
2342 0.0241261
2343 0.0240937
2344 0.0240937
2345 0.0238018
2346 0.0238018
2347 0.0238018
2348 0.0238018
2349 0.0238018
2350 0.0238018
2351 0.0238018
2352 0.0238018
2353 0.0236721
2354 0.0236721
2355 0.0236721
2356 0.0236721
2357 0.0236721
2358 0.0236721
2359 0.0236397
2360 0.0236397
2361 0.0234127
2362 0.0234127
2363 0.0234127
2364 0.0234127
2365 0.0234127
2366 0.0234127
2367 0.0233802
2368 0.0233802
2369 0.0230884
2370 0.0230884
2371 0.0230884
2372 0.0230884
2373 0.0230884
2374 0.0230884
2375 0.023056
2376 0.023056
2377 0.0228614
2378 0.0228614
2379 0.0228614
2380 0.0228614
2381 0.0228614
2382 0.0228614
2383 0.022829
2384 0.022829
2385 0.0225371
2386 0.0225371
2387 0.0225371
2388 0.0225371
2389 0.0225371
2390 0.0225371
2391 0.0225047
2392 0.0225047
2393 0.0224074
2394 0.0224074
2395 0.0224074
2396 0.0224074
2397 0.0224074
2398 0.0224074
2399 0.022375
2400 0.022375
2401 0.0221156
2402 0.0221156
2403 0.0221156
2404 0.0221156
2405 0.0221156
2406 0.0221156
2407 0.0220831
2408 0.0220831
2409 0.021921
2410 0.021921
2411 0.021921
2412 0.021921
2413 0.021921
2414 0.021921
2415 0.0218886
2416 0.0218886
2417 0.0215319
2418 0.0215319
2419 0.0215319
2420 0.0215319
2421 0.0215319
2422 0.0215319
2423 0.0215319
2424 0.0215319
2425 0.02124
2426 0.02124
2427 0.02124
2428 0.02124
2429 0.02124
2430 0.02124
2431 0.02124
2432 0.02124
2433 0.0210455
2434 0.0210455
2435 0.0210455
2436 0.0210455
2437 0.0210455
2438 0.0210455
2439 0.0210455
2440 0.0210455
2441 0.0208833
2442 0.0208833
2443 0.0208833
2444 0.0208833
2445 0.0208833
2446 0.0208833
2447 0.0208185
2448 0.0208185
2449 0.0205266
2450 0.0205266
2451 0.0205266
2452 0.0205266
2453 0.0205266
2454 0.0205266
2455 0.0205266
2456 0.0205266
2457 0.0202672
2458 0.0202672
2459 0.0202672
2460 0.0202672
2461 0.0202672
2462 0.0202672
2463 0.0202672
2464 0.0202672
2465 0.0199754
2466 0.0199754
2467 0.0199754
2468 0.0199754
2469 0.0199754
2470 0.0199754
2471 0.0199429
2472 0.0199429
2473 0.0196187
2474 0.0196187
2475 0.0196187
2476 0.0196187
2477 0.0196187
2478 0.0196187
2479 0.0195538
2480 0.0195538
2481 0.0193917
2482 0.0193917
2483 0.0193917
2484 0.0193917
2485 0.0193917
2486 0.0193917
2487 0.0193592
2488 0.0193592
2489 0.0190674
2490 0.0190674
2491 0.0190674
2492 0.0190674
2493 0.0190674
2494 0.0190674
2495 0.0190674
2496 0.0190674
2497 0.019035
2498 0.019035
2499 0.019035
2500 0.019035
2501 0.019035
2502 0.019035
2503 0.019035
2504 0.019035
2505 0.0188728
2506 0.0188728
2507 0.0188728
2508 0.0188728
2509 0.0188728
2510 0.0188728
2511 0.0188728
2512 0.0188728
2513 0.0186783
2514 0.0186783
2515 0.0186783
2516 0.0186783
2517 0.0186783
2518 0.0186783
2519 0.0186783
2520 0.0186783
2521 0.0182243
2522 0.0182243
2523 0.0182243
2524 0.0182243
2525 0.0182243
2526 0.0182243
2527 0.0182243
2528 0.0182243
2529 0.0179324
2530 0.0179324
2531 0.0179324
2532 0.0179324
2533 0.0179324
2534 0.0179324
2535 0.0179
2536 0.0179
2537 0.017673
2538 0.017673
2539 0.017673
2540 0.017673
2541 0.017673
2542 0.017673
2543 0.017673
2544 0.017673
2545 0.0174784
2546 0.0174784
2547 0.0174784
2548 0.0174784
2549 0.0174784
2550 0.0174784
2551 0.017446
2552 0.017446
2553 0.0172514
2554 0.0172514
2555 0.0172514
2556 0.0172514
2557 0.0172514
2558 0.0172514
2559 0.017219
2560 0.017219
2561 0.0170569
2562 0.0170569
2563 0.0170569
2564 0.0170569
2565 0.0170569
2566 0.0170569
2567 0.0170245
2568 0.0170245
2569 0.0166677
2570 0.0166677
2571 0.0166677
2572 0.0166677
2573 0.0166677
2574 0.0166677
2575 0.0166677
2576 0.0166677
2577 0.016311
2578 0.016311
2579 0.016311
2580 0.016311
2581 0.016311
2582 0.016311
2583 0.0162786
2584 0.0162786
2585 0.0159543
2586 0.0159543
2587 0.0159543
2588 0.0159543
2589 0.0159543
2590 0.0159543
2591 0.0158895
2592 0.0158895
2593 0.0156949
2594 0.0156949
2595 0.0156949
2596 0.0156949
2597 0.0156949
2598 0.0156949
2599 0.0156949
2600 0.0156949
2601 0.0154679
2602 0.0154679
2603 0.0154679
2604 0.0154679
2605 0.0154679
2606 0.0154679
2607 0.0154355
2608 0.0154355
2609 0.0151761
2610 0.0151761
2611 0.0151761
2612 0.0151761
2613 0.0151761
2614 0.0151761
2615 0.0151761
2616 0.0151761
2617 0.0148518
2618 0.0148518
2619 0.0148518
2620 0.0148518
2621 0.0148518
2622 0.0148518
2623 0.0148194
2624 0.0148194
2625 0.01456
2626 0.01456
2627 0.01456
2628 0.01456
2629 0.01456
2630 0.01456
2631 0.01456
2632 0.01456
2633 0.0143978
2634 0.0143978
2635 0.0143978
2636 0.0143978
2637 0.0143978
2638 0.0143978
2639 0.0143654
2640 0.0143654
2641 0.0140735
2642 0.0140735
2643 0.0140735
2644 0.0140735
2645 0.0140735
2646 0.0140735
2647 0.0140735
2648 0.0140735
2649 0.013879
2650 0.013879
2651 0.013879
2652 0.013879
2653 0.013879
2654 0.013879
2655 0.013879
2656 0.013879
2657 0.0137493
2658 0.0137493
2659 0.0137493
2660 0.0137493
2661 0.0137493
2662 0.0137493
2663 0.0137168
2664 0.0137168
2665 0.0135547
2666 0.0135547
2667 0.0135547
2668 0.0135547
2669 0.0135547
2670 0.0135547
2671 0.0135547
2672 0.0135547
2673 0.0132953
2674 0.0132953
2675 0.0132953
2676 0.0132953
2677 0.0132953
2678 0.0132953
2679 0.0132629
2680 0.0132629
2681 0.0130683
2682 0.0130683
2683 0.0130683
2684 0.0130683
2685 0.0130683
2686 0.0130683
2687 0.0130683
2688 0.0130683
2689 0.012971
2690 0.012971
2691 0.012971
2692 0.012971
2693 0.012971
2694 0.012971
2695 0.012971
2696 0.012971
2697 0.0129062
2698 0.0129062
2699 0.0129062
2700 0.0129062
2701 0.0129062
2702 0.0129062
2703 0.0129062
2704 0.0129062
2705 0.0128413
2706 0.0128413
2707 0.0128413
2708 0.0128413
2709 0.0128413
2710 0.0128413
2711 0.012744
2712 0.012744
2713 0.0125819
2714 0.0125819
2715 0.0125819
2716 0.0125819
2717 0.0125819
2718 0.0125819
2719 0.0124197
2720 0.0124197
2721 0.012063
2722 0.012063
2723 0.012063
2724 0.012063
2725 0.012063
2726 0.012063
2727 0.012063
2728 0.012063
2729 0.0118685
2730 0.0118685
2731 0.0118685
2732 0.0118685
2733 0.0118685
2734 0.0118685
2735 0.0118685
2736 0.0118685
2737 0.0117063
2738 0.0117063
2739 0.0117063
2740 0.0117063
2741 0.0117063
2742 0.0117063
2743 0.0117063
2744 0.0117063
2745 0.0115442
2746 0.0115442
2747 0.0115442
2748 0.0115442
2749 0.0115442
2750 0.0115442
2751 0.0115118
2752 0.0115118
2753 0.0113172
2754 0.0113172
2755 0.0113172
2756 0.0113172
2757 0.0113172
2758 0.0113172
2759 0.0113172
2760 0.0113172
2761 0.0111875
2762 0.0111875
2763 0.0111875
2764 0.0111875
2765 0.0111875
2766 0.0111875
2767 0.0111875
2768 0.0111875
2769 0.0110578
2770 0.0110578
2771 0.0110578
2772 0.0110578
2773 0.0110578
2774 0.0110578
2775 0.0110254
2776 0.0110254
2777 0.0109605
2778 0.0109605
2779 0.0109605
2780 0.0109605
2781 0.0109605
2782 0.0109605
2783 0.0109605
2784 0.0109605
2785 0.0108956
2786 0.0108956
2787 0.0108956
2788 0.0108956
2789 0.0108956
2790 0.0108956
2791 0.0108956
2792 0.0108956
2793 0.0106038
2794 0.0106038
2795 0.0106038
2796 0.0106038
2797 0.0106038
2798 0.0106038
2799 0.0106038
2800 0.0106038
2801 0.0105065
2802 0.0105065
2803 0.0105065
2804 0.0105065
2805 0.0105065
2806 0.0105065
2807 0.0105065
2808 0.0105065
2809 0.0104417
2810 0.0104417
2811 0.0104417
2812 0.0104417
2813 0.0104417
2814 0.0104417
2815 0.0104417
2816 0.0104417
2817 0.0103444
2818 0.0103444
2819 0.0103444
2820 0.0103444
2821 0.0103444
2822 0.0103444
2823 0.0103444
2824 0.0103444
2825 0.0102795
2826 0.0102795
2827 0.0102795
2828 0.0102795
2829 0.0102795
2830 0.0102795
2831 0.0102795
2832 0.0102795
2833 0.0102471
2834 0.0102471
2835 0.0102471
2836 0.0102471
2837 0.0102471
2838 0.0102471
2839 0.0102147
2840 0.0102147
2841 0.0100525
2842 0.0100525
2843 0.0100525
2844 0.0100525
2845 0.0100525
2846 0.0100525
2847 0.0100525
2848 0.0100525
2849 0.00998768
2850 0.00998768
2851 0.00998768
2852 0.00998768
2853 0.00998768
2854 0.00998768
2855 0.00998768
2856 0.00998768
2857 0.00985797
2858 0.00985797
2859 0.00985797
2860 0.00985797
2861 0.00985797
2862 0.00985797
2863 0.00982554
2864 0.00982554
2865 0.00976069
2866 0.00976069
2867 0.00976069
2868 0.00976069
2869 0.00976069
2870 0.00976069
2871 0.00976069
2872 0.00976069
2873 0.00976069
2874 0.00976069
2875 0.00976069
2876 0.00976069
2877 0.00976069
2878 0.00976069
2879 0.00976069
2880 0.00976069
2881 0.00969583
2882 0.00969583
2883 0.00969583
2884 0.00969583
2885 0.00969583
2886 0.00969583
2887 0.00969583
2888 0.00969583
2889 0.00959855
2890 0.00959855
2891 0.00959855
2892 0.00959855
2893 0.00959855
2894 0.00959855
2895 0.00959855
2896 0.00959855
2897 0.00953369
2898 0.00953369
2899 0.00953369
2900 0.00953369
2901 0.00953369
2902 0.00953369
2903 0.00953369
2904 0.00953369
2905 0.00943641
2906 0.00943641
2907 0.00943641
2908 0.00943641
2909 0.00943641
2910 0.00943641
2911 0.00943641
2912 0.00943641
2913 0.00933913
2914 0.00933913
2915 0.00933913
2916 0.00933913
2917 0.00933913
2918 0.00933913
2919 0.0093067
2920 0.0093067
2921 0.00924184
2922 0.00924184
2923 0.00924184
2924 0.00924184
2925 0.00924184
2926 0.00924184
2927 0.00924184
2928 0.00924184
2929 0.00911213
2930 0.00911213
2931 0.00911213
2932 0.00911213
2933 0.00911213
2934 0.00911213
2935 0.00907971
2936 0.00907971
2937 0.00901485
2938 0.00901485
2939 0.00901485
2940 0.00901485
2941 0.00901485
2942 0.00901485
2943 0.00895
2944 0.00895
2945 0.00888514
2946 0.00888514
2947 0.00888514
2948 0.00888514
2949 0.00888514
2950 0.00888514
2951 0.00888514
2952 0.00888514
2953 0.00882029
2954 0.00882029
2955 0.00882029
2956 0.00882029
2957 0.00882029
2958 0.00882029
2959 0.00882029
2960 0.00882029
2961 0.00875543
2962 0.00875543
2963 0.00875543
2964 0.00875543
2965 0.00875543
2966 0.00875543
2967 0.00875543
2968 0.00875543
2969 0.00862572
2970 0.00862572
2971 0.00862572
2972 0.00862572
2973 0.00862572
2974 0.00862572
2975 0.00862572
2976 0.00862572
2977 0.00856087
2978 0.00856087
2979 0.00856087
2980 0.00856087
2981 0.00856087
2982 0.00856087
2983 0.00856087
2984 0.00856087
2985 0.00849601
2986 0.00849601
2987 0.00849601
2988 0.00849601
2989 0.00849601
2990 0.00849601
2991 0.00849601
2992 0.00849601
2993 0.00839873
2994 0.00839873
2995 0.00839873
2996 0.00839873
2997 0.00839873
2998 0.00839873
2999 0.00839873
3000 0.00839873
3001 0.00820416
3002 0.00820416
3003 0.00820416
3004 0.00820416
3005 0.00820416
3006 0.00820416
3007 0.00820416
3008 0.00820416
3009 0.00810688
3010 0.00810688
3011 0.00810688
3012 0.00810688
3013 0.00810688
3014 0.00810688
3015 0.00810688
3016 0.00810688
3017 0.00804203
3018 0.00804203
3019 0.00804203
3020 0.00804203
3021 0.00804203
3022 0.00804203
3023 0.00804203
3024 0.00804203
3025 0.00791232
3026 0.00791232
3027 0.00791232
3028 0.00791232
3029 0.00791232
3030 0.00791232
3031 0.00787989
3032 0.00787989
3033 0.00784746
3034 0.00784746
3035 0.00784746
3036 0.00784746
3037 0.00784746
3038 0.00784746
3039 0.00784746
3040 0.00784746
3041 0.00781503
3042 0.00781503
3043 0.00781503
3044 0.00781503
3045 0.00781503
3046 0.00781503
3047 0.00781503
3048 0.00781503
3049 0.00775018
3050 0.00775018
3051 0.00775018
3052 0.00775018
3053 0.00775018
3054 0.00775018
3055 0.00775018
3056 0.00775018
3057 0.00768532
3058 0.00768532
3059 0.00768532
3060 0.00768532
3061 0.00768532
3062 0.00768532
3063 0.00768532
3064 0.00768532
3065 0.00755561
3066 0.00755561
3067 0.00755561
3068 0.00755561
3069 0.00755561
3070 0.00755561
3071 0.00755561
3072 0.00755561
3073 0.00749076
3074 0.00749076
3075 0.00749076
3076 0.00749076
3077 0.00749076
3078 0.00749076
3079 0.00749076
3080 0.00749076
3081 0.0074259
3082 0.0074259
3083 0.0074259
3084 0.0074259
3085 0.0074259
3086 0.0074259
3087 0.0074259
3088 0.0074259
3089 0.00736105
3090 0.00736105
3091 0.00736105
3092 0.00736105
3093 0.00736105
3094 0.00736105
3095 0.00736105
3096 0.00736105
3097 0.00723134
3098 0.00723134
3099 0.00723134
3100 0.00723134
3101 0.00723134
3102 0.00723134
3103 0.00716648
3104 0.00716648
3105 0.00703677
3106 0.00703677
3107 0.00703677
3108 0.00703677
3109 0.00703677
3110 0.00703677
3111 0.00703677
3112 0.00703677
3113 0.00690706
3114 0.00690706
3115 0.00690706
3116 0.00690706
3117 0.00690706
3118 0.00690706
3119 0.00687464
3120 0.00687464
3121 0.00674492
3122 0.00674492
3123 0.00674492
3124 0.00674492
3125 0.00674492
3126 0.00674492
3127 0.00668007
3128 0.00668007
3129 0.00664764
3130 0.00664764
3131 0.00664764
3132 0.00664764
3133 0.00664764
3134 0.00664764
3135 0.00664764
3136 0.00664764
3137 0.00661521
3138 0.00661521
3139 0.00661521
3140 0.00661521
3141 0.00661521
3142 0.00661521
3143 0.00661521
3144 0.00661521
3145 0.00651793
3146 0.00651793
3147 0.00651793
3148 0.00651793
3149 0.00651793
3150 0.00651793
3151 0.00651793
3152 0.00651793
3153 0.00638822
3154 0.00638822
3155 0.00638822
3156 0.00638822
3157 0.00638822
3158 0.00638822
3159 0.00635579
3160 0.00635579
3161 0.00632337
3162 0.00632337
3163 0.00632337
3164 0.00632337
3165 0.00632337
3166 0.00632337
3167 0.00632337
3168 0.00632337
3169 0.00625851
3170 0.00625851
3171 0.00625851
3172 0.00625851
3173 0.00625851
3174 0.00625851
3175 0.00625851
3176 0.00625851
3177 0.0061288
3178 0.0061288
3179 0.0061288
3180 0.0061288
3181 0.0061288
3182 0.0061288
3183 0.00609637
3184 0.00609637
3185 0.00606395
3186 0.00606395
3187 0.00606395
3188 0.00606395
3189 0.00606395
3190 0.00606395
3191 0.00606395
3192 0.00606395
3193 0.00603152
3194 0.00603152
3195 0.00603152
3196 0.00603152
3197 0.00603152
3198 0.00603152
3199 0.00603152
3200 0.00603152
3201 0.00596666
3202 0.00596666
3203 0.00596666
3204 0.00596666
3205 0.00596666
3206 0.00596666
3207 0.00593424
3208 0.00593424
3209 0.00583695
3210 0.00583695
3211 0.00583695
3212 0.00583695
3213 0.00583695
3214 0.00583695
3215 0.00583695
3216 0.00583695
3217 0.00583695
3218 0.00583695
3219 0.00583695
3220 0.00583695
3221 0.00583695
3222 0.00583695
3223 0.00583695
3224 0.00583695
3225 0.00573967
3226 0.00573967
3227 0.00573967
3228 0.00573967
3229 0.00573967
3230 0.00573967
3231 0.00573967
3232 0.00573967
3233 0.00573967
3234 0.00573967
3235 0.00573967
3236 0.00573967
3237 0.00573967
3238 0.00573967
3239 0.00573967
3240 0.00573967
3241 0.00564239
3242 0.00564239
3243 0.00564239
3244 0.00564239
3245 0.00564239
3246 0.00564239
3247 0.00564239
3248 0.00564239
3249 0.00557753
3250 0.00557753
3251 0.00557753
3252 0.00557753
3253 0.00557753
3254 0.00557753
3255 0.00554511
3256 0.00554511
3257 0.00554511
3258 0.00554511
3259 0.00554511
3260 0.00554511
3261 0.00554511
3262 0.00554511
3263 0.00554511
3264 0.00554511
3265 0.00551268
3266 0.00551268
3267 0.00551268
3268 0.00551268
3269 0.00551268
3270 0.00551268
3271 0.00551268
3272 0.00551268
3273 0.00544782
3274 0.00544782
3275 0.00544782
3276 0.00544782
3277 0.00544782
3278 0.00544782
3279 0.0054154
3280 0.0054154
3281 0.00535054
3282 0.00535054
3283 0.00535054
3284 0.00535054
3285 0.00535054
3286 0.00535054
3287 0.00535054
3288 0.00535054
3289 0.00528569
3290 0.00528569
3291 0.00528569
3292 0.00528569
3293 0.00528569
3294 0.00528569
3295 0.00528569
3296 0.00528569
3297 0.00525326
3298 0.00525326
3299 0.00525326
3300 0.00525326
3301 0.00525326
3302 0.00525326
3303 0.00522083
3304 0.00522083
3305 0.00509112
3306 0.00509112
3307 0.00509112
3308 0.00509112
3309 0.00509112
3310 0.00509112
3311 0.00509112
3312 0.00509112
3313 0.00505869
3314 0.00505869
3315 0.00505869
3316 0.00505869
3317 0.00505869
3318 0.00505869
3319 0.00505869
3320 0.00505869
3321 0.00492898
3322 0.00492898
3323 0.00492898
3324 0.00492898
3325 0.00492898
3326 0.00492898
3327 0.00492898
3328 0.00492898
3329 0.00492898
3330 0.00492898
3331 0.00492898
3332 0.00492898
3333 0.00492898
3334 0.00492898
3335 0.00492898
3336 0.00492898
3337 0.00489656
3338 0.00489656
3339 0.00489656
3340 0.00489656
3341 0.00489656
3342 0.00489656
3343 0.00489656
3344 0.00489656
3345 0.00489656
3346 0.00489656
3347 0.00489656
3348 0.00489656
3349 0.00489656
3350 0.00489656
3351 0.00489656
3352 0.00489656
3353 0.00486413
3354 0.00486413
3355 0.00486413
3356 0.00486413
3357 0.00486413
3358 0.00486413
3359 0.00486413
3360 0.00486413
3361 0.00479927
3362 0.00479927
3363 0.00479927
3364 0.00479927
3365 0.00479927
3366 0.00479927
3367 0.00479927
3368 0.00479927
3369 0.00476685
3370 0.00476685
3371 0.00476685
3372 0.00476685
3373 0.00476685
3374 0.00476685
3375 0.00476685
3376 0.00476685
3377 0.00466956
3378 0.00466956
3379 0.00466956
3380 0.00466956
3381 0.00466956
3382 0.00466956
3383 0.00466956
3384 0.00466956
3385 0.00460471
3386 0.00460471
3387 0.00460471
3388 0.00460471
3389 0.00460471
3390 0.00460471
3391 0.00457228
3392 0.00457228
3393 0.00450743
3394 0.00450743
3395 0.00450743
3396 0.00450743
3397 0.00450743
3398 0.00450743
3399 0.00450743
3400 0.00450743
3401 0.00434529
3402 0.00434529
3403 0.00434529
3404 0.00434529
3405 0.00434529
3406 0.00434529
3407 0.00431286
3408 0.00431286
3409 0.00415072
3410 0.00415072
3411 0.00415072
3412 0.00415072
3413 0.00415072
3414 0.00415072
3415 0.00415072
3416 0.00415072
3417 0.00405344
3418 0.00405344
3419 0.00405344
3420 0.00405344
3421 0.00405344
3422 0.00405344
3423 0.00402101
3424 0.00402101
3425 0.00398859
3426 0.00398859
3427 0.00398859
3428 0.00398859
3429 0.00398859
3430 0.00398859
3431 0.00395616
3432 0.00395616
3433 0.00395616
3434 0.00395616
3435 0.00395616
3436 0.00395616
3437 0.00395616
3438 0.00395616
3439 0.00395616
3440 0.00395616
3441 0.0038913
3442 0.0038913
3443 0.0038913
3444 0.0038913
3445 0.0038913
3446 0.0038913
3447 0.0038913
3448 0.0038913
3449 0.0038913
3450 0.0038913
3451 0.0038913
3452 0.0038913
3453 0.0038913
3454 0.0038913
3455 0.0038913
3456 0.0038913
3457 0.00382645
3458 0.00382645
3459 0.00382645
3460 0.00382645
3461 0.00382645
3462 0.00382645
3463 0.00382645
3464 0.00382645
3465 0.00379402
3466 0.00379402
3467 0.00379402
3468 0.00379402
3469 0.00379402
3470 0.00379402
3471 0.00379402
3472 0.00379402
3473 0.00379402
3474 0.00379402
3475 0.00379402
3476 0.00379402
3477 0.00379402
3478 0.00379402
3479 0.00379402
3480 0.00379402
3481 0.00376159
3482 0.00376159
3483 0.00376159
3484 0.00376159
3485 0.00376159
3486 0.00376159
3487 0.00376159
3488 0.00376159
3489 0.00366431
3490 0.00366431
3491 0.00366431
3492 0.00366431
3493 0.00366431
3494 0.00366431
3495 0.00366431
3496 0.00366431
3497 0.00366431
3498 0.00366431
3499 0.00366431
3500 0.00366431
3501 0.00366431
3502 0.00366431
3503 0.00363188
3504 0.00363188
3505 0.0035346
3506 0.0035346
3507 0.0035346
3508 0.0035346
3509 0.0035346
3510 0.0035346
3511 0.0035346
3512 0.0035346
3513 0.00350217
3514 0.00350217
3515 0.00350217
3516 0.00350217
3517 0.00350217
3518 0.00350217
3519 0.00350217
3520 0.00350217
3521 0.00343732
3522 0.00343732
3523 0.00343732
3524 0.00343732
3525 0.00343732
3526 0.00343732
3527 0.00343732
3528 0.00343732
3529 0.00337246
3530 0.00337246
3531 0.00337246
3532 0.00337246
3533 0.00337246
3534 0.00337246
3535 0.00337246
3536 0.00337246
3537 0.00334003
3538 0.00334003
3539 0.00334003
3540 0.00334003
3541 0.00334003
3542 0.00334003
3543 0.00334003
3544 0.00334003
3545 0.00334003
3546 0.00334003
3547 0.00334003
3548 0.00334003
3549 0.00334003
3550 0.00334003
3551 0.00334003
3552 0.00334003
3553 0.00330761
3554 0.00330761
3555 0.00330761
3556 0.00330761
3557 0.00330761
3558 0.00330761
3559 0.00330761
3560 0.00330761
3561 0.00327518
3562 0.00327518
3563 0.00327518
3564 0.00327518
3565 0.00327518
3566 0.00327518
3567 0.00327518
3568 0.00327518
3569 0.00321033
3570 0.00321033
3571 0.00321033
3572 0.00321033
3573 0.00321033
3574 0.00321033
3575 0.00321033
3576 0.00321033
3577 0.00321033
3578 0.00321033
3579 0.00321033
3580 0.00321033
3581 0.00321033
3582 0.00321033
3583 0.00321033
3584 0.00321033
3585 0.00321033
3586 0.00321033
3587 0.00321033
3588 0.00321033
3589 0.00321033
3590 0.00321033
3591 0.00321033
3592 0.00321033
3593 0.00308061
3594 0.00308061
3595 0.00308061
3596 0.00308061
3597 0.00308061
3598 0.00308061
3599 0.00308061
3600 0.00308061
3601 0.00301576
3602 0.00301576
3603 0.00301576
3604 0.00301576
3605 0.00301576
3606 0.00301576
3607 0.00301576
3608 0.00301576
3609 0.00291848
3610 0.00291848
3611 0.00291848
3612 0.00291848
3613 0.00291848
3614 0.00291848
3615 0.00291848
3616 0.00291848
3617 0.00288605
3618 0.00288605
3619 0.00288605
3620 0.00288605
3621 0.00288605
3622 0.00288605
3623 0.00288605
3624 0.00288605
3625 0.00282119
3626 0.00282119
3627 0.00282119
3628 0.00282119
3629 0.00282119
3630 0.00282119
3631 0.00282119
3632 0.00282119
3633 0.00278877
3634 0.00278877
3635 0.00278877
3636 0.00278877
3637 0.00278877
3638 0.00278877
3639 0.00278877
3640 0.00278877
3641 0.00278877
3642 0.00278877
3643 0.00278877
3644 0.00278877
3645 0.00278877
3646 0.00278877
3647 0.00278877
3648 0.00278877
3649 0.00272391
3650 0.00272391
3651 0.00272391
3652 0.00272391
3653 0.00272391
3654 0.00272391
3655 0.00269148
3656 0.00269148
3657 0.00269148
3658 0.00269148
3659 0.00269148
3660 0.00269148
3661 0.00269148
3662 0.00269148
3663 0.00269148
3664 0.00269148
3665 0.00269148
3666 0.00269148
3667 0.00269148
3668 0.00269148
3669 0.00269148
3670 0.00269148
3671 0.00269148
3672 0.00269148
3673 0.00265906
3674 0.00265906
3675 0.00265906
3676 0.00265906
3677 0.00265906
3678 0.00265906
3679 0.00265906
3680 0.00265906
3681 0.0025942
3682 0.0025942
3683 0.0025942
3684 0.0025942
3685 0.0025942
3686 0.0025942
3687 0.0025942
3688 0.0025942
3689 0.00256177
3690 0.00256177
3691 0.00256177
3692 0.00256177
3693 0.00256177
3694 0.00256177
3695 0.00256177
3696 0.00256177
3697 0.00252935
3698 0.00252935
3699 0.00252935
3700 0.00252935
3701 0.00252935
3702 0.00252935
3703 0.00252935
3704 0.00252935
3705 0.00249692
3706 0.00249692
3707 0.00249692
3708 0.00249692
3709 0.00249692
3710 0.00249692
3711 0.00249692
3712 0.00249692
3713 0.00239964
3714 0.00239964
3715 0.00239964
3716 0.00239964
3717 0.00239964
3718 0.00239964
3719 0.00239964
3720 0.00239964
3721 0.00233478
3722 0.00233478
3723 0.00233478
3724 0.00233478
3725 0.00233478
3726 0.00233478
3727 0.00233478
3728 0.00233478
3729 0.00233478
3730 0.00233478
3731 0.00233478
3732 0.00233478
3733 0.00233478
3734 0.00233478
3735 0.00233478
3736 0.00233478
3737 0.00233478
3738 0.00233478
3739 0.00233478
3740 0.00233478
3741 0.00233478
3742 0.00233478
3743 0.00233478
3744 0.00233478
3745 0.00226993
3746 0.00226993
3747 0.00226993
3748 0.00226993
3749 0.00226993
3750 0.00226993
3751 0.00226993
3752 0.00226993
3753 0.0022375
3754 0.0022375
3755 0.0022375
3756 0.0022375
3757 0.0022375
3758 0.0022375
3759 0.0022375
3760 0.0022375
3761 0.00220507
3762 0.00220507
3763 0.00220507
3764 0.00220507
3765 0.00220507
3766 0.00220507
3767 0.00220507
3768 0.00220507
3769 0.00217264
3770 0.00217264
3771 0.00217264
3772 0.00217264
3773 0.00217264
3774 0.00217264
3775 0.00217264
3776 0.00217264
3777 0.00214022
3778 0.00214022
3779 0.00214022
3780 0.00214022
3781 0.00214022
3782 0.00214022
3783 0.00214022
3784 0.00214022
3785 0.00214022
3786 0.00214022
3787 0.00214022
3788 0.00214022
3789 0.00214022
3790 0.00214022
3791 0.00214022
3792 0.00214022
3793 0.00214022
3794 0.00214022
3795 0.00214022
3796 0.00214022
3797 0.00214022
3798 0.00214022
3799 0.00214022
3800 0.00214022
3801 0.00210779
3802 0.00210779
3803 0.00210779
3804 0.00210779
3805 0.00210779
3806 0.00210779
3807 0.00210779
3808 0.00210779
3809 0.00210779
3810 0.00210779
3811 0.00210779
3812 0.00210779
3813 0.00210779
3814 0.00210779
3815 0.00210779
3816 0.00210779
3817 0.00204293
3818 0.00204293
3819 0.00204293
3820 0.00204293
3821 0.00204293
3822 0.00204293
3823 0.00204293
3824 0.00204293
3825 0.00197808
3826 0.00197808
3827 0.00197808
3828 0.00197808
3829 0.00197808
3830 0.00197808
3831 0.00197808
3832 0.00197808
3833 0.00191322
3834 0.00191322
3835 0.00191322
3836 0.00191322
3837 0.00191322
3838 0.00191322
3839 0.00191322
3840 0.00191322
3841 0.0018808
3842 0.0018808
3843 0.0018808
3844 0.0018808
3845 0.0018808
3846 0.0018808
3847 0.0018808
3848 0.0018808
3849 0.00184837
3850 0.00184837
3851 0.00184837
3852 0.00184837
3853 0.00184837
3854 0.00184837
3855 0.00184837
3856 0.00184837
3857 0.00184837
3858 0.00184837
3859 0.00184837
3860 0.00184837
3861 0.00184837
3862 0.00184837
3863 0.00184837
3864 0.00184837
3865 0.00184837
3866 0.00184837
3867 0.00184837
3868 0.00184837
3869 0.00184837
3870 0.00184837
3871 0.00184837
3872 0.00184837
3873 0.00184837
3874 0.00184837
3875 0.00184837
3876 0.00184837
3877 0.00184837
3878 0.00184837
3879 0.00184837
3880 0.00184837
3881 0.00181594
3882 0.00181594
3883 0.00181594
3884 0.00181594
3885 0.00181594
3886 0.00181594
3887 0.00181594
3888 0.00181594
3889 0.00181594
3890 0.00181594
3891 0.00181594
3892 0.00181594
3893 0.00181594
3894 0.00181594
3895 0.00178351
3896 0.00178351
3897 0.00178351
3898 0.00178351
3899 0.00178351
3900 0.00178351
3901 0.00178351
3902 0.00178351
3903 0.00178351
3904 0.00178351
3905 0.00178351
3906 0.00178351
3907 0.00178351
3908 0.00178351
3909 0.00178351
3910 0.00178351
3911 0.00178351
3912 0.00178351
3913 0.00178351
3914 0.00178351
3915 0.00178351
3916 0.00178351
3917 0.00178351
3918 0.00178351
3919 0.00178351
3920 0.00178351
3921 0.00178351
3922 0.00178351
3923 0.00178351
3924 0.00178351
3925 0.00178351
3926 0.00178351
3927 0.00178351
3928 0.00178351
3929 0.00168623
3930 0.00168623
3931 0.00168623
3932 0.00168623
3933 0.00168623
3934 0.00168623
3935 0.00168623
3936 0.00168623
3937 0.0016538
3938 0.0016538
3939 0.0016538
3940 0.0016538
3941 0.0016538
3942 0.0016538
3943 0.0016538
3944 0.0016538
3945 0.00162138
3946 0.00162138
3947 0.00162138
3948 0.00162138
3949 0.00162138
3950 0.00162138
3951 0.00162138
3952 0.00162138
3953 0.00162138
3954 0.00162138
3955 0.00162138
3956 0.00162138
3957 0.00162138
3958 0.00162138
3959 0.00162138
3960 0.00162138
3961 0.00162138
3962 0.00162138
3963 0.00162138
3964 0.00162138
3965 0.00162138
3966 0.00162138
3967 0.00162138
3968 0.00162138
3969 0.00162138
3970 0.00162138
3971 0.00162138
3972 0.00162138
3973 0.00162138
3974 0.00162138
3975 0.00162138
3976 0.00162138
3977 0.00162138
3978 0.00162138
3979 0.00162138
3980 0.00162138
3981 0.00162138
3982 0.00162138
3983 0.00162138
3984 0.00162138
3985 0.00158895
3986 0.00158895
3987 0.00158895
3988 0.00158895
3989 0.00158895
3990 0.00158895
3991 0.00158895
3992 0.00158895
3993 0.00158895
3994 0.00158895
3995 0.00158895
3996 0.00158895
3997 0.00158895
3998 0.00158895
3999 0.00158895
4000 0.00158895
4001 0.00155652
4002 0.00155652
4003 0.00155652
4004 0.00155652
4005 0.00155652
4006 0.00155652
4007 0.00155652
4008 0.00155652
4009 0.00149167
4010 0.00149167
4011 0.00149167
4012 0.00149167
4013 0.00149167
4014 0.00149167
4015 0.00149167
4016 0.00149167
4017 0.00149167
4018 0.00149167
4019 0.00149167
4020 0.00149167
4021 0.00149167
4022 0.00149167
4023 0.00149167
4024 0.00149167
4025 0.00145924
4026 0.00145924
4027 0.00145924
4028 0.00145924
4029 0.00145924
4030 0.00145924
4031 0.00145924
4032 0.00145924
4033 0.00145924
4034 0.00145924
4035 0.00145924
4036 0.00145924
4037 0.00145924
4038 0.00145924
4039 0.00145924
4040 0.00145924
4041 0.00145924
4042 0.00145924
4043 0.00145924
4044 0.00145924
4045 0.00145924
4046 0.00145924
4047 0.00145924
4048 0.00145924
4049 0.00142681
4050 0.00142681
4051 0.00142681
4052 0.00142681
4053 0.00142681
4054 0.00142681
4055 0.00142681
4056 0.00142681
4057 0.00139438
4058 0.00139438
4059 0.00139438
4060 0.00139438
4061 0.00139438
4062 0.00139438
4063 0.00139438
4064 0.00139438
4065 0.00136196
4066 0.00136196
4067 0.00136196
4068 0.00136196
4069 0.00136196
4070 0.00136196
4071 0.00136196
4072 0.00136196
4073 0.00132953
4074 0.00132953
4075 0.00132953
4076 0.00132953
4077 0.00132953
4078 0.00132953
4079 0.00132953
4080 0.00132953
4081 0.00132953
4082 0.00132953
4083 0.00132953
4084 0.00132953
4085 0.00132953
4086 0.00132953
4087 0.00132953
4088 0.00132953
4089 0.00132953
4090 0.00132953
4091 0.00132953
4092 0.00132953
4093 0.00132953
4094 0.00132953
4095 0.00132953
4096 0.00132953
4097 0.00132953
4098 0.00132953
4099 0.00132953
4100 0.00132953
4101 0.00132953
4102 0.00132953
4103 0.00132953
4104 0.00132953
4105 0.00132953
4106 0.00132953
4107 0.00132953
4108 0.00132953
4109 0.00132953
4110 0.00132953
4111 0.00132953
4112 0.00132953
4113 0.00132953
4114 0.00132953
4115 0.00132953
4116 0.00132953
4117 0.00132953
4118 0.00132953
4119 0.00132953
4120 0.00132953
4121 0.00132953
4122 0.00132953
4123 0.00132953
4124 0.00132953
4125 0.00132953
4126 0.00132953
4127 0.00132953
4128 0.00132953
4129 0.00132953
4130 0.00132953
4131 0.00132953
4132 0.00132953
4133 0.00132953
4134 0.00132953
4135 0.00132953
4136 0.00132953
4137 0.00132953
4138 0.00132953
4139 0.00132953
4140 0.00132953
4141 0.00132953
4142 0.00132953
4143 0.00132953
4144 0.00132953
4145 0.00132953
4146 0.00132953
4147 0.00132953
4148 0.00132953
4149 0.00132953
4150 0.00132953
4151 0.00132953
4152 0.00132953
4153 0.00132953
4154 0.00132953
4155 0.00132953
4156 0.00132953
4157 0.00132953
4158 0.00132953
4159 0.0012971
4160 0.0012971
4161 0.00126467
4162 0.00126467
4163 0.00126467
4164 0.00126467
4165 0.00126467
4166 0.00126467
4167 0.00126467
4168 0.00126467
4169 0.00119982
4170 0.00119982
4171 0.00119982
4172 0.00119982
4173 0.00119982
4174 0.00119982
4175 0.00119982
4176 0.00119982
4177 0.00116739
4178 0.00116739
4179 0.00116739
4180 0.00116739
4181 0.00116739
4182 0.00116739
4183 0.00116739
4184 0.00116739
4185 0.00116739
4186 0.00116739
4187 0.00116739
4188 0.00116739
4189 0.00116739
4190 0.00116739
4191 0.00116739
4192 0.00116739
4193 0.00116739
4194 0.00116739
4195 0.00116739
4196 0.00116739
4197 0.00116739
4198 0.00116739
4199 0.00116739
4200 0.00116739
4201 0.00116739
4202 0.00116739
4203 0.00116739
4204 0.00116739
4205 0.00116739
4206 0.00116739
4207 0.00116739
4208 0.00116739
4209 0.00116739
4210 0.00116739
4211 0.00116739
4212 0.00116739
4213 0.00116739
4214 0.00116739
4215 0.00116739
4216 0.00116739
4217 0.00113496
4218 0.00113496
4219 0.00113496
4220 0.00113496
4221 0.00113496
4222 0.00113496
4223 0.00113496
4224 0.00113496
4225 0.00113496
4226 0.00113496
4227 0.00113496
4228 0.00113496
4229 0.00113496
4230 0.00113496
4231 0.00113496
4232 0.00113496
4233 0.00113496
4234 0.00113496
4235 0.00113496
4236 0.00113496
4237 0.00113496
4238 0.00113496
4239 0.00113496
4240 0.00113496
4241 0.00113496
4242 0.00113496
4243 0.00113496
4244 0.00113496
4245 0.00113496
4246 0.00113496
4247 0.00113496
4248 0.00113496
4249 0.00113496
4250 0.00113496
4251 0.00113496
4252 0.00113496
4253 0.00113496
4254 0.00113496
4255 0.00113496
4256 0.00113496
4257 0.00113496
4258 0.00113496
4259 0.00113496
4260 0.00113496
4261 0.00113496
4262 0.00113496
4263 0.00113496
4264 0.00113496
4265 0.00113496
4266 0.00113496
4267 0.00113496
4268 0.00113496
4269 0.00113496
4270 0.00113496
4271 0.00113496
4272 0.00113496
4273 0.00113496
4274 0.00113496
4275 0.00113496
4276 0.00113496
4277 0.00113496
4278 0.00113496
4279 0.00113496
4280 0.00113496
4281 0.00113496
4282 0.00113496
4283 0.00113496
4284 0.00113496
4285 0.00113496
4286 0.00113496
4287 0.00113496
4288 0.00113496
4289 0.00113496
4290 0.00113496
4291 0.00113496
4292 0.00113496
4293 0.00113496
4294 0.00113496
4295 0.00113496
4296 0.00113496
4297 0.00113496
4298 0.00113496
4299 0.00113496
4300 0.00113496
4301 0.00113496
4302 0.00113496
4303 0.00113496
4304 0.00113496
4305 0.00113496
4306 0.00113496
4307 0.00113496
4308 0.00113496
4309 0.00113496
4310 0.00113496
4311 0.00113496
4312 0.00113496
4313 0.00113496
4314 0.00113496
4315 0.00113496
4316 0.00113496
4317 0.00113496
4318 0.00113496
4319 0.00113496
4320 0.00113496
4321 0.00113496
4322 0.00113496
4323 0.00113496
4324 0.00113496
4325 0.00113496
4326 0.00113496
4327 0.00113496
4328 0.00113496
4329 0.00113496
4330 0.00113496
4331 0.00113496
4332 0.00113496
4333 0.00113496
4334 0.00113496
4335 0.00113496
4336 0.00113496
4337 0.00113496
4338 0.00113496
4339 0.00113496
4340 0.00113496
4341 0.00113496
4342 0.00113496
4343 0.00113496
4344 0.00113496
4345 0.00110254
4346 0.00110254
4347 0.00110254
4348 0.00110254
4349 0.00110254
4350 0.00110254
4351 0.00110254
4352 0.00110254
4353 0.00110254
4354 0.00110254
4355 0.00110254
4356 0.00110254
4357 0.00110254
4358 0.00110254
4359 0.00107011
4360 0.00107011
4361 0.00107011
4362 0.00107011
4363 0.00107011
4364 0.00107011
4365 0.00107011
4366 0.00107011
4367 0.00107011
4368 0.00107011
4369 0.00107011
4370 0.00107011
4371 0.00107011
4372 0.00107011
4373 0.00107011
4374 0.00107011
4375 0.00107011
4376 0.00107011
4377 0.00103768
4378 0.00103768
4379 0.00103768
4380 0.00103768
4381 0.00103768
4382 0.00103768
4383 0.00100525
4384 0.00100525
4385 0.00100525
4386 0.00100525
4387 0.00100525
4388 0.00100525
4389 0.00100525
4390 0.00100525
4391 0.00100525
4392 0.00100525
4393 0.00100525
4394 0.00100525
4395 0.00100525
4396 0.00100525
4397 0.00100525
4398 0.00100525
4399 0.00100525
4400 0.00100525
4401 0.00100525
4402 0.00100525
4403 0.00100525
4404 0.00100525
4405 0.00100525
4406 0.00100525
4407 0.00100525
4408 0.00100525
4409 0.00100525
4410 0.00100525
4411 0.00100525
4412 0.00100525
4413 0.00100525
4414 0.00100525
4415 0.00100525
4416 0.00100525
4417 0.00100525
4418 0.00100525
4419 0.00100525
4420 0.00100525
4421 0.00100525
4422 0.00100525
4423 0.00100525
4424 0.00100525
4425 0.000940398
4426 0.000940398
4427 0.000940398
4428 0.000940398
4429 0.000940398
4430 0.000940398
4431 0.000940398
4432 0.000940398
4433 0.000940398
4434 0.000940398
4435 0.000940398
4436 0.000940398
4437 0.000940398
4438 0.000940398
4439 0.000940398
4440 0.000940398
4441 0.000940398
4442 0.000940398
4443 0.000940398
4444 0.000940398
4445 0.000940398
4446 0.000940398
4447 0.000940398
4448 0.000940398
4449 0.000940398
4450 0.000940398
4451 0.000940398
4452 0.000940398
4453 0.000940398
4454 0.000940398
4455 0.000940398
4456 0.000940398
4457 0.000940398
4458 0.000940398
4459 0.000940398
4460 0.000940398
4461 0.000940398
4462 0.000940398
4463 0.000940398
4464 0.000940398
4465 0.000907971
4466 0.000907971
4467 0.000907971
4468 0.000907971
4469 0.000907971
4470 0.000907971
4471 0.000907971
4472 0.000907971
4473 0.000875543
4474 0.000875543
4475 0.000875543
4476 0.000875543
4477 0.000875543
4478 0.000875543
4479 0.000875543
4480 0.000875543
4481 0.000875543
4482 0.000875543
4483 0.000875543
4484 0.000875543
4485 0.000875543
4486 0.000875543
4487 0.000875543
4488 0.000875543
4489 0.000875543
4490 0.000875543
4491 0.000875543
4492 0.000875543
4493 0.000875543
4494 0.000875543
4495 0.000875543
4496 0.000875543
4497 0.000875543
4498 0.000875543
4499 0.000875543
4500 0.000875543
4501 0.000875543
4502 0.000875543
4503 0.000875543
4504 0.000875543
4505 0.000875543
4506 0.000875543
4507 0.000875543
4508 0.000875543
4509 0.000875543
4510 0.000875543
4511 0.000875543
4512 0.000875543
4513 0.000875543
4514 0.000875543
4515 0.000875543
4516 0.000875543
4517 0.000875543
4518 0.000875543
4519 0.000875543
4520 0.000875543
4521 0.000843116
4522 0.000843116
4523 0.000843116
4524 0.000843116
4525 0.000843116
4526 0.000843116
4527 0.000843116
4528 0.000843116
4529 0.000843116
4530 0.000843116
4531 0.000843116
4532 0.000843116
4533 0.000843116
4534 0.000843116
4535 0.000843116
4536 0.000843116
4537 0.000843116
4538 0.000843116
4539 0.000843116
4540 0.000843116
4541 0.000843116
4542 0.000843116
4543 0.000810688
4544 0.000810688
4545 0.000778261
4546 0.000778261
4547 0.000778261
4548 0.000778261
4549 0.000778261
4550 0.000778261
4551 0.000778261
4552 0.000778261
4553 0.000778261
4554 0.000778261
4555 0.000778261
4556 0.000778261
4557 0.000778261
4558 0.000778261
4559 0.000778261
4560 0.000778261
4561 0.000778261
4562 0.000778261
4563 0.000778261
4564 0.000778261
4565 0.000778261
4566 0.000778261
4567 0.000778261
4568 0.000778261
4569 0.000745833
4570 0.000745833
4571 0.000745833
4572 0.000745833
4573 0.000745833
4574 0.000745833
4575 0.000745833
4576 0.000745833
4577 0.000745833
4578 0.000745833
4579 0.000745833
4580 0.000745833
4581 0.000745833
4582 0.000745833
4583 0.000745833
4584 0.000745833
4585 0.000745833
4586 0.000745833
4587 0.000745833
4588 0.000745833
4589 0.000745833
4590 0.000745833
4591 0.000745833
4592 0.000745833
4593 0.000745833
4594 0.000745833
4595 0.000745833
4596 0.000745833
4597 0.000745833
4598 0.000745833
4599 0.000745833
4600 0.000745833
4601 0.000745833
4602 0.000745833
4603 0.000745833
4604 0.000745833
4605 0.000745833
4606 0.000745833
4607 0.000745833
4608 0.000745833
4609 0.000745833
4610 0.000745833
4611 0.000745833
4612 0.000745833
4613 0.000745833
4614 0.000745833
4615 0.000745833
4616 0.000745833
4617 0.000745833
4618 0.000745833
4619 0.000745833
4620 0.000745833
4621 0.000745833
4622 0.000745833
4623 0.000713406
4624 0.000713406
4625 0.000713406
4626 0.000713406
4627 0.000713406
4628 0.000713406
4629 0.000713406
4630 0.000713406
4631 0.000713406
4632 0.000713406
4633 0.000713406
4634 0.000713406
4635 0.000713406
4636 0.000713406
4637 0.000713406
4638 0.000713406
4639 0.000713406
4640 0.000713406
4641 0.000680978
4642 0.000680978
4643 0.000680978
4644 0.000680978
4645 0.000680978
4646 0.000680978
4647 0.000680978
4648 0.000680978
4649 0.000680978
4650 0.000680978
4651 0.000680978
4652 0.000680978
4653 0.000680978
4654 0.000680978
4655 0.000648551
4656 0.000648551
4657 0.000616123
4658 0.000616123
4659 0.000616123
4660 0.000616123
4661 0.000616123
4662 0.000616123
4663 0.000616123
4664 0.000616123
4665 0.000616123
4666 0.000616123
4667 0.000616123
4668 0.000616123
4669 0.000616123
4670 0.000616123
4671 0.000616123
4672 0.000616123
4673 0.000616123
4674 0.000616123
4675 0.000616123
4676 0.000616123
4677 0.000616123
4678 0.000616123
4679 0.000616123
4680 0.000616123
4681 0.000616123
4682 0.000616123
4683 0.000616123
4684 0.000616123
4685 0.000616123
4686 0.000616123
4687 0.000616123
4688 0.000616123
4689 0.000616123
4690 0.000616123
4691 0.000616123
4692 0.000616123
4693 0.000616123
4694 0.000616123
4695 0.000616123
4696 0.000616123
4697 0.000616123
4698 0.000616123
4699 0.000616123
4700 0.000616123
4701 0.000616123
4702 0.000616123
4703 0.000616123
4704 0.000616123
4705 0.000616123
4706 0.000616123
4707 0.000616123
4708 0.000616123
4709 0.000616123
4710 0.000616123
4711 0.000616123
4712 0.000616123
4713 0.000616123
4714 0.000616123
4715 0.000616123
4716 0.000616123
4717 0.000616123
4718 0.000616123
4719 0.000616123
4720 0.000616123
4721 0.000616123
4722 0.000616123
4723 0.000616123
4724 0.000616123
4725 0.000616123
4726 0.000616123
4727 0.000616123
4728 0.000616123
4729 0.000616123
4730 0.000616123
4731 0.000616123
4732 0.000616123
4733 0.000616123
4734 0.000616123
4735 0.000616123
4736 0.000616123
4737 0.000616123
4738 0.000616123
4739 0.000616123
4740 0.000616123
4741 0.000616123
4742 0.000616123
4743 0.000616123
4744 0.000616123
4745 0.000616123
4746 0.000616123
4747 0.000616123
4748 0.000616123
4749 0.000616123
4750 0.000616123
4751 0.000616123
4752 0.000616123
4753 0.000616123
4754 0.000616123
4755 0.000616123
4756 0.000616123
4757 0.000616123
4758 0.000616123
4759 0.000616123
4760 0.000616123
4761 0.000616123
4762 0.000616123
4763 0.000616123
4764 0.000616123
4765 0.000616123
4766 0.000616123
4767 0.000616123
4768 0.000616123
4769 0.000616123
4770 0.000616123
4771 0.000616123
4772 0.000616123
4773 0.000616123
4774 0.000616123
4775 0.000616123
4776 0.000616123
4777 0.000583695
4778 0.000583695
4779 0.000583695
4780 0.000583695
4781 0.000583695
4782 0.000583695
4783 0.000583695
4784 0.000583695
4785 0.000551268
4786 0.000551268
4787 0.000551268
4788 0.000551268
4789 0.000551268
4790 0.000551268
4791 0.000551268
4792 0.000551268
4793 0.000551268
4794 0.000551268
4795 0.000551268
4796 0.000551268
4797 0.000551268
4798 0.000551268
4799 0.000551268
4800 0.000551268
4801 0.000551268
4802 0.000551268
4803 0.000551268
4804 0.000551268
4805 0.000551268
4806 0.000551268
4807 0.000551268
4808 0.000551268
4809 0.000486413
4810 0.000486413
4811 0.000486413
4812 0.000486413
4813 0.000486413
4814 0.000486413
4815 0.000486413
4816 0.000486413
4817 0.000486413
4818 0.000486413
4819 0.000486413
4820 0.000486413
4821 0.000486413
4822 0.000486413
4823 0.000453985
4824 0.000453985
4825 0.000421558
4826 0.000421558
4827 0.000421558
4828 0.000421558
4829 0.000421558
4830 0.000421558
4831 0.000421558
4832 0.000421558
4833 0.00038913
4834 0.00038913
4835 0.00038913
4836 0.00038913
4837 0.00038913
4838 0.00038913
4839 0.00038913
4840 0.00038913
4841 0.00038913
4842 0.00038913
4843 0.00038913
4844 0.00038913
4845 0.00038913
4846 0.00038913
4847 0.00038913
4848 0.00038913
4849 0.000356703
4850 0.000356703
4851 0.000356703
4852 0.000356703
4853 0.000356703
4854 0.000356703
4855 0.000356703
4856 0.000356703
4857 0.000356703
4858 0.000356703
4859 0.000356703
4860 0.000356703
4861 0.000356703
4862 0.000356703
4863 0.000356703
4864 0.000356703
4865 0.000356703
4866 0.000356703
4867 0.000356703
4868 0.000356703
4869 0.000356703
4870 0.000356703
4871 0.000356703
4872 0.000356703
4873 0.000356703
4874 0.000356703
4875 0.000356703
4876 0.000356703
4877 0.000356703
4878 0.000356703
4879 0.000356703
4880 0.000356703
4881 0.000356703
4882 0.000356703
4883 0.000356703
4884 0.000356703
4885 0.000356703
4886 0.000356703
4887 0.000356703
4888 0.000356703
4889 0.000356703
4890 0.000356703
4891 0.000356703
4892 0.000356703
4893 0.000356703
4894 0.000356703
4895 0.000356703
4896 0.000356703
4897 0.000356703
4898 0.000356703
4899 0.000356703
4900 0.000356703
4901 0.000356703
4902 0.000356703
4903 0.000356703
4904 0.000356703
4905 0.000356703
4906 0.000356703
4907 0.000356703
4908 0.000356703
4909 0.000356703
4910 0.000356703
4911 0.000356703
4912 0.000356703
4913 0.000356703
4914 0.000356703
4915 0.000356703
4916 0.000356703
4917 0.000356703
4918 0.000356703
4919 0.000356703
4920 0.000356703
4921 0.000356703
4922 0.000356703
4923 0.000356703
4924 0.000356703
4925 0.000356703
4926 0.000356703
4927 0.000324275
4928 0.000324275
4929 0.000324275
4930 0.000324275
4931 0.000324275
4932 0.000324275
4933 0.000324275
4934 0.000324275
4935 0.000324275
4936 0.000324275
4937 0.000291848
4938 0.000291848
4939 0.000291848
4940 0.000291848
4941 0.000291848
4942 0.000291848
4943 0.00025942
4944 0.00025942
4945 0.00025942
4946 0.00025942
4947 0.00025942
4948 0.00025942
4949 0.00025942
4950 0.00025942
4951 0.00025942
4952 0.00025942
4953 0.00025942
4954 0.00025942
4955 0.00025942
4956 0.00025942
4957 0.00025942
4958 0.00025942
4959 0.00025942
4960 0.00025942
4961 0.00025942
4962 0.00025942
4963 0.00025942
4964 0.00025942
4965 0.00025942
4966 0.00025942
4967 0.00025942
4968 0.00025942
4969 0.00025942
4970 0.00025942
4971 0.00025942
4972 0.00025942
4973 0.00025942
4974 0.00025942
4975 0.00025942
4976 0.00025942
4977 0.00025942
4978 0.00025942
4979 0.00025942
4980 0.00025942
4981 0.00025942
4982 0.00025942
4983 0.00025942
4984 0.00025942
4985 0.00025942
4986 0.00025942
4987 0.00025942
4988 0.00025942
4989 0.00025942
4990 0.00025942
4991 0.00025942
4992 0.00025942
4993 0.00025942
4994 0.00025942
4995 0.00025942
4996 0.00025942
4997 0.00025942
4998 0.00025942
4999 0.00025942
5000 0.00025942
5001 0.00025942
5002 0.00025942
5003 0.00025942
5004 0.00025942
5005 0.00025942
5006 0.00025942
5007 0.00025942
5008 0.00025942
5009 0.00025942
5010 0.00025942
5011 0.00025942
5012 0.00025942
5013 0.00025942
5014 0.00025942
5015 0.00025942
5016 0.00025942
5017 0.00025942
5018 0.00025942
5019 0.00025942
5020 0.00025942
5021 0.00025942
5022 0.00025942
5023 0.00025942
5024 0.00025942
5025 0.00025942
5026 0.00025942
5027 0.00025942
5028 0.00025942
5029 0.00025942
5030 0.00025942
5031 0.00025942
5032 0.00025942
5033 0.00025942
5034 0.00025942
5035 0.00025942
5036 0.00025942
5037 0.00025942
5038 0.00025942
5039 0.00025942
5040 0.00025942
5041 0.00025942
5042 0.00025942
5043 0.00025942
5044 0.00025942
5045 0.00025942
5046 0.00025942
5047 0.00025942
5048 0.00025942
5049 0.00025942
5050 0.00025942
5051 0.00025942
5052 0.00025942
5053 0.00025942
5054 0.00025942
5055 0.00025942
5056 0.00025942
5057 0.00025942
5058 0.00025942
5059 0.00025942
5060 0.00025942
5061 0.00025942
5062 0.00025942
5063 0.00025942
5064 0.00025942
5065 0.00025942
5066 0.00025942
5067 0.00025942
5068 0.00025942
5069 0.00025942
5070 0.00025942
5071 0.00025942
5072 0.00025942
5073 0.00025942
5074 0.00025942
5075 0.00025942
5076 0.00025942
5077 0.00025942
5078 0.00025942
5079 0.00025942
5080 0.00025942
5081 0.000226993
5082 0.000226993
5083 0.000226993
5084 0.000226993
5085 0.000226993
5086 0.000226993
5087 0.000226993
5088 0.000226993
5089 0.000226993
5090 0.000226993
5091 0.000226993
5092 0.000226993
5093 0.000226993
5094 0.000226993
5095 0.000226993
5096 0.000226993
5097 0.000226993
5098 0.000226993
5099 0.000226993
5100 0.000226993
5101 0.000226993
5102 0.000226993
5103 0.000226993
5104 0.000226993
5105 0.000226993
5106 0.000226993
5107 0.000226993
5108 0.000226993
5109 0.000226993
5110 0.000226993
5111 0.000226993
5112 0.000226993
5113 0.000226993
5114 0.000226993
5115 0.000226993
5116 0.000226993
5117 0.000226993
5118 0.000226993
5119 0.000226993
5120 0.000226993
5121 0.000226993
5122 0.000226993
5123 0.000226993
5124 0.000226993
5125 0.000226993
5126 0.000226993
5127 0.000226993
5128 0.000226993
5129 0.000226993
5130 0.000226993
5131 0.000226993
5132 0.000226993
5133 0.000226993
5134 0.000226993
5135 0.000226993
5136 0.000226993
5137 0.000226993
5138 0.000226993
5139 0.000226993
5140 0.000226993
5141 0.000226993
5142 0.000226993
5143 0.000226993
5144 0.000226993
5145 0.000226993
5146 0.000226993
5147 0.000226993
5148 0.000226993
5149 0.000226993
5150 0.000226993
5151 0.000226993
5152 0.000226993
5153 0.000226993
5154 0.000226993
5155 0.000226993
5156 0.000226993
5157 0.000226993
5158 0.000226993
5159 0.000226993
5160 0.000226993
5161 0.000226993
5162 0.000226993
5163 0.000226993
5164 0.000226993
5165 0.000226993
5166 0.000226993
5167 0.000226993
5168 0.000226993
5169 0.000226993
5170 0.000226993
5171 0.000226993
5172 0.000226993
5173 0.000226993
5174 0.000226993
5175 0.000226993
5176 0.000226993
5177 0.000226993
5178 0.000226993
5179 0.000226993
5180 0.000226993
5181 0.000226993
5182 0.000226993
5183 0.000226993
5184 0.000226993
5185 0.000226993
5186 0.000226993
5187 0.000226993
5188 0.000226993
5189 0.000226993
5190 0.000226993
5191 0.000226993
5192 0.000226993
5193 0.000226993
5194 0.000226993
5195 0.000226993
5196 0.000226993
5197 0.000226993
5198 0.000226993
5199 0.000226993
5200 0.000226993
5201 0.000226993
5202 0.000226993
5203 0.000226993
5204 0.000226993
5205 0.000226993
5206 0.000226993
5207 0.000226993
5208 0.000226993
5209 0.000226993
5210 0.000226993
5211 0.000226993
5212 0.000226993
5213 0.000226993
5214 0.000226993
5215 0.000226993
5216 0.000226993
5217 0.000226993
5218 0.000226993
5219 0.000226993
5220 0.000226993
5221 0.000226993
5222 0.000226993
5223 0.000226993
5224 0.000226993
5225 0.000226993
5226 0.000226993
5227 0.000226993
5228 0.000226993
5229 0.000226993
5230 0.000226993
5231 0.000226993
5232 0.000226993
5233 0.000226993
5234 0.000226993
5235 0.000226993
5236 0.000226993
5237 0.000226993
5238 0.000226993
5239 0.000226993
5240 0.000226993
5241 0.000226993
5242 0.000226993
5243 0.000226993
5244 0.000226993
5245 0.000226993
5246 0.000226993
5247 0.000226993
5248 0.000226993
5249 0.000226993
5250 0.000226993
5251 0.000226993
5252 0.000226993
5253 0.000226993
5254 0.000226993
5255 0.000226993
5256 0.000226993
5257 0.000226993
5258 0.000226993
5259 0.000226993
5260 0.000226993
5261 0.000226993
5262 0.000226993
5263 0.000226993
5264 0.000226993
5265 0.000226993
5266 0.000226993
5267 0.000226993
5268 0.000226993
5269 0.000226993
5270 0.000226993
5271 0.000194565
5272 0.000194565
5273 0.000162138
5274 0.000162138
5275 0.000162138
5276 0.000162138
5277 0.000162138
5278 0.000162138
5279 0.000162138
5280 0.000162138
5281 0.000162138
5282 0.000162138
5283 0.000162138
5284 0.000162138
5285 0.000162138
5286 0.000162138
5287 0.000162138
5288 0.000162138
5289 0.000162138
5290 0.000162138
5291 0.000162138
5292 0.000162138
5293 0.000162138
5294 0.000162138
5295 0.000162138
5296 0.000162138
5297 0.000162138
5298 0.000162138
5299 0.000162138
5300 0.000162138
5301 0.000162138
5302 0.000162138
5303 0.000162138
5304 0.000162138
5305 0.000162138
5306 0.000162138
5307 0.000162138
5308 0.000162138
5309 0.000162138
5310 0.000162138
5311 0.000162138
5312 0.000162138
5313 0.000162138
5314 0.000162138
5315 0.000162138
5316 0.000162138
5317 0.000162138
5318 0.000162138
5319 0.000162138
5320 0.000162138
5321 0.000162138
5322 0.000162138
5323 0.000162138
5324 0.000162138
5325 0.000162138
5326 0.000162138
5327 0.000162138
5328 0.000162138
5329 0.000162138
5330 0.000162138
5331 0.000162138
5332 0.000162138
5333 0.000162138
5334 0.000162138
5335 0.000162138
5336 0.000162138
5337 0.000162138
5338 0.000162138
5339 0.000162138
5340 0.000162138
5341 0.000162138
5342 0.000162138
5343 0.000162138
5344 0.000162138
5345 0.000162138
5346 0.000162138
5347 0.000162138
5348 0.000162138
5349 0.000162138
5350 0.000162138
5351 0.000162138
5352 0.000162138
5353 0.000162138
5354 0.000162138
5355 0.000162138
5356 0.000162138
5357 0.000162138
5358 0.000162138
5359 0.000162138
5360 0.000162138
5361 0.000162138
5362 0.000162138
5363 0.000162138
5364 0.000162138
5365 0.000162138
5366 0.000162138
5367 0.000162138
5368 0.000162138
5369 0.000162138
5370 0.000162138
5371 0.000162138
5372 0.000162138
5373 0.000162138
5374 0.000162138
5375 0.000162138
5376 0.000162138
5377 0.000162138
5378 0.000162138
5379 0.000162138
5380 0.000162138
5381 0.000162138
5382 0.000162138
5383 0.000162138
5384 0.000162138
5385 0.000162138
5386 0.000162138
5387 0.000162138
5388 0.000162138
5389 0.000162138
5390 0.000162138
5391 0.000162138
5392 0.000162138
5393 0.000162138
5394 0.000162138
5395 0.000162138
5396 0.000162138
5397 0.000162138
5398 0.000162138
5399 0.000162138
5400 0.000162138
5401 0.000162138
5402 0.000162138
5403 0.000162138
5404 0.000162138
5405 0.000162138
5406 0.000162138
5407 0.000162138
5408 0.000162138
5409 0.000162138
5410 0.000162138
5411 0.000162138
5412 0.000162138
5413 0.000162138
5414 0.000162138
5415 0.000162138
5416 0.000162138
5417 0.000162138
5418 0.000162138
5419 0.000162138
5420 0.000162138
5421 0.000162138
5422 0.000162138
5423 0.000162138
5424 0.000162138
5425 0.000162138
5426 0.000162138
5427 0.000162138
5428 0.000162138
5429 0.000162138
5430 0.000162138
5431 0.00012971
5432 0.00012971
5433 0.00012971
5434 0.00012971
5435 0.00012971
5436 0.00012971
5437 0.00012971
5438 0.00012971
5439 0.00012971
5440 0.00012971
5441 0.00012971
5442 0.00012971
5443 0.00012971
5444 0.00012971
5445 0.00012971
5446 0.00012971
5447 0.00012971
5448 0.00012971
5449 0.00012971
5450 0.00012971
5451 0.00012971
5452 0.00012971
5453 0.00012971
5454 0.00012971
5455 0.00012971
5456 0.00012971
5457 0.00012971
5458 0.00012971
5459 0.00012971
5460 0.00012971
5461 0.00012971
5462 0.00012971
5463 0.00012971
5464 0.00012971
5465 0.00012971
5466 0.00012971
5467 0.00012971
5468 0.00012971
5469 0.00012971
5470 0.00012971
5471 0.00012971
5472 0.00012971
5473 0.00012971
5474 0.00012971
5475 0.00012971
5476 0.00012971
5477 0.00012971
5478 0.00012971
5479 0.00012971
5480 0.00012971
5481 0.00012971
5482 0.00012971
5483 0.00012971
5484 0.00012971
5485 0.00012971
5486 0.00012971
5487 0.00012971
5488 0.00012971
5489 0.00012971
5490 0.00012971
5491 0.00012971
5492 0.00012971
5493 0.00012971
5494 0.00012971
5495 0.00012971
5496 0.00012971
5497 0.00012971
5498 0.00012971
5499 0.00012971
5500 0.00012971
5501 0.00012971
5502 0.00012971
5503 0.00012971
5504 0.00012971
5505 9.72826e-05
5506 9.72826e-05
5507 9.72826e-05
5508 9.72826e-05
5509 9.72826e-05
5510 9.72826e-05
5511 9.72826e-05
5512 9.72826e-05
5513 9.72826e-05
5514 9.72826e-05
5515 9.72826e-05
5516 9.72826e-05
5517 9.72826e-05
5518 9.72826e-05
5519 9.72826e-05
5520 9.72826e-05
5521 9.72826e-05
5522 9.72826e-05
5523 9.72826e-05
5524 9.72826e-05
5525 9.72826e-05
5526 9.72826e-05
5527 9.72826e-05
5528 9.72826e-05
5529 9.72826e-05
5530 9.72826e-05
5531 9.72826e-05
5532 9.72826e-05
5533 9.72826e-05
5534 9.72826e-05
5535 9.72826e-05
5536 9.72826e-05
5537 9.72826e-05
5538 9.72826e-05
5539 9.72826e-05
5540 9.72826e-05
5541 9.72826e-05
5542 9.72826e-05
5543 9.72826e-05
5544 9.72826e-05
5545 9.72826e-05
5546 9.72826e-05
5547 9.72826e-05
5548 9.72826e-05
5549 9.72826e-05
5550 9.72826e-05
5551 9.72826e-05
5552 9.72826e-05
5553 9.72826e-05
5554 9.72826e-05
5555 9.72826e-05
5556 9.72826e-05
5557 9.72826e-05
5558 9.72826e-05
5559 9.72826e-05
5560 9.72826e-05
5561 9.72826e-05
5562 9.72826e-05
5563 9.72826e-05
5564 9.72826e-05
5565 9.72826e-05
5566 9.72826e-05
5567 9.72826e-05
5568 9.72826e-05
5569 9.72826e-05
5570 9.72826e-05
5571 9.72826e-05
5572 9.72826e-05
5573 9.72826e-05
5574 9.72826e-05
5575 9.72826e-05
5576 9.72826e-05
5577 9.72826e-05
5578 9.72826e-05
5579 9.72826e-05
5580 9.72826e-05
5581 9.72826e-05
5582 9.72826e-05
5583 9.72826e-05
5584 9.72826e-05
5585 9.72826e-05
5586 9.72826e-05
5587 9.72826e-05
5588 9.72826e-05
5589 9.72826e-05
5590 9.72826e-05
5591 9.72826e-05
5592 9.72826e-05
5593 9.72826e-05
5594 9.72826e-05
5595 9.72826e-05
5596 9.72826e-05
5597 9.72826e-05
5598 9.72826e-05
5599 9.72826e-05
5600 9.72826e-05
5601 9.72826e-05
5602 9.72826e-05
5603 9.72826e-05
5604 9.72826e-05
5605 9.72826e-05
5606 9.72826e-05
5607 9.72826e-05
5608 9.72826e-05
5609 6.4855e-05
5610 6.4855e-05
5611 6.4855e-05
5612 6.4855e-05
5613 6.4855e-05
5614 6.4855e-05
5615 6.4855e-05
5616 6.4855e-05
5617 6.4855e-05
5618 6.4855e-05
5619 6.4855e-05
5620 6.4855e-05
5621 6.4855e-05
5622 6.4855e-05
5623 6.4855e-05
5624 6.4855e-05
5625 6.4855e-05
5626 6.4855e-05
5627 6.4855e-05
5628 6.4855e-05
5629 6.4855e-05
5630 6.4855e-05
5631 6.4855e-05
5632 6.4855e-05
5633 6.4855e-05
5634 6.4855e-05
5635 6.4855e-05
5636 6.4855e-05
5637 6.4855e-05
5638 6.4855e-05
5639 6.4855e-05
5640 6.4855e-05
5641 6.4855e-05
5642 6.4855e-05
5643 6.4855e-05
5644 6.4855e-05
5645 6.4855e-05
5646 6.4855e-05
5647 6.4855e-05
5648 6.4855e-05
5649 6.4855e-05
5650 6.4855e-05
5651 6.4855e-05
5652 6.4855e-05
5653 6.4855e-05
5654 6.4855e-05
5655 6.4855e-05
5656 6.4855e-05
5657 6.4855e-05
5658 6.4855e-05
5659 6.4855e-05
5660 6.4855e-05
5661 6.4855e-05
5662 6.4855e-05
5663 6.4855e-05
5664 6.4855e-05
5665 6.4855e-05
5666 6.4855e-05
5667 6.4855e-05
5668 6.4855e-05
5669 6.4855e-05
5670 6.4855e-05
5671 6.4855e-05
5672 6.4855e-05
5673 6.4855e-05
5674 6.4855e-05
5675 6.4855e-05
5676 6.4855e-05
5677 6.4855e-05
5678 6.4855e-05
5679 6.4855e-05
5680 6.4855e-05
5681 6.4855e-05
5682 6.4855e-05
5683 6.4855e-05
5684 6.4855e-05
5685 6.4855e-05
5686 6.4855e-05
5687 6.4855e-05
5688 6.4855e-05
5689 6.4855e-05
5690 6.4855e-05
5691 6.4855e-05
5692 6.4855e-05
5693 6.4855e-05
5694 6.4855e-05
5695 6.4855e-05
5696 6.4855e-05
5697 6.4855e-05
5698 6.4855e-05
5699 6.4855e-05
5700 6.4855e-05
5701 6.4855e-05
5702 6.4855e-05
5703 6.4855e-05
5704 6.4855e-05
5705 6.4855e-05
5706 6.4855e-05
5707 6.4855e-05
5708 6.4855e-05
5709 6.4855e-05
5710 6.4855e-05
5711 6.4855e-05
5712 6.4855e-05
5713 6.4855e-05
5714 6.4855e-05
5715 6.4855e-05
5716 6.4855e-05
5717 6.4855e-05
5718 6.4855e-05
5719 6.4855e-05
5720 6.4855e-05
5721 6.4855e-05
5722 6.4855e-05
5723 6.4855e-05
5724 6.4855e-05
5725 6.4855e-05
5726 6.4855e-05
5727 6.4855e-05
5728 6.4855e-05
5729 6.4855e-05
5730 6.4855e-05
5731 6.4855e-05
5732 6.4855e-05
5733 6.4855e-05
5734 6.4855e-05
5735 6.4855e-05
5736 6.4855e-05
5737 6.4855e-05
5738 6.4855e-05
5739 6.4855e-05
5740 6.4855e-05
5741 6.4855e-05
5742 6.4855e-05
5743 6.4855e-05
5744 6.4855e-05
5745 6.4855e-05
5746 6.4855e-05
5747 6.4855e-05
5748 6.4855e-05
5749 6.4855e-05
5750 6.4855e-05
5751 6.4855e-05
5752 6.4855e-05
5753 6.4855e-05
5754 6.4855e-05
5755 6.4855e-05
5756 6.4855e-05
5757 6.4855e-05
5758 6.4855e-05
5759 6.4855e-05
5760 6.4855e-05
5761 6.4855e-05
5762 6.4855e-05
5763 6.4855e-05
5764 6.4855e-05
5765 6.4855e-05
5766 6.4855e-05
5767 6.4855e-05
5768 6.4855e-05
5769 6.4855e-05
5770 6.4855e-05
5771 6.4855e-05
5772 6.4855e-05
5773 6.4855e-05
5774 6.4855e-05
5775 6.4855e-05
5776 6.4855e-05
5777 6.4855e-05
5778 6.4855e-05
5779 6.4855e-05
5780 6.4855e-05
5781 6.4855e-05
5782 6.4855e-05
5783 6.4855e-05
5784 6.4855e-05
5785 6.4855e-05
5786 6.4855e-05
5787 6.4855e-05
5788 6.4855e-05
5789 6.4855e-05
5790 6.4855e-05
5791 6.4855e-05
5792 6.4855e-05
5793 6.4855e-05
5794 6.4855e-05
5795 6.4855e-05
5796 6.4855e-05
5797 6.4855e-05
5798 6.4855e-05
5799 6.4855e-05
5800 6.4855e-05
5801 6.4855e-05
5802 6.4855e-05
5803 6.4855e-05
5804 6.4855e-05
5805 6.4855e-05
5806 6.4855e-05
5807 6.4855e-05
5808 6.4855e-05
5809 6.4855e-05
5810 6.4855e-05
5811 6.4855e-05
5812 6.4855e-05
5813 6.4855e-05
5814 6.4855e-05
5815 6.4855e-05
5816 6.4855e-05
5817 6.4855e-05
5818 6.4855e-05
5819 6.4855e-05
5820 6.4855e-05
5821 6.4855e-05
5822 6.4855e-05
5823 6.4855e-05
5824 6.4855e-05
5825 6.4855e-05
5826 6.4855e-05
5827 6.4855e-05
5828 6.4855e-05
5829 6.4855e-05
5830 6.4855e-05
5831 6.4855e-05
5832 6.4855e-05
5833 6.4855e-05
5834 6.4855e-05
5835 6.4855e-05
5836 6.4855e-05
5837 6.4855e-05
5838 6.4855e-05
5839 6.4855e-05
5840 6.4855e-05
5841 6.4855e-05
5842 6.4855e-05
5843 6.4855e-05
5844 6.4855e-05
5845 6.4855e-05
5846 6.4855e-05
5847 6.4855e-05
5848 6.4855e-05
5849 3.24275e-05
5850 3.24275e-05
5851 3.24275e-05
5852 3.24275e-05
5853 3.24275e-05
5854 3.24275e-05
5855 3.24275e-05
5856 3.24275e-05
5857 3.24275e-05
5858 3.24275e-05
5859 3.24275e-05
5860 3.24275e-05
5861 3.24275e-05
5862 3.24275e-05
5863 3.24275e-05
5864 3.24275e-05
5865 3.24275e-05
5866 3.24275e-05
5867 3.24275e-05
5868 3.24275e-05
5869 3.24275e-05
5870 3.24275e-05
5871 3.24275e-05
5872 3.24275e-05
5873 3.24275e-05
5874 3.24275e-05
5875 3.24275e-05
5876 3.24275e-05
5877 3.24275e-05
5878 3.24275e-05
5879 3.24275e-05
5880 3.24275e-05
5881 3.24275e-05
5882 3.24275e-05
5883 3.24275e-05
5884 3.24275e-05
5885 3.24275e-05
5886 3.24275e-05
5887 3.24275e-05
5888 3.24275e-05
5889 3.24275e-05
5890 3.24275e-05
5891 3.24275e-05
5892 3.24275e-05
5893 3.24275e-05
5894 3.24275e-05
5895 3.24275e-05
5896 3.24275e-05
5897 3.24275e-05
5898 3.24275e-05
5899 3.24275e-05
5900 3.24275e-05
5901 3.24275e-05
5902 3.24275e-05
5903 3.24275e-05
5904 3.24275e-05
5905 3.24275e-05
5906 3.24275e-05
5907 3.24275e-05
5908 3.24275e-05
5909 3.24275e-05
5910 3.24275e-05
5911 3.24275e-05
5912 3.24275e-05
5913 3.24275e-05
5914 3.24275e-05
5915 3.24275e-05
5916 3.24275e-05
5917 3.24275e-05
5918 3.24275e-05
5919 3.24275e-05
5920 3.24275e-05
5921 3.24275e-05
5922 3.24275e-05
5923 3.24275e-05
5924 3.24275e-05
5925 3.24275e-05
5926 3.24275e-05
5927 3.24275e-05
5928 3.24275e-05
5929 3.24275e-05
5930 3.24275e-05
5931 3.24275e-05
5932 3.24275e-05
5933 3.24275e-05
5934 3.24275e-05
5935 3.24275e-05
5936 3.24275e-05
5937 3.24275e-05
5938 3.24275e-05
5939 3.24275e-05
5940 3.24275e-05
5941 3.24275e-05
5942 3.24275e-05
5943 3.24275e-05
5944 3.24275e-05
5945 3.24275e-05
5946 3.24275e-05
5947 3.24275e-05
5948 3.24275e-05
5949 3.24275e-05
5950 3.24275e-05
5951 3.24275e-05
5952 3.24275e-05
