0 1
1 1
2 1
3 1
4 1
5 1
6 1
7 1
8 1
9 1
10 1
11 1
12 1
13 1
14 1
15 1
16 1
17 0.927175
18 0.927175
19 0.927175
20 0.927175
21 0.927175
22 0.927175
23 0.926931
24 0.926931
25 0.840176
26 0.840176
27 0.840176
28 0.840176
29 0.840176
30 0.840176
31 0.839932
32 0.839932
33 0.761241
34 0.761241
35 0.761241
36 0.761241
37 0.761241
38 0.761241
39 0.761241
40 0.761241
41 0.684995
42 0.684995
43 0.684995
44 0.684995
45 0.684995
46 0.684995
47 0.684995
48 0.684995
49 0.608749
50 0.608749
51 0.608749
52 0.608749
53 0.608749
54 0.608749
55 0.608749
56 0.608749
57 0.546676
58 0.546676
59 0.546676
60 0.546676
61 0.546676
62 0.546676
63 0.546432
64 0.546432
65 0.491202
66 0.491202
67 0.491202
68 0.491202
69 0.491202
70 0.491202
71 0.490958
72 0.490958
73 0.435973
74 0.435973
75 0.435973
76 0.435973
77 0.435973
78 0.435973
79 0.435728
80 0.435728
81 0.390518
82 0.390518
83 0.390518
84 0.390518
85 0.390518
86 0.390518
87 0.390274
88 0.390274
89 0.351173
90 0.351173
91 0.351173
92 0.351173
93 0.351173
94 0.351173
95 0.351173
96 0.351173
97 0.312561
98 0.312561
99 0.312561
100 0.312561
101 0.312561
102 0.312561
103 0.312561
104 0.312561
105 0.282014
106 0.282014
107 0.282014
108 0.282014
109 0.282014
110 0.282014
111 0.282014
112 0.282014
113 0.251955
114 0.251955
115 0.251955
116 0.251955
117 0.251955
118 0.251955
119 0.251955
120 0.251955
121 0.225073
122 0.225073
123 0.225073
124 0.225073
125 0.225073
126 0.225073
127 0.225073
128 0.225073
129 0.200391
130 0.200391
131 0.200391
132 0.200391
133 0.200391
134 0.200391
135 0.200391
136 0.200391
137 0.181085
138 0.181085
139 0.181085
140 0.181085
141 0.181085
142 0.181085
143 0.181085
144 0.181085
145 0.164467
146 0.164467
147 0.164467
148 0.164467
149 0.164467
150 0.164467
151 0.164467
152 0.164467
153 0.147361
154 0.147361
155 0.147361
156 0.147361
157 0.147361
158 0.147361
159 0.147361
160 0.147361
161 0.130987
162 0.130987
163 0.130987
164 0.130987
165 0.130987
166 0.130987
167 0.130987
168 0.130987
169 0.119257
170 0.119257
171 0.119257
172 0.119257
173 0.119257
174 0.119257
175 0.119257
176 0.119257
177 0.107038
178 0.107038
179 0.107038
180 0.107038
181 0.107038
182 0.107038
183 0.107038
184 0.107038
185 0.0972629
186 0.0972629
187 0.0972629
188 0.0972629
189 0.0972629
190 0.0972629
191 0.0972629
192 0.0972629
193 0.0899316
194 0.0899316
195 0.0899316
196 0.0899316
197 0.0899316
198 0.0899316
199 0.0899316
200 0.0899316
201 0.0816227
202 0.0816227
203 0.0816227
204 0.0816227
205 0.0816227
206 0.0816227
207 0.0816227
208 0.0816227
209 0.076002
210 0.076002
211 0.076002
212 0.076002
213 0.076002
214 0.076002
215 0.076002
216 0.076002
217 0.0694037
218 0.0694037
219 0.0694037
220 0.0694037
221 0.0694037
222 0.0694037
223 0.0694037
224 0.0694037
225 0.0652493
226 0.0652493
227 0.0652493
228 0.0652493
229 0.0652493
230 0.0652493
231 0.0652493
232 0.0652493
233 0.0588954
234 0.0588954
235 0.0588954
236 0.0588954
237 0.0588954
238 0.0588954
239 0.0588954
240 0.0588954
241 0.0522972
242 0.0522972
243 0.0522972
244 0.0522972
245 0.0522972
246 0.0522972
247 0.0522972
248 0.0522972
249 0.0488759
250 0.0488759
251 0.0488759
252 0.0488759
253 0.0488759
254 0.0488759
255 0.0488759
256 0.0488759
257 0.0456989
258 0.0456989
259 0.0456989
260 0.0456989
261 0.0456989
262 0.0456989
263 0.0456989
264 0.0456989
265 0.042522
266 0.042522
267 0.042522
268 0.042522
269 0.042522
270 0.042522
271 0.042522
272 0.042522
273 0.0393451
274 0.0393451
275 0.0393451
276 0.0393451
277 0.0393451
278 0.0393451
279 0.0393451
280 0.0393451
281 0.0364125
282 0.0364125
283 0.0364125
284 0.0364125
285 0.0364125
286 0.0364125
287 0.0364125
288 0.0364125
289 0.0329912
290 0.0329912
291 0.0329912
292 0.0329912
293 0.0329912
294 0.0329912
295 0.0329912
296 0.0329912
297 0.0317693
298 0.0317693
299 0.0317693
300 0.0317693
301 0.0317693
302 0.0317693
303 0.0317693
304 0.0317693
305 0.028348
306 0.028348
307 0.028348
308 0.028348
309 0.028348
310 0.028348
311 0.028348
312 0.028348
313 0.0266373
314 0.0266373
315 0.0266373
316 0.0266373
317 0.0266373
318 0.0266373
319 0.0266373
320 0.0266373
321 0.0259042
322 0.0259042
323 0.0259042
324 0.0259042
325 0.0259042
326 0.0259042
327 0.0259042
328 0.0259042
329 0.023216
330 0.023216
331 0.023216
332 0.023216
333 0.023216
334 0.023216
335 0.023216
336 0.023216
337 0.0227273
338 0.0227273
339 0.0227273
340 0.0227273
341 0.0227273
342 0.0227273
343 0.0227273
344 0.0227273
345 0.021261
346 0.021261
347 0.021261
348 0.021261
349 0.021261
350 0.021261
351 0.021261
352 0.021261
353 0.0200391
354 0.0200391
355 0.0200391
356 0.0200391
357 0.0200391
358 0.0200391
359 0.0200391
360 0.0200391
361 0.0183284
362 0.0183284
363 0.0183284
364 0.0183284
365 0.0183284
366 0.0183284
367 0.0183284
368 0.0183284
369 0.0175953
370 0.0175953
371 0.0175953
372 0.0175953
373 0.0175953
374 0.0175953
375 0.0175953
376 0.0175953
377 0.0163734
378 0.0163734
379 0.0163734
380 0.0163734
381 0.0163734
382 0.0163734
383 0.016129
384 0.016129
385 0.0153959
386 0.0153959
387 0.0153959
388 0.0153959
389 0.0153959
390 0.0153959
391 0.0153959
392 0.0153959
393 0.0139296
394 0.0139296
395 0.0139296
396 0.0139296
397 0.0139296
398 0.0139296
399 0.0139296
400 0.0139296
401 0.0134409
402 0.0134409
403 0.0134409
404 0.0134409
405 0.0134409
406 0.0134409
407 0.0134409
408 0.0134409
409 0.0131965
410 0.0131965
411 0.0131965
412 0.0131965
413 0.0131965
414 0.0131965
415 0.0131965
416 0.0131965
417 0.0124633
418 0.0124633
419 0.0124633
420 0.0124633
421 0.0124633
422 0.0124633
423 0.0124633
424 0.0124633
425 0.0119746
426 0.0119746
427 0.0119746
428 0.0119746
429 0.0119746
430 0.0119746
431 0.0119746
432 0.0119746
433 0.0112414
434 0.0112414
435 0.0112414
436 0.0112414
437 0.0112414
438 0.0112414
439 0.0112414
440 0.0112414
441 0.0109971
442 0.0109971
443 0.0109971
444 0.0109971
445 0.0109971
446 0.0109971
447 0.0109971
448 0.0109971
449 0.00977517
450 0.00977517
451 0.00977517
452 0.00977517
453 0.00977517
454 0.00977517
455 0.00977517
456 0.00977517
457 0.00904203
458 0.00904203
459 0.00904203
460 0.00904203
461 0.00904203
462 0.00904203
463 0.00904203
464 0.00904203
465 0.00879765
466 0.00879765
467 0.00879765
468 0.00879765
469 0.00879765
470 0.00879765
471 0.00879765
472 0.00879765
473 0.00782014
474 0.00782014
475 0.00782014
476 0.00782014
477 0.00782014
478 0.00782014
479 0.00782014
480 0.00782014
481 0.00733138
482 0.00733138
483 0.00733138
484 0.00733138
485 0.00733138
486 0.00733138
487 0.00733138
488 0.00733138
489 0.00733138
490 0.00733138
491 0.00733138
492 0.00733138
493 0.00733138
494 0.00733138
495 0.00733138
496 0.00733138
497 0.00733138
498 0.00733138
499 0.00733138
500 0.00733138
501 0.00733138
502 0.00733138
503 0.00733138
504 0.00733138
505 0.007087
506 0.007087
507 0.007087
508 0.007087
509 0.007087
510 0.007087
511 0.007087
512 0.007087
513 0.00659824
514 0.00659824
515 0.00659824
516 0.00659824
517 0.00659824
518 0.00659824
519 0.00659824
520 0.00659824
521 0.00610948
522 0.00610948
523 0.00610948
524 0.00610948
525 0.00610948
526 0.00610948
527 0.00610948
528 0.00610948
529 0.0058651
530 0.0058651
531 0.0058651
532 0.0058651
533 0.0058651
534 0.0058651
535 0.0058651
536 0.0058651
537 0.00562072
538 0.00562072
539 0.00562072
540 0.00562072
541 0.00562072
542 0.00562072
543 0.00562072
544 0.00562072
545 0.00464321
546 0.00464321
547 0.00464321
548 0.00464321
549 0.00464321
550 0.00464321
551 0.00464321
552 0.00464321
553 0.00439883
554 0.00439883
555 0.00439883
556 0.00439883
557 0.00439883
558 0.00439883
559 0.00439883
560 0.00439883
561 0.00439883
562 0.00439883
563 0.00439883
564 0.00439883
565 0.00439883
566 0.00439883
567 0.00439883
568 0.00439883
569 0.00439883
570 0.00439883
571 0.00439883
572 0.00439883
573 0.00439883
574 0.00439883
575 0.00439883
576 0.00439883
577 0.00415445
578 0.00415445
579 0.00415445
580 0.00415445
581 0.00415445
582 0.00415445
583 0.00415445
584 0.00415445
585 0.00415445
586 0.00415445
587 0.00415445
588 0.00415445
589 0.00415445
590 0.00415445
591 0.00415445
592 0.00415445
593 0.00366569
594 0.00366569
595 0.00366569
596 0.00366569
597 0.00366569
598 0.00366569
599 0.00366569
600 0.00366569
601 0.00366569
602 0.00366569
603 0.00366569
604 0.00366569
605 0.00366569
606 0.00366569
607 0.00366569
608 0.00366569
609 0.00366569
610 0.00366569
611 0.00366569
612 0.00366569
613 0.00366569
614 0.00366569
615 0.00366569
616 0.00366569
617 0.00366569
618 0.00366569
619 0.00366569
620 0.00366569
621 0.00366569
622 0.00366569
623 0.00366569
624 0.00366569
625 0.00342131
626 0.00342131
627 0.00342131
628 0.00342131
629 0.00342131
630 0.00342131
631 0.00342131
632 0.00342131
633 0.00317693
634 0.00317693
635 0.00317693
636 0.00317693
637 0.00317693
638 0.00317693
639 0.00317693
640 0.00317693
641 0.00293255
642 0.00293255
643 0.00293255
644 0.00293255
645 0.00293255
646 0.00293255
647 0.00293255
648 0.00293255
649 0.00293255
650 0.00293255
651 0.00293255
652 0.00293255
653 0.00293255
654 0.00293255
655 0.00293255
656 0.00293255
657 0.00293255
658 0.00293255
659 0.00293255
660 0.00293255
661 0.00293255
662 0.00293255
663 0.00293255
664 0.00293255
665 0.00268817
666 0.00268817
667 0.00268817
668 0.00268817
669 0.00268817
670 0.00268817
671 0.00268817
672 0.00268817
673 0.00244379
674 0.00244379
675 0.00244379
676 0.00244379
677 0.00244379
678 0.00244379
679 0.00244379
680 0.00244379
681 0.00219941
682 0.00219941
683 0.00219941
684 0.00219941
685 0.00219941
686 0.00219941
687 0.00219941
688 0.00219941
689 0.00219941
690 0.00219941
691 0.00219941
692 0.00219941
693 0.00219941
694 0.00219941
695 0.00219941
696 0.00219941
697 0.00195503
698 0.00195503
699 0.00195503
700 0.00195503
701 0.00195503
702 0.00195503
703 0.00195503
704 0.00195503
705 0.00195503
706 0.00195503
707 0.00195503
708 0.00195503
709 0.00195503
710 0.00195503
711 0.00195503
712 0.00195503
713 0.00195503
714 0.00195503
715 0.00195503
716 0.00195503
717 0.00195503
718 0.00195503
719 0.00195503
720 0.00195503
721 0.00195503
722 0.00195503
723 0.00195503
724 0.00195503
725 0.00195503
726 0.00195503
727 0.00195503
728 0.00195503
729 0.00195503
730 0.00195503
731 0.00195503
732 0.00195503
733 0.00195503
734 0.00195503
735 0.00195503
736 0.00195503
737 0.00195503
738 0.00195503
739 0.00195503
740 0.00195503
741 0.00195503
742 0.00195503
743 0.00195503
744 0.00195503
745 0.00171065
746 0.00171065
747 0.00171065
748 0.00171065
749 0.00171065
750 0.00171065
751 0.00171065
752 0.00171065
753 0.00146628
754 0.00146628
755 0.00146628
756 0.00146628
757 0.00146628
758 0.00146628
759 0.00146628
760 0.00146628
761 0.00146628
762 0.00146628
763 0.00146628
764 0.00146628
765 0.00146628
766 0.00146628
767 0.00146628
768 0.00146628
769 0.00146628
770 0.00146628
771 0.00146628
772 0.00146628
773 0.00146628
774 0.00146628
775 0.00146628
776 0.00146628
777 0.0012219
778 0.0012219
779 0.0012219
780 0.0012219
781 0.0012219
782 0.0012219
783 0.0012219
784 0.0012219
785 0.0012219
786 0.0012219
787 0.0012219
788 0.0012219
789 0.0012219
790 0.0012219
791 0.0012219
792 0.0012219
793 0.0012219
794 0.0012219
795 0.0012219
796 0.0012219
797 0.0012219
798 0.0012219
799 0.0012219
800 0.0012219
801 0.0012219
802 0.0012219
803 0.0012219
804 0.0012219
805 0.0012219
806 0.0012219
807 0.0012219
808 0.0012219
809 0.0012219
810 0.0012219
811 0.0012219
812 0.0012219
813 0.0012219
814 0.0012219
815 0.0012219
816 0.0012219
817 0.0012219
818 0.0012219
819 0.0012219
820 0.0012219
821 0.0012219
822 0.0012219
823 0.0012219
824 0.0012219
825 0.000977517
826 0.000977517
827 0.000977517
828 0.000977517
829 0.000977517
830 0.000977517
831 0.000977517
832 0.000977517
833 0.000977517
834 0.000977517
835 0.000977517
836 0.000977517
837 0.000977517
838 0.000977517
839 0.000977517
840 0.000977517
841 0.000977517
842 0.000977517
843 0.000977517
844 0.000977517
845 0.000977517
846 0.000977517
847 0.000977517
848 0.000977517
849 0.000977517
850 0.000977517
851 0.000977517
852 0.000977517
853 0.000977517
854 0.000977517
855 0.000977517
856 0.000977517
857 0.000977517
858 0.000977517
859 0.000977517
860 0.000977517
861 0.000977517
862 0.000977517
863 0.000977517
864 0.000977517
865 0.000977517
866 0.000977517
867 0.000977517
868 0.000977517
869 0.000977517
870 0.000977517
871 0.000977517
872 0.000977517
873 0.000977517
874 0.000977517
875 0.000977517
876 0.000977517
877 0.000977517
878 0.000977517
879 0.000977517
880 0.000977517
881 0.000977517
882 0.000977517
883 0.000977517
884 0.000977517
885 0.000977517
886 0.000977517
887 0.000977517
888 0.000977517
889 0.000977517
890 0.000977517
891 0.000977517
892 0.000977517
893 0.000977517
894 0.000977517
895 0.000977517
896 0.000977517
897 0.000977517
898 0.000977517
899 0.000977517
900 0.000977517
901 0.000977517
902 0.000977517
903 0.000977517
904 0.000977517
905 0.000977517
906 0.000977517
907 0.000977517
908 0.000977517
909 0.000977517
910 0.000977517
911 0.000977517
912 0.000977517
913 0.000977517
914 0.000977517
915 0.000977517
916 0.000977517
917 0.000977517
918 0.000977517
919 0.000977517
920 0.000977517
921 0.000977517
922 0.000977517
923 0.000977517
924 0.000977517
925 0.000977517
926 0.000977517
927 0.000977517
928 0.000977517
929 0.000977517
930 0.000977517
931 0.000977517
932 0.000977517
933 0.000977517
934 0.000977517
935 0.000977517
936 0.000977517
937 0.000977517
938 0.000977517
939 0.000977517
940 0.000977517
941 0.000977517
942 0.000977517
943 0.000977517
944 0.000977517
945 0.000733138
946 0.000733138
947 0.000733138
948 0.000733138
949 0.000733138
950 0.000733138
951 0.000733138
952 0.000733138
953 0.000733138
954 0.000733138
955 0.000733138
956 0.000733138
957 0.000733138
958 0.000733138
959 0.000733138
960 0.000733138
961 0.000733138
962 0.000733138
963 0.000733138
964 0.000733138
965 0.000733138
966 0.000733138
967 0.000733138
968 0.000733138
969 0.000733138
970 0.000733138
971 0.000733138
972 0.000733138
973 0.000733138
974 0.000733138
975 0.000733138
976 0.000733138
977 0.000733138
978 0.000733138
979 0.000733138
980 0.000733138
981 0.000733138
982 0.000733138
983 0.000733138
984 0.000733138
985 0.000733138
986 0.000733138
987 0.000733138
988 0.000733138
989 0.000733138
990 0.000733138
991 0.000733138
992 0.000733138
993 0.000733138
994 0.000733138
995 0.000733138
996 0.000733138
997 0.000733138
998 0.000733138
999 0.000733138
1000 0.000733138
1001 0.000733138
1002 0.000733138
1003 0.000733138
1004 0.000733138
1005 0.000733138
1006 0.000733138
1007 0.000733138
1008 0.000733138
1009 0.000733138
1010 0.000733138
1011 0.000733138
1012 0.000733138
1013 0.000733138
1014 0.000733138
1015 0.000733138
1016 0.000733138
1017 0.000733138
1018 0.000733138
1019 0.000733138
1020 0.000733138
1021 0.000733138
1022 0.000733138
1023 0.000733138
1024 0.000733138
1025 0.000733138
1026 0.000733138
1027 0.000733138
1028 0.000733138
1029 0.000733138
1030 0.000733138
1031 0.000733138
1032 0.000733138
1033 0.000488759
1034 0.000488759
1035 0.000488759
1036 0.000488759
1037 0.000488759
1038 0.000488759
1039 0.000488759
1040 0.000488759
1041 0.000488759
1042 0.000488759
1043 0.000488759
1044 0.000488759
1045 0.000488759
1046 0.000488759
1047 0.000488759
1048 0.000488759
1049 0.000488759
1050 0.000488759
1051 0.000488759
1052 0.000488759
1053 0.000488759
1054 0.000488759
1055 0.000488759
1056 0.000488759
1057 0.000488759
1058 0.000488759
1059 0.000488759
1060 0.000488759
1061 0.000488759
1062 0.000488759
1063 0.000488759
1064 0.000488759
1065 0.000488759
1066 0.000488759
1067 0.000488759
1068 0.000488759
1069 0.000488759
1070 0.000488759
1071 0.000488759
1072 0.000488759
1073 0.000488759
1074 0.000488759
1075 0.000488759
1076 0.000488759
1077 0.000488759
1078 0.000488759
1079 0.000488759
1080 0.000488759
1081 0.000488759
1082 0.000488759
1083 0.000488759
1084 0.000488759
1085 0.000488759
1086 0.000488759
1087 0.000488759
1088 0.000488759
1089 0.000488759
1090 0.000488759
1091 0.000488759
1092 0.000488759
1093 0.000488759
1094 0.000488759
1095 0.000488759
1096 0.000488759
1097 0.000488759
1098 0.000488759
1099 0.000488759
1100 0.000488759
1101 0.000488759
1102 0.000488759
1103 0.000488759
1104 0.000488759
1105 0.000488759
1106 0.000488759
1107 0.000488759
1108 0.000488759
1109 0.000488759
1110 0.000488759
1111 0.000488759
1112 0.000488759
1113 0.000488759
1114 0.000488759
1115 0.000488759
1116 0.000488759
1117 0.000488759
1118 0.000488759
1119 0.000488759
1120 0.000488759
1121 0.000488759
1122 0.000488759
1123 0.000488759
1124 0.000488759
1125 0.000488759
1126 0.000488759
1127 0.000488759
1128 0.000488759
1129 0.000488759
1130 0.000488759
1131 0.000488759
1132 0.000488759
1133 0.000488759
1134 0.000488759
1135 0.000488759
1136 0.000488759
1137 0.000488759
1138 0.000488759
1139 0.000488759
1140 0.000488759
1141 0.000488759
1142 0.000488759
1143 0.000488759
1144 0.000488759
1145 0.000488759
1146 0.000488759
1147 0.000488759
1148 0.000488759
1149 0.000488759
1150 0.000488759
1151 0.000488759
1152 0.000488759
1153 0.000488759
1154 0.000488759
1155 0.000488759
1156 0.000488759
1157 0.000488759
1158 0.000488759
1159 0.000488759
1160 0.000488759
1161 0.000488759
1162 0.000488759
1163 0.000488759
1164 0.000488759
1165 0.000488759
1166 0.000488759
1167 0.000488759
1168 0.000488759
1169 0.000488759
1170 0.000488759
1171 0.000488759
1172 0.000488759
1173 0.000488759
1174 0.000488759
1175 0.000488759
1176 0.000488759
1177 0.000488759
1178 0.000488759
1179 0.000488759
1180 0.000488759
1181 0.000488759
1182 0.000488759
1183 0.000488759
1184 0.000488759
1185 0.000488759
1186 0.000488759
1187 0.000488759
1188 0.000488759
1189 0.000488759
1190 0.000488759
1191 0.000488759
1192 0.000488759
1193 0.000488759
1194 0.000488759
1195 0.000488759
1196 0.000488759
1197 0.000488759
1198 0.000488759
1199 0.000488759
1200 0.000488759
1201 0.000488759
1202 0.000488759
1203 0.000488759
1204 0.000488759
1205 0.000488759
1206 0.000488759
1207 0.000488759
1208 0.000488759
1209 0.000488759
1210 0.000488759
1211 0.000488759
1212 0.000488759
1213 0.000488759
1214 0.000488759
1215 0.000488759
1216 0.000488759
1217 0.000488759
1218 0.000488759
1219 0.000488759
1220 0.000488759
1221 0.000488759
1222 0.000488759
1223 0.000488759
1224 0.000488759
1225 0.000488759
1226 0.000488759
1227 0.000488759
1228 0.000488759
1229 0.000488759
1230 0.000488759
1231 0.000488759
1232 0.000488759
1233 0.000488759
1234 0.000488759
1235 0.000488759
1236 0.000488759
1237 0.000488759
1238 0.000488759
1239 0.000488759
1240 0.000488759
1241 0.000488759
1242 0.000488759
1243 0.000488759
1244 0.000488759
1245 0.000488759
1246 0.000488759
1247 0.000488759
1248 0.000488759
1249 0.000488759
1250 0.000488759
1251 0.000488759
1252 0.000488759
1253 0.000488759
1254 0.000488759
1255 0.000488759
1256 0.000488759
1257 0.000488759
1258 0.000488759
1259 0.000488759
1260 0.000488759
1261 0.000488759
1262 0.000488759
1263 0.000488759
1264 0.000488759
1265 0.000488759
1266 0.000488759
1267 0.000488759
1268 0.000488759
1269 0.000488759
1270 0.000488759
1271 0.000488759
1272 0.000488759
1273 0.000488759
1274 0.000488759
1275 0.000488759
1276 0.000488759
1277 0.000488759
1278 0.000488759
1279 0.000488759
1280 0.000488759
1281 0.000488759
1282 0.000488759
1283 0.000488759
1284 0.000488759
1285 0.000488759
1286 0.000488759
1287 0.000488759
1288 0.000488759
1289 0.000488759
1290 0.000488759
1291 0.000488759
1292 0.000488759
1293 0.000488759
1294 0.000488759
1295 0.000488759
1296 0.000488759
1297 0.000488759
1298 0.000488759
1299 0.000488759
1300 0.000488759
1301 0.000488759
1302 0.000488759
1303 0.000488759
1304 0.000488759
1305 0.000488759
1306 0.000488759
1307 0.000488759
1308 0.000488759
1309 0.000488759
1310 0.000488759
1311 0.000488759
1312 0.000488759
1313 0.000244379
1314 0.000244379
1315 0.000244379
1316 0.000244379
1317 0.000244379
1318 0.000244379
1319 0.000244379
1320 0.000244379
1321 0.000244379
1322 0.000244379
1323 0.000244379
1324 0.000244379
1325 0.000244379
1326 0.000244379
1327 0.000244379
1328 0.000244379
