0 1
1 1
2 1
3 1
4 1
5 1
6 1
7 1
8 1
9 0.999965
10 0.999965
11 0.999965
12 0.999965
13 0.999965
14 0.999965
15 0.999965
16 0.999965
17 0.999965
18 0.999965
19 0.999965
20 0.999965
21 0.999965
22 0.999965
23 0.999859
24 0.999859
25 0.999859
26 0.999859
27 0.999859
28 0.999859
29 0.999859
30 0.999859
31 0.999717
32 0.999717
33 0.999717
34 0.999717
35 0.999717
36 0.999717
37 0.999717
38 0.999717
39 0.999611
40 0.999611
41 0.999611
42 0.999611
43 0.999611
44 0.999611
45 0.999611
46 0.999611
47 0.999364
48 0.999364
49 0.999364
50 0.999364
51 0.999364
52 0.999364
53 0.999364
54 0.999364
55 0.999223
56 0.999223
57 0.999223
58 0.999223
59 0.999223
60 0.999223
61 0.999223
62 0.999223
63 0.999046
64 0.999046
65 0.960852
66 0.960852
67 0.960852
68 0.960852
69 0.960852
70 0.960852
71 0.960746
72 0.960746
73 0.925132
74 0.925132
75 0.925132
76 0.925132
77 0.925132
78 0.925132
79 0.924955
80 0.924955
81 0.889164
82 0.889164
83 0.889164
84 0.889164
85 0.889164
86 0.889164
87 0.888881
88 0.888881
89 0.851888
90 0.851888
91 0.851888
92 0.851888
93 0.851888
94 0.851888
95 0.851641
96 0.851641
97 0.816627
98 0.816627
99 0.816627
100 0.816627
101 0.816627
102 0.816627
103 0.816451
104 0.816451
105 0.782779
106 0.782779
107 0.782779
108 0.782779
109 0.782779
110 0.782779
111 0.782638
112 0.782638
113 0.748931
114 0.748931
115 0.748931
116 0.748931
117 0.748931
118 0.748931
119 0.748825
120 0.748825
121 0.716567
122 0.716567
123 0.716567
124 0.716567
125 0.716567
126 0.716567
127 0.716355
128 0.716355
129 0.685404
130 0.685404
131 0.685404
132 0.685404
133 0.685404
134 0.685404
135 0.685263
136 0.685263
137 0.656044
138 0.656044
139 0.656044
140 0.656044
141 0.656044
142 0.656044
143 0.655867
144 0.655867
145 0.627566
146 0.627566
147 0.627566
148 0.627566
149 0.627566
150 0.627566
151 0.627354
152 0.627354
153 0.599124
154 0.599124
155 0.599124
156 0.599124
157 0.599124
158 0.599124
159 0.598912
160 0.598912
161 0.57213
162 0.57213
163 0.57213
164 0.57213
165 0.57213
166 0.57213
167 0.572024
168 0.572024
169 0.546479
170 0.546479
171 0.546479
172 0.546479
173 0.546479
174 0.546479
175 0.546373
176 0.546373
177 0.5215
178 0.5215
179 0.5215
180 0.5215
181 0.5215
182 0.5215
183 0.521429
184 0.521429
185 0.49917
186 0.49917
187 0.49917
188 0.49917
189 0.49917
190 0.49917
191 0.499064
192 0.499064
193 0.47578
194 0.47578
195 0.47578
196 0.47578
197 0.47578
198 0.47578
199 0.475674
200 0.475674
201 0.455676
202 0.455676
203 0.455676
204 0.455676
205 0.455676
206 0.455676
207 0.455499
208 0.455499
209 0.435325
210 0.435325
211 0.435325
212 0.435325
213 0.435325
214 0.435325
215 0.435254
216 0.435254
217 0.415398
218 0.415398
219 0.415398
220 0.415398
221 0.415398
222 0.415398
223 0.415327
224 0.415327
225 0.396071
226 0.396071
227 0.396071
228 0.396071
229 0.396071
230 0.396071
231 0.396036
232 0.396036
233 0.379147
234 0.379147
235 0.379147
236 0.379147
237 0.379147
238 0.379147
239 0.379006
240 0.379006
241 0.361304
242 0.361304
243 0.361304
244 0.361304
245 0.361304
246 0.361304
247 0.361269
248 0.361269
249 0.345476
250 0.345476
251 0.345476
252 0.345476
253 0.345476
254 0.345476
255 0.34537
256 0.34537
257 0.330601
258 0.330601
259 0.330601
260 0.330601
261 0.330601
262 0.330601
263 0.330495
264 0.330495
265 0.315797
266 0.315797
267 0.315797
268 0.315797
269 0.315797
270 0.315797
271 0.315656
272 0.315656
273 0.300816
274 0.300816
275 0.300816
276 0.300816
277 0.300816
278 0.300816
279 0.30064
280 0.30064
281 0.286825
282 0.286825
283 0.286825
284 0.286825
285 0.286825
286 0.286825
287 0.286754
288 0.286754
289 0.273858
290 0.273858
291 0.273858
292 0.273858
293 0.273858
294 0.273858
295 0.273858
296 0.273858
297 0.261986
298 0.261986
299 0.261986
300 0.261986
301 0.261986
302 0.261986
303 0.26188
304 0.26188
305 0.251139
306 0.251139
307 0.251139
308 0.251139
309 0.251139
310 0.251139
311 0.251104
312 0.251104
313 0.240752
314 0.240752
315 0.240752
316 0.240752
317 0.240752
318 0.240752
319 0.240646
320 0.240646
321 0.22934
322 0.22934
323 0.22934
324 0.22934
325 0.22934
326 0.22934
327 0.229234
328 0.229234
329 0.219199
330 0.219199
331 0.219199
332 0.219199
333 0.219199
334 0.219199
335 0.219058
336 0.219058
337 0.209695
338 0.209695
339 0.209695
340 0.209695
341 0.209695
342 0.209695
343 0.209624
344 0.209624
345 0.200968
346 0.200968
347 0.200968
348 0.200968
349 0.200968
350 0.200968
351 0.200933
352 0.200933
353 0.192135
354 0.192135
355 0.192135
356 0.192135
357 0.192135
358 0.192135
359 0.192029
360 0.192029
361 0.183514
362 0.183514
363 0.183514
364 0.183514
365 0.183514
366 0.183514
367 0.183408
368 0.183408
369 0.175706
370 0.175706
371 0.175706
372 0.175706
373 0.175706
374 0.175706
375 0.1756
376 0.1756
377 0.169311
378 0.169311
379 0.169311
380 0.169311
381 0.169311
382 0.169311
383 0.16924
384 0.16924
385 0.161962
386 0.161962
387 0.161962
388 0.161962
389 0.161962
390 0.161962
391 0.161785
392 0.161785
393 0.154789
394 0.154789
395 0.154789
396 0.154789
397 0.154789
398 0.154789
399 0.154754
400 0.154754
401 0.148535
402 0.148535
403 0.148535
404 0.148535
405 0.148535
406 0.148535
407 0.1485
408 0.1485
409 0.141893
410 0.141893
411 0.141893
412 0.141893
413 0.141893
414 0.141893
415 0.141787
416 0.141787
417 0.134615
418 0.134615
419 0.134615
420 0.134615
421 0.134615
422 0.134615
423 0.134615
424 0.134615
425 0.128856
426 0.128856
427 0.128856
428 0.128856
429 0.128856
430 0.128856
431 0.128856
432 0.128856
433 0.123379
434 0.123379
435 0.123379
436 0.123379
437 0.123379
438 0.123379
439 0.123344
440 0.123344
441 0.118221
442 0.118221
443 0.118221
444 0.118221
445 0.118221
446 0.118221
447 0.118185
448 0.118185
449 0.114193
450 0.114193
451 0.114193
452 0.114193
453 0.114193
454 0.114193
455 0.114158
456 0.114158
457 0.109211
458 0.109211
459 0.109211
460 0.109211
461 0.109211
462 0.109211
463 0.109176
464 0.109176
465 0.104088
466 0.104088
467 0.104088
468 0.104088
469 0.104088
470 0.104088
471 0.104053
472 0.104053
473 0.10006
474 0.10006
475 0.10006
476 0.10006
477 0.10006
478 0.10006
479 0.100025
480 0.100025
481 0.0958202
482 0.0958202
483 0.0958202
484 0.0958202
485 0.0958202
486 0.0958202
487 0.0958202
488 0.0958202
489 0.092075
490 0.092075
491 0.092075
492 0.092075
493 0.092075
494 0.092075
495 0.0920397
496 0.0920397
497 0.0884712
498 0.0884712
499 0.0884712
500 0.0884712
501 0.0884712
502 0.0884712
503 0.0884712
504 0.0884712
505 0.0854326
506 0.0854326
507 0.0854326
508 0.0854326
509 0.0854326
510 0.0854326
511 0.0854326
512 0.0854326
513 0.0819348
514 0.0819348
515 0.0819348
516 0.0819348
517 0.0819348
518 0.0819348
519 0.0818641
520 0.0818641
521 0.0786136
522 0.0786136
523 0.0786136
524 0.0786136
525 0.0786136
526 0.0786136
527 0.0785076
528 0.0785076
529 0.0753277
530 0.0753277
531 0.0753277
532 0.0753277
533 0.0753277
534 0.0753277
535 0.075257
536 0.075257
537 0.0722538
538 0.0722538
539 0.0722538
540 0.0722538
541 0.0722538
542 0.0722538
543 0.0721478
544 0.0721478
545 0.0691446
546 0.0691446
547 0.0691446
548 0.0691446
549 0.0691446
550 0.0691446
551 0.0691093
552 0.0691093
553 0.0659647
554 0.0659647
555 0.0659647
556 0.0659647
557 0.0659647
558 0.0659647
559 0.0658941
560 0.0658941
561 0.0633855
562 0.0633855
563 0.0633855
564 0.0633855
565 0.0633855
566 0.0633855
567 0.0633502
568 0.0633502
569 0.0606296
570 0.0606296
571 0.0606296
572 0.0606296
573 0.0606296
574 0.0606296
575 0.060559
576 0.060559
577 0.0584037
578 0.0584037
579 0.0584037
580 0.0584037
581 0.0584037
582 0.0584037
583 0.0584037
584 0.0584037
585 0.0553652
586 0.0553652
587 0.0553652
588 0.0553652
589 0.0553652
590 0.0553652
591 0.0553298
592 0.0553298
593 0.0533512
594 0.0533512
595 0.0533512
596 0.0533512
597 0.0533512
598 0.0533512
599 0.0533159
600 0.0533159
601 0.051514
602 0.051514
603 0.051514
604 0.051514
605 0.051514
606 0.051514
607 0.051514
608 0.051514
609 0.0493941
610 0.0493941
611 0.0493941
612 0.0493941
613 0.0493941
614 0.0493941
615 0.0493587
616 0.0493587
617 0.0470621
618 0.0470621
619 0.0470621
620 0.0470621
621 0.0470621
622 0.0470621
623 0.0469915
624 0.0469915
625 0.0448362
626 0.0448362
627 0.0448362
628 0.0448362
629 0.0448362
630 0.0448362
631 0.0447656
632 0.0447656
633 0.0431756
634 0.0431756
635 0.0431756
636 0.0431756
637 0.0431756
638 0.0431756
639 0.0430696
640 0.0430696
641 0.0413737
642 0.0413737
643 0.0413737
644 0.0413737
645 0.0413737
646 0.0413737
647 0.0413737
648 0.0413737
649 0.0394305
650 0.0394305
651 0.0394305
652 0.0394305
653 0.0394305
654 0.0394305
655 0.0394305
656 0.0394305
657 0.0377698
658 0.0377698
659 0.0377698
660 0.0377698
661 0.0377698
662 0.0377698
663 0.0377698
664 0.0377698
665 0.0362152
666 0.0362152
667 0.0362152
668 0.0362152
669 0.0362152
670 0.0362152
671 0.0361799
672 0.0361799
673 0.034908
674 0.034908
675 0.034908
676 0.034908
677 0.034908
678 0.034908
679 0.0348726
680 0.0348726
681 0.033636
682 0.033636
683 0.033636
684 0.033636
685 0.033636
686 0.033636
687 0.0335653
688 0.0335653
689 0.0325761
690 0.0325761
691 0.0325761
692 0.0325761
693 0.0325761
694 0.0325761
695 0.0325761
696 0.0325761
697 0.0308095
698 0.0308095
699 0.0308095
700 0.0308095
701 0.0308095
702 0.0308095
703 0.0308095
704 0.0308095
705 0.0294315
706 0.0294315
707 0.0294315
708 0.0294315
709 0.0294315
710 0.0294315
711 0.0293962
712 0.0293962
713 0.0281949
714 0.0281949
715 0.0281949
716 0.0281949
717 0.0281949
718 0.0281949
719 0.0281949
720 0.0281949
721 0.0271703
722 0.0271703
723 0.0271703
724 0.0271703
725 0.0271703
726 0.0271703
727 0.0271703
728 0.0271703
729 0.025969
730 0.025969
731 0.025969
732 0.025969
733 0.025969
734 0.025969
735 0.025969
736 0.025969
737 0.025015
738 0.025015
739 0.025015
740 0.025015
741 0.025015
742 0.025015
743 0.0249797
744 0.0249797
745 0.0239197
746 0.0239197
747 0.0239197
748 0.0239197
749 0.0239197
750 0.0239197
751 0.0239197
752 0.0239197
753 0.0227891
754 0.0227891
755 0.0227891
756 0.0227891
757 0.0227891
758 0.0227891
759 0.0227184
760 0.0227184
761 0.0220471
762 0.0220471
763 0.0220471
764 0.0220471
765 0.0220471
766 0.0220471
767 0.0220471
768 0.0220471
769 0.0211638
770 0.0211638
771 0.0211638
772 0.0211638
773 0.0211638
774 0.0211638
775 0.0211638
776 0.0211638
777 0.0205632
778 0.0205632
779 0.0205632
780 0.0205632
781 0.0205632
782 0.0205632
783 0.0205279
784 0.0205279
785 0.0197859
786 0.0197859
787 0.0197859
788 0.0197859
789 0.0197859
790 0.0197859
791 0.0197506
792 0.0197506
793 0.0188673
794 0.0188673
795 0.0188673
796 0.0188673
797 0.0188673
798 0.0188673
799 0.0188319
800 0.0188319
801 0.0177366
802 0.0177366
803 0.0177366
804 0.0177366
805 0.0177366
806 0.0177366
807 0.017666
808 0.017666
809 0.0168533
810 0.0168533
811 0.0168533
812 0.0168533
813 0.0168533
814 0.0168533
815 0.0168533
816 0.0168533
817 0.016182
818 0.016182
819 0.016182
820 0.016182
821 0.016182
822 0.016182
823 0.0161467
824 0.0161467
825 0.0154754
826 0.0154754
827 0.0154754
828 0.0154754
829 0.0154754
830 0.0154754
831 0.0154754
832 0.0154754
833 0.0149101
834 0.0149101
835 0.0149101
836 0.0149101
837 0.0149101
838 0.0149101
839 0.0149101
840 0.0149101
841 0.0143448
842 0.0143448
843 0.0143448
844 0.0143448
845 0.0143448
846 0.0143448
847 0.0143448
848 0.0143448
849 0.0136381
850 0.0136381
851 0.0136381
852 0.0136381
853 0.0136381
854 0.0136381
855 0.0136381
856 0.0136381
857 0.0132848
858 0.0132848
859 0.0132848
860 0.0132848
861 0.0132848
862 0.0132848
863 0.0132495
864 0.0132495
865 0.0128962
866 0.0128962
867 0.0128962
868 0.0128962
869 0.0128962
870 0.0128962
871 0.0128962
872 0.0128962
873 0.0123308
874 0.0123308
875 0.0123308
876 0.0123308
877 0.0123308
878 0.0123308
879 0.0123308
880 0.0123308
881 0.0117655
882 0.0117655
883 0.0117655
884 0.0117655
885 0.0117655
886 0.0117655
887 0.0117302
888 0.0117302
889 0.0112709
890 0.0112709
891 0.0112709
892 0.0112709
893 0.0112709
894 0.0112709
895 0.0112709
896 0.0112709
897 0.0108469
898 0.0108469
899 0.0108469
900 0.0108469
901 0.0108469
902 0.0108469
903 0.0108469
904 0.0108469
905 0.0104936
906 0.0104936
907 0.0104936
908 0.0104936
909 0.0104936
910 0.0104936
911 0.0104936
912 0.0104936
913 0.0100343
914 0.0100343
915 0.0100343
916 0.0100343
917 0.0100343
918 0.0100343
919 0.0100343
920 0.0100343
921 0.00971628
922 0.00971628
923 0.00971628
924 0.00971628
925 0.00971628
926 0.00971628
927 0.00971628
928 0.00971628
929 0.00932763
930 0.00932763
931 0.00932763
932 0.00932763
933 0.00932763
934 0.00932763
935 0.0092923
936 0.0092923
937 0.00911564
938 0.00911564
939 0.00911564
940 0.00911564
941 0.00911564
942 0.00911564
943 0.00904498
944 0.00904498
945 0.00869166
946 0.00869166
947 0.00869166
948 0.00869166
949 0.00869166
950 0.00869166
951 0.00869166
952 0.00869166
953 0.00812635
954 0.00812635
955 0.00812635
956 0.00812635
957 0.00812635
958 0.00812635
959 0.00809101
960 0.00809101
961 0.00756104
962 0.00756104
963 0.00756104
964 0.00756104
965 0.00756104
966 0.00756104
967 0.00756104
968 0.00756104
969 0.00717238
970 0.00717238
971 0.00717238
972 0.00717238
973 0.00717238
974 0.00717238
975 0.00717238
976 0.00717238
977 0.00692506
978 0.00692506
979 0.00692506
980 0.00692506
981 0.00692506
982 0.00692506
983 0.00692506
984 0.00692506
985 0.00671307
986 0.00671307
987 0.00671307
988 0.00671307
989 0.00671307
990 0.00671307
991 0.00667774
992 0.00667774
993 0.00635975
994 0.00635975
995 0.00635975
996 0.00635975
997 0.00635975
998 0.00635975
999 0.00635975
1000 0.00635975
1001 0.00614776
1002 0.00614776
1003 0.00614776
1004 0.00614776
1005 0.00614776
1006 0.00614776
1007 0.00614776
1008 0.00614776
1009 0.0058651
1010 0.0058651
1011 0.0058651
1012 0.0058651
1013 0.0058651
1014 0.0058651
1015 0.0058651
1016 0.0058651
1017 0.00561778
1018 0.00561778
1019 0.00561778
1020 0.00561778
1021 0.00561778
1022 0.00561778
1023 0.00561778
1024 0.00561778
1025 0.00537046
1026 0.00537046
1027 0.00537046
1028 0.00537046
1029 0.00537046
1030 0.00537046
1031 0.00537046
1032 0.00537046
1033 0.00515846
1034 0.00515846
1035 0.00515846
1036 0.00515846
1037 0.00515846
1038 0.00515846
1039 0.00515846
1040 0.00515846
1041 0.00505247
1042 0.00505247
1043 0.00505247
1044 0.00505247
1045 0.00505247
1046 0.00505247
1047 0.00505247
1048 0.00505247
1049 0.00494647
1050 0.00494647
1051 0.00494647
1052 0.00494647
1053 0.00494647
1054 0.00494647
1055 0.00494647
1056 0.00494647
1057 0.00473448
1058 0.00473448
1059 0.00473448
1060 0.00473448
1061 0.00473448
1062 0.00473448
1063 0.00473448
1064 0.00473448
1065 0.00469915
1066 0.00469915
1067 0.00469915
1068 0.00469915
1069 0.00469915
1070 0.00469915
1071 0.00469915
1072 0.00469915
1073 0.00452249
1074 0.00452249
1075 0.00452249
1076 0.00452249
1077 0.00452249
1078 0.00452249
1079 0.00452249
1080 0.00452249
1081 0.00445182
1082 0.00445182
1083 0.00445182
1084 0.00445182
1085 0.00445182
1086 0.00445182
1087 0.00445182
1088 0.00445182
1089 0.00423983
1090 0.00423983
1091 0.00423983
1092 0.00423983
1093 0.00423983
1094 0.00423983
1095 0.00423983
1096 0.00423983
1097 0.00406317
1098 0.00406317
1099 0.00406317
1100 0.00406317
1101 0.00406317
1102 0.00406317
1103 0.00406317
1104 0.00406317
1105 0.00374519
1106 0.00374519
1107 0.00374519
1108 0.00374519
1109 0.00374519
1110 0.00374519
1111 0.00374519
1112 0.00374519
1113 0.0034272
1114 0.0034272
1115 0.0034272
1116 0.0034272
1117 0.0034272
1118 0.0034272
1119 0.0034272
1120 0.0034272
1121 0.00328587
1122 0.00328587
1123 0.00328587
1124 0.00328587
1125 0.00328587
1126 0.00328587
1127 0.00328587
1128 0.00328587
1129 0.00314454
1130 0.00314454
1131 0.00314454
1132 0.00314454
1133 0.00314454
1134 0.00314454
1135 0.00314454
1136 0.00314454
1137 0.00307388
1138 0.00307388
1139 0.00307388
1140 0.00307388
1141 0.00307388
1142 0.00307388
1143 0.00307388
1144 0.00307388
1145 0.00286189
1146 0.00286189
1147 0.00286189
1148 0.00286189
1149 0.00286189
1150 0.00286189
1151 0.00286189
1152 0.00286189
1153 0.00282656
1154 0.00282656
1155 0.00282656
1156 0.00282656
1157 0.00282656
1158 0.00282656
1159 0.00282656
1160 0.00282656
1161 0.00279122
1162 0.00279122
1163 0.00279122
1164 0.00279122
1165 0.00279122
1166 0.00279122
1167 0.00279122
1168 0.00279122
1169 0.00272056
1170 0.00272056
1171 0.00272056
1172 0.00272056
1173 0.00272056
1174 0.00272056
1175 0.00272056
1176 0.00272056
1177 0.0026499
1178 0.0026499
1179 0.0026499
1180 0.0026499
1181 0.0026499
1182 0.0026499
1183 0.0026499
1184 0.0026499
1185 0.00257923
1186 0.00257923
1187 0.00257923
1188 0.00257923
1189 0.00257923
1190 0.00257923
1191 0.00257923
1192 0.00257923
1193 0.00250857
1194 0.00250857
1195 0.00250857
1196 0.00250857
1197 0.00250857
1198 0.00250857
1199 0.00250857
1200 0.00250857
1201 0.00240257
1202 0.00240257
1203 0.00240257
1204 0.00240257
1205 0.00240257
1206 0.00240257
1207 0.00240257
1208 0.00240257
1209 0.00236724
1210 0.00236724
1211 0.00236724
1212 0.00236724
1213 0.00236724
1214 0.00236724
1215 0.00236724
1216 0.00236724
1217 0.00229658
1218 0.00229658
1219 0.00229658
1220 0.00229658
1221 0.00229658
1222 0.00229658
1223 0.00229658
1224 0.00229658
1225 0.00219058
1226 0.00219058
1227 0.00219058
1228 0.00219058
1229 0.00219058
1230 0.00219058
1231 0.00219058
1232 0.00219058
1233 0.00208458
1234 0.00208458
1235 0.00208458
1236 0.00208458
1237 0.00208458
1238 0.00208458
1239 0.00208458
1240 0.00208458
1241 0.00204925
1242 0.00204925
1243 0.00204925
1244 0.00204925
1245 0.00204925
1246 0.00204925
1247 0.00204925
1248 0.00204925
1249 0.00187259
1250 0.00187259
1251 0.00187259
1252 0.00187259
1253 0.00187259
1254 0.00187259
1255 0.00187259
1256 0.00187259
1257 0.00187259
1258 0.00187259
1259 0.00187259
1260 0.00187259
1261 0.00187259
1262 0.00187259
1263 0.00187259
1264 0.00187259
1265 0.00183726
1266 0.00183726
1267 0.00183726
1268 0.00183726
1269 0.00183726
1270 0.00183726
1271 0.00183726
1272 0.00183726
1273 0.0017666
1274 0.0017666
1275 0.0017666
1276 0.0017666
1277 0.0017666
1278 0.0017666
1279 0.0017666
1280 0.0017666
1281 0.0017666
1282 0.0017666
1283 0.0017666
1284 0.0017666
1285 0.0017666
1286 0.0017666
1287 0.0017666
1288 0.0017666
1289 0.00173127
1290 0.00173127
1291 0.00173127
1292 0.00173127
1293 0.00173127
1294 0.00173127
1295 0.00173127
1296 0.00173127
1297 0.00162527
1298 0.00162527
1299 0.00162527
1300 0.00162527
1301 0.00162527
1302 0.00162527
1303 0.00162527
1304 0.00162527
1305 0.00158994
1306 0.00158994
1307 0.00158994
1308 0.00158994
1309 0.00158994
1310 0.00158994
1311 0.00158994
1312 0.00158994
1313 0.00155461
1314 0.00155461
1315 0.00155461
1316 0.00155461
1317 0.00155461
1318 0.00155461
1319 0.00155461
1320 0.00155461
1321 0.00151927
1322 0.00151927
1323 0.00151927
1324 0.00151927
1325 0.00151927
1326 0.00151927
1327 0.00148394
1328 0.00148394
1329 0.00144861
1330 0.00144861
1331 0.00144861
1332 0.00144861
1333 0.00144861
1334 0.00144861
1335 0.00144861
1336 0.00144861
1337 0.00141328
1338 0.00141328
1339 0.00141328
1340 0.00141328
1341 0.00141328
1342 0.00141328
1343 0.00141328
1344 0.00141328
1345 0.00137795
1346 0.00137795
1347 0.00137795
1348 0.00137795
1349 0.00137795
1350 0.00137795
1351 0.00137795
1352 0.00137795
1353 0.00137795
1354 0.00137795
1355 0.00137795
1356 0.00137795
1357 0.00137795
1358 0.00137795
1359 0.00137795
1360 0.00137795
1361 0.00127195
1362 0.00127195
1363 0.00127195
1364 0.00127195
1365 0.00127195
1366 0.00127195
1367 0.00127195
1368 0.00127195
1369 0.00120129
1370 0.00120129
1371 0.00120129
1372 0.00120129
1373 0.00120129
1374 0.00120129
1375 0.00120129
1376 0.00120129
1377 0.00116595
1378 0.00116595
1379 0.00116595
1380 0.00116595
1381 0.00116595
1382 0.00116595
1383 0.00116595
1384 0.00116595
1385 0.00113062
1386 0.00113062
1387 0.00113062
1388 0.00113062
1389 0.00113062
1390 0.00113062
1391 0.00113062
1392 0.00113062
1393 0.00113062
1394 0.00113062
1395 0.00113062
1396 0.00113062
1397 0.00113062
1398 0.00113062
1399 0.00113062
1400 0.00113062
1401 0.00113062
1402 0.00113062
1403 0.00113062
1404 0.00113062
1405 0.00113062
1406 0.00113062
1407 0.00113062
1408 0.00113062
1409 0.00109529
1410 0.00109529
1411 0.00109529
1412 0.00109529
1413 0.00109529
1414 0.00109529
1415 0.00109529
1416 0.00109529
1417 0.00109529
1418 0.00109529
1419 0.00109529
1420 0.00109529
1421 0.00109529
1422 0.00109529
1423 0.00109529
1424 0.00109529
1425 0.00102463
1426 0.00102463
1427 0.00102463
1428 0.00102463
1429 0.00102463
1430 0.00102463
1431 0.00102463
1432 0.00102463
1433 0.000953963
1434 0.000953963
1435 0.000953963
1436 0.000953963
1437 0.000953963
1438 0.000953963
1439 0.000953963
1440 0.000953963
1441 0.000918631
1442 0.000918631
1443 0.000918631
1444 0.000918631
1445 0.000918631
1446 0.000918631
1447 0.000918631
1448 0.000918631
1449 0.000883299
1450 0.000883299
1451 0.000883299
1452 0.000883299
1453 0.000883299
1454 0.000883299
1455 0.000883299
1456 0.000883299
1457 0.000847967
1458 0.000847967
1459 0.000847967
1460 0.000847967
1461 0.000847967
1462 0.000847967
1463 0.000847967
1464 0.000847967
1465 0.000847967
1466 0.000847967
1467 0.000847967
1468 0.000847967
1469 0.000847967
1470 0.000847967
1471 0.000847967
1472 0.000847967
1473 0.000812635
1474 0.000812635
1475 0.000812635
1476 0.000812635
1477 0.000812635
1478 0.000812635
1479 0.000812635
1480 0.000812635
1481 0.000777303
1482 0.000777303
1483 0.000777303
1484 0.000777303
1485 0.000777303
1486 0.000777303
1487 0.000777303
1488 0.000777303
1489 0.000777303
1490 0.000777303
1491 0.000777303
1492 0.000777303
1493 0.000777303
1494 0.000777303
1495 0.000777303
1496 0.000777303
1497 0.000777303
1498 0.000777303
1499 0.000777303
1500 0.000777303
1501 0.000777303
1502 0.000777303
1503 0.000777303
1504 0.000777303
1505 0.000741971
1506 0.000741971
1507 0.000741971
1508 0.000741971
1509 0.000741971
1510 0.000741971
1511 0.000741971
1512 0.000741971
1513 0.000741971
1514 0.000741971
1515 0.000741971
1516 0.000741971
1517 0.000741971
1518 0.000741971
1519 0.000741971
1520 0.000741971
1521 0.000635975
1522 0.000635975
1523 0.000635975
1524 0.000635975
1525 0.000635975
1526 0.000635975
1527 0.000635975
1528 0.000635975
1529 0.000565311
1530 0.000565311
1531 0.000565311
1532 0.000565311
1533 0.000565311
1534 0.000565311
1535 0.000565311
1536 0.000565311
1537 0.000494647
1538 0.000494647
1539 0.000494647
1540 0.000494647
1541 0.000494647
1542 0.000494647
1543 0.000494647
1544 0.000494647
1545 0.000494647
1546 0.000494647
1547 0.000494647
1548 0.000494647
1549 0.000494647
1550 0.000494647
1551 0.000494647
1552 0.000494647
1553 0.000494647
1554 0.000494647
1555 0.000494647
1556 0.000494647
1557 0.000494647
1558 0.000494647
1559 0.000494647
1560 0.000494647
1561 0.000494647
1562 0.000494647
1563 0.000494647
1564 0.000494647
1565 0.000494647
1566 0.000494647
1567 0.000494647
1568 0.000494647
1569 0.000494647
1570 0.000494647
1571 0.000494647
1572 0.000494647
1573 0.000494647
1574 0.000494647
1575 0.000494647
1576 0.000494647
1577 0.000494647
1578 0.000494647
1579 0.000494647
1580 0.000494647
1581 0.000494647
1582 0.000494647
1583 0.000494647
1584 0.000494647
1585 0.000459315
1586 0.000459315
1587 0.000459315
1588 0.000459315
1589 0.000459315
1590 0.000459315
1591 0.000459315
1592 0.000459315
1593 0.000459315
1594 0.000459315
1595 0.000459315
1596 0.000459315
1597 0.000459315
1598 0.000459315
1599 0.000459315
1600 0.000459315
1601 0.000423983
1602 0.000423983
1603 0.000423983
1604 0.000423983
1605 0.000423983
1606 0.000423983
1607 0.000423983
1608 0.000423983
1609 0.000423983
1610 0.000423983
1611 0.000423983
1612 0.000423983
1613 0.000423983
1614 0.000423983
1615 0.000423983
1616 0.000423983
1617 0.000388651
1618 0.000388651
1619 0.000388651
1620 0.000388651
1621 0.000388651
1622 0.000388651
1623 0.000388651
1624 0.000388651
1625 0.000317987
1626 0.000317987
1627 0.000317987
1628 0.000317987
1629 0.000317987
1630 0.000317987
1631 0.000317987
1632 0.000317987
1633 0.000317987
1634 0.000317987
1635 0.000317987
1636 0.000317987
1637 0.000317987
1638 0.000317987
1639 0.000317987
1640 0.000317987
1641 0.000317987
1642 0.000317987
1643 0.000317987
1644 0.000317987
1645 0.000317987
1646 0.000317987
1647 0.000317987
1648 0.000317987
1649 0.000317987
1650 0.000317987
1651 0.000317987
1652 0.000317987
1653 0.000317987
1654 0.000317987
1655 0.000317987
1656 0.000317987
1657 0.000317987
1658 0.000317987
1659 0.000317987
1660 0.000317987
1661 0.000317987
1662 0.000317987
1663 0.000317987
1664 0.000317987
1665 0.000317987
1666 0.000317987
1667 0.000317987
1668 0.000317987
1669 0.000317987
1670 0.000317987
1671 0.000317987
1672 0.000317987
1673 0.000282656
1674 0.000282656
1675 0.000282656
1676 0.000282656
1677 0.000282656
1678 0.000282656
1679 0.000282656
1680 0.000282656
1681 0.000282656
1682 0.000282656
1683 0.000282656
1684 0.000282656
1685 0.000282656
1686 0.000282656
1687 0.000282656
1688 0.000282656
1689 0.000282656
1690 0.000282656
1691 0.000282656
1692 0.000282656
1693 0.000282656
1694 0.000282656
1695 0.000282656
1696 0.000282656
1697 0.000282656
1698 0.000282656
1699 0.000282656
1700 0.000282656
1701 0.000282656
1702 0.000282656
1703 0.000282656
1704 0.000282656
1705 0.000282656
1706 0.000282656
1707 0.000282656
1708 0.000282656
1709 0.000282656
1710 0.000282656
1711 0.000282656
1712 0.000282656
1713 0.000282656
1714 0.000282656
1715 0.000282656
1716 0.000282656
1717 0.000282656
1718 0.000282656
1719 0.000282656
1720 0.000282656
1721 0.000282656
1722 0.000282656
1723 0.000282656
1724 0.000282656
1725 0.000282656
1726 0.000282656
1727 0.000282656
1728 0.000282656
1729 0.000282656
1730 0.000282656
1731 0.000282656
1732 0.000282656
1733 0.000282656
1734 0.000282656
1735 0.000282656
1736 0.000282656
1737 0.000282656
1738 0.000282656
1739 0.000282656
1740 0.000282656
1741 0.000282656
1742 0.000282656
1743 0.000282656
1744 0.000282656
1745 0.000282656
1746 0.000282656
1747 0.000282656
1748 0.000282656
1749 0.000282656
1750 0.000282656
1751 0.000282656
1752 0.000282656
1753 0.000282656
1754 0.000282656
1755 0.000282656
1756 0.000282656
1757 0.000282656
1758 0.000282656
1759 0.000282656
1760 0.000282656
1761 0.000247324
1762 0.000247324
1763 0.000247324
1764 0.000247324
1765 0.000247324
1766 0.000247324
1767 0.000247324
1768 0.000247324
1769 0.000247324
1770 0.000247324
1771 0.000247324
1772 0.000247324
1773 0.000247324
1774 0.000247324
1775 0.000247324
1776 0.000247324
1777 0.000247324
1778 0.000247324
1779 0.000247324
1780 0.000247324
1781 0.000247324
1782 0.000247324
1783 0.000247324
1784 0.000247324
1785 0.000247324
1786 0.000247324
1787 0.000247324
1788 0.000247324
1789 0.000247324
1790 0.000247324
1791 0.000247324
1792 0.000247324
1793 0.000247324
1794 0.000247324
1795 0.000247324
1796 0.000247324
1797 0.000247324
1798 0.000247324
1799 0.000247324
1800 0.000247324
1801 0.000247324
1802 0.000247324
1803 0.000247324
1804 0.000247324
1805 0.000247324
1806 0.000247324
1807 0.000247324
1808 0.000247324
1809 0.000247324
1810 0.000247324
1811 0.000247324
1812 0.000247324
1813 0.000247324
1814 0.000247324
1815 0.000247324
1816 0.000247324
1817 0.000247324
1818 0.000247324
1819 0.000247324
1820 0.000247324
1821 0.000247324
1822 0.000247324
1823 0.000247324
1824 0.000247324
1825 0.000247324
1826 0.000247324
1827 0.000247324
1828 0.000247324
1829 0.000247324
1830 0.000247324
1831 0.000247324
1832 0.000247324
1833 0.000247324
1834 0.000247324
1835 0.000247324
1836 0.000247324
1837 0.000247324
1838 0.000247324
1839 0.000247324
1840 0.000247324
1841 0.000247324
1842 0.000247324
1843 0.000247324
1844 0.000247324
1845 0.000247324
1846 0.000247324
1847 0.000247324
1848 0.000247324
1849 0.000247324
1850 0.000247324
1851 0.000247324
1852 0.000247324
1853 0.000247324
1854 0.000247324
1855 0.000247324
1856 0.000247324
1857 0.000247324
1858 0.000247324
1859 0.000247324
1860 0.000247324
1861 0.000247324
1862 0.000247324
1863 0.000247324
1864 0.000247324
1865 0.000247324
1866 0.000247324
1867 0.000247324
1868 0.000247324
1869 0.000247324
1870 0.000247324
1871 0.000247324
1872 0.000247324
1873 0.000247324
1874 0.000247324
1875 0.000247324
1876 0.000247324
1877 0.000247324
1878 0.000247324
1879 0.000247324
1880 0.000247324
1881 0.000247324
1882 0.000247324
1883 0.000247324
1884 0.000247324
1885 0.000247324
1886 0.000247324
1887 0.000247324
1888 0.000247324
1889 0.000247324
1890 0.000247324
1891 0.000247324
1892 0.000247324
1893 0.000247324
1894 0.000247324
1895 0.000247324
1896 0.000247324
1897 0.000247324
1898 0.000247324
1899 0.000247324
1900 0.000247324
1901 0.000247324
1902 0.000247324
1903 0.000247324
1904 0.000247324
1905 0.000247324
1906 0.000247324
1907 0.000247324
1908 0.000247324
1909 0.000247324
1910 0.000247324
1911 0.000247324
1912 0.000247324
1913 0.000247324
1914 0.000247324
1915 0.000247324
1916 0.000247324
1917 0.000247324
1918 0.000247324
1919 0.000247324
1920 0.000247324
1921 0.000247324
1922 0.000247324
1923 0.000247324
1924 0.000247324
1925 0.000247324
1926 0.000247324
1927 0.000247324
1928 0.000247324
1929 0.000211992
1930 0.000211992
1931 0.000211992
1932 0.000211992
1933 0.000211992
1934 0.000211992
1935 0.000211992
1936 0.000211992
1937 0.000211992
1938 0.000211992
1939 0.000211992
1940 0.000211992
1941 0.000211992
1942 0.000211992
1943 0.000211992
1944 0.000211992
1945 0.000211992
1946 0.000211992
1947 0.000211992
1948 0.000211992
1949 0.000211992
1950 0.000211992
1951 0.000211992
1952 0.000211992
1953 0.000211992
1954 0.000211992
1955 0.000211992
1956 0.000211992
1957 0.000211992
1958 0.000211992
1959 0.000211992
1960 0.000211992
1961 0.000211992
1962 0.000211992
1963 0.000211992
1964 0.000211992
1965 0.000211992
1966 0.000211992
1967 0.000211992
1968 0.000211992
1969 0.000211992
1970 0.000211992
1971 0.000211992
1972 0.000211992
1973 0.000211992
1974 0.000211992
1975 0.000211992
1976 0.000211992
1977 0.000211992
1978 0.000211992
1979 0.000211992
1980 0.000211992
1981 0.000211992
1982 0.000211992
1983 0.000211992
1984 0.000211992
1985 0.000211992
1986 0.000211992
1987 0.000211992
1988 0.000211992
1989 0.000211992
1990 0.000211992
1991 0.000211992
1992 0.000211992
1993 0.000211992
1994 0.000211992
1995 0.000211992
1996 0.000211992
1997 0.000211992
1998 0.000211992
1999 0.000211992
2000 0.000211992
2001 0.000211992
2002 0.000211992
2003 0.000211992
2004 0.000211992
2005 0.000211992
2006 0.000211992
2007 0.000211992
2008 0.000211992
2009 0.000211992
2010 0.000211992
2011 0.000211992
2012 0.000211992
2013 0.000211992
2014 0.000211992
2015 0.000211992
2016 0.000211992
2017 0.000211992
2018 0.000211992
2019 0.000211992
2020 0.000211992
2021 0.000211992
2022 0.000211992
2023 0.000211992
2024 0.000211992
2025 0.000211992
2026 0.000211992
2027 0.000211992
2028 0.000211992
2029 0.000211992
2030 0.000211992
2031 0.000211992
2032 0.000211992
2033 0.000211992
2034 0.000211992
2035 0.000211992
2036 0.000211992
2037 0.000211992
2038 0.000211992
2039 0.000211992
2040 0.000211992
2041 0.000211992
2042 0.000211992
2043 0.000211992
2044 0.000211992
2045 0.000211992
2046 0.000211992
2047 0.000211992
2048 0.000211992
2049 0.000211992
2050 0.000211992
2051 0.000211992
2052 0.000211992
2053 0.000211992
2054 0.000211992
2055 0.000211992
2056 0.000211992
2057 0.000211992
2058 0.000211992
2059 0.000211992
2060 0.000211992
2061 0.000211992
2062 0.000211992
2063 0.000211992
2064 0.000211992
2065 0.000211992
2066 0.000211992
2067 0.000211992
2068 0.000211992
2069 0.000211992
2070 0.000211992
2071 0.000211992
2072 0.000211992
2073 0.00017666
2074 0.00017666
2075 0.00017666
2076 0.00017666
2077 0.00017666
2078 0.00017666
2079 0.00017666
2080 0.00017666
2081 0.00017666
2082 0.00017666
2083 0.00017666
2084 0.00017666
2085 0.00017666
2086 0.00017666
2087 0.00017666
2088 0.00017666
2089 0.00017666
2090 0.00017666
2091 0.00017666
2092 0.00017666
2093 0.00017666
2094 0.00017666
2095 0.00017666
2096 0.00017666
2097 0.00017666
2098 0.00017666
2099 0.00017666
2100 0.00017666
2101 0.00017666
2102 0.00017666
2103 0.00017666
2104 0.00017666
2105 0.00017666
2106 0.00017666
2107 0.00017666
2108 0.00017666
2109 0.00017666
2110 0.00017666
2111 0.00017666
2112 0.00017666
2113 0.00017666
2114 0.00017666
2115 0.00017666
2116 0.00017666
2117 0.00017666
2118 0.00017666
2119 0.00017666
2120 0.00017666
2121 0.00017666
2122 0.00017666
2123 0.00017666
2124 0.00017666
2125 0.00017666
2126 0.00017666
2127 0.00017666
2128 0.00017666
2129 0.000105996
2130 0.000105996
2131 0.000105996
2132 0.000105996
2133 0.000105996
2134 0.000105996
2135 0.000105996
2136 0.000105996
2137 0.000105996
2138 0.000105996
2139 0.000105996
2140 0.000105996
2141 0.000105996
2142 0.000105996
2143 0.000105996
2144 0.000105996
2145 0.000105996
2146 0.000105996
2147 0.000105996
2148 0.000105996
2149 0.000105996
2150 0.000105996
2151 0.000105996
2152 0.000105996
2153 0.000105996
2154 0.000105996
2155 0.000105996
2156 0.000105996
2157 0.000105996
2158 0.000105996
2159 0.000105996
2160 0.000105996
2161 7.06639e-05
2162 7.06639e-05
2163 7.06639e-05
2164 7.06639e-05
2165 7.06639e-05
2166 7.06639e-05
2167 7.06639e-05
2168 7.06639e-05
2169 7.06639e-05
2170 7.06639e-05
2171 7.06639e-05
2172 7.06639e-05
2173 7.06639e-05
2174 7.06639e-05
2175 7.06639e-05
2176 7.06639e-05
2177 3.53319e-05
2178 3.53319e-05
2179 3.53319e-05
2180 3.53319e-05
2181 3.53319e-05
2182 3.53319e-05
2183 3.53319e-05
2184 3.53319e-05
2185 3.53319e-05
2186 3.53319e-05
2187 3.53319e-05
2188 3.53319e-05
2189 3.53319e-05
2190 3.53319e-05
2191 3.53319e-05
2192 3.53319e-05
2193 3.53319e-05
2194 3.53319e-05
2195 3.53319e-05
2196 3.53319e-05
2197 3.53319e-05
2198 3.53319e-05
2199 3.53319e-05
2200 3.53319e-05
2201 3.53319e-05
2202 3.53319e-05
2203 3.53319e-05
2204 3.53319e-05
2205 3.53319e-05
2206 3.53319e-05
2207 3.53319e-05
2208 3.53319e-05
2209 3.53319e-05
2210 3.53319e-05
2211 3.53319e-05
2212 3.53319e-05
2213 3.53319e-05
2214 3.53319e-05
2215 3.53319e-05
2216 3.53319e-05
2217 3.53319e-05
2218 3.53319e-05
2219 3.53319e-05
2220 3.53319e-05
2221 3.53319e-05
2222 3.53319e-05
2223 3.53319e-05
2224 3.53319e-05
2225 3.53319e-05
2226 3.53319e-05
2227 3.53319e-05
2228 3.53319e-05
2229 3.53319e-05
2230 3.53319e-05
2231 3.53319e-05
2232 3.53319e-05
2233 3.53319e-05
2234 3.53319e-05
2235 3.53319e-05
2236 3.53319e-05
2237 3.53319e-05
2238 3.53319e-05
2239 3.53319e-05
2240 3.53319e-05
2241 3.53319e-05
2242 3.53319e-05
2243 3.53319e-05
2244 3.53319e-05
2245 3.53319e-05
2246 3.53319e-05
2247 3.53319e-05
2248 3.53319e-05
2249 3.53319e-05
2250 3.53319e-05
2251 3.53319e-05
2252 3.53319e-05
2253 3.53319e-05
2254 3.53319e-05
2255 3.53319e-05
2256 3.53319e-05
2257 3.53319e-05
2258 3.53319e-05
2259 3.53319e-05
2260 3.53319e-05
2261 3.53319e-05
2262 3.53319e-05
2263 3.53319e-05
2264 3.53319e-05
2265 3.53319e-05
2266 3.53319e-05
2267 3.53319e-05
2268 3.53319e-05
2269 3.53319e-05
2270 3.53319e-05
2271 3.53319e-05
2272 3.53319e-05
2273 3.53319e-05
2274 3.53319e-05
2275 3.53319e-05
2276 3.53319e-05
2277 3.53319e-05
2278 3.53319e-05
2279 3.53319e-05
2280 3.53319e-05
2281 3.53319e-05
2282 3.53319e-05
2283 3.53319e-05
2284 3.53319e-05
2285 3.53319e-05
2286 3.53319e-05
2287 3.53319e-05
2288 3.53319e-05
2289 3.53319e-05
2290 3.53319e-05
2291 3.53319e-05
2292 3.53319e-05
2293 3.53319e-05
2294 3.53319e-05
2295 3.53319e-05
2296 3.53319e-05
2297 3.53319e-05
2298 3.53319e-05
2299 3.53319e-05
2300 3.53319e-05
2301 3.53319e-05
2302 3.53319e-05
2303 3.53319e-05
2304 3.53319e-05
2305 3.53319e-05
2306 3.53319e-05
2307 3.53319e-05
2308 3.53319e-05
2309 3.53319e-05
2310 3.53319e-05
2311 3.53319e-05
2312 3.53319e-05
2313 3.53319e-05
2314 3.53319e-05
2315 3.53319e-05
2316 3.53319e-05
2317 3.53319e-05
2318 3.53319e-05
2319 3.53319e-05
2320 3.53319e-05
2321 3.53319e-05
2322 3.53319e-05
2323 3.53319e-05
2324 3.53319e-05
2325 3.53319e-05
2326 3.53319e-05
2327 3.53319e-05
2328 3.53319e-05
2329 3.53319e-05
2330 3.53319e-05
2331 3.53319e-05
2332 3.53319e-05
2333 3.53319e-05
2334 3.53319e-05
2335 3.53319e-05
2336 3.53319e-05
2337 3.53319e-05
2338 3.53319e-05
2339 3.53319e-05
2340 3.53319e-05
2341 3.53319e-05
2342 3.53319e-05
2343 3.53319e-05
2344 3.53319e-05
2345 3.53319e-05
2346 3.53319e-05
2347 3.53319e-05
2348 3.53319e-05
2349 3.53319e-05
2350 3.53319e-05
2351 3.53319e-05
2352 3.53319e-05
2353 3.53319e-05
2354 3.53319e-05
2355 3.53319e-05
2356 3.53319e-05
2357 3.53319e-05
2358 3.53319e-05
2359 3.53319e-05
2360 3.53319e-05
2361 3.53319e-05
2362 3.53319e-05
2363 3.53319e-05
2364 3.53319e-05
2365 3.53319e-05
2366 3.53319e-05
2367 3.53319e-05
2368 3.53319e-05
2369 3.53319e-05
2370 3.53319e-05
2371 3.53319e-05
2372 3.53319e-05
2373 3.53319e-05
2374 3.53319e-05
2375 3.53319e-05
2376 3.53319e-05
2377 3.53319e-05
2378 3.53319e-05
2379 3.53319e-05
2380 3.53319e-05
2381 3.53319e-05
2382 3.53319e-05
2383 3.53319e-05
2384 3.53319e-05
2385 3.53319e-05
2386 3.53319e-05
2387 3.53319e-05
2388 3.53319e-05
2389 3.53319e-05
2390 3.53319e-05
2391 3.53319e-05
2392 3.53319e-05
2393 3.53319e-05
2394 3.53319e-05
2395 3.53319e-05
2396 3.53319e-05
2397 3.53319e-05
2398 3.53319e-05
2399 3.53319e-05
2400 3.53319e-05
2401 3.53319e-05
2402 3.53319e-05
2403 3.53319e-05
2404 3.53319e-05
2405 3.53319e-05
2406 3.53319e-05
2407 3.53319e-05
2408 3.53319e-05
2409 3.53319e-05
2410 3.53319e-05
2411 3.53319e-05
2412 3.53319e-05
2413 3.53319e-05
2414 3.53319e-05
2415 3.53319e-05
2416 3.53319e-05
2417 3.53319e-05
2418 3.53319e-05
2419 3.53319e-05
2420 3.53319e-05
2421 3.53319e-05
2422 3.53319e-05
2423 3.53319e-05
2424 3.53319e-05
2425 3.53319e-05
2426 3.53319e-05
2427 3.53319e-05
2428 3.53319e-05
2429 3.53319e-05
2430 3.53319e-05
2431 3.53319e-05
2432 3.53319e-05
2433 3.53319e-05
2434 3.53319e-05
2435 3.53319e-05
2436 3.53319e-05
2437 3.53319e-05
2438 3.53319e-05
2439 3.53319e-05
2440 3.53319e-05
2441 3.53319e-05
2442 3.53319e-05
2443 3.53319e-05
2444 3.53319e-05
2445 3.53319e-05
2446 3.53319e-05
2447 3.53319e-05
2448 3.53319e-05
2449 3.53319e-05
2450 3.53319e-05
2451 3.53319e-05
2452 3.53319e-05
2453 3.53319e-05
2454 3.53319e-05
2455 3.53319e-05
2456 3.53319e-05
2457 3.53319e-05
2458 3.53319e-05
2459 3.53319e-05
2460 3.53319e-05
2461 3.53319e-05
2462 3.53319e-05
2463 3.53319e-05
2464 3.53319e-05
2465 3.53319e-05
2466 3.53319e-05
2467 3.53319e-05
2468 3.53319e-05
2469 3.53319e-05
2470 3.53319e-05
2471 3.53319e-05
2472 3.53319e-05
2473 3.53319e-05
2474 3.53319e-05
2475 3.53319e-05
2476 3.53319e-05
2477 3.53319e-05
2478 3.53319e-05
2479 3.53319e-05
2480 3.53319e-05
2481 3.53319e-05
2482 3.53319e-05
2483 3.53319e-05
2484 3.53319e-05
2485 3.53319e-05
2486 3.53319e-05
2487 3.53319e-05
2488 3.53319e-05
2489 3.53319e-05
2490 3.53319e-05
2491 3.53319e-05
2492 3.53319e-05
2493 3.53319e-05
2494 3.53319e-05
2495 3.53319e-05
2496 3.53319e-05
2497 3.53319e-05
2498 3.53319e-05
2499 3.53319e-05
2500 3.53319e-05
2501 3.53319e-05
2502 3.53319e-05
2503 3.53319e-05
2504 3.53319e-05
2505 3.53319e-05
2506 3.53319e-05
2507 3.53319e-05
2508 3.53319e-05
2509 3.53319e-05
2510 3.53319e-05
2511 3.53319e-05
2512 3.53319e-05
2513 3.53319e-05
2514 3.53319e-05
2515 3.53319e-05
2516 3.53319e-05
2517 3.53319e-05
2518 3.53319e-05
2519 3.53319e-05
2520 3.53319e-05
2521 3.53319e-05
2522 3.53319e-05
2523 3.53319e-05
2524 3.53319e-05
2525 3.53319e-05
2526 3.53319e-05
2527 3.53319e-05
2528 3.53319e-05
2529 3.53319e-05
2530 3.53319e-05
2531 3.53319e-05
2532 3.53319e-05
2533 3.53319e-05
2534 3.53319e-05
2535 3.53319e-05
2536 3.53319e-05
2537 3.53319e-05
2538 3.53319e-05
2539 3.53319e-05
2540 3.53319e-05
2541 3.53319e-05
2542 3.53319e-05
2543 3.53319e-05
2544 3.53319e-05
2545 3.53319e-05
2546 3.53319e-05
2547 3.53319e-05
2548 3.53319e-05
2549 3.53319e-05
2550 3.53319e-05
2551 3.53319e-05
2552 3.53319e-05
2553 3.53319e-05
2554 3.53319e-05
2555 3.53319e-05
2556 3.53319e-05
2557 3.53319e-05
2558 3.53319e-05
2559 3.53319e-05
2560 3.53319e-05
2561 3.53319e-05
2562 3.53319e-05
2563 3.53319e-05
2564 3.53319e-05
2565 3.53319e-05
2566 3.53319e-05
2567 3.53319e-05
2568 3.53319e-05
2569 3.53319e-05
2570 3.53319e-05
2571 3.53319e-05
2572 3.53319e-05
2573 3.53319e-05
2574 3.53319e-05
2575 3.53319e-05
2576 3.53319e-05
2577 3.53319e-05
2578 3.53319e-05
2579 3.53319e-05
2580 3.53319e-05
2581 3.53319e-05
2582 3.53319e-05
2583 3.53319e-05
2584 3.53319e-05
2585 3.53319e-05
2586 3.53319e-05
2587 3.53319e-05
2588 3.53319e-05
2589 3.53319e-05
2590 3.53319e-05
2591 3.53319e-05
2592 3.53319e-05
2593 3.53319e-05
2594 3.53319e-05
2595 3.53319e-05
2596 3.53319e-05
2597 3.53319e-05
2598 3.53319e-05
2599 3.53319e-05
2600 3.53319e-05
2601 3.53319e-05
2602 3.53319e-05
2603 3.53319e-05
2604 3.53319e-05
2605 3.53319e-05
2606 3.53319e-05
2607 3.53319e-05
2608 3.53319e-05
2609 3.53319e-05
2610 3.53319e-05
2611 3.53319e-05
2612 3.53319e-05
2613 3.53319e-05
2614 3.53319e-05
2615 3.53319e-05
2616 3.53319e-05
2617 3.53319e-05
2618 3.53319e-05
2619 3.53319e-05
2620 3.53319e-05
2621 3.53319e-05
2622 3.53319e-05
2623 3.53319e-05
2624 3.53319e-05
2625 3.53319e-05
2626 3.53319e-05
2627 3.53319e-05
2628 3.53319e-05
2629 3.53319e-05
2630 3.53319e-05
2631 3.53319e-05
2632 3.53319e-05
2633 3.53319e-05
2634 3.53319e-05
2635 3.53319e-05
2636 3.53319e-05
2637 3.53319e-05
2638 3.53319e-05
2639 3.53319e-05
2640 3.53319e-05
2641 3.53319e-05
2642 3.53319e-05
2643 3.53319e-05
2644 3.53319e-05
2645 3.53319e-05
2646 3.53319e-05
2647 3.53319e-05
2648 3.53319e-05
2649 3.53319e-05
2650 3.53319e-05
2651 3.53319e-05
2652 3.53319e-05
2653 3.53319e-05
2654 3.53319e-05
2655 3.53319e-05
2656 3.53319e-05
2657 3.53319e-05
2658 3.53319e-05
2659 3.53319e-05
2660 3.53319e-05
2661 3.53319e-05
2662 3.53319e-05
2663 3.53319e-05
2664 3.53319e-05
2665 3.53319e-05
2666 3.53319e-05
2667 3.53319e-05
2668 3.53319e-05
2669 3.53319e-05
2670 3.53319e-05
2671 3.53319e-05
2672 3.53319e-05
2673 3.53319e-05
2674 3.53319e-05
2675 3.53319e-05
2676 3.53319e-05
2677 3.53319e-05
2678 3.53319e-05
2679 3.53319e-05
2680 3.53319e-05
2681 3.53319e-05
2682 3.53319e-05
2683 3.53319e-05
2684 3.53319e-05
2685 3.53319e-05
2686 3.53319e-05
2687 3.53319e-05
2688 3.53319e-05
2689 3.53319e-05
2690 3.53319e-05
2691 3.53319e-05
2692 3.53319e-05
2693 3.53319e-05
2694 3.53319e-05
2695 3.53319e-05
2696 3.53319e-05
2697 3.53319e-05
2698 3.53319e-05
2699 3.53319e-05
2700 3.53319e-05
2701 3.53319e-05
2702 3.53319e-05
2703 3.53319e-05
2704 3.53319e-05
2705 3.53319e-05
2706 3.53319e-05
2707 3.53319e-05
2708 3.53319e-05
2709 3.53319e-05
2710 3.53319e-05
2711 3.53319e-05
2712 3.53319e-05
2713 3.53319e-05
2714 3.53319e-05
2715 3.53319e-05
2716 3.53319e-05
2717 3.53319e-05
2718 3.53319e-05
2719 3.53319e-05
2720 3.53319e-05
2721 3.53319e-05
2722 3.53319e-05
2723 3.53319e-05
2724 3.53319e-05
2725 3.53319e-05
2726 3.53319e-05
2727 3.53319e-05
2728 3.53319e-05
2729 3.53319e-05
2730 3.53319e-05
2731 3.53319e-05
2732 3.53319e-05
2733 3.53319e-05
2734 3.53319e-05
2735 3.53319e-05
2736 3.53319e-05
2737 3.53319e-05
2738 3.53319e-05
2739 3.53319e-05
2740 3.53319e-05
2741 3.53319e-05
2742 3.53319e-05
2743 3.53319e-05
2744 3.53319e-05
2745 3.53319e-05
2746 3.53319e-05
2747 3.53319e-05
2748 3.53319e-05
2749 3.53319e-05
2750 3.53319e-05
2751 3.53319e-05
2752 3.53319e-05
2753 3.53319e-05
2754 3.53319e-05
2755 3.53319e-05
2756 3.53319e-05
2757 3.53319e-05
2758 3.53319e-05
2759 3.53319e-05
2760 3.53319e-05
2761 3.53319e-05
2762 3.53319e-05
2763 3.53319e-05
2764 3.53319e-05
2765 3.53319e-05
2766 3.53319e-05
2767 3.53319e-05
2768 3.53319e-05
2769 3.53319e-05
2770 3.53319e-05
2771 3.53319e-05
2772 3.53319e-05
2773 3.53319e-05
2774 3.53319e-05
2775 3.53319e-05
2776 3.53319e-05
2777 3.53319e-05
2778 3.53319e-05
2779 3.53319e-05
2780 3.53319e-05
2781 3.53319e-05
2782 3.53319e-05
2783 3.53319e-05
2784 3.53319e-05
2785 3.53319e-05
2786 3.53319e-05
2787 3.53319e-05
2788 3.53319e-05
2789 3.53319e-05
2790 3.53319e-05
2791 3.53319e-05
2792 3.53319e-05
2793 3.53319e-05
2794 3.53319e-05
2795 3.53319e-05
2796 3.53319e-05
2797 3.53319e-05
2798 3.53319e-05
2799 3.53319e-05
2800 3.53319e-05
2801 3.53319e-05
2802 3.53319e-05
2803 3.53319e-05
2804 3.53319e-05
2805 3.53319e-05
2806 3.53319e-05
2807 3.53319e-05
2808 3.53319e-05
2809 3.53319e-05
2810 3.53319e-05
2811 3.53319e-05
2812 3.53319e-05
2813 3.53319e-05
2814 3.53319e-05
2815 3.53319e-05
2816 3.53319e-05
2817 3.53319e-05
2818 3.53319e-05
2819 3.53319e-05
2820 3.53319e-05
2821 3.53319e-05
2822 3.53319e-05
2823 3.53319e-05
2824 3.53319e-05
2825 3.53319e-05
2826 3.53319e-05
2827 3.53319e-05
2828 3.53319e-05
2829 3.53319e-05
2830 3.53319e-05
2831 3.53319e-05
2832 3.53319e-05
2833 3.53319e-05
2834 3.53319e-05
2835 3.53319e-05
2836 3.53319e-05
2837 3.53319e-05
2838 3.53319e-05
2839 3.53319e-05
2840 3.53319e-05
2841 3.53319e-05
2842 3.53319e-05
2843 3.53319e-05
2844 3.53319e-05
2845 3.53319e-05
2846 3.53319e-05
2847 3.53319e-05
2848 3.53319e-05
2849 3.53319e-05
2850 3.53319e-05
2851 3.53319e-05
2852 3.53319e-05
2853 3.53319e-05
2854 3.53319e-05
2855 3.53319e-05
2856 3.53319e-05
2857 3.53319e-05
2858 3.53319e-05
2859 3.53319e-05
2860 3.53319e-05
2861 3.53319e-05
2862 3.53319e-05
2863 3.53319e-05
2864 3.53319e-05
2865 3.53319e-05
2866 3.53319e-05
2867 3.53319e-05
2868 3.53319e-05
2869 3.53319e-05
2870 3.53319e-05
2871 3.53319e-05
2872 3.53319e-05
2873 3.53319e-05
2874 3.53319e-05
2875 3.53319e-05
2876 3.53319e-05
2877 3.53319e-05
2878 3.53319e-05
2879 3.53319e-05
2880 3.53319e-05
2881 3.53319e-05
2882 3.53319e-05
2883 3.53319e-05
2884 3.53319e-05
2885 3.53319e-05
2886 3.53319e-05
2887 3.53319e-05
2888 3.53319e-05
2889 3.53319e-05
2890 3.53319e-05
2891 3.53319e-05
2892 3.53319e-05
2893 3.53319e-05
2894 3.53319e-05
2895 3.53319e-05
2896 3.53319e-05
2897 3.53319e-05
2898 3.53319e-05
2899 3.53319e-05
2900 3.53319e-05
2901 3.53319e-05
2902 3.53319e-05
2903 3.53319e-05
2904 3.53319e-05
2905 3.53319e-05
2906 3.53319e-05
2907 3.53319e-05
2908 3.53319e-05
2909 3.53319e-05
2910 3.53319e-05
2911 3.53319e-05
2912 3.53319e-05
2913 3.53319e-05
2914 3.53319e-05
2915 3.53319e-05
2916 3.53319e-05
2917 3.53319e-05
2918 3.53319e-05
2919 3.53319e-05
2920 3.53319e-05
2921 3.53319e-05
2922 3.53319e-05
2923 3.53319e-05
2924 3.53319e-05
2925 3.53319e-05
2926 3.53319e-05
2927 3.53319e-05
2928 3.53319e-05
2929 3.53319e-05
2930 3.53319e-05
2931 3.53319e-05
2932 3.53319e-05
2933 3.53319e-05
2934 3.53319e-05
2935 3.53319e-05
2936 3.53319e-05
2937 3.53319e-05
2938 3.53319e-05
2939 3.53319e-05
2940 3.53319e-05
2941 3.53319e-05
2942 3.53319e-05
2943 3.53319e-05
2944 3.53319e-05
2945 3.53319e-05
2946 3.53319e-05
2947 3.53319e-05
2948 3.53319e-05
2949 3.53319e-05
2950 3.53319e-05
2951 3.53319e-05
2952 3.53319e-05
2953 3.53319e-05
2954 3.53319e-05
2955 3.53319e-05
2956 3.53319e-05
2957 3.53319e-05
2958 3.53319e-05
2959 3.53319e-05
2960 3.53319e-05
2961 3.53319e-05
2962 3.53319e-05
2963 3.53319e-05
2964 3.53319e-05
2965 3.53319e-05
2966 3.53319e-05
2967 3.53319e-05
2968 3.53319e-05
2969 3.53319e-05
2970 3.53319e-05
2971 3.53319e-05
2972 3.53319e-05
2973 3.53319e-05
2974 3.53319e-05
2975 3.53319e-05
2976 3.53319e-05
2977 3.53319e-05
2978 3.53319e-05
2979 3.53319e-05
2980 3.53319e-05
2981 3.53319e-05
2982 3.53319e-05
2983 3.53319e-05
2984 3.53319e-05
2985 3.53319e-05
2986 3.53319e-05
2987 3.53319e-05
2988 3.53319e-05
2989 3.53319e-05
2990 3.53319e-05
2991 3.53319e-05
2992 3.53319e-05
2993 3.53319e-05
2994 3.53319e-05
2995 3.53319e-05
2996 3.53319e-05
2997 3.53319e-05
2998 3.53319e-05
2999 3.53319e-05
3000 3.53319e-05
3001 3.53319e-05
3002 3.53319e-05
3003 3.53319e-05
3004 3.53319e-05
3005 3.53319e-05
3006 3.53319e-05
3007 3.53319e-05
3008 3.53319e-05
3009 3.53319e-05
3010 3.53319e-05
3011 3.53319e-05
3012 3.53319e-05
3013 3.53319e-05
3014 3.53319e-05
3015 3.53319e-05
3016 3.53319e-05
3017 3.53319e-05
3018 3.53319e-05
3019 3.53319e-05
3020 3.53319e-05
3021 3.53319e-05
3022 3.53319e-05
3023 3.53319e-05
3024 3.53319e-05
3025 3.53319e-05
3026 3.53319e-05
3027 3.53319e-05
3028 3.53319e-05
3029 3.53319e-05
3030 3.53319e-05
3031 3.53319e-05
3032 3.53319e-05
3033 3.53319e-05
3034 3.53319e-05
3035 3.53319e-05
3036 3.53319e-05
3037 3.53319e-05
3038 3.53319e-05
3039 3.53319e-05
3040 3.53319e-05
3041 3.53319e-05
3042 3.53319e-05
3043 3.53319e-05
3044 3.53319e-05
3045 3.53319e-05
3046 3.53319e-05
3047 3.53319e-05
3048 3.53319e-05
3049 3.53319e-05
3050 3.53319e-05
3051 3.53319e-05
3052 3.53319e-05
3053 3.53319e-05
3054 3.53319e-05
3055 3.53319e-05
3056 3.53319e-05
3057 3.53319e-05
3058 3.53319e-05
3059 3.53319e-05
3060 3.53319e-05
3061 3.53319e-05
3062 3.53319e-05
3063 3.53319e-05
3064 3.53319e-05
3065 3.53319e-05
3066 3.53319e-05
3067 3.53319e-05
3068 3.53319e-05
3069 3.53319e-05
3070 3.53319e-05
3071 3.53319e-05
3072 3.53319e-05
3073 3.53319e-05
3074 3.53319e-05
3075 3.53319e-05
3076 3.53319e-05
3077 3.53319e-05
3078 3.53319e-05
3079 3.53319e-05
3080 3.53319e-05
3081 3.53319e-05
3082 3.53319e-05
3083 3.53319e-05
3084 3.53319e-05
3085 3.53319e-05
3086 3.53319e-05
3087 3.53319e-05
3088 3.53319e-05
3089 3.53319e-05
3090 3.53319e-05
3091 3.53319e-05
3092 3.53319e-05
3093 3.53319e-05
3094 3.53319e-05
3095 3.53319e-05
3096 3.53319e-05
3097 3.53319e-05
3098 3.53319e-05
3099 3.53319e-05
3100 3.53319e-05
3101 3.53319e-05
3102 3.53319e-05
3103 3.53319e-05
3104 3.53319e-05
3105 3.53319e-05
3106 3.53319e-05
3107 3.53319e-05
3108 3.53319e-05
3109 3.53319e-05
3110 3.53319e-05
3111 3.53319e-05
3112 3.53319e-05
3113 3.53319e-05
3114 3.53319e-05
3115 3.53319e-05
3116 3.53319e-05
3117 3.53319e-05
3118 3.53319e-05
3119 3.53319e-05
3120 3.53319e-05
3121 3.53319e-05
3122 3.53319e-05
3123 3.53319e-05
3124 3.53319e-05
3125 3.53319e-05
3126 3.53319e-05
3127 3.53319e-05
3128 3.53319e-05
3129 3.53319e-05
3130 3.53319e-05
3131 3.53319e-05
3132 3.53319e-05
3133 3.53319e-05
3134 3.53319e-05
3135 3.53319e-05
3136 3.53319e-05
3137 3.53319e-05
3138 3.53319e-05
3139 3.53319e-05
3140 3.53319e-05
3141 3.53319e-05
3142 3.53319e-05
3143 3.53319e-05
3144 3.53319e-05
3145 3.53319e-05
3146 3.53319e-05
3147 3.53319e-05
3148 3.53319e-05
3149 3.53319e-05
3150 3.53319e-05
3151 3.53319e-05
3152 3.53319e-05
3153 3.53319e-05
3154 3.53319e-05
3155 3.53319e-05
3156 3.53319e-05
3157 3.53319e-05
3158 3.53319e-05
3159 3.53319e-05
3160 3.53319e-05
3161 3.53319e-05
3162 3.53319e-05
3163 3.53319e-05
3164 3.53319e-05
3165 3.53319e-05
3166 3.53319e-05
3167 3.53319e-05
3168 3.53319e-05
3169 3.53319e-05
3170 3.53319e-05
3171 3.53319e-05
3172 3.53319e-05
3173 3.53319e-05
3174 3.53319e-05
3175 3.53319e-05
3176 3.53319e-05
3177 3.53319e-05
3178 3.53319e-05
3179 3.53319e-05
3180 3.53319e-05
3181 3.53319e-05
3182 3.53319e-05
3183 3.53319e-05
3184 3.53319e-05
3185 3.53319e-05
3186 3.53319e-05
3187 3.53319e-05
3188 3.53319e-05
3189 3.53319e-05
3190 3.53319e-05
3191 3.53319e-05
3192 3.53319e-05
3193 3.53319e-05
3194 3.53319e-05
3195 3.53319e-05
3196 3.53319e-05
3197 3.53319e-05
3198 3.53319e-05
3199 3.53319e-05
3200 3.53319e-05
3201 3.53319e-05
3202 3.53319e-05
3203 3.53319e-05
3204 3.53319e-05
3205 3.53319e-05
3206 3.53319e-05
3207 3.53319e-05
3208 3.53319e-05
