0 1
1 1
2 1
3 1
4 1
5 1
6 1
7 1
8 1
9 1
10 1
11 1
12 1
13 1
14 1
15 0.99994
16 0.99994
17 0.99994
18 0.99994
19 0.99994
20 0.99994
21 0.99994
22 0.99994
23 0.999851
24 0.999851
25 0.999851
26 0.999851
27 0.999851
28 0.999851
29 0.999851
30 0.999851
31 0.999851
32 0.999851
33 0.999851
34 0.999851
35 0.999851
36 0.999851
37 0.999851
38 0.999851
39 0.999792
40 0.999792
41 0.999792
42 0.999792
43 0.999792
44 0.999792
45 0.999792
46 0.999792
47 0.999702
48 0.999702
49 0.999702
50 0.999702
51 0.999702
52 0.999702
53 0.999702
54 0.999702
55 0.999643
56 0.999643
57 0.999643
58 0.999643
59 0.999643
60 0.999643
61 0.999643
62 0.999643
63 0.999494
64 0.999494
65 0.975603
66 0.975603
67 0.975603
68 0.975603
69 0.975603
70 0.975603
71 0.975424
72 0.975424
73 0.952009
74 0.952009
75 0.952009
76 0.952009
77 0.952009
78 0.952009
79 0.951801
80 0.951801
81 0.925795
82 0.925795
83 0.925795
84 0.925795
85 0.925795
86 0.925795
87 0.925735
88 0.925735
89 0.901248
90 0.901248
91 0.901248
92 0.901248
93 0.901248
94 0.901248
95 0.900861
96 0.900861
97 0.877446
98 0.877446
99 0.877446
100 0.877446
101 0.877446
102 0.877446
103 0.877089
104 0.877089
105 0.854092
106 0.854092
107 0.854092
108 0.854092
109 0.854092
110 0.854092
111 0.853972
112 0.853972
113 0.829396
114 0.829396
115 0.829396
116 0.829396
117 0.829396
118 0.829396
119 0.829188
120 0.829188
121 0.805565
122 0.805565
123 0.805565
124 0.805565
125 0.805565
126 0.805565
127 0.805475
128 0.805475
129 0.783163
130 0.783163
131 0.783163
132 0.783163
133 0.783163
134 0.783163
135 0.783044
136 0.783044
137 0.760851
138 0.760851
139 0.760851
140 0.760851
141 0.760851
142 0.760851
143 0.760702
144 0.760702
145 0.738449
146 0.738449
147 0.738449
148 0.738449
149 0.738449
150 0.738449
151 0.738211
152 0.738211
153 0.716465
154 0.716465
155 0.716465
156 0.716465
157 0.716465
158 0.716465
159 0.716405
160 0.716405
161 0.693497
162 0.693497
163 0.693497
164 0.693497
165 0.693497
166 0.693497
167 0.693288
168 0.693288
169 0.672644
170 0.672644
171 0.672644
172 0.672644
173 0.672644
174 0.672644
175 0.672525
176 0.672525
177 0.652179
178 0.652179
179 0.652179
180 0.652179
181 0.652179
182 0.652179
183 0.65206
184 0.65206
185 0.633561
186 0.633561
187 0.633561
188 0.633561
189 0.633561
190 0.633561
191 0.633412
192 0.633412
193 0.614764
194 0.614764
195 0.614764
196 0.614764
197 0.614764
198 0.614764
199 0.614525
200 0.614525
201 0.595401
202 0.595401
203 0.595401
204 0.595401
205 0.595401
206 0.595401
207 0.595222
208 0.595222
209 0.577497
210 0.577497
211 0.577497
212 0.577497
213 0.577497
214 0.577497
215 0.577408
216 0.577408
217 0.561441
218 0.561441
219 0.561441
220 0.561441
221 0.561441
222 0.561441
223 0.561321
224 0.561321
225 0.544788
226 0.544788
227 0.544788
228 0.544788
229 0.544788
230 0.544788
231 0.544669
232 0.544669
233 0.528464
234 0.528464
235 0.528464
236 0.528464
237 0.528464
238 0.528464
239 0.528374
240 0.528374
241 0.51196
242 0.51196
243 0.51196
244 0.51196
245 0.51196
246 0.51196
247 0.511752
248 0.511752
249 0.495576
250 0.495576
251 0.495576
252 0.495576
253 0.495576
254 0.495576
255 0.495487
256 0.495487
257 0.481575
258 0.481575
259 0.481575
260 0.481575
261 0.481575
262 0.481575
263 0.481456
264 0.481456
265 0.467902
266 0.467902
267 0.467902
268 0.467902
269 0.467902
270 0.467902
271 0.467842
272 0.467842
273 0.453484
274 0.453484
275 0.453484
276 0.453484
277 0.453484
278 0.453484
279 0.453424
280 0.453424
281 0.440645
282 0.440645
283 0.440645
284 0.440645
285 0.440645
286 0.440645
287 0.440525
288 0.440525
289 0.427865
290 0.427865
291 0.427865
292 0.427865
293 0.427865
294 0.427865
295 0.427805
296 0.427805
297 0.415085
298 0.415085
299 0.415085
300 0.415085
301 0.415085
302 0.415085
303 0.414877
304 0.414877
305 0.40317
306 0.40317
307 0.40317
308 0.40317
309 0.40317
310 0.40317
311 0.40311
312 0.40311
313 0.392356
314 0.392356
315 0.392356
316 0.392356
317 0.392356
318 0.392356
319 0.392118
320 0.392118
321 0.380679
322 0.380679
323 0.380679
324 0.380679
325 0.380679
326 0.380679
327 0.380559
328 0.380559
329 0.369031
330 0.369031
331 0.369031
332 0.369031
333 0.369031
334 0.369031
335 0.368971
336 0.368971
337 0.358277
338 0.358277
339 0.358277
340 0.358277
341 0.358277
342 0.358277
343 0.358158
344 0.358158
345 0.349042
346 0.349042
347 0.349042
348 0.349042
349 0.349042
350 0.349042
351 0.348953
352 0.348953
353 0.339122
354 0.339122
355 0.339122
356 0.339122
357 0.339122
358 0.339122
359 0.338973
360 0.338973
361 0.329709
362 0.329709
363 0.329709
364 0.329709
365 0.329709
366 0.329709
367 0.3295
368 0.3295
369 0.31973
370 0.31973
371 0.31973
372 0.31973
373 0.31973
374 0.31973
375 0.319581
376 0.319581
377 0.309988
378 0.309988
379 0.309988
380 0.309988
381 0.309988
382 0.309988
383 0.309929
384 0.309929
385 0.300903
386 0.300903
387 0.300903
388 0.300903
389 0.300903
390 0.300903
391 0.300843
392 0.300843
393 0.292472
394 0.292472
395 0.292472
396 0.292472
397 0.292472
398 0.292472
399 0.292383
400 0.292383
401 0.283506
402 0.283506
403 0.283506
404 0.283506
405 0.283506
406 0.283506
407 0.283386
408 0.283386
409 0.274807
410 0.274807
411 0.274807
412 0.274807
413 0.274807
414 0.274807
415 0.274688
416 0.274688
417 0.267628
418 0.267628
419 0.267628
420 0.267628
421 0.267628
422 0.267628
423 0.267598
424 0.267598
425 0.259585
426 0.259585
427 0.259585
428 0.259585
429 0.259585
430 0.259585
431 0.259406
432 0.259406
433 0.252942
434 0.252942
435 0.252942
436 0.252942
437 0.252942
438 0.252942
439 0.252912
440 0.252912
441 0.246031
442 0.246031
443 0.246031
444 0.246031
445 0.246031
446 0.246031
447 0.245971
448 0.245971
449 0.239388
450 0.239388
451 0.239388
452 0.239388
453 0.239388
454 0.239388
455 0.239239
456 0.239239
457 0.233042
458 0.233042
459 0.233042
460 0.233042
461 0.233042
462 0.233042
463 0.232864
464 0.232864
465 0.225744
466 0.225744
467 0.225744
468 0.225744
469 0.225744
470 0.225744
471 0.225655
472 0.225655
473 0.219518
474 0.219518
475 0.219518
476 0.219518
477 0.219518
478 0.219518
479 0.219458
480 0.219458
481 0.214245
482 0.214245
483 0.214245
484 0.214245
485 0.214245
486 0.214245
487 0.214186
488 0.214186
489 0.208585
490 0.208585
491 0.208585
492 0.208585
493 0.208585
494 0.208585
495 0.208436
496 0.208436
497 0.202091
498 0.202091
499 0.202091
500 0.202091
501 0.202091
502 0.202091
503 0.202061
504 0.202061
505 0.197444
506 0.197444
507 0.197444
508 0.197444
509 0.197444
510 0.197444
511 0.197355
512 0.197355
513 0.191963
514 0.191963
515 0.191963
516 0.191963
517 0.191963
518 0.191963
519 0.191814
520 0.191814
521 0.186094
522 0.186094
523 0.186094
524 0.186094
525 0.186094
526 0.186094
527 0.186005
528 0.186005
529 0.181685
530 0.181685
531 0.181685
532 0.181685
533 0.181685
534 0.181685
535 0.181596
536 0.181596
537 0.176204
538 0.176204
539 0.176204
540 0.176204
541 0.176204
542 0.176204
543 0.176204
544 0.176204
545 0.172004
546 0.172004
547 0.172004
548 0.172004
549 0.172004
550 0.172004
551 0.171944
552 0.171944
553 0.16825
554 0.16825
555 0.16825
556 0.16825
557 0.16825
558 0.16825
559 0.168161
560 0.168161
561 0.163812
562 0.163812
563 0.163812
564 0.163812
565 0.163812
566 0.163812
567 0.163633
568 0.163633
569 0.159194
570 0.159194
571 0.159194
572 0.159194
573 0.159194
574 0.159194
575 0.159194
576 0.159194
577 0.155084
578 0.155084
579 0.155084
580 0.155084
581 0.155084
582 0.155084
583 0.155024
584 0.155024
585 0.150764
586 0.150764
587 0.150764
588 0.150764
589 0.150764
590 0.150764
591 0.150675
592 0.150675
593 0.146474
594 0.146474
595 0.146474
596 0.146474
597 0.146474
598 0.146474
599 0.146415
600 0.146415
601 0.142721
602 0.142721
603 0.142721
604 0.142721
605 0.142721
606 0.142721
607 0.142661
608 0.142661
609 0.138819
610 0.138819
611 0.138819
612 0.138819
613 0.138819
614 0.138819
615 0.138729
616 0.138729
617 0.134588
618 0.134588
619 0.134588
620 0.134588
621 0.134588
622 0.134588
623 0.134529
624 0.134529
625 0.130626
626 0.130626
627 0.130626
628 0.130626
629 0.130626
630 0.130626
631 0.130597
632 0.130597
633 0.12729
634 0.12729
635 0.12729
636 0.12729
637 0.12729
638 0.12729
639 0.12723
640 0.12723
641 0.124073
642 0.124073
643 0.124073
644 0.124073
645 0.124073
646 0.124073
647 0.124013
648 0.124013
649 0.121034
650 0.121034
651 0.121034
652 0.121034
653 0.121034
654 0.121034
655 0.120945
656 0.120945
657 0.11746
658 0.11746
659 0.11746
660 0.11746
661 0.11746
662 0.11746
663 0.1174
664 0.1174
665 0.114868
666 0.114868
667 0.114868
668 0.114868
669 0.114868
670 0.114868
671 0.114808
672 0.114808
673 0.112276
674 0.112276
675 0.112276
676 0.112276
677 0.112276
678 0.112276
679 0.112217
680 0.112217
681 0.109565
682 0.109565
683 0.109565
684 0.109565
685 0.109565
686 0.109565
687 0.109506
688 0.109506
689 0.106408
690 0.106408
691 0.106408
692 0.106408
693 0.106408
694 0.106408
695 0.106378
696 0.106378
697 0.103578
698 0.103578
699 0.103578
700 0.103578
701 0.103578
702 0.103578
703 0.103548
704 0.103548
705 0.100897
706 0.100897
707 0.100897
708 0.100897
709 0.100897
710 0.100897
711 0.100807
712 0.100807
713 0.0980369
714 0.0980369
715 0.0980369
716 0.0980369
717 0.0980369
718 0.0980369
719 0.0980071
720 0.0980071
721 0.0952963
722 0.0952963
723 0.0952963
724 0.0952963
725 0.0952963
726 0.0952963
727 0.0952069
728 0.0952069
729 0.0924365
730 0.0924365
731 0.0924365
732 0.0924365
733 0.0924365
734 0.0924365
735 0.0924365
736 0.0924365
737 0.0896065
738 0.0896065
739 0.0896065
740 0.0896065
741 0.0896065
742 0.0896065
743 0.0895469
744 0.0895469
745 0.0874021
746 0.0874021
747 0.0874021
748 0.0874021
749 0.0874021
750 0.0874021
751 0.0873425
752 0.0873425
753 0.0853168
754 0.0853168
755 0.0853168
756 0.0853168
757 0.0853168
758 0.0853168
759 0.0852572
760 0.0852572
761 0.0829039
762 0.0829039
763 0.0829039
764 0.0829039
765 0.0829039
766 0.0829039
767 0.0827549
768 0.0827549
769 0.0807292
770 0.0807292
771 0.0807292
772 0.0807292
773 0.0807292
774 0.0807292
775 0.0806399
776 0.0806399
777 0.0785248
778 0.0785248
779 0.0785248
780 0.0785248
781 0.0785248
782 0.0785248
783 0.078495
784 0.078495
785 0.0764098
786 0.0764098
787 0.0764098
788 0.0764098
789 0.0764098
790 0.0764098
791 0.07638
792 0.07638
793 0.0743841
794 0.0743841
795 0.0743841
796 0.0743841
797 0.0743841
798 0.0743841
799 0.0743543
800 0.0743543
801 0.0722393
802 0.0722393
803 0.0722393
804 0.0722393
805 0.0722393
806 0.0722393
807 0.0722393
808 0.0722393
809 0.0705115
810 0.0705115
811 0.0705115
812 0.0705115
813 0.0705115
814 0.0705115
815 0.0704519
816 0.0704519
817 0.0687837
818 0.0687837
819 0.0687837
820 0.0687837
821 0.0687837
822 0.0687837
823 0.0687241
824 0.0687241
825 0.0668474
826 0.0668474
827 0.0668474
828 0.0668474
829 0.0668474
830 0.0668474
831 0.0668474
832 0.0668474
833 0.0649409
834 0.0649409
835 0.0649409
836 0.0649409
837 0.0649409
838 0.0649409
839 0.0649111
840 0.0649111
841 0.0631833
842 0.0631833
843 0.0631833
844 0.0631833
845 0.0631833
846 0.0631833
847 0.0631535
848 0.0631535
849 0.0618428
850 0.0618428
851 0.0618428
852 0.0618428
853 0.0618428
854 0.0618428
855 0.061813
856 0.061813
857 0.0602341
858 0.0602341
859 0.0602341
860 0.0602341
861 0.0602341
862 0.0602341
863 0.0602341
864 0.0602341
865 0.0585659
866 0.0585659
867 0.0585659
868 0.0585659
869 0.0585659
870 0.0585659
871 0.0585659
872 0.0585659
873 0.0574042
874 0.0574042
875 0.0574042
876 0.0574042
877 0.0574042
878 0.0574042
879 0.0574042
880 0.0574042
881 0.0561828
882 0.0561828
883 0.0561828
884 0.0561828
885 0.0561828
886 0.0561828
887 0.0560636
888 0.0560636
889 0.0549018
890 0.0549018
891 0.0549018
892 0.0549018
893 0.0549018
894 0.0549018
895 0.0548721
896 0.0548721
897 0.0534124
898 0.0534124
899 0.0534124
900 0.0534124
901 0.0534124
902 0.0534124
903 0.0533826
904 0.0533826
905 0.0518335
906 0.0518335
907 0.0518335
908 0.0518335
909 0.0518335
910 0.0518335
911 0.0518037
912 0.0518037
913 0.0503441
914 0.0503441
915 0.0503441
916 0.0503441
917 0.0503441
918 0.0503441
919 0.0503441
920 0.0503441
921 0.0490929
922 0.0490929
923 0.0490929
924 0.0490929
925 0.0490929
926 0.0490929
927 0.0490929
928 0.0490929
929 0.0481694
930 0.0481694
931 0.0481694
932 0.0481694
933 0.0481694
934 0.0481694
935 0.0481397
936 0.0481397
937 0.0470672
938 0.0470672
939 0.0470672
940 0.0470672
941 0.0470672
942 0.0470672
943 0.0470672
944 0.0470672
945 0.0458757
946 0.0458757
947 0.0458757
948 0.0458757
949 0.0458757
950 0.0458757
951 0.0458459
952 0.0458459
953 0.0447735
954 0.0447735
955 0.0447735
956 0.0447735
957 0.0447735
958 0.0447735
959 0.0447139
960 0.0447139
961 0.0436415
962 0.0436415
963 0.0436415
964 0.0436415
965 0.0436415
966 0.0436415
967 0.0436415
968 0.0436415
969 0.0428669
970 0.0428669
971 0.0428669
972 0.0428669
973 0.0428669
974 0.0428669
975 0.042718
976 0.042718
977 0.041586
978 0.041586
979 0.041586
980 0.041586
981 0.041586
982 0.041586
983 0.0415562
984 0.0415562
985 0.0403944
986 0.0403944
987 0.0403944
988 0.0403944
989 0.0403944
990 0.0403944
991 0.0403646
992 0.0403646
993 0.0391433
994 0.0391433
995 0.0391433
996 0.0391433
997 0.0391433
998 0.0391433
999 0.0391433
1000 0.0391433
1001 0.0383687
1002 0.0383687
1003 0.0383687
1004 0.0383687
1005 0.0383687
1006 0.0383687
1007 0.0383092
1008 0.0383092
1009 0.0375346
1010 0.0375346
1011 0.0375346
1012 0.0375346
1013 0.0375346
1014 0.0375346
1015 0.0375048
1016 0.0375048
1017 0.0363133
1018 0.0363133
1019 0.0363133
1020 0.0363133
1021 0.0363133
1022 0.0363133
1023 0.0363133
1024 0.0363133
1025 0.03536
1026 0.03536
1027 0.03536
1028 0.03536
1029 0.03536
1030 0.03536
1031 0.0353302
1032 0.0353302
1033 0.034377
1034 0.034377
1035 0.034377
1036 0.034377
1037 0.034377
1038 0.034377
1039 0.034377
1040 0.034377
1041 0.0334833
1042 0.0334833
1043 0.0334833
1044 0.0334833
1045 0.0334833
1046 0.0334833
1047 0.0334833
1048 0.0334833
1049 0.0325896
1050 0.0325896
1051 0.0325896
1052 0.0325896
1053 0.0325896
1054 0.0325896
1055 0.0325896
1056 0.0325896
1057 0.0314278
1058 0.0314278
1059 0.0314278
1060 0.0314278
1061 0.0314278
1062 0.0314278
1063 0.031398
1064 0.031398
1065 0.0305043
1066 0.0305043
1067 0.0305043
1068 0.0305043
1069 0.0305043
1070 0.0305043
1071 0.0304745
1072 0.0304745
1073 0.0297596
1074 0.0297596
1075 0.0297596
1076 0.0297596
1077 0.0297596
1078 0.0297596
1079 0.0297298
1080 0.0297298
1081 0.0289851
1082 0.0289851
1083 0.0289851
1084 0.0289851
1085 0.0289851
1086 0.0289851
1087 0.0289255
1088 0.0289255
1089 0.0282999
1090 0.0282999
1091 0.0282999
1092 0.0282999
1093 0.0282999
1094 0.0282999
1095 0.0282403
1096 0.0282403
1097 0.0274062
1098 0.0274062
1099 0.0274062
1100 0.0274062
1101 0.0274062
1102 0.0274062
1103 0.0274062
1104 0.0274062
1105 0.0267211
1106 0.0267211
1107 0.0267211
1108 0.0267211
1109 0.0267211
1110 0.0267211
1111 0.0267211
1112 0.0267211
1113 0.0259763
1114 0.0259763
1115 0.0259763
1116 0.0259763
1117 0.0259763
1118 0.0259763
1119 0.0259763
1120 0.0259763
1121 0.0254699
1122 0.0254699
1123 0.0254699
1124 0.0254699
1125 0.0254699
1126 0.0254699
1127 0.0254699
1128 0.0254699
1129 0.0248444
1130 0.0248444
1131 0.0248444
1132 0.0248444
1133 0.0248444
1134 0.0248444
1135 0.0248444
1136 0.0248444
1137 0.024189
1138 0.024189
1139 0.024189
1140 0.024189
1141 0.024189
1142 0.024189
1143 0.024189
1144 0.024189
1145 0.0236826
1146 0.0236826
1147 0.0236826
1148 0.0236826
1149 0.0236826
1150 0.0236826
1151 0.0236826
1152 0.0236826
1153 0.023057
1154 0.023057
1155 0.023057
1156 0.023057
1157 0.023057
1158 0.023057
1159 0.0230272
1160 0.0230272
1161 0.0226101
1162 0.0226101
1163 0.0226101
1164 0.0226101
1165 0.0226101
1166 0.0226101
1167 0.0225804
1168 0.0225804
1169 0.0220739
1170 0.0220739
1171 0.0220739
1172 0.0220739
1173 0.0220739
1174 0.0220739
1175 0.0220441
1176 0.0220441
1177 0.0216867
1178 0.0216867
1179 0.0216867
1180 0.0216867
1181 0.0216867
1182 0.0216867
1183 0.0216569
1184 0.0216569
1185 0.0211505
1186 0.0211505
1187 0.0211505
1188 0.0211505
1189 0.0211505
1190 0.0211505
1191 0.0211207
1192 0.0211207
1193 0.0207036
1194 0.0207036
1195 0.0207036
1196 0.0207036
1197 0.0207036
1198 0.0207036
1199 0.0207036
1200 0.0207036
1201 0.0201376
1202 0.0201376
1203 0.0201376
1204 0.0201376
1205 0.0201376
1206 0.0201376
1207 0.0201376
1208 0.0201376
1209 0.0196908
1210 0.0196908
1211 0.0196908
1212 0.0196908
1213 0.0196908
1214 0.0196908
1215 0.0196908
1216 0.0196908
1217 0.0189758
1218 0.0189758
1219 0.0189758
1220 0.0189758
1221 0.0189758
1222 0.0189758
1223 0.0188865
1224 0.0188865
1225 0.0184396
1226 0.0184396
1227 0.0184396
1228 0.0184396
1229 0.0184396
1230 0.0184396
1231 0.0184098
1232 0.0184098
1233 0.017963
1234 0.017963
1235 0.017963
1236 0.017963
1237 0.017963
1238 0.017963
1239 0.0179332
1240 0.0179332
1241 0.0175162
1242 0.0175162
1243 0.0175162
1244 0.0175162
1245 0.0175162
1246 0.0175162
1247 0.0175162
1248 0.0175162
1249 0.0170395
1250 0.0170395
1251 0.0170395
1252 0.0170395
1253 0.0170395
1254 0.0170395
1255 0.0170097
1256 0.0170097
1257 0.0164735
1258 0.0164735
1259 0.0164735
1260 0.0164735
1261 0.0164735
1262 0.0164735
1263 0.0164437
1264 0.0164437
1265 0.0161756
1266 0.0161756
1267 0.0161756
1268 0.0161756
1269 0.0161756
1270 0.0161756
1271 0.0161458
1272 0.0161458
1273 0.0157288
1274 0.0157288
1275 0.0157288
1276 0.0157288
1277 0.0157288
1278 0.0157288
1279 0.0157288
1280 0.0157288
1281 0.0153713
1282 0.0153713
1283 0.0153713
1284 0.0153713
1285 0.0153713
1286 0.0153713
1287 0.0153713
1288 0.0153713
1289 0.0150139
1290 0.0150139
1291 0.0150139
1292 0.0150139
1293 0.0150139
1294 0.0150139
1295 0.0149841
1296 0.0149841
1297 0.0146564
1298 0.0146564
1299 0.0146564
1300 0.0146564
1301 0.0146564
1302 0.0146564
1303 0.0146266
1304 0.0146266
1305 0.0143883
1306 0.0143883
1307 0.0143883
1308 0.0143883
1309 0.0143883
1310 0.0143883
1311 0.0143883
1312 0.0143883
1313 0.0139712
1314 0.0139712
1315 0.0139712
1316 0.0139712
1317 0.0139712
1318 0.0139712
1319 0.0139712
1320 0.0139712
1321 0.0136138
1322 0.0136138
1323 0.0136138
1324 0.0136138
1325 0.0136138
1326 0.0136138
1327 0.0136138
1328 0.0136138
1329 0.0134052
1330 0.0134052
1331 0.0134052
1332 0.0134052
1333 0.0134052
1334 0.0134052
1335 0.0134052
1336 0.0134052
1337 0.0129882
1338 0.0129882
1339 0.0129882
1340 0.0129882
1341 0.0129882
1342 0.0129882
1343 0.0129882
1344 0.0129882
1345 0.0124818
1346 0.0124818
1347 0.0124818
1348 0.0124818
1349 0.0124818
1350 0.0124818
1351 0.0124818
1352 0.0124818
1353 0.0122732
1354 0.0122732
1355 0.0122732
1356 0.0122732
1357 0.0122732
1358 0.0122732
1359 0.0122732
1360 0.0122732
1361 0.0119753
1362 0.0119753
1363 0.0119753
1364 0.0119753
1365 0.0119753
1366 0.0119753
1367 0.0119753
1368 0.0119753
1369 0.0115881
1370 0.0115881
1371 0.0115881
1372 0.0115881
1373 0.0115881
1374 0.0115881
1375 0.0115881
1376 0.0115881
1377 0.01132
1378 0.01132
1379 0.01132
1380 0.01132
1381 0.01132
1382 0.01132
1383 0.0112902
1384 0.0112902
1385 0.0110519
1386 0.0110519
1387 0.0110519
1388 0.0110519
1389 0.0110519
1390 0.0110519
1391 0.0110519
1392 0.0110519
1393 0.0106646
1394 0.0106646
1395 0.0106646
1396 0.0106646
1397 0.0106646
1398 0.0106646
1399 0.0106646
1400 0.0106646
1401 0.0104263
1402 0.0104263
1403 0.0104263
1404 0.0104263
1405 0.0104263
1406 0.0104263
1407 0.0103965
1408 0.0103965
1409 0.00997945
1410 0.00997945
1411 0.00997945
1412 0.00997945
1413 0.00997945
1414 0.00997945
1415 0.00997945
1416 0.00997945
1417 0.00986029
1418 0.00986029
1419 0.00986029
1420 0.00986029
1421 0.00986029
1422 0.00986029
1423 0.0098305
1424 0.0098305
1425 0.00971134
1426 0.00971134
1427 0.00971134
1428 0.00971134
1429 0.00971134
1430 0.00971134
1431 0.00971134
1432 0.00971134
1433 0.00944324
1434 0.00944324
1435 0.00944324
1436 0.00944324
1437 0.00944324
1438 0.00944324
1439 0.00941345
1440 0.00941345
1441 0.0092645
1442 0.0092645
1443 0.0092645
1444 0.0092645
1445 0.0092645
1446 0.0092645
1447 0.0092645
1448 0.0092645
1449 0.00878787
1450 0.00878787
1451 0.00878787
1452 0.00878787
1453 0.00878787
1454 0.00878787
1455 0.00878787
1456 0.00878787
1457 0.00857934
1458 0.00857934
1459 0.00857934
1460 0.00857934
1461 0.00857934
1462 0.00857934
1463 0.00857934
1464 0.00857934
1465 0.00840061
1466 0.00840061
1467 0.00840061
1468 0.00840061
1469 0.00840061
1470 0.00840061
1471 0.00840061
1472 0.00840061
1473 0.00822187
1474 0.00822187
1475 0.00822187
1476 0.00822187
1477 0.00822187
1478 0.00822187
1479 0.00822187
1480 0.00822187
1481 0.00804313
1482 0.00804313
1483 0.00804313
1484 0.00804313
1485 0.00804313
1486 0.00804313
1487 0.00804313
1488 0.00804313
1489 0.00780482
1490 0.00780482
1491 0.00780482
1492 0.00780482
1493 0.00780482
1494 0.00780482
1495 0.00780482
1496 0.00780482
1497 0.00765587
1498 0.00765587
1499 0.00765587
1500 0.00765587
1501 0.00765587
1502 0.00765587
1503 0.00762608
1504 0.00762608
1505 0.00750693
1506 0.00750693
1507 0.00750693
1508 0.00750693
1509 0.00750693
1510 0.00750693
1511 0.00750693
1512 0.00750693
1513 0.00741756
1514 0.00741756
1515 0.00741756
1516 0.00741756
1517 0.00741756
1518 0.00741756
1519 0.00741756
1520 0.00741756
1521 0.0072984
1522 0.0072984
1523 0.0072984
1524 0.0072984
1525 0.0072984
1526 0.0072984
1527 0.0072984
1528 0.0072984
1529 0.00711966
1530 0.00711966
1531 0.00711966
1532 0.00711966
1533 0.00711966
1534 0.00711966
1535 0.00711966
1536 0.00711966
1537 0.00700051
1538 0.00700051
1539 0.00700051
1540 0.00700051
1541 0.00700051
1542 0.00700051
1543 0.00700051
1544 0.00700051
1545 0.00676219
1546 0.00676219
1547 0.00676219
1548 0.00676219
1549 0.00676219
1550 0.00676219
1551 0.00676219
1552 0.00676219
1553 0.00658346
1554 0.00658346
1555 0.00658346
1556 0.00658346
1557 0.00658346
1558 0.00658346
1559 0.00658346
1560 0.00658346
1561 0.00637493
1562 0.00637493
1563 0.00637493
1564 0.00637493
1565 0.00637493
1566 0.00637493
1567 0.00637493
1568 0.00637493
1569 0.00619619
1570 0.00619619
1571 0.00619619
1572 0.00619619
1573 0.00619619
1574 0.00619619
1575 0.00619619
1576 0.00619619
1577 0.00601746
1578 0.00601746
1579 0.00601746
1580 0.00601746
1581 0.00601746
1582 0.00601746
1583 0.00598767
1584 0.00598767
1585 0.00577914
1586 0.00577914
1587 0.00577914
1588 0.00577914
1589 0.00577914
1590 0.00577914
1591 0.00577914
1592 0.00577914
1593 0.00568977
1594 0.00568977
1595 0.00568977
1596 0.00568977
1597 0.00568977
1598 0.00568977
1599 0.00565998
1600 0.00565998
1601 0.00548125
1602 0.00548125
1603 0.00548125
1604 0.00548125
1605 0.00548125
1606 0.00548125
1607 0.00548125
1608 0.00548125
1609 0.00539188
1610 0.00539188
1611 0.00539188
1612 0.00539188
1613 0.00539188
1614 0.00539188
1615 0.00539188
1616 0.00539188
1617 0.00530251
1618 0.00530251
1619 0.00530251
1620 0.00530251
1621 0.00530251
1622 0.00530251
1623 0.00530251
1624 0.00530251
1625 0.00512377
1626 0.00512377
1627 0.00512377
1628 0.00512377
1629 0.00512377
1630 0.00512377
1631 0.00509399
1632 0.00509399
1633 0.00491525
1634 0.00491525
1635 0.00491525
1636 0.00491525
1637 0.00491525
1638 0.00491525
1639 0.00491525
1640 0.00491525
1641 0.00482588
1642 0.00482588
1643 0.00482588
1644 0.00482588
1645 0.00482588
1646 0.00482588
1647 0.00482588
1648 0.00482588
1649 0.0047663
1650 0.0047663
1651 0.0047663
1652 0.0047663
1653 0.0047663
1654 0.0047663
1655 0.0047663
1656 0.0047663
1657 0.00461736
1658 0.00461736
1659 0.00461736
1660 0.00461736
1661 0.00461736
1662 0.00461736
1663 0.00461736
1664 0.00461736
1665 0.00452799
1666 0.00452799
1667 0.00452799
1668 0.00452799
1669 0.00452799
1670 0.00452799
1671 0.0044982
1672 0.0044982
1673 0.00431946
1674 0.00431946
1675 0.00431946
1676 0.00431946
1677 0.00431946
1678 0.00431946
1679 0.00431946
1680 0.00431946
1681 0.00417051
1682 0.00417051
1683 0.00417051
1684 0.00417051
1685 0.00417051
1686 0.00417051
1687 0.00417051
1688 0.00417051
1689 0.00408115
1690 0.00408115
1691 0.00408115
1692 0.00408115
1693 0.00408115
1694 0.00408115
1695 0.00408115
1696 0.00408115
1697 0.00402157
1698 0.00402157
1699 0.00402157
1700 0.00402157
1701 0.00402157
1702 0.00402157
1703 0.00402157
1704 0.00402157
1705 0.00381304
1706 0.00381304
1707 0.00381304
1708 0.00381304
1709 0.00381304
1710 0.00381304
1711 0.00381304
1712 0.00381304
1713 0.00381304
1714 0.00381304
1715 0.00381304
1716 0.00381304
1717 0.00381304
1718 0.00381304
1719 0.00381304
1720 0.00381304
1721 0.00372367
1722 0.00372367
1723 0.00372367
1724 0.00372367
1725 0.00372367
1726 0.00372367
1727 0.00372367
1728 0.00372367
1729 0.00372367
1730 0.00372367
1731 0.00372367
1732 0.00372367
1733 0.00372367
1734 0.00372367
1735 0.00372367
1736 0.00372367
1737 0.00363431
1738 0.00363431
1739 0.00363431
1740 0.00363431
1741 0.00363431
1742 0.00363431
1743 0.00363431
1744 0.00363431
1745 0.00351515
1746 0.00351515
1747 0.00351515
1748 0.00351515
1749 0.00351515
1750 0.00351515
1751 0.00351515
1752 0.00351515
1753 0.00342578
1754 0.00342578
1755 0.00342578
1756 0.00342578
1757 0.00342578
1758 0.00342578
1759 0.00342578
1760 0.00342578
1761 0.00333641
1762 0.00333641
1763 0.00333641
1764 0.00333641
1765 0.00333641
1766 0.00333641
1767 0.00333641
1768 0.00333641
1769 0.00321725
1770 0.00321725
1771 0.00321725
1772 0.00321725
1773 0.00321725
1774 0.00321725
1775 0.00321725
1776 0.00321725
1777 0.00315768
1778 0.00315768
1779 0.00315768
1780 0.00315768
1781 0.00315768
1782 0.00315768
1783 0.00315768
1784 0.00315768
1785 0.00306831
1786 0.00306831
1787 0.00306831
1788 0.00306831
1789 0.00306831
1790 0.00306831
1791 0.00306831
1792 0.00306831
1793 0.00300873
1794 0.00300873
1795 0.00300873
1796 0.00300873
1797 0.00300873
1798 0.00300873
1799 0.00300873
1800 0.00300873
1801 0.00294915
1802 0.00294915
1803 0.00294915
1804 0.00294915
1805 0.00294915
1806 0.00294915
1807 0.00294915
1808 0.00294915
1809 0.00288957
1810 0.00288957
1811 0.00288957
1812 0.00288957
1813 0.00288957
1814 0.00288957
1815 0.00288957
1816 0.00288957
1817 0.00277041
1818 0.00277041
1819 0.00277041
1820 0.00277041
1821 0.00277041
1822 0.00277041
1823 0.00277041
1824 0.00277041
1825 0.00268105
1826 0.00268105
1827 0.00268105
1828 0.00268105
1829 0.00268105
1830 0.00268105
1831 0.00268105
1832 0.00268105
1833 0.00265126
1834 0.00265126
1835 0.00265126
1836 0.00265126
1837 0.00265126
1838 0.00265126
1839 0.00265126
1840 0.00265126
1841 0.00265126
1842 0.00265126
1843 0.00265126
1844 0.00265126
1845 0.00265126
1846 0.00265126
1847 0.00262147
1848 0.00262147
1849 0.00256189
1850 0.00256189
1851 0.00256189
1852 0.00256189
1853 0.00256189
1854 0.00256189
1855 0.00256189
1856 0.00256189
1857 0.0025321
1858 0.0025321
1859 0.0025321
1860 0.0025321
1861 0.0025321
1862 0.0025321
1863 0.0025321
1864 0.0025321
1865 0.00247252
1866 0.00247252
1867 0.00247252
1868 0.00247252
1869 0.00247252
1870 0.00247252
1871 0.00247252
1872 0.00247252
1873 0.00244273
1874 0.00244273
1875 0.00244273
1876 0.00244273
1877 0.00244273
1878 0.00244273
1879 0.00244273
1880 0.00244273
1881 0.00241294
1882 0.00241294
1883 0.00241294
1884 0.00241294
1885 0.00241294
1886 0.00241294
1887 0.00241294
1888 0.00241294
1889 0.00238315
1890 0.00238315
1891 0.00238315
1892 0.00238315
1893 0.00238315
1894 0.00238315
1895 0.00238315
1896 0.00238315
1897 0.00235336
1898 0.00235336
1899 0.00235336
1900 0.00235336
1901 0.00235336
1902 0.00235336
1903 0.00235336
1904 0.00235336
1905 0.00229378
1906 0.00229378
1907 0.00229378
1908 0.00229378
1909 0.00229378
1910 0.00229378
1911 0.00226399
1912 0.00226399
1913 0.0022342
1914 0.0022342
1915 0.0022342
1916 0.0022342
1917 0.0022342
1918 0.0022342
1919 0.0022342
1920 0.0022342
1921 0.00220441
1922 0.00220441
1923 0.00220441
1924 0.00220441
1925 0.00220441
1926 0.00220441
1927 0.00220441
1928 0.00220441
1929 0.00205547
1930 0.00205547
1931 0.00205547
1932 0.00205547
1933 0.00205547
1934 0.00205547
1935 0.00205547
1936 0.00205547
1937 0.00202568
1938 0.00202568
1939 0.00202568
1940 0.00202568
1941 0.00202568
1942 0.00202568
1943 0.00202568
1944 0.00202568
1945 0.00199589
1946 0.00199589
1947 0.00199589
1948 0.00199589
1949 0.00199589
1950 0.00199589
1951 0.0019661
1952 0.0019661
1953 0.00190652
1954 0.00190652
1955 0.00190652
1956 0.00190652
1957 0.00190652
1958 0.00190652
1959 0.00190652
1960 0.00190652
1961 0.00184694
1962 0.00184694
1963 0.00184694
1964 0.00184694
1965 0.00184694
1966 0.00184694
1967 0.00184694
1968 0.00184694
1969 0.00172778
1970 0.00172778
1971 0.00172778
1972 0.00172778
1973 0.00172778
1974 0.00172778
1975 0.00172778
1976 0.00172778
1977 0.00166821
1978 0.00166821
1979 0.00166821
1980 0.00166821
1981 0.00166821
1982 0.00166821
1983 0.00166821
1984 0.00166821
1985 0.00157884
1986 0.00157884
1987 0.00157884
1988 0.00157884
1989 0.00157884
1990 0.00157884
1991 0.00157884
1992 0.00157884
1993 0.00154905
1994 0.00154905
1995 0.00154905
1996 0.00154905
1997 0.00154905
1998 0.00154905
1999 0.00154905
2000 0.00154905
2001 0.00151926
2002 0.00151926
2003 0.00151926
2004 0.00151926
2005 0.00151926
2006 0.00151926
2007 0.00151926
2008 0.00151926
2009 0.00151926
2010 0.00151926
2011 0.00151926
2012 0.00151926
2013 0.00151926
2014 0.00151926
2015 0.00151926
2016 0.00151926
2017 0.00145968
2018 0.00145968
2019 0.00145968
2020 0.00145968
2021 0.00145968
2022 0.00145968
2023 0.00145968
2024 0.00145968
2025 0.0014001
2026 0.0014001
2027 0.0014001
2028 0.0014001
2029 0.0014001
2030 0.0014001
2031 0.0014001
2032 0.0014001
2033 0.0014001
2034 0.0014001
2035 0.0014001
2036 0.0014001
2037 0.0014001
2038 0.0014001
2039 0.0014001
2040 0.0014001
2041 0.0014001
2042 0.0014001
2043 0.0014001
2044 0.0014001
2045 0.0014001
2046 0.0014001
2047 0.0014001
2048 0.0014001
2049 0.0014001
2050 0.0014001
2051 0.0014001
2052 0.0014001
2053 0.0014001
2054 0.0014001
2055 0.0014001
2056 0.0014001
2057 0.0014001
2058 0.0014001
2059 0.0014001
2060 0.0014001
2061 0.0014001
2062 0.0014001
2063 0.0014001
2064 0.0014001
2065 0.00137031
2066 0.00137031
2067 0.00137031
2068 0.00137031
2069 0.00137031
2070 0.00137031
2071 0.00137031
2072 0.00137031
2073 0.00134052
2074 0.00134052
2075 0.00134052
2076 0.00134052
2077 0.00134052
2078 0.00134052
2079 0.00134052
2080 0.00134052
2081 0.00122136
2082 0.00122136
2083 0.00122136
2084 0.00122136
2085 0.00122136
2086 0.00122136
2087 0.00122136
2088 0.00122136
2089 0.00119158
2090 0.00119158
2091 0.00119158
2092 0.00119158
2093 0.00119158
2094 0.00119158
2095 0.00119158
2096 0.00119158
2097 0.00116179
2098 0.00116179
2099 0.00116179
2100 0.00116179
2101 0.00116179
2102 0.00116179
2103 0.00116179
2104 0.00116179
2105 0.00116179
2106 0.00116179
2107 0.00116179
2108 0.00116179
2109 0.00116179
2110 0.00116179
2111 0.00116179
2112 0.00116179
2113 0.001132
2114 0.001132
2115 0.001132
2116 0.001132
2117 0.001132
2118 0.001132
2119 0.001132
2120 0.001132
2121 0.00110221
2122 0.00110221
2123 0.00110221
2124 0.00110221
2125 0.00110221
2126 0.00110221
2127 0.00110221
2128 0.00110221
2129 0.00110221
2130 0.00110221
2131 0.00110221
2132 0.00110221
2133 0.00110221
2134 0.00110221
2135 0.00110221
2136 0.00110221
2137 0.00107242
2138 0.00107242
2139 0.00107242
2140 0.00107242
2141 0.00107242
2142 0.00107242
2143 0.00107242
2144 0.00107242
2145 0.00104263
2146 0.00104263
2147 0.00104263
2148 0.00104263
2149 0.00104263
2150 0.00104263
2151 0.00104263
2152 0.00104263
2153 0.00101284
2154 0.00101284
2155 0.00101284
2156 0.00101284
2157 0.00101284
2158 0.00101284
2159 0.00101284
2160 0.00101284
2161 0.00101284
2162 0.00101284
2163 0.00101284
2164 0.00101284
2165 0.00101284
2166 0.00101284
2167 0.00101284
2168 0.00101284
2169 0.00098305
2170 0.00098305
2171 0.00098305
2172 0.00098305
2173 0.00098305
2174 0.00098305
2175 0.00098305
2176 0.00098305
2177 0.000923471
2178 0.000923471
2179 0.000923471
2180 0.000923471
2181 0.000923471
2182 0.000923471
2183 0.000923471
2184 0.000923471
2185 0.000923471
2186 0.000923471
2187 0.000923471
2188 0.000923471
2189 0.000923471
2190 0.000923471
2191 0.000923471
2192 0.000923471
2193 0.000923471
2194 0.000923471
2195 0.000923471
2196 0.000923471
2197 0.000923471
2198 0.000923471
2199 0.000923471
2200 0.000923471
2201 0.000893682
2202 0.000893682
2203 0.000893682
2204 0.000893682
2205 0.000893682
2206 0.000893682
2207 0.000893682
2208 0.000893682
2209 0.000893682
2210 0.000893682
2211 0.000893682
2212 0.000893682
2213 0.000893682
2214 0.000893682
2215 0.000893682
2216 0.000893682
2217 0.000893682
2218 0.000893682
2219 0.000893682
2220 0.000893682
2221 0.000893682
2222 0.000893682
2223 0.000893682
2224 0.000893682
2225 0.000834103
2226 0.000834103
2227 0.000834103
2228 0.000834103
2229 0.000834103
2230 0.000834103
2231 0.000834103
2232 0.000834103
2233 0.000834103
2234 0.000834103
2235 0.000834103
2236 0.000834103
2237 0.000834103
2238 0.000834103
2239 0.000834103
2240 0.000834103
2241 0.000834103
2242 0.000834103
2243 0.000834103
2244 0.000834103
2245 0.000834103
2246 0.000834103
2247 0.000834103
2248 0.000834103
2249 0.000804314
2250 0.000804314
2251 0.000804314
2252 0.000804314
2253 0.000804314
2254 0.000804314
2255 0.000804314
2256 0.000804314
2257 0.000804314
2258 0.000804314
2259 0.000804314
2260 0.000804314
2261 0.000804314
2262 0.000804314
2263 0.000804314
2264 0.000804314
2265 0.000774524
2266 0.000774524
2267 0.000774524
2268 0.000774524
2269 0.000774524
2270 0.000774524
2271 0.000774524
2272 0.000774524
2273 0.000714945
2274 0.000714945
2275 0.000714945
2276 0.000714945
2277 0.000714945
2278 0.000714945
2279 0.000714945
2280 0.000714945
2281 0.000714945
2282 0.000714945
2283 0.000714945
2284 0.000714945
2285 0.000714945
2286 0.000714945
2287 0.000685156
2288 0.000685156
2289 0.000655367
2290 0.000655367
2291 0.000655367
2292 0.000655367
2293 0.000655367
2294 0.000655367
2295 0.000655367
2296 0.000655367
2297 0.000655367
2298 0.000655367
2299 0.000655367
2300 0.000655367
2301 0.000655367
2302 0.000655367
2303 0.000655367
2304 0.000655367
2305 0.000595788
2306 0.000595788
2307 0.000595788
2308 0.000595788
2309 0.000595788
2310 0.000595788
2311 0.000595788
2312 0.000595788
2313 0.000565998
2314 0.000565998
2315 0.000565998
2316 0.000565998
2317 0.000565998
2318 0.000565998
2319 0.000565998
2320 0.000565998
2321 0.000565998
2322 0.000565998
2323 0.000565998
2324 0.000565998
2325 0.000565998
2326 0.000565998
2327 0.000565998
2328 0.000565998
2329 0.000565998
2330 0.000565998
2331 0.000565998
2332 0.000565998
2333 0.000565998
2334 0.000565998
2335 0.000565998
2336 0.000565998
2337 0.000565998
2338 0.000565998
2339 0.000565998
2340 0.000565998
2341 0.000565998
2342 0.000565998
2343 0.000565998
2344 0.000565998
2345 0.000565998
2346 0.000565998
2347 0.000565998
2348 0.000565998
2349 0.000565998
2350 0.000565998
2351 0.000565998
2352 0.000565998
2353 0.000536209
2354 0.000536209
2355 0.000536209
2356 0.000536209
2357 0.000536209
2358 0.000536209
2359 0.000536209
2360 0.000536209
2361 0.000536209
2362 0.000536209
2363 0.000536209
2364 0.000536209
2365 0.000536209
2366 0.000536209
2367 0.000536209
2368 0.000536209
2369 0.000536209
2370 0.000536209
2371 0.000536209
2372 0.000536209
2373 0.000536209
2374 0.000536209
2375 0.000536209
2376 0.000536209
2377 0.000536209
2378 0.000536209
2379 0.000536209
2380 0.000536209
2381 0.000536209
2382 0.000536209
2383 0.000536209
2384 0.000536209
2385 0.00050642
2386 0.00050642
2387 0.00050642
2388 0.00050642
2389 0.00050642
2390 0.00050642
2391 0.00050642
2392 0.00050642
2393 0.00050642
2394 0.00050642
2395 0.00050642
2396 0.00050642
2397 0.00050642
2398 0.00050642
2399 0.00050642
2400 0.00050642
2401 0.00050642
2402 0.00050642
2403 0.00050642
2404 0.00050642
2405 0.00050642
2406 0.00050642
2407 0.00050642
2408 0.00050642
2409 0.00047663
2410 0.00047663
2411 0.00047663
2412 0.00047663
2413 0.00047663
2414 0.00047663
2415 0.000446841
2416 0.000446841
2417 0.000446841
2418 0.000446841
2419 0.000446841
2420 0.000446841
2421 0.000446841
2422 0.000446841
2423 0.000446841
2424 0.000446841
2425 0.000446841
2426 0.000446841
2427 0.000446841
2428 0.000446841
2429 0.000446841
2430 0.000446841
2431 0.000446841
2432 0.000446841
2433 0.000446841
2434 0.000446841
2435 0.000446841
2436 0.000446841
2437 0.000446841
2438 0.000446841
2439 0.000446841
2440 0.000446841
2441 0.000446841
2442 0.000446841
2443 0.000446841
2444 0.000446841
2445 0.000446841
2446 0.000446841
2447 0.000446841
2448 0.000446841
2449 0.000446841
2450 0.000446841
2451 0.000446841
2452 0.000446841
2453 0.000446841
2454 0.000446841
2455 0.000446841
2456 0.000446841
2457 0.000417051
2458 0.000417051
2459 0.000417051
2460 0.000417051
2461 0.000417051
2462 0.000417051
2463 0.000417051
2464 0.000417051
2465 0.000417051
2466 0.000417051
2467 0.000417051
2468 0.000417051
2469 0.000417051
2470 0.000417051
2471 0.000417051
2472 0.000417051
2473 0.000417051
2474 0.000417051
2475 0.000417051
2476 0.000417051
2477 0.000417051
2478 0.000417051
2479 0.000417051
2480 0.000417051
2481 0.000417051
2482 0.000417051
2483 0.000417051
2484 0.000417051
2485 0.000417051
2486 0.000417051
2487 0.000417051
2488 0.000417051
2489 0.000417051
2490 0.000417051
2491 0.000417051
2492 0.000417051
2493 0.000417051
2494 0.000417051
2495 0.000417051
2496 0.000417051
2497 0.000417051
2498 0.000417051
2499 0.000417051
2500 0.000417051
2501 0.000417051
2502 0.000417051
2503 0.000417051
2504 0.000417051
2505 0.000417051
2506 0.000417051
2507 0.000417051
2508 0.000417051
2509 0.000417051
2510 0.000417051
2511 0.000417051
2512 0.000417051
2513 0.000387262
2514 0.000387262
2515 0.000387262
2516 0.000387262
2517 0.000387262
2518 0.000387262
2519 0.000387262
2520 0.000387262
2521 0.000357473
2522 0.000357473
2523 0.000357473
2524 0.000357473
2525 0.000357473
2526 0.000357473
2527 0.000357473
2528 0.000357473
2529 0.000357473
2530 0.000357473
2531 0.000357473
2532 0.000357473
2533 0.000357473
2534 0.000357473
2535 0.000357473
2536 0.000357473
2537 0.000357473
2538 0.000357473
2539 0.000357473
2540 0.000357473
2541 0.000357473
2542 0.000357473
2543 0.000357473
2544 0.000357473
2545 0.000357473
2546 0.000357473
2547 0.000357473
2548 0.000357473
2549 0.000357473
2550 0.000357473
2551 0.000357473
2552 0.000357473
2553 0.000357473
2554 0.000357473
2555 0.000357473
2556 0.000357473
2557 0.000357473
2558 0.000357473
2559 0.000357473
2560 0.000357473
2561 0.000357473
2562 0.000357473
2563 0.000357473
2564 0.000357473
2565 0.000357473
2566 0.000357473
2567 0.000357473
2568 0.000357473
2569 0.000327683
2570 0.000327683
2571 0.000327683
2572 0.000327683
2573 0.000327683
2574 0.000327683
2575 0.000327683
2576 0.000327683
2577 0.000327683
2578 0.000327683
2579 0.000327683
2580 0.000327683
2581 0.000327683
2582 0.000327683
2583 0.000327683
2584 0.000327683
2585 0.000327683
2586 0.000327683
2587 0.000327683
2588 0.000327683
2589 0.000327683
2590 0.000327683
2591 0.000297894
2592 0.000297894
2593 0.000297894
2594 0.000297894
2595 0.000297894
2596 0.000297894
2597 0.000297894
2598 0.000297894
2599 0.000297894
2600 0.000297894
2601 0.000297894
2602 0.000297894
2603 0.000297894
2604 0.000297894
2605 0.000297894
2606 0.000297894
2607 0.000297894
2608 0.000297894
2609 0.000297894
2610 0.000297894
2611 0.000297894
2612 0.000297894
2613 0.000297894
2614 0.000297894
2615 0.000297894
2616 0.000297894
2617 0.000297894
2618 0.000297894
2619 0.000297894
2620 0.000297894
2621 0.000297894
2622 0.000297894
2623 0.000297894
2624 0.000297894
2625 0.000297894
2626 0.000297894
2627 0.000297894
2628 0.000297894
2629 0.000297894
2630 0.000297894
2631 0.000297894
2632 0.000297894
2633 0.000297894
2634 0.000297894
2635 0.000297894
2636 0.000297894
2637 0.000297894
2638 0.000297894
2639 0.000297894
2640 0.000297894
2641 0.000297894
2642 0.000297894
2643 0.000297894
2644 0.000297894
2645 0.000297894
2646 0.000297894
2647 0.000297894
2648 0.000297894
2649 0.000297894
2650 0.000297894
2651 0.000297894
2652 0.000297894
2653 0.000297894
2654 0.000297894
2655 0.000297894
2656 0.000297894
2657 0.000268105
2658 0.000268105
2659 0.000268105
2660 0.000268105
2661 0.000268105
2662 0.000268105
2663 0.000268105
2664 0.000268105
2665 0.000268105
2666 0.000268105
2667 0.000268105
2668 0.000268105
2669 0.000268105
2670 0.000268105
2671 0.000268105
2672 0.000268105
2673 0.000268105
2674 0.000268105
2675 0.000268105
2676 0.000268105
2677 0.000268105
2678 0.000268105
2679 0.000268105
2680 0.000268105
2681 0.000268105
2682 0.000268105
2683 0.000268105
2684 0.000268105
2685 0.000268105
2686 0.000268105
2687 0.000268105
2688 0.000268105
2689 0.000268105
2690 0.000268105
2691 0.000268105
2692 0.000268105
2693 0.000268105
2694 0.000268105
2695 0.000268105
2696 0.000268105
2697 0.000268105
2698 0.000268105
2699 0.000268105
2700 0.000268105
2701 0.000268105
2702 0.000268105
2703 0.000268105
2704 0.000268105
2705 0.000268105
2706 0.000268105
2707 0.000268105
2708 0.000268105
2709 0.000268105
2710 0.000268105
2711 0.000268105
2712 0.000268105
2713 0.000268105
2714 0.000268105
2715 0.000268105
2716 0.000268105
2717 0.000268105
2718 0.000268105
2719 0.000268105
2720 0.000268105
2721 0.000268105
2722 0.000268105
2723 0.000268105
2724 0.000268105
2725 0.000268105
2726 0.000268105
2727 0.000268105
2728 0.000268105
2729 0.000268105
2730 0.000268105
2731 0.000268105
2732 0.000268105
2733 0.000268105
2734 0.000268105
2735 0.000268105
2736 0.000268105
2737 0.000268105
2738 0.000268105
2739 0.000268105
2740 0.000268105
2741 0.000268105
2742 0.000268105
2743 0.000268105
2744 0.000268105
2745 0.000268105
2746 0.000268105
2747 0.000268105
2748 0.000268105
2749 0.000268105
2750 0.000268105
2751 0.000268105
2752 0.000268105
2753 0.000268105
2754 0.000268105
2755 0.000268105
2756 0.000268105
2757 0.000268105
2758 0.000268105
2759 0.000268105
2760 0.000268105
2761 0.000268105
2762 0.000268105
2763 0.000268105
2764 0.000268105
2765 0.000268105
2766 0.000268105
2767 0.000268105
2768 0.000268105
2769 0.000238315
2770 0.000238315
2771 0.000238315
2772 0.000238315
2773 0.000238315
2774 0.000238315
2775 0.000238315
2776 0.000238315
2777 0.000208526
2778 0.000208526
2779 0.000208526
2780 0.000208526
2781 0.000208526
2782 0.000208526
2783 0.000208526
2784 0.000208526
2785 0.000208526
2786 0.000208526
2787 0.000208526
2788 0.000208526
2789 0.000208526
2790 0.000208526
2791 0.000208526
2792 0.000208526
2793 0.000208526
2794 0.000208526
2795 0.000208526
2796 0.000208526
2797 0.000208526
2798 0.000208526
2799 0.000208526
2800 0.000208526
2801 0.000208526
2802 0.000208526
2803 0.000208526
2804 0.000208526
2805 0.000208526
2806 0.000208526
2807 0.000208526
2808 0.000208526
2809 0.000208526
2810 0.000208526
2811 0.000208526
2812 0.000208526
2813 0.000208526
2814 0.000208526
2815 0.000208526
2816 0.000208526
2817 0.000208526
2818 0.000208526
2819 0.000208526
2820 0.000208526
2821 0.000208526
2822 0.000208526
2823 0.000208526
2824 0.000208526
2825 0.000208526
2826 0.000208526
2827 0.000208526
2828 0.000208526
2829 0.000208526
2830 0.000208526
2831 0.000208526
2832 0.000208526
2833 0.000208526
2834 0.000208526
2835 0.000208526
2836 0.000208526
2837 0.000208526
2838 0.000208526
2839 0.000208526
2840 0.000208526
2841 0.000208526
2842 0.000208526
2843 0.000208526
2844 0.000208526
2845 0.000208526
2846 0.000208526
2847 0.000208526
2848 0.000208526
2849 0.000208526
2850 0.000208526
2851 0.000208526
2852 0.000208526
2853 0.000208526
2854 0.000208526
2855 0.000208526
2856 0.000208526
2857 0.000208526
2858 0.000208526
2859 0.000208526
2860 0.000208526
2861 0.000208526
2862 0.000208526
2863 0.000208526
2864 0.000208526
2865 0.000208526
2866 0.000208526
2867 0.000208526
2868 0.000208526
2869 0.000208526
2870 0.000208526
2871 0.000208526
2872 0.000208526
2873 0.000208526
2874 0.000208526
2875 0.000208526
2876 0.000208526
2877 0.000208526
2878 0.000208526
2879 0.000208526
2880 0.000208526
2881 0.000208526
2882 0.000208526
2883 0.000208526
2884 0.000208526
2885 0.000208526
2886 0.000208526
2887 0.000208526
2888 0.000208526
2889 0.000208526
2890 0.000208526
2891 0.000208526
2892 0.000208526
2893 0.000208526
2894 0.000208526
2895 0.000208526
2896 0.000208526
2897 0.000208526
2898 0.000208526
2899 0.000208526
2900 0.000208526
2901 0.000208526
2902 0.000208526
2903 0.000208526
2904 0.000208526
2905 0.000208526
2906 0.000208526
2907 0.000208526
2908 0.000208526
2909 0.000208526
2910 0.000208526
2911 0.000208526
2912 0.000208526
2913 0.000208526
2914 0.000208526
2915 0.000208526
2916 0.000208526
2917 0.000208526
2918 0.000208526
2919 0.000208526
2920 0.000208526
2921 0.000208526
2922 0.000208526
2923 0.000208526
2924 0.000208526
2925 0.000208526
2926 0.000208526
2927 0.000208526
2928 0.000208526
2929 0.000208526
2930 0.000208526
2931 0.000208526
2932 0.000208526
2933 0.000208526
2934 0.000208526
2935 0.000208526
2936 0.000208526
2937 0.000208526
2938 0.000208526
2939 0.000208526
2940 0.000208526
2941 0.000208526
2942 0.000208526
2943 0.000208526
2944 0.000208526
2945 0.000148947
2946 0.000148947
2947 0.000148947
2948 0.000148947
2949 0.000148947
2950 0.000148947
2951 0.000148947
2952 0.000148947
2953 0.000119158
2954 0.000119158
2955 0.000119158
2956 0.000119158
2957 0.000119158
2958 0.000119158
2959 0.000119158
2960 0.000119158
2961 0.000119158
2962 0.000119158
2963 0.000119158
2964 0.000119158
2965 0.000119158
2966 0.000119158
2967 0.000119158
2968 0.000119158
2969 0.000119158
2970 0.000119158
2971 0.000119158
2972 0.000119158
2973 0.000119158
2974 0.000119158
2975 0.000119158
2976 0.000119158
2977 0.000119158
2978 0.000119158
2979 0.000119158
2980 0.000119158
2981 0.000119158
2982 0.000119158
2983 0.000119158
2984 0.000119158
2985 0.000119158
2986 0.000119158
2987 0.000119158
2988 0.000119158
2989 0.000119158
2990 0.000119158
2991 0.000119158
2992 0.000119158
2993 0.000119158
2994 0.000119158
2995 0.000119158
2996 0.000119158
2997 0.000119158
2998 0.000119158
2999 0.000119158
3000 0.000119158
3001 0.000119158
3002 0.000119158
3003 0.000119158
3004 0.000119158
3005 0.000119158
3006 0.000119158
3007 0.000119158
3008 0.000119158
3009 0.000119158
3010 0.000119158
3011 0.000119158
3012 0.000119158
3013 0.000119158
3014 0.000119158
3015 0.000119158
3016 0.000119158
3017 0.000119158
3018 0.000119158
3019 0.000119158
3020 0.000119158
3021 0.000119158
3022 0.000119158
3023 0.000119158
3024 0.000119158
3025 0.000119158
3026 0.000119158
3027 0.000119158
3028 0.000119158
3029 0.000119158
3030 0.000119158
3031 0.000119158
3032 0.000119158
3033 0.000119158
3034 0.000119158
3035 0.000119158
3036 0.000119158
3037 0.000119158
3038 0.000119158
3039 0.000119158
3040 0.000119158
3041 0.000119158
3042 0.000119158
3043 0.000119158
3044 0.000119158
3045 0.000119158
3046 0.000119158
3047 8.93682e-05
3048 8.93682e-05
3049 8.93682e-05
3050 8.93682e-05
3051 8.93682e-05
3052 8.93682e-05
3053 8.93682e-05
3054 8.93682e-05
3055 8.93682e-05
3056 8.93682e-05
3057 8.93682e-05
3058 8.93682e-05
3059 8.93682e-05
3060 8.93682e-05
3061 8.93682e-05
3062 8.93682e-05
3063 8.93682e-05
3064 8.93682e-05
3065 8.93682e-05
3066 8.93682e-05
3067 8.93682e-05
3068 8.93682e-05
3069 8.93682e-05
3070 8.93682e-05
3071 8.93682e-05
3072 8.93682e-05
3073 8.93682e-05
3074 8.93682e-05
3075 8.93682e-05
3076 8.93682e-05
3077 8.93682e-05
3078 8.93682e-05
3079 8.93682e-05
3080 8.93682e-05
3081 8.93682e-05
3082 8.93682e-05
3083 8.93682e-05
3084 8.93682e-05
3085 8.93682e-05
3086 8.93682e-05
3087 8.93682e-05
3088 8.93682e-05
3089 8.93682e-05
3090 8.93682e-05
3091 8.93682e-05
3092 8.93682e-05
3093 8.93682e-05
3094 8.93682e-05
3095 8.93682e-05
3096 8.93682e-05
3097 8.93682e-05
3098 8.93682e-05
3099 8.93682e-05
3100 8.93682e-05
3101 8.93682e-05
3102 8.93682e-05
3103 8.93682e-05
3104 8.93682e-05
3105 8.93682e-05
3106 8.93682e-05
3107 8.93682e-05
3108 8.93682e-05
3109 8.93682e-05
3110 8.93682e-05
3111 8.93682e-05
3112 8.93682e-05
3113 8.93682e-05
3114 8.93682e-05
3115 8.93682e-05
3116 8.93682e-05
3117 8.93682e-05
3118 8.93682e-05
3119 8.93682e-05
3120 8.93682e-05
3121 8.93682e-05
3122 8.93682e-05
3123 8.93682e-05
3124 8.93682e-05
3125 8.93682e-05
3126 8.93682e-05
3127 8.93682e-05
3128 8.93682e-05
3129 8.93682e-05
3130 8.93682e-05
3131 8.93682e-05
3132 8.93682e-05
3133 8.93682e-05
3134 8.93682e-05
3135 8.93682e-05
3136 8.93682e-05
3137 8.93682e-05
3138 8.93682e-05
3139 8.93682e-05
3140 8.93682e-05
3141 8.93682e-05
3142 8.93682e-05
3143 8.93682e-05
3144 8.93682e-05
3145 5.95788e-05
3146 5.95788e-05
3147 5.95788e-05
3148 5.95788e-05
3149 5.95788e-05
3150 5.95788e-05
3151 5.95788e-05
3152 5.95788e-05
3153 5.95788e-05
3154 5.95788e-05
3155 5.95788e-05
3156 5.95788e-05
3157 5.95788e-05
3158 5.95788e-05
3159 5.95788e-05
3160 5.95788e-05
3161 5.95788e-05
3162 5.95788e-05
3163 5.95788e-05
3164 5.95788e-05
3165 5.95788e-05
3166 5.95788e-05
3167 5.95788e-05
3168 5.95788e-05
3169 5.95788e-05
3170 5.95788e-05
3171 5.95788e-05
3172 5.95788e-05
3173 5.95788e-05
3174 5.95788e-05
3175 5.95788e-05
3176 5.95788e-05
3177 5.95788e-05
3178 5.95788e-05
3179 5.95788e-05
3180 5.95788e-05
3181 5.95788e-05
3182 5.95788e-05
3183 5.95788e-05
3184 5.95788e-05
3185 5.95788e-05
3186 5.95788e-05
3187 5.95788e-05
3188 5.95788e-05
3189 5.95788e-05
3190 5.95788e-05
3191 5.95788e-05
3192 5.95788e-05
3193 5.95788e-05
3194 5.95788e-05
3195 5.95788e-05
3196 5.95788e-05
3197 5.95788e-05
3198 5.95788e-05
3199 5.95788e-05
3200 5.95788e-05
3201 5.95788e-05
3202 5.95788e-05
3203 5.95788e-05
3204 5.95788e-05
3205 5.95788e-05
3206 5.95788e-05
3207 5.95788e-05
3208 5.95788e-05
3209 5.95788e-05
3210 5.95788e-05
3211 5.95788e-05
3212 5.95788e-05
3213 5.95788e-05
3214 5.95788e-05
3215 5.95788e-05
3216 5.95788e-05
3217 5.95788e-05
3218 5.95788e-05
3219 5.95788e-05
3220 5.95788e-05
3221 5.95788e-05
3222 5.95788e-05
3223 5.95788e-05
3224 5.95788e-05
3225 5.95788e-05
3226 5.95788e-05
3227 5.95788e-05
3228 5.95788e-05
3229 5.95788e-05
3230 5.95788e-05
3231 5.95788e-05
3232 5.95788e-05
3233 5.95788e-05
3234 5.95788e-05
3235 5.95788e-05
3236 5.95788e-05
3237 5.95788e-05
3238 5.95788e-05
3239 5.95788e-05
3240 5.95788e-05
3241 2.97894e-05
3242 2.97894e-05
3243 2.97894e-05
3244 2.97894e-05
3245 2.97894e-05
3246 2.97894e-05
3247 2.97894e-05
3248 2.97894e-05
3249 2.97894e-05
3250 2.97894e-05
3251 2.97894e-05
3252 2.97894e-05
3253 2.97894e-05
3254 2.97894e-05
3255 2.97894e-05
3256 2.97894e-05
3257 2.97894e-05
3258 2.97894e-05
3259 2.97894e-05
3260 2.97894e-05
3261 2.97894e-05
3262 2.97894e-05
3263 2.97894e-05
3264 2.97894e-05
3265 2.97894e-05
3266 2.97894e-05
3267 2.97894e-05
3268 2.97894e-05
3269 2.97894e-05
3270 2.97894e-05
3271 2.97894e-05
3272 2.97894e-05
3273 2.97894e-05
3274 2.97894e-05
3275 2.97894e-05
3276 2.97894e-05
3277 2.97894e-05
3278 2.97894e-05
3279 2.97894e-05
3280 2.97894e-05
3281 2.97894e-05
3282 2.97894e-05
3283 2.97894e-05
3284 2.97894e-05
3285 2.97894e-05
3286 2.97894e-05
3287 2.97894e-05
3288 2.97894e-05
