0 1
1 1
2 1
3 1
4 1
5 1
6 1
7 0.999896
8 0.999896
9 0.999896
10 0.999896
11 0.999896
12 0.999896
13 0.999896
14 0.999896
15 0.99948
16 0.99948
17 0.99948
18 0.99948
19 0.99948
20 0.99948
21 0.99948
22 0.99948
23 0.999272
24 0.999272
25 0.999272
26 0.999272
27 0.999272
28 0.999272
29 0.999272
30 0.999272
31 0.999064
32 0.999064
33 0.999064
34 0.999064
35 0.999064
36 0.999064
37 0.999064
38 0.999064
39 0.998855
40 0.998855
41 0.998855
42 0.998855
43 0.998855
44 0.998855
45 0.998855
46 0.998855
47 0.998647
48 0.998647
49 0.998647
50 0.998647
51 0.998647
52 0.998647
53 0.998647
54 0.998647
55 0.998335
56 0.998335
57 0.998335
58 0.998335
59 0.998335
60 0.998335
61 0.998335
62 0.998335
63 0.997711
64 0.997711
65 0.960878
66 0.960878
67 0.960878
68 0.960878
69 0.960878
70 0.960878
71 0.960566
72 0.960566
73 0.918323
74 0.918323
75 0.918323
76 0.918323
77 0.918323
78 0.918323
79 0.918219
80 0.918219
81 0.875247
82 0.875247
83 0.875247
84 0.875247
85 0.875247
86 0.875247
87 0.874935
88 0.874935
89 0.831755
90 0.831755
91 0.831755
92 0.831755
93 0.831755
94 0.831755
95 0.831547
96 0.831547
97 0.78972
98 0.78972
99 0.78972
100 0.78972
101 0.78972
102 0.78972
103 0.789616
104 0.789616
105 0.747477
106 0.747477
107 0.747477
108 0.747477
109 0.747477
110 0.747477
111 0.747269
112 0.747269
113 0.707523
114 0.707523
115 0.707523
116 0.707523
117 0.707523
118 0.707523
119 0.707315
120 0.707315
121 0.665487
122 0.665487
123 0.665487
124 0.665487
125 0.665487
126 0.665487
127 0.665279
128 0.665279
129 0.628655
130 0.628655
131 0.628655
132 0.628655
133 0.628655
134 0.628655
135 0.628551
136 0.628551
137 0.591718
138 0.591718
139 0.591718
140 0.591718
141 0.591718
142 0.591718
143 0.59151
144 0.59151
145 0.558943
146 0.558943
147 0.558943
148 0.558943
149 0.558943
150 0.558943
151 0.558839
152 0.558839
153 0.52596
154 0.52596
155 0.52596
156 0.52596
157 0.52596
158 0.52596
159 0.525648
160 0.525648
161 0.491832
162 0.491832
163 0.491832
164 0.491832
165 0.491832
166 0.491832
167 0.491728
168 0.491728
169 0.463844
170 0.463844
171 0.463844
172 0.463844
173 0.463844
174 0.463844
175 0.463844
176 0.463844
177 0.434502
178 0.434502
179 0.434502
180 0.434502
181 0.434502
182 0.434502
183 0.434086
184 0.434086
185 0.40849
186 0.40849
187 0.40849
188 0.40849
189 0.40849
190 0.40849
191 0.408282
192 0.408282
193 0.381022
194 0.381022
195 0.381022
196 0.381022
197 0.381022
198 0.381022
199 0.38071
200 0.38071
201 0.356571
202 0.356571
203 0.356571
204 0.356571
205 0.356571
206 0.356571
207 0.356571
208 0.356571
209 0.334929
210 0.334929
211 0.334929
212 0.334929
213 0.334929
214 0.334929
215 0.334929
216 0.334929
217 0.313599
218 0.313599
219 0.313599
220 0.313599
221 0.313599
222 0.313599
223 0.313495
224 0.313495
225 0.294766
226 0.294766
227 0.294766
228 0.294766
229 0.294766
230 0.294766
231 0.294766
232 0.294766
233 0.277703
234 0.277703
235 0.277703
236 0.277703
237 0.277703
238 0.277703
239 0.277599
240 0.277599
241 0.260327
242 0.260327
243 0.260327
244 0.260327
245 0.260327
246 0.260327
247 0.260327
248 0.260327
249 0.245448
250 0.245448
251 0.245448
252 0.245448
253 0.245448
254 0.245448
255 0.245448
256 0.245448
257 0.231089
258 0.231089
259 0.231089
260 0.231089
261 0.231089
262 0.231089
263 0.231089
264 0.231089
265 0.217875
266 0.217875
267 0.217875
268 0.217875
269 0.217875
270 0.217875
271 0.217875
272 0.217875
273 0.204973
274 0.204973
275 0.204973
276 0.204973
277 0.204973
278 0.204973
279 0.204973
280 0.204973
281 0.192488
282 0.192488
283 0.192488
284 0.192488
285 0.192488
286 0.192488
287 0.192384
288 0.192384
289 0.181875
290 0.181875
291 0.181875
292 0.181875
293 0.181875
294 0.181875
295 0.181875
296 0.181875
297 0.172511
298 0.172511
299 0.172511
300 0.172511
301 0.172511
302 0.172511
303 0.172407
304 0.172407
305 0.164395
306 0.164395
307 0.164395
308 0.164395
309 0.164395
310 0.164395
311 0.164395
312 0.164395
313 0.155447
314 0.155447
315 0.155447
316 0.155447
317 0.155447
318 0.155447
319 0.155447
320 0.155447
321 0.145458
322 0.145458
323 0.145458
324 0.145458
325 0.145458
326 0.145458
327 0.145354
328 0.145354
329 0.135158
330 0.135158
331 0.135158
332 0.135158
333 0.135158
334 0.135158
335 0.135158
336 0.135158
337 0.128499
338 0.128499
339 0.128499
340 0.128499
341 0.128499
342 0.128499
343 0.128395
344 0.128395
345 0.120799
346 0.120799
347 0.120799
348 0.120799
349 0.120799
350 0.120799
351 0.120695
352 0.120695
353 0.115493
354 0.115493
355 0.115493
356 0.115493
357 0.115493
358 0.115493
359 0.115389
360 0.115389
361 0.108313
362 0.108313
363 0.108313
364 0.108313
365 0.108313
366 0.108313
367 0.108313
368 0.108313
369 0.102695
370 0.102695
371 0.102695
372 0.102695
373 0.102695
374 0.102695
375 0.102695
376 0.102695
377 0.0969722
378 0.0969722
379 0.0969722
380 0.0969722
381 0.0969722
382 0.0969722
383 0.0969722
384 0.0969722
385 0.0923941
386 0.0923941
387 0.0923941
388 0.0923941
389 0.0923941
390 0.0923941
391 0.0923941
392 0.0923941
393 0.0881282
394 0.0881282
395 0.0881282
396 0.0881282
397 0.0881282
398 0.0881282
399 0.0881282
400 0.0881282
401 0.0835501
402 0.0835501
403 0.0835501
404 0.0835501
405 0.0835501
406 0.0835501
407 0.0835501
408 0.0835501
409 0.0793882
410 0.0793882
411 0.0793882
412 0.0793882
413 0.0793882
414 0.0793882
415 0.0792842
416 0.0792842
417 0.0743939
418 0.0743939
419 0.0743939
420 0.0743939
421 0.0743939
422 0.0743939
423 0.0743939
424 0.0743939
425 0.0689835
426 0.0689835
427 0.0689835
428 0.0689835
429 0.0689835
430 0.0689835
431 0.0689835
432 0.0689835
433 0.0655499
434 0.0655499
435 0.0655499
436 0.0655499
437 0.0655499
438 0.0655499
439 0.0655499
440 0.0655499
441 0.0619082
442 0.0619082
443 0.0619082
444 0.0619082
445 0.0619082
446 0.0619082
447 0.0619082
448 0.0619082
449 0.0590989
450 0.0590989
451 0.0590989
452 0.0590989
453 0.0590989
454 0.0590989
455 0.0590989
456 0.0590989
457 0.057122
458 0.057122
459 0.057122
460 0.057122
461 0.057122
462 0.057122
463 0.057122
464 0.057122
465 0.0544168
466 0.0544168
467 0.0544168
468 0.0544168
469 0.0544168
470 0.0544168
471 0.0544168
472 0.0544168
473 0.0516075
474 0.0516075
475 0.0516075
476 0.0516075
477 0.0516075
478 0.0516075
479 0.0516075
480 0.0516075
481 0.0494225
482 0.0494225
483 0.0494225
484 0.0494225
485 0.0494225
486 0.0494225
487 0.0493185
488 0.0493185
489 0.0467173
490 0.0467173
491 0.0467173
492 0.0467173
493 0.0467173
494 0.0467173
495 0.0467173
496 0.0467173
497 0.0444283
498 0.0444283
499 0.0444283
500 0.0444283
501 0.0444283
502 0.0444283
503 0.0444283
504 0.0444283
505 0.0428675
506 0.0428675
507 0.0428675
508 0.0428675
509 0.0428675
510 0.0428675
511 0.0428675
512 0.0428675
513 0.0408906
514 0.0408906
515 0.0408906
516 0.0408906
517 0.0408906
518 0.0408906
519 0.0408906
520 0.0408906
521 0.039538
522 0.039538
523 0.039538
524 0.039538
525 0.039538
526 0.039538
527 0.039538
528 0.039538
529 0.037353
530 0.037353
531 0.037353
532 0.037353
533 0.037353
534 0.037353
535 0.037353
536 0.037353
537 0.035064
538 0.035064
539 0.035064
540 0.035064
541 0.035064
542 0.035064
543 0.035064
544 0.035064
545 0.0338154
546 0.0338154
547 0.0338154
548 0.0338154
549 0.0338154
550 0.0338154
551 0.0338154
552 0.0338154
553 0.0310061
554 0.0310061
555 0.0310061
556 0.0310061
557 0.0310061
558 0.0310061
559 0.0310061
560 0.0310061
561 0.0288211
562 0.0288211
563 0.0288211
564 0.0288211
565 0.0288211
566 0.0288211
567 0.0288211
568 0.0288211
569 0.0276766
570 0.0276766
571 0.0276766
572 0.0276766
573 0.0276766
574 0.0276766
575 0.0276766
576 0.0276766
577 0.0268442
578 0.0268442
579 0.0268442
580 0.0268442
581 0.0268442
582 0.0268442
583 0.0268442
584 0.0268442
585 0.02622
586 0.02622
587 0.02622
588 0.02622
589 0.02622
590 0.02622
591 0.02622
592 0.02622
593 0.0252835
594 0.0252835
595 0.0252835
596 0.0252835
597 0.0252835
598 0.0252835
599 0.0252835
600 0.0252835
601 0.0239309
602 0.0239309
603 0.0239309
604 0.0239309
605 0.0239309
606 0.0239309
607 0.0239309
608 0.0239309
609 0.0228904
610 0.0228904
611 0.0228904
612 0.0228904
613 0.0228904
614 0.0228904
615 0.0227864
616 0.0227864
617 0.0221621
618 0.0221621
619 0.0221621
620 0.0221621
621 0.0221621
622 0.0221621
623 0.0221621
624 0.0221621
625 0.0214338
626 0.0214338
627 0.0214338
628 0.0214338
629 0.0214338
630 0.0214338
631 0.0214338
632 0.0214338
633 0.0199771
634 0.0199771
635 0.0199771
636 0.0199771
637 0.0199771
638 0.0199771
639 0.0199771
640 0.0199771
641 0.0193528
642 0.0193528
643 0.0193528
644 0.0193528
645 0.0193528
646 0.0193528
647 0.0193528
648 0.0193528
649 0.0180002
650 0.0180002
651 0.0180002
652 0.0180002
653 0.0180002
654 0.0180002
655 0.0180002
656 0.0180002
657 0.0163354
658 0.0163354
659 0.0163354
660 0.0163354
661 0.0163354
662 0.0163354
663 0.0163354
664 0.0163354
665 0.015399
666 0.015399
667 0.015399
668 0.015399
669 0.015399
670 0.015399
671 0.015399
672 0.015399
673 0.0148788
674 0.0148788
675 0.0148788
676 0.0148788
677 0.0148788
678 0.0148788
679 0.0148788
680 0.0148788
681 0.0141505
682 0.0141505
683 0.0141505
684 0.0141505
685 0.0141505
686 0.0141505
687 0.0141505
688 0.0141505
689 0.0135262
690 0.0135262
691 0.0135262
692 0.0135262
693 0.0135262
694 0.0135262
695 0.0135262
696 0.0135262
697 0.0129019
698 0.0129019
699 0.0129019
700 0.0129019
701 0.0129019
702 0.0129019
703 0.0129019
704 0.0129019
705 0.0122776
706 0.0122776
707 0.0122776
708 0.0122776
709 0.0122776
710 0.0122776
711 0.0122776
712 0.0122776
713 0.0120695
714 0.0120695
715 0.0120695
716 0.0120695
717 0.0120695
718 0.0120695
719 0.0120695
720 0.0120695
721 0.0114452
722 0.0114452
723 0.0114452
724 0.0114452
725 0.0114452
726 0.0114452
727 0.0114452
728 0.0114452
729 0.0106128
730 0.0106128
731 0.0106128
732 0.0106128
733 0.0106128
734 0.0106128
735 0.0106128
736 0.0106128
737 0.00998855
738 0.00998855
739 0.00998855
740 0.00998855
741 0.00998855
742 0.00998855
743 0.00998855
744 0.00998855
745 0.00915617
746 0.00915617
747 0.00915617
748 0.00915617
749 0.00915617
750 0.00915617
751 0.00915617
752 0.00915617
753 0.00873999
754 0.00873999
755 0.00873999
756 0.00873999
757 0.00873999
758 0.00873999
759 0.00873999
760 0.00873999
761 0.00853189
762 0.00853189
763 0.00853189
764 0.00853189
765 0.00853189
766 0.00853189
767 0.00853189
768 0.00853189
769 0.0083238
770 0.0083238
771 0.0083238
772 0.0083238
773 0.0083238
774 0.0083238
775 0.0083238
776 0.0083238
777 0.0081157
778 0.0081157
779 0.0081157
780 0.0081157
781 0.0081157
782 0.0081157
783 0.0081157
784 0.0081157
785 0.00738737
786 0.00738737
787 0.00738737
788 0.00738737
789 0.00738737
790 0.00738737
791 0.00738737
792 0.00738737
793 0.00717927
794 0.00717927
795 0.00717927
796 0.00717927
797 0.00717927
798 0.00717927
799 0.00717927
800 0.00717927
801 0.00676308
802 0.00676308
803 0.00676308
804 0.00676308
805 0.00676308
806 0.00676308
807 0.00676308
808 0.00676308
809 0.00645094
810 0.00645094
811 0.00645094
812 0.00645094
813 0.00645094
814 0.00645094
815 0.00645094
816 0.00645094
817 0.0061388
818 0.0061388
819 0.0061388
820 0.0061388
821 0.0061388
822 0.0061388
823 0.0061388
824 0.0061388
825 0.0061388
826 0.0061388
827 0.0061388
828 0.0061388
829 0.0061388
830 0.0061388
831 0.0061388
832 0.0061388
833 0.0059307
834 0.0059307
835 0.0059307
836 0.0059307
837 0.0059307
838 0.0059307
839 0.0059307
840 0.0059307
841 0.00541047
842 0.00541047
843 0.00541047
844 0.00541047
845 0.00541047
846 0.00541047
847 0.00541047
848 0.00541047
849 0.00499428
850 0.00499428
851 0.00499428
852 0.00499428
853 0.00499428
854 0.00499428
855 0.00499428
856 0.00499428
857 0.00489023
858 0.00489023
859 0.00489023
860 0.00489023
861 0.00489023
862 0.00489023
863 0.00489023
864 0.00489023
865 0.00478618
866 0.00478618
867 0.00478618
868 0.00478618
869 0.00478618
870 0.00478618
871 0.00478618
872 0.00478618
873 0.00457809
874 0.00457809
875 0.00457809
876 0.00457809
877 0.00457809
878 0.00457809
879 0.00447404
880 0.00447404
881 0.00426595
882 0.00426595
883 0.00426595
884 0.00426595
885 0.00426595
886 0.00426595
887 0.00426595
888 0.00426595
889 0.0041619
890 0.0041619
891 0.0041619
892 0.0041619
893 0.0041619
894 0.0041619
895 0.0041619
896 0.0041619
897 0.00405785
898 0.00405785
899 0.00405785
900 0.00405785
901 0.00405785
902 0.00405785
903 0.00405785
904 0.00405785
905 0.0039538
906 0.0039538
907 0.0039538
908 0.0039538
909 0.0039538
910 0.0039538
911 0.0039538
912 0.0039538
913 0.00374571
914 0.00374571
915 0.00374571
916 0.00374571
917 0.00374571
918 0.00374571
919 0.00374571
920 0.00374571
921 0.00374571
922 0.00374571
923 0.00374571
924 0.00374571
925 0.00374571
926 0.00374571
927 0.00374571
928 0.00374571
929 0.00364166
930 0.00364166
931 0.00364166
932 0.00364166
933 0.00364166
934 0.00364166
935 0.00364166
936 0.00364166
937 0.00353761
938 0.00353761
939 0.00353761
940 0.00353761
941 0.00353761
942 0.00353761
943 0.00353761
944 0.00353761
945 0.00332952
946 0.00332952
947 0.00332952
948 0.00332952
949 0.00332952
950 0.00332952
951 0.00332952
952 0.00332952
953 0.00332952
954 0.00332952
955 0.00332952
956 0.00332952
957 0.00332952
958 0.00332952
959 0.00332952
960 0.00332952
961 0.00332952
962 0.00332952
963 0.00332952
964 0.00332952
965 0.00332952
966 0.00332952
967 0.00332952
968 0.00332952
969 0.00322547
970 0.00322547
971 0.00322547
972 0.00322547
973 0.00322547
974 0.00322547
975 0.00322547
976 0.00322547
977 0.00291333
978 0.00291333
979 0.00291333
980 0.00291333
981 0.00291333
982 0.00291333
983 0.00291333
984 0.00291333
985 0.00291333
986 0.00291333
987 0.00291333
988 0.00291333
989 0.00291333
990 0.00291333
991 0.00291333
992 0.00291333
993 0.00280928
994 0.00280928
995 0.00280928
996 0.00280928
997 0.00280928
998 0.00280928
999 0.00280928
1000 0.00280928
1001 0.00260119
1002 0.00260119
1003 0.00260119
1004 0.00260119
1005 0.00260119
1006 0.00260119
1007 0.00260119
1008 0.00260119
1009 0.00249714
1010 0.00249714
1011 0.00249714
1012 0.00249714
1013 0.00249714
1014 0.00249714
1015 0.00249714
1016 0.00249714
1017 0.00249714
1018 0.00249714
1019 0.00249714
1020 0.00249714
1021 0.00249714
1022 0.00249714
1023 0.00249714
1024 0.00249714
1025 0.00249714
1026 0.00249714
1027 0.00249714
1028 0.00249714
1029 0.00249714
1030 0.00249714
1031 0.00249714
1032 0.00249714
1033 0.00239309
1034 0.00239309
1035 0.00239309
1036 0.00239309
1037 0.00239309
1038 0.00239309
1039 0.00239309
1040 0.00239309
1041 0.0019769
1042 0.0019769
1043 0.0019769
1044 0.0019769
1045 0.0019769
1046 0.0019769
1047 0.0019769
1048 0.0019769
1049 0.0019769
1050 0.0019769
1051 0.0019769
1052 0.0019769
1053 0.0019769
1054 0.0019769
1055 0.0019769
1056 0.0019769
1057 0.0019769
1058 0.0019769
1059 0.0019769
1060 0.0019769
1061 0.0019769
1062 0.0019769
1063 0.0019769
1064 0.0019769
1065 0.00176881
1066 0.00176881
1067 0.00176881
1068 0.00176881
1069 0.00176881
1070 0.00176881
1071 0.00176881
1072 0.00176881
1073 0.00176881
1074 0.00176881
1075 0.00176881
1076 0.00176881
1077 0.00176881
1078 0.00176881
1079 0.00176881
1080 0.00176881
1081 0.00166476
1082 0.00166476
1083 0.00166476
1084 0.00166476
1085 0.00166476
1086 0.00166476
1087 0.00166476
1088 0.00166476
1089 0.00166476
1090 0.00166476
1091 0.00166476
1092 0.00166476
1093 0.00166476
1094 0.00166476
1095 0.00166476
1096 0.00166476
1097 0.00166476
1098 0.00166476
1099 0.00166476
1100 0.00166476
1101 0.00166476
1102 0.00166476
1103 0.00166476
1104 0.00166476
1105 0.00156071
1106 0.00156071
1107 0.00156071
1108 0.00156071
1109 0.00156071
1110 0.00156071
1111 0.00156071
1112 0.00156071
1113 0.00156071
1114 0.00156071
1115 0.00156071
1116 0.00156071
1117 0.00156071
1118 0.00156071
1119 0.00156071
1120 0.00156071
1121 0.00156071
1122 0.00156071
1123 0.00156071
1124 0.00156071
1125 0.00156071
1126 0.00156071
1127 0.00156071
1128 0.00156071
1129 0.00156071
1130 0.00156071
1131 0.00156071
1132 0.00156071
1133 0.00156071
1134 0.00156071
1135 0.00156071
1136 0.00156071
1137 0.00156071
1138 0.00156071
1139 0.00156071
1140 0.00156071
1141 0.00156071
1142 0.00156071
1143 0.00156071
1144 0.00156071
1145 0.00156071
1146 0.00156071
1147 0.00156071
1148 0.00156071
1149 0.00156071
1150 0.00156071
1151 0.00156071
1152 0.00156071
1153 0.00156071
1154 0.00156071
1155 0.00156071
1156 0.00156071
1157 0.00156071
1158 0.00156071
1159 0.00156071
1160 0.00156071
1161 0.00145666
1162 0.00145666
1163 0.00145666
1164 0.00145666
1165 0.00145666
1166 0.00145666
1167 0.00145666
1168 0.00145666
1169 0.00135262
1170 0.00135262
1171 0.00135262
1172 0.00135262
1173 0.00135262
1174 0.00135262
1175 0.00135262
1176 0.00135262
1177 0.00124857
1178 0.00124857
1179 0.00124857
1180 0.00124857
1181 0.00124857
1182 0.00124857
1183 0.00124857
1184 0.00124857
1185 0.00124857
1186 0.00124857
1187 0.00124857
1188 0.00124857
1189 0.00124857
1190 0.00124857
1191 0.00124857
1192 0.00124857
1193 0.00124857
1194 0.00124857
1195 0.00124857
1196 0.00124857
1197 0.00124857
1198 0.00124857
1199 0.00124857
1200 0.00124857
1201 0.00104047
1202 0.00104047
1203 0.00104047
1204 0.00104047
1205 0.00104047
1206 0.00104047
1207 0.00104047
1208 0.00104047
1209 0.00104047
1210 0.00104047
1211 0.00104047
1212 0.00104047
1213 0.00104047
1214 0.00104047
1215 0.00104047
1216 0.00104047
1217 0.00104047
1218 0.00104047
1219 0.00104047
1220 0.00104047
1221 0.00104047
1222 0.00104047
1223 0.00104047
1224 0.00104047
1225 0.00104047
1226 0.00104047
1227 0.00104047
1228 0.00104047
1229 0.00104047
1230 0.00104047
1231 0.00104047
1232 0.00104047
1233 0.00104047
1234 0.00104047
1235 0.00104047
1236 0.00104047
1237 0.00104047
1238 0.00104047
1239 0.00104047
1240 0.00104047
1241 0.00104047
1242 0.00104047
1243 0.00104047
1244 0.00104047
1245 0.00104047
1246 0.00104047
1247 0.00104047
1248 0.00104047
1249 0.00104047
1250 0.00104047
1251 0.00104047
1252 0.00104047
1253 0.00104047
1254 0.00104047
1255 0.00104047
1256 0.00104047
1257 0.000936427
1258 0.000936427
1259 0.000936427
1260 0.000936427
1261 0.000936427
1262 0.000936427
1263 0.000936427
1264 0.000936427
1265 0.000936427
1266 0.000936427
1267 0.000936427
1268 0.000936427
1269 0.000936427
1270 0.000936427
1271 0.000936427
1272 0.000936427
1273 0.00083238
1274 0.00083238
1275 0.00083238
1276 0.00083238
1277 0.00083238
1278 0.00083238
1279 0.00083238
1280 0.00083238
1281 0.00083238
1282 0.00083238
1283 0.00083238
1284 0.00083238
1285 0.00083238
1286 0.00083238
1287 0.00083238
1288 0.00083238
1289 0.00083238
1290 0.00083238
1291 0.00083238
1292 0.00083238
1293 0.00083238
1294 0.00083238
1295 0.00083238
1296 0.00083238
1297 0.00083238
1298 0.00083238
1299 0.00083238
1300 0.00083238
1301 0.00083238
1302 0.00083238
1303 0.00083238
1304 0.00083238
1305 0.00083238
1306 0.00083238
1307 0.00083238
1308 0.00083238
1309 0.00083238
1310 0.00083238
1311 0.00083238
1312 0.00083238
1313 0.000728332
1314 0.000728332
1315 0.000728332
1316 0.000728332
1317 0.000728332
1318 0.000728332
1319 0.000728332
1320 0.000728332
1321 0.000728332
1322 0.000728332
1323 0.000728332
1324 0.000728332
1325 0.000728332
1326 0.000728332
1327 0.000728332
1328 0.000728332
1329 0.000624285
1330 0.000624285
1331 0.000624285
1332 0.000624285
1333 0.000624285
1334 0.000624285
1335 0.000624285
1336 0.000624285
1337 0.000520237
1338 0.000520237
1339 0.000520237
1340 0.000520237
1341 0.000520237
1342 0.000520237
1343 0.000520237
1344 0.000520237
1345 0.000520237
1346 0.000520237
1347 0.000520237
1348 0.000520237
1349 0.000520237
1350 0.000520237
1351 0.000520237
1352 0.000520237
1353 0.000520237
1354 0.000520237
1355 0.000520237
1356 0.000520237
1357 0.000520237
1358 0.000520237
1359 0.000520237
1360 0.000520237
1361 0.000520237
1362 0.000520237
1363 0.000520237
1364 0.000520237
1365 0.000520237
1366 0.000520237
1367 0.000520237
1368 0.000520237
1369 0.000520237
1370 0.000520237
1371 0.000520237
1372 0.000520237
1373 0.000520237
1374 0.000520237
1375 0.000520237
1376 0.000520237
1377 0.000520237
1378 0.000520237
1379 0.000520237
1380 0.000520237
1381 0.000520237
1382 0.000520237
1383 0.000520237
1384 0.000520237
1385 0.000520237
1386 0.000520237
1387 0.000520237
1388 0.000520237
1389 0.000520237
1390 0.000520237
1391 0.000520237
1392 0.000520237
1393 0.000520237
1394 0.000520237
1395 0.000520237
1396 0.000520237
1397 0.000520237
1398 0.000520237
1399 0.000520237
1400 0.000520237
1401 0.000520237
1402 0.000520237
1403 0.000520237
1404 0.000520237
1405 0.000520237
1406 0.000520237
1407 0.000520237
1408 0.000520237
1409 0.000520237
1410 0.000520237
1411 0.000520237
1412 0.000520237
1413 0.000520237
1414 0.000520237
1415 0.000520237
1416 0.000520237
1417 0.00041619
1418 0.00041619
1419 0.00041619
1420 0.00041619
1421 0.00041619
1422 0.00041619
1423 0.00041619
1424 0.00041619
1425 0.000312142
1426 0.000312142
1427 0.000312142
1428 0.000312142
1429 0.000312142
1430 0.000312142
1431 0.000312142
1432 0.000312142
1433 0.000312142
1434 0.000312142
1435 0.000312142
1436 0.000312142
1437 0.000312142
1438 0.000312142
1439 0.000312142
1440 0.000312142
1441 0.000312142
1442 0.000312142
1443 0.000312142
1444 0.000312142
1445 0.000312142
1446 0.000312142
1447 0.000312142
1448 0.000312142
1449 0.000312142
1450 0.000312142
1451 0.000312142
1452 0.000312142
1453 0.000312142
1454 0.000312142
1455 0.000312142
1456 0.000312142
1457 0.000312142
1458 0.000312142
1459 0.000312142
1460 0.000312142
1461 0.000312142
1462 0.000312142
1463 0.000312142
1464 0.000312142
1465 0.000312142
1466 0.000312142
1467 0.000312142
1468 0.000312142
1469 0.000312142
1470 0.000312142
1471 0.000312142
1472 0.000312142
1473 0.000312142
1474 0.000312142
1475 0.000312142
1476 0.000312142
1477 0.000312142
1478 0.000312142
1479 0.000312142
1480 0.000312142
1481 0.000312142
1482 0.000312142
1483 0.000312142
1484 0.000312142
1485 0.000312142
1486 0.000312142
1487 0.000312142
1488 0.000312142
1489 0.000312142
1490 0.000312142
1491 0.000312142
1492 0.000312142
1493 0.000312142
1494 0.000312142
1495 0.000312142
1496 0.000312142
1497 0.000312142
1498 0.000312142
1499 0.000312142
1500 0.000312142
1501 0.000312142
1502 0.000312142
1503 0.000312142
1504 0.000312142
1505 0.000312142
1506 0.000312142
1507 0.000312142
1508 0.000312142
1509 0.000312142
1510 0.000312142
1511 0.000312142
1512 0.000312142
1513 0.000312142
1514 0.000312142
1515 0.000312142
1516 0.000312142
1517 0.000312142
1518 0.000312142
1519 0.000312142
1520 0.000312142
1521 0.000312142
1522 0.000312142
1523 0.000312142
1524 0.000312142
1525 0.000312142
1526 0.000312142
1527 0.000312142
1528 0.000312142
1529 0.000312142
1530 0.000312142
1531 0.000312142
1532 0.000312142
1533 0.000312142
1534 0.000312142
1535 0.000312142
1536 0.000312142
1537 0.000312142
1538 0.000312142
1539 0.000312142
1540 0.000312142
1541 0.000312142
1542 0.000312142
1543 0.000312142
1544 0.000312142
1545 0.000312142
1546 0.000312142
1547 0.000312142
1548 0.000312142
1549 0.000312142
1550 0.000312142
1551 0.000312142
1552 0.000312142
1553 0.000312142
1554 0.000312142
1555 0.000312142
1556 0.000312142
1557 0.000312142
1558 0.000312142
1559 0.000312142
1560 0.000312142
1561 0.000312142
1562 0.000312142
1563 0.000312142
1564 0.000312142
1565 0.000312142
1566 0.000312142
1567 0.000312142
1568 0.000312142
1569 0.000312142
1570 0.000312142
1571 0.000312142
1572 0.000312142
1573 0.000312142
1574 0.000312142
1575 0.000312142
1576 0.000312142
1577 0.000312142
1578 0.000312142
1579 0.000312142
1580 0.000312142
1581 0.000312142
1582 0.000312142
1583 0.000312142
1584 0.000312142
1585 0.000312142
1586 0.000312142
1587 0.000312142
1588 0.000312142
1589 0.000312142
1590 0.000312142
1591 0.000312142
1592 0.000312142
1593 0.000312142
1594 0.000312142
1595 0.000312142
1596 0.000312142
1597 0.000312142
1598 0.000312142
1599 0.000312142
1600 0.000312142
1601 0.000312142
1602 0.000312142
1603 0.000312142
1604 0.000312142
1605 0.000312142
1606 0.000312142
1607 0.000312142
1608 0.000312142
1609 0.000312142
1610 0.000312142
1611 0.000312142
1612 0.000312142
1613 0.000312142
1614 0.000312142
1615 0.000312142
1616 0.000312142
1617 0.000312142
1618 0.000312142
1619 0.000312142
1620 0.000312142
1621 0.000312142
1622 0.000312142
1623 0.000312142
1624 0.000312142
1625 0.000312142
1626 0.000312142
1627 0.000312142
1628 0.000312142
1629 0.000312142
1630 0.000312142
1631 0.000312142
1632 0.000312142
1633 0.000312142
1634 0.000312142
1635 0.000312142
1636 0.000312142
1637 0.000312142
1638 0.000312142
1639 0.000312142
1640 0.000312142
1641 0.000208095
1642 0.000208095
1643 0.000208095
1644 0.000208095
1645 0.000208095
1646 0.000208095
1647 0.000208095
1648 0.000208095
1649 0.000208095
1650 0.000208095
1651 0.000208095
1652 0.000208095
1653 0.000208095
1654 0.000208095
1655 0.000208095
1656 0.000208095
1657 0.000208095
1658 0.000208095
1659 0.000208095
1660 0.000208095
1661 0.000208095
1662 0.000208095
1663 0.000208095
1664 0.000208095
1665 0.000208095
1666 0.000208095
1667 0.000208095
1668 0.000208095
1669 0.000208095
1670 0.000208095
1671 0.000208095
1672 0.000208095
1673 0.000208095
1674 0.000208095
1675 0.000208095
1676 0.000208095
1677 0.000208095
1678 0.000208095
1679 0.000208095
1680 0.000208095
1681 0.000208095
1682 0.000208095
1683 0.000208095
1684 0.000208095
1685 0.000208095
1686 0.000208095
1687 0.000208095
1688 0.000208095
1689 0.000208095
1690 0.000208095
1691 0.000208095
1692 0.000208095
1693 0.000208095
1694 0.000208095
1695 0.000208095
1696 0.000208095
1697 0.000208095
1698 0.000208095
1699 0.000208095
1700 0.000208095
1701 0.000208095
1702 0.000208095
1703 0.000208095
1704 0.000208095
1705 0.000208095
1706 0.000208095
1707 0.000208095
1708 0.000208095
1709 0.000208095
1710 0.000208095
1711 0.000208095
1712 0.000208095
1713 0.000208095
1714 0.000208095
1715 0.000208095
1716 0.000208095
1717 0.000208095
1718 0.000208095
1719 0.000208095
1720 0.000208095
1721 0.000208095
1722 0.000208095
1723 0.000208095
1724 0.000208095
1725 0.000208095
1726 0.000208095
1727 0.000208095
1728 0.000208095
1729 0.000208095
1730 0.000208095
1731 0.000208095
1732 0.000208095
1733 0.000208095
1734 0.000208095
1735 0.000208095
1736 0.000208095
1737 0.000208095
1738 0.000208095
1739 0.000208095
1740 0.000208095
1741 0.000208095
1742 0.000208095
1743 0.000208095
1744 0.000208095
1745 0.000208095
1746 0.000208095
1747 0.000208095
1748 0.000208095
1749 0.000208095
1750 0.000208095
1751 0.000208095
1752 0.000208095
1753 0.000208095
1754 0.000208095
1755 0.000208095
1756 0.000208095
1757 0.000208095
1758 0.000208095
1759 0.000208095
1760 0.000208095
1761 0.000208095
1762 0.000208095
1763 0.000208095
1764 0.000208095
1765 0.000208095
1766 0.000208095
1767 0.000208095
1768 0.000208095
1769 0.000104047
1770 0.000104047
1771 0.000104047
1772 0.000104047
1773 0.000104047
1774 0.000104047
1775 0.000104047
1776 0.000104047
1777 0.000104047
1778 0.000104047
1779 0.000104047
1780 0.000104047
1781 0.000104047
1782 0.000104047
1783 0.000104047
1784 0.000104047
1785 0.000104047
1786 0.000104047
1787 0.000104047
1788 0.000104047
1789 0.000104047
1790 0.000104047
1791 0.000104047
1792 0.000104047
1793 0.000104047
1794 0.000104047
1795 0.000104047
1796 0.000104047
1797 0.000104047
1798 0.000104047
1799 0.000104047
1800 0.000104047
1801 0.000104047
1802 0.000104047
1803 0.000104047
1804 0.000104047
1805 0.000104047
1806 0.000104047
1807 0.000104047
1808 0.000104047
1809 0.000104047
1810 0.000104047
1811 0.000104047
1812 0.000104047
1813 0.000104047
1814 0.000104047
1815 0.000104047
1816 0.000104047
1817 0.000104047
1818 0.000104047
1819 0.000104047
1820 0.000104047
1821 0.000104047
1822 0.000104047
1823 0.000104047
1824 0.000104047
1825 0.000104047
1826 0.000104047
1827 0.000104047
1828 0.000104047
1829 0.000104047
1830 0.000104047
1831 0.000104047
1832 0.000104047
1833 0.000104047
1834 0.000104047
1835 0.000104047
1836 0.000104047
1837 0.000104047
1838 0.000104047
1839 0.000104047
1840 0.000104047
1841 0.000104047
1842 0.000104047
1843 0.000104047
1844 0.000104047
1845 0.000104047
1846 0.000104047
1847 0.000104047
1848 0.000104047
1849 0.000104047
1850 0.000104047
1851 0.000104047
1852 0.000104047
1853 0.000104047
1854 0.000104047
1855 0.000104047
1856 0.000104047
1857 0.000104047
1858 0.000104047
1859 0.000104047
1860 0.000104047
1861 0.000104047
1862 0.000104047
1863 0.000104047
1864 0.000104047
1865 0.000104047
1866 0.000104047
1867 0.000104047
1868 0.000104047
1869 0.000104047
1870 0.000104047
1871 0.000104047
1872 0.000104047
1873 0.000104047
1874 0.000104047
1875 0.000104047
1876 0.000104047
1877 0.000104047
1878 0.000104047
1879 0.000104047
1880 0.000104047
1881 0.000104047
1882 0.000104047
1883 0.000104047
1884 0.000104047
1885 0.000104047
1886 0.000104047
1887 0.000104047
1888 0.000104047
1889 0.000104047
1890 0.000104047
1891 0.000104047
1892 0.000104047
1893 0.000104047
1894 0.000104047
1895 0.000104047
1896 0.000104047
1897 0.000104047
1898 0.000104047
1899 0.000104047
1900 0.000104047
1901 0.000104047
1902 0.000104047
1903 0.000104047
1904 0.000104047
1905 0.000104047
1906 0.000104047
1907 0.000104047
1908 0.000104047
1909 0.000104047
1910 0.000104047
1911 0.000104047
1912 0.000104047
1913 0.000104047
1914 0.000104047
1915 0.000104047
1916 0.000104047
1917 0.000104047
1918 0.000104047
1919 0.000104047
1920 0.000104047
1921 0.000104047
1922 0.000104047
1923 0.000104047
1924 0.000104047
1925 0.000104047
1926 0.000104047
1927 0.000104047
1928 0.000104047
1929 0.000104047
1930 0.000104047
1931 0.000104047
1932 0.000104047
1933 0.000104047
1934 0.000104047
1935 0.000104047
1936 0.000104047
1937 0.000104047
1938 0.000104047
1939 0.000104047
1940 0.000104047
1941 0.000104047
1942 0.000104047
1943 0.000104047
1944 0.000104047
1945 0.000104047
1946 0.000104047
1947 0.000104047
1948 0.000104047
1949 0.000104047
1950 0.000104047
1951 0.000104047
1952 0.000104047
1953 0.000104047
1954 0.000104047
1955 0.000104047
1956 0.000104047
1957 0.000104047
1958 0.000104047
1959 0.000104047
1960 0.000104047
1961 0.000104047
1962 0.000104047
1963 0.000104047
1964 0.000104047
1965 0.000104047
1966 0.000104047
1967 0.000104047
1968 0.000104047
1969 0.000104047
1970 0.000104047
1971 0.000104047
1972 0.000104047
1973 0.000104047
1974 0.000104047
1975 0.000104047
1976 0.000104047
1977 0.000104047
1978 0.000104047
1979 0.000104047
1980 0.000104047
1981 0.000104047
1982 0.000104047
1983 0.000104047
1984 0.000104047
1985 0.000104047
1986 0.000104047
1987 0.000104047
1988 0.000104047
1989 0.000104047
1990 0.000104047
1991 0.000104047
1992 0.000104047
1993 0.000104047
1994 0.000104047
1995 0.000104047
1996 0.000104047
1997 0.000104047
1998 0.000104047
1999 0.000104047
2000 0.000104047
2001 0.000104047
2002 0.000104047
2003 0.000104047
2004 0.000104047
2005 0.000104047
2006 0.000104047
2007 0.000104047
2008 0.000104047
2009 0.000104047
2010 0.000104047
2011 0.000104047
2012 0.000104047
2013 0.000104047
2014 0.000104047
2015 0.000104047
2016 0.000104047
