0 1
1 1
2 1
3 1
4 1
5 1
6 1
7 0.999977
8 0.999977
9 0.909188
10 0.909188
11 0.909188
12 0.909188
13 0.909188
14 0.909188
15 0.909142
16 0.909142
17 0.862665
18 0.862665
19 0.862665
20 0.862665
21 0.862665
22 0.862665
23 0.862549
24 0.862549
25 0.820913
26 0.820913
27 0.820913
28 0.820913
29 0.820913
30 0.820913
31 0.820843
32 0.820843
33 0.783886
34 0.783886
35 0.783886
36 0.783886
37 0.783886
38 0.783886
39 0.783746
40 0.783746
41 0.748929
42 0.748929
43 0.748929
44 0.748929
45 0.748929
46 0.748929
47 0.748767
48 0.748767
49 0.715672
50 0.715672
51 0.715672
52 0.715672
53 0.715672
54 0.715672
55 0.715626
56 0.715626
57 0.686604
58 0.686604
59 0.686604
60 0.686604
61 0.686604
62 0.686604
63 0.686418
64 0.686418
65 0.655534
66 0.655534
67 0.655534
68 0.655534
69 0.655534
70 0.655534
71 0.655511
72 0.655511
73 0.628258
74 0.628258
75 0.628258
76 0.628258
77 0.628258
78 0.628258
79 0.628072
80 0.628072
81 0.600842
82 0.600842
83 0.600842
84 0.600842
85 0.600842
86 0.600842
87 0.600749
88 0.600749
89 0.575382
90 0.575382
91 0.575382
92 0.575382
93 0.575382
94 0.575382
95 0.575289
96 0.575289
97 0.551108
98 0.551108
99 0.551108
100 0.551108
101 0.551108
102 0.551108
103 0.551015
104 0.551015
105 0.528556
106 0.528556
107 0.528556
108 0.528556
109 0.528556
110 0.528556
111 0.528393
112 0.528393
113 0.507145
114 0.507145
115 0.507145
116 0.507145
117 0.507145
118 0.507145
119 0.506866
120 0.506866
121 0.486502
122 0.486502
123 0.486502
124 0.486502
125 0.486502
126 0.486502
127 0.486385
128 0.486385
129 0.467674
130 0.467674
131 0.467674
132 0.467674
133 0.467674
134 0.467674
135 0.467557
136 0.467557
137 0.449777
138 0.449777
139 0.449777
140 0.449777
141 0.449777
142 0.449777
143 0.449707
144 0.449707
145 0.432298
146 0.432298
147 0.432298
148 0.432298
149 0.432298
150 0.432298
151 0.432275
152 0.432275
153 0.416426
154 0.416426
155 0.416426
156 0.416426
157 0.416426
158 0.416426
159 0.416356
160 0.416356
161 0.399739
162 0.399739
163 0.399739
164 0.399739
165 0.399739
166 0.399739
167 0.39967
168 0.39967
169 0.384356
170 0.384356
171 0.384356
172 0.384356
173 0.384356
174 0.384356
175 0.384263
176 0.384263
177 0.369461
178 0.369461
179 0.369461
180 0.369461
181 0.369461
182 0.369461
183 0.369414
184 0.369414
185 0.355613
186 0.355613
187 0.355613
188 0.355613
189 0.355613
190 0.355613
191 0.35559
192 0.35559
193 0.341696
194 0.341696
195 0.341696
196 0.341696
197 0.341696
198 0.341696
199 0.341557
200 0.341557
201 0.32857
202 0.32857
203 0.32857
204 0.32857
205 0.32857
206 0.32857
207 0.328547
208 0.328547
209 0.317166
210 0.317166
211 0.317166
212 0.317166
213 0.317166
214 0.317166
215 0.31705
216 0.31705
217 0.306228
218 0.306228
219 0.306228
220 0.306228
221 0.306228
222 0.306228
223 0.306088
224 0.306088
225 0.295057
226 0.295057
227 0.295057
228 0.295057
229 0.295057
230 0.295057
231 0.295034
232 0.295034
233 0.284537
234 0.284537
235 0.284537
236 0.284537
237 0.284537
238 0.284537
239 0.284468
240 0.284468
241 0.275158
242 0.275158
243 0.275158
244 0.275158
245 0.275158
246 0.275158
247 0.275135
248 0.275135
249 0.265942
250 0.265942
251 0.265942
252 0.265942
253 0.265942
254 0.265942
255 0.265919
256 0.265919
257 0.256982
258 0.256982
259 0.256982
260 0.256982
261 0.256982
262 0.256982
263 0.256912
264 0.256912
265 0.248604
266 0.248604
267 0.248604
268 0.248604
269 0.248604
270 0.248604
271 0.248511
272 0.248511
273 0.240295
274 0.240295
275 0.240295
276 0.240295
277 0.240295
278 0.240295
279 0.240295
280 0.240295
281 0.232778
282 0.232778
283 0.232778
284 0.232778
285 0.232778
286 0.232778
287 0.232731
288 0.232731
289 0.225005
290 0.225005
291 0.225005
292 0.225005
293 0.225005
294 0.225005
295 0.224935
296 0.224935
297 0.217138
298 0.217138
299 0.217138
300 0.217138
301 0.217138
302 0.217138
303 0.217092
304 0.217092
305 0.210296
306 0.210296
307 0.210296
308 0.210296
309 0.210296
310 0.210296
311 0.21018
312 0.21018
313 0.202825
314 0.202825
315 0.202825
316 0.202825
317 0.202825
318 0.202825
319 0.202732
320 0.202732
321 0.196565
322 0.196565
323 0.196565
324 0.196565
325 0.196565
326 0.196565
327 0.196495
328 0.196495
329 0.189979
330 0.189979
331 0.189979
332 0.189979
333 0.189979
334 0.189979
335 0.189932
336 0.189932
337 0.184579
338 0.184579
339 0.184579
340 0.184579
341 0.184579
342 0.184579
343 0.184533
344 0.184533
345 0.178691
346 0.178691
347 0.178691
348 0.178691
349 0.178691
350 0.178691
351 0.178575
352 0.178575
353 0.173175
354 0.173175
355 0.173175
356 0.173175
357 0.173175
358 0.173175
359 0.173152
360 0.173152
361 0.167985
362 0.167985
363 0.167985
364 0.167985
365 0.167985
366 0.167985
367 0.167939
368 0.167939
369 0.163377
370 0.163377
371 0.163377
372 0.163377
373 0.163377
374 0.163377
375 0.163377
376 0.163377
377 0.159188
378 0.159188
379 0.159188
380 0.159188
381 0.159188
382 0.159188
383 0.159118
384 0.159118
385 0.154347
386 0.154347
387 0.154347
388 0.154347
389 0.154347
390 0.154347
391 0.154324
392 0.154324
393 0.14953
394 0.14953
395 0.14953
396 0.14953
397 0.14953
398 0.14953
399 0.149483
400 0.149483
401 0.145201
402 0.145201
403 0.145201
404 0.145201
405 0.145201
406 0.145201
407 0.145155
408 0.145155
409 0.140849
410 0.140849
411 0.140849
412 0.140849
413 0.140849
414 0.140849
415 0.140779
416 0.140779
417 0.136939
418 0.136939
419 0.136939
420 0.136939
421 0.136939
422 0.136939
423 0.136846
424 0.136846
425 0.132959
426 0.132959
427 0.132959
428 0.132959
429 0.132959
430 0.132959
431 0.13289
432 0.13289
433 0.129585
434 0.129585
435 0.129585
436 0.129585
437 0.129585
438 0.129585
439 0.129562
440 0.129562
441 0.12621
442 0.12621
443 0.12621
444 0.12621
445 0.12621
446 0.12621
447 0.12614
448 0.12614
449 0.122626
450 0.122626
451 0.122626
452 0.122626
453 0.122626
454 0.122626
455 0.12251
456 0.12251
457 0.119252
458 0.119252
459 0.119252
460 0.119252
461 0.119252
462 0.119252
463 0.119182
464 0.119182
465 0.116342
466 0.116342
467 0.116342
468 0.116342
469 0.116342
470 0.116342
471 0.116249
472 0.116249
473 0.11327
474 0.11327
475 0.11327
476 0.11327
477 0.11327
478 0.11327
479 0.113201
480 0.113201
481 0.110757
482 0.110757
483 0.110757
484 0.110757
485 0.110757
486 0.110757
487 0.110734
488 0.110734
489 0.107941
490 0.107941
491 0.107941
492 0.107941
493 0.107941
494 0.107941
495 0.107918
496 0.107918
497 0.105195
498 0.105195
499 0.105195
500 0.105195
501 0.105195
502 0.105195
503 0.105171
504 0.105171
505 0.102518
506 0.102518
507 0.102518
508 0.102518
509 0.102518
510 0.102518
511 0.102518
512 0.102518
513 0.0999814
514 0.0999814
515 0.0999814
516 0.0999814
517 0.0999814
518 0.0999814
519 0.0999348
520 0.0999348
521 0.0972817
522 0.0972817
523 0.0972817
524 0.0972817
525 0.0972817
526 0.0972817
527 0.0972119
528 0.0972119
529 0.0952104
530 0.0952104
531 0.0952104
532 0.0952104
533 0.0952104
534 0.0952104
535 0.0952104
536 0.0952104
537 0.09279
538 0.09279
539 0.09279
540 0.09279
541 0.09279
542 0.09279
543 0.09279
544 0.09279
545 0.0901834
546 0.0901834
547 0.0901834
548 0.0901834
549 0.0901834
550 0.0901834
551 0.0901601
552 0.0901601
553 0.0879957
554 0.0879957
555 0.0879957
556 0.0879957
557 0.0879957
558 0.0879957
559 0.0879492
560 0.0879492
561 0.0859942
562 0.0859942
563 0.0859942
564 0.0859942
565 0.0859942
566 0.0859942
567 0.085971
568 0.085971
569 0.0835971
570 0.0835971
571 0.0835971
572 0.0835971
573 0.0835971
574 0.0835971
575 0.0835506
576 0.0835506
577 0.081712
578 0.081712
579 0.081712
580 0.081712
581 0.081712
582 0.081712
583 0.081712
584 0.081712
585 0.079757
586 0.079757
587 0.079757
588 0.079757
589 0.079757
590 0.079757
591 0.0797105
592 0.0797105
593 0.0773599
594 0.0773599
595 0.0773599
596 0.0773599
597 0.0773599
598 0.0773599
599 0.0773599
600 0.0773599
601 0.0753119
602 0.0753119
603 0.0753119
604 0.0753119
605 0.0753119
606 0.0753119
607 0.0753119
608 0.0753119
609 0.0730544
610 0.0730544
611 0.0730544
612 0.0730544
613 0.0730544
614 0.0730544
615 0.0730078
616 0.0730078
617 0.0715183
618 0.0715183
619 0.0715183
620 0.0715183
621 0.0715183
622 0.0715183
623 0.0714485
624 0.0714485
625 0.0698427
626 0.0698427
627 0.0698427
628 0.0698427
629 0.0698427
630 0.0698427
631 0.0698194
632 0.0698194
633 0.0682601
634 0.0682601
635 0.0682601
636 0.0682601
637 0.0682601
638 0.0682601
639 0.0682368
640 0.0682368
641 0.0666077
642 0.0666077
643 0.0666077
644 0.0666077
645 0.0666077
646 0.0666077
647 0.0665844
648 0.0665844
649 0.0650019
650 0.0650019
651 0.0650019
652 0.0650019
653 0.0650019
654 0.0650019
655 0.0649786
656 0.0649786
657 0.0635357
658 0.0635357
659 0.0635357
660 0.0635357
661 0.0635357
662 0.0635357
663 0.0635124
664 0.0635124
665 0.0620229
666 0.0620229
667 0.0620229
668 0.0620229
669 0.0620229
670 0.0620229
671 0.0619764
672 0.0619764
673 0.0602774
674 0.0602774
675 0.0602774
676 0.0602774
677 0.0602774
678 0.0602774
679 0.0602774
680 0.0602774
681 0.0586716
682 0.0586716
683 0.0586716
684 0.0586716
685 0.0586716
686 0.0586716
687 0.0586716
688 0.0586716
689 0.0571821
690 0.0571821
691 0.0571821
692 0.0571821
693 0.0571821
694 0.0571821
695 0.0571588
696 0.0571588
697 0.0557857
698 0.0557857
699 0.0557857
700 0.0557857
701 0.0557857
702 0.0557857
703 0.0557857
704 0.0557857
705 0.0542031
706 0.0542031
707 0.0542031
708 0.0542031
709 0.0542031
710 0.0542031
711 0.0542031
712 0.0542031
713 0.0530162
714 0.0530162
715 0.0530162
716 0.0530162
717 0.0530162
718 0.0530162
719 0.0529929
720 0.0529929
721 0.0514802
722 0.0514802
723 0.0514802
724 0.0514802
725 0.0514802
726 0.0514802
727 0.0514802
728 0.0514802
729 0.0502932
730 0.0502932
731 0.0502932
732 0.0502932
733 0.0502932
734 0.0502932
735 0.0502932
736 0.0502932
737 0.0491761
738 0.0491761
739 0.0491761
740 0.0491761
741 0.0491761
742 0.0491761
743 0.0491761
744 0.0491761
745 0.0479659
746 0.0479659
747 0.0479659
748 0.0479659
749 0.0479659
750 0.0479659
751 0.0479659
752 0.0479659
753 0.047035
754 0.047035
755 0.047035
756 0.047035
757 0.047035
758 0.047035
759 0.047035
760 0.047035
761 0.0461041
762 0.0461041
763 0.0461041
764 0.0461041
765 0.0461041
766 0.0461041
767 0.0460808
768 0.0460808
769 0.0448706
770 0.0448706
771 0.0448706
772 0.0448706
773 0.0448706
774 0.0448706
775 0.0448473
776 0.0448473
777 0.0439164
778 0.0439164
779 0.0439164
780 0.0439164
781 0.0439164
782 0.0439164
783 0.0438931
784 0.0438931
785 0.0428924
786 0.0428924
787 0.0428924
788 0.0428924
789 0.0428924
790 0.0428924
791 0.0428924
792 0.0428924
793 0.0418684
794 0.0418684
795 0.0418684
796 0.0418684
797 0.0418684
798 0.0418684
799 0.0418218
800 0.0418218
801 0.0407745
802 0.0407745
803 0.0407745
804 0.0407745
805 0.0407745
806 0.0407745
807 0.0407513
808 0.0407513
809 0.0399134
810 0.0399134
811 0.0399134
812 0.0399134
813 0.0399134
814 0.0399134
815 0.0399134
816 0.0399134
817 0.0388894
818 0.0388894
819 0.0388894
820 0.0388894
821 0.0388894
822 0.0388894
823 0.0388661
824 0.0388661
825 0.0378887
826 0.0378887
827 0.0378887
828 0.0378887
829 0.0378887
830 0.0378887
831 0.0378188
832 0.0378188
833 0.0371206
834 0.0371206
835 0.0371206
836 0.0371206
837 0.0371206
838 0.0371206
839 0.0371206
840 0.0371206
841 0.0363526
842 0.0363526
843 0.0363526
844 0.0363526
845 0.0363526
846 0.0363526
847 0.0363526
848 0.0363526
849 0.0354915
850 0.0354915
851 0.0354915
852 0.0354915
853 0.0354915
854 0.0354915
855 0.0354683
856 0.0354683
857 0.0347701
858 0.0347701
859 0.0347701
860 0.0347701
861 0.0347701
862 0.0347701
863 0.0347468
864 0.0347468
865 0.034165
866 0.034165
867 0.034165
868 0.034165
869 0.034165
870 0.034165
871 0.034165
872 0.034165
873 0.0332806
874 0.0332806
875 0.0332806
876 0.0332806
877 0.0332806
878 0.0332806
879 0.0332806
880 0.0332806
881 0.0326522
882 0.0326522
883 0.0326522
884 0.0326522
885 0.0326522
886 0.0326522
887 0.0326522
888 0.0326522
889 0.0320006
890 0.0320006
891 0.0320006
892 0.0320006
893 0.0320006
894 0.0320006
895 0.0320006
896 0.0320006
897 0.031442
898 0.031442
899 0.031442
900 0.031442
901 0.031442
902 0.031442
903 0.031442
904 0.031442
905 0.0308602
906 0.0308602
907 0.0308602
908 0.0308602
909 0.0308602
910 0.0308602
911 0.0308136
912 0.0308136
913 0.0301387
914 0.0301387
915 0.0301387
916 0.0301387
917 0.0301387
918 0.0301387
919 0.0301154
920 0.0301154
921 0.0295336
922 0.0295336
923 0.0295336
924 0.0295336
925 0.0295336
926 0.0295336
927 0.0294405
928 0.0294405
929 0.0287889
930 0.0287889
931 0.0287889
932 0.0287889
933 0.0287889
934 0.0287889
935 0.0287889
936 0.0287889
937 0.0281605
938 0.0281605
939 0.0281605
940 0.0281605
941 0.0281605
942 0.0281605
943 0.0281605
944 0.0281605
945 0.0275554
946 0.0275554
947 0.0275554
948 0.0275554
949 0.0275554
950 0.0275554
951 0.0275321
952 0.0275321
953 0.026927
954 0.026927
955 0.026927
956 0.026927
957 0.026927
958 0.026927
959 0.0268805
960 0.0268805
961 0.0263685
962 0.0263685
963 0.0263685
964 0.0263685
965 0.0263685
966 0.0263685
967 0.0263685
968 0.0263685
969 0.0258797
970 0.0258797
971 0.0258797
972 0.0258797
973 0.0258797
974 0.0258797
975 0.0258565
976 0.0258565
977 0.0254841
978 0.0254841
979 0.0254841
980 0.0254841
981 0.0254841
982 0.0254841
983 0.0254841
984 0.0254841
985 0.024879
986 0.024879
987 0.024879
988 0.024879
989 0.024879
990 0.024879
991 0.024879
992 0.024879
993 0.0244135
994 0.0244135
995 0.0244135
996 0.0244135
997 0.0244135
998 0.0244135
999 0.0244135
1000 0.0244135
1001 0.0238317
1002 0.0238317
1003 0.0238317
1004 0.0238317
1005 0.0238317
1006 0.0238317
1007 0.0237851
1008 0.0237851
1009 0.0231102
1010 0.0231102
1011 0.0231102
1012 0.0231102
1013 0.0231102
1014 0.0231102
1015 0.0231102
1016 0.0231102
1017 0.0226448
1018 0.0226448
1019 0.0226448
1020 0.0226448
1021 0.0226448
1022 0.0226448
1023 0.0226448
1024 0.0226448
1025 0.0221095
1026 0.0221095
1027 0.0221095
1028 0.0221095
1029 0.0221095
1030 0.0221095
1031 0.0221095
1032 0.0221095
1033 0.0216673
1034 0.0216673
1035 0.0216673
1036 0.0216673
1037 0.0216673
1038 0.0216673
1039 0.021644
1040 0.021644
1041 0.0211786
1042 0.0211786
1043 0.0211786
1044 0.0211786
1045 0.0211786
1046 0.0211786
1047 0.0211553
1048 0.0211553
1049 0.0206665
1050 0.0206665
1051 0.0206665
1052 0.0206665
1053 0.0206665
1054 0.0206665
1055 0.0206665
1056 0.0206665
1057 0.0203407
1058 0.0203407
1059 0.0203407
1060 0.0203407
1061 0.0203407
1062 0.0203407
1063 0.0203407
1064 0.0203407
1065 0.0199451
1066 0.0199451
1067 0.0199451
1068 0.0199451
1069 0.0199451
1070 0.0199451
1071 0.0198985
1072 0.0198985
1073 0.0195727
1074 0.0195727
1075 0.0195727
1076 0.0195727
1077 0.0195727
1078 0.0195727
1079 0.0195727
1080 0.0195727
1081 0.0193167
1082 0.0193167
1083 0.0193167
1084 0.0193167
1085 0.0193167
1086 0.0193167
1087 0.0192934
1088 0.0192934
1089 0.0189676
1090 0.0189676
1091 0.0189676
1092 0.0189676
1093 0.0189676
1094 0.0189676
1095 0.0189676
1096 0.0189676
1097 0.018572
1098 0.018572
1099 0.018572
1100 0.018572
1101 0.018572
1102 0.018572
1103 0.018572
1104 0.018572
1105 0.018153
1106 0.018153
1107 0.018153
1108 0.018153
1109 0.018153
1110 0.018153
1111 0.018153
1112 0.018153
1113 0.0177807
1114 0.0177807
1115 0.0177807
1116 0.0177807
1117 0.0177807
1118 0.0177807
1119 0.0177807
1120 0.0177807
1121 0.0175014
1122 0.0175014
1123 0.0175014
1124 0.0175014
1125 0.0175014
1126 0.0175014
1127 0.0175014
1128 0.0175014
1129 0.0170825
1130 0.0170825
1131 0.0170825
1132 0.0170825
1133 0.0170825
1134 0.0170825
1135 0.0170825
1136 0.0170825
1137 0.0167334
1138 0.0167334
1139 0.0167334
1140 0.0167334
1141 0.0167334
1142 0.0167334
1143 0.0167101
1144 0.0167101
1145 0.0163377
1146 0.0163377
1147 0.0163377
1148 0.0163377
1149 0.0163377
1150 0.0163377
1151 0.0163377
1152 0.0163377
1153 0.0161283
1154 0.0161283
1155 0.0161283
1156 0.0161283
1157 0.0161283
1158 0.0161283
1159 0.0161283
1160 0.0161283
1161 0.0158025
1162 0.0158025
1163 0.0158025
1164 0.0158025
1165 0.0158025
1166 0.0158025
1167 0.0157792
1168 0.0157792
1169 0.0154534
1170 0.0154534
1171 0.0154534
1172 0.0154534
1173 0.0154534
1174 0.0154534
1175 0.0154534
1176 0.0154534
1177 0.0152904
1178 0.0152904
1179 0.0152904
1180 0.0152904
1181 0.0152904
1182 0.0152904
1183 0.0152904
1184 0.0152904
1185 0.0151043
1186 0.0151043
1187 0.0151043
1188 0.0151043
1189 0.0151043
1190 0.0151043
1191 0.0151043
1192 0.0151043
1193 0.0148715
1194 0.0148715
1195 0.0148715
1196 0.0148715
1197 0.0148715
1198 0.0148715
1199 0.0148715
1200 0.0148715
1201 0.0144293
1202 0.0144293
1203 0.0144293
1204 0.0144293
1205 0.0144293
1206 0.0144293
1207 0.0144293
1208 0.0144293
1209 0.0141733
1210 0.0141733
1211 0.0141733
1212 0.0141733
1213 0.0141733
1214 0.0141733
1215 0.0141501
1216 0.0141501
1217 0.0138242
1218 0.0138242
1219 0.0138242
1220 0.0138242
1221 0.0138242
1222 0.0138242
1223 0.0138242
1224 0.0138242
1225 0.0135915
1226 0.0135915
1227 0.0135915
1228 0.0135915
1229 0.0135915
1230 0.0135915
1231 0.0135915
1232 0.0135915
1233 0.0132657
1234 0.0132657
1235 0.0132657
1236 0.0132657
1237 0.0132657
1238 0.0132657
1239 0.0132657
1240 0.0132657
1241 0.0130097
1242 0.0130097
1243 0.0130097
1244 0.0130097
1245 0.0130097
1246 0.0130097
1247 0.0130097
1248 0.0130097
1249 0.0128002
1250 0.0128002
1251 0.0128002
1252 0.0128002
1253 0.0128002
1254 0.0128002
1255 0.012777
1256 0.012777
1257 0.0126373
1258 0.0126373
1259 0.0126373
1260 0.0126373
1261 0.0126373
1262 0.0126373
1263 0.0126373
1264 0.0126373
1265 0.0124744
1266 0.0124744
1267 0.0124744
1268 0.0124744
1269 0.0124744
1270 0.0124744
1271 0.0124511
1272 0.0124511
1273 0.0123115
1274 0.0123115
1275 0.0123115
1276 0.0123115
1277 0.0123115
1278 0.0123115
1279 0.0123115
1280 0.0123115
1281 0.0120089
1282 0.0120089
1283 0.0120089
1284 0.0120089
1285 0.0120089
1286 0.0120089
1287 0.0120089
1288 0.0120089
1289 0.0117995
1290 0.0117995
1291 0.0117995
1292 0.0117995
1293 0.0117995
1294 0.0117995
1295 0.0117995
1296 0.0117995
1297 0.0115667
1298 0.0115667
1299 0.0115667
1300 0.0115667
1301 0.0115667
1302 0.0115667
1303 0.0115667
1304 0.0115667
1305 0.0112409
1306 0.0112409
1307 0.0112409
1308 0.0112409
1309 0.0112409
1310 0.0112409
1311 0.0112409
1312 0.0112409
1313 0.0109849
1314 0.0109849
1315 0.0109849
1316 0.0109849
1317 0.0109849
1318 0.0109849
1319 0.0109849
1320 0.0109849
1321 0.0107987
1322 0.0107987
1323 0.0107987
1324 0.0107987
1325 0.0107987
1326 0.0107987
1327 0.0107987
1328 0.0107987
1329 0.0107755
1330 0.0107755
1331 0.0107755
1332 0.0107755
1333 0.0107755
1334 0.0107755
1335 0.0107289
1336 0.0107289
1337 0.0104962
1338 0.0104962
1339 0.0104962
1340 0.0104962
1341 0.0104962
1342 0.0104962
1343 0.0104962
1344 0.0104962
1345 0.0102402
1346 0.0102402
1347 0.0102402
1348 0.0102402
1349 0.0102402
1350 0.0102402
1351 0.0102169
1352 0.0102169
1353 0.0100773
1354 0.0100773
1355 0.0100773
1356 0.0100773
1357 0.0100773
1358 0.0100773
1359 0.0100773
1360 0.0100773
1361 0.00982126
1362 0.00982126
1363 0.00982126
1364 0.00982126
1365 0.00982126
1366 0.00982126
1367 0.00982126
1368 0.00982126
1369 0.00965835
1370 0.00965835
1371 0.00965835
1372 0.00965835
1373 0.00965835
1374 0.00965835
1375 0.00965835
1376 0.00965835
1377 0.00951871
1378 0.00951871
1379 0.00951871
1380 0.00951871
1381 0.00951871
1382 0.00951871
1383 0.00951871
1384 0.00951871
1385 0.0093558
1386 0.0093558
1387 0.0093558
1388 0.0093558
1389 0.0093558
1390 0.0093558
1391 0.0093558
1392 0.0093558
1393 0.00912307
1394 0.00912307
1395 0.00912307
1396 0.00912307
1397 0.00912307
1398 0.00912307
1399 0.00912307
1400 0.00912307
1401 0.00898343
1402 0.00898343
1403 0.00898343
1404 0.00898343
1405 0.00898343
1406 0.00898343
1407 0.00898343
1408 0.00898343
1409 0.00884379
1410 0.00884379
1411 0.00884379
1412 0.00884379
1413 0.00884379
1414 0.00884379
1415 0.00884379
1416 0.00884379
1417 0.00870415
1418 0.00870415
1419 0.00870415
1420 0.00870415
1421 0.00870415
1422 0.00870415
1423 0.00870415
1424 0.00870415
1425 0.00844815
1426 0.00844815
1427 0.00844815
1428 0.00844815
1429 0.00844815
1430 0.00844815
1431 0.00842487
1432 0.00842487
1433 0.00828524
1434 0.00828524
1435 0.00828524
1436 0.00828524
1437 0.00828524
1438 0.00828524
1439 0.00828524
1440 0.00828524
1441 0.00823869
1442 0.00823869
1443 0.00823869
1444 0.00823869
1445 0.00823869
1446 0.00823869
1447 0.00823869
1448 0.00823869
1449 0.00809905
1450 0.00809905
1451 0.00809905
1452 0.00809905
1453 0.00809905
1454 0.00809905
1455 0.00809905
1456 0.00809905
1457 0.00791287
1458 0.00791287
1459 0.00791287
1460 0.00791287
1461 0.00791287
1462 0.00791287
1463 0.00791287
1464 0.00791287
1465 0.00774995
1466 0.00774995
1467 0.00774995
1468 0.00774995
1469 0.00774995
1470 0.00774995
1471 0.00774995
1472 0.00774995
1473 0.00763359
1474 0.00763359
1475 0.00763359
1476 0.00763359
1477 0.00763359
1478 0.00763359
1479 0.00763359
1480 0.00763359
1481 0.00751722
1482 0.00751722
1483 0.00751722
1484 0.00751722
1485 0.00751722
1486 0.00751722
1487 0.00751722
1488 0.00751722
1489 0.00747068
1490 0.00747068
1491 0.00747068
1492 0.00747068
1493 0.00747068
1494 0.00747068
1495 0.00747068
1496 0.00747068
1497 0.00730776
1498 0.00730776
1499 0.00730776
1500 0.00730776
1501 0.00730776
1502 0.00730776
1503 0.00730776
1504 0.00730776
1505 0.00714485
1506 0.00714485
1507 0.00714485
1508 0.00714485
1509 0.00714485
1510 0.00714485
1511 0.00714485
1512 0.00714485
1513 0.00688885
1514 0.00688885
1515 0.00688885
1516 0.00688885
1517 0.00688885
1518 0.00688885
1519 0.00688885
1520 0.00688885
1521 0.00665612
1522 0.00665612
1523 0.00665612
1524 0.00665612
1525 0.00665612
1526 0.00665612
1527 0.00665612
1528 0.00665612
1529 0.00653975
1530 0.00653975
1531 0.00653975
1532 0.00653975
1533 0.00653975
1534 0.00653975
1535 0.00653975
1536 0.00653975
1537 0.00644666
1538 0.00644666
1539 0.00644666
1540 0.00644666
1541 0.00644666
1542 0.00644666
1543 0.00642338
1544 0.00642338
1545 0.00630702
1546 0.00630702
1547 0.00630702
1548 0.00630702
1549 0.00630702
1550 0.00630702
1551 0.00630702
1552 0.00630702
1553 0.00619065
1554 0.00619065
1555 0.00619065
1556 0.00619065
1557 0.00619065
1558 0.00619065
1559 0.00619065
1560 0.00619065
1561 0.00605101
1562 0.00605101
1563 0.00605101
1564 0.00605101
1565 0.00605101
1566 0.00605101
1567 0.00605101
1568 0.00605101
1569 0.00600447
1570 0.00600447
1571 0.00600447
1572 0.00600447
1573 0.00600447
1574 0.00600447
1575 0.00600447
1576 0.00600447
1577 0.00586483
1578 0.00586483
1579 0.00586483
1580 0.00586483
1581 0.00586483
1582 0.00586483
1583 0.00586483
1584 0.00586483
1585 0.00577174
1586 0.00577174
1587 0.00577174
1588 0.00577174
1589 0.00577174
1590 0.00577174
1591 0.00577174
1592 0.00577174
1593 0.00558555
1594 0.00558555
1595 0.00558555
1596 0.00558555
1597 0.00558555
1598 0.00558555
1599 0.00556228
1600 0.00556228
1601 0.00546919
1602 0.00546919
1603 0.00546919
1604 0.00546919
1605 0.00546919
1606 0.00546919
1607 0.00546919
1608 0.00546919
1609 0.00542264
1610 0.00542264
1611 0.00542264
1612 0.00542264
1613 0.00542264
1614 0.00542264
1615 0.00542264
1616 0.00542264
1617 0.00537609
1618 0.00537609
1619 0.00537609
1620 0.00537609
1621 0.00537609
1622 0.00537609
1623 0.00537609
1624 0.00537609
1625 0.005283
1626 0.005283
1627 0.005283
1628 0.005283
1629 0.005283
1630 0.005283
1631 0.00525973
1632 0.00525973
1633 0.00516664
1634 0.00516664
1635 0.00516664
1636 0.00516664
1637 0.00516664
1638 0.00516664
1639 0.00516664
1640 0.00516664
1641 0.00498045
1642 0.00498045
1643 0.00498045
1644 0.00498045
1645 0.00498045
1646 0.00498045
1647 0.00498045
1648 0.00498045
1649 0.00491063
1650 0.00491063
1651 0.00491063
1652 0.00491063
1653 0.00491063
1654 0.00491063
1655 0.00491063
1656 0.00491063
1657 0.00488736
1658 0.00488736
1659 0.00488736
1660 0.00488736
1661 0.00488736
1662 0.00488736
1663 0.00488736
1664 0.00488736
1665 0.00479427
1666 0.00479427
1667 0.00479427
1668 0.00479427
1669 0.00479427
1670 0.00479427
1671 0.00479427
1672 0.00479427
1673 0.00470117
1674 0.00470117
1675 0.00470117
1676 0.00470117
1677 0.00470117
1678 0.00470117
1679 0.00470117
1680 0.00470117
1681 0.00458481
1682 0.00458481
1683 0.00458481
1684 0.00458481
1685 0.00458481
1686 0.00458481
1687 0.00458481
1688 0.00458481
1689 0.00451499
1690 0.00451499
1691 0.00451499
1692 0.00451499
1693 0.00451499
1694 0.00451499
1695 0.00451499
1696 0.00451499
1697 0.00437535
1698 0.00437535
1699 0.00437535
1700 0.00437535
1701 0.00437535
1702 0.00437535
1703 0.00437535
1704 0.00437535
1705 0.00437535
1706 0.00437535
1707 0.00437535
1708 0.00437535
1709 0.00437535
1710 0.00437535
1711 0.00437535
1712 0.00437535
1713 0.00425898
1714 0.00425898
1715 0.00425898
1716 0.00425898
1717 0.00425898
1718 0.00425898
1719 0.00425898
1720 0.00425898
1721 0.00414262
1722 0.00414262
1723 0.00414262
1724 0.00414262
1725 0.00414262
1726 0.00414262
1727 0.00414262
1728 0.00414262
1729 0.00414262
1730 0.00414262
1731 0.00414262
1732 0.00414262
1733 0.00414262
1734 0.00414262
1735 0.00411934
1736 0.00411934
1737 0.00400298
1738 0.00400298
1739 0.00400298
1740 0.00400298
1741 0.00400298
1742 0.00400298
1743 0.00400298
1744 0.00400298
1745 0.00381679
1746 0.00381679
1747 0.00381679
1748 0.00381679
1749 0.00381679
1750 0.00381679
1751 0.00381679
1752 0.00381679
1753 0.00377025
1754 0.00377025
1755 0.00377025
1756 0.00377025
1757 0.00377025
1758 0.00377025
1759 0.00374697
1760 0.00374697
1761 0.00365388
1762 0.00365388
1763 0.00365388
1764 0.00365388
1765 0.00365388
1766 0.00365388
1767 0.00365388
1768 0.00365388
1769 0.00358406
1770 0.00358406
1771 0.00358406
1772 0.00358406
1773 0.00358406
1774 0.00358406
1775 0.00358406
1776 0.00358406
1777 0.00349097
1778 0.00349097
1779 0.00349097
1780 0.00349097
1781 0.00349097
1782 0.00349097
1783 0.00349097
1784 0.00349097
1785 0.00342115
1786 0.00342115
1787 0.00342115
1788 0.00342115
1789 0.00342115
1790 0.00342115
1791 0.00342115
1792 0.00342115
1793 0.00332806
1794 0.00332806
1795 0.00332806
1796 0.00332806
1797 0.00332806
1798 0.00332806
1799 0.00332806
1800 0.00332806
1801 0.00318842
1802 0.00318842
1803 0.00318842
1804 0.00318842
1805 0.00318842
1806 0.00318842
1807 0.00318842
1808 0.00318842
1809 0.00314187
1810 0.00314187
1811 0.00314187
1812 0.00314187
1813 0.00314187
1814 0.00314187
1815 0.00314187
1816 0.00314187
1817 0.00307205
1818 0.00307205
1819 0.00307205
1820 0.00307205
1821 0.00307205
1822 0.00307205
1823 0.00307205
1824 0.00307205
1825 0.00304878
1826 0.00304878
1827 0.00304878
1828 0.00304878
1829 0.00304878
1830 0.00304878
1831 0.00304878
1832 0.00304878
1833 0.00295569
1834 0.00295569
1835 0.00295569
1836 0.00295569
1837 0.00295569
1838 0.00295569
1839 0.00295569
1840 0.00295569
1841 0.00288587
1842 0.00288587
1843 0.00288587
1844 0.00288587
1845 0.00288587
1846 0.00288587
1847 0.00288587
1848 0.00288587
1849 0.00288587
1850 0.00288587
1851 0.00288587
1852 0.00288587
1853 0.00288587
1854 0.00288587
1855 0.00288587
1856 0.00288587
1857 0.00281605
1858 0.00281605
1859 0.00281605
1860 0.00281605
1861 0.00281605
1862 0.00281605
1863 0.00281605
1864 0.00281605
1865 0.0027695
1866 0.0027695
1867 0.0027695
1868 0.0027695
1869 0.0027695
1870 0.0027695
1871 0.0027695
1872 0.0027695
1873 0.00272296
1874 0.00272296
1875 0.00272296
1876 0.00272296
1877 0.00272296
1878 0.00272296
1879 0.00272296
1880 0.00272296
1881 0.00265314
1882 0.00265314
1883 0.00265314
1884 0.00265314
1885 0.00265314
1886 0.00265314
1887 0.00265314
1888 0.00265314
1889 0.00260659
1890 0.00260659
1891 0.00260659
1892 0.00260659
1893 0.00260659
1894 0.00260659
1895 0.00260659
1896 0.00260659
1897 0.00249023
1898 0.00249023
1899 0.00249023
1900 0.00249023
1901 0.00249023
1902 0.00249023
1903 0.00249023
1904 0.00249023
1905 0.00244368
1906 0.00244368
1907 0.00244368
1908 0.00244368
1909 0.00244368
1910 0.00244368
1911 0.00244368
1912 0.00244368
1913 0.00242041
1914 0.00242041
1915 0.00242041
1916 0.00242041
1917 0.00242041
1918 0.00242041
1919 0.00242041
1920 0.00242041
1921 0.00239713
1922 0.00239713
1923 0.00239713
1924 0.00239713
1925 0.00239713
1926 0.00239713
1927 0.00239713
1928 0.00239713
1929 0.00235059
1930 0.00235059
1931 0.00235059
1932 0.00235059
1933 0.00235059
1934 0.00235059
1935 0.00235059
1936 0.00235059
1937 0.00235059
1938 0.00235059
1939 0.00235059
1940 0.00235059
1941 0.00235059
1942 0.00235059
1943 0.00235059
1944 0.00235059
1945 0.00232731
1946 0.00232731
1947 0.00232731
1948 0.00232731
1949 0.00232731
1950 0.00232731
1951 0.00232731
1952 0.00232731
1953 0.00230404
1954 0.00230404
1955 0.00230404
1956 0.00230404
1957 0.00230404
1958 0.00230404
1959 0.00230404
1960 0.00230404
1961 0.00223422
1962 0.00223422
1963 0.00223422
1964 0.00223422
1965 0.00223422
1966 0.00223422
1967 0.00221095
1968 0.00221095
1969 0.0021644
1970 0.0021644
1971 0.0021644
1972 0.0021644
1973 0.0021644
1974 0.0021644
1975 0.0021644
1976 0.0021644
1977 0.00214113
1978 0.00214113
1979 0.00214113
1980 0.00214113
1981 0.00214113
1982 0.00214113
1983 0.00214113
1984 0.00214113
1985 0.00209458
1986 0.00209458
1987 0.00209458
1988 0.00209458
1989 0.00209458
1990 0.00209458
1991 0.00209458
1992 0.00209458
1993 0.00207131
1994 0.00207131
1995 0.00207131
1996 0.00207131
1997 0.00207131
1998 0.00207131
1999 0.00207131
2000 0.00207131
2001 0.00200149
2002 0.00200149
2003 0.00200149
2004 0.00200149
2005 0.00200149
2006 0.00200149
2007 0.00200149
2008 0.00200149
2009 0.00195494
2010 0.00195494
2011 0.00195494
2012 0.00195494
2013 0.00195494
2014 0.00195494
2015 0.00195494
2016 0.00195494
2017 0.00193167
2018 0.00193167
2019 0.00193167
2020 0.00193167
2021 0.00193167
2022 0.00193167
2023 0.00193167
2024 0.00193167
2025 0.00183858
2026 0.00183858
2027 0.00183858
2028 0.00183858
2029 0.00183858
2030 0.00183858
2031 0.00183858
2032 0.00183858
2033 0.00183858
2034 0.00183858
2035 0.00183858
2036 0.00183858
2037 0.00183858
2038 0.00183858
2039 0.00183858
2040 0.00183858
2041 0.00183858
2042 0.00183858
2043 0.00183858
2044 0.00183858
2045 0.00183858
2046 0.00183858
2047 0.00183858
2048 0.00183858
2049 0.00183858
2050 0.00183858
2051 0.00183858
2052 0.00183858
2053 0.00183858
2054 0.00183858
2055 0.00183858
2056 0.00183858
2057 0.00179203
2058 0.00179203
2059 0.00179203
2060 0.00179203
2061 0.00179203
2062 0.00179203
2063 0.00179203
2064 0.00179203
2065 0.00172221
2066 0.00172221
2067 0.00172221
2068 0.00172221
2069 0.00172221
2070 0.00172221
2071 0.00172221
2072 0.00172221
2073 0.00169894
2074 0.00169894
2075 0.00169894
2076 0.00169894
2077 0.00169894
2078 0.00169894
2079 0.00169894
2080 0.00169894
2081 0.00165239
2082 0.00165239
2083 0.00165239
2084 0.00165239
2085 0.00165239
2086 0.00165239
2087 0.00165239
2088 0.00165239
2089 0.00160585
2090 0.00160585
2091 0.00160585
2092 0.00160585
2093 0.00160585
2094 0.00160585
2095 0.00160585
2096 0.00160585
2097 0.0015593
2098 0.0015593
2099 0.0015593
2100 0.0015593
2101 0.0015593
2102 0.0015593
2103 0.0015593
2104 0.0015593
2105 0.0015593
2106 0.0015593
2107 0.0015593
2108 0.0015593
2109 0.0015593
2110 0.0015593
2111 0.0015593
2112 0.0015593
2113 0.0015593
2114 0.0015593
2115 0.0015593
2116 0.0015593
2117 0.0015593
2118 0.0015593
2119 0.0015593
2120 0.0015593
2121 0.00151275
2122 0.00151275
2123 0.00151275
2124 0.00151275
2125 0.00151275
2126 0.00151275
2127 0.00151275
2128 0.00151275
2129 0.00151275
2130 0.00151275
2131 0.00151275
2132 0.00151275
2133 0.00151275
2134 0.00151275
2135 0.00151275
2136 0.00151275
2137 0.00146621
2138 0.00146621
2139 0.00146621
2140 0.00146621
2141 0.00146621
2142 0.00146621
2143 0.00146621
2144 0.00146621
2145 0.00139639
2146 0.00139639
2147 0.00139639
2148 0.00139639
2149 0.00139639
2150 0.00139639
2151 0.00139639
2152 0.00139639
2153 0.00139639
2154 0.00139639
2155 0.00139639
2156 0.00139639
2157 0.00139639
2158 0.00139639
2159 0.00139639
2160 0.00139639
2161 0.00134984
2162 0.00134984
2163 0.00134984
2164 0.00134984
2165 0.00134984
2166 0.00134984
2167 0.00134984
2168 0.00134984
2169 0.00134984
2170 0.00134984
2171 0.00134984
2172 0.00134984
2173 0.00134984
2174 0.00134984
2175 0.00134984
2176 0.00134984
2177 0.00134984
2178 0.00134984
2179 0.00134984
2180 0.00134984
2181 0.00134984
2182 0.00134984
2183 0.00134984
2184 0.00134984
2185 0.0013033
2186 0.0013033
2187 0.0013033
2188 0.0013033
2189 0.0013033
2190 0.0013033
2191 0.0013033
2192 0.0013033
2193 0.00128002
2194 0.00128002
2195 0.00128002
2196 0.00128002
2197 0.00128002
2198 0.00128002
2199 0.00128002
2200 0.00128002
2201 0.00123348
2202 0.00123348
2203 0.00123348
2204 0.00123348
2205 0.00123348
2206 0.00123348
2207 0.00123348
2208 0.00123348
2209 0.00118693
2210 0.00118693
2211 0.00118693
2212 0.00118693
2213 0.00118693
2214 0.00118693
2215 0.00118693
2216 0.00118693
2217 0.00118693
2218 0.00118693
2219 0.00118693
2220 0.00118693
2221 0.00118693
2222 0.00118693
2223 0.00118693
2224 0.00118693
2225 0.00114038
2226 0.00114038
2227 0.00114038
2228 0.00114038
2229 0.00114038
2230 0.00114038
2231 0.00114038
2232 0.00114038
2233 0.00111711
2234 0.00111711
2235 0.00111711
2236 0.00111711
2237 0.00111711
2238 0.00111711
2239 0.00111711
2240 0.00111711
2241 0.00109384
2242 0.00109384
2243 0.00109384
2244 0.00109384
2245 0.00109384
2246 0.00109384
2247 0.00109384
2248 0.00109384
2249 0.00107056
2250 0.00107056
2251 0.00107056
2252 0.00107056
2253 0.00107056
2254 0.00107056
2255 0.00107056
2256 0.00107056
2257 0.00107056
2258 0.00107056
2259 0.00107056
2260 0.00107056
2261 0.00107056
2262 0.00107056
2263 0.00107056
2264 0.00107056
2265 0.00102402
2266 0.00102402
2267 0.00102402
2268 0.00102402
2269 0.00102402
2270 0.00102402
2271 0.00102402
2272 0.00102402
2273 0.00102402
2274 0.00102402
2275 0.00102402
2276 0.00102402
2277 0.00102402
2278 0.00102402
2279 0.00102402
2280 0.00102402
2281 0.000977472
2282 0.000977472
2283 0.000977472
2284 0.000977472
2285 0.000977472
2286 0.000977472
2287 0.000977472
2288 0.000977472
2289 0.000977472
2290 0.000977472
2291 0.000977472
2292 0.000977472
2293 0.000977472
2294 0.000977472
2295 0.000977472
2296 0.000977472
2297 0.000884379
2298 0.000884379
2299 0.000884379
2300 0.000884379
2301 0.000884379
2302 0.000884379
2303 0.000884379
2304 0.000884379
2305 0.000884379
2306 0.000884379
2307 0.000884379
2308 0.000884379
2309 0.000884379
2310 0.000884379
2311 0.000884379
2312 0.000884379
2313 0.000884379
2314 0.000884379
2315 0.000884379
2316 0.000884379
2317 0.000884379
2318 0.000884379
2319 0.000884379
2320 0.000884379
2321 0.000884379
2322 0.000884379
2323 0.000884379
2324 0.000884379
2325 0.000884379
2326 0.000884379
2327 0.000884379
2328 0.000884379
2329 0.000861106
2330 0.000861106
2331 0.000861106
2332 0.000861106
2333 0.000861106
2334 0.000861106
2335 0.000861106
2336 0.000861106
2337 0.000861106
2338 0.000861106
2339 0.000861106
2340 0.000861106
2341 0.000861106
2342 0.000861106
2343 0.000861106
2344 0.000861106
2345 0.000837833
2346 0.000837833
2347 0.000837833
2348 0.000837833
2349 0.000837833
2350 0.000837833
2351 0.000837833
2352 0.000837833
2353 0.000837833
2354 0.000837833
2355 0.000837833
2356 0.000837833
2357 0.000837833
2358 0.000837833
2359 0.000837833
2360 0.000837833
2361 0.000837833
2362 0.000837833
2363 0.000837833
2364 0.000837833
2365 0.000837833
2366 0.000837833
2367 0.000837833
2368 0.000837833
2369 0.000837833
2370 0.000837833
2371 0.000837833
2372 0.000837833
2373 0.000837833
2374 0.000837833
2375 0.000837833
2376 0.000837833
2377 0.000837833
2378 0.000837833
2379 0.000837833
2380 0.000837833
2381 0.000837833
2382 0.000837833
2383 0.000837833
2384 0.000837833
2385 0.00081456
2386 0.00081456
2387 0.00081456
2388 0.00081456
2389 0.00081456
2390 0.00081456
2391 0.00081456
2392 0.00081456
2393 0.00081456
2394 0.00081456
2395 0.00081456
2396 0.00081456
2397 0.00081456
2398 0.00081456
2399 0.00081456
2400 0.00081456
2401 0.00081456
2402 0.00081456
2403 0.00081456
2404 0.00081456
2405 0.00081456
2406 0.00081456
2407 0.00081456
2408 0.00081456
2409 0.00081456
2410 0.00081456
2411 0.00081456
2412 0.00081456
2413 0.00081456
2414 0.00081456
2415 0.00081456
2416 0.00081456
2417 0.000791287
2418 0.000791287
2419 0.000791287
2420 0.000791287
2421 0.000791287
2422 0.000791287
2423 0.000791287
2424 0.000791287
2425 0.000791287
2426 0.000791287
2427 0.000791287
2428 0.000791287
2429 0.000791287
2430 0.000791287
2431 0.000791287
2432 0.000791287
2433 0.000791287
2434 0.000791287
2435 0.000791287
2436 0.000791287
2437 0.000791287
2438 0.000791287
2439 0.000791287
2440 0.000791287
2441 0.000791287
2442 0.000791287
2443 0.000791287
2444 0.000791287
2445 0.000791287
2446 0.000791287
2447 0.000791287
2448 0.000791287
2449 0.000791287
2450 0.000791287
2451 0.000791287
2452 0.000791287
2453 0.000791287
2454 0.000791287
2455 0.000791287
2456 0.000791287
2457 0.000768013
2458 0.000768013
2459 0.000768013
2460 0.000768013
2461 0.000768013
2462 0.000768013
2463 0.000768013
2464 0.000768013
2465 0.000768013
2466 0.000768013
2467 0.000768013
2468 0.000768013
2469 0.000768013
2470 0.000768013
2471 0.000768013
2472 0.000768013
2473 0.000768013
2474 0.000768013
2475 0.000768013
2476 0.000768013
2477 0.000768013
2478 0.000768013
2479 0.000768013
2480 0.000768013
2481 0.000768013
2482 0.000768013
2483 0.000768013
2484 0.000768013
2485 0.000768013
2486 0.000768013
2487 0.000768013
2488 0.000768013
2489 0.00074474
2490 0.00074474
2491 0.00074474
2492 0.00074474
2493 0.00074474
2494 0.00074474
2495 0.00074474
2496 0.00074474
2497 0.000721467
2498 0.000721467
2499 0.000721467
2500 0.000721467
2501 0.000721467
2502 0.000721467
2503 0.000721467
2504 0.000721467
2505 0.000721467
2506 0.000721467
2507 0.000721467
2508 0.000721467
2509 0.000721467
2510 0.000721467
2511 0.000721467
2512 0.000721467
2513 0.000721467
2514 0.000721467
2515 0.000721467
2516 0.000721467
2517 0.000721467
2518 0.000721467
2519 0.000698194
2520 0.000698194
2521 0.000674921
2522 0.000674921
2523 0.000674921
2524 0.000674921
2525 0.000674921
2526 0.000674921
2527 0.000674921
2528 0.000674921
2529 0.000674921
2530 0.000674921
2531 0.000674921
2532 0.000674921
2533 0.000674921
2534 0.000674921
2535 0.000674921
2536 0.000674921
2537 0.000628375
2538 0.000628375
2539 0.000628375
2540 0.000628375
2541 0.000628375
2542 0.000628375
2543 0.000628375
2544 0.000628375
2545 0.000628375
2546 0.000628375
2547 0.000628375
2548 0.000628375
2549 0.000628375
2550 0.000628375
2551 0.000628375
2552 0.000628375
2553 0.000558555
2554 0.000558555
2555 0.000558555
2556 0.000558555
2557 0.000558555
2558 0.000558555
2559 0.000558555
2560 0.000558555
2561 0.000558555
2562 0.000558555
2563 0.000558555
2564 0.000558555
2565 0.000558555
2566 0.000558555
2567 0.000558555
2568 0.000558555
2569 0.000558555
2570 0.000558555
2571 0.000558555
2572 0.000558555
2573 0.000558555
2574 0.000558555
2575 0.000558555
2576 0.000558555
2577 0.000512009
2578 0.000512009
2579 0.000512009
2580 0.000512009
2581 0.000512009
2582 0.000512009
2583 0.000512009
2584 0.000512009
2585 0.000512009
2586 0.000512009
2587 0.000512009
2588 0.000512009
2589 0.000512009
2590 0.000512009
2591 0.000512009
2592 0.000512009
2593 0.000512009
2594 0.000512009
2595 0.000512009
2596 0.000512009
2597 0.000512009
2598 0.000512009
2599 0.000512009
2600 0.000512009
2601 0.000488736
2602 0.000488736
2603 0.000488736
2604 0.000488736
2605 0.000488736
2606 0.000488736
2607 0.000488736
2608 0.000488736
2609 0.000465463
2610 0.000465463
2611 0.000465463
2612 0.000465463
2613 0.000465463
2614 0.000465463
2615 0.000465463
2616 0.000465463
2617 0.000418916
2618 0.000418916
2619 0.000418916
2620 0.000418916
2621 0.000418916
2622 0.000418916
2623 0.000418916
2624 0.000418916
2625 0.000395643
2626 0.000395643
2627 0.000395643
2628 0.000395643
2629 0.000395643
2630 0.000395643
2631 0.000395643
2632 0.000395643
2633 0.000395643
2634 0.000395643
2635 0.000395643
2636 0.000395643
2637 0.000395643
2638 0.000395643
2639 0.000395643
2640 0.000395643
2641 0.00037237
2642 0.00037237
2643 0.00037237
2644 0.00037237
2645 0.00037237
2646 0.00037237
2647 0.00037237
2648 0.00037237
2649 0.00037237
2650 0.00037237
2651 0.00037237
2652 0.00037237
2653 0.00037237
2654 0.00037237
2655 0.00037237
2656 0.00037237
2657 0.00037237
2658 0.00037237
2659 0.00037237
2660 0.00037237
2661 0.00037237
2662 0.00037237
2663 0.00037237
2664 0.00037237
2665 0.00037237
2666 0.00037237
2667 0.00037237
2668 0.00037237
2669 0.00037237
2670 0.00037237
2671 0.00037237
2672 0.00037237
2673 0.000349097
2674 0.000349097
2675 0.000349097
2676 0.000349097
2677 0.000349097
2678 0.000349097
2679 0.000349097
2680 0.000349097
2681 0.000349097
2682 0.000349097
2683 0.000349097
2684 0.000349097
2685 0.000349097
2686 0.000349097
2687 0.000349097
2688 0.000349097
2689 0.000349097
2690 0.000349097
2691 0.000349097
2692 0.000349097
2693 0.000349097
2694 0.000349097
2695 0.000325824
2696 0.000325824
2697 0.000325824
2698 0.000325824
2699 0.000325824
2700 0.000325824
2701 0.000325824
2702 0.000325824
2703 0.000325824
2704 0.000325824
2705 0.000302551
2706 0.000302551
2707 0.000302551
2708 0.000302551
2709 0.000302551
2710 0.000302551
2711 0.000302551
2712 0.000302551
2713 0.000279278
2714 0.000279278
2715 0.000279278
2716 0.000279278
2717 0.000279278
2718 0.000279278
2719 0.000279278
2720 0.000279278
2721 0.000279278
2722 0.000279278
2723 0.000279278
2724 0.000279278
2725 0.000279278
2726 0.000279278
2727 0.000279278
2728 0.000279278
2729 0.000279278
2730 0.000279278
2731 0.000279278
2732 0.000279278
2733 0.000279278
2734 0.000279278
2735 0.000279278
2736 0.000279278
2737 0.000279278
2738 0.000279278
2739 0.000279278
2740 0.000279278
2741 0.000279278
2742 0.000279278
2743 0.000279278
2744 0.000279278
2745 0.000279278
2746 0.000279278
2747 0.000279278
2748 0.000279278
2749 0.000279278
2750 0.000279278
2751 0.000279278
2752 0.000279278
2753 0.000279278
2754 0.000279278
2755 0.000279278
2756 0.000279278
2757 0.000279278
2758 0.000279278
2759 0.000279278
2760 0.000279278
2761 0.000256004
2762 0.000256004
2763 0.000256004
2764 0.000256004
2765 0.000256004
2766 0.000256004
2767 0.000256004
2768 0.000256004
2769 0.000256004
2770 0.000256004
2771 0.000256004
2772 0.000256004
2773 0.000256004
2774 0.000256004
2775 0.000256004
2776 0.000256004
2777 0.000256004
2778 0.000256004
2779 0.000256004
2780 0.000256004
2781 0.000256004
2782 0.000256004
2783 0.000256004
2784 0.000256004
2785 0.000256004
2786 0.000256004
2787 0.000256004
2788 0.000256004
2789 0.000256004
2790 0.000256004
2791 0.000256004
2792 0.000256004
2793 0.000232731
2794 0.000232731
2795 0.000232731
2796 0.000232731
2797 0.000232731
2798 0.000232731
2799 0.000232731
2800 0.000232731
2801 0.000232731
2802 0.000232731
2803 0.000232731
2804 0.000232731
2805 0.000232731
2806 0.000232731
2807 0.000232731
2808 0.000232731
2809 0.000232731
2810 0.000232731
2811 0.000232731
2812 0.000232731
2813 0.000232731
2814 0.000232731
2815 0.000232731
2816 0.000232731
2817 0.000232731
2818 0.000232731
2819 0.000232731
2820 0.000232731
2821 0.000232731
2822 0.000232731
2823 0.000232731
2824 0.000232731
2825 0.000232731
2826 0.000232731
2827 0.000232731
2828 0.000232731
2829 0.000232731
2830 0.000232731
2831 0.000232731
2832 0.000232731
2833 0.000232731
2834 0.000232731
2835 0.000232731
2836 0.000232731
2837 0.000232731
2838 0.000232731
2839 0.000232731
2840 0.000232731
2841 0.000232731
2842 0.000232731
2843 0.000232731
2844 0.000232731
2845 0.000232731
2846 0.000232731
2847 0.000232731
2848 0.000232731
2849 0.000232731
2850 0.000232731
2851 0.000232731
2852 0.000232731
2853 0.000232731
2854 0.000232731
2855 0.000232731
2856 0.000232731
2857 0.000232731
2858 0.000232731
2859 0.000232731
2860 0.000232731
2861 0.000232731
2862 0.000232731
2863 0.000232731
2864 0.000232731
2865 0.000232731
2866 0.000232731
2867 0.000232731
2868 0.000232731
2869 0.000232731
2870 0.000232731
2871 0.000232731
2872 0.000232731
2873 0.000232731
2874 0.000232731
2875 0.000232731
2876 0.000232731
2877 0.000232731
2878 0.000232731
2879 0.000232731
2880 0.000232731
2881 0.000232731
2882 0.000232731
2883 0.000232731
2884 0.000232731
2885 0.000232731
2886 0.000232731
2887 0.000232731
2888 0.000232731
2889 0.000232731
2890 0.000232731
2891 0.000232731
2892 0.000232731
2893 0.000232731
2894 0.000232731
2895 0.000232731
2896 0.000232731
2897 0.000232731
2898 0.000232731
2899 0.000232731
2900 0.000232731
2901 0.000232731
2902 0.000232731
2903 0.000232731
2904 0.000232731
2905 0.000232731
2906 0.000232731
2907 0.000232731
2908 0.000232731
2909 0.000232731
2910 0.000232731
2911 0.000232731
2912 0.000232731
2913 0.000232731
2914 0.000232731
2915 0.000232731
2916 0.000232731
2917 0.000232731
2918 0.000232731
2919 0.000232731
2920 0.000232731
2921 0.000209458
2922 0.000209458
2923 0.000209458
2924 0.000209458
2925 0.000209458
2926 0.000209458
2927 0.000209458
2928 0.000209458
2929 0.000209458
2930 0.000209458
2931 0.000209458
2932 0.000209458
2933 0.000209458
2934 0.000209458
2935 0.000209458
2936 0.000209458
2937 0.000209458
2938 0.000209458
2939 0.000209458
2940 0.000209458
2941 0.000209458
2942 0.000209458
2943 0.000209458
2944 0.000209458
2945 0.000209458
2946 0.000209458
2947 0.000209458
2948 0.000209458
2949 0.000209458
2950 0.000209458
2951 0.000209458
2952 0.000209458
2953 0.000209458
2954 0.000209458
2955 0.000209458
2956 0.000209458
2957 0.000209458
2958 0.000209458
2959 0.000209458
2960 0.000209458
2961 0.000209458
2962 0.000209458
2963 0.000209458
2964 0.000209458
2965 0.000209458
2966 0.000209458
2967 0.000209458
2968 0.000209458
2969 0.000209458
2970 0.000209458
2971 0.000209458
2972 0.000209458
2973 0.000209458
2974 0.000209458
2975 0.000209458
2976 0.000209458
2977 0.000186185
2978 0.000186185
2979 0.000186185
2980 0.000186185
2981 0.000186185
2982 0.000186185
2983 0.000186185
2984 0.000186185
2985 0.000162912
2986 0.000162912
2987 0.000162912
2988 0.000162912
2989 0.000162912
2990 0.000162912
2991 0.000162912
2992 0.000162912
2993 0.000162912
2994 0.000162912
2995 0.000162912
2996 0.000162912
2997 0.000162912
2998 0.000162912
2999 0.000162912
3000 0.000162912
3001 0.000162912
3002 0.000162912
3003 0.000162912
3004 0.000162912
3005 0.000162912
3006 0.000162912
3007 0.000162912
3008 0.000162912
3009 0.000162912
3010 0.000162912
3011 0.000162912
3012 0.000162912
3013 0.000162912
3014 0.000162912
3015 0.000162912
3016 0.000162912
3017 0.000162912
3018 0.000162912
3019 0.000162912
3020 0.000162912
3021 0.000162912
3022 0.000162912
3023 0.000162912
3024 0.000162912
3025 0.000162912
3026 0.000162912
3027 0.000162912
3028 0.000162912
3029 0.000162912
3030 0.000162912
3031 0.000162912
3032 0.000162912
3033 0.000162912
3034 0.000162912
3035 0.000162912
3036 0.000162912
3037 0.000162912
3038 0.000162912
3039 0.000162912
3040 0.000162912
3041 0.000162912
3042 0.000162912
3043 0.000162912
3044 0.000162912
3045 0.000162912
3046 0.000162912
3047 0.000162912
3048 0.000162912
3049 0.000162912
3050 0.000162912
3051 0.000162912
3052 0.000162912
3053 0.000162912
3054 0.000162912
3055 0.000162912
3056 0.000162912
3057 0.000162912
3058 0.000162912
3059 0.000162912
3060 0.000162912
3061 0.000162912
3062 0.000162912
3063 0.000162912
3064 0.000162912
3065 0.000162912
3066 0.000162912
3067 0.000162912
3068 0.000162912
3069 0.000162912
3070 0.000162912
3071 0.000162912
3072 0.000162912
3073 0.000162912
3074 0.000162912
3075 0.000162912
3076 0.000162912
3077 0.000162912
3078 0.000162912
3079 0.000162912
3080 0.000162912
3081 0.000162912
3082 0.000162912
3083 0.000162912
3084 0.000162912
3085 0.000162912
3086 0.000162912
3087 0.000162912
3088 0.000162912
3089 0.000162912
3090 0.000162912
3091 0.000162912
3092 0.000162912
3093 0.000162912
3094 0.000162912
3095 0.000162912
3096 0.000162912
3097 0.000162912
3098 0.000162912
3099 0.000162912
3100 0.000162912
3101 0.000162912
3102 0.000162912
3103 0.000162912
3104 0.000162912
3105 0.000162912
3106 0.000162912
3107 0.000162912
3108 0.000162912
3109 0.000162912
3110 0.000162912
3111 0.000162912
3112 0.000162912
3113 0.000162912
3114 0.000162912
3115 0.000162912
3116 0.000162912
3117 0.000162912
3118 0.000162912
3119 0.000162912
3120 0.000162912
3121 0.000162912
3122 0.000162912
3123 0.000162912
3124 0.000162912
3125 0.000162912
3126 0.000162912
3127 0.000162912
3128 0.000162912
3129 0.000162912
3130 0.000162912
3131 0.000162912
3132 0.000162912
3133 0.000162912
3134 0.000162912
3135 0.000162912
3136 0.000162912
3137 0.000162912
3138 0.000162912
3139 0.000162912
3140 0.000162912
3141 0.000162912
3142 0.000162912
3143 0.000162912
3144 0.000162912
3145 0.000162912
3146 0.000162912
3147 0.000162912
3148 0.000162912
3149 0.000162912
3150 0.000162912
3151 0.000162912
3152 0.000162912
3153 0.000162912
3154 0.000162912
3155 0.000162912
3156 0.000162912
3157 0.000162912
3158 0.000162912
3159 0.000162912
3160 0.000162912
3161 0.000162912
3162 0.000162912
3163 0.000162912
3164 0.000162912
3165 0.000162912
3166 0.000162912
3167 0.000162912
3168 0.000162912
3169 0.000162912
3170 0.000162912
3171 0.000162912
3172 0.000162912
3173 0.000162912
3174 0.000162912
3175 0.000162912
3176 0.000162912
3177 0.000139639
3178 0.000139639
3179 0.000139639
3180 0.000139639
3181 0.000139639
3182 0.000139639
3183 0.000139639
3184 0.000139639
3185 0.000139639
3186 0.000139639
3187 0.000139639
3188 0.000139639
3189 0.000139639
3190 0.000139639
3191 0.000139639
3192 0.000139639
3193 0.000139639
3194 0.000139639
3195 0.000139639
3196 0.000139639
3197 0.000139639
3198 0.000139639
3199 0.000139639
3200 0.000139639
3201 0.000116366
3202 0.000116366
3203 0.000116366
3204 0.000116366
3205 0.000116366
3206 0.000116366
3207 0.000116366
3208 0.000116366
3209 0.000116366
3210 0.000116366
3211 0.000116366
3212 0.000116366
3213 0.000116366
3214 0.000116366
3215 0.000116366
3216 0.000116366
3217 0.000116366
3218 0.000116366
3219 0.000116366
3220 0.000116366
3221 0.000116366
3222 0.000116366
3223 0.000116366
3224 0.000116366
3225 0.000116366
3226 0.000116366
3227 0.000116366
3228 0.000116366
3229 0.000116366
3230 0.000116366
3231 0.000116366
3232 0.000116366
3233 0.000116366
3234 0.000116366
3235 0.000116366
3236 0.000116366
3237 0.000116366
3238 0.000116366
3239 0.000116366
3240 0.000116366
3241 0.000116366
3242 0.000116366
3243 0.000116366
3244 0.000116366
3245 0.000116366
3246 0.000116366
3247 0.000116366
3248 0.000116366
3249 0.000116366
3250 0.000116366
3251 0.000116366
3252 0.000116366
3253 0.000116366
3254 0.000116366
3255 0.000116366
3256 0.000116366
3257 0.000116366
3258 0.000116366
3259 0.000116366
3260 0.000116366
3261 0.000116366
3262 0.000116366
3263 0.000116366
3264 0.000116366
3265 0.000116366
3266 0.000116366
3267 0.000116366
3268 0.000116366
3269 0.000116366
3270 0.000116366
3271 0.000116366
3272 0.000116366
3273 9.30925e-05
3274 9.30925e-05
3275 9.30925e-05
3276 9.30925e-05
3277 9.30925e-05
3278 9.30925e-05
3279 9.30925e-05
3280 9.30925e-05
3281 9.30925e-05
3282 9.30925e-05
3283 9.30925e-05
3284 9.30925e-05
3285 9.30925e-05
3286 9.30925e-05
3287 9.30925e-05
3288 9.30925e-05
3289 9.30925e-05
3290 9.30925e-05
3291 9.30925e-05
3292 9.30925e-05
3293 9.30925e-05
3294 9.30925e-05
3295 9.30925e-05
3296 9.30925e-05
3297 9.30925e-05
3298 9.30925e-05
3299 9.30925e-05
3300 9.30925e-05
3301 9.30925e-05
3302 9.30925e-05
3303 9.30925e-05
3304 9.30925e-05
3305 9.30925e-05
3306 9.30925e-05
3307 9.30925e-05
3308 9.30925e-05
3309 9.30925e-05
3310 9.30925e-05
3311 9.30925e-05
3312 9.30925e-05
3313 6.98194e-05
3314 6.98194e-05
3315 6.98194e-05
3316 6.98194e-05
3317 6.98194e-05
3318 6.98194e-05
3319 6.98194e-05
3320 6.98194e-05
3321 6.98194e-05
3322 6.98194e-05
3323 6.98194e-05
3324 6.98194e-05
3325 6.98194e-05
3326 6.98194e-05
3327 6.98194e-05
3328 6.98194e-05
3329 6.98194e-05
3330 6.98194e-05
3331 6.98194e-05
3332 6.98194e-05
3333 6.98194e-05
3334 6.98194e-05
3335 6.98194e-05
3336 6.98194e-05
3337 6.98194e-05
3338 6.98194e-05
3339 6.98194e-05
3340 6.98194e-05
3341 6.98194e-05
3342 6.98194e-05
3343 6.98194e-05
3344 6.98194e-05
3345 6.98194e-05
3346 6.98194e-05
3347 6.98194e-05
3348 6.98194e-05
3349 6.98194e-05
3350 6.98194e-05
3351 6.98194e-05
3352 6.98194e-05
3353 6.98194e-05
3354 6.98194e-05
3355 6.98194e-05
3356 6.98194e-05
3357 6.98194e-05
3358 6.98194e-05
3359 6.98194e-05
3360 6.98194e-05
3361 6.98194e-05
3362 6.98194e-05
3363 6.98194e-05
3364 6.98194e-05
3365 6.98194e-05
3366 6.98194e-05
3367 6.98194e-05
3368 6.98194e-05
3369 6.98194e-05
3370 6.98194e-05
3371 6.98194e-05
3372 6.98194e-05
3373 6.98194e-05
3374 6.98194e-05
3375 6.98194e-05
3376 6.98194e-05
3377 6.98194e-05
3378 6.98194e-05
3379 6.98194e-05
3380 6.98194e-05
3381 6.98194e-05
3382 6.98194e-05
3383 6.98194e-05
3384 6.98194e-05
3385 6.98194e-05
3386 6.98194e-05
3387 6.98194e-05
3388 6.98194e-05
3389 6.98194e-05
3390 6.98194e-05
3391 6.98194e-05
3392 6.98194e-05
3393 6.98194e-05
3394 6.98194e-05
3395 6.98194e-05
3396 6.98194e-05
3397 6.98194e-05
3398 6.98194e-05
3399 6.98194e-05
3400 6.98194e-05
3401 6.98194e-05
3402 6.98194e-05
3403 6.98194e-05
3404 6.98194e-05
3405 6.98194e-05
3406 6.98194e-05
3407 6.98194e-05
3408 6.98194e-05
3409 6.98194e-05
3410 6.98194e-05
3411 6.98194e-05
3412 6.98194e-05
3413 6.98194e-05
3414 6.98194e-05
3415 6.98194e-05
3416 6.98194e-05
3417 6.98194e-05
3418 6.98194e-05
3419 6.98194e-05
3420 6.98194e-05
3421 6.98194e-05
3422 6.98194e-05
3423 6.98194e-05
3424 6.98194e-05
3425 6.98194e-05
3426 6.98194e-05
3427 6.98194e-05
3428 6.98194e-05
3429 6.98194e-05
3430 6.98194e-05
3431 6.98194e-05
3432 6.98194e-05
3433 6.98194e-05
3434 6.98194e-05
3435 6.98194e-05
3436 6.98194e-05
3437 6.98194e-05
3438 6.98194e-05
3439 6.98194e-05
3440 6.98194e-05
3441 6.98194e-05
3442 6.98194e-05
3443 6.98194e-05
3444 6.98194e-05
3445 6.98194e-05
3446 6.98194e-05
3447 6.98194e-05
3448 6.98194e-05
3449 6.98194e-05
3450 6.98194e-05
3451 6.98194e-05
3452 6.98194e-05
3453 6.98194e-05
3454 6.98194e-05
3455 6.98194e-05
3456 6.98194e-05
3457 6.98194e-05
3458 6.98194e-05
3459 6.98194e-05
3460 6.98194e-05
3461 6.98194e-05
3462 6.98194e-05
3463 6.98194e-05
3464 6.98194e-05
3465 6.98194e-05
3466 6.98194e-05
3467 6.98194e-05
3468 6.98194e-05
3469 6.98194e-05
3470 6.98194e-05
3471 6.98194e-05
3472 6.98194e-05
3473 6.98194e-05
3474 6.98194e-05
3475 6.98194e-05
3476 6.98194e-05
3477 6.98194e-05
3478 6.98194e-05
3479 6.98194e-05
3480 6.98194e-05
3481 6.98194e-05
3482 6.98194e-05
3483 6.98194e-05
3484 6.98194e-05
3485 6.98194e-05
3486 6.98194e-05
3487 6.98194e-05
3488 6.98194e-05
3489 6.98194e-05
3490 6.98194e-05
3491 6.98194e-05
3492 6.98194e-05
3493 6.98194e-05
3494 6.98194e-05
3495 6.98194e-05
3496 6.98194e-05
3497 6.98194e-05
3498 6.98194e-05
3499 6.98194e-05
3500 6.98194e-05
3501 6.98194e-05
3502 6.98194e-05
3503 6.98194e-05
3504 6.98194e-05
3505 6.98194e-05
3506 6.98194e-05
3507 6.98194e-05
3508 6.98194e-05
3509 6.98194e-05
3510 6.98194e-05
3511 6.98194e-05
3512 6.98194e-05
3513 6.98194e-05
3514 6.98194e-05
3515 6.98194e-05
3516 6.98194e-05
3517 6.98194e-05
3518 6.98194e-05
3519 6.98194e-05
3520 6.98194e-05
3521 6.98194e-05
3522 6.98194e-05
3523 6.98194e-05
3524 6.98194e-05
3525 6.98194e-05
3526 6.98194e-05
3527 6.98194e-05
3528 6.98194e-05
3529 6.98194e-05
3530 6.98194e-05
3531 6.98194e-05
3532 6.98194e-05
3533 6.98194e-05
3534 6.98194e-05
3535 6.98194e-05
3536 6.98194e-05
3537 6.98194e-05
3538 6.98194e-05
3539 6.98194e-05
3540 6.98194e-05
3541 6.98194e-05
3542 6.98194e-05
3543 6.98194e-05
3544 6.98194e-05
3545 6.98194e-05
3546 6.98194e-05
3547 6.98194e-05
3548 6.98194e-05
3549 6.98194e-05
3550 6.98194e-05
3551 6.98194e-05
3552 6.98194e-05
3553 6.98194e-05
3554 6.98194e-05
3555 6.98194e-05
3556 6.98194e-05
3557 6.98194e-05
3558 6.98194e-05
3559 6.98194e-05
3560 6.98194e-05
3561 6.98194e-05
3562 6.98194e-05
3563 6.98194e-05
3564 6.98194e-05
3565 6.98194e-05
3566 6.98194e-05
3567 6.98194e-05
3568 6.98194e-05
3569 6.98194e-05
3570 6.98194e-05
3571 6.98194e-05
3572 6.98194e-05
3573 6.98194e-05
3574 6.98194e-05
3575 6.98194e-05
3576 6.98194e-05
3577 6.98194e-05
3578 6.98194e-05
3579 6.98194e-05
3580 6.98194e-05
3581 6.98194e-05
3582 6.98194e-05
3583 6.98194e-05
3584 6.98194e-05
3585 6.98194e-05
3586 6.98194e-05
3587 6.98194e-05
3588 6.98194e-05
3589 6.98194e-05
3590 6.98194e-05
3591 6.98194e-05
3592 6.98194e-05
3593 6.98194e-05
3594 6.98194e-05
3595 6.98194e-05
3596 6.98194e-05
3597 6.98194e-05
3598 6.98194e-05
3599 6.98194e-05
3600 6.98194e-05
3601 6.98194e-05
3602 6.98194e-05
3603 6.98194e-05
3604 6.98194e-05
3605 6.98194e-05
3606 6.98194e-05
3607 6.98194e-05
3608 6.98194e-05
3609 6.98194e-05
3610 6.98194e-05
3611 6.98194e-05
3612 6.98194e-05
3613 6.98194e-05
3614 6.98194e-05
3615 6.98194e-05
3616 6.98194e-05
3617 6.98194e-05
3618 6.98194e-05
3619 6.98194e-05
3620 6.98194e-05
3621 6.98194e-05
3622 6.98194e-05
3623 6.98194e-05
3624 6.98194e-05
3625 6.98194e-05
3626 6.98194e-05
3627 6.98194e-05
3628 6.98194e-05
3629 6.98194e-05
3630 6.98194e-05
3631 6.98194e-05
3632 6.98194e-05
3633 6.98194e-05
3634 6.98194e-05
3635 6.98194e-05
3636 6.98194e-05
3637 6.98194e-05
3638 6.98194e-05
3639 6.98194e-05
3640 6.98194e-05
3641 6.98194e-05
3642 6.98194e-05
3643 6.98194e-05
3644 6.98194e-05
3645 6.98194e-05
3646 6.98194e-05
3647 6.98194e-05
3648 6.98194e-05
3649 6.98194e-05
3650 6.98194e-05
3651 6.98194e-05
3652 6.98194e-05
3653 6.98194e-05
3654 6.98194e-05
3655 6.98194e-05
3656 6.98194e-05
3657 6.98194e-05
3658 6.98194e-05
3659 6.98194e-05
3660 6.98194e-05
3661 6.98194e-05
3662 6.98194e-05
3663 6.98194e-05
3664 6.98194e-05
3665 6.98194e-05
3666 6.98194e-05
3667 6.98194e-05
3668 6.98194e-05
3669 6.98194e-05
3670 6.98194e-05
3671 6.98194e-05
3672 6.98194e-05
3673 6.98194e-05
3674 6.98194e-05
3675 6.98194e-05
3676 6.98194e-05
3677 6.98194e-05
3678 6.98194e-05
3679 6.98194e-05
3680 6.98194e-05
3681 6.98194e-05
3682 6.98194e-05
3683 6.98194e-05
3684 6.98194e-05
3685 6.98194e-05
3686 6.98194e-05
3687 6.98194e-05
3688 6.98194e-05
3689 6.98194e-05
3690 6.98194e-05
3691 6.98194e-05
3692 6.98194e-05
3693 6.98194e-05
3694 6.98194e-05
3695 6.98194e-05
3696 6.98194e-05
3697 4.65463e-05
3698 4.65463e-05
3699 4.65463e-05
3700 4.65463e-05
3701 4.65463e-05
3702 4.65463e-05
3703 4.65463e-05
3704 4.65463e-05
3705 4.65463e-05
3706 4.65463e-05
3707 4.65463e-05
3708 4.65463e-05
3709 4.65463e-05
3710 4.65463e-05
3711 4.65463e-05
3712 4.65463e-05
3713 4.65463e-05
3714 4.65463e-05
3715 4.65463e-05
3716 4.65463e-05
3717 4.65463e-05
3718 4.65463e-05
3719 4.65463e-05
3720 4.65463e-05
3721 4.65463e-05
3722 4.65463e-05
3723 4.65463e-05
3724 4.65463e-05
3725 4.65463e-05
3726 4.65463e-05
3727 4.65463e-05
3728 4.65463e-05
3729 4.65463e-05
3730 4.65463e-05
3731 4.65463e-05
3732 4.65463e-05
3733 4.65463e-05
3734 4.65463e-05
3735 4.65463e-05
3736 4.65463e-05
3737 4.65463e-05
3738 4.65463e-05
3739 4.65463e-05
3740 4.65463e-05
3741 4.65463e-05
3742 4.65463e-05
3743 4.65463e-05
3744 4.65463e-05
3745 4.65463e-05
3746 4.65463e-05
3747 4.65463e-05
3748 4.65463e-05
3749 4.65463e-05
3750 4.65463e-05
3751 4.65463e-05
3752 4.65463e-05
3753 4.65463e-05
3754 4.65463e-05
3755 4.65463e-05
3756 4.65463e-05
3757 4.65463e-05
3758 4.65463e-05
3759 4.65463e-05
3760 4.65463e-05
3761 4.65463e-05
3762 4.65463e-05
3763 4.65463e-05
3764 4.65463e-05
3765 4.65463e-05
3766 4.65463e-05
3767 4.65463e-05
3768 4.65463e-05
3769 4.65463e-05
3770 4.65463e-05
3771 4.65463e-05
3772 4.65463e-05
3773 4.65463e-05
3774 4.65463e-05
3775 4.65463e-05
3776 4.65463e-05
3777 4.65463e-05
3778 4.65463e-05
3779 4.65463e-05
3780 4.65463e-05
3781 4.65463e-05
3782 4.65463e-05
3783 4.65463e-05
3784 4.65463e-05
3785 4.65463e-05
3786 4.65463e-05
3787 4.65463e-05
3788 4.65463e-05
3789 4.65463e-05
3790 4.65463e-05
3791 4.65463e-05
3792 4.65463e-05
3793 4.65463e-05
3794 4.65463e-05
3795 4.65463e-05
3796 4.65463e-05
3797 4.65463e-05
3798 4.65463e-05
3799 4.65463e-05
3800 4.65463e-05
3801 4.65463e-05
3802 4.65463e-05
3803 4.65463e-05
3804 4.65463e-05
3805 4.65463e-05
3806 4.65463e-05
3807 4.65463e-05
3808 4.65463e-05
3809 4.65463e-05
3810 4.65463e-05
3811 4.65463e-05
3812 4.65463e-05
3813 4.65463e-05
3814 4.65463e-05
3815 4.65463e-05
3816 4.65463e-05
3817 4.65463e-05
3818 4.65463e-05
3819 4.65463e-05
3820 4.65463e-05
3821 4.65463e-05
3822 4.65463e-05
3823 4.65463e-05
3824 4.65463e-05
3825 4.65463e-05
3826 4.65463e-05
3827 4.65463e-05
3828 4.65463e-05
3829 4.65463e-05
3830 4.65463e-05
3831 4.65463e-05
3832 4.65463e-05
3833 4.65463e-05
3834 4.65463e-05
3835 4.65463e-05
3836 4.65463e-05
3837 4.65463e-05
3838 4.65463e-05
3839 4.65463e-05
3840 4.65463e-05
3841 4.65463e-05
3842 4.65463e-05
3843 4.65463e-05
3844 4.65463e-05
3845 4.65463e-05
3846 4.65463e-05
3847 4.65463e-05
3848 4.65463e-05
3849 4.65463e-05
3850 4.65463e-05
3851 4.65463e-05
3852 4.65463e-05
3853 4.65463e-05
3854 4.65463e-05
3855 4.65463e-05
3856 4.65463e-05
3857 4.65463e-05
3858 4.65463e-05
3859 4.65463e-05
3860 4.65463e-05
3861 4.65463e-05
3862 4.65463e-05
3863 4.65463e-05
3864 4.65463e-05
3865 4.65463e-05
3866 4.65463e-05
3867 4.65463e-05
3868 4.65463e-05
3869 4.65463e-05
3870 4.65463e-05
3871 4.65463e-05
3872 4.65463e-05
3873 4.65463e-05
3874 4.65463e-05
3875 4.65463e-05
3876 4.65463e-05
3877 4.65463e-05
3878 4.65463e-05
3879 4.65463e-05
3880 4.65463e-05
3881 4.65463e-05
3882 4.65463e-05
3883 4.65463e-05
3884 4.65463e-05
3885 4.65463e-05
3886 4.65463e-05
3887 4.65463e-05
3888 4.65463e-05
3889 4.65463e-05
3890 4.65463e-05
3891 4.65463e-05
3892 4.65463e-05
3893 4.65463e-05
3894 4.65463e-05
3895 4.65463e-05
3896 4.65463e-05
3897 4.65463e-05
3898 4.65463e-05
3899 4.65463e-05
3900 4.65463e-05
3901 4.65463e-05
3902 4.65463e-05
3903 4.65463e-05
3904 4.65463e-05
3905 4.65463e-05
3906 4.65463e-05
3907 4.65463e-05
3908 4.65463e-05
3909 4.65463e-05
3910 4.65463e-05
3911 4.65463e-05
3912 4.65463e-05
3913 4.65463e-05
3914 4.65463e-05
3915 4.65463e-05
3916 4.65463e-05
3917 4.65463e-05
3918 4.65463e-05
3919 4.65463e-05
3920 4.65463e-05
3921 4.65463e-05
3922 4.65463e-05
3923 4.65463e-05
3924 4.65463e-05
3925 4.65463e-05
3926 4.65463e-05
3927 4.65463e-05
3928 4.65463e-05
3929 4.65463e-05
3930 4.65463e-05
3931 4.65463e-05
3932 4.65463e-05
3933 4.65463e-05
3934 4.65463e-05
3935 4.65463e-05
3936 4.65463e-05
3937 4.65463e-05
3938 4.65463e-05
3939 4.65463e-05
3940 4.65463e-05
3941 4.65463e-05
3942 4.65463e-05
3943 4.65463e-05
3944 4.65463e-05
3945 4.65463e-05
3946 4.65463e-05
3947 4.65463e-05
3948 4.65463e-05
3949 4.65463e-05
3950 4.65463e-05
3951 4.65463e-05
3952 4.65463e-05
3953 4.65463e-05
3954 4.65463e-05
3955 4.65463e-05
3956 4.65463e-05
3957 4.65463e-05
3958 4.65463e-05
3959 4.65463e-05
3960 4.65463e-05
3961 4.65463e-05
3962 4.65463e-05
3963 4.65463e-05
3964 4.65463e-05
3965 4.65463e-05
3966 4.65463e-05
3967 4.65463e-05
3968 4.65463e-05
3969 4.65463e-05
3970 4.65463e-05
3971 4.65463e-05
3972 4.65463e-05
3973 4.65463e-05
3974 4.65463e-05
3975 4.65463e-05
3976 4.65463e-05
3977 4.65463e-05
3978 4.65463e-05
3979 4.65463e-05
3980 4.65463e-05
3981 4.65463e-05
3982 4.65463e-05
3983 4.65463e-05
3984 4.65463e-05
3985 4.65463e-05
3986 4.65463e-05
3987 4.65463e-05
3988 4.65463e-05
3989 4.65463e-05
3990 4.65463e-05
3991 4.65463e-05
3992 4.65463e-05
3993 4.65463e-05
3994 4.65463e-05
3995 4.65463e-05
3996 4.65463e-05
3997 4.65463e-05
3998 4.65463e-05
3999 4.65463e-05
4000 4.65463e-05
4001 4.65463e-05
4002 4.65463e-05
4003 4.65463e-05
4004 4.65463e-05
4005 4.65463e-05
4006 4.65463e-05
4007 4.65463e-05
4008 4.65463e-05
4009 4.65463e-05
4010 4.65463e-05
4011 4.65463e-05
4012 4.65463e-05
4013 4.65463e-05
4014 4.65463e-05
4015 4.65463e-05
4016 4.65463e-05
4017 4.65463e-05
4018 4.65463e-05
4019 4.65463e-05
4020 4.65463e-05
4021 4.65463e-05
4022 4.65463e-05
4023 4.65463e-05
4024 4.65463e-05
4025 4.65463e-05
4026 4.65463e-05
4027 4.65463e-05
4028 4.65463e-05
4029 4.65463e-05
4030 4.65463e-05
4031 4.65463e-05
4032 4.65463e-05
4033 4.65463e-05
4034 4.65463e-05
4035 4.65463e-05
4036 4.65463e-05
4037 4.65463e-05
4038 4.65463e-05
4039 4.65463e-05
4040 4.65463e-05
4041 4.65463e-05
4042 4.65463e-05
4043 4.65463e-05
4044 4.65463e-05
4045 4.65463e-05
4046 4.65463e-05
4047 4.65463e-05
4048 4.65463e-05
4049 4.65463e-05
4050 4.65463e-05
4051 4.65463e-05
4052 4.65463e-05
4053 4.65463e-05
4054 4.65463e-05
4055 4.65463e-05
4056 4.65463e-05
4057 4.65463e-05
4058 4.65463e-05
4059 4.65463e-05
4060 4.65463e-05
4061 4.65463e-05
4062 4.65463e-05
4063 4.65463e-05
4064 4.65463e-05
4065 4.65463e-05
4066 4.65463e-05
4067 4.65463e-05
4068 4.65463e-05
4069 4.65463e-05
4070 4.65463e-05
4071 4.65463e-05
4072 4.65463e-05
4073 4.65463e-05
4074 4.65463e-05
4075 4.65463e-05
4076 4.65463e-05
4077 4.65463e-05
4078 4.65463e-05
4079 4.65463e-05
4080 4.65463e-05
4081 4.65463e-05
4082 4.65463e-05
4083 4.65463e-05
4084 4.65463e-05
4085 4.65463e-05
4086 4.65463e-05
4087 4.65463e-05
4088 4.65463e-05
4089 4.65463e-05
4090 4.65463e-05
4091 4.65463e-05
4092 4.65463e-05
4093 4.65463e-05
4094 4.65463e-05
4095 4.65463e-05
4096 4.65463e-05
4097 4.65463e-05
4098 4.65463e-05
4099 4.65463e-05
4100 4.65463e-05
4101 4.65463e-05
4102 4.65463e-05
4103 4.65463e-05
4104 4.65463e-05
4105 4.65463e-05
4106 4.65463e-05
4107 4.65463e-05
4108 4.65463e-05
4109 4.65463e-05
4110 4.65463e-05
4111 4.65463e-05
4112 4.65463e-05
4113 4.65463e-05
4114 4.65463e-05
4115 4.65463e-05
4116 4.65463e-05
4117 4.65463e-05
4118 4.65463e-05
4119 4.65463e-05
4120 4.65463e-05
4121 4.65463e-05
4122 4.65463e-05
4123 4.65463e-05
4124 4.65463e-05
4125 4.65463e-05
4126 4.65463e-05
4127 4.65463e-05
4128 4.65463e-05
4129 4.65463e-05
4130 4.65463e-05
4131 4.65463e-05
4132 4.65463e-05
4133 4.65463e-05
4134 4.65463e-05
4135 4.65463e-05
4136 4.65463e-05
4137 2.32731e-05
4138 2.32731e-05
4139 2.32731e-05
4140 2.32731e-05
4141 2.32731e-05
4142 2.32731e-05
4143 2.32731e-05
4144 2.32731e-05
4145 2.32731e-05
4146 2.32731e-05
4147 2.32731e-05
4148 2.32731e-05
4149 2.32731e-05
4150 2.32731e-05
4151 2.32731e-05
4152 2.32731e-05
4153 2.32731e-05
4154 2.32731e-05
4155 2.32731e-05
4156 2.32731e-05
4157 2.32731e-05
4158 2.32731e-05
4159 2.32731e-05
4160 2.32731e-05
4161 2.32731e-05
4162 2.32731e-05
4163 2.32731e-05
4164 2.32731e-05
4165 2.32731e-05
4166 2.32731e-05
4167 2.32731e-05
4168 2.32731e-05
4169 2.32731e-05
4170 2.32731e-05
4171 2.32731e-05
4172 2.32731e-05
4173 2.32731e-05
4174 2.32731e-05
4175 2.32731e-05
4176 2.32731e-05
4177 2.32731e-05
4178 2.32731e-05
4179 2.32731e-05
4180 2.32731e-05
4181 2.32731e-05
4182 2.32731e-05
4183 2.32731e-05
4184 2.32731e-05
4185 2.32731e-05
4186 2.32731e-05
4187 2.32731e-05
4188 2.32731e-05
4189 2.32731e-05
4190 2.32731e-05
4191 2.32731e-05
4192 2.32731e-05
4193 2.32731e-05
4194 2.32731e-05
4195 2.32731e-05
4196 2.32731e-05
4197 2.32731e-05
4198 2.32731e-05
4199 2.32731e-05
4200 2.32731e-05
4201 2.32731e-05
4202 2.32731e-05
4203 2.32731e-05
4204 2.32731e-05
4205 2.32731e-05
4206 2.32731e-05
4207 2.32731e-05
4208 2.32731e-05
4209 2.32731e-05
4210 2.32731e-05
4211 2.32731e-05
4212 2.32731e-05
4213 2.32731e-05
4214 2.32731e-05
4215 2.32731e-05
4216 2.32731e-05
4217 2.32731e-05
4218 2.32731e-05
4219 2.32731e-05
4220 2.32731e-05
4221 2.32731e-05
4222 2.32731e-05
4223 2.32731e-05
4224 2.32731e-05
4225 2.32731e-05
4226 2.32731e-05
4227 2.32731e-05
4228 2.32731e-05
4229 2.32731e-05
4230 2.32731e-05
4231 2.32731e-05
4232 2.32731e-05
4233 2.32731e-05
4234 2.32731e-05
4235 2.32731e-05
4236 2.32731e-05
4237 2.32731e-05
4238 2.32731e-05
4239 2.32731e-05
4240 2.32731e-05
4241 2.32731e-05
4242 2.32731e-05
4243 2.32731e-05
4244 2.32731e-05
4245 2.32731e-05
4246 2.32731e-05
4247 2.32731e-05
4248 2.32731e-05
4249 2.32731e-05
4250 2.32731e-05
4251 2.32731e-05
4252 2.32731e-05
4253 2.32731e-05
4254 2.32731e-05
4255 2.32731e-05
4256 2.32731e-05
4257 2.32731e-05
4258 2.32731e-05
4259 2.32731e-05
4260 2.32731e-05
4261 2.32731e-05
4262 2.32731e-05
4263 2.32731e-05
4264 2.32731e-05
4265 2.32731e-05
4266 2.32731e-05
4267 2.32731e-05
4268 2.32731e-05
4269 2.32731e-05
4270 2.32731e-05
4271 2.32731e-05
4272 2.32731e-05
4273 2.32731e-05
4274 2.32731e-05
4275 2.32731e-05
4276 2.32731e-05
4277 2.32731e-05
4278 2.32731e-05
4279 2.32731e-05
4280 2.32731e-05
4281 2.32731e-05
4282 2.32731e-05
4283 2.32731e-05
4284 2.32731e-05
4285 2.32731e-05
4286 2.32731e-05
4287 2.32731e-05
4288 2.32731e-05
4289 2.32731e-05
4290 2.32731e-05
4291 2.32731e-05
4292 2.32731e-05
4293 2.32731e-05
4294 2.32731e-05
4295 2.32731e-05
4296 2.32731e-05
4297 2.32731e-05
4298 2.32731e-05
4299 2.32731e-05
4300 2.32731e-05
4301 2.32731e-05
4302 2.32731e-05
4303 2.32731e-05
4304 2.32731e-05
4305 2.32731e-05
4306 2.32731e-05
4307 2.32731e-05
4308 2.32731e-05
4309 2.32731e-05
4310 2.32731e-05
4311 2.32731e-05
4312 2.32731e-05
4313 2.32731e-05
4314 2.32731e-05
4315 2.32731e-05
4316 2.32731e-05
4317 2.32731e-05
4318 2.32731e-05
4319 2.32731e-05
4320 2.32731e-05
4321 2.32731e-05
4322 2.32731e-05
4323 2.32731e-05
4324 2.32731e-05
4325 2.32731e-05
4326 2.32731e-05
4327 2.32731e-05
4328 2.32731e-05
4329 2.32731e-05
4330 2.32731e-05
4331 2.32731e-05
4332 2.32731e-05
4333 2.32731e-05
4334 2.32731e-05
4335 2.32731e-05
4336 2.32731e-05
4337 2.32731e-05
4338 2.32731e-05
4339 2.32731e-05
4340 2.32731e-05
4341 2.32731e-05
4342 2.32731e-05
4343 2.32731e-05
4344 2.32731e-05
4345 2.32731e-05
4346 2.32731e-05
4347 2.32731e-05
4348 2.32731e-05
4349 2.32731e-05
4350 2.32731e-05
4351 2.32731e-05
4352 2.32731e-05
4353 2.32731e-05
4354 2.32731e-05
4355 2.32731e-05
4356 2.32731e-05
4357 2.32731e-05
4358 2.32731e-05
4359 2.32731e-05
4360 2.32731e-05
4361 2.32731e-05
4362 2.32731e-05
4363 2.32731e-05
4364 2.32731e-05
4365 2.32731e-05
4366 2.32731e-05
4367 2.32731e-05
4368 2.32731e-05
4369 2.32731e-05
4370 2.32731e-05
4371 2.32731e-05
4372 2.32731e-05
4373 2.32731e-05
4374 2.32731e-05
4375 2.32731e-05
4376 2.32731e-05
4377 2.32731e-05
4378 2.32731e-05
4379 2.32731e-05
4380 2.32731e-05
4381 2.32731e-05
4382 2.32731e-05
4383 2.32731e-05
4384 2.32731e-05
4385 2.32731e-05
4386 2.32731e-05
4387 2.32731e-05
4388 2.32731e-05
4389 2.32731e-05
4390 2.32731e-05
4391 2.32731e-05
4392 2.32731e-05
4393 2.32731e-05
4394 2.32731e-05
4395 2.32731e-05
4396 2.32731e-05
4397 2.32731e-05
4398 2.32731e-05
4399 2.32731e-05
4400 2.32731e-05
4401 2.32731e-05
4402 2.32731e-05
4403 2.32731e-05
4404 2.32731e-05
4405 2.32731e-05
4406 2.32731e-05
4407 2.32731e-05
4408 2.32731e-05
4409 2.32731e-05
4410 2.32731e-05
4411 2.32731e-05
4412 2.32731e-05
4413 2.32731e-05
4414 2.32731e-05
4415 2.32731e-05
4416 2.32731e-05
4417 2.32731e-05
4418 2.32731e-05
4419 2.32731e-05
4420 2.32731e-05
4421 2.32731e-05
4422 2.32731e-05
4423 2.32731e-05
4424 2.32731e-05
4425 2.32731e-05
4426 2.32731e-05
4427 2.32731e-05
4428 2.32731e-05
4429 2.32731e-05
4430 2.32731e-05
4431 2.32731e-05
4432 2.32731e-05
4433 2.32731e-05
4434 2.32731e-05
4435 2.32731e-05
4436 2.32731e-05
4437 2.32731e-05
4438 2.32731e-05
4439 2.32731e-05
4440 2.32731e-05
4441 2.32731e-05
4442 2.32731e-05
4443 2.32731e-05
4444 2.32731e-05
4445 2.32731e-05
4446 2.32731e-05
4447 2.32731e-05
4448 2.32731e-05
4449 2.32731e-05
4450 2.32731e-05
4451 2.32731e-05
4452 2.32731e-05
4453 2.32731e-05
4454 2.32731e-05
4455 2.32731e-05
4456 2.32731e-05
4457 2.32731e-05
4458 2.32731e-05
4459 2.32731e-05
4460 2.32731e-05
4461 2.32731e-05
4462 2.32731e-05
4463 2.32731e-05
4464 2.32731e-05
4465 2.32731e-05
4466 2.32731e-05
4467 2.32731e-05
4468 2.32731e-05
4469 2.32731e-05
4470 2.32731e-05
4471 2.32731e-05
4472 2.32731e-05
4473 2.32731e-05
4474 2.32731e-05
4475 2.32731e-05
4476 2.32731e-05
4477 2.32731e-05
4478 2.32731e-05
4479 2.32731e-05
4480 2.32731e-05
4481 2.32731e-05
4482 2.32731e-05
4483 2.32731e-05
4484 2.32731e-05
4485 2.32731e-05
4486 2.32731e-05
4487 2.32731e-05
4488 2.32731e-05
4489 2.32731e-05
4490 2.32731e-05
4491 2.32731e-05
4492 2.32731e-05
4493 2.32731e-05
4494 2.32731e-05
4495 2.32731e-05
4496 2.32731e-05
4497 2.32731e-05
4498 2.32731e-05
4499 2.32731e-05
4500 2.32731e-05
4501 2.32731e-05
4502 2.32731e-05
4503 2.32731e-05
4504 2.32731e-05
4505 2.32731e-05
4506 2.32731e-05
4507 2.32731e-05
4508 2.32731e-05
4509 2.32731e-05
4510 2.32731e-05
4511 2.32731e-05
4512 2.32731e-05
4513 2.32731e-05
4514 2.32731e-05
4515 2.32731e-05
4516 2.32731e-05
4517 2.32731e-05
4518 2.32731e-05
4519 2.32731e-05
4520 2.32731e-05
4521 2.32731e-05
4522 2.32731e-05
4523 2.32731e-05
4524 2.32731e-05
4525 2.32731e-05
4526 2.32731e-05
4527 2.32731e-05
4528 2.32731e-05
4529 2.32731e-05
4530 2.32731e-05
4531 2.32731e-05
4532 2.32731e-05
4533 2.32731e-05
4534 2.32731e-05
4535 2.32731e-05
4536 2.32731e-05
4537 2.32731e-05
4538 2.32731e-05
4539 2.32731e-05
4540 2.32731e-05
4541 2.32731e-05
4542 2.32731e-05
4543 2.32731e-05
4544 2.32731e-05
4545 2.32731e-05
4546 2.32731e-05
4547 2.32731e-05
4548 2.32731e-05
4549 2.32731e-05
4550 2.32731e-05
4551 2.32731e-05
4552 2.32731e-05
4553 2.32731e-05
4554 2.32731e-05
4555 2.32731e-05
4556 2.32731e-05
4557 2.32731e-05
4558 2.32731e-05
4559 2.32731e-05
4560 2.32731e-05
4561 2.32731e-05
4562 2.32731e-05
4563 2.32731e-05
4564 2.32731e-05
4565 2.32731e-05
4566 2.32731e-05
4567 2.32731e-05
4568 2.32731e-05
4569 2.32731e-05
4570 2.32731e-05
4571 2.32731e-05
4572 2.32731e-05
4573 2.32731e-05
4574 2.32731e-05
4575 2.32731e-05
4576 2.32731e-05
4577 2.32731e-05
4578 2.32731e-05
4579 2.32731e-05
4580 2.32731e-05
4581 2.32731e-05
4582 2.32731e-05
4583 2.32731e-05
4584 2.32731e-05
4585 2.32731e-05
4586 2.32731e-05
4587 2.32731e-05
4588 2.32731e-05
4589 2.32731e-05
4590 2.32731e-05
4591 2.32731e-05
4592 2.32731e-05
4593 2.32731e-05
4594 2.32731e-05
4595 2.32731e-05
4596 2.32731e-05
4597 2.32731e-05
4598 2.32731e-05
4599 2.32731e-05
4600 2.32731e-05
4601 2.32731e-05
4602 2.32731e-05
4603 2.32731e-05
4604 2.32731e-05
4605 2.32731e-05
4606 2.32731e-05
4607 2.32731e-05
4608 2.32731e-05
4609 2.32731e-05
4610 2.32731e-05
4611 2.32731e-05
4612 2.32731e-05
4613 2.32731e-05
4614 2.32731e-05
4615 2.32731e-05
4616 2.32731e-05
4617 2.32731e-05
4618 2.32731e-05
4619 2.32731e-05
4620 2.32731e-05
4621 2.32731e-05
4622 2.32731e-05
4623 2.32731e-05
4624 2.32731e-05
4625 2.32731e-05
4626 2.32731e-05
4627 2.32731e-05
4628 2.32731e-05
4629 2.32731e-05
4630 2.32731e-05
4631 2.32731e-05
4632 2.32731e-05
4633 2.32731e-05
4634 2.32731e-05
4635 2.32731e-05
4636 2.32731e-05
4637 2.32731e-05
4638 2.32731e-05
4639 2.32731e-05
4640 2.32731e-05
4641 2.32731e-05
4642 2.32731e-05
4643 2.32731e-05
4644 2.32731e-05
4645 2.32731e-05
4646 2.32731e-05
4647 2.32731e-05
4648 2.32731e-05
4649 2.32731e-05
4650 2.32731e-05
4651 2.32731e-05
4652 2.32731e-05
4653 2.32731e-05
4654 2.32731e-05
4655 2.32731e-05
4656 2.32731e-05
4657 2.32731e-05
4658 2.32731e-05
4659 2.32731e-05
4660 2.32731e-05
4661 2.32731e-05
4662 2.32731e-05
4663 2.32731e-05
4664 2.32731e-05
4665 2.32731e-05
4666 2.32731e-05
4667 2.32731e-05
4668 2.32731e-05
4669 2.32731e-05
4670 2.32731e-05
4671 2.32731e-05
4672 2.32731e-05
4673 2.32731e-05
4674 2.32731e-05
4675 2.32731e-05
4676 2.32731e-05
4677 2.32731e-05
4678 2.32731e-05
4679 2.32731e-05
4680 2.32731e-05
4681 2.32731e-05
4682 2.32731e-05
4683 2.32731e-05
4684 2.32731e-05
4685 2.32731e-05
4686 2.32731e-05
4687 2.32731e-05
4688 2.32731e-05
4689 2.32731e-05
4690 2.32731e-05
4691 2.32731e-05
4692 2.32731e-05
4693 2.32731e-05
4694 2.32731e-05
4695 2.32731e-05
4696 2.32731e-05
4697 2.32731e-05
4698 2.32731e-05
4699 2.32731e-05
4700 2.32731e-05
4701 2.32731e-05
4702 2.32731e-05
4703 2.32731e-05
4704 2.32731e-05
4705 2.32731e-05
4706 2.32731e-05
4707 2.32731e-05
4708 2.32731e-05
4709 2.32731e-05
4710 2.32731e-05
4711 2.32731e-05
4712 2.32731e-05
4713 2.32731e-05
4714 2.32731e-05
4715 2.32731e-05
4716 2.32731e-05
4717 2.32731e-05
4718 2.32731e-05
4719 2.32731e-05
4720 2.32731e-05
4721 2.32731e-05
4722 2.32731e-05
4723 2.32731e-05
4724 2.32731e-05
4725 2.32731e-05
4726 2.32731e-05
4727 2.32731e-05
4728 2.32731e-05
4729 2.32731e-05
4730 2.32731e-05
4731 2.32731e-05
4732 2.32731e-05
4733 2.32731e-05
4734 2.32731e-05
4735 2.32731e-05
4736 2.32731e-05
4737 2.32731e-05
4738 2.32731e-05
4739 2.32731e-05
4740 2.32731e-05
4741 2.32731e-05
4742 2.32731e-05
4743 2.32731e-05
4744 2.32731e-05
4745 2.32731e-05
4746 2.32731e-05
4747 2.32731e-05
4748 2.32731e-05
4749 2.32731e-05
4750 2.32731e-05
4751 2.32731e-05
4752 2.32731e-05
4753 2.32731e-05
4754 2.32731e-05
4755 2.32731e-05
4756 2.32731e-05
4757 2.32731e-05
4758 2.32731e-05
4759 2.32731e-05
4760 2.32731e-05
4761 2.32731e-05
4762 2.32731e-05
4763 2.32731e-05
4764 2.32731e-05
4765 2.32731e-05
4766 2.32731e-05
4767 2.32731e-05
4768 2.32731e-05
4769 2.32731e-05
4770 2.32731e-05
4771 2.32731e-05
4772 2.32731e-05
4773 2.32731e-05
4774 2.32731e-05
4775 2.32731e-05
4776 2.32731e-05
4777 2.32731e-05
4778 2.32731e-05
4779 2.32731e-05
4780 2.32731e-05
4781 2.32731e-05
4782 2.32731e-05
4783 2.32731e-05
4784 2.32731e-05
4785 2.32731e-05
4786 2.32731e-05
4787 2.32731e-05
4788 2.32731e-05
4789 2.32731e-05
4790 2.32731e-05
4791 2.32731e-05
4792 2.32731e-05
4793 2.32731e-05
4794 2.32731e-05
4795 2.32731e-05
4796 2.32731e-05
4797 2.32731e-05
4798 2.32731e-05
4799 2.32731e-05
4800 2.32731e-05
4801 2.32731e-05
4802 2.32731e-05
4803 2.32731e-05
4804 2.32731e-05
4805 2.32731e-05
4806 2.32731e-05
4807 2.32731e-05
4808 2.32731e-05
4809 2.32731e-05
4810 2.32731e-05
4811 2.32731e-05
4812 2.32731e-05
4813 2.32731e-05
4814 2.32731e-05
4815 2.32731e-05
4816 2.32731e-05
4817 2.32731e-05
4818 2.32731e-05
4819 2.32731e-05
4820 2.32731e-05
4821 2.32731e-05
4822 2.32731e-05
4823 2.32731e-05
4824 2.32731e-05
4825 2.32731e-05
4826 2.32731e-05
4827 2.32731e-05
4828 2.32731e-05
4829 2.32731e-05
4830 2.32731e-05
4831 2.32731e-05
4832 2.32731e-05
4833 2.32731e-05
4834 2.32731e-05
4835 2.32731e-05
4836 2.32731e-05
4837 2.32731e-05
4838 2.32731e-05
4839 2.32731e-05
4840 2.32731e-05
4841 2.32731e-05
4842 2.32731e-05
4843 2.32731e-05
4844 2.32731e-05
4845 2.32731e-05
4846 2.32731e-05
4847 2.32731e-05
4848 2.32731e-05
4849 2.32731e-05
4850 2.32731e-05
4851 2.32731e-05
4852 2.32731e-05
4853 2.32731e-05
4854 2.32731e-05
4855 2.32731e-05
4856 2.32731e-05
4857 2.32731e-05
4858 2.32731e-05
4859 2.32731e-05
4860 2.32731e-05
4861 2.32731e-05
4862 2.32731e-05
4863 2.32731e-05
4864 2.32731e-05
4865 2.32731e-05
4866 2.32731e-05
4867 2.32731e-05
4868 2.32731e-05
4869 2.32731e-05
4870 2.32731e-05
4871 2.32731e-05
4872 2.32731e-05
4873 2.32731e-05
4874 2.32731e-05
4875 2.32731e-05
4876 2.32731e-05
4877 2.32731e-05
4878 2.32731e-05
4879 2.32731e-05
4880 2.32731e-05
4881 2.32731e-05
4882 2.32731e-05
4883 2.32731e-05
4884 2.32731e-05
4885 2.32731e-05
4886 2.32731e-05
4887 2.32731e-05
4888 2.32731e-05
4889 2.32731e-05
4890 2.32731e-05
4891 2.32731e-05
4892 2.32731e-05
4893 2.32731e-05
4894 2.32731e-05
4895 2.32731e-05
4896 2.32731e-05
4897 2.32731e-05
4898 2.32731e-05
4899 2.32731e-05
4900 2.32731e-05
4901 2.32731e-05
4902 2.32731e-05
4903 2.32731e-05
4904 2.32731e-05
4905 2.32731e-05
4906 2.32731e-05
4907 2.32731e-05
4908 2.32731e-05
4909 2.32731e-05
4910 2.32731e-05
4911 2.32731e-05
4912 2.32731e-05
4913 2.32731e-05
4914 2.32731e-05
4915 2.32731e-05
4916 2.32731e-05
4917 2.32731e-05
4918 2.32731e-05
4919 2.32731e-05
4920 2.32731e-05
4921 2.32731e-05
4922 2.32731e-05
4923 2.32731e-05
4924 2.32731e-05
4925 2.32731e-05
4926 2.32731e-05
4927 2.32731e-05
4928 2.32731e-05
4929 2.32731e-05
4930 2.32731e-05
4931 2.32731e-05
4932 2.32731e-05
4933 2.32731e-05
4934 2.32731e-05
4935 2.32731e-05
4936 2.32731e-05
4937 2.32731e-05
4938 2.32731e-05
4939 2.32731e-05
4940 2.32731e-05
4941 2.32731e-05
4942 2.32731e-05
4943 2.32731e-05
4944 2.32731e-05
4945 2.32731e-05
4946 2.32731e-05
4947 2.32731e-05
4948 2.32731e-05
4949 2.32731e-05
4950 2.32731e-05
4951 2.32731e-05
4952 2.32731e-05
4953 2.32731e-05
4954 2.32731e-05
4955 2.32731e-05
4956 2.32731e-05
4957 2.32731e-05
4958 2.32731e-05
4959 2.32731e-05
4960 2.32731e-05
4961 2.32731e-05
4962 2.32731e-05
4963 2.32731e-05
4964 2.32731e-05
4965 2.32731e-05
4966 2.32731e-05
4967 2.32731e-05
4968 2.32731e-05
4969 2.32731e-05
4970 2.32731e-05
4971 2.32731e-05
4972 2.32731e-05
4973 2.32731e-05
4974 2.32731e-05
4975 2.32731e-05
4976 2.32731e-05
4977 2.32731e-05
4978 2.32731e-05
4979 2.32731e-05
4980 2.32731e-05
4981 2.32731e-05
4982 2.32731e-05
4983 2.32731e-05
4984 2.32731e-05
4985 2.32731e-05
4986 2.32731e-05
4987 2.32731e-05
4988 2.32731e-05
4989 2.32731e-05
4990 2.32731e-05
4991 2.32731e-05
4992 2.32731e-05
4993 2.32731e-05
4994 2.32731e-05
4995 2.32731e-05
4996 2.32731e-05
4997 2.32731e-05
4998 2.32731e-05
4999 2.32731e-05
5000 2.32731e-05
5001 2.32731e-05
5002 2.32731e-05
5003 2.32731e-05
5004 2.32731e-05
5005 2.32731e-05
5006 2.32731e-05
5007 2.32731e-05
5008 2.32731e-05
5009 2.32731e-05
5010 2.32731e-05
5011 2.32731e-05
5012 2.32731e-05
5013 2.32731e-05
5014 2.32731e-05
5015 2.32731e-05
5016 2.32731e-05
5017 2.32731e-05
5018 2.32731e-05
5019 2.32731e-05
5020 2.32731e-05
5021 2.32731e-05
5022 2.32731e-05
5023 2.32731e-05
5024 2.32731e-05
5025 2.32731e-05
5026 2.32731e-05
5027 2.32731e-05
5028 2.32731e-05
5029 2.32731e-05
5030 2.32731e-05
5031 2.32731e-05
5032 2.32731e-05
5033 2.32731e-05
5034 2.32731e-05
5035 2.32731e-05
5036 2.32731e-05
5037 2.32731e-05
5038 2.32731e-05
5039 2.32731e-05
5040 2.32731e-05
5041 2.32731e-05
5042 2.32731e-05
5043 2.32731e-05
5044 2.32731e-05
5045 2.32731e-05
5046 2.32731e-05
5047 2.32731e-05
5048 2.32731e-05
5049 2.32731e-05
5050 2.32731e-05
5051 2.32731e-05
5052 2.32731e-05
5053 2.32731e-05
5054 2.32731e-05
5055 2.32731e-05
5056 2.32731e-05
5057 2.32731e-05
5058 2.32731e-05
5059 2.32731e-05
5060 2.32731e-05
5061 2.32731e-05
5062 2.32731e-05
5063 2.32731e-05
5064 2.32731e-05
5065 2.32731e-05
5066 2.32731e-05
5067 2.32731e-05
5068 2.32731e-05
5069 2.32731e-05
5070 2.32731e-05
5071 2.32731e-05
5072 2.32731e-05
5073 2.32731e-05
5074 2.32731e-05
5075 2.32731e-05
5076 2.32731e-05
5077 2.32731e-05
5078 2.32731e-05
5079 2.32731e-05
5080 2.32731e-05
5081 2.32731e-05
5082 2.32731e-05
5083 2.32731e-05
5084 2.32731e-05
5085 2.32731e-05
5086 2.32731e-05
5087 2.32731e-05
5088 2.32731e-05
5089 2.32731e-05
5090 2.32731e-05
5091 2.32731e-05
5092 2.32731e-05
5093 2.32731e-05
5094 2.32731e-05
5095 2.32731e-05
5096 2.32731e-05
5097 2.32731e-05
5098 2.32731e-05
5099 2.32731e-05
5100 2.32731e-05
5101 2.32731e-05
5102 2.32731e-05
5103 2.32731e-05
5104 2.32731e-05
5105 2.32731e-05
5106 2.32731e-05
5107 2.32731e-05
5108 2.32731e-05
5109 2.32731e-05
5110 2.32731e-05
5111 2.32731e-05
5112 2.32731e-05
5113 2.32731e-05
5114 2.32731e-05
5115 2.32731e-05
5116 2.32731e-05
5117 2.32731e-05
5118 2.32731e-05
5119 2.32731e-05
5120 2.32731e-05
5121 2.32731e-05
5122 2.32731e-05
5123 2.32731e-05
5124 2.32731e-05
5125 2.32731e-05
5126 2.32731e-05
5127 2.32731e-05
5128 2.32731e-05
5129 2.32731e-05
5130 2.32731e-05
5131 2.32731e-05
5132 2.32731e-05
5133 2.32731e-05
5134 2.32731e-05
5135 2.32731e-05
5136 2.32731e-05
5137 2.32731e-05
5138 2.32731e-05
5139 2.32731e-05
5140 2.32731e-05
5141 2.32731e-05
5142 2.32731e-05
5143 2.32731e-05
5144 2.32731e-05
5145 2.32731e-05
5146 2.32731e-05
5147 2.32731e-05
5148 2.32731e-05
5149 2.32731e-05
5150 2.32731e-05
5151 2.32731e-05
5152 2.32731e-05
5153 2.32731e-05
5154 2.32731e-05
5155 2.32731e-05
5156 2.32731e-05
5157 2.32731e-05
5158 2.32731e-05
5159 2.32731e-05
5160 2.32731e-05
5161 2.32731e-05
5162 2.32731e-05
5163 2.32731e-05
5164 2.32731e-05
5165 2.32731e-05
5166 2.32731e-05
5167 2.32731e-05
5168 2.32731e-05
5169 2.32731e-05
5170 2.32731e-05
5171 2.32731e-05
5172 2.32731e-05
5173 2.32731e-05
5174 2.32731e-05
5175 2.32731e-05
5176 2.32731e-05
5177 2.32731e-05
5178 2.32731e-05
5179 2.32731e-05
5180 2.32731e-05
5181 2.32731e-05
5182 2.32731e-05
5183 2.32731e-05
5184 2.32731e-05
5185 2.32731e-05
5186 2.32731e-05
5187 2.32731e-05
5188 2.32731e-05
5189 2.32731e-05
5190 2.32731e-05
5191 2.32731e-05
5192 2.32731e-05
5193 2.32731e-05
5194 2.32731e-05
5195 2.32731e-05
5196 2.32731e-05
5197 2.32731e-05
5198 2.32731e-05
5199 2.32731e-05
5200 2.32731e-05
5201 2.32731e-05
5202 2.32731e-05
5203 2.32731e-05
5204 2.32731e-05
5205 2.32731e-05
5206 2.32731e-05
5207 2.32731e-05
5208 2.32731e-05
5209 2.32731e-05
5210 2.32731e-05
5211 2.32731e-05
5212 2.32731e-05
5213 2.32731e-05
5214 2.32731e-05
5215 2.32731e-05
5216 2.32731e-05
5217 2.32731e-05
5218 2.32731e-05
5219 2.32731e-05
5220 2.32731e-05
5221 2.32731e-05
5222 2.32731e-05
5223 2.32731e-05
5224 2.32731e-05
5225 2.32731e-05
5226 2.32731e-05
5227 2.32731e-05
5228 2.32731e-05
5229 2.32731e-05
5230 2.32731e-05
5231 2.32731e-05
5232 2.32731e-05
5233 2.32731e-05
5234 2.32731e-05
5235 2.32731e-05
5236 2.32731e-05
5237 2.32731e-05
5238 2.32731e-05
5239 2.32731e-05
5240 2.32731e-05
5241 2.32731e-05
5242 2.32731e-05
5243 2.32731e-05
5244 2.32731e-05
5245 2.32731e-05
5246 2.32731e-05
5247 2.32731e-05
5248 2.32731e-05
5249 2.32731e-05
5250 2.32731e-05
5251 2.32731e-05
5252 2.32731e-05
5253 2.32731e-05
5254 2.32731e-05
5255 2.32731e-05
5256 2.32731e-05
5257 2.32731e-05
5258 2.32731e-05
5259 2.32731e-05
5260 2.32731e-05
5261 2.32731e-05
5262 2.32731e-05
5263 2.32731e-05
5264 2.32731e-05
5265 2.32731e-05
5266 2.32731e-05
5267 2.32731e-05
5268 2.32731e-05
5269 2.32731e-05
5270 2.32731e-05
5271 2.32731e-05
5272 2.32731e-05
5273 2.32731e-05
5274 2.32731e-05
5275 2.32731e-05
5276 2.32731e-05
5277 2.32731e-05
5278 2.32731e-05
5279 2.32731e-05
5280 2.32731e-05
5281 2.32731e-05
5282 2.32731e-05
5283 2.32731e-05
5284 2.32731e-05
5285 2.32731e-05
5286 2.32731e-05
5287 2.32731e-05
5288 2.32731e-05
5289 2.32731e-05
5290 2.32731e-05
5291 2.32731e-05
5292 2.32731e-05
5293 2.32731e-05
5294 2.32731e-05
5295 2.32731e-05
5296 2.32731e-05
5297 2.32731e-05
5298 2.32731e-05
5299 2.32731e-05
5300 2.32731e-05
5301 2.32731e-05
5302 2.32731e-05
5303 2.32731e-05
5304 2.32731e-05
5305 2.32731e-05
5306 2.32731e-05
5307 2.32731e-05
5308 2.32731e-05
5309 2.32731e-05
5310 2.32731e-05
5311 2.32731e-05
5312 2.32731e-05
5313 2.32731e-05
5314 2.32731e-05
5315 2.32731e-05
5316 2.32731e-05
5317 2.32731e-05
5318 2.32731e-05
5319 2.32731e-05
5320 2.32731e-05
5321 2.32731e-05
5322 2.32731e-05
5323 2.32731e-05
5324 2.32731e-05
5325 2.32731e-05
5326 2.32731e-05
5327 2.32731e-05
5328 2.32731e-05
5329 2.32731e-05
5330 2.32731e-05
5331 2.32731e-05
5332 2.32731e-05
5333 2.32731e-05
5334 2.32731e-05
5335 2.32731e-05
5336 2.32731e-05
5337 2.32731e-05
5338 2.32731e-05
5339 2.32731e-05
5340 2.32731e-05
5341 2.32731e-05
5342 2.32731e-05
5343 2.32731e-05
5344 2.32731e-05
5345 2.32731e-05
5346 2.32731e-05
5347 2.32731e-05
5348 2.32731e-05
5349 2.32731e-05
5350 2.32731e-05
5351 2.32731e-05
5352 2.32731e-05
5353 2.32731e-05
5354 2.32731e-05
5355 2.32731e-05
5356 2.32731e-05
5357 2.32731e-05
5358 2.32731e-05
5359 2.32731e-05
5360 2.32731e-05
5361 2.32731e-05
5362 2.32731e-05
5363 2.32731e-05
5364 2.32731e-05
5365 2.32731e-05
5366 2.32731e-05
5367 2.32731e-05
5368 2.32731e-05
5369 2.32731e-05
5370 2.32731e-05
5371 2.32731e-05
5372 2.32731e-05
5373 2.32731e-05
5374 2.32731e-05
5375 2.32731e-05
5376 2.32731e-05
5377 2.32731e-05
5378 2.32731e-05
5379 2.32731e-05
5380 2.32731e-05
5381 2.32731e-05
5382 2.32731e-05
5383 2.32731e-05
5384 2.32731e-05
5385 2.32731e-05
5386 2.32731e-05
5387 2.32731e-05
5388 2.32731e-05
5389 2.32731e-05
5390 2.32731e-05
5391 2.32731e-05
5392 2.32731e-05
5393 2.32731e-05
5394 2.32731e-05
5395 2.32731e-05
5396 2.32731e-05
5397 2.32731e-05
5398 2.32731e-05
5399 2.32731e-05
5400 2.32731e-05
5401 2.32731e-05
5402 2.32731e-05
5403 2.32731e-05
5404 2.32731e-05
5405 2.32731e-05
5406 2.32731e-05
5407 2.32731e-05
5408 2.32731e-05
5409 2.32731e-05
5410 2.32731e-05
5411 2.32731e-05
5412 2.32731e-05
5413 2.32731e-05
5414 2.32731e-05
5415 2.32731e-05
5416 2.32731e-05
5417 2.32731e-05
5418 2.32731e-05
5419 2.32731e-05
5420 2.32731e-05
5421 2.32731e-05
5422 2.32731e-05
5423 2.32731e-05
5424 2.32731e-05
5425 2.32731e-05
5426 2.32731e-05
5427 2.32731e-05
5428 2.32731e-05
5429 2.32731e-05
5430 2.32731e-05
5431 2.32731e-05
5432 2.32731e-05
5433 2.32731e-05
5434 2.32731e-05
5435 2.32731e-05
5436 2.32731e-05
5437 2.32731e-05
5438 2.32731e-05
5439 2.32731e-05
5440 2.32731e-05
5441 2.32731e-05
5442 2.32731e-05
5443 2.32731e-05
5444 2.32731e-05
5445 2.32731e-05
5446 2.32731e-05
5447 2.32731e-05
5448 2.32731e-05
5449 2.32731e-05
5450 2.32731e-05
5451 2.32731e-05
5452 2.32731e-05
5453 2.32731e-05
5454 2.32731e-05
5455 2.32731e-05
5456 2.32731e-05
5457 2.32731e-05
5458 2.32731e-05
5459 2.32731e-05
5460 2.32731e-05
5461 2.32731e-05
5462 2.32731e-05
5463 2.32731e-05
5464 2.32731e-05
5465 2.32731e-05
5466 2.32731e-05
5467 2.32731e-05
5468 2.32731e-05
5469 2.32731e-05
5470 2.32731e-05
5471 2.32731e-05
5472 2.32731e-05
5473 2.32731e-05
5474 2.32731e-05
5475 2.32731e-05
5476 2.32731e-05
5477 2.32731e-05
5478 2.32731e-05
5479 2.32731e-05
5480 2.32731e-05
5481 2.32731e-05
5482 2.32731e-05
5483 2.32731e-05
5484 2.32731e-05
5485 2.32731e-05
5486 2.32731e-05
5487 2.32731e-05
5488 2.32731e-05
5489 2.32731e-05
5490 2.32731e-05
5491 2.32731e-05
5492 2.32731e-05
5493 2.32731e-05
5494 2.32731e-05
5495 2.32731e-05
5496 2.32731e-05
5497 2.32731e-05
5498 2.32731e-05
5499 2.32731e-05
5500 2.32731e-05
5501 2.32731e-05
5502 2.32731e-05
5503 2.32731e-05
5504 2.32731e-05
5505 2.32731e-05
5506 2.32731e-05
5507 2.32731e-05
5508 2.32731e-05
5509 2.32731e-05
5510 2.32731e-05
5511 2.32731e-05
5512 2.32731e-05
5513 2.32731e-05
5514 2.32731e-05
5515 2.32731e-05
5516 2.32731e-05
5517 2.32731e-05
5518 2.32731e-05
5519 2.32731e-05
5520 2.32731e-05
5521 2.32731e-05
5522 2.32731e-05
5523 2.32731e-05
5524 2.32731e-05
5525 2.32731e-05
5526 2.32731e-05
5527 2.32731e-05
5528 2.32731e-05
5529 2.32731e-05
5530 2.32731e-05
5531 2.32731e-05
5532 2.32731e-05
5533 2.32731e-05
5534 2.32731e-05
5535 2.32731e-05
5536 2.32731e-05
