0 1
1 1
2 1
3 1
4 1
5 1
6 1
7 0.999939
8 0.999939
9 0.92028
10 0.92028
11 0.92028
12 0.92028
13 0.92028
14 0.92028
15 0.920034
16 0.920034
17 0.866417
18 0.866417
19 0.866417
20 0.866417
21 0.866417
22 0.866417
23 0.866048
24 0.866048
25 0.813966
26 0.813966
27 0.813966
28 0.813966
29 0.813966
30 0.813966
31 0.813843
32 0.813843
33 0.76735
34 0.76735
35 0.76735
36 0.76735
37 0.76735
38 0.76735
39 0.767105
40 0.767105
41 0.718524
42 0.718524
43 0.718524
44 0.718524
45 0.718524
46 0.718524
47 0.718339
48 0.718339
49 0.669328
50 0.669328
51 0.669328
52 0.669328
53 0.669328
54 0.669328
55 0.669144
56 0.669144
57 0.622159
58 0.622159
59 0.622159
60 0.622159
61 0.622159
62 0.622159
63 0.621914
64 0.621914
65 0.578799
66 0.578799
67 0.578799
68 0.578799
69 0.578799
70 0.578799
71 0.578492
72 0.578492
73 0.536851
74 0.536851
75 0.536851
76 0.536851
77 0.536851
78 0.536851
79 0.536789
80 0.536789
81 0.497666
82 0.497666
83 0.497666
84 0.497666
85 0.497666
86 0.497666
87 0.497482
88 0.497482
89 0.460693
90 0.460693
91 0.460693
92 0.460693
93 0.460693
94 0.460693
95 0.46057
96 0.46057
97 0.427957
98 0.427957
99 0.427957
100 0.427957
101 0.427957
102 0.427957
103 0.427896
104 0.427896
105 0.395529
106 0.395529
107 0.395529
108 0.395529
109 0.395529
110 0.395529
111 0.395406
112 0.395406
113 0.367338
114 0.367338
115 0.367338
116 0.367338
117 0.367338
118 0.367338
119 0.367338
120 0.367338
121 0.341481
122 0.341481
123 0.341481
124 0.341481
125 0.341481
126 0.341481
127 0.341481
128 0.341481
129 0.320722
130 0.320722
131 0.320722
132 0.320722
133 0.320722
134 0.320722
135 0.320661
136 0.320661
137 0.298182
138 0.298182
139 0.298182
140 0.298182
141 0.298182
142 0.298182
143 0.298059
144 0.298059
145 0.277976
146 0.277976
147 0.277976
148 0.277976
149 0.277976
150 0.277976
151 0.277853
152 0.277853
153 0.259182
154 0.259182
155 0.259182
156 0.259182
157 0.259182
158 0.259182
159 0.259059
160 0.259059
161 0.240327
162 0.240327
163 0.240327
164 0.240327
165 0.240327
166 0.240327
167 0.240265
168 0.240265
169 0.225157
170 0.225157
171 0.225157
172 0.225157
173 0.225157
174 0.225157
175 0.225157
176 0.225157
177 0.208512
178 0.208512
179 0.208512
180 0.208512
181 0.208512
182 0.208512
183 0.208328
184 0.208328
185 0.193957
186 0.193957
187 0.193957
188 0.193957
189 0.193957
190 0.193957
191 0.193895
192 0.193895
193 0.179953
194 0.179953
195 0.179953
196 0.179953
197 0.179953
198 0.179953
199 0.179769
200 0.179769
201 0.166503
202 0.166503
203 0.166503
204 0.166503
205 0.166503
206 0.166503
207 0.166503
208 0.166503
209 0.154588
210 0.154588
211 0.154588
212 0.154588
213 0.154588
214 0.154588
215 0.154588
216 0.154588
217 0.143471
218 0.143471
219 0.143471
220 0.143471
221 0.143471
222 0.143471
223 0.14341
224 0.14341
225 0.134689
226 0.134689
227 0.134689
228 0.134689
229 0.134689
230 0.134689
231 0.134689
232 0.134689
233 0.126029
234 0.126029
235 0.126029
236 0.126029
237 0.126029
238 0.126029
239 0.125967
240 0.125967
241 0.11743
242 0.11743
243 0.11743
244 0.11743
245 0.11743
246 0.11743
247 0.117369
248 0.117369
249 0.109753
250 0.109753
251 0.109753
252 0.109753
253 0.109753
254 0.109753
255 0.109753
256 0.109753
257 0.102322
258 0.102322
259 0.102322
260 0.102322
261 0.102322
262 0.102322
263 0.102322
264 0.102322
265 0.096057
266 0.096057
267 0.096057
268 0.096057
269 0.096057
270 0.096057
271 0.096057
272 0.096057
273 0.090468
274 0.090468
275 0.090468
276 0.090468
277 0.090468
278 0.090468
279 0.090468
280 0.090468
281 0.0850633
282 0.0850633
283 0.0850633
284 0.0850633
285 0.0850633
286 0.0850633
287 0.0850633
288 0.0850633
289 0.0798428
290 0.0798428
291 0.0798428
292 0.0798428
293 0.0798428
294 0.0798428
295 0.0798428
296 0.0798428
297 0.0760349
298 0.0760349
299 0.0760349
300 0.0760349
301 0.0760349
302 0.0760349
303 0.0759735
304 0.0759735
305 0.0719813
306 0.0719813
307 0.0719813
308 0.0719813
309 0.0719813
310 0.0719813
311 0.0719813
312 0.0719813
313 0.0676821
314 0.0676821
315 0.0676821
316 0.0676821
317 0.0676821
318 0.0676821
319 0.0676821
320 0.0676821
321 0.0637514
322 0.0637514
323 0.0637514
324 0.0637514
325 0.0637514
326 0.0637514
327 0.06369
328 0.06369
329 0.0590837
330 0.0590837
331 0.0590837
332 0.0590837
333 0.0590837
334 0.0590837
335 0.0590837
336 0.0590837
337 0.0560742
338 0.0560742
339 0.0560742
340 0.0560742
341 0.0560742
342 0.0560742
343 0.0560128
344 0.0560128
345 0.0530033
346 0.0530033
347 0.0530033
348 0.0530033
349 0.0530033
350 0.0530033
351 0.0529419
352 0.0529419
353 0.0500553
354 0.0500553
355 0.0500553
356 0.0500553
357 0.0500553
358 0.0500553
359 0.0499939
360 0.0499939
361 0.0474757
362 0.0474757
363 0.0474757
364 0.0474757
365 0.0474757
366 0.0474757
367 0.0474757
368 0.0474757
369 0.0452647
370 0.0452647
371 0.0452647
372 0.0452647
373 0.0452647
374 0.0452647
375 0.0452647
376 0.0452647
377 0.0421938
378 0.0421938
379 0.0421938
380 0.0421938
381 0.0421938
382 0.0421938
383 0.0421938
384 0.0421938
385 0.0399828
386 0.0399828
387 0.0399828
388 0.0399828
389 0.0399828
390 0.0399828
391 0.0399828
392 0.0399828
393 0.037956
394 0.037956
395 0.037956
396 0.037956
397 0.037956
398 0.037956
399 0.037956
400 0.037956
401 0.036482
402 0.036482
403 0.036482
404 0.036482
405 0.036482
406 0.036482
407 0.036482
408 0.036482
409 0.0348237
410 0.0348237
411 0.0348237
412 0.0348237
413 0.0348237
414 0.0348237
415 0.0347623
416 0.0347623
417 0.0323056
418 0.0323056
419 0.0323056
420 0.0323056
421 0.0323056
422 0.0323056
423 0.0323056
424 0.0323056
425 0.0304631
426 0.0304631
427 0.0304631
428 0.0304631
429 0.0304631
430 0.0304631
431 0.0304631
432 0.0304631
433 0.0286206
434 0.0286206
435 0.0286206
436 0.0286206
437 0.0286206
438 0.0286206
439 0.0286206
440 0.0286206
441 0.0273308
442 0.0273308
443 0.0273308
444 0.0273308
445 0.0273308
446 0.0273308
447 0.0273308
448 0.0273308
449 0.0261639
450 0.0261639
451 0.0261639
452 0.0261639
453 0.0261639
454 0.0261639
455 0.0261639
456 0.0261639
457 0.0247513
458 0.0247513
459 0.0247513
460 0.0247513
461 0.0247513
462 0.0247513
463 0.0247513
464 0.0247513
465 0.0238914
466 0.0238914
467 0.0238914
468 0.0238914
469 0.0238914
470 0.0238914
471 0.02383
472 0.02383
473 0.0220489
474 0.0220489
475 0.0220489
476 0.0220489
477 0.0220489
478 0.0220489
479 0.0220489
480 0.0220489
481 0.0210048
482 0.0210048
483 0.0210048
484 0.0210048
485 0.0210048
486 0.0210048
487 0.0210048
488 0.0210048
489 0.0200221
490 0.0200221
491 0.0200221
492 0.0200221
493 0.0200221
494 0.0200221
495 0.0200221
496 0.0200221
497 0.0190394
498 0.0190394
499 0.0190394
500 0.0190394
501 0.0190394
502 0.0190394
503 0.0190394
504 0.0190394
505 0.0181182
506 0.0181182
507 0.0181182
508 0.0181182
509 0.0181182
510 0.0181182
511 0.0181182
512 0.0181182
513 0.0173812
514 0.0173812
515 0.0173812
516 0.0173812
517 0.0173812
518 0.0173812
519 0.0173812
520 0.0173812
521 0.0163371
522 0.0163371
523 0.0163371
524 0.0163371
525 0.0163371
526 0.0163371
527 0.0163371
528 0.0163371
529 0.0151087
530 0.0151087
531 0.0151087
532 0.0151087
533 0.0151087
534 0.0151087
535 0.0151087
536 0.0151087
537 0.0144945
538 0.0144945
539 0.0144945
540 0.0144945
541 0.0144945
542 0.0144945
543 0.0144945
544 0.0144945
545 0.0138804
546 0.0138804
547 0.0138804
548 0.0138804
549 0.0138804
550 0.0138804
551 0.0138804
552 0.0138804
553 0.012652
554 0.012652
555 0.012652
556 0.012652
557 0.012652
558 0.012652
559 0.012652
560 0.012652
561 0.0120993
562 0.0120993
563 0.0120993
564 0.0120993
565 0.0120993
566 0.0120993
567 0.0120993
568 0.0120993
569 0.0116693
570 0.0116693
571 0.0116693
572 0.0116693
573 0.0116693
574 0.0116693
575 0.0116693
576 0.0116693
577 0.0114851
578 0.0114851
579 0.0114851
580 0.0114851
581 0.0114851
582 0.0114851
583 0.0114851
584 0.0114851
585 0.0110552
586 0.0110552
587 0.0110552
588 0.0110552
589 0.0110552
590 0.0110552
591 0.0110552
592 0.0110552
593 0.0105024
594 0.0105024
595 0.0105024
596 0.0105024
597 0.0105024
598 0.0105024
599 0.0105024
600 0.0105024
601 0.0103181
602 0.0103181
603 0.0103181
604 0.0103181
605 0.0103181
606 0.0103181
607 0.0103181
608 0.0103181
609 0.00994964
610 0.00994964
611 0.00994964
612 0.00994964
613 0.00994964
614 0.00994964
615 0.00994964
616 0.00994964
617 0.00970397
618 0.00970397
619 0.00970397
620 0.00970397
621 0.00970397
622 0.00970397
623 0.00970397
624 0.00970397
625 0.00933546
626 0.00933546
627 0.00933546
628 0.00933546
629 0.00933546
630 0.00933546
631 0.00933546
632 0.00933546
633 0.00872129
634 0.00872129
635 0.00872129
636 0.00872129
637 0.00872129
638 0.00872129
639 0.00872129
640 0.00872129
641 0.00829136
642 0.00829136
643 0.00829136
644 0.00829136
645 0.00829136
646 0.00829136
647 0.00829136
648 0.00829136
649 0.00761577
650 0.00761577
651 0.00761577
652 0.00761577
653 0.00761577
654 0.00761577
655 0.00761577
656 0.00761577
657 0.00687876
658 0.00687876
659 0.00687876
660 0.00687876
661 0.00687876
662 0.00687876
663 0.00687876
664 0.00687876
665 0.00663309
666 0.00663309
667 0.00663309
668 0.00663309
669 0.00663309
670 0.00663309
671 0.00663309
672 0.00663309
673 0.00620317
674 0.00620317
675 0.00620317
676 0.00620317
677 0.00620317
678 0.00620317
679 0.00620317
680 0.00620317
681 0.00558899
682 0.00558899
683 0.00558899
684 0.00558899
685 0.00558899
686 0.00558899
687 0.00558899
688 0.00558899
689 0.00503624
690 0.00503624
691 0.00503624
692 0.00503624
693 0.00503624
694 0.00503624
695 0.00503624
696 0.00503624
697 0.00497482
698 0.00497482
699 0.00497482
700 0.00497482
701 0.00497482
702 0.00497482
703 0.00497482
704 0.00497482
705 0.00466773
706 0.00466773
707 0.00466773
708 0.00466773
709 0.00466773
710 0.00466773
711 0.00466773
712 0.00466773
713 0.00436064
714 0.00436064
715 0.00436064
716 0.00436064
717 0.00436064
718 0.00436064
719 0.00436064
720 0.00436064
721 0.00417639
722 0.00417639
723 0.00417639
724 0.00417639
725 0.00417639
726 0.00417639
727 0.00417639
728 0.00417639
729 0.0038693
730 0.0038693
731 0.0038693
732 0.0038693
733 0.0038693
734 0.0038693
735 0.0038693
736 0.0038693
737 0.00374647
738 0.00374647
739 0.00374647
740 0.00374647
741 0.00374647
742 0.00374647
743 0.00374647
744 0.00374647
745 0.00356222
746 0.00356222
747 0.00356222
748 0.00356222
749 0.00356222
750 0.00356222
751 0.00356222
752 0.00356222
753 0.0035008
754 0.0035008
755 0.0035008
756 0.0035008
757 0.0035008
758 0.0035008
759 0.0035008
760 0.0035008
761 0.00343938
762 0.00343938
763 0.00343938
764 0.00343938
765 0.00343938
766 0.00343938
767 0.00343938
768 0.00343938
769 0.00325513
770 0.00325513
771 0.00325513
772 0.00325513
773 0.00325513
774 0.00325513
775 0.00325513
776 0.00325513
777 0.00307088
778 0.00307088
779 0.00307088
780 0.00307088
781 0.00307088
782 0.00307088
783 0.00307088
784 0.00307088
785 0.00282521
786 0.00282521
787 0.00282521
788 0.00282521
789 0.00282521
790 0.00282521
791 0.00282521
792 0.00282521
793 0.00276379
794 0.00276379
795 0.00276379
796 0.00276379
797 0.00276379
798 0.00276379
799 0.00276379
800 0.00276379
801 0.00264095
802 0.00264095
803 0.00264095
804 0.00264095
805 0.00264095
806 0.00264095
807 0.00264095
808 0.00264095
809 0.00257954
810 0.00257954
811 0.00257954
812 0.00257954
813 0.00257954
814 0.00257954
815 0.00257954
816 0.00257954
817 0.00257954
818 0.00257954
819 0.00257954
820 0.00257954
821 0.00257954
822 0.00257954
823 0.00257954
824 0.00257954
825 0.00257954
826 0.00257954
827 0.00257954
828 0.00257954
829 0.00257954
830 0.00257954
831 0.00257954
832 0.00257954
833 0.00251812
834 0.00251812
835 0.00251812
836 0.00251812
837 0.00251812
838 0.00251812
839 0.00251812
840 0.00251812
841 0.0024567
842 0.0024567
843 0.0024567
844 0.0024567
845 0.0024567
846 0.0024567
847 0.0024567
848 0.0024567
849 0.00227245
850 0.00227245
851 0.00227245
852 0.00227245
853 0.00227245
854 0.00227245
855 0.00227245
856 0.00227245
857 0.00221103
858 0.00221103
859 0.00221103
860 0.00221103
861 0.00221103
862 0.00221103
863 0.00221103
864 0.00221103
865 0.00221103
866 0.00221103
867 0.00221103
868 0.00221103
869 0.00221103
870 0.00221103
871 0.00221103
872 0.00221103
873 0.0020882
874 0.0020882
875 0.0020882
876 0.0020882
877 0.0020882
878 0.0020882
879 0.00202678
880 0.00202678
881 0.00202678
882 0.00202678
883 0.00202678
884 0.00202678
885 0.00202678
886 0.00202678
887 0.00202678
888 0.00202678
889 0.00202678
890 0.00202678
891 0.00202678
892 0.00202678
893 0.00202678
894 0.00202678
895 0.00202678
896 0.00202678
897 0.00196536
898 0.00196536
899 0.00196536
900 0.00196536
901 0.00196536
902 0.00196536
903 0.00196536
904 0.00196536
905 0.00184253
906 0.00184253
907 0.00184253
908 0.00184253
909 0.00184253
910 0.00184253
911 0.00184253
912 0.00184253
913 0.00178111
914 0.00178111
915 0.00178111
916 0.00178111
917 0.00178111
918 0.00178111
919 0.00178111
920 0.00178111
921 0.00178111
922 0.00178111
923 0.00178111
924 0.00178111
925 0.00178111
926 0.00178111
927 0.00178111
928 0.00178111
929 0.00178111
930 0.00178111
931 0.00178111
932 0.00178111
933 0.00178111
934 0.00178111
935 0.00178111
936 0.00178111
937 0.00165827
938 0.00165827
939 0.00165827
940 0.00165827
941 0.00165827
942 0.00165827
943 0.00165827
944 0.00165827
945 0.00159686
946 0.00159686
947 0.00159686
948 0.00159686
949 0.00159686
950 0.00159686
951 0.00159686
952 0.00159686
953 0.00159686
954 0.00159686
955 0.00159686
956 0.00159686
957 0.00159686
958 0.00159686
959 0.00159686
960 0.00159686
961 0.00159686
962 0.00159686
963 0.00159686
964 0.00159686
965 0.00159686
966 0.00159686
967 0.00159686
968 0.00159686
969 0.00153544
970 0.00153544
971 0.00153544
972 0.00153544
973 0.00153544
974 0.00153544
975 0.00153544
976 0.00153544
977 0.00135119
978 0.00135119
979 0.00135119
980 0.00135119
981 0.00135119
982 0.00135119
983 0.00135119
984 0.00135119
985 0.00135119
986 0.00135119
987 0.00135119
988 0.00135119
989 0.00135119
990 0.00135119
991 0.00135119
992 0.00135119
993 0.00128977
994 0.00128977
995 0.00128977
996 0.00128977
997 0.00128977
998 0.00128977
999 0.00128977
1000 0.00128977
1001 0.00110552
1002 0.00110552
1003 0.00110552
1004 0.00110552
1005 0.00110552
1006 0.00110552
1007 0.00110552
1008 0.00110552
1009 0.00110552
1010 0.00110552
1011 0.00110552
1012 0.00110552
1013 0.00110552
1014 0.00110552
1015 0.00110552
1016 0.00110552
1017 0.00110552
1018 0.00110552
1019 0.00110552
1020 0.00110552
1021 0.00110552
1022 0.00110552
1023 0.00110552
1024 0.00110552
1025 0.0010441
1026 0.0010441
1027 0.0010441
1028 0.0010441
1029 0.0010441
1030 0.0010441
1031 0.0010441
1032 0.0010441
1033 0.000921263
1034 0.000921263
1035 0.000921263
1036 0.000921263
1037 0.000921263
1038 0.000921263
1039 0.000921263
1040 0.000921263
1041 0.000859845
1042 0.000859845
1043 0.000859845
1044 0.000859845
1045 0.000859845
1046 0.000859845
1047 0.000859845
1048 0.000859845
1049 0.000859845
1050 0.000859845
1051 0.000859845
1052 0.000859845
1053 0.000859845
1054 0.000859845
1055 0.000859845
1056 0.000859845
1057 0.000859845
1058 0.000859845
1059 0.000859845
1060 0.000859845
1061 0.000859845
1062 0.000859845
1063 0.000859845
1064 0.000859845
1065 0.000798428
1066 0.000798428
1067 0.000798428
1068 0.000798428
1069 0.000798428
1070 0.000798428
1071 0.000798428
1072 0.000798428
1073 0.000798428
1074 0.000798428
1075 0.000798428
1076 0.000798428
1077 0.000798428
1078 0.000798428
1079 0.000798428
1080 0.000798428
1081 0.00073701
1082 0.00073701
1083 0.00073701
1084 0.00073701
1085 0.00073701
1086 0.00073701
1087 0.00073701
1088 0.00073701
1089 0.00073701
1090 0.00073701
1091 0.00073701
1092 0.00073701
1093 0.00073701
1094 0.00073701
1095 0.00073701
1096 0.00073701
1097 0.00073701
1098 0.00073701
1099 0.00073701
1100 0.00073701
1101 0.00073701
1102 0.00073701
1103 0.00073701
1104 0.00073701
1105 0.000675593
1106 0.000675593
1107 0.000675593
1108 0.000675593
1109 0.000675593
1110 0.000675593
1111 0.000675593
1112 0.000675593
1113 0.000675593
1114 0.000675593
1115 0.000675593
1116 0.000675593
1117 0.000675593
1118 0.000675593
1119 0.000675593
1120 0.000675593
1121 0.000614175
1122 0.000614175
1123 0.000614175
1124 0.000614175
1125 0.000614175
1126 0.000614175
1127 0.000614175
1128 0.000614175
1129 0.000614175
1130 0.000614175
1131 0.000614175
1132 0.000614175
1133 0.000614175
1134 0.000614175
1135 0.000614175
1136 0.000614175
1137 0.000614175
1138 0.000614175
1139 0.000614175
1140 0.000614175
1141 0.000614175
1142 0.000614175
1143 0.000614175
1144 0.000614175
1145 0.000614175
1146 0.000614175
1147 0.000614175
1148 0.000614175
1149 0.000614175
1150 0.000614175
1151 0.000614175
1152 0.000614175
1153 0.000614175
1154 0.000614175
1155 0.000614175
1156 0.000614175
1157 0.000614175
1158 0.000614175
1159 0.000614175
1160 0.000614175
1161 0.000614175
1162 0.000614175
1163 0.000614175
1164 0.000614175
1165 0.000614175
1166 0.000614175
1167 0.000614175
1168 0.000614175
1169 0.000552758
1170 0.000552758
1171 0.000552758
1172 0.000552758
1173 0.000552758
1174 0.000552758
1175 0.000552758
1176 0.000552758
1177 0.000552758
1178 0.000552758
1179 0.000552758
1180 0.000552758
1181 0.000552758
1182 0.000552758
1183 0.000552758
1184 0.000552758
1185 0.000552758
1186 0.000552758
1187 0.000552758
1188 0.000552758
1189 0.000552758
1190 0.000552758
1191 0.000552758
1192 0.000552758
1193 0.000552758
1194 0.000552758
1195 0.000552758
1196 0.000552758
1197 0.000552758
1198 0.000552758
1199 0.000552758
1200 0.000552758
1201 0.000552758
1202 0.000552758
1203 0.000552758
1204 0.000552758
1205 0.000552758
1206 0.000552758
1207 0.000552758
1208 0.000552758
1209 0.000552758
1210 0.000552758
1211 0.000552758
1212 0.000552758
1213 0.000552758
1214 0.000552758
1215 0.000552758
1216 0.000552758
1217 0.000552758
1218 0.000552758
1219 0.000552758
1220 0.000552758
1221 0.000552758
1222 0.000552758
1223 0.000552758
1224 0.000552758
1225 0.000552758
1226 0.000552758
1227 0.000552758
1228 0.000552758
1229 0.000552758
1230 0.000552758
1231 0.000552758
1232 0.000552758
1233 0.000552758
1234 0.000552758
1235 0.000552758
1236 0.000552758
1237 0.000552758
1238 0.000552758
1239 0.000552758
1240 0.000552758
1241 0.000552758
1242 0.000552758
1243 0.000552758
1244 0.000552758
1245 0.000552758
1246 0.000552758
1247 0.000552758
1248 0.000552758
1249 0.000552758
1250 0.000552758
1251 0.000552758
1252 0.000552758
1253 0.000552758
1254 0.000552758
1255 0.000552758
1256 0.000552758
1257 0.000552758
1258 0.000552758
1259 0.000552758
1260 0.000552758
1261 0.000552758
1262 0.000552758
1263 0.000552758
1264 0.000552758
1265 0.000552758
1266 0.000552758
1267 0.000552758
1268 0.000552758
1269 0.000552758
1270 0.000552758
1271 0.000552758
1272 0.000552758
1273 0.00049134
1274 0.00049134
1275 0.00049134
1276 0.00049134
1277 0.00049134
1278 0.00049134
1279 0.00049134
1280 0.00049134
1281 0.00049134
1282 0.00049134
1283 0.00049134
1284 0.00049134
1285 0.00049134
1286 0.00049134
1287 0.00049134
1288 0.00049134
1289 0.00049134
1290 0.00049134
1291 0.00049134
1292 0.00049134
1293 0.00049134
1294 0.00049134
1295 0.00049134
1296 0.00049134
1297 0.00049134
1298 0.00049134
1299 0.00049134
1300 0.00049134
1301 0.00049134
1302 0.00049134
1303 0.00049134
1304 0.00049134
1305 0.00049134
1306 0.00049134
1307 0.00049134
1308 0.00049134
1309 0.00049134
1310 0.00049134
1311 0.00049134
1312 0.00049134
1313 0.000429923
1314 0.000429923
1315 0.000429923
1316 0.000429923
1317 0.000429923
1318 0.000429923
1319 0.000429923
1320 0.000429923
1321 0.000429923
1322 0.000429923
1323 0.000429923
1324 0.000429923
1325 0.000429923
1326 0.000429923
1327 0.000429923
1328 0.000429923
1329 0.000307088
1330 0.000307088
1331 0.000307088
1332 0.000307088
1333 0.000307088
1334 0.000307088
1335 0.000307088
1336 0.000307088
1337 0.000307088
1338 0.000307088
1339 0.000307088
1340 0.000307088
1341 0.000307088
1342 0.000307088
1343 0.000307088
1344 0.000307088
1345 0.000307088
1346 0.000307088
1347 0.000307088
1348 0.000307088
1349 0.000307088
1350 0.000307088
1351 0.000307088
1352 0.000307088
1353 0.000307088
1354 0.000307088
1355 0.000307088
1356 0.000307088
1357 0.000307088
1358 0.000307088
1359 0.000307088
1360 0.000307088
1361 0.000307088
1362 0.000307088
1363 0.000307088
1364 0.000307088
1365 0.000307088
1366 0.000307088
1367 0.000307088
1368 0.000307088
1369 0.000307088
1370 0.000307088
1371 0.000307088
1372 0.000307088
1373 0.000307088
1374 0.000307088
1375 0.000307088
1376 0.000307088
1377 0.000307088
1378 0.000307088
1379 0.000307088
1380 0.000307088
1381 0.000307088
1382 0.000307088
1383 0.000307088
1384 0.000307088
1385 0.000307088
1386 0.000307088
1387 0.000307088
1388 0.000307088
1389 0.000307088
1390 0.000307088
1391 0.000307088
1392 0.000307088
1393 0.000307088
1394 0.000307088
1395 0.000307088
1396 0.000307088
1397 0.000307088
1398 0.000307088
1399 0.000307088
1400 0.000307088
1401 0.000307088
1402 0.000307088
1403 0.000307088
1404 0.000307088
1405 0.000307088
1406 0.000307088
1407 0.000307088
1408 0.000307088
1409 0.000307088
1410 0.000307088
1411 0.000307088
1412 0.000307088
1413 0.000307088
1414 0.000307088
1415 0.000307088
1416 0.000307088
1417 0.00024567
1418 0.00024567
1419 0.00024567
1420 0.00024567
1421 0.00024567
1422 0.00024567
1423 0.00024567
1424 0.00024567
1425 0.000184253
1426 0.000184253
1427 0.000184253
1428 0.000184253
1429 0.000184253
1430 0.000184253
1431 0.000184253
1432 0.000184253
1433 0.000184253
1434 0.000184253
1435 0.000184253
1436 0.000184253
1437 0.000184253
1438 0.000184253
1439 0.000184253
1440 0.000184253
1441 0.000184253
1442 0.000184253
1443 0.000184253
1444 0.000184253
1445 0.000184253
1446 0.000184253
1447 0.000184253
1448 0.000184253
1449 0.000184253
1450 0.000184253
1451 0.000184253
1452 0.000184253
1453 0.000184253
1454 0.000184253
1455 0.000184253
1456 0.000184253
1457 0.000122835
1458 0.000122835
1459 0.000122835
1460 0.000122835
1461 0.000122835
1462 0.000122835
1463 0.000122835
1464 0.000122835
1465 0.000122835
1466 0.000122835
1467 0.000122835
1468 0.000122835
1469 0.000122835
1470 0.000122835
1471 0.000122835
1472 0.000122835
1473 0.000122835
1474 0.000122835
1475 0.000122835
1476 0.000122835
1477 0.000122835
1478 0.000122835
1479 0.000122835
1480 0.000122835
1481 0.000122835
1482 0.000122835
1483 0.000122835
1484 0.000122835
1485 0.000122835
1486 0.000122835
1487 0.000122835
1488 0.000122835
1489 6.14175e-05
1490 6.14175e-05
1491 6.14175e-05
1492 6.14175e-05
1493 6.14175e-05
1494 6.14175e-05
1495 6.14175e-05
1496 6.14175e-05
1497 6.14175e-05
1498 6.14175e-05
1499 6.14175e-05
1500 6.14175e-05
1501 6.14175e-05
1502 6.14175e-05
1503 6.14175e-05
1504 6.14175e-05
1505 6.14175e-05
1506 6.14175e-05
1507 6.14175e-05
1508 6.14175e-05
1509 6.14175e-05
1510 6.14175e-05
1511 6.14175e-05
1512 6.14175e-05
1513 6.14175e-05
1514 6.14175e-05
1515 6.14175e-05
1516 6.14175e-05
1517 6.14175e-05
1518 6.14175e-05
1519 6.14175e-05
1520 6.14175e-05
1521 6.14175e-05
1522 6.14175e-05
1523 6.14175e-05
1524 6.14175e-05
1525 6.14175e-05
1526 6.14175e-05
1527 6.14175e-05
1528 6.14175e-05
1529 6.14175e-05
1530 6.14175e-05
1531 6.14175e-05
1532 6.14175e-05
1533 6.14175e-05
1534 6.14175e-05
1535 6.14175e-05
1536 6.14175e-05
1537 6.14175e-05
1538 6.14175e-05
1539 6.14175e-05
1540 6.14175e-05
1541 6.14175e-05
1542 6.14175e-05
1543 6.14175e-05
1544 6.14175e-05
1545 6.14175e-05
1546 6.14175e-05
1547 6.14175e-05
1548 6.14175e-05
1549 6.14175e-05
1550 6.14175e-05
1551 6.14175e-05
1552 6.14175e-05
1553 6.14175e-05
1554 6.14175e-05
1555 6.14175e-05
1556 6.14175e-05
1557 6.14175e-05
1558 6.14175e-05
1559 6.14175e-05
1560 6.14175e-05
1561 6.14175e-05
1562 6.14175e-05
1563 6.14175e-05
1564 6.14175e-05
1565 6.14175e-05
1566 6.14175e-05
1567 6.14175e-05
1568 6.14175e-05
1569 6.14175e-05
1570 6.14175e-05
1571 6.14175e-05
1572 6.14175e-05
1573 6.14175e-05
1574 6.14175e-05
1575 6.14175e-05
1576 6.14175e-05
1577 6.14175e-05
1578 6.14175e-05
1579 6.14175e-05
1580 6.14175e-05
1581 6.14175e-05
1582 6.14175e-05
1583 6.14175e-05
1584 6.14175e-05
1585 6.14175e-05
1586 6.14175e-05
1587 6.14175e-05
1588 6.14175e-05
1589 6.14175e-05
1590 6.14175e-05
1591 6.14175e-05
1592 6.14175e-05
1593 6.14175e-05
1594 6.14175e-05
1595 6.14175e-05
1596 6.14175e-05
1597 6.14175e-05
1598 6.14175e-05
1599 6.14175e-05
1600 6.14175e-05
1601 6.14175e-05
1602 6.14175e-05
1603 6.14175e-05
1604 6.14175e-05
1605 6.14175e-05
1606 6.14175e-05
1607 6.14175e-05
1608 6.14175e-05
1609 6.14175e-05
1610 6.14175e-05
1611 6.14175e-05
1612 6.14175e-05
1613 6.14175e-05
1614 6.14175e-05
1615 6.14175e-05
1616 6.14175e-05
1617 6.14175e-05
1618 6.14175e-05
1619 6.14175e-05
1620 6.14175e-05
1621 6.14175e-05
1622 6.14175e-05
1623 6.14175e-05
1624 6.14175e-05
1625 6.14175e-05
1626 6.14175e-05
1627 6.14175e-05
1628 6.14175e-05
1629 6.14175e-05
1630 6.14175e-05
1631 6.14175e-05
1632 6.14175e-05
