0 1
1 1
2 1
3 1
4 1
5 1
6 1
7 1
8 1
9 1
10 1
11 1
12 1
13 0.964218
14 0.930224
15 0.899809
16 0.86677
17 0.836594
18 0.806417
19 0.778149
20 0.750835
21 0.727338
22 0.70062
23 0.676765
24 0.653745
25 0.630606
26 0.608898
27 0.587667
28 0.567271
29 0.545563
30 0.526956
31 0.510496
32 0.49511
33 0.478888
34 0.462786
35 0.445969
36 0.430224
37 0.415076
38 0.403268
39 0.391341
40 0.376789
41 0.361522
42 0.347448
43 0.335043
44 0.323235
45 0.312381
46 0.301527
47 0.293297
48 0.282801
49 0.273378
50 0.263717
51 0.256322
52 0.247257
53 0.23843
54 0.230439
55 0.222925
56 0.21708
57 0.210162
58 0.204795
59 0.198473
60 0.192987
61 0.188096
62 0.180344
63 0.175453
64 0.16949
65 0.164361
66 0.15947
67 0.155773
68 0.15124
69 0.146708
70 0.142653
71 0.138001
72 0.133469
73 0.129652
74 0.125954
75 0.121422
76 0.117247
77 0.114027
78 0.110687
79 0.106632
80 0.103292
81 0.0999523
82 0.0958969
83 0.0932729
84 0.0906489
85 0.087667
86 0.0852815
87 0.082896
88 0.0791985
89 0.0766937
90 0.0737118
91 0.0714456
92 0.0694179
93 0.0671517
94 0.0653626
95 0.0617843
96 0.0604723
97 0.0591603
98 0.0578483
99 0.0568941
100 0.0555821
101 0.0539122
102 0.0517653
103 0.0509303
104 0.0489027
105 0.0475907
106 0.0465172
107 0.0454437
108 0.0441317
109 0.043416
110 0.0425811
111 0.0417462
112 0.0411498
113 0.0405534
114 0.0398378
115 0.0392414
116 0.0379294
117 0.037333
118 0.0362595
119 0.0354246
120 0.0344704
121 0.0333969
122 0.0324427
123 0.0320849
124 0.0316078
125 0.0310115
126 0.0296994
127 0.028626
128 0.0279103
129 0.0274332
130 0.0271947
131 0.0263597
132 0.0260019
133 0.025167
134 0.0243321
135 0.023855
136 0.0229008
137 0.0224237
138 0.021708
139 0.0206345
140 0.0200382
141 0.0197996
142 0.019084
143 0.0186069
144 0.018249
145 0.0178912
146 0.0174141
147 0.0166985
148 0.0163406
149 0.0161021
150 0.0158635
151 0.0152672
152 0.0147901
153 0.014313
154 0.0138359
155 0.0133588
156 0.0131202
157 0.0128817
158 0.0125239
159 0.0122853
160 0.0119275
161 0.0113311
162 0.010854
163 0.0107347
164 0.0102576
165 0.0100191
166 0.00989981
167 0.00966126
168 0.00954198
169 0.00918416
170 0.00882634
171 0.00846851
172 0.00846851
173 0.00822996
174 0.00811069
175 0.00799141
176 0.00763359
177 0.00739504
178 0.00691794
179 0.00679866
180 0.00644084
181 0.00632156
182 0.00608302
183 0.00608302
184 0.00608302
185 0.00596374
186 0.00572519
187 0.00560592
188 0.00560592
189 0.00560592
190 0.00560592
191 0.00548664
192 0.00536737
193 0.00536737
194 0.00536737
195 0.00536737
196 0.00512882
197 0.00512882
198 0.00512882
199 0.00500954
200 0.00500954
201 0.00477099
202 0.00453244
203 0.00453244
204 0.00417462
205 0.00405534
206 0.00405534
207 0.00405534
208 0.00405534
209 0.00405534
210 0.00405534
211 0.00393607
212 0.00393607
213 0.00393607
214 0.00393607
215 0.00393607
216 0.00381679
217 0.00381679
218 0.00369752
219 0.00369752
220 0.00369752
221 0.00369752
222 0.00369752
223 0.00357824
224 0.00345897
225 0.00333969
226 0.00322042
227 0.00322042
228 0.00310115
229 0.00310115
230 0.00310115
231 0.00298187
232 0.00298187
233 0.0028626
234 0.00274332
235 0.00274332
236 0.00262405
237 0.00250477
238 0.00250477
239 0.00250477
240 0.0023855
241 0.00226622
242 0.00226622
243 0.00226622
244 0.00226622
245 0.00214695
246 0.00214695
247 0.00202767
248 0.0019084
249 0.00178912
250 0.00155057
251 0.00155057
252 0.0014313
253 0.0014313
254 0.00119275
255 0.00119275
256 0.00119275
257 0.00119275
258 0.00119275
259 0.00119275
260 0.00119275
261 0.00119275
262 0.00119275
263 0.00119275
264 0.00119275
265 0.00119275
266 0.00119275
267 0.000954198
268 0.000954198
269 0.000954198
270 0.000715649
271 0.000715649
272 0.000715649
273 0.000715649
274 0.000715649
275 0.000596374
276 0.000596374
277 0.000596374
278 0.000477099
279 0.000477099
280 0.000357824
281 0.000357824
282 0.00023855
283 0.00023855
284 0.00023855
285 0.00023855
286 0.00023855
287 0.00023855
288 0.00023855
289 0.00023855
290 0.00023855
291 0.00023855
292 0.00023855
293 0.00023855
294 0.00023855
295 0.00023855
296 0.00023855
297 0.00023855
298 0.00023855
299 0.00023855
300 0.00023855
301 0.00023855
302 0.00023855
303 0.00023855
304 0.00023855
305 0.00023855
306 0.00023855
307 0.00023855
308 0.00023855
309 0.00023855
310 0.00023855
311 0.00023855
312 0.00023855
313 0.000119275
314 0.000119275
315 0.000119275
316 0.000119275
317 0.000119275
318 0.000119275
319 0.000119275
320 0.000119275
321 0.000119275
322 0.000119275
323 0.000119275
324 0.000119275
325 0.000119275
326 0.000119275
327 0.000119275
328 0.000119275
329 0.000119275
330 0.000119275
331 0.000119275
332 0.000119275
333 0.000119275
334 0.000119275
335 0.000119275
336 0.000119275
337 0.000119275
338 0.000119275
339 0.000119275
340 0.000119275
341 0.000119275
342 0.000119275
343 0.000119275
344 0.000119275
345 0.000119275
