0 1
1 1
2 1
3 1
4 1
5 1
6 1
7 1
8 1
9 1
10 1
11 1
12 1
13 0.984125
14 0.969204
15 0.954555
16 0.940519
17 0.926007
18 0.912312
19 0.899843
20 0.887102
21 0.872999
22 0.862438
23 0.851673
24 0.839954
25 0.828712
26 0.818764
27 0.806704
28 0.795667
29 0.784084
30 0.77475
31 0.764802
32 0.756081
33 0.747019
34 0.736458
35 0.729441
36 0.720992
37 0.713157
38 0.706343
39 0.699326
40 0.691763
41 0.684813
42 0.676705
43 0.670369
44 0.663351
45 0.656606
46 0.648225
47 0.642161
48 0.635825
49 0.629693
50 0.623084
51 0.617156
52 0.611228
53 0.605028
54 0.599918
55 0.594263
56 0.589494
57 0.584247
58 0.579069
59 0.574164
60 0.568032
61 0.562513
62 0.55713
63 0.552497
64 0.546229
65 0.542005
66 0.537235
67 0.532193
68 0.528378
69 0.523949
70 0.520338
71 0.516114
72 0.512503
73 0.508687
74 0.503986
75 0.499966
76 0.495742
77 0.492607
78 0.489133
79 0.485453
80 0.481774
81 0.478095
82 0.473189
83 0.470191
84 0.466444
85 0.46331
86 0.460448
87 0.456973
88 0.454248
89 0.450637
90 0.446481
91 0.442802
92 0.439395
93 0.435716
94 0.432173
95 0.429311
96 0.426518
97 0.42352
98 0.420386
99 0.41732
100 0.415276
101 0.412278
102 0.409757
103 0.406963
104 0.404306
105 0.401921
106 0.399877
107 0.397016
108 0.394495
109 0.392314
110 0.389794
111 0.387681
112 0.384479
113 0.382639
114 0.379982
115 0.378279
116 0.376235
117 0.373987
118 0.37167
119 0.368672
120 0.366492
121 0.364107
122 0.361927
123 0.360428
124 0.35852
125 0.35634
126 0.354705
127 0.352592
128 0.350889
129 0.349254
130 0.34721
131 0.345234
132 0.343531
133 0.342168
134 0.340465
135 0.339306
136 0.336922
137 0.335491
138 0.332834
139 0.330653
140 0.329018
141 0.327042
142 0.32493
143 0.323499
144 0.321592
145 0.320229
146 0.318457
147 0.317231
148 0.315664
149 0.31362
150 0.312053
151 0.310486
152 0.308919
153 0.30776
154 0.306125
155 0.304763
156 0.303127
157 0.301424
158 0.300266
159 0.299244
160 0.297949
161 0.296927
162 0.295769
163 0.29352
164 0.292158
165 0.290454
166 0.288751
167 0.287661
168 0.28623
169 0.284731
170 0.283369
171 0.282142
172 0.280916
173 0.279281
174 0.27819
175 0.27676
176 0.275329
177 0.273285
178 0.27165
179 0.270355
180 0.269265
181 0.267493
182 0.266335
183 0.265041
184 0.263746
185 0.262247
186 0.261293
187 0.260067
188 0.259113
189 0.257818
190 0.256728
191 0.256183
192 0.254957
193 0.253798
194 0.252436
195 0.251005
196 0.250392
197 0.248961
198 0.247735
199 0.246781
200 0.245963
201 0.244805
202 0.24351
203 0.242216
204 0.241534
205 0.24024
206 0.23949
207 0.238536
208 0.237038
209 0.236084
210 0.234517
211 0.233972
212 0.23329
213 0.231927
214 0.230769
215 0.229407
216 0.228112
217 0.227158
218 0.226272
219 0.225114
220 0.224024
221 0.223275
222 0.222253
223 0.221299
224 0.220549
225 0.219663
226 0.21871
227 0.217619
228 0.216734
229 0.215712
230 0.215167
231 0.214349
232 0.213736
233 0.212782
234 0.211487
235 0.210806
236 0.20992
237 0.209103
238 0.208285
239 0.207127
240 0.206037
241 0.204878
242 0.203993
243 0.203379
244 0.202562
245 0.20154
246 0.200858
247 0.200041
248 0.199223
249 0.198201
250 0.197179
251 0.196702
252 0.196021
253 0.195135
254 0.194181
255 0.193636
256 0.193091
257 0.192478
258 0.191729
259 0.190911
260 0.190161
261 0.189753
262 0.189208
263 0.188663
264 0.187981
265 0.187095
266 0.186414
267 0.18546
268 0.184779
269 0.184098
270 0.183212
271 0.182394
272 0.181577
273 0.1811
274 0.180078
275 0.179328
276 0.178647
277 0.178034
278 0.177284
279 0.176603
280 0.175853
281 0.175172
282 0.174286
283 0.173264
284 0.172583
285 0.171902
286 0.171425
287 0.171016
288 0.170675
289 0.169926
290 0.169517
291 0.169108
292 0.168563
293 0.167745
294 0.1672
295 0.166519
296 0.16577
297 0.165088
298 0.164475
299 0.163657
300 0.162976
301 0.162567
302 0.161954
303 0.161273
304 0.160455
305 0.159978
306 0.159433
307 0.159024
308 0.158547
309 0.157798
310 0.157321
311 0.156844
312 0.156231
313 0.155754
314 0.155141
315 0.154051
316 0.153846
317 0.153574
318 0.152892
319 0.152688
320 0.152279
321 0.151666
322 0.151053
323 0.150439
324 0.149758
325 0.149077
326 0.148464
327 0.147646
328 0.146965
329 0.146351
330 0.145738
331 0.145398
332 0.145125
333 0.144784
334 0.144307
335 0.143354
336 0.142945
337 0.142263
338 0.141923
339 0.14165
340 0.141105
341 0.140492
342 0.139947
343 0.139334
344 0.138789
345 0.138312
346 0.137426
347 0.137017
348 0.136676
349 0.136131
350 0.135654
351 0.135177
352 0.135041
353 0.134292
354 0.133815
355 0.133202
356 0.132861
357 0.132384
358 0.131771
359 0.131158
360 0.130885
361 0.13034
362 0.129863
363 0.129182
364 0.128364
365 0.127683
366 0.127274
367 0.126933
368 0.126388
369 0.125571
370 0.125094
371 0.124549
372 0.12414
373 0.123663
374 0.12305
375 0.122505
376 0.122164
377 0.121823
378 0.121551
379 0.121414
380 0.12121
381 0.120938
382 0.120597
383 0.120392
384 0.119916
385 0.119507
386 0.119098
387 0.118825
388 0.118485
389 0.118144
390 0.117735
391 0.11719
392 0.116781
393 0.116373
394 0.115964
395 0.115555
396 0.115214
397 0.114737
398 0.11392
399 0.113647
400 0.11283
401 0.112421
402 0.111876
403 0.111808
404 0.111467
405 0.111194
406 0.11099
407 0.110649
408 0.110377
409 0.1099
410 0.109491
411 0.109287
412 0.108605
413 0.108265
414 0.107856
415 0.107583
416 0.107447
417 0.106834
418 0.106561
419 0.106425
420 0.106221
421 0.10588
422 0.105335
423 0.104994
424 0.104722
425 0.104381
426 0.10404
427 0.103563
428 0.103291
429 0.102814
430 0.102541
431 0.102405
432 0.10186
433 0.101588
434 0.101247
435 0.100702
436 0.100429
437 0.10002
438 0.0992028
439 0.0986578
440 0.0983852
441 0.0980446
442 0.0979764
443 0.0977039
444 0.0974995
445 0.0970226
446 0.0968181
447 0.0965456
448 0.0960005
449 0.0954555
450 0.0952511
451 0.0949785
452 0.0943653
453 0.0941609
454 0.0939565
455 0.0937521
456 0.0936159
457 0.0930708
458 0.0925939
459 0.0921851
460 0.0917081
461 0.0912312
462 0.0907542
463 0.0904136
464 0.090141
465 0.0898004
466 0.0897322
467 0.0894597
468 0.0889828
469 0.0888465
470 0.088574
471 0.0882333
472 0.0879608
473 0.0873476
474 0.087075
475 0.0866662
476 0.0861893
477 0.0857805
478 0.0855761
479 0.0854398
480 0.0850991
481 0.0846903
482 0.0844859
483 0.0840771
484 0.0838727
485 0.0836002
486 0.0831233
487 0.082987
488 0.082987
489 0.0823056
490 0.0822375
491 0.081965
492 0.0818287
493 0.0816243
494 0.0811474
495 0.0806704
496 0.080466
497 0.0801254
498 0.0800572
499 0.0797847
500 0.0793078
501 0.0790352
502 0.0787627
503 0.0785583
504 0.0782176
505 0.0778769
506 0.0775363
507 0.0774
508 0.0770593
509 0.0767868
510 0.0764461
511 0.0761055
512 0.0759011
513 0.0754923
514 0.0752197
515 0.0750835
516 0.0748109
517 0.0744703
518 0.074334
519 0.0739933
520 0.0735164
521 0.0734483
522 0.0732438
523 0.0731076
524 0.0729032
525 0.0727669
526 0.0725625
527 0.0722218
528 0.0720174
529 0.0716768
530 0.0714042
531 0.071268
532 0.0711317
533 0.0710636
534 0.070791
535 0.0705866
536 0.0703822
537 0.0701097
538 0.0699734
539 0.0698372
540 0.069769
541 0.0695646
542 0.0694284
543 0.0690196
544 0.0689514
545 0.0684745
546 0.0683382
547 0.0682701
548 0.0681338
549 0.067725
550 0.0674525
551 0.0670437
552 0.0669755
553 0.0667711
554 0.066703
555 0.0664305
556 0.0662261
557 0.0658854
558 0.065681
559 0.0655447
560 0.0654766
561 0.0651359
562 0.0648634
563 0.0644546
564 0.0642502
565 0.0641821
566 0.0639095
567 0.0637733
568 0.0634326
569 0.0632282
570 0.0629556
571 0.0624106
572 0.0622062
573 0.0617292
574 0.061116
575 0.0609798
576 0.0608435
577 0.0606391
578 0.060571
579 0.0602303
580 0.0599578
581 0.0596852
582 0.0594808
583 0.0594127
584 0.0592764
585 0.0592764
586 0.0591401
587 0.059072
588 0.0588676
589 0.0585951
590 0.0584588
591 0.0583225
592 0.0581181
593 0.0575731
594 0.0573005
595 0.057028
596 0.0566873
597 0.0564829
598 0.0563467
599 0.0560741
600 0.0559379
601 0.0556653
602 0.0553928
603 0.0552565
604 0.0552565
605 0.0550521
606 0.0549159
607 0.0547796
608 0.0546433
609 0.0543027
610 0.0540982
611 0.0540982
612 0.0540301
613 0.0538257
614 0.0536213
615 0.0535532
616 0.0533488
617 0.0532125
618 0.0530762
619 0.0530762
620 0.0526674
621 0.0525312
622 0.0523949
623 0.0520542
624 0.0519861
625 0.0518498
626 0.0517136
627 0.0515092
628 0.0513729
629 0.0511004
630 0.0509641
631 0.0509641
632 0.0508278
633 0.0506916
634 0.0506234
635 0.0502146
636 0.0499421
637 0.0499421
638 0.0496014
639 0.049397
640 0.0491245
641 0.0489882
642 0.0489201
643 0.0486475
644 0.048375
645 0.0482387
646 0.0480343
647 0.0480343
648 0.0478981
649 0.0476937
650 0.047353
651 0.0471486
652 0.0469442
653 0.0466717
654 0.0464673
655 0.0461266
656 0.0459903
657 0.0457859
658 0.0457178
659 0.0454453
660 0.0452409
661 0.0451727
662 0.0451727
663 0.0449683
664 0.0448321
665 0.0444914
666 0.0443551
667 0.0440826
668 0.0440826
669 0.0437419
670 0.0436738
671 0.0436738
672 0.0434694
673 0.0434012
674 0.0433331
675 0.043265
676 0.0431968
677 0.0430606
678 0.0429243
679 0.042788
680 0.0425836
681 0.0425836
682 0.0423111
683 0.0423111
684 0.0418342
685 0.041766
686 0.0416979
687 0.0416298
688 0.0414935
689 0.0412891
690 0.041221
691 0.0410847
692 0.0408122
693 0.0406759
694 0.0404034
695 0.0404034
696 0.0404034
697 0.0400627
698 0.0398583
699 0.0396539
700 0.0395857
701 0.0395176
702 0.0393813
703 0.0393813
704 0.0390407
705 0.0387
706 0.0384956
707 0.0383593
708 0.0382912
709 0.0382231
710 0.0381549
711 0.0380868
712 0.0380187
713 0.0380187
714 0.0378824
715 0.0377461
716 0.0376099
717 0.0375417
718 0.0373373
719 0.0370648
720 0.0369285
721 0.0365879
722 0.0364516
723 0.0363835
724 0.0363153
725 0.0362472
726 0.0361791
727 0.0360428
728 0.0359747
729 0.0357021
730 0.035634
731 0.0354296
732 0.0352933
733 0.0352252
734 0.0352252
735 0.035157
736 0.035157
737 0.0350889
738 0.0350208
739 0.0349526
740 0.0347482
741 0.034612
742 0.0345438
743 0.0344076
744 0.0342713
745 0.0342032
746 0.0340669
747 0.0339306
748 0.0337262
749 0.0335218
750 0.0335218
751 0.0333856
752 0.0333174
753 0.0329768
754 0.0329086
755 0.0326361
756 0.0322954
757 0.0321592
758 0.032091
759 0.0320229
760 0.0320229
761 0.0319548
762 0.0317504
763 0.0317504
764 0.031546
765 0.0314778
766 0.0314097
767 0.0313416
768 0.0312053
769 0.0311372
770 0.0311372
771 0.031069
772 0.0309328
773 0.0307965
774 0.0307284
775 0.0306602
776 0.0305921
777 0.0303877
778 0.0302514
779 0.0301833
780 0.0301833
781 0.0301151
782 0.0301151
783 0.030047
784 0.030047
785 0.030047
786 0.0299789
787 0.0299107
788 0.0298426
789 0.0297745
790 0.0297063
791 0.0296382
792 0.0295019
793 0.0294338
794 0.0293657
795 0.0292975
796 0.0291613
797 0.029025
798 0.0287525
799 0.0287525
800 0.0286162
801 0.0285481
802 0.0284118
803 0.0284118
804 0.0284118
805 0.0282755
806 0.0280711
807 0.0279349
808 0.0279349
809 0.0279349
810 0.0279349
811 0.0278667
812 0.0278667
813 0.0273898
814 0.0273217
815 0.0271854
816 0.0270491
817 0.0270491
818 0.0269129
819 0.0267085
820 0.0266403
821 0.0264359
822 0.0262315
823 0.0262315
824 0.0262315
825 0.0262315
826 0.0262315
827 0.0262315
828 0.0260271
829 0.0258227
830 0.0257546
831 0.0256183
832 0.025482
833 0.0254139
834 0.0254139
835 0.0254139
836 0.0254139
837 0.0254139
838 0.0254139
839 0.0254139
840 0.0253458
841 0.0253458
842 0.0253458
843 0.0252776
844 0.0251414
845 0.0250732
846 0.024937
847 0.024937
848 0.0248007
849 0.0248007
850 0.0248007
851 0.0248007
852 0.0247326
853 0.0246644
854 0.0245963
855 0.0245963
856 0.0245963
857 0.0245282
858 0.0243919
859 0.0243919
860 0.0241875
861 0.0240512
862 0.0239831
863 0.0238468
864 0.0237787
865 0.0235743
866 0.0235743
867 0.0233699
868 0.0233699
869 0.0233699
870 0.0233018
871 0.0230974
872 0.0230292
873 0.022893
874 0.0228248
875 0.0228248
876 0.0228248
877 0.0228248
878 0.0226886
879 0.0226204
880 0.0225523
881 0.022416
882 0.022416
883 0.022416
884 0.0222798
885 0.0221435
886 0.0220754
887 0.0220072
888 0.0219391
889 0.0219391
890 0.0217347
891 0.0216666
892 0.0215984
893 0.0215984
894 0.0215303
895 0.0214622
896 0.0214622
897 0.0214622
898 0.0214622
899 0.021394
900 0.0212578
901 0.0211215
902 0.0211215
903 0.0211215
904 0.0210533
905 0.0210533
906 0.0209852
907 0.0209171
908 0.0208489
909 0.0207808
910 0.0207127
911 0.0206445
912 0.0206445
913 0.0205083
914 0.0205083
915 0.0204401
916 0.0204401
917 0.0203039
918 0.0202357
919 0.0202357
920 0.0202357
921 0.0202357
922 0.0202357
923 0.0202357
924 0.0200995
925 0.0200995
926 0.0198951
927 0.0198951
928 0.0198951
929 0.0198269
930 0.0196907
931 0.0196907
932 0.0195544
933 0.0194181
934 0.01935
935 0.01935
936 0.0192819
937 0.0192137
938 0.0190093
939 0.0190093
940 0.0189412
941 0.0188731
942 0.0186687
943 0.0186005
944 0.0186005
945 0.0186005
946 0.0186005
947 0.0186005
948 0.0184643
949 0.018328
950 0.0182599
951 0.0182599
952 0.0182599
953 0.0182599
954 0.0181917
955 0.0181917
956 0.0180555
957 0.0179873
958 0.0179192
959 0.0178511
960 0.0178511
961 0.0175104
962 0.017306
963 0.0171016
964 0.0171016
965 0.0170335
966 0.0170335
967 0.0170335
968 0.0169653
969 0.0168972
970 0.0168291
971 0.0167609
972 0.0166246
973 0.0166246
974 0.0166246
975 0.0165565
976 0.0165565
977 0.0165565
978 0.0164884
979 0.0164202
980 0.0163521
981 0.016284
982 0.016284
983 0.0162158
984 0.0162158
985 0.0160796
986 0.0160114
987 0.0160114
988 0.0160114
989 0.0160114
990 0.0159433
991 0.0159433
992 0.0158752
993 0.0158752
994 0.015807
995 0.0157389
996 0.0156708
997 0.0156708
998 0.0155345
999 0.0155345
1000 0.0155345
1001 0.0154664
1002 0.0154664
1003 0.0153982
1004 0.0153301
1005 0.0153301
1006 0.0153301
1007 0.015262
1008 0.015262
1009 0.0151938
1010 0.0151938
1011 0.0151938
1012 0.0151257
1013 0.0151257
1014 0.0151257
1015 0.0151257
1016 0.0149894
1017 0.0149213
1018 0.0147169
1019 0.0147169
1020 0.0147169
1021 0.0147169
1022 0.0146488
1023 0.0145806
1024 0.0145806
1025 0.0145125
1026 0.0144444
1027 0.0144444
1028 0.0144444
1029 0.0144444
1030 0.0144444
1031 0.0144444
1032 0.0144444
1033 0.0143081
1034 0.01424
1035 0.01424
1036 0.0141718
1037 0.0141718
1038 0.0141718
1039 0.0141037
1040 0.0141037
1041 0.0141037
1042 0.0141037
1043 0.0140356
1044 0.0139674
1045 0.0138312
1046 0.013763
1047 0.013763
1048 0.0136268
1049 0.0136268
1050 0.0134905
1051 0.0134905
1052 0.0134905
1053 0.0134905
1054 0.0134905
1055 0.0134905
1056 0.0134224
1057 0.0134224
1058 0.0134224
1059 0.0132861
1060 0.0132861
1061 0.0132861
1062 0.0132861
1063 0.0131498
1064 0.0131498
1065 0.0131498
1066 0.0130817
1067 0.0129454
1068 0.0129454
1069 0.0129454
1070 0.0128773
1071 0.0128773
1072 0.0128773
1073 0.0128092
1074 0.012741
1075 0.0126729
1076 0.0126729
1077 0.0126729
1078 0.0126729
1079 0.0124685
1080 0.0123322
1081 0.0123322
1082 0.0123322
1083 0.0122641
1084 0.0122641
1085 0.012196
1086 0.012196
1087 0.012196
1088 0.0120597
1089 0.0120597
1090 0.0117872
1091 0.011719
1092 0.011719
1093 0.0116509
1094 0.0115827
1095 0.0115146
1096 0.0115146
1097 0.0115146
1098 0.0115146
1099 0.0115146
1100 0.0115146
1101 0.0115146
1102 0.0115146
1103 0.0114465
1104 0.0114465
1105 0.0114465
1106 0.0114465
1107 0.0114465
1108 0.0113783
1109 0.0113783
1110 0.0113783
1111 0.0113102
1112 0.0113102
1113 0.0113102
1114 0.0113102
1115 0.0113102
1116 0.0113102
1117 0.0112421
1118 0.0111739
1119 0.0111739
1120 0.0111739
1121 0.0111739
1122 0.0111058
1123 0.0111058
1124 0.0111058
1125 0.0111058
1126 0.0110377
1127 0.0110377
1128 0.0109695
1129 0.0108333
1130 0.0108333
1131 0.0107651
1132 0.0106289
1133 0.0106289
1134 0.0106289
1135 0.0106289
1136 0.0104926
1137 0.0104926
1138 0.0104245
1139 0.0103563
1140 0.0103563
1141 0.0103563
1142 0.0103563
1143 0.0102882
1144 0.0102201
1145 0.0101519
1146 0.0101519
1147 0.0100838
1148 0.0100838
1149 0.0100838
1150 0.0100838
1151 0.0100838
1152 0.0100157
1153 0.0100157
1154 0.0100157
1155 0.0100157
1156 0.0100157
1157 0.00981127
1158 0.00974314
1159 0.009675
1160 0.00960687
1161 0.00953873
1162 0.00953873
1163 0.0094706
1164 0.00940247
1165 0.00940247
1166 0.00933433
1167 0.00933433
1168 0.00933433
1169 0.00933433
1170 0.00919806
1171 0.00919806
1172 0.00912993
1173 0.00912993
1174 0.00912993
1175 0.00912993
1176 0.00912993
1177 0.0090618
1178 0.0090618
1179 0.0090618
1180 0.00892553
1181 0.00892553
1182 0.00892553
1183 0.00878926
1184 0.00878926
1185 0.00878926
1186 0.00872113
1187 0.00872113
1188 0.00872113
1189 0.00872113
1190 0.00872113
1191 0.00865299
1192 0.00865299
1193 0.00865299
1194 0.00865299
1195 0.00865299
1196 0.00865299
1197 0.00858486
1198 0.00858486
1199 0.00851673
1200 0.00851673
1201 0.00844859
1202 0.00838046
1203 0.00838046
1204 0.00838046
1205 0.00831232
1206 0.00831232
1207 0.00831232
1208 0.00817606
1209 0.00810792
1210 0.00810792
1211 0.00810792
1212 0.00810792
1213 0.00810792
1214 0.00803979
1215 0.00803979
1216 0.00803979
1217 0.00803979
1218 0.00803979
1219 0.00797166
1220 0.00783539
1221 0.00763099
1222 0.00763099
1223 0.00756285
1224 0.00749472
1225 0.00742659
1226 0.00742659
1227 0.00742659
1228 0.00742659
1229 0.00735845
1230 0.00729032
1231 0.00722218
1232 0.00722218
1233 0.00722218
1234 0.00708592
1235 0.00701778
1236 0.00701778
1237 0.00701778
1238 0.00701778
1239 0.00701778
1240 0.00694965
1241 0.00688152
1242 0.00681338
1243 0.00681338
1244 0.00681338
1245 0.00660898
1246 0.00654085
1247 0.00654085
1248 0.00654085
1249 0.00640458
1250 0.00626831
1251 0.00626831
1252 0.00626831
1253 0.00626831
1254 0.00626831
1255 0.00613204
1256 0.00606391
1257 0.00606391
1258 0.00599578
1259 0.00599578
1260 0.00599578
1261 0.00599578
1262 0.00599578
1263 0.00592764
1264 0.00592764
1265 0.00592764
1266 0.00592764
1267 0.00592764
1268 0.00592764
1269 0.00585951
1270 0.00585951
1271 0.00585951
1272 0.00585951
1273 0.00585951
1274 0.00585951
1275 0.00585951
1276 0.00585951
1277 0.00585951
1278 0.00585951
1279 0.00579137
1280 0.00579137
1281 0.00572324
1282 0.00565511
1283 0.00565511
1284 0.00565511
1285 0.00565511
1286 0.00565511
1287 0.00558697
1288 0.00558697
1289 0.00545071
1290 0.00545071
1291 0.00545071
1292 0.00545071
1293 0.00545071
1294 0.00545071
1295 0.00545071
1296 0.00545071
1297 0.00545071
1298 0.00538257
1299 0.00531444
1300 0.00531444
1301 0.00531444
1302 0.00531444
1303 0.00531444
1304 0.00531444
1305 0.00531444
1306 0.00531444
1307 0.00531444
1308 0.00531444
1309 0.00531444
1310 0.00531444
1311 0.00531444
1312 0.0052463
1313 0.0052463
1314 0.0052463
1315 0.0052463
1316 0.0052463
1317 0.0052463
1318 0.0052463
1319 0.0052463
1320 0.0052463
1321 0.0052463
1322 0.0052463
1323 0.0052463
1324 0.0052463
1325 0.0052463
1326 0.00517817
1327 0.00517817
1328 0.00517817
1329 0.00517817
1330 0.0050419
1331 0.00497377
1332 0.00490563
1333 0.0048375
1334 0.0048375
1335 0.0048375
1336 0.0048375
1337 0.0048375
1338 0.0048375
1339 0.00476937
1340 0.00476937
1341 0.00470123
1342 0.00470123
1343 0.00470123
1344 0.00470123
1345 0.00470123
1346 0.00470123
1347 0.00470123
1348 0.00456497
1349 0.00456497
1350 0.00456497
1351 0.00456497
1352 0.00456497
1353 0.00456497
1354 0.00456497
1355 0.00456497
1356 0.00456497
1357 0.00456497
1358 0.00456497
1359 0.00456497
1360 0.00456497
1361 0.00456497
1362 0.00456497
1363 0.00449683
1364 0.00449683
1365 0.00449683
1366 0.00449683
1367 0.00449683
1368 0.00449683
1369 0.00449683
1370 0.00449683
1371 0.00449683
1372 0.00449683
1373 0.0044287
1374 0.0044287
1375 0.0044287
1376 0.00436056
1377 0.00429243
1378 0.00429243
1379 0.00429243
1380 0.00429243
1381 0.00429243
1382 0.00429243
1383 0.00429243
1384 0.00429243
1385 0.00429243
1386 0.0042243
1387 0.0042243
1388 0.0042243
1389 0.0042243
1390 0.0042243
1391 0.0042243
1392 0.0042243
1393 0.0042243
1394 0.0042243
1395 0.0042243
1396 0.0042243
1397 0.0042243
1398 0.0042243
1399 0.0042243
1400 0.0042243
1401 0.0042243
1402 0.0042243
1403 0.0042243
1404 0.0042243
1405 0.0042243
1406 0.0042243
1407 0.00415616
1408 0.00415616
1409 0.00408803
1410 0.0040199
1411 0.0040199
1412 0.0040199
1413 0.0040199
1414 0.0040199
1415 0.0040199
1416 0.0040199
1417 0.0040199
1418 0.0040199
1419 0.0040199
1420 0.0040199
1421 0.0040199
1422 0.0040199
1423 0.00395176
1424 0.00395176
1425 0.00395176
1426 0.00395176
1427 0.00395176
1428 0.00388363
1429 0.00381549
1430 0.00374736
1431 0.00374736
1432 0.00374736
1433 0.00374736
1434 0.00374736
1435 0.00374736
1436 0.00374736
1437 0.00367923
1438 0.00367923
1439 0.00367923
1440 0.00367923
1441 0.00367923
1442 0.00367923
1443 0.00367923
1444 0.00367923
1445 0.00361109
1446 0.00361109
1447 0.00361109
1448 0.00361109
1449 0.00361109
1450 0.00361109
1451 0.00361109
1452 0.00361109
1453 0.00361109
1454 0.00354296
1455 0.00354296
1456 0.00354296
1457 0.00354296
1458 0.00354296
1459 0.00354296
1460 0.00354296
1461 0.00354296
1462 0.00354296
1463 0.00354296
1464 0.00354296
1465 0.00354296
1466 0.00354296
1467 0.00354296
1468 0.00354296
1469 0.00354296
1470 0.00354296
1471 0.00354296
1472 0.00347482
1473 0.00347482
1474 0.00347482
1475 0.00347482
1476 0.00347482
1477 0.00347482
1478 0.00347482
1479 0.00347482
1480 0.00347482
1481 0.00347482
1482 0.00347482
1483 0.00347482
1484 0.00347482
1485 0.00340669
1486 0.00340669
1487 0.00340669
1488 0.00340669
1489 0.00340669
1490 0.00333856
1491 0.00327042
1492 0.00327042
1493 0.00327042
1494 0.00327042
1495 0.00327042
1496 0.00327042
1497 0.00327042
1498 0.00320229
1499 0.00320229
1500 0.00320229
1501 0.00320229
1502 0.00320229
1503 0.00320229
1504 0.00320229
1505 0.00320229
1506 0.00320229
1507 0.00320229
1508 0.00313416
1509 0.00313416
1510 0.00313416
1511 0.00313416
1512 0.00313416
1513 0.00313416
1514 0.00313416
1515 0.00313416
1516 0.00313416
1517 0.00313416
1518 0.00313416
1519 0.00313416
1520 0.00313416
1521 0.00313416
1522 0.00313416
1523 0.00313416
1524 0.00313416
1525 0.00306602
1526 0.00306602
1527 0.00306602
1528 0.00306602
1529 0.00306602
1530 0.00306602
1531 0.00306602
1532 0.00306602
1533 0.00306602
1534 0.00306602
1535 0.00306602
1536 0.00306602
1537 0.00306602
1538 0.00299789
1539 0.00299789
1540 0.00299789
1541 0.00299789
1542 0.00299789
1543 0.00299789
1544 0.00299789
1545 0.00299789
1546 0.00292975
1547 0.00292975
1548 0.00292975
1549 0.00292975
1550 0.00292975
1551 0.00292975
1552 0.00286162
1553 0.00286162
1554 0.00286162
1555 0.00286162
1556 0.00286162
1557 0.00279349
1558 0.00279349
1559 0.00279349
1560 0.00279349
1561 0.00279349
1562 0.00279349
1563 0.00279349
1564 0.00279349
1565 0.00279349
1566 0.00279349
1567 0.00279349
1568 0.00279349
1569 0.00279349
1570 0.00272535
1571 0.00272535
1572 0.00272535
1573 0.00272535
1574 0.00272535
1575 0.00272535
1576 0.00272535
1577 0.00272535
1578 0.00272535
1579 0.00272535
1580 0.00272535
1581 0.00272535
1582 0.00272535
1583 0.00272535
1584 0.00272535
1585 0.00272535
1586 0.00272535
1587 0.00272535
1588 0.00272535
1589 0.00272535
1590 0.00272535
1591 0.00272535
1592 0.00272535
1593 0.00272535
1594 0.00272535
1595 0.00272535
1596 0.00272535
1597 0.00272535
1598 0.00272535
1599 0.00272535
1600 0.00272535
1601 0.00272535
1602 0.00272535
1603 0.00272535
1604 0.00272535
1605 0.00272535
1606 0.00272535
1607 0.00272535
1608 0.00272535
1609 0.00272535
1610 0.00272535
1611 0.00265722
1612 0.00258908
1613 0.00258908
1614 0.00258908
1615 0.00258908
1616 0.00258908
1617 0.00258908
1618 0.00252095
1619 0.00252095
1620 0.00252095
1621 0.00252095
1622 0.00252095
1623 0.00252095
1624 0.00252095
1625 0.00252095
1626 0.00252095
1627 0.00252095
1628 0.00252095
1629 0.00252095
1630 0.00252095
1631 0.00245282
1632 0.00245282
1633 0.00245282
1634 0.00245282
1635 0.00245282
1636 0.00245282
1637 0.00245282
1638 0.00245282
1639 0.00245282
1640 0.00238468
1641 0.00238468
1642 0.00238468
1643 0.00238468
1644 0.00238468
1645 0.00238468
1646 0.00231655
1647 0.00231655
1648 0.00231655
1649 0.00231655
1650 0.00231655
1651 0.00231655
1652 0.00231655
1653 0.00231655
1654 0.00224842
1655 0.00224842
1656 0.00224842
1657 0.00224842
1658 0.00218028
1659 0.00218028
1660 0.00218028
1661 0.00218028
1662 0.00218028
1663 0.00218028
1664 0.00218028
1665 0.00218028
1666 0.00218028
1667 0.00211215
1668 0.00211215
1669 0.00211215
1670 0.00211215
1671 0.00211215
1672 0.00211215
1673 0.00211215
1674 0.00204401
1675 0.00204401
1676 0.00197588
1677 0.00197588
1678 0.00197588
1679 0.00197588
1680 0.00197588
1681 0.00197588
1682 0.00197588
1683 0.00197588
1684 0.00197588
1685 0.00197588
1686 0.00197588
1687 0.00197588
1688 0.00197588
1689 0.00197588
1690 0.00197588
1691 0.00197588
1692 0.00197588
1693 0.00197588
1694 0.00197588
1695 0.00197588
1696 0.00190775
1697 0.00190775
1698 0.00190775
1699 0.00183961
1700 0.00183961
1701 0.00183961
1702 0.00183961
1703 0.00183961
1704 0.00183961
1705 0.00183961
1706 0.00177148
1707 0.00177148
1708 0.00177148
1709 0.00177148
1710 0.00177148
1711 0.00177148
1712 0.00177148
1713 0.00177148
1714 0.00177148
1715 0.00177148
1716 0.00177148
1717 0.00177148
1718 0.00177148
1719 0.00177148
1720 0.00177148
1721 0.00177148
1722 0.00177148
1723 0.00177148
1724 0.00177148
1725 0.00177148
1726 0.00177148
1727 0.00177148
1728 0.00177148
1729 0.00177148
1730 0.00177148
1731 0.00170335
1732 0.00170335
1733 0.00170335
1734 0.00170335
1735 0.00170335
1736 0.00170335
1737 0.00170335
1738 0.00170335
1739 0.00170335
1740 0.00170335
1741 0.00170335
1742 0.00170335
1743 0.00170335
1744 0.00170335
1745 0.00170335
1746 0.00170335
1747 0.00170335
1748 0.00170335
1749 0.00170335
1750 0.00170335
1751 0.00170335
1752 0.00170335
1753 0.00170335
1754 0.00170335
1755 0.00170335
1756 0.00170335
1757 0.00170335
1758 0.00170335
1759 0.00170335
1760 0.00170335
1761 0.00170335
1762 0.00170335
1763 0.00170335
1764 0.00170335
1765 0.00170335
1766 0.00170335
1767 0.00170335
1768 0.00170335
1769 0.00170335
1770 0.00170335
1771 0.00163521
1772 0.00163521
1773 0.00163521
1774 0.00163521
1775 0.00163521
1776 0.00163521
1777 0.00156708
1778 0.00156708
1779 0.00156708
1780 0.00156708
1781 0.00156708
1782 0.00156708
1783 0.00156708
1784 0.00156708
1785 0.00149894
1786 0.00149894
1787 0.00149894
1788 0.00149894
1789 0.00149894
1790 0.00149894
1791 0.00149894
1792 0.00143081
1793 0.00143081
1794 0.00143081
1795 0.00143081
1796 0.00143081
1797 0.00143081
1798 0.00143081
1799 0.00143081
1800 0.00143081
1801 0.00143081
1802 0.00143081
1803 0.00136268
1804 0.00136268
1805 0.00136268
1806 0.00136268
1807 0.00136268
1808 0.00136268
1809 0.00136268
1810 0.00136268
1811 0.00136268
1812 0.00136268
1813 0.00136268
1814 0.00136268
1815 0.00136268
1816 0.00136268
1817 0.00136268
1818 0.00136268
1819 0.00136268
1820 0.00136268
1821 0.00136268
1822 0.00136268
1823 0.00136268
1824 0.00136268
1825 0.00136268
1826 0.00136268
1827 0.00129454
1828 0.00122641
1829 0.00122641
1830 0.00122641
1831 0.00122641
1832 0.00122641
1833 0.00122641
1834 0.00122641
1835 0.00122641
1836 0.00122641
1837 0.00115827
1838 0.00115827
1839 0.00115827
1840 0.00115827
1841 0.00115827
1842 0.00115827
1843 0.00115827
1844 0.00115827
1845 0.00115827
1846 0.00115827
1847 0.00115827
1848 0.00115827
1849 0.00115827
1850 0.00115827
1851 0.00115827
1852 0.00115827
1853 0.00115827
1854 0.00115827
1855 0.00109014
1856 0.00109014
1857 0.00109014
1858 0.00109014
1859 0.00109014
1860 0.00109014
1861 0.00109014
1862 0.00102201
1863 0.00102201
1864 0.00102201
1865 0.00102201
1866 0.00102201
1867 0.00102201
1868 0.00102201
1869 0.000953873
1870 0.000953873
1871 0.000953873
1872 0.000953873
1873 0.000953873
1874 0.000953873
1875 0.000953873
1876 0.000953873
1877 0.000953873
1878 0.000953873
1879 0.000953873
1880 0.000953873
1881 0.000953873
1882 0.000953873
1883 0.000953873
1884 0.000953873
1885 0.000953873
1886 0.000953873
1887 0.000953873
1888 0.000953873
1889 0.000953873
1890 0.000953873
1891 0.000953873
1892 0.000953873
1893 0.000953873
1894 0.000953873
1895 0.000953873
1896 0.000953873
1897 0.000953873
1898 0.000953873
1899 0.000953873
1900 0.000953873
1901 0.000953873
1902 0.000953873
1903 0.000953873
1904 0.000953873
1905 0.000953873
1906 0.000953873
1907 0.000953873
1908 0.000953873
1909 0.000953873
1910 0.000953873
1911 0.000953873
1912 0.000953873
1913 0.000953873
1914 0.000953873
1915 0.000953873
1916 0.000953873
1917 0.000953873
1918 0.000953873
1919 0.000953873
1920 0.00088574
1921 0.00088574
1922 0.00088574
1923 0.00088574
1924 0.00088574
1925 0.00088574
1926 0.00088574
1927 0.00088574
1928 0.00088574
1929 0.00088574
1930 0.00088574
1931 0.00088574
1932 0.00088574
1933 0.00088574
1934 0.00088574
1935 0.00088574
1936 0.00088574
1937 0.00088574
1938 0.00088574
1939 0.00088574
1940 0.00088574
1941 0.00088574
1942 0.00088574
1943 0.00088574
1944 0.00088574
1945 0.00088574
1946 0.00088574
1947 0.00088574
1948 0.00088574
1949 0.00088574
1950 0.00088574
1951 0.00088574
1952 0.00088574
1953 0.00088574
1954 0.00088574
1955 0.00088574
1956 0.00088574
1957 0.00088574
1958 0.00088574
1959 0.00088574
1960 0.00088574
1961 0.00088574
1962 0.00088574
1963 0.00088574
1964 0.00088574
1965 0.00088574
1966 0.000817606
1967 0.000817606
1968 0.000817606
1969 0.000817606
1970 0.000817606
1971 0.000817606
1972 0.000817606
1973 0.000817606
1974 0.000817606
1975 0.000817606
1976 0.000817606
1977 0.000817606
1978 0.000817606
1979 0.000817606
1980 0.000817606
1981 0.000817606
1982 0.000817606
1983 0.000817606
1984 0.000817606
1985 0.000817606
1986 0.000817606
1987 0.000817606
1988 0.000817606
1989 0.000817606
1990 0.000817606
1991 0.000817606
1992 0.000749472
1993 0.000749472
1994 0.000749472
1995 0.000749472
1996 0.000749472
1997 0.000749472
1998 0.000749472
1999 0.000749472
2000 0.000749472
2001 0.000749472
2002 0.000749472
2003 0.000749472
2004 0.000749472
2005 0.000749472
2006 0.000749472
2007 0.000749472
2008 0.000749472
2009 0.000749472
2010 0.000749472
2011 0.000749472
2012 0.000749472
2013 0.000749472
2014 0.000749472
2015 0.000749472
2016 0.000749472
2017 0.000749472
2018 0.000749472
2019 0.000749472
2020 0.000749472
2021 0.000749472
2022 0.000749472
2023 0.000749472
2024 0.000749472
2025 0.000749472
2026 0.000749472
2027 0.000749472
2028 0.000749472
2029 0.000749472
2030 0.000749472
2031 0.000749472
2032 0.000749472
2033 0.000749472
2034 0.000749472
2035 0.000749472
2036 0.000749472
2037 0.000749472
2038 0.000749472
2039 0.000749472
2040 0.000749472
2041 0.000749472
2042 0.000749472
2043 0.000749472
2044 0.000749472
2045 0.000749472
2046 0.000749472
2047 0.000749472
2048 0.000749472
2049 0.000749472
2050 0.000749472
2051 0.000749472
2052 0.000749472
2053 0.000749472
2054 0.000749472
2055 0.000749472
2056 0.000749472
2057 0.000749472
2058 0.000749472
2059 0.000749472
2060 0.000749472
2061 0.000749472
2062 0.000749472
2063 0.000749472
2064 0.000749472
2065 0.000749472
2066 0.000681338
2067 0.000681338
2068 0.000681338
2069 0.000681338
2070 0.000613204
2071 0.000613204
2072 0.000613204
2073 0.000613204
2074 0.000613204
2075 0.000613204
2076 0.000613204
2077 0.000613204
2078 0.000613204
2079 0.000613204
2080 0.000613204
2081 0.000613204
2082 0.000613204
2083 0.000613204
2084 0.000613204
2085 0.000613204
2086 0.000613204
2087 0.000613204
2088 0.000613204
2089 0.000613204
2090 0.000613204
2091 0.000613204
2092 0.000613204
2093 0.000613204
2094 0.000545071
2095 0.000545071
2096 0.000545071
2097 0.000545071
2098 0.000545071
2099 0.000545071
2100 0.000545071
2101 0.000545071
2102 0.000545071
2103 0.000545071
2104 0.000545071
2105 0.000545071
2106 0.000545071
2107 0.000545071
2108 0.000545071
2109 0.000545071
2110 0.000545071
2111 0.000545071
2112 0.000545071
2113 0.000545071
2114 0.000545071
2115 0.000545071
2116 0.000545071
2117 0.000545071
2118 0.000545071
2119 0.000545071
2120 0.000545071
2121 0.000545071
2122 0.000545071
2123 0.000545071
2124 0.000545071
2125 0.000545071
2126 0.000545071
2127 0.000545071
2128 0.000545071
2129 0.000545071
2130 0.000545071
2131 0.000545071
2132 0.000545071
2133 0.000545071
2134 0.000545071
2135 0.000545071
2136 0.000545071
2137 0.000545071
2138 0.000545071
2139 0.000545071
2140 0.000545071
2141 0.000545071
2142 0.000545071
2143 0.000545071
2144 0.000545071
2145 0.000545071
2146 0.000545071
2147 0.000545071
2148 0.000545071
2149 0.000545071
2150 0.000545071
2151 0.000545071
2152 0.000545071
2153 0.000545071
2154 0.000545071
2155 0.000545071
2156 0.000545071
2157 0.000545071
2158 0.000545071
2159 0.000545071
2160 0.000545071
2161 0.000545071
2162 0.000545071
2163 0.000545071
2164 0.000545071
2165 0.000545071
2166 0.000545071
2167 0.000545071
2168 0.000545071
2169 0.000545071
2170 0.000545071
2171 0.000545071
2172 0.000545071
2173 0.000545071
2174 0.000545071
2175 0.000545071
2176 0.000545071
2177 0.000545071
2178 0.000545071
2179 0.000545071
2180 0.000545071
2181 0.000545071
2182 0.000545071
2183 0.000545071
2184 0.000545071
2185 0.000545071
2186 0.000545071
2187 0.000545071
2188 0.000545071
2189 0.000545071
2190 0.000545071
2191 0.000545071
2192 0.000545071
2193 0.000545071
2194 0.000545071
2195 0.000545071
2196 0.000476937
2197 0.000476937
2198 0.000476937
2199 0.000476937
2200 0.000476937
2201 0.000476937
2202 0.000476937
2203 0.000476937
2204 0.000476937
2205 0.000476937
2206 0.000476937
2207 0.000476937
2208 0.000476937
2209 0.000476937
2210 0.000476937
2211 0.000476937
2212 0.000476937
2213 0.000476937
2214 0.000476937
2215 0.000476937
2216 0.000476937
2217 0.000476937
2218 0.000476937
2219 0.000476937
2220 0.000476937
2221 0.000476937
2222 0.000476937
2223 0.000476937
2224 0.000476937
2225 0.000476937
2226 0.000476937
2227 0.000476937
2228 0.000476937
2229 0.000476937
2230 0.000476937
2231 0.000476937
2232 0.000476937
2233 0.000476937
2234 0.000476937
2235 0.000476937
2236 0.000476937
2237 0.000476937
2238 0.000476937
2239 0.000476937
2240 0.000476937
2241 0.000476937
2242 0.000476937
2243 0.000476937
2244 0.000476937
2245 0.000476937
2246 0.000476937
2247 0.000476937
2248 0.000476937
2249 0.000476937
2250 0.000476937
2251 0.000476937
2252 0.000476937
2253 0.000476937
2254 0.000476937
2255 0.000476937
2256 0.000476937
2257 0.000476937
2258 0.000476937
2259 0.000476937
2260 0.000476937
2261 0.000476937
2262 0.000476937
2263 0.000476937
2264 0.000476937
2265 0.000476937
2266 0.000476937
2267 0.000476937
2268 0.000476937
2269 0.000476937
2270 0.000476937
2271 0.000476937
2272 0.000476937
2273 0.000476937
2274 0.000476937
2275 0.000476937
2276 0.000476937
2277 0.000476937
2278 0.000476937
2279 0.000476937
2280 0.000476937
2281 0.000476937
2282 0.000476937
2283 0.000476937
2284 0.000476937
2285 0.000476937
2286 0.000476937
2287 0.000476937
2288 0.000476937
2289 0.000476937
2290 0.000476937
2291 0.000476937
2292 0.000476937
2293 0.000476937
2294 0.000476937
2295 0.000476937
2296 0.000476937
2297 0.000476937
2298 0.000476937
2299 0.000476937
2300 0.000476937
2301 0.000476937
2302 0.000476937
2303 0.000476937
2304 0.000476937
2305 0.000476937
2306 0.000476937
2307 0.000476937
2308 0.000476937
2309 0.000476937
2310 0.000476937
2311 0.000476937
2312 0.000476937
2313 0.000476937
2314 0.000476937
2315 0.000476937
2316 0.000476937
2317 0.000476937
2318 0.000476937
2319 0.000476937
2320 0.000476937
2321 0.000476937
2322 0.000476937
2323 0.000476937
2324 0.000476937
2325 0.000408803
2326 0.000408803
2327 0.000408803
2328 0.000408803
2329 0.000408803
2330 0.000408803
2331 0.000408803
2332 0.000408803
2333 0.000340669
2334 0.000340669
2335 0.000340669
2336 0.000340669
2337 0.000340669
2338 0.000340669
2339 0.000340669
2340 0.000340669
2341 0.000340669
2342 0.000340669
2343 0.000340669
2344 0.000340669
2345 0.000340669
2346 0.000340669
2347 0.000340669
2348 0.000340669
2349 0.000340669
2350 0.000340669
2351 0.000340669
2352 0.000340669
2353 0.000340669
2354 0.000340669
2355 0.000340669
2356 0.000340669
2357 0.000340669
2358 0.000340669
2359 0.000340669
2360 0.000340669
2361 0.000340669
2362 0.000340669
2363 0.000340669
2364 0.000340669
2365 0.000340669
2366 0.000340669
2367 0.000340669
2368 0.000340669
2369 0.000340669
2370 0.000340669
2371 0.000340669
2372 0.000340669
2373 0.000340669
2374 0.000340669
2375 0.000340669
2376 0.000340669
2377 0.000340669
2378 0.000340669
2379 0.000340669
2380 0.000340669
2381 0.000340669
2382 0.000340669
2383 0.000340669
2384 0.000340669
2385 0.000340669
2386 0.000272535
2387 0.000272535
2388 0.000272535
2389 0.000272535
2390 0.000272535
2391 0.000204401
2392 0.000204401
2393 0.000204401
2394 0.000204401
2395 0.000204401
2396 0.000204401
2397 0.000204401
2398 0.000204401
2399 0.000204401
2400 0.000204401
2401 0.000204401
2402 0.000204401
2403 0.000204401
2404 0.000204401
2405 0.000204401
2406 0.000204401
2407 0.000204401
2408 0.000204401
2409 0.000204401
2410 0.000204401
2411 0.000204401
2412 0.000204401
2413 0.000204401
2414 0.000204401
2415 0.000204401
2416 0.000204401
2417 0.000204401
2418 0.000204401
2419 0.000204401
2420 0.000204401
2421 0.000204401
2422 0.000204401
2423 0.000204401
2424 0.000204401
2425 0.000204401
2426 0.000204401
2427 0.000204401
2428 0.000204401
2429 0.000204401
2430 0.000204401
2431 0.000204401
2432 0.000204401
2433 0.000204401
2434 0.000204401
2435 0.000204401
2436 0.000204401
2437 0.000204401
2438 0.000204401
2439 0.000204401
2440 0.000204401
2441 0.000204401
2442 0.000204401
2443 0.000204401
2444 0.000204401
2445 0.000204401
2446 0.000204401
2447 0.000204401
2448 0.000204401
2449 0.000204401
2450 0.000204401
2451 0.000204401
2452 0.000204401
2453 0.000204401
2454 0.000204401
2455 0.000204401
2456 0.000204401
2457 0.000204401
2458 0.000204401
2459 0.000204401
2460 0.000204401
2461 0.000204401
2462 0.000204401
2463 0.000204401
2464 0.000204401
2465 0.000204401
2466 0.000204401
2467 0.000204401
2468 0.000204401
2469 0.000204401
2470 0.000204401
2471 0.000204401
2472 0.000204401
2473 0.000204401
2474 0.000204401
2475 0.000204401
2476 0.000204401
2477 0.000204401
2478 0.000204401
2479 0.000204401
2480 0.000204401
2481 0.000204401
2482 0.000204401
2483 0.000204401
2484 0.000204401
2485 0.000204401
2486 0.000204401
2487 0.000204401
2488 0.000204401
2489 0.000204401
2490 0.000204401
2491 0.000204401
2492 0.000204401
2493 0.000204401
2494 0.000204401
2495 0.000204401
2496 0.000204401
2497 0.000204401
2498 0.000204401
2499 0.000204401
2500 0.000204401
2501 0.000204401
2502 0.000204401
2503 0.000204401
2504 0.000204401
2505 0.000204401
2506 0.000204401
2507 0.000204401
2508 0.000204401
2509 0.000204401
2510 0.000204401
2511 0.000204401
2512 0.000204401
2513 0.000204401
2514 0.000204401
2515 0.000204401
2516 0.000204401
2517 0.000204401
2518 0.000204401
2519 0.000204401
2520 0.000204401
2521 0.000204401
2522 0.000204401
2523 0.000204401
2524 0.000204401
2525 0.000204401
2526 0.000204401
2527 0.000204401
2528 0.000204401
2529 0.000204401
2530 0.000204401
2531 0.000204401
2532 0.000204401
2533 0.000204401
2534 0.000204401
2535 0.000204401
2536 0.000204401
2537 0.000204401
2538 0.000204401
2539 0.000204401
2540 0.000204401
2541 0.000204401
2542 0.000204401
2543 0.000204401
2544 0.000204401
2545 0.000204401
2546 0.000204401
2547 0.000204401
2548 0.000204401
2549 0.000204401
2550 0.000204401
2551 0.000204401
2552 0.000204401
2553 0.000204401
2554 0.000204401
2555 0.000204401
2556 0.000204401
2557 0.000204401
2558 0.000204401
2559 0.000204401
2560 0.000204401
2561 0.000204401
2562 0.000204401
2563 0.000204401
2564 0.000204401
2565 0.000204401
2566 0.000204401
2567 0.000204401
2568 0.000204401
2569 0.000204401
2570 0.000204401
2571 0.000204401
2572 0.000204401
2573 0.000204401
2574 0.000204401
2575 0.000204401
2576 0.000204401
2577 0.000204401
2578 0.000204401
2579 0.000204401
2580 0.000204401
2581 0.000204401
2582 0.000204401
2583 0.000204401
2584 0.000204401
2585 0.000204401
2586 0.000204401
2587 0.000204401
2588 0.000204401
2589 0.000204401
2590 0.000204401
2591 0.000204401
2592 0.000204401
2593 0.000204401
2594 0.000204401
2595 0.000204401
2596 0.000204401
2597 0.000204401
2598 0.000204401
2599 0.000204401
2600 0.000204401
2601 0.000204401
2602 0.000204401
2603 0.000204401
2604 0.000204401
2605 0.000204401
2606 0.000204401
2607 0.000204401
2608 0.000204401
2609 0.000204401
2610 0.000204401
2611 0.000204401
2612 0.000204401
2613 0.000204401
2614 0.000204401
2615 0.000204401
2616 0.000204401
2617 0.000204401
2618 0.000204401
2619 0.000204401
2620 0.000204401
2621 0.000204401
2622 0.000204401
2623 0.000204401
2624 0.000204401
2625 0.000204401
2626 0.000204401
2627 0.000204401
2628 0.000204401
2629 0.000204401
2630 0.000204401
2631 0.000204401
2632 0.000204401
2633 0.000204401
2634 0.000204401
2635 0.000204401
2636 0.000204401
2637 0.000204401
2638 0.000204401
2639 0.000204401
2640 0.000204401
2641 0.000204401
2642 0.000204401
2643 0.000204401
2644 0.000204401
2645 0.000204401
2646 0.000204401
2647 0.000204401
2648 0.000204401
2649 0.000204401
2650 0.000204401
2651 0.000204401
2652 0.000204401
2653 0.000204401
2654 0.000204401
2655 0.000204401
2656 0.000204401
2657 0.000204401
2658 0.000204401
2659 0.000204401
2660 0.000204401
2661 0.000204401
2662 0.000204401
2663 0.000204401
2664 0.000204401
2665 0.000204401
2666 0.000204401
2667 0.000204401
2668 0.000204401
2669 0.000204401
2670 0.000204401
2671 0.000204401
2672 0.000204401
2673 0.000204401
2674 0.000204401
2675 0.000204401
2676 0.000204401
2677 0.000204401
2678 0.000204401
2679 0.000204401
2680 0.000204401
2681 0.000204401
2682 0.000204401
2683 0.000204401
2684 0.000204401
2685 0.000204401
2686 0.000204401
2687 0.000204401
2688 0.000204401
2689 0.000204401
2690 0.000204401
2691 0.000204401
2692 0.000204401
2693 0.000204401
2694 0.000204401
2695 0.000204401
2696 0.000204401
2697 0.000204401
2698 0.000204401
2699 0.000204401
2700 0.000204401
2701 0.000204401
2702 0.000204401
2703 0.000204401
2704 0.000204401
2705 0.000204401
2706 0.000204401
2707 0.000204401
2708 0.000204401
2709 0.000204401
2710 0.000204401
2711 0.000204401
2712 0.000204401
2713 0.000204401
2714 0.000204401
2715 0.000204401
2716 0.000204401
2717 0.000204401
2718 0.000204401
2719 0.000204401
2720 0.000204401
2721 0.000204401
2722 0.000204401
2723 0.000204401
2724 0.000204401
2725 0.000204401
2726 0.000204401
2727 0.000204401
2728 0.000204401
2729 0.000204401
2730 0.000204401
2731 0.000204401
2732 0.000204401
2733 0.000204401
2734 0.000204401
2735 0.000204401
2736 0.000204401
2737 0.000204401
2738 0.000204401
2739 0.000204401
2740 0.000204401
2741 0.000204401
2742 0.000204401
2743 0.000204401
2744 0.000204401
2745 0.000204401
2746 0.000204401
2747 0.000204401
2748 0.000204401
2749 0.000204401
2750 0.000204401
2751 0.000204401
2752 0.000204401
2753 0.000204401
2754 0.000204401
2755 0.000204401
2756 0.000204401
2757 0.000204401
2758 0.000204401
2759 0.000204401
2760 0.000204401
2761 0.000204401
2762 0.000204401
2763 0.000204401
2764 0.000204401
2765 0.000204401
2766 0.000204401
2767 0.000204401
2768 0.000204401
2769 0.000204401
2770 0.000204401
2771 0.000204401
2772 0.000204401
2773 0.000204401
2774 0.000204401
2775 0.000204401
2776 0.000204401
2777 0.000204401
2778 0.000204401
2779 0.000204401
2780 0.000204401
2781 0.000204401
2782 0.000204401
2783 0.000204401
2784 0.000204401
2785 0.000204401
2786 0.000204401
2787 0.000204401
2788 0.000204401
2789 0.000204401
2790 0.000204401
2791 0.000204401
2792 0.000204401
2793 0.000204401
2794 0.000204401
2795 0.000204401
2796 0.000204401
2797 0.000204401
2798 0.000204401
2799 0.000204401
2800 0.000204401
2801 0.000204401
2802 0.000204401
2803 0.000204401
2804 0.000204401
2805 0.000204401
2806 0.000204401
2807 0.000136268
2808 0.000136268
2809 0.000136268
2810 0.000136268
2811 0.000136268
2812 0.000136268
2813 0.000136268
2814 0.000136268
2815 0.000136268
2816 0.000136268
2817 0.000136268
2818 0.000136268
2819 0.000136268
2820 0.000136268
2821 0.000136268
2822 0.000136268
2823 0.000136268
2824 0.000136268
2825 0.000136268
2826 0.000136268
2827 0.000136268
2828 0.000136268
2829 0.000136268
2830 0.000136268
2831 0.000136268
2832 0.000136268
2833 0.000136268
2834 0.000136268
2835 0.000136268
2836 0.000136268
2837 0.000136268
2838 0.000136268
2839 0.000136268
2840 0.000136268
2841 0.000136268
2842 0.000136268
2843 0.000136268
2844 0.000136268
2845 0.000136268
2846 0.000136268
2847 0.000136268
2848 0.000136268
2849 0.000136268
2850 0.000136268
2851 0.000136268
2852 0.000136268
2853 0.000136268
2854 0.000136268
2855 0.000136268
2856 0.000136268
2857 0.000136268
2858 0.000136268
2859 0.000136268
2860 0.000136268
2861 0.000136268
2862 0.000136268
2863 0.000136268
2864 0.000136268
2865 0.000136268
2866 0.000136268
2867 0.000136268
2868 0.000136268
2869 0.000136268
2870 0.000136268
2871 0.000136268
2872 0.000136268
2873 0.000136268
2874 0.000136268
2875 0.000136268
2876 0.000136268
2877 0.000136268
2878 0.000136268
2879 0.000136268
2880 0.000136268
2881 0.000136268
2882 0.000136268
2883 0.000136268
2884 0.000136268
2885 0.000136268
2886 0.000136268
2887 0.000136268
2888 0.000136268
2889 0.000136268
2890 0.000136268
2891 0.000136268
2892 0.000136268
2893 0.000136268
2894 0.000136268
2895 0.000136268
2896 0.000136268
2897 0.000136268
2898 0.000136268
2899 0.000136268
2900 0.000136268
2901 0.000136268
2902 0.000136268
2903 0.000136268
2904 0.000136268
2905 0.000136268
2906 0.000136268
2907 0.000136268
2908 0.000136268
2909 0.000136268
2910 0.000136268
2911 0.000136268
2912 0.000136268
2913 0.000136268
2914 0.000136268
2915 0.000136268
2916 0.000136268
2917 0.000136268
2918 0.000136268
2919 0.000136268
2920 0.000136268
2921 0.000136268
2922 0.000136268
2923 0.000136268
2924 0.000136268
2925 0.000136268
2926 0.000136268
2927 0.000136268
2928 0.000136268
2929 0.000136268
2930 0.000136268
2931 0.000136268
2932 0.000136268
2933 0.000136268
2934 0.000136268
2935 0.000136268
2936 0.000136268
2937 0.000136268
2938 0.000136268
2939 0.000136268
2940 0.000136268
2941 0.000136268
2942 0.000136268
2943 0.000136268
2944 0.000136268
2945 0.000136268
2946 0.000136268
2947 0.000136268
2948 0.000136268
2949 0.000136268
2950 0.000136268
2951 0.000136268
2952 0.000136268
2953 0.000136268
2954 0.000136268
2955 0.000136268
2956 0.000136268
2957 0.000136268
2958 0.000136268
2959 0.000136268
2960 0.000136268
2961 0.000136268
2962 0.000136268
2963 0.000136268
2964 0.000136268
2965 0.000136268
2966 0.000136268
2967 0.000136268
2968 0.000136268
2969 0.000136268
2970 0.000136268
2971 0.000136268
2972 0.000136268
2973 0.000136268
2974 0.000136268
2975 0.000136268
2976 0.000136268
2977 0.000136268
2978 0.000136268
2979 0.000136268
2980 0.000136268
2981 0.000136268
2982 0.000136268
2983 0.000136268
2984 0.000136268
2985 0.000136268
2986 0.000136268
2987 0.000136268
2988 0.000136268
2989 0.000136268
2990 0.000136268
2991 0.000136268
2992 0.000136268
2993 0.000136268
2994 0.000136268
2995 0.000136268
2996 0.000136268
2997 0.000136268
2998 0.000136268
2999 0.000136268
3000 0.000136268
3001 0.000136268
3002 0.000136268
3003 0.000136268
3004 0.000136268
3005 0.000136268
3006 0.000136268
3007 0.000136268
3008 0.000136268
3009 0.000136268
3010 0.000136268
3011 0.000136268
3012 0.000136268
3013 0.000136268
3014 0.000136268
3015 0.000136268
3016 0.000136268
3017 0.000136268
3018 0.000136268
3019 0.000136268
3020 0.000136268
3021 0.000136268
3022 0.000136268
3023 0.000136268
3024 0.000136268
3025 0.000136268
3026 0.000136268
3027 0.000136268
3028 0.000136268
3029 0.000136268
3030 0.000136268
3031 0.000136268
3032 0.000136268
3033 0.000136268
3034 0.000136268
3035 0.000136268
3036 0.000136268
3037 0.000136268
3038 0.000136268
3039 0.000136268
3040 0.000136268
3041 0.000136268
3042 0.000136268
3043 0.000136268
3044 0.000136268
3045 0.000136268
3046 0.000136268
3047 0.000136268
3048 0.000136268
3049 0.000136268
3050 0.000136268
3051 0.000136268
3052 0.000136268
3053 0.000136268
3054 0.000136268
3055 0.000136268
3056 0.000136268
3057 0.000136268
3058 0.000136268
3059 0.000136268
3060 0.000136268
3061 0.000136268
3062 0.000136268
3063 0.000136268
3064 0.000136268
3065 0.000136268
3066 0.000136268
3067 0.000136268
3068 0.000136268
3069 0.000136268
3070 0.000136268
3071 0.000136268
3072 0.000136268
3073 0.000136268
3074 0.000136268
3075 0.000136268
3076 0.000136268
3077 0.000136268
3078 0.000136268
3079 0.000136268
3080 0.000136268
3081 0.000136268
3082 0.000136268
3083 0.000136268
3084 0.000136268
3085 0.000136268
3086 0.000136268
3087 0.000136268
3088 0.000136268
3089 0.000136268
3090 0.000136268
3091 0.000136268
3092 0.000136268
3093 0.000136268
3094 0.000136268
3095 0.000136268
3096 0.000136268
3097 0.000136268
3098 0.000136268
3099 0.000136268
3100 0.000136268
3101 0.000136268
3102 0.000136268
3103 0.000136268
3104 0.000136268
3105 0.000136268
3106 0.000136268
3107 0.000136268
3108 0.000136268
3109 0.000136268
3110 0.000136268
3111 0.000136268
3112 0.000136268
3113 0.000136268
3114 0.000136268
3115 0.000136268
3116 0.000136268
3117 0.000136268
3118 0.000136268
3119 0.000136268
3120 0.000136268
3121 0.000136268
3122 0.000136268
3123 0.000136268
3124 0.000136268
3125 0.000136268
3126 0.000136268
3127 0.000136268
3128 6.81338e-05
3129 6.81338e-05
3130 6.81338e-05
3131 6.81338e-05
3132 6.81338e-05
3133 6.81338e-05
3134 6.81338e-05
3135 6.81338e-05
3136 6.81338e-05
3137 6.81338e-05
3138 6.81338e-05
3139 6.81338e-05
3140 6.81338e-05
3141 6.81338e-05
3142 6.81338e-05
3143 6.81338e-05
3144 6.81338e-05
3145 6.81338e-05
3146 6.81338e-05
3147 6.81338e-05
3148 6.81338e-05
