0 1
1 1
2 1
3 1
4 1
5 0.999514
6 0.999514
7 0.999271
8 0.999271
9 0.999271
10 0.999271
11 0.999271
12 0.999271
13 0.941191
14 0.879465
15 0.830377
16 0.788578
17 0.749939
18 0.701823
19 0.66294
20 0.627461
21 0.597327
22 0.569137
23 0.540948
24 0.517618
25 0.486513
26 0.46294
27 0.436938
28 0.417011
29 0.395869
30 0.370595
31 0.353827
32 0.338761
33 0.322479
34 0.305468
35 0.286513
36 0.271446
37 0.257351
38 0.241555
39 0.229891
40 0.221385
41 0.209235
42 0.201458
43 0.188821
44 0.180073
45 0.171567
46 0.164034
47 0.156258
48 0.147995
49 0.140705
50 0.1339
51 0.12661
52 0.121264
53 0.11616
54 0.110328
55 0.106197
56 0.102552
57 0.0976914
58 0.0925881
59 0.0891859
60 0.0845686
61 0.0801944
62 0.0755772
63 0.071932
64 0.0682868
65 0.0651276
66 0.0641555
67 0.0612394
68 0.0583232
69 0.0556501
70 0.0534629
71 0.0507898
72 0.0483597
73 0.0452005
74 0.0422843
75 0.0398542
76 0.0379101
77 0.035966
78 0.0342649
79 0.0325638
80 0.0303767
81 0.0279465
82 0.0267315
83 0.0255164
84 0.0240583
85 0.0228433
86 0.0213852
87 0.0201701
88 0.0196841
89 0.018955
90 0.01774
91 0.0170109
92 0.0160389
93 0.0153098
94 0.0148238
95 0.0140948
96 0.0128797
97 0.0128797
98 0.0126367
99 0.0119077
100 0.0109356
101 0.0104496
102 0.00947752
103 0.00874848
104 0.00850547
105 0.00826245
106 0.00826245
107 0.00826245
108 0.00801944
109 0.0072904
110 0.0072904
111 0.0072904
112 0.00680437
113 0.00656136
114 0.00631835
115 0.00583232
116 0.00558931
117 0.00510328
118 0.00486027
119 0.00461725
120 0.00437424
121 0.00413123
122 0.00413123
123 0.00413123
124 0.00413123
125 0.00413123
126 0.00388821
127 0.00388821
128 0.00388821
129 0.0036452
130 0.0036452
131 0.0036452
132 0.00340219
133 0.00267315
134 0.00243013
135 0.00218712
136 0.00218712
137 0.00194411
138 0.00194411
139 0.00170109
140 0.00170109
141 0.00170109
142 0.00170109
143 0.00121507
144 0.000972053
145 0.000972053
146 0.00072904
147 0.00072904
148 0.00072904
149 0.00072904
150 0.00072904
151 0.00072904
152 0.00072904
153 0.00072904
154 0.00072904
155 0.00072904
156 0.00072904
157 0.000486027
158 0.000486027
159 0.000486027
160 0.000486027
161 0.000486027
162 0.000486027
163 0.000486027
164 0.000486027
165 0.000486027
166 0.000486027
167 0.000486027
168 0.000486027
169 0.000486027
170 0.000486027
171 0.000486027
172 0.000486027
173 0.000486027
174 0.000243013
175 0.000243013
176 0.000243013
177 0.000243013
178 0.000243013
179 0.000243013
180 0.000243013
181 0.000243013
182 0.000243013
183 0.000243013
184 0.000243013
185 0.000243013
186 0.000243013
187 0.000243013
188 0.000243013
189 0.000243013
190 0.000243013
191 0.000243013
