0 1
1 1
2 1
3 1
4 1
5 1
6 1
7 1
8 1
9 1
10 1
11 1
12 1
13 0.922405
14 0.840931
15 0.784675
16 0.736178
17 0.678952
18 0.647915
19 0.606208
20 0.579049
21 0.549951
22 0.513094
23 0.488846
24 0.464597
25 0.4355
26 0.411251
27 0.387973
28 0.364694
29 0.344326
30 0.322987
31 0.303589
32 0.28904
33 0.275461
34 0.254122
35 0.241513
36 0.221145
37 0.211445
38 0.203686
39 0.193986
40 0.179437
41 0.166828
42 0.155189
43 0.150339
44 0.14646
45 0.132881
46 0.126091
47 0.123181
48 0.118332
49 0.109602
50 0.102813
51 0.0960233
52 0.0892338
53 0.085354
54 0.0814743
55 0.0766246
56 0.0756547
57 0.0727449
58 0.0688652
59 0.0620757
60 0.0591659
61 0.0552861
62 0.0543162
63 0.0514064
64 0.0484966
65 0.0475267
66 0.0465567
67 0.0407371
68 0.0368574
69 0.0349176
70 0.0329777
71 0.0310378
72 0.029098
73 0.028128
74 0.0242483
75 0.0223084
76 0.0203686
77 0.0184287
78 0.0184287
79 0.0164888
80 0.0164888
81 0.0164888
82 0.0164888
83 0.0155189
84 0.013579
85 0.013579
86 0.0126091
87 0.0126091
88 0.0116392
89 0.0106693
90 0.0106693
91 0.00775946
92 0.00775946
93 0.00775946
94 0.00581959
95 0.00581959
96 0.00581959
97 0.00581959
98 0.00581959
99 0.00581959
100 0.00484966
101 0.00387973
102 0.00387973
103 0.00387973
104 0.00387973
105 0.00387973
106 0.00193986
107 0.000969932
108 0.000969932
109 0.000969932
110 0.000969932
111 0.000969932
112 0.000969932
113 0.000969932
114 0.000969932
115 0.000969932
116 0.000969932
117 0.000969932
118 0.000969932
119 0.000969932
120 0.000969932
121 0.000969932
122 0.000969932
123 0.000969932
124 0.000969932
125 0.000969932
126 0.000969932
127 0.000969932
128 0.000969932
129 0.000969932
130 0.000969932
131 0.000969932
132 0.000969932
133 0.000969932
134 0.000969932
135 0.000969932
136 0.000969932
137 0.000969932
138 0.000969932
139 0.000969932
140 0.000969932
141 0.000969932
142 0.000969932
143 0.000969932
144 0.000969932
145 0.000969932
146 0.000969932
147 0.000969932
148 0.000969932
149 0.000969932
150 0.000969932
151 0.000969932
152 0.000969932
153 0.000969932
154 0.000969932
155 0.000969932
