0 1
1 1
2 1
3 1
4 1
5 1
6 1
7 1
8 1
9 1
10 0.999923
11 0.999923
12 0.999847
13 0.978166
14 0.956255
15 0.930667
16 0.906995
17 0.884394
18 0.86371
19 0.841646
20 0.820731
21 0.803264
22 0.781659
23 0.762353
24 0.744656
25 0.726423
26 0.707883
27 0.690033
28 0.675247
29 0.658239
30 0.642381
31 0.627748
32 0.615031
33 0.600858
34 0.587758
35 0.571746
36 0.559335
37 0.548303
38 0.537041
39 0.525933
40 0.515437
41 0.504865
42 0.492684
43 0.482418
44 0.472152
45 0.462269
46 0.453459
47 0.443576
48 0.434153
49 0.424424
50 0.414771
51 0.406726
52 0.399142
53 0.389719
54 0.381905
55 0.375163
56 0.367578
57 0.36053
58 0.354095
59 0.346664
60 0.340765
61 0.334559
62 0.328124
63 0.322914
64 0.317858
65 0.311729
66 0.30583
67 0.299701
68 0.294568
69 0.289359
70 0.283996
71 0.278633
72 0.273041
73 0.266912
74 0.262622
75 0.258561
76 0.253965
77 0.250057
78 0.245461
79 0.240634
80 0.23688
81 0.232284
82 0.228147
83 0.224929
84 0.221865
85 0.217881
86 0.214127
87 0.210986
88 0.206236
89 0.202942
90 0.199571
91 0.19597
92 0.193212
93 0.189765
94 0.18693
95 0.182946
96 0.180112
97 0.17743
98 0.175285
99 0.172604
100 0.169693
101 0.167241
102 0.163717
103 0.160193
104 0.157895
105 0.155979
106 0.153221
107 0.15123
108 0.148931
109 0.146327
110 0.143952
111 0.141347
112 0.139815
113 0.137899
114 0.135218
115 0.13292
116 0.130775
117 0.129012
118 0.126714
119 0.124952
120 0.123113
121 0.121428
122 0.119819
123 0.118823
124 0.117674
125 0.115989
126 0.114686
127 0.113231
128 0.111852
129 0.110166
130 0.108328
131 0.106412
132 0.104574
133 0.103578
134 0.102275
135 0.100896
136 0.0996706
137 0.0982916
138 0.0966828
139 0.0957634
140 0.094078
141 0.0928522
142 0.0910136
143 0.0904773
144 0.0890217
145 0.0878725
146 0.0867234
147 0.085804
148 0.0845783
149 0.0832759
150 0.0824332
151 0.081284
152 0.0805179
153 0.0795219
154 0.0784494
155 0.0776067
156 0.0764575
157 0.0750785
158 0.074389
159 0.0735463
160 0.0728568
161 0.0718609
162 0.0704819
163 0.0694859
164 0.0690263
165 0.0676473
166 0.0664981
167 0.0655022
168 0.0642764
169 0.0637401
170 0.0631272
171 0.0625144
172 0.0613652
173 0.0605225
174 0.059833
175 0.0587604
176 0.0576879
177 0.0571516
178 0.0565387
179 0.055696
180 0.0550831
181 0.0537041
182 0.052938
183 0.0522485
184 0.0518655
185 0.0509461
186 0.0505631
187 0.0500268
188 0.049797
189 0.0492607
190 0.0490309
191 0.0481882
192 0.047422
193 0.0467326
194 0.0462729
195 0.0460431
196 0.0455834
197 0.0449705
198 0.0445108
199 0.0442044
200 0.0438213
201 0.0431318
202 0.042902
203 0.0422891
204 0.0416762
205 0.0413698
206 0.0410634
207 0.0404505
208 0.0398376
209 0.0393779
210 0.0390715
211 0.0386118
212 0.038382
213 0.0380755
214 0.0379989
215 0.0376925
216 0.0373094
217 0.0366965
218 0.036007
219 0.0353942
220 0.0350877
221 0.0345514
222 0.0341684
223 0.0336321
224 0.0333257
225 0.0327128
226 0.0322531
227 0.0319467
228 0.0312572
229 0.0307975
230 0.0306443
231 0.0305677
232 0.0303379
233 0.029725
234 0.0294185
235 0.0289589
236 0.028729
237 0.0285758
238 0.0282694
239 0.0281161
240 0.0279629
241 0.02735
242 0.0271202
243 0.0266605
244 0.0265073
245 0.0262775
246 0.0258944
247 0.0255114
248 0.0253582
249 0.0249751
250 0.0248219
251 0.0245154
252 0.0242856
253 0.0235961
254 0.0230598
255 0.0229066
256 0.0226768
257 0.0224469
258 0.0221405
259 0.0218341
260 0.0217574
261 0.0212212
262 0.0209147
263 0.0205317
264 0.0201486
265 0.0197656
266 0.0193825
267 0.0190761
268 0.0189229
269 0.0185398
270 0.01831
271 0.0182334
272 0.0177737
273 0.0176971
274 0.0173906
275 0.017314
276 0.0170842
277 0.0170842
278 0.016931
279 0.0165479
280 0.0164713
281 0.0162415
282 0.0160883
283 0.0160116
284 0.0160116
285 0.015935
286 0.0157052
287 0.015552
288 0.0153221
289 0.0151689
290 0.0149391
291 0.0147859
292 0.0147859
293 0.0147093
294 0.014556
295 0.0144794
296 0.0144028
297 0.0139432
298 0.0139432
299 0.0138665
300 0.0137133
301 0.0136367
302 0.0134835
303 0.0134069
304 0.0132537
305 0.013177
306 0.0130238
307 0.0127174
308 0.0125642
309 0.0125642
310 0.0124109
311 0.0122577
312 0.0121811
313 0.0119513
314 0.0118747
315 0.0117981
316 0.0116448
317 0.011415
318 0.0112618
319 0.0111086
320 0.0108787
321 0.0108787
322 0.0107255
323 0.0106489
324 0.0104957
325 0.0102658
326 0.0101892
327 0.0099594
328 0.00980617
329 0.00972956
330 0.00972956
331 0.00957634
332 0.00942312
333 0.0092699
334 0.00919329
335 0.00896346
336 0.00873362
337 0.00850379
338 0.00842718
339 0.00835057
340 0.00827396
341 0.00812074
342 0.00789091
343 0.00789091
344 0.00789091
345 0.00789091
346 0.00789091
347 0.00773768
348 0.00750785
349 0.00743124
350 0.00743124
351 0.00743124
352 0.00735463
353 0.0071248
354 0.0071248
355 0.0071248
356 0.0071248
357 0.0071248
358 0.00697158
359 0.00674175
360 0.00666513
361 0.00658852
362 0.00651191
363 0.0064353
364 0.0064353
365 0.0064353
366 0.0064353
367 0.00635869
368 0.00628208
369 0.00620547
370 0.00612886
371 0.00612886
372 0.00605225
373 0.00597564
374 0.00597564
375 0.00589903
376 0.00589903
377 0.00582242
378 0.00574581
379 0.00566919
380 0.00566919
381 0.00566919
382 0.00543936
383 0.00536275
384 0.00513292
385 0.0049797
386 0.0049797
387 0.0049797
388 0.00490309
389 0.00490309
390 0.00490309
391 0.00490309
392 0.00482648
393 0.00474987
394 0.00459664
395 0.00459664
396 0.00452003
397 0.00452003
398 0.00452003
399 0.00452003
400 0.00452003
401 0.00444342
402 0.00444342
403 0.00444342
404 0.0042902
405 0.0042902
406 0.0042902
407 0.0042902
408 0.0042902
409 0.0042902
410 0.0042902
411 0.0042902
412 0.0042902
413 0.0042902
414 0.00421359
415 0.00421359
416 0.00413698
417 0.00413698
418 0.00406037
419 0.00406037
420 0.00406037
421 0.00406037
422 0.00383054
423 0.00383054
424 0.00383054
425 0.00375393
426 0.00375393
427 0.00375393
428 0.00367732
429 0.00367732
430 0.00367732
431 0.00367732
432 0.0036007
433 0.00352409
434 0.00352409
435 0.00337087
436 0.00337087
437 0.00329426
438 0.00329426
439 0.00321765
440 0.00321765
441 0.00314104
442 0.00314104
443 0.00306443
444 0.00306443
445 0.00306443
446 0.00306443
447 0.00298782
448 0.00298782
449 0.00298782
450 0.00298782
451 0.00298782
452 0.00298782
453 0.00298782
454 0.00298782
455 0.00298782
456 0.00291121
457 0.0028346
458 0.0028346
459 0.0028346
460 0.0028346
461 0.0028346
462 0.00275799
463 0.00260477
464 0.00260477
465 0.00260477
466 0.00260477
467 0.00252815
468 0.00252815
469 0.00252815
470 0.00252815
471 0.00245154
472 0.00245154
473 0.00245154
474 0.00245154
475 0.00237493
476 0.00229832
477 0.00229832
478 0.00229832
479 0.00229832
480 0.00229832
481 0.00229832
482 0.0021451
483 0.00206849
484 0.00206849
485 0.00206849
486 0.00206849
487 0.00199188
488 0.00191527
489 0.00191527
490 0.00191527
491 0.00183866
492 0.00183866
493 0.00176205
494 0.00176205
495 0.00176205
496 0.00176205
497 0.00168544
498 0.00160883
499 0.00160883
500 0.00160883
501 0.00153221
502 0.00153221
503 0.00153221
504 0.0014556
505 0.00137899
506 0.00122577
507 0.00122577
508 0.00122577
509 0.00122577
510 0.00114916
511 0.00114916
512 0.00107255
513 0.00107255
514 0.00107255
515 0.00107255
516 0.00107255
517 0.00107255
518 0.00107255
519 0.00107255
520 0.00107255
521 0.00107255
522 0.00107255
523 0.00107255
524 0.00107255
525 0.00107255
526 0.00107255
527 0.00107255
528 0.00107255
529 0.00107255
530 0.00107255
531 0.00107255
532 0.00107255
533 0.00107255
534 0.00107255
535 0.00107255
536 0.00107255
537 0.00107255
538 0.00107255
539 0.00107255
540 0.00099594
541 0.00099594
542 0.00099594
543 0.00099594
544 0.00099594
545 0.00099594
546 0.000919329
547 0.000919329
548 0.000919329
549 0.000919329
550 0.000919329
551 0.000919329
552 0.000919329
553 0.000919329
554 0.000919329
555 0.000919329
556 0.000919329
557 0.000919329
558 0.000919329
559 0.000919329
560 0.000919329
561 0.000919329
562 0.000919329
563 0.000919329
564 0.000919329
565 0.000842718
566 0.000842718
567 0.000842718
568 0.000842718
569 0.000842718
570 0.000842718
571 0.000842718
572 0.000842718
573 0.000842718
574 0.000842718
575 0.000842718
576 0.000842718
577 0.000842718
578 0.000842718
579 0.000842718
580 0.000766107
581 0.000766107
582 0.000689497
583 0.000689497
584 0.000689497
585 0.000689497
586 0.000689497
587 0.000689497
588 0.000689497
589 0.000689497
590 0.000612886
591 0.000612886
592 0.000612886
593 0.000612886
594 0.000612886
595 0.000612886
596 0.000612886
597 0.000612886
598 0.000612886
599 0.000612886
600 0.000612886
601 0.000612886
602 0.000612886
603 0.000612886
604 0.000612886
605 0.000612886
606 0.000612886
607 0.000536275
608 0.000536275
609 0.000536275
610 0.000536275
611 0.000536275
612 0.000536275
613 0.000536275
614 0.000536275
615 0.000459664
616 0.000459664
617 0.000459664
618 0.000459664
619 0.000459664
620 0.000459664
621 0.000459664
622 0.000459664
623 0.000459664
624 0.000459664
625 0.000459664
626 0.000383054
627 0.000383054
628 0.000383054
629 0.000383054
630 0.000383054
631 0.000383054
632 0.000383054
633 0.000383054
634 0.000383054
635 0.000383054
636 0.000383054
637 0.000383054
638 0.000383054
639 0.000383054
640 0.000383054
641 0.000383054
642 0.000383054
643 0.000383054
644 0.000383054
645 0.000383054
646 0.000383054
647 0.000383054
648 0.000383054
649 0.000383054
650 0.000383054
651 0.000383054
652 0.000383054
653 0.000383054
654 0.000383054
655 0.000383054
656 0.000383054
657 0.000383054
658 0.000383054
659 0.000383054
660 0.000383054
661 0.000306443
662 0.000306443
663 0.000306443
664 0.000306443
665 0.000306443
666 0.000306443
667 0.000306443
668 0.000306443
669 0.000306443
670 0.000306443
671 0.000306443
672 0.000306443
673 0.000306443
674 0.000306443
675 0.000306443
676 0.000306443
677 0.000306443
678 0.000306443
679 0.000306443
680 0.000306443
681 0.000306443
682 0.000306443
683 0.000306443
684 0.000306443
685 0.000306443
686 0.000306443
687 0.000306443
688 0.000306443
689 0.000306443
690 0.000306443
691 0.000306443
692 0.000306443
693 0.000306443
694 0.000306443
695 0.000306443
696 0.000306443
697 0.000306443
698 0.000306443
699 0.000306443
700 0.000306443
701 0.000306443
702 0.000306443
703 0.000306443
704 0.000306443
705 0.000306443
706 0.000306443
707 0.000306443
708 0.000306443
709 0.000306443
710 0.000306443
711 0.000306443
712 0.000306443
713 0.000306443
714 0.000306443
715 0.000306443
716 0.000306443
717 0.000306443
718 0.000306443
719 0.000306443
720 0.000306443
721 0.000306443
722 0.000306443
723 0.000306443
724 0.000306443
725 0.000306443
726 0.000306443
727 0.000306443
728 0.000306443
729 0.000306443
730 0.000306443
731 0.000306443
732 0.000306443
733 0.000306443
734 0.000306443
735 0.000306443
736 0.000306443
737 0.000306443
738 0.000306443
739 0.000306443
740 0.000306443
741 0.000306443
742 0.000306443
743 0.000306443
744 0.000306443
745 0.000306443
746 0.000306443
747 0.000306443
748 0.000306443
749 0.000306443
750 0.000306443
751 0.000306443
752 0.000306443
753 0.000306443
754 0.000306443
755 0.000306443
756 0.000306443
757 0.000306443
758 0.000306443
759 0.000306443
760 0.000306443
761 0.000306443
762 0.000306443
763 0.000306443
764 0.000306443
765 0.000306443
766 0.000306443
767 0.000306443
768 0.000229832
769 0.000229832
770 0.000229832
771 0.000229832
772 0.000229832
773 0.000229832
774 0.000229832
775 0.000229832
776 0.000229832
777 0.000229832
778 0.000229832
779 0.000229832
780 0.000229832
781 0.000229832
782 0.000229832
783 0.000229832
784 0.000229832
785 0.000229832
786 0.000229832
787 0.000229832
788 0.000229832
789 0.000229832
790 0.000229832
791 0.000229832
792 0.000229832
793 0.000229832
794 0.000229832
795 0.000229832
796 0.000229832
797 0.000229832
798 0.000229832
799 0.000229832
800 0.000229832
801 0.000229832
802 0.000229832
803 0.000229832
804 0.000229832
805 0.000229832
806 0.000229832
807 0.000229832
808 0.000229832
809 0.000229832
810 0.000229832
811 0.000229832
812 0.000229832
813 0.000229832
814 0.000229832
815 0.000229832
816 0.000229832
817 0.000229832
818 0.000229832
819 0.000153221
820 0.000153221
821 0.000153221
822 0.000153221
823 0.000153221
824 0.000153221
825 0.000153221
826 0.000153221
827 0.000153221
828 0.000153221
829 0.000153221
830 0.000153221
831 0.000153221
832 0.000153221
833 0.000153221
834 0.000153221
835 0.000153221
836 0.000153221
837 0.000153221
838 0.000153221
839 0.000153221
840 0.000153221
841 0.000153221
842 0.000153221
843 0.000153221
844 0.000153221
845 0.000153221
846 0.000153221
847 0.000153221
848 0.000153221
849 0.000153221
850 0.000153221
851 0.000153221
852 0.000153221
853 0.000153221
854 0.000153221
855 0.000153221
856 0.000153221
857 0.000153221
858 0.000153221
859 0.000153221
860 0.000153221
861 0.000153221
862 0.000153221
863 0.000153221
864 0.000153221
865 0.000153221
866 0.000153221
867 0.000153221
868 0.000153221
869 0.000153221
870 0.000153221
871 0.000153221
872 0.000153221
873 0.000153221
874 0.000153221
875 0.000153221
876 0.000153221
877 0.000153221
878 0.000153221
879 0.000153221
880 0.000153221
881 0.000153221
882 0.000153221
883 0.000153221
884 0.000153221
885 0.000153221
886 0.000153221
887 0.000153221
888 0.000153221
889 0.000153221
890 0.000153221
891 0.000153221
892 0.000153221
893 0.000153221
894 7.66107e-05
895 7.66107e-05
896 7.66107e-05
897 7.66107e-05
898 7.66107e-05
899 7.66107e-05
900 7.66107e-05
901 7.66107e-05
902 7.66107e-05
903 7.66107e-05
904 7.66107e-05
905 7.66107e-05
906 7.66107e-05
907 7.66107e-05
908 7.66107e-05
909 7.66107e-05
910 7.66107e-05
911 7.66107e-05
912 7.66107e-05
913 7.66107e-05
914 7.66107e-05
915 7.66107e-05
916 7.66107e-05
917 7.66107e-05
918 7.66107e-05
919 7.66107e-05
920 7.66107e-05
921 7.66107e-05
922 7.66107e-05
923 7.66107e-05
924 7.66107e-05
925 7.66107e-05
926 7.66107e-05
927 7.66107e-05
