0 1
1 1
2 1
3 1
4 1
5 1
6 1
7 0.999966
8 0.999966
9 0.999966
10 0.999966
11 0.999966
12 0.999966
13 0.999966
14 0.999966
15 0.999897
16 0.999897
17 0.999897
18 0.999897
19 0.999897
20 0.999897
21 0.999897
22 0.999897
23 0.999828
24 0.999828
25 0.999828
26 0.999828
27 0.999828
28 0.999828
29 0.999828
30 0.999828
31 0.999725
32 0.999725
33 0.999725
34 0.999725
35 0.999725
36 0.999725
37 0.999725
38 0.999725
39 0.999553
40 0.999553
41 0.968947
42 0.968947
43 0.968947
44 0.968947
45 0.968947
46 0.968947
47 0.968809
48 0.968809
49 0.939372
50 0.939372
51 0.939372
52 0.939372
53 0.939372
54 0.939372
55 0.939372
56 0.939372
57 0.912927
58 0.912927
59 0.912927
60 0.912927
61 0.912927
62 0.912927
63 0.912686
64 0.912686
65 0.884006
66 0.884006
67 0.884006
68 0.884006
69 0.884006
70 0.884006
71 0.883971
72 0.883971
73 0.856219
74 0.856219
75 0.856219
76 0.856219
77 0.856219
78 0.856219
79 0.855979
80 0.855979
81 0.828261
82 0.828261
83 0.828261
84 0.828261
85 0.828261
86 0.828261
87 0.828123
88 0.828123
89 0.802779
90 0.802779
91 0.802779
92 0.802779
93 0.802779
94 0.802779
95 0.802675
96 0.802675
97 0.776368
98 0.776368
99 0.776368
100 0.776368
101 0.776368
102 0.776368
103 0.776299
104 0.776299
105 0.75147
106 0.75147
107 0.75147
108 0.75147
109 0.75147
110 0.75147
111 0.751264
112 0.751264
113 0.728739
114 0.728739
115 0.728739
116 0.728739
117 0.728739
118 0.728739
119 0.728395
120 0.728395
121 0.704357
122 0.704357
123 0.704357
124 0.704357
125 0.704357
126 0.704357
127 0.704151
128 0.704151
129 0.681523
130 0.681523
131 0.681523
132 0.681523
133 0.681523
134 0.681523
135 0.681351
136 0.681351
137 0.659239
138 0.659239
139 0.659239
140 0.659239
141 0.659239
142 0.659239
143 0.659135
144 0.659135
145 0.637986
146 0.637986
147 0.637986
148 0.637986
149 0.637986
150 0.637986
151 0.637917
152 0.637917
153 0.618075
154 0.618075
155 0.618075
156 0.618075
157 0.618075
158 0.618075
159 0.617937
160 0.617937
161 0.597613
162 0.597613
163 0.597613
164 0.597613
165 0.597613
166 0.597613
167 0.597407
168 0.597407
169 0.577633
170 0.577633
171 0.577633
172 0.577633
173 0.577633
174 0.577633
175 0.577496
176 0.577496
177 0.558857
178 0.558857
179 0.558857
180 0.558857
181 0.558857
182 0.558857
183 0.558754
184 0.558754
185 0.539874
186 0.539874
187 0.539874
188 0.539874
189 0.539874
190 0.539874
191 0.53984
192 0.53984
193 0.521338
194 0.521338
195 0.521338
196 0.521338
197 0.521338
198 0.521338
199 0.521132
200 0.521132
201 0.503766
202 0.503766
203 0.503766
204 0.503766
205 0.503766
206 0.503766
207 0.503766
208 0.503766
209 0.487087
210 0.487087
211 0.487087
212 0.487087
213 0.487087
214 0.487087
215 0.486915
216 0.486915
217 0.472575
218 0.472575
219 0.472575
220 0.472575
221 0.472575
222 0.472575
223 0.472403
224 0.472403
225 0.456859
226 0.456859
227 0.456859
228 0.456859
229 0.456859
230 0.456859
231 0.456825
232 0.456825
233 0.442003
234 0.442003
235 0.442003
236 0.442003
237 0.442003
238 0.442003
239 0.441968
240 0.441968
241 0.428729
242 0.428729
243 0.428729
244 0.428729
245 0.428729
246 0.428729
247 0.428694
248 0.428694
249 0.415626
250 0.415626
251 0.415626
252 0.415626
253 0.415626
254 0.415626
255 0.415523
256 0.415523
257 0.402283
258 0.402283
259 0.402283
260 0.402283
261 0.402283
262 0.402283
263 0.402215
264 0.402215
265 0.389938
266 0.389938
267 0.389938
268 0.389938
269 0.389938
270 0.389938
271 0.389766
272 0.389766
273 0.378555
274 0.378555
275 0.378555
276 0.378555
277 0.378555
278 0.378555
279 0.378555
280 0.378555
281 0.367275
282 0.367275
283 0.367275
284 0.367275
285 0.367275
286 0.367275
287 0.367207
288 0.367207
289 0.356477
290 0.356477
291 0.356477
292 0.356477
293 0.356477
294 0.356477
295 0.356408
296 0.356408
297 0.345198
298 0.345198
299 0.345198
300 0.345198
301 0.345198
302 0.345198
303 0.345129
304 0.345129
305 0.334537
306 0.334537
307 0.334537
308 0.334537
309 0.334537
310 0.334537
311 0.334365
312 0.334365
313 0.323911
314 0.323911
315 0.323911
316 0.323911
317 0.323911
318 0.323911
319 0.323808
320 0.323808
321 0.314729
322 0.314729
323 0.314729
324 0.314729
325 0.314729
326 0.314729
327 0.31466
328 0.31466
329 0.305237
330 0.305237
331 0.305237
332 0.305237
333 0.305237
334 0.305237
335 0.305169
336 0.305169
337 0.296399
338 0.296399
339 0.296399
340 0.296399
341 0.296399
342 0.296399
343 0.296365
344 0.296365
345 0.28763
346 0.28763
347 0.28763
348 0.28763
349 0.28763
350 0.28763
351 0.287424
352 0.287424
353 0.279067
354 0.279067
355 0.279067
356 0.279067
357 0.279067
358 0.279067
359 0.279067
360 0.279067
361 0.272052
362 0.272052
363 0.272052
364 0.272052
365 0.272052
366 0.272052
367 0.271949
368 0.271949
369 0.264865
370 0.264865
371 0.264865
372 0.264865
373 0.264865
374 0.264865
375 0.264865
376 0.264865
377 0.258365
378 0.258365
379 0.258365
380 0.258365
381 0.258365
382 0.258365
383 0.258228
384 0.258228
385 0.251247
386 0.251247
387 0.251247
388 0.251247
389 0.251247
390 0.251247
391 0.251212
392 0.251212
393 0.244025
394 0.244025
395 0.244025
396 0.244025
397 0.244025
398 0.244025
399 0.243922
400 0.243922
401 0.237181
402 0.237181
403 0.237181
404 0.237181
405 0.237181
406 0.237181
407 0.237113
408 0.237113
409 0.229891
410 0.229891
411 0.229891
412 0.229891
413 0.229891
414 0.229891
415 0.229857
416 0.229857
417 0.224114
418 0.224114
419 0.224114
420 0.224114
421 0.224114
422 0.224114
423 0.22401
424 0.22401
425 0.218199
426 0.218199
427 0.218199
428 0.218199
429 0.218199
430 0.218199
431 0.21813
432 0.21813
433 0.212972
434 0.212972
435 0.212972
436 0.212972
437 0.212972
438 0.212972
439 0.212937
440 0.212937
441 0.207401
442 0.207401
443 0.207401
444 0.207401
445 0.207401
446 0.207401
447 0.207297
448 0.207297
449 0.201761
450 0.201761
451 0.201761
452 0.201761
453 0.201761
454 0.201761
455 0.201554
456 0.201554
457 0.196671
458 0.196671
459 0.196671
460 0.196671
461 0.196671
462 0.196671
463 0.196568
464 0.196568
465 0.192201
466 0.192201
467 0.192201
468 0.192201
469 0.192201
470 0.192201
471 0.192097
472 0.192097
473 0.187283
474 0.187283
475 0.187283
476 0.187283
477 0.187283
478 0.187283
479 0.18718
480 0.18718
481 0.183741
482 0.183741
483 0.183741
484 0.183741
485 0.183741
486 0.183741
487 0.183672
488 0.183672
489 0.179064
490 0.179064
491 0.179064
492 0.179064
493 0.179064
494 0.179064
495 0.17903
496 0.17903
497 0.1748
498 0.1748
499 0.1748
500 0.1748
501 0.1748
502 0.1748
503 0.174765
504 0.174765
505 0.17057
506 0.17057
507 0.17057
508 0.17057
509 0.17057
510 0.17057
511 0.17057
512 0.17057
513 0.16689
514 0.16689
515 0.16689
516 0.16689
517 0.16689
518 0.16689
519 0.166787
520 0.166787
521 0.16242
522 0.16242
523 0.16242
524 0.16242
525 0.16242
526 0.16242
527 0.162316
528 0.162316
529 0.158224
530 0.158224
531 0.158224
532 0.158224
533 0.158224
534 0.158224
535 0.15819
536 0.15819
537 0.154716
538 0.154716
539 0.154716
540 0.154716
541 0.154716
542 0.154716
543 0.154716
544 0.154716
545 0.150796
546 0.150796
547 0.150796
548 0.150796
549 0.150796
550 0.150796
551 0.150762
552 0.150762
553 0.147426
554 0.147426
555 0.147426
556 0.147426
557 0.147426
558 0.147426
559 0.147357
560 0.147357
561 0.144228
562 0.144228
563 0.144228
564 0.144228
565 0.144228
566 0.144228
567 0.144193
568 0.144193
569 0.140548
570 0.140548
571 0.140548
572 0.140548
573 0.140548
574 0.140548
575 0.140479
576 0.140479
577 0.137556
578 0.137556
579 0.137556
580 0.137556
581 0.137556
582 0.137556
583 0.137556
584 0.137556
585 0.134668
586 0.134668
587 0.134668
588 0.134668
589 0.134668
590 0.134668
591 0.134633
592 0.134633
593 0.131057
594 0.131057
595 0.131057
596 0.131057
597 0.131057
598 0.131057
599 0.131057
600 0.131057
601 0.127618
602 0.127618
603 0.127618
604 0.127618
605 0.127618
606 0.127618
607 0.127618
608 0.127618
609 0.124248
610 0.124248
611 0.124248
612 0.124248
613 0.124248
614 0.124248
615 0.124179
616 0.124179
617 0.121497
618 0.121497
619 0.121497
620 0.121497
621 0.121497
622 0.121497
623 0.121393
624 0.121393
625 0.118711
626 0.118711
627 0.118711
628 0.118711
629 0.118711
630 0.118711
631 0.118642
632 0.118642
633 0.115926
634 0.115926
635 0.115926
636 0.115926
637 0.115926
638 0.115926
639 0.115891
640 0.115891
641 0.113106
642 0.113106
643 0.113106
644 0.113106
645 0.113106
646 0.113106
647 0.113071
648 0.113071
649 0.110595
650 0.110595
651 0.110595
652 0.110595
653 0.110595
654 0.110595
655 0.110526
656 0.110526
657 0.108394
658 0.108394
659 0.108394
660 0.108394
661 0.108394
662 0.108394
663 0.10836
664 0.10836
665 0.105815
666 0.105815
667 0.105815
668 0.105815
669 0.105815
670 0.105815
671 0.105746
672 0.105746
673 0.103374
674 0.103374
675 0.103374
676 0.103374
677 0.103374
678 0.103374
679 0.103339
680 0.103339
681 0.100794
682 0.100794
683 0.100794
684 0.100794
685 0.100794
686 0.100794
687 0.100794
688 0.100794
689 0.0983528
690 0.0983528
691 0.0983528
692 0.0983528
693 0.0983528
694 0.0983528
695 0.0983184
696 0.0983184
697 0.096255
698 0.096255
699 0.096255
700 0.096255
701 0.096255
702 0.096255
703 0.096255
704 0.096255
705 0.0937446
706 0.0937446
707 0.0937446
708 0.0937446
709 0.0937446
710 0.0937446
711 0.0937446
712 0.0937446
713 0.0917844
714 0.0917844
715 0.0917844
716 0.0917844
717 0.0917844
718 0.0917844
719 0.0917501
720 0.0917501
721 0.0894116
722 0.0894116
723 0.0894116
724 0.0894116
725 0.0894116
726 0.0894116
727 0.0894116
728 0.0894116
729 0.0876578
730 0.0876578
731 0.0876578
732 0.0876578
733 0.0876578
734 0.0876578
735 0.0876578
736 0.0876578
737 0.0856288
738 0.0856288
739 0.0856288
740 0.0856288
741 0.0856288
742 0.0856288
743 0.0856288
744 0.0856288
745 0.0836686
746 0.0836686
747 0.0836686
748 0.0836686
749 0.0836686
750 0.0836686
751 0.0836686
752 0.0836686
753 0.0820867
754 0.0820867
755 0.0820867
756 0.0820867
757 0.0820867
758 0.0820867
759 0.0820867
760 0.0820867
761 0.0801953
762 0.0801953
763 0.0801953
764 0.0801953
765 0.0801953
766 0.0801953
767 0.0801953
768 0.0801953
769 0.0786478
770 0.0786478
771 0.0786478
772 0.0786478
773 0.0786478
774 0.0786478
775 0.078579
776 0.078579
777 0.0767908
778 0.0767908
779 0.0767908
780 0.0767908
781 0.0767908
782 0.0767908
783 0.0767564
784 0.0767564
785 0.0750714
786 0.0750714
787 0.0750714
788 0.0750714
789 0.0750714
790 0.0750714
791 0.0750714
792 0.0750714
793 0.0733863
794 0.0733863
795 0.0733863
796 0.0733863
797 0.0733863
798 0.0733863
799 0.0733519
800 0.0733519
801 0.0714261
802 0.0714261
803 0.0714261
804 0.0714261
805 0.0714261
806 0.0714261
807 0.0714261
808 0.0714261
809 0.069913
810 0.069913
811 0.069913
812 0.069913
813 0.069913
814 0.069913
815 0.069913
816 0.069913
817 0.0682279
818 0.0682279
819 0.0682279
820 0.0682279
821 0.0682279
822 0.0682279
823 0.0681935
824 0.0681935
825 0.0665085
826 0.0665085
827 0.0665085
828 0.0665085
829 0.0665085
830 0.0665085
831 0.0664397
832 0.0664397
833 0.0650641
834 0.0650641
835 0.0650641
836 0.0650641
837 0.0650641
838 0.0650641
839 0.0650641
840 0.0650641
841 0.0639981
842 0.0639981
843 0.0639981
844 0.0639981
845 0.0639981
846 0.0639981
847 0.0639981
848 0.0639981
849 0.0626225
850 0.0626225
851 0.0626225
852 0.0626225
853 0.0626225
854 0.0626225
855 0.0625881
856 0.0625881
857 0.0612126
858 0.0612126
859 0.0612126
860 0.0612126
861 0.0612126
862 0.0612126
863 0.0611438
864 0.0611438
865 0.0601809
866 0.0601809
867 0.0601809
868 0.0601809
869 0.0601809
870 0.0601809
871 0.0601465
872 0.0601465
873 0.0589085
874 0.0589085
875 0.0589085
876 0.0589085
877 0.0589085
878 0.0589085
879 0.0589085
880 0.0589085
881 0.0576361
882 0.0576361
883 0.0576361
884 0.0576361
885 0.0576361
886 0.0576361
887 0.0576361
888 0.0576361
889 0.0565013
890 0.0565013
891 0.0565013
892 0.0565013
893 0.0565013
894 0.0565013
895 0.0565013
896 0.0565013
897 0.0556415
898 0.0556415
899 0.0556415
900 0.0556415
901 0.0556415
902 0.0556415
903 0.0556071
904 0.0556071
905 0.0545411
906 0.0545411
907 0.0545411
908 0.0545411
909 0.0545411
910 0.0545411
911 0.0544723
912 0.0544723
913 0.0534406
914 0.0534406
915 0.0534406
916 0.0534406
917 0.0534406
918 0.0534406
919 0.0533719
920 0.0533719
921 0.0523746
922 0.0523746
923 0.0523746
924 0.0523746
925 0.0523746
926 0.0523746
927 0.0522714
928 0.0522714
929 0.0511709
930 0.0511709
931 0.0511709
932 0.0511709
933 0.0511709
934 0.0511709
935 0.0511709
936 0.0511709
937 0.0500017
938 0.0500017
939 0.0500017
940 0.0500017
941 0.0500017
942 0.0500017
943 0.0499673
944 0.0499673
945 0.0489013
946 0.0489013
947 0.0489013
948 0.0489013
949 0.0489013
950 0.0489013
951 0.0488669
952 0.0488669
953 0.0478352
954 0.0478352
955 0.0478352
956 0.0478352
957 0.0478352
958 0.0478352
959 0.0477664
960 0.0477664
961 0.0470443
962 0.0470443
963 0.0470443
964 0.0470443
965 0.0470443
966 0.0470443
967 0.0470443
968 0.0470443
969 0.045875
970 0.045875
971 0.045875
972 0.045875
973 0.045875
974 0.045875
975 0.0458406
976 0.0458406
977 0.0451185
978 0.0451185
979 0.0451185
980 0.0451185
981 0.0451185
982 0.0451185
983 0.0451185
984 0.0451185
985 0.0442244
986 0.0442244
987 0.0442244
988 0.0442244
989 0.0442244
990 0.0442244
991 0.0442244
992 0.0442244
993 0.0433302
994 0.0433302
995 0.0433302
996 0.0433302
997 0.0433302
998 0.0433302
999 0.0433302
1000 0.0433302
1001 0.042333
1002 0.042333
1003 0.042333
1004 0.042333
1005 0.042333
1006 0.042333
1007 0.0422642
1008 0.0422642
1009 0.0411293
1010 0.0411293
1011 0.0411293
1012 0.0411293
1013 0.0411293
1014 0.0411293
1015 0.0411293
1016 0.0411293
1017 0.0400633
1018 0.0400633
1019 0.0400633
1020 0.0400633
1021 0.0400633
1022 0.0400633
1023 0.0400633
1024 0.0400633
1025 0.0393411
1026 0.0393411
1027 0.0393411
1028 0.0393411
1029 0.0393411
1030 0.0393411
1031 0.0393411
1032 0.0393411
1033 0.038447
1034 0.038447
1035 0.038447
1036 0.038447
1037 0.038447
1038 0.038447
1039 0.0384126
1040 0.0384126
1041 0.0376904
1042 0.0376904
1043 0.0376904
1044 0.0376904
1045 0.0376904
1046 0.0376904
1047 0.037656
1048 0.037656
1049 0.0368307
1050 0.0368307
1051 0.0368307
1052 0.0368307
1053 0.0368307
1054 0.0368307
1055 0.0368307
1056 0.0368307
1057 0.0361085
1058 0.0361085
1059 0.0361085
1060 0.0361085
1061 0.0361085
1062 0.0361085
1063 0.0361085
1064 0.0361085
1065 0.0355927
1066 0.0355927
1067 0.0355927
1068 0.0355927
1069 0.0355927
1070 0.0355927
1071 0.0355239
1072 0.0355239
1073 0.034733
1074 0.034733
1075 0.034733
1076 0.034733
1077 0.034733
1078 0.034733
1079 0.034733
1080 0.034733
1081 0.0341827
1082 0.0341827
1083 0.0341827
1084 0.0341827
1085 0.0341827
1086 0.0341827
1087 0.0341827
1088 0.0341827
1089 0.0334606
1090 0.0334606
1091 0.0334606
1092 0.0334606
1093 0.0334606
1094 0.0334606
1095 0.0334606
1096 0.0334606
1097 0.032876
1098 0.032876
1099 0.032876
1100 0.032876
1101 0.032876
1102 0.032876
1103 0.032876
1104 0.032876
1105 0.0320506
1106 0.0320506
1107 0.0320506
1108 0.0320506
1109 0.0320506
1110 0.0320506
1111 0.0320162
1112 0.0320162
1113 0.0313628
1114 0.0313628
1115 0.0313628
1116 0.0313628
1117 0.0313628
1118 0.0313628
1119 0.0313628
1120 0.0313628
1121 0.0309502
1122 0.0309502
1123 0.0309502
1124 0.0309502
1125 0.0309502
1126 0.0309502
1127 0.0309502
1128 0.0309502
1129 0.0303656
1130 0.0303656
1131 0.0303656
1132 0.0303656
1133 0.0303656
1134 0.0303656
1135 0.0303656
1136 0.0303656
1137 0.0298497
1138 0.0298497
1139 0.0298497
1140 0.0298497
1141 0.0298497
1142 0.0298497
1143 0.0297809
1144 0.0297809
1145 0.0293683
1146 0.0293683
1147 0.0293683
1148 0.0293683
1149 0.0293683
1150 0.0293683
1151 0.0293683
1152 0.0293683
1153 0.028818
1154 0.028818
1155 0.028818
1156 0.028818
1157 0.028818
1158 0.028818
1159 0.028818
1160 0.028818
1161 0.0282334
1162 0.0282334
1163 0.0282334
1164 0.0282334
1165 0.0282334
1166 0.0282334
1167 0.028199
1168 0.028199
1169 0.0276488
1170 0.0276488
1171 0.0276488
1172 0.0276488
1173 0.0276488
1174 0.0276488
1175 0.0276488
1176 0.0276488
1177 0.0272018
1178 0.0272018
1179 0.0272018
1180 0.0272018
1181 0.0272018
1182 0.0272018
1183 0.0271674
1184 0.0271674
1185 0.0266859
1186 0.0266859
1187 0.0266859
1188 0.0266859
1189 0.0266859
1190 0.0266859
1191 0.0266859
1192 0.0266859
1193 0.0263764
1194 0.0263764
1195 0.0263764
1196 0.0263764
1197 0.0263764
1198 0.0263764
1199 0.0263764
1200 0.0263764
1201 0.025723
1202 0.025723
1203 0.025723
1204 0.025723
1205 0.025723
1206 0.025723
1207 0.025723
1208 0.025723
1209 0.0253104
1210 0.0253104
1211 0.0253104
1212 0.0253104
1213 0.0253104
1214 0.0253104
1215 0.025276
1216 0.025276
1217 0.0247945
1218 0.0247945
1219 0.0247945
1220 0.0247945
1221 0.0247945
1222 0.0247945
1223 0.0247945
1224 0.0247945
1225 0.0243819
1226 0.0243819
1227 0.0243819
1228 0.0243819
1229 0.0243819
1230 0.0243819
1231 0.0243819
1232 0.0243819
1233 0.0239004
1234 0.0239004
1235 0.0239004
1236 0.0239004
1237 0.0239004
1238 0.0239004
1239 0.0239004
1240 0.0239004
1241 0.0234534
1242 0.0234534
1243 0.0234534
1244 0.0234534
1245 0.0234534
1246 0.0234534
1247 0.0234534
1248 0.0234534
1249 0.0230063
1250 0.0230063
1251 0.0230063
1252 0.0230063
1253 0.0230063
1254 0.0230063
1255 0.0230063
1256 0.0230063
1257 0.0225936
1258 0.0225936
1259 0.0225936
1260 0.0225936
1261 0.0225936
1262 0.0225936
1263 0.0225936
1264 0.0225936
1265 0.0222841
1266 0.0222841
1267 0.0222841
1268 0.0222841
1269 0.0222841
1270 0.0222841
1271 0.0222497
1272 0.0222497
1273 0.0220434
1274 0.0220434
1275 0.0220434
1276 0.0220434
1277 0.0220434
1278 0.0220434
1279 0.0220434
1280 0.0220434
1281 0.0216307
1282 0.0216307
1283 0.0216307
1284 0.0216307
1285 0.0216307
1286 0.0216307
1287 0.0215963
1288 0.0215963
1289 0.0211837
1290 0.0211837
1291 0.0211837
1292 0.0211837
1293 0.0211837
1294 0.0211837
1295 0.0211837
1296 0.0211837
1297 0.0208054
1298 0.0208054
1299 0.0208054
1300 0.0208054
1301 0.0208054
1302 0.0208054
1303 0.020771
1304 0.020771
1305 0.0201176
1306 0.0201176
1307 0.0201176
1308 0.0201176
1309 0.0201176
1310 0.0201176
1311 0.0201176
1312 0.0201176
1313 0.0196706
1314 0.0196706
1315 0.0196706
1316 0.0196706
1317 0.0196706
1318 0.0196706
1319 0.0196706
1320 0.0196706
1321 0.0192235
1322 0.0192235
1323 0.0192235
1324 0.0192235
1325 0.0192235
1326 0.0192235
1327 0.0191891
1328 0.0191891
1329 0.0190172
1330 0.0190172
1331 0.0190172
1332 0.0190172
1333 0.0190172
1334 0.0190172
1335 0.018914
1336 0.018914
1337 0.0185357
1338 0.0185357
1339 0.0185357
1340 0.0185357
1341 0.0185357
1342 0.0185357
1343 0.0185357
1344 0.0185357
1345 0.0180543
1346 0.0180543
1347 0.0180543
1348 0.0180543
1349 0.0180543
1350 0.0180543
1351 0.0180199
1352 0.0180199
1353 0.0177448
1354 0.0177448
1355 0.0177448
1356 0.0177448
1357 0.0177448
1358 0.0177448
1359 0.0177448
1360 0.0177448
1361 0.0173665
1362 0.0173665
1363 0.0173665
1364 0.0173665
1365 0.0173665
1366 0.0173665
1367 0.0173321
1368 0.0173321
1369 0.0170914
1370 0.0170914
1371 0.0170914
1372 0.0170914
1373 0.0170914
1374 0.0170914
1375 0.0170914
1376 0.0170914
1377 0.0169194
1378 0.0169194
1379 0.0169194
1380 0.0169194
1381 0.0169194
1382 0.0169194
1383 0.0169194
1384 0.0169194
1385 0.0166443
1386 0.0166443
1387 0.0166443
1388 0.0166443
1389 0.0166443
1390 0.0166443
1391 0.0166443
1392 0.0166443
1393 0.0163348
1394 0.0163348
1395 0.0163348
1396 0.0163348
1397 0.0163348
1398 0.0163348
1399 0.0163348
1400 0.0163348
1401 0.0159909
1402 0.0159909
1403 0.0159909
1404 0.0159909
1405 0.0159909
1406 0.0159909
1407 0.0159909
1408 0.0159909
1409 0.0157502
1410 0.0157502
1411 0.0157502
1412 0.0157502
1413 0.0157502
1414 0.0157502
1415 0.0157502
1416 0.0157502
1417 0.0155439
1418 0.0155439
1419 0.0155439
1420 0.0155439
1421 0.0155439
1422 0.0155439
1423 0.0155439
1424 0.0155439
1425 0.0151656
1426 0.0151656
1427 0.0151656
1428 0.0151656
1429 0.0151656
1430 0.0151656
1431 0.0150968
1432 0.0150968
1433 0.0148905
1434 0.0148905
1435 0.0148905
1436 0.0148905
1437 0.0148905
1438 0.0148905
1439 0.0148905
1440 0.0148905
1441 0.0147873
1442 0.0147873
1443 0.0147873
1444 0.0147873
1445 0.0147873
1446 0.0147873
1447 0.0147873
1448 0.0147873
1449 0.014581
1450 0.014581
1451 0.014581
1452 0.014581
1453 0.014581
1454 0.014581
1455 0.014581
1456 0.014581
1457 0.0142027
1458 0.0142027
1459 0.0142027
1460 0.0142027
1461 0.0142027
1462 0.0142027
1463 0.0142027
1464 0.0142027
1465 0.0139964
1466 0.0139964
1467 0.0139964
1468 0.0139964
1469 0.0139964
1470 0.0139964
1471 0.013962
1472 0.013962
1473 0.0137556
1474 0.0137556
1475 0.0137556
1476 0.0137556
1477 0.0137556
1478 0.0137556
1479 0.0137556
1480 0.0137556
1481 0.0136181
1482 0.0136181
1483 0.0136181
1484 0.0136181
1485 0.0136181
1486 0.0136181
1487 0.0136181
1488 0.0136181
1489 0.0134805
1490 0.0134805
1491 0.0134805
1492 0.0134805
1493 0.0134805
1494 0.0134805
1495 0.0134805
1496 0.0134805
1497 0.0132398
1498 0.0132398
1499 0.0132398
1500 0.0132398
1501 0.0132398
1502 0.0132398
1503 0.0132398
1504 0.0132398
1505 0.0128959
1506 0.0128959
1507 0.0128959
1508 0.0128959
1509 0.0128959
1510 0.0128959
1511 0.0128959
1512 0.0128959
1513 0.0125176
1514 0.0125176
1515 0.0125176
1516 0.0125176
1517 0.0125176
1518 0.0125176
1519 0.0125176
1520 0.0125176
1521 0.0120706
1522 0.0120706
1523 0.0120706
1524 0.0120706
1525 0.0120706
1526 0.0120706
1527 0.0120362
1528 0.0120362
1529 0.0117267
1530 0.0117267
1531 0.0117267
1532 0.0117267
1533 0.0117267
1534 0.0117267
1535 0.0117267
1536 0.0117267
1537 0.0115547
1538 0.0115547
1539 0.0115547
1540 0.0115547
1541 0.0115547
1542 0.0115547
1543 0.0115203
1544 0.0115203
1545 0.0113828
1546 0.0113828
1547 0.0113828
1548 0.0113828
1549 0.0113828
1550 0.0113828
1551 0.0113828
1552 0.0113828
1553 0.0111765
1554 0.0111765
1555 0.0111765
1556 0.0111765
1557 0.0111765
1558 0.0111765
1559 0.0111765
1560 0.0111765
1561 0.0109013
1562 0.0109013
1563 0.0109013
1564 0.0109013
1565 0.0109013
1566 0.0109013
1567 0.0109013
1568 0.0109013
1569 0.0108326
1570 0.0108326
1571 0.0108326
1572 0.0108326
1573 0.0108326
1574 0.0108326
1575 0.0108326
1576 0.0108326
1577 0.0104887
1578 0.0104887
1579 0.0104887
1580 0.0104887
1581 0.0104887
1582 0.0104887
1583 0.0104887
1584 0.0104887
1585 0.0101792
1586 0.0101792
1587 0.0101792
1588 0.0101792
1589 0.0101792
1590 0.0101792
1591 0.0101792
1592 0.0101792
1593 0.0100072
1594 0.0100072
1595 0.0100072
1596 0.0100072
1597 0.0100072
1598 0.0100072
1599 0.0100072
1600 0.0100072
1601 0.00980089
1602 0.00980089
1603 0.00980089
1604 0.00980089
1605 0.00980089
1606 0.00980089
1607 0.00980089
1608 0.00980089
1609 0.00966333
1610 0.00966333
1611 0.00966333
1612 0.00966333
1613 0.00966333
1614 0.00966333
1615 0.00966333
1616 0.00966333
1617 0.00952577
1618 0.00952577
1619 0.00952577
1620 0.00952577
1621 0.00952577
1622 0.00952577
1623 0.00952577
1624 0.00952577
1625 0.00931944
1626 0.00931944
1627 0.00931944
1628 0.00931944
1629 0.00931944
1630 0.00931944
1631 0.00928505
1632 0.00928505
1633 0.0091475
1634 0.0091475
1635 0.0091475
1636 0.0091475
1637 0.0091475
1638 0.0091475
1639 0.0091475
1640 0.0091475
1641 0.00887238
1642 0.00887238
1643 0.00887238
1644 0.00887238
1645 0.00887238
1646 0.00887238
1647 0.00887238
1648 0.00887238
1649 0.00873483
1650 0.00873483
1651 0.00873483
1652 0.00873483
1653 0.00873483
1654 0.00873483
1655 0.00873483
1656 0.00873483
1657 0.00870044
1658 0.00870044
1659 0.00870044
1660 0.00870044
1661 0.00870044
1662 0.00870044
1663 0.00870044
1664 0.00870044
1665 0.00863166
1666 0.00863166
1667 0.00863166
1668 0.00863166
1669 0.00863166
1670 0.00863166
1671 0.00863166
1672 0.00863166
1673 0.0084941
1674 0.0084941
1675 0.0084941
1676 0.0084941
1677 0.0084941
1678 0.0084941
1679 0.0084941
1680 0.0084941
1681 0.00832216
1682 0.00832216
1683 0.00832216
1684 0.00832216
1685 0.00832216
1686 0.00832216
1687 0.00832216
1688 0.00832216
1689 0.0081846
1690 0.0081846
1691 0.0081846
1692 0.0081846
1693 0.0081846
1694 0.0081846
1695 0.0081846
1696 0.0081846
1697 0.00797827
1698 0.00797827
1699 0.00797827
1700 0.00797827
1701 0.00797827
1702 0.00797827
1703 0.00797827
1704 0.00797827
1705 0.00797827
1706 0.00797827
1707 0.00797827
1708 0.00797827
1709 0.00797827
1710 0.00797827
1711 0.00797827
1712 0.00797827
1713 0.00773754
1714 0.00773754
1715 0.00773754
1716 0.00773754
1717 0.00773754
1718 0.00773754
1719 0.00773754
1720 0.00773754
1721 0.00759999
1722 0.00759999
1723 0.00759999
1724 0.00759999
1725 0.00759999
1726 0.00759999
1727 0.00759999
1728 0.00759999
1729 0.00753121
1730 0.00753121
1731 0.00753121
1732 0.00753121
1733 0.00753121
1734 0.00753121
1735 0.00749682
1736 0.00749682
1737 0.00732487
1738 0.00732487
1739 0.00732487
1740 0.00732487
1741 0.00732487
1742 0.00732487
1743 0.00732487
1744 0.00732487
1745 0.00708415
1746 0.00708415
1747 0.00708415
1748 0.00708415
1749 0.00708415
1750 0.00708415
1751 0.00708415
1752 0.00708415
1753 0.00698098
1754 0.00698098
1755 0.00698098
1756 0.00698098
1757 0.00698098
1758 0.00698098
1759 0.00694659
1760 0.00694659
1761 0.00684343
1762 0.00684343
1763 0.00684343
1764 0.00684343
1765 0.00684343
1766 0.00684343
1767 0.00684343
1768 0.00684343
1769 0.00663709
1770 0.00663709
1771 0.00663709
1772 0.00663709
1773 0.00663709
1774 0.00663709
1775 0.00663709
1776 0.00663709
1777 0.00639637
1778 0.00639637
1779 0.00639637
1780 0.00639637
1781 0.00639637
1782 0.00639637
1783 0.00639637
1784 0.00639637
1785 0.0062932
1786 0.0062932
1787 0.0062932
1788 0.0062932
1789 0.0062932
1790 0.0062932
1791 0.00625881
1792 0.00625881
1793 0.00608687
1794 0.00608687
1795 0.00608687
1796 0.00608687
1797 0.00608687
1798 0.00608687
1799 0.00608687
1800 0.00608687
1801 0.00588053
1802 0.00588053
1803 0.00588053
1804 0.00588053
1805 0.00588053
1806 0.00588053
1807 0.00588053
1808 0.00588053
1809 0.00581175
1810 0.00581175
1811 0.00581175
1812 0.00581175
1813 0.00581175
1814 0.00581175
1815 0.00581175
1816 0.00581175
1817 0.00570859
1818 0.00570859
1819 0.00570859
1820 0.00570859
1821 0.00570859
1822 0.00570859
1823 0.00570859
1824 0.00570859
1825 0.00560542
1826 0.00560542
1827 0.00560542
1828 0.00560542
1829 0.00560542
1830 0.00560542
1831 0.00560542
1832 0.00560542
1833 0.00543347
1834 0.00543347
1835 0.00543347
1836 0.00543347
1837 0.00543347
1838 0.00543347
1839 0.00543347
1840 0.00543347
1841 0.00533031
1842 0.00533031
1843 0.00533031
1844 0.00533031
1845 0.00533031
1846 0.00533031
1847 0.00533031
1848 0.00533031
1849 0.00526153
1850 0.00526153
1851 0.00526153
1852 0.00526153
1853 0.00526153
1854 0.00526153
1855 0.00526153
1856 0.00526153
1857 0.00515836
1858 0.00515836
1859 0.00515836
1860 0.00515836
1861 0.00515836
1862 0.00515836
1863 0.00515836
1864 0.00515836
1865 0.00505519
1866 0.00505519
1867 0.00505519
1868 0.00505519
1869 0.00505519
1870 0.00505519
1871 0.00505519
1872 0.00505519
1873 0.00502081
1874 0.00502081
1875 0.00502081
1876 0.00502081
1877 0.00502081
1878 0.00502081
1879 0.00502081
1880 0.00502081
1881 0.00491764
1882 0.00491764
1883 0.00491764
1884 0.00491764
1885 0.00491764
1886 0.00491764
1887 0.00491764
1888 0.00491764
1889 0.00484886
1890 0.00484886
1891 0.00484886
1892 0.00484886
1893 0.00484886
1894 0.00484886
1895 0.00481447
1896 0.00481447
1897 0.00467691
1898 0.00467691
1899 0.00467691
1900 0.00467691
1901 0.00467691
1902 0.00467691
1903 0.00467691
1904 0.00467691
1905 0.00457375
1906 0.00457375
1907 0.00457375
1908 0.00457375
1909 0.00457375
1910 0.00457375
1911 0.00457375
1912 0.00457375
1913 0.00453936
1914 0.00453936
1915 0.00453936
1916 0.00453936
1917 0.00453936
1918 0.00453936
1919 0.00453936
1920 0.00453936
1921 0.00447058
1922 0.00447058
1923 0.00447058
1924 0.00447058
1925 0.00447058
1926 0.00447058
1927 0.00447058
1928 0.00447058
1929 0.00436741
1930 0.00436741
1931 0.00436741
1932 0.00436741
1933 0.00436741
1934 0.00436741
1935 0.00436741
1936 0.00436741
1937 0.00429863
1938 0.00429863
1939 0.00429863
1940 0.00429863
1941 0.00429863
1942 0.00429863
1943 0.00429863
1944 0.00429863
1945 0.00426425
1946 0.00426425
1947 0.00426425
1948 0.00426425
1949 0.00426425
1950 0.00426425
1951 0.00426425
1952 0.00426425
1953 0.00422986
1954 0.00422986
1955 0.00422986
1956 0.00422986
1957 0.00422986
1958 0.00422986
1959 0.00422986
1960 0.00422986
1961 0.00412669
1962 0.00412669
1963 0.00412669
1964 0.00412669
1965 0.00412669
1966 0.00412669
1967 0.0040923
1968 0.0040923
1969 0.00402352
1970 0.00402352
1971 0.00402352
1972 0.00402352
1973 0.00402352
1974 0.00402352
1975 0.00402352
1976 0.00402352
1977 0.00395474
1978 0.00395474
1979 0.00395474
1980 0.00395474
1981 0.00395474
1982 0.00395474
1983 0.00395474
1984 0.00395474
1985 0.00388597
1986 0.00388597
1987 0.00388597
1988 0.00388597
1989 0.00388597
1990 0.00388597
1991 0.00388597
1992 0.00388597
1993 0.00385158
1994 0.00385158
1995 0.00385158
1996 0.00385158
1997 0.00385158
1998 0.00385158
1999 0.00385158
2000 0.00385158
2001 0.00364524
2002 0.00364524
2003 0.00364524
2004 0.00364524
2005 0.00364524
2006 0.00364524
2007 0.00364524
2008 0.00364524
2009 0.00354207
2010 0.00354207
2011 0.00354207
2012 0.00354207
2013 0.00354207
2014 0.00354207
2015 0.00354207
2016 0.00354207
2017 0.00354207
2018 0.00354207
2019 0.00354207
2020 0.00354207
2021 0.00354207
2022 0.00354207
2023 0.00354207
2024 0.00354207
2025 0.00340452
2026 0.00340452
2027 0.00340452
2028 0.00340452
2029 0.00340452
2030 0.00340452
2031 0.00340452
2032 0.00340452
2033 0.00340452
2034 0.00340452
2035 0.00340452
2036 0.00340452
2037 0.00340452
2038 0.00340452
2039 0.00340452
2040 0.00340452
2041 0.00340452
2042 0.00340452
2043 0.00340452
2044 0.00340452
2045 0.00340452
2046 0.00340452
2047 0.00340452
2048 0.00340452
2049 0.00340452
2050 0.00340452
2051 0.00340452
2052 0.00340452
2053 0.00340452
2054 0.00340452
2055 0.00340452
2056 0.00340452
2057 0.00333574
2058 0.00333574
2059 0.00333574
2060 0.00333574
2061 0.00333574
2062 0.00333574
2063 0.00333574
2064 0.00333574
2065 0.00323257
2066 0.00323257
2067 0.00323257
2068 0.00323257
2069 0.00323257
2070 0.00323257
2071 0.00323257
2072 0.00323257
2073 0.00323257
2074 0.00323257
2075 0.00323257
2076 0.00323257
2077 0.00323257
2078 0.00323257
2079 0.00323257
2080 0.00323257
2081 0.00312941
2082 0.00312941
2083 0.00312941
2084 0.00312941
2085 0.00312941
2086 0.00312941
2087 0.00312941
2088 0.00312941
2089 0.00306063
2090 0.00306063
2091 0.00306063
2092 0.00306063
2093 0.00306063
2094 0.00306063
2095 0.00306063
2096 0.00306063
2097 0.00299185
2098 0.00299185
2099 0.00299185
2100 0.00299185
2101 0.00299185
2102 0.00299185
2103 0.00299185
2104 0.00299185
2105 0.00292307
2106 0.00292307
2107 0.00292307
2108 0.00292307
2109 0.00292307
2110 0.00292307
2111 0.00292307
2112 0.00292307
2113 0.00292307
2114 0.00292307
2115 0.00292307
2116 0.00292307
2117 0.00292307
2118 0.00292307
2119 0.00292307
2120 0.00292307
2121 0.00285429
2122 0.00285429
2123 0.00285429
2124 0.00285429
2125 0.00285429
2126 0.00285429
2127 0.00285429
2128 0.00285429
2129 0.00285429
2130 0.00285429
2131 0.00285429
2132 0.00285429
2133 0.00285429
2134 0.00285429
2135 0.00285429
2136 0.00285429
2137 0.0028199
2138 0.0028199
2139 0.0028199
2140 0.0028199
2141 0.0028199
2142 0.0028199
2143 0.0028199
2144 0.0028199
2145 0.00275113
2146 0.00275113
2147 0.00275113
2148 0.00275113
2149 0.00275113
2150 0.00275113
2151 0.00275113
2152 0.00275113
2153 0.00275113
2154 0.00275113
2155 0.00275113
2156 0.00275113
2157 0.00275113
2158 0.00275113
2159 0.00275113
2160 0.00275113
2161 0.00268235
2162 0.00268235
2163 0.00268235
2164 0.00268235
2165 0.00268235
2166 0.00268235
2167 0.00268235
2168 0.00268235
2169 0.00268235
2170 0.00268235
2171 0.00268235
2172 0.00268235
2173 0.00268235
2174 0.00268235
2175 0.00268235
2176 0.00268235
2177 0.00268235
2178 0.00268235
2179 0.00268235
2180 0.00268235
2181 0.00268235
2182 0.00268235
2183 0.00268235
2184 0.00268235
2185 0.00261357
2186 0.00261357
2187 0.00261357
2188 0.00261357
2189 0.00261357
2190 0.00261357
2191 0.00261357
2192 0.00261357
2193 0.00257918
2194 0.00257918
2195 0.00257918
2196 0.00257918
2197 0.00257918
2198 0.00257918
2199 0.00257918
2200 0.00257918
2201 0.0025104
2202 0.0025104
2203 0.0025104
2204 0.0025104
2205 0.0025104
2206 0.0025104
2207 0.0025104
2208 0.0025104
2209 0.00244162
2210 0.00244162
2211 0.00244162
2212 0.00244162
2213 0.00244162
2214 0.00244162
2215 0.00244162
2216 0.00244162
2217 0.00244162
2218 0.00244162
2219 0.00244162
2220 0.00244162
2221 0.00244162
2222 0.00244162
2223 0.00244162
2224 0.00244162
2225 0.00237285
2226 0.00237285
2227 0.00237285
2228 0.00237285
2229 0.00237285
2230 0.00237285
2231 0.00237285
2232 0.00237285
2233 0.00233846
2234 0.00233846
2235 0.00233846
2236 0.00233846
2237 0.00233846
2238 0.00233846
2239 0.00230407
2240 0.00230407
2241 0.00223529
2242 0.00223529
2243 0.00223529
2244 0.00223529
2245 0.00223529
2246 0.00223529
2247 0.00223529
2248 0.00223529
2249 0.00216651
2250 0.00216651
2251 0.00216651
2252 0.00216651
2253 0.00216651
2254 0.00216651
2255 0.00216651
2256 0.00216651
2257 0.00216651
2258 0.00216651
2259 0.00216651
2260 0.00216651
2261 0.00216651
2262 0.00216651
2263 0.00216651
2264 0.00216651
2265 0.00209773
2266 0.00209773
2267 0.00209773
2268 0.00209773
2269 0.00209773
2270 0.00209773
2271 0.00209773
2272 0.00209773
2273 0.00206334
2274 0.00206334
2275 0.00206334
2276 0.00206334
2277 0.00206334
2278 0.00206334
2279 0.00206334
2280 0.00206334
2281 0.00199457
2282 0.00199457
2283 0.00199457
2284 0.00199457
2285 0.00199457
2286 0.00199457
2287 0.00199457
2288 0.00199457
2289 0.00196018
2290 0.00196018
2291 0.00196018
2292 0.00196018
2293 0.00196018
2294 0.00196018
2295 0.00196018
2296 0.00196018
2297 0.00182262
2298 0.00182262
2299 0.00182262
2300 0.00182262
2301 0.00182262
2302 0.00182262
2303 0.00182262
2304 0.00182262
2305 0.00182262
2306 0.00182262
2307 0.00182262
2308 0.00182262
2309 0.00182262
2310 0.00182262
2311 0.00182262
2312 0.00182262
2313 0.00178823
2314 0.00178823
2315 0.00178823
2316 0.00178823
2317 0.00178823
2318 0.00178823
2319 0.00178823
2320 0.00178823
2321 0.00171945
2322 0.00171945
2323 0.00171945
2324 0.00171945
2325 0.00171945
2326 0.00171945
2327 0.00171945
2328 0.00171945
2329 0.00168506
2330 0.00168506
2331 0.00168506
2332 0.00168506
2333 0.00168506
2334 0.00168506
2335 0.00168506
2336 0.00168506
2337 0.00168506
2338 0.00168506
2339 0.00168506
2340 0.00168506
2341 0.00168506
2342 0.00168506
2343 0.00168506
2344 0.00168506
2345 0.00165068
2346 0.00165068
2347 0.00165068
2348 0.00165068
2349 0.00165068
2350 0.00165068
2351 0.00165068
2352 0.00165068
2353 0.00165068
2354 0.00165068
2355 0.00165068
2356 0.00165068
2357 0.00165068
2358 0.00165068
2359 0.00165068
2360 0.00165068
2361 0.0015819
2362 0.0015819
2363 0.0015819
2364 0.0015819
2365 0.0015819
2366 0.0015819
2367 0.0015819
2368 0.0015819
2369 0.0015819
2370 0.0015819
2371 0.0015819
2372 0.0015819
2373 0.0015819
2374 0.0015819
2375 0.0015819
2376 0.0015819
2377 0.0015819
2378 0.0015819
2379 0.0015819
2380 0.0015819
2381 0.0015819
2382 0.0015819
2383 0.0015819
2384 0.0015819
2385 0.00154751
2386 0.00154751
2387 0.00154751
2388 0.00154751
2389 0.00154751
2390 0.00154751
2391 0.00154751
2392 0.00154751
2393 0.00154751
2394 0.00154751
2395 0.00154751
2396 0.00154751
2397 0.00154751
2398 0.00154751
2399 0.00154751
2400 0.00154751
2401 0.00154751
2402 0.00154751
2403 0.00154751
2404 0.00154751
2405 0.00154751
2406 0.00154751
2407 0.00154751
2408 0.00154751
2409 0.00154751
2410 0.00154751
2411 0.00154751
2412 0.00154751
2413 0.00154751
2414 0.00154751
2415 0.00154751
2416 0.00154751
2417 0.00147873
2418 0.00147873
2419 0.00147873
2420 0.00147873
2421 0.00147873
2422 0.00147873
2423 0.00147873
2424 0.00147873
2425 0.00147873
2426 0.00147873
2427 0.00147873
2428 0.00147873
2429 0.00147873
2430 0.00147873
2431 0.00147873
2432 0.00147873
2433 0.00147873
2434 0.00147873
2435 0.00147873
2436 0.00147873
2437 0.00147873
2438 0.00147873
2439 0.00147873
2440 0.00147873
2441 0.00147873
2442 0.00147873
2443 0.00147873
2444 0.00147873
2445 0.00147873
2446 0.00147873
2447 0.00147873
2448 0.00147873
2449 0.00147873
2450 0.00147873
2451 0.00147873
2452 0.00147873
2453 0.00147873
2454 0.00147873
2455 0.00147873
2456 0.00147873
2457 0.00144434
2458 0.00144434
2459 0.00144434
2460 0.00144434
2461 0.00144434
2462 0.00144434
2463 0.00144434
2464 0.00144434
2465 0.00144434
2466 0.00144434
2467 0.00144434
2468 0.00144434
2469 0.00144434
2470 0.00144434
2471 0.00144434
2472 0.00144434
2473 0.00144434
2474 0.00144434
2475 0.00144434
2476 0.00144434
2477 0.00144434
2478 0.00144434
2479 0.00144434
2480 0.00144434
2481 0.00144434
2482 0.00144434
2483 0.00144434
2484 0.00144434
2485 0.00144434
2486 0.00144434
2487 0.00144434
2488 0.00144434
2489 0.00140995
2490 0.00140995
2491 0.00140995
2492 0.00140995
2493 0.00140995
2494 0.00140995
2495 0.00140995
2496 0.00140995
2497 0.00137556
2498 0.00137556
2499 0.00137556
2500 0.00137556
2501 0.00137556
2502 0.00137556
2503 0.00137556
2504 0.00137556
2505 0.00137556
2506 0.00137556
2507 0.00137556
2508 0.00137556
2509 0.00137556
2510 0.00137556
2511 0.00137556
2512 0.00137556
2513 0.00137556
2514 0.00137556
2515 0.00137556
2516 0.00137556
2517 0.00137556
2518 0.00137556
2519 0.00134117
2520 0.00134117
2521 0.0012724
2522 0.0012724
2523 0.0012724
2524 0.0012724
2525 0.0012724
2526 0.0012724
2527 0.0012724
2528 0.0012724
2529 0.0012724
2530 0.0012724
2531 0.0012724
2532 0.0012724
2533 0.0012724
2534 0.0012724
2535 0.0012724
2536 0.0012724
2537 0.00116923
2538 0.00116923
2539 0.00116923
2540 0.00116923
2541 0.00116923
2542 0.00116923
2543 0.00116923
2544 0.00116923
2545 0.00116923
2546 0.00116923
2547 0.00116923
2548 0.00116923
2549 0.00116923
2550 0.00116923
2551 0.00116923
2552 0.00116923
2553 0.00106606
2554 0.00106606
2555 0.00106606
2556 0.00106606
2557 0.00106606
2558 0.00106606
2559 0.00106606
2560 0.00106606
2561 0.00106606
2562 0.00106606
2563 0.00106606
2564 0.00106606
2565 0.00106606
2566 0.00106606
2567 0.00106606
2568 0.00106606
2569 0.00106606
2570 0.00106606
2571 0.00106606
2572 0.00106606
2573 0.00106606
2574 0.00106606
2575 0.00106606
2576 0.00106606
2577 0.000997283
2578 0.000997283
2579 0.000997283
2580 0.000997283
2581 0.000997283
2582 0.000997283
2583 0.000997283
2584 0.000997283
2585 0.000997283
2586 0.000997283
2587 0.000997283
2588 0.000997283
2589 0.000997283
2590 0.000997283
2591 0.000997283
2592 0.000997283
2593 0.000997283
2594 0.000997283
2595 0.000997283
2596 0.000997283
2597 0.000997283
2598 0.000997283
2599 0.000997283
2600 0.000997283
2601 0.000962894
2602 0.000962894
2603 0.000962894
2604 0.000962894
2605 0.000962894
2606 0.000962894
2607 0.000962894
2608 0.000962894
2609 0.000928505
2610 0.000928505
2611 0.000928505
2612 0.000928505
2613 0.000928505
2614 0.000928505
2615 0.000928505
2616 0.000928505
2617 0.000859727
2618 0.000859727
2619 0.000859727
2620 0.000859727
2621 0.000859727
2622 0.000859727
2623 0.000859727
2624 0.000859727
2625 0.000790949
2626 0.000790949
2627 0.000790949
2628 0.000790949
2629 0.000790949
2630 0.000790949
2631 0.000790949
2632 0.000790949
2633 0.00075656
2634 0.00075656
2635 0.00075656
2636 0.00075656
2637 0.00075656
2638 0.00075656
2639 0.00075656
2640 0.00075656
2641 0.000722171
2642 0.000722171
2643 0.000722171
2644 0.000722171
2645 0.000722171
2646 0.000722171
2647 0.000722171
2648 0.000722171
2649 0.000722171
2650 0.000722171
2651 0.000722171
2652 0.000722171
2653 0.000722171
2654 0.000722171
2655 0.000722171
2656 0.000722171
2657 0.000722171
2658 0.000722171
2659 0.000722171
2660 0.000722171
2661 0.000722171
2662 0.000722171
2663 0.000722171
2664 0.000722171
2665 0.000722171
2666 0.000722171
2667 0.000722171
2668 0.000722171
2669 0.000722171
2670 0.000722171
2671 0.000722171
2672 0.000722171
2673 0.000687782
2674 0.000687782
2675 0.000687782
2676 0.000687782
2677 0.000687782
2678 0.000687782
2679 0.000687782
2680 0.000687782
2681 0.000687782
2682 0.000687782
2683 0.000687782
2684 0.000687782
2685 0.000687782
2686 0.000687782
2687 0.000687782
2688 0.000687782
2689 0.000687782
2690 0.000687782
2691 0.000687782
2692 0.000687782
2693 0.000687782
2694 0.000687782
2695 0.000687782
2696 0.000687782
2697 0.000687782
2698 0.000687782
2699 0.000687782
2700 0.000687782
2701 0.000687782
2702 0.000687782
2703 0.000687782
2704 0.000687782
2705 0.000653392
2706 0.000653392
2707 0.000653392
2708 0.000653392
2709 0.000653392
2710 0.000653392
2711 0.000653392
2712 0.000653392
2713 0.000653392
2714 0.000653392
2715 0.000653392
2716 0.000653392
2717 0.000653392
2718 0.000653392
2719 0.000653392
2720 0.000653392
2721 0.000653392
2722 0.000653392
2723 0.000653392
2724 0.000653392
2725 0.000653392
2726 0.000653392
2727 0.000653392
2728 0.000653392
2729 0.000653392
2730 0.000653392
2731 0.000653392
2732 0.000653392
2733 0.000653392
2734 0.000653392
2735 0.000653392
2736 0.000653392
2737 0.000653392
2738 0.000653392
2739 0.000653392
2740 0.000653392
2741 0.000653392
2742 0.000653392
2743 0.000653392
2744 0.000653392
2745 0.000653392
2746 0.000653392
2747 0.000653392
2748 0.000653392
2749 0.000653392
2750 0.000653392
2751 0.000653392
2752 0.000653392
2753 0.000653392
2754 0.000653392
2755 0.000653392
2756 0.000653392
2757 0.000653392
2758 0.000653392
2759 0.000653392
2760 0.000653392
2761 0.000653392
2762 0.000653392
2763 0.000653392
2764 0.000653392
2765 0.000653392
2766 0.000653392
2767 0.000653392
2768 0.000653392
2769 0.000653392
2770 0.000653392
2771 0.000653392
2772 0.000653392
2773 0.000653392
2774 0.000653392
2775 0.000653392
2776 0.000653392
2777 0.000653392
2778 0.000653392
2779 0.000653392
2780 0.000653392
2781 0.000653392
2782 0.000653392
2783 0.000653392
2784 0.000653392
2785 0.000653392
2786 0.000653392
2787 0.000653392
2788 0.000653392
2789 0.000653392
2790 0.000653392
2791 0.000653392
2792 0.000653392
2793 0.000619003
2794 0.000619003
2795 0.000619003
2796 0.000619003
2797 0.000619003
2798 0.000619003
2799 0.000619003
2800 0.000619003
2801 0.000619003
2802 0.000619003
2803 0.000619003
2804 0.000619003
2805 0.000619003
2806 0.000619003
2807 0.000619003
2808 0.000619003
2809 0.000619003
2810 0.000619003
2811 0.000619003
2812 0.000619003
2813 0.000619003
2814 0.000619003
2815 0.000619003
2816 0.000619003
2817 0.000619003
2818 0.000619003
2819 0.000619003
2820 0.000619003
2821 0.000619003
2822 0.000619003
2823 0.000619003
2824 0.000619003
2825 0.000584614
2826 0.000584614
2827 0.000584614
2828 0.000584614
2829 0.000584614
2830 0.000584614
2831 0.000584614
2832 0.000584614
2833 0.000515836
2834 0.000515836
2835 0.000515836
2836 0.000515836
2837 0.000515836
2838 0.000515836
2839 0.000515836
2840 0.000515836
2841 0.000481447
2842 0.000481447
2843 0.000481447
2844 0.000481447
2845 0.000481447
2846 0.000481447
2847 0.000481447
2848 0.000481447
2849 0.000481447
2850 0.000481447
2851 0.000481447
2852 0.000481447
2853 0.000481447
2854 0.000481447
2855 0.000481447
2856 0.000481447
2857 0.000481447
2858 0.000481447
2859 0.000481447
2860 0.000481447
2861 0.000481447
2862 0.000481447
2863 0.000481447
2864 0.000481447
2865 0.000481447
2866 0.000481447
2867 0.000481447
2868 0.000481447
2869 0.000481447
2870 0.000481447
2871 0.000481447
2872 0.000481447
2873 0.000481447
2874 0.000481447
2875 0.000481447
2876 0.000481447
2877 0.000481447
2878 0.000481447
2879 0.000481447
2880 0.000481447
2881 0.000481447
2882 0.000481447
2883 0.000481447
2884 0.000481447
2885 0.000481447
2886 0.000481447
2887 0.000481447
2888 0.000481447
2889 0.000481447
2890 0.000481447
2891 0.000481447
2892 0.000481447
2893 0.000481447
2894 0.000481447
2895 0.000481447
2896 0.000481447
2897 0.000481447
2898 0.000481447
2899 0.000481447
2900 0.000481447
2901 0.000481447
2902 0.000481447
2903 0.000481447
2904 0.000481447
2905 0.000481447
2906 0.000481447
2907 0.000481447
2908 0.000481447
2909 0.000481447
2910 0.000481447
2911 0.000481447
2912 0.000481447
2913 0.000481447
2914 0.000481447
2915 0.000481447
2916 0.000481447
2917 0.000481447
2918 0.000481447
2919 0.000481447
2920 0.000481447
2921 0.000447058
2922 0.000447058
2923 0.000447058
2924 0.000447058
2925 0.000447058
2926 0.000447058
2927 0.000412669
2928 0.000412669
2929 0.000412669
2930 0.000412669
2931 0.000412669
2932 0.000412669
2933 0.000412669
2934 0.000412669
2935 0.000412669
2936 0.000412669
2937 0.000412669
2938 0.000412669
2939 0.000412669
2940 0.000412669
2941 0.000412669
2942 0.000412669
2943 0.000412669
2944 0.000412669
2945 0.000412669
2946 0.000412669
2947 0.000412669
2948 0.000412669
2949 0.000412669
2950 0.000412669
2951 0.000412669
2952 0.000412669
2953 0.000412669
2954 0.000412669
2955 0.000412669
2956 0.000412669
2957 0.000412669
2958 0.000412669
2959 0.000412669
2960 0.000412669
2961 0.000412669
2962 0.000412669
2963 0.000412669
2964 0.000412669
2965 0.000412669
2966 0.000412669
2967 0.000412669
2968 0.000412669
2969 0.000412669
2970 0.000412669
2971 0.000412669
2972 0.000412669
2973 0.000412669
2974 0.000412669
2975 0.000412669
2976 0.000412669
2977 0.00037828
2978 0.00037828
2979 0.00037828
2980 0.00037828
2981 0.00037828
2982 0.00037828
2983 0.00037828
2984 0.00037828
2985 0.000343891
2986 0.000343891
2987 0.000343891
2988 0.000343891
2989 0.000343891
2990 0.000343891
2991 0.000343891
2992 0.000343891
2993 0.000343891
2994 0.000343891
2995 0.000343891
2996 0.000343891
2997 0.000343891
2998 0.000343891
2999 0.000343891
3000 0.000343891
3001 0.000343891
3002 0.000343891
3003 0.000343891
3004 0.000343891
3005 0.000343891
3006 0.000343891
3007 0.000343891
3008 0.000343891
3009 0.000343891
3010 0.000343891
3011 0.000343891
3012 0.000343891
3013 0.000343891
3014 0.000343891
3015 0.000343891
3016 0.000343891
3017 0.000343891
3018 0.000343891
3019 0.000343891
3020 0.000343891
3021 0.000343891
3022 0.000343891
3023 0.000343891
3024 0.000343891
3025 0.000343891
3026 0.000343891
3027 0.000343891
3028 0.000343891
3029 0.000343891
3030 0.000343891
3031 0.000343891
3032 0.000343891
3033 0.000343891
3034 0.000343891
3035 0.000343891
3036 0.000343891
3037 0.000343891
3038 0.000343891
3039 0.000343891
3040 0.000343891
3041 0.000343891
3042 0.000343891
3043 0.000343891
3044 0.000343891
3045 0.000343891
3046 0.000343891
3047 0.000343891
3048 0.000343891
3049 0.000343891
3050 0.000343891
3051 0.000343891
3052 0.000343891
3053 0.000343891
3054 0.000343891
3055 0.000343891
3056 0.000343891
3057 0.000343891
3058 0.000343891
3059 0.000343891
3060 0.000343891
3061 0.000343891
3062 0.000343891
3063 0.000343891
3064 0.000343891
3065 0.000343891
3066 0.000343891
3067 0.000343891
3068 0.000343891
3069 0.000343891
3070 0.000343891
3071 0.000343891
3072 0.000343891
3073 0.000343891
3074 0.000343891
3075 0.000343891
3076 0.000343891
3077 0.000343891
3078 0.000343891
3079 0.000343891
3080 0.000343891
3081 0.000343891
3082 0.000343891
3083 0.000343891
3084 0.000343891
3085 0.000343891
3086 0.000343891
3087 0.000343891
3088 0.000343891
3089 0.000343891
3090 0.000343891
3091 0.000343891
3092 0.000343891
3093 0.000343891
3094 0.000343891
3095 0.000343891
3096 0.000343891
3097 0.000343891
3098 0.000343891
3099 0.000343891
3100 0.000343891
3101 0.000343891
3102 0.000343891
3103 0.000343891
3104 0.000343891
3105 0.000343891
3106 0.000343891
3107 0.000343891
3108 0.000343891
3109 0.000343891
3110 0.000343891
3111 0.000343891
3112 0.000343891
3113 0.000343891
3114 0.000343891
3115 0.000343891
3116 0.000343891
3117 0.000343891
3118 0.000343891
3119 0.000343891
3120 0.000343891
3121 0.000343891
3122 0.000343891
3123 0.000343891
3124 0.000343891
3125 0.000343891
3126 0.000343891
3127 0.000343891
3128 0.000343891
3129 0.000343891
3130 0.000343891
3131 0.000343891
3132 0.000343891
3133 0.000343891
3134 0.000343891
3135 0.000343891
3136 0.000343891
3137 0.000343891
3138 0.000343891
3139 0.000343891
3140 0.000343891
3141 0.000343891
3142 0.000343891
3143 0.000343891
3144 0.000343891
3145 0.000343891
3146 0.000343891
3147 0.000343891
3148 0.000343891
3149 0.000343891
3150 0.000343891
3151 0.000343891
3152 0.000343891
3153 0.000343891
3154 0.000343891
3155 0.000343891
3156 0.000343891
3157 0.000343891
3158 0.000343891
3159 0.000343891
3160 0.000343891
3161 0.000343891
3162 0.000343891
3163 0.000343891
3164 0.000343891
3165 0.000343891
3166 0.000343891
3167 0.000343891
3168 0.000343891
3169 0.000343891
3170 0.000343891
3171 0.000343891
3172 0.000343891
3173 0.000343891
3174 0.000343891
3175 0.000343891
3176 0.000343891
3177 0.000309502
3178 0.000309502
3179 0.000309502
3180 0.000309502
3181 0.000309502
3182 0.000309502
3183 0.000309502
3184 0.000309502
3185 0.000309502
3186 0.000309502
3187 0.000309502
3188 0.000309502
3189 0.000309502
3190 0.000309502
3191 0.000309502
3192 0.000309502
3193 0.000309502
3194 0.000309502
3195 0.000309502
3196 0.000309502
3197 0.000309502
3198 0.000309502
3199 0.000309502
3200 0.000309502
3201 0.000309502
3202 0.000309502
3203 0.000309502
3204 0.000309502
3205 0.000309502
3206 0.000309502
3207 0.000309502
3208 0.000309502
3209 0.000309502
3210 0.000309502
3211 0.000309502
3212 0.000309502
3213 0.000309502
3214 0.000309502
3215 0.000309502
3216 0.000309502
3217 0.000309502
3218 0.000309502
3219 0.000309502
3220 0.000309502
3221 0.000309502
3222 0.000309502
3223 0.000309502
3224 0.000309502
3225 0.000309502
3226 0.000309502
3227 0.000309502
3228 0.000309502
3229 0.000309502
3230 0.000309502
3231 0.000309502
3232 0.000309502
3233 0.000309502
3234 0.000309502
3235 0.000309502
3236 0.000309502
3237 0.000309502
3238 0.000309502
3239 0.000309502
3240 0.000309502
3241 0.000309502
3242 0.000309502
3243 0.000309502
3244 0.000309502
3245 0.000309502
3246 0.000309502
3247 0.000309502
3248 0.000309502
3249 0.000309502
3250 0.000309502
3251 0.000309502
3252 0.000309502
3253 0.000309502
3254 0.000309502
3255 0.000309502
3256 0.000309502
3257 0.000309502
3258 0.000309502
3259 0.000309502
3260 0.000309502
3261 0.000309502
3262 0.000309502
3263 0.000309502
3264 0.000309502
3265 0.000309502
3266 0.000309502
3267 0.000309502
3268 0.000309502
3269 0.000309502
3270 0.000309502
3271 0.000309502
3272 0.000309502
3273 0.000275113
3274 0.000275113
3275 0.000275113
3276 0.000275113
3277 0.000275113
3278 0.000275113
3279 0.000275113
3280 0.000275113
3281 0.000275113
3282 0.000275113
3283 0.000275113
3284 0.000275113
3285 0.000275113
3286 0.000275113
3287 0.000275113
3288 0.000275113
3289 0.000275113
3290 0.000275113
3291 0.000275113
3292 0.000275113
3293 0.000275113
3294 0.000275113
3295 0.000275113
3296 0.000275113
3297 0.000275113
3298 0.000275113
3299 0.000275113
3300 0.000275113
3301 0.000275113
3302 0.000275113
3303 0.000275113
3304 0.000275113
3305 0.000275113
3306 0.000275113
3307 0.000275113
3308 0.000275113
3309 0.000275113
3310 0.000275113
3311 0.000275113
3312 0.000275113
3313 0.000240724
3314 0.000240724
3315 0.000240724
3316 0.000240724
3317 0.000240724
3318 0.000240724
3319 0.000240724
3320 0.000240724
3321 0.000240724
3322 0.000240724
3323 0.000240724
3324 0.000240724
3325 0.000240724
3326 0.000240724
3327 0.000240724
3328 0.000240724
3329 0.000240724
3330 0.000240724
3331 0.000240724
3332 0.000240724
3333 0.000240724
3334 0.000240724
3335 0.000240724
3336 0.000240724
3337 0.000240724
3338 0.000240724
3339 0.000240724
3340 0.000240724
3341 0.000240724
3342 0.000240724
3343 0.000240724
3344 0.000240724
3345 0.000240724
3346 0.000240724
3347 0.000240724
3348 0.000240724
3349 0.000240724
3350 0.000240724
3351 0.000240724
3352 0.000240724
3353 0.000240724
3354 0.000240724
3355 0.000240724
3356 0.000240724
3357 0.000240724
3358 0.000240724
3359 0.000240724
3360 0.000240724
3361 0.000240724
3362 0.000240724
3363 0.000240724
3364 0.000240724
3365 0.000240724
3366 0.000240724
3367 0.000240724
3368 0.000240724
3369 0.000240724
3370 0.000240724
3371 0.000240724
3372 0.000240724
3373 0.000240724
3374 0.000240724
3375 0.000240724
3376 0.000240724
3377 0.000206334
3378 0.000206334
3379 0.000206334
3380 0.000206334
3381 0.000206334
3382 0.000206334
3383 0.000206334
3384 0.000206334
3385 0.000206334
3386 0.000206334
3387 0.000206334
3388 0.000206334
3389 0.000206334
3390 0.000206334
3391 0.000206334
3392 0.000206334
3393 0.000206334
3394 0.000206334
3395 0.000206334
3396 0.000206334
3397 0.000206334
3398 0.000206334
3399 0.000206334
3400 0.000206334
3401 0.000206334
3402 0.000206334
3403 0.000206334
3404 0.000206334
3405 0.000206334
3406 0.000206334
3407 0.000206334
3408 0.000206334
3409 0.000206334
3410 0.000206334
3411 0.000206334
3412 0.000206334
3413 0.000206334
3414 0.000206334
3415 0.000206334
3416 0.000206334
3417 0.000206334
3418 0.000206334
3419 0.000206334
3420 0.000206334
3421 0.000206334
3422 0.000206334
3423 0.000206334
3424 0.000206334
3425 0.000206334
3426 0.000206334
3427 0.000206334
3428 0.000206334
3429 0.000206334
3430 0.000206334
3431 0.000206334
3432 0.000206334
3433 0.000206334
3434 0.000206334
3435 0.000206334
3436 0.000206334
3437 0.000206334
3438 0.000206334
3439 0.000206334
3440 0.000206334
3441 0.000206334
3442 0.000206334
3443 0.000206334
3444 0.000206334
3445 0.000206334
3446 0.000206334
3447 0.000206334
3448 0.000206334
3449 0.000206334
3450 0.000206334
3451 0.000206334
3452 0.000206334
3453 0.000206334
3454 0.000206334
3455 0.000206334
3456 0.000206334
3457 0.000206334
3458 0.000206334
3459 0.000206334
3460 0.000206334
3461 0.000206334
3462 0.000206334
3463 0.000206334
3464 0.000206334
3465 0.000206334
3466 0.000206334
3467 0.000206334
3468 0.000206334
3469 0.000206334
3470 0.000206334
3471 0.000206334
3472 0.000206334
3473 0.000171945
3474 0.000171945
3475 0.000171945
3476 0.000171945
3477 0.000171945
3478 0.000171945
3479 0.000171945
3480 0.000171945
3481 0.000171945
3482 0.000171945
3483 0.000171945
3484 0.000171945
3485 0.000171945
3486 0.000171945
3487 0.000171945
3488 0.000171945
3489 0.000171945
3490 0.000171945
3491 0.000171945
3492 0.000171945
3493 0.000171945
3494 0.000171945
3495 0.000171945
3496 0.000171945
3497 0.000171945
3498 0.000171945
3499 0.000171945
3500 0.000171945
3501 0.000171945
3502 0.000171945
3503 0.000171945
3504 0.000171945
3505 0.000171945
3506 0.000171945
3507 0.000171945
3508 0.000171945
3509 0.000171945
3510 0.000171945
3511 0.000171945
3512 0.000171945
3513 0.000171945
3514 0.000171945
3515 0.000171945
3516 0.000171945
3517 0.000171945
3518 0.000171945
3519 0.000171945
3520 0.000171945
3521 0.000171945
3522 0.000171945
3523 0.000171945
3524 0.000171945
3525 0.000171945
3526 0.000171945
3527 0.000171945
3528 0.000171945
3529 0.000137556
3530 0.000137556
3531 0.000137556
3532 0.000137556
3533 0.000137556
3534 0.000137556
3535 0.000137556
3536 0.000137556
3537 0.000137556
3538 0.000137556
3539 0.000137556
3540 0.000137556
3541 0.000137556
3542 0.000137556
3543 0.000137556
3544 0.000137556
3545 0.000137556
3546 0.000137556
3547 0.000137556
3548 0.000137556
3549 0.000137556
3550 0.000137556
3551 0.000137556
3552 0.000137556
3553 0.000103167
3554 0.000103167
3555 0.000103167
3556 0.000103167
3557 0.000103167
3558 0.000103167
3559 0.000103167
3560 0.000103167
3561 0.000103167
3562 0.000103167
3563 0.000103167
3564 0.000103167
3565 0.000103167
3566 0.000103167
3567 0.000103167
3568 0.000103167
3569 0.000103167
3570 0.000103167
3571 0.000103167
3572 0.000103167
3573 0.000103167
3574 0.000103167
3575 0.000103167
3576 0.000103167
3577 0.000103167
3578 0.000103167
3579 0.000103167
3580 0.000103167
3581 0.000103167
3582 0.000103167
3583 0.000103167
3584 0.000103167
3585 0.000103167
3586 0.000103167
3587 0.000103167
3588 0.000103167
3589 0.000103167
3590 0.000103167
3591 0.000103167
3592 0.000103167
3593 0.000103167
3594 0.000103167
3595 0.000103167
3596 0.000103167
3597 0.000103167
3598 0.000103167
3599 0.000103167
3600 0.000103167
3601 0.000103167
3602 0.000103167
3603 0.000103167
3604 0.000103167
3605 0.000103167
3606 0.000103167
3607 0.000103167
3608 0.000103167
3609 0.000103167
3610 0.000103167
3611 0.000103167
3612 0.000103167
3613 0.000103167
3614 0.000103167
3615 0.000103167
3616 0.000103167
3617 0.000103167
3618 0.000103167
3619 0.000103167
3620 0.000103167
3621 0.000103167
3622 0.000103167
3623 0.000103167
3624 0.000103167
3625 0.000103167
3626 0.000103167
3627 0.000103167
3628 0.000103167
3629 0.000103167
3630 0.000103167
3631 0.000103167
3632 0.000103167
3633 0.000103167
3634 0.000103167
3635 0.000103167
3636 0.000103167
3637 0.000103167
3638 0.000103167
3639 0.000103167
3640 0.000103167
3641 0.000103167
3642 0.000103167
3643 0.000103167
3644 0.000103167
3645 0.000103167
3646 0.000103167
3647 0.000103167
3648 0.000103167
3649 0.000103167
3650 0.000103167
3651 0.000103167
3652 0.000103167
3653 0.000103167
3654 0.000103167
3655 0.000103167
3656 0.000103167
3657 0.000103167
3658 0.000103167
3659 0.000103167
3660 0.000103167
3661 0.000103167
3662 0.000103167
3663 0.000103167
3664 0.000103167
3665 0.000103167
3666 0.000103167
3667 0.000103167
3668 0.000103167
3669 0.000103167
3670 0.000103167
3671 0.000103167
3672 0.000103167
3673 0.000103167
3674 0.000103167
3675 0.000103167
3676 0.000103167
3677 0.000103167
3678 0.000103167
3679 0.000103167
3680 0.000103167
3681 0.000103167
3682 0.000103167
3683 0.000103167
3684 0.000103167
3685 0.000103167
3686 0.000103167
3687 0.000103167
3688 0.000103167
3689 0.000103167
3690 0.000103167
3691 0.000103167
3692 0.000103167
3693 0.000103167
3694 0.000103167
3695 0.000103167
3696 0.000103167
3697 6.87782e-05
3698 6.87782e-05
3699 6.87782e-05
3700 6.87782e-05
3701 6.87782e-05
3702 6.87782e-05
3703 6.87782e-05
3704 6.87782e-05
3705 6.87782e-05
3706 6.87782e-05
3707 6.87782e-05
3708 6.87782e-05
3709 6.87782e-05
3710 6.87782e-05
3711 6.87782e-05
3712 6.87782e-05
3713 6.87782e-05
3714 6.87782e-05
3715 6.87782e-05
3716 6.87782e-05
3717 6.87782e-05
3718 6.87782e-05
3719 6.87782e-05
3720 6.87782e-05
3721 6.87782e-05
3722 6.87782e-05
3723 6.87782e-05
3724 6.87782e-05
3725 6.87782e-05
3726 6.87782e-05
3727 6.87782e-05
3728 6.87782e-05
3729 6.87782e-05
3730 6.87782e-05
3731 6.87782e-05
3732 6.87782e-05
3733 6.87782e-05
3734 6.87782e-05
3735 6.87782e-05
3736 6.87782e-05
3737 6.87782e-05
3738 6.87782e-05
3739 6.87782e-05
3740 6.87782e-05
3741 6.87782e-05
3742 6.87782e-05
3743 6.87782e-05
3744 6.87782e-05
3745 6.87782e-05
3746 6.87782e-05
3747 6.87782e-05
3748 6.87782e-05
3749 6.87782e-05
3750 6.87782e-05
3751 6.87782e-05
3752 6.87782e-05
3753 6.87782e-05
3754 6.87782e-05
3755 6.87782e-05
3756 6.87782e-05
3757 6.87782e-05
3758 6.87782e-05
3759 6.87782e-05
3760 6.87782e-05
3761 6.87782e-05
3762 6.87782e-05
3763 6.87782e-05
3764 6.87782e-05
3765 6.87782e-05
3766 6.87782e-05
3767 6.87782e-05
3768 6.87782e-05
3769 6.87782e-05
3770 6.87782e-05
3771 6.87782e-05
3772 6.87782e-05
3773 6.87782e-05
3774 6.87782e-05
3775 6.87782e-05
3776 6.87782e-05
3777 6.87782e-05
3778 6.87782e-05
3779 6.87782e-05
3780 6.87782e-05
3781 6.87782e-05
3782 6.87782e-05
3783 6.87782e-05
3784 6.87782e-05
3785 6.87782e-05
3786 6.87782e-05
3787 6.87782e-05
3788 6.87782e-05
3789 6.87782e-05
3790 6.87782e-05
3791 6.87782e-05
3792 6.87782e-05
3793 6.87782e-05
3794 6.87782e-05
3795 6.87782e-05
3796 6.87782e-05
3797 6.87782e-05
3798 6.87782e-05
3799 6.87782e-05
3800 6.87782e-05
3801 6.87782e-05
3802 6.87782e-05
3803 6.87782e-05
3804 6.87782e-05
3805 6.87782e-05
3806 6.87782e-05
3807 6.87782e-05
3808 6.87782e-05
3809 6.87782e-05
3810 6.87782e-05
3811 6.87782e-05
3812 6.87782e-05
3813 6.87782e-05
3814 6.87782e-05
3815 6.87782e-05
3816 6.87782e-05
3817 6.87782e-05
3818 6.87782e-05
3819 6.87782e-05
3820 6.87782e-05
3821 6.87782e-05
3822 6.87782e-05
3823 6.87782e-05
3824 6.87782e-05
3825 6.87782e-05
3826 6.87782e-05
3827 6.87782e-05
3828 6.87782e-05
3829 6.87782e-05
3830 6.87782e-05
3831 6.87782e-05
3832 6.87782e-05
3833 6.87782e-05
3834 6.87782e-05
3835 6.87782e-05
3836 6.87782e-05
3837 6.87782e-05
3838 6.87782e-05
3839 6.87782e-05
3840 6.87782e-05
3841 6.87782e-05
3842 6.87782e-05
3843 6.87782e-05
3844 6.87782e-05
3845 6.87782e-05
3846 6.87782e-05
3847 6.87782e-05
3848 6.87782e-05
3849 6.87782e-05
3850 6.87782e-05
3851 6.87782e-05
3852 6.87782e-05
3853 6.87782e-05
3854 6.87782e-05
3855 6.87782e-05
3856 6.87782e-05
3857 6.87782e-05
3858 6.87782e-05
3859 6.87782e-05
3860 6.87782e-05
3861 6.87782e-05
3862 6.87782e-05
3863 6.87782e-05
3864 6.87782e-05
3865 6.87782e-05
3866 6.87782e-05
3867 6.87782e-05
3868 6.87782e-05
3869 6.87782e-05
3870 6.87782e-05
3871 6.87782e-05
3872 6.87782e-05
3873 6.87782e-05
3874 6.87782e-05
3875 6.87782e-05
3876 6.87782e-05
3877 6.87782e-05
3878 6.87782e-05
3879 6.87782e-05
3880 6.87782e-05
3881 6.87782e-05
3882 6.87782e-05
3883 6.87782e-05
3884 6.87782e-05
3885 6.87782e-05
3886 6.87782e-05
3887 6.87782e-05
3888 6.87782e-05
3889 6.87782e-05
3890 6.87782e-05
3891 6.87782e-05
3892 6.87782e-05
3893 6.87782e-05
3894 6.87782e-05
3895 6.87782e-05
3896 6.87782e-05
3897 6.87782e-05
3898 6.87782e-05
3899 6.87782e-05
3900 6.87782e-05
3901 6.87782e-05
3902 6.87782e-05
3903 6.87782e-05
3904 6.87782e-05
3905 6.87782e-05
3906 6.87782e-05
3907 6.87782e-05
3908 6.87782e-05
3909 6.87782e-05
3910 6.87782e-05
3911 6.87782e-05
3912 6.87782e-05
3913 6.87782e-05
3914 6.87782e-05
3915 6.87782e-05
3916 6.87782e-05
3917 6.87782e-05
3918 6.87782e-05
3919 6.87782e-05
3920 6.87782e-05
3921 6.87782e-05
3922 6.87782e-05
3923 6.87782e-05
3924 6.87782e-05
3925 6.87782e-05
3926 6.87782e-05
3927 6.87782e-05
3928 6.87782e-05
3929 6.87782e-05
3930 6.87782e-05
3931 6.87782e-05
3932 6.87782e-05
3933 6.87782e-05
3934 6.87782e-05
3935 6.87782e-05
3936 6.87782e-05
3937 6.87782e-05
3938 6.87782e-05
3939 6.87782e-05
3940 6.87782e-05
3941 6.87782e-05
3942 6.87782e-05
3943 6.87782e-05
3944 6.87782e-05
3945 6.87782e-05
3946 6.87782e-05
3947 6.87782e-05
3948 6.87782e-05
3949 6.87782e-05
3950 6.87782e-05
3951 6.87782e-05
3952 6.87782e-05
3953 6.87782e-05
3954 6.87782e-05
3955 6.87782e-05
3956 6.87782e-05
3957 6.87782e-05
3958 6.87782e-05
3959 6.87782e-05
3960 6.87782e-05
3961 6.87782e-05
3962 6.87782e-05
3963 6.87782e-05
3964 6.87782e-05
3965 6.87782e-05
3966 6.87782e-05
3967 6.87782e-05
3968 6.87782e-05
3969 6.87782e-05
3970 6.87782e-05
3971 6.87782e-05
3972 6.87782e-05
3973 6.87782e-05
3974 6.87782e-05
3975 6.87782e-05
3976 6.87782e-05
3977 6.87782e-05
3978 6.87782e-05
3979 6.87782e-05
3980 6.87782e-05
3981 6.87782e-05
3982 6.87782e-05
3983 6.87782e-05
3984 6.87782e-05
3985 6.87782e-05
3986 6.87782e-05
3987 6.87782e-05
3988 6.87782e-05
3989 6.87782e-05
3990 6.87782e-05
3991 6.87782e-05
3992 6.87782e-05
3993 6.87782e-05
3994 6.87782e-05
3995 6.87782e-05
3996 6.87782e-05
3997 6.87782e-05
3998 6.87782e-05
3999 6.87782e-05
4000 6.87782e-05
4001 6.87782e-05
4002 6.87782e-05
4003 6.87782e-05
4004 6.87782e-05
4005 6.87782e-05
4006 6.87782e-05
4007 6.87782e-05
4008 6.87782e-05
4009 6.87782e-05
4010 6.87782e-05
4011 6.87782e-05
4012 6.87782e-05
4013 6.87782e-05
4014 6.87782e-05
4015 6.87782e-05
4016 6.87782e-05
4017 6.87782e-05
4018 6.87782e-05
4019 6.87782e-05
4020 6.87782e-05
4021 6.87782e-05
4022 6.87782e-05
4023 6.87782e-05
4024 6.87782e-05
4025 6.87782e-05
4026 6.87782e-05
4027 6.87782e-05
4028 6.87782e-05
4029 6.87782e-05
4030 6.87782e-05
4031 6.87782e-05
4032 6.87782e-05
4033 6.87782e-05
4034 6.87782e-05
4035 6.87782e-05
4036 6.87782e-05
4037 6.87782e-05
4038 6.87782e-05
4039 6.87782e-05
4040 6.87782e-05
4041 6.87782e-05
4042 6.87782e-05
4043 6.87782e-05
4044 6.87782e-05
4045 6.87782e-05
4046 6.87782e-05
4047 6.87782e-05
4048 6.87782e-05
4049 6.87782e-05
4050 6.87782e-05
4051 6.87782e-05
4052 6.87782e-05
4053 6.87782e-05
4054 6.87782e-05
4055 6.87782e-05
4056 6.87782e-05
4057 6.87782e-05
4058 6.87782e-05
4059 6.87782e-05
4060 6.87782e-05
4061 6.87782e-05
4062 6.87782e-05
4063 6.87782e-05
4064 6.87782e-05
4065 6.87782e-05
4066 6.87782e-05
4067 6.87782e-05
4068 6.87782e-05
4069 6.87782e-05
4070 6.87782e-05
4071 6.87782e-05
4072 6.87782e-05
4073 6.87782e-05
4074 6.87782e-05
4075 6.87782e-05
4076 6.87782e-05
4077 6.87782e-05
4078 6.87782e-05
4079 6.87782e-05
4080 6.87782e-05
4081 6.87782e-05
4082 6.87782e-05
4083 6.87782e-05
4084 6.87782e-05
4085 6.87782e-05
4086 6.87782e-05
4087 6.87782e-05
4088 6.87782e-05
4089 6.87782e-05
4090 6.87782e-05
4091 6.87782e-05
4092 6.87782e-05
4093 6.87782e-05
4094 6.87782e-05
4095 6.87782e-05
4096 6.87782e-05
4097 6.87782e-05
4098 6.87782e-05
4099 6.87782e-05
4100 6.87782e-05
4101 6.87782e-05
4102 6.87782e-05
4103 6.87782e-05
4104 6.87782e-05
4105 6.87782e-05
4106 6.87782e-05
4107 6.87782e-05
4108 6.87782e-05
4109 6.87782e-05
4110 6.87782e-05
4111 6.87782e-05
4112 6.87782e-05
4113 6.87782e-05
4114 6.87782e-05
4115 6.87782e-05
4116 6.87782e-05
4117 6.87782e-05
4118 6.87782e-05
4119 6.87782e-05
4120 6.87782e-05
4121 6.87782e-05
4122 6.87782e-05
4123 6.87782e-05
4124 6.87782e-05
4125 6.87782e-05
4126 6.87782e-05
4127 6.87782e-05
4128 6.87782e-05
4129 6.87782e-05
4130 6.87782e-05
4131 6.87782e-05
4132 6.87782e-05
4133 6.87782e-05
4134 6.87782e-05
4135 6.87782e-05
4136 6.87782e-05
4137 6.87782e-05
4138 6.87782e-05
4139 6.87782e-05
4140 6.87782e-05
4141 6.87782e-05
4142 6.87782e-05
4143 6.87782e-05
4144 6.87782e-05
4145 6.87782e-05
4146 6.87782e-05
4147 6.87782e-05
4148 6.87782e-05
4149 6.87782e-05
4150 6.87782e-05
4151 6.87782e-05
4152 6.87782e-05
4153 6.87782e-05
4154 6.87782e-05
4155 6.87782e-05
4156 6.87782e-05
4157 6.87782e-05
4158 6.87782e-05
4159 6.87782e-05
4160 6.87782e-05
4161 6.87782e-05
4162 6.87782e-05
4163 6.87782e-05
4164 6.87782e-05
4165 6.87782e-05
4166 6.87782e-05
4167 6.87782e-05
4168 6.87782e-05
4169 6.87782e-05
4170 6.87782e-05
4171 6.87782e-05
4172 6.87782e-05
4173 6.87782e-05
4174 6.87782e-05
4175 6.87782e-05
4176 6.87782e-05
4177 6.87782e-05
4178 6.87782e-05
4179 6.87782e-05
4180 6.87782e-05
4181 6.87782e-05
4182 6.87782e-05
4183 6.87782e-05
4184 6.87782e-05
4185 6.87782e-05
4186 6.87782e-05
4187 6.87782e-05
4188 6.87782e-05
4189 6.87782e-05
4190 6.87782e-05
4191 6.87782e-05
4192 6.87782e-05
4193 6.87782e-05
4194 6.87782e-05
4195 6.87782e-05
4196 6.87782e-05
4197 6.87782e-05
4198 6.87782e-05
4199 6.87782e-05
4200 6.87782e-05
4201 6.87782e-05
4202 6.87782e-05
4203 6.87782e-05
4204 6.87782e-05
4205 6.87782e-05
4206 6.87782e-05
4207 6.87782e-05
4208 6.87782e-05
4209 6.87782e-05
4210 6.87782e-05
4211 6.87782e-05
4212 6.87782e-05
4213 6.87782e-05
4214 6.87782e-05
4215 6.87782e-05
4216 6.87782e-05
4217 6.87782e-05
4218 6.87782e-05
4219 6.87782e-05
4220 6.87782e-05
4221 6.87782e-05
4222 6.87782e-05
4223 6.87782e-05
4224 6.87782e-05
4225 6.87782e-05
4226 6.87782e-05
4227 6.87782e-05
4228 6.87782e-05
4229 6.87782e-05
4230 6.87782e-05
4231 6.87782e-05
4232 6.87782e-05
4233 6.87782e-05
4234 6.87782e-05
4235 6.87782e-05
4236 6.87782e-05
4237 6.87782e-05
4238 6.87782e-05
4239 6.87782e-05
4240 6.87782e-05
4241 6.87782e-05
4242 6.87782e-05
4243 6.87782e-05
4244 6.87782e-05
4245 6.87782e-05
4246 6.87782e-05
4247 6.87782e-05
4248 6.87782e-05
4249 6.87782e-05
4250 6.87782e-05
4251 6.87782e-05
4252 6.87782e-05
4253 6.87782e-05
4254 6.87782e-05
4255 6.87782e-05
4256 6.87782e-05
4257 6.87782e-05
4258 6.87782e-05
4259 6.87782e-05
4260 6.87782e-05
4261 6.87782e-05
4262 6.87782e-05
4263 6.87782e-05
4264 6.87782e-05
4265 6.87782e-05
4266 6.87782e-05
4267 6.87782e-05
4268 6.87782e-05
4269 6.87782e-05
4270 6.87782e-05
4271 6.87782e-05
4272 6.87782e-05
4273 6.87782e-05
4274 6.87782e-05
4275 6.87782e-05
4276 6.87782e-05
4277 6.87782e-05
4278 6.87782e-05
4279 6.87782e-05
4280 6.87782e-05
4281 6.87782e-05
4282 6.87782e-05
4283 6.87782e-05
4284 6.87782e-05
4285 6.87782e-05
4286 6.87782e-05
4287 6.87782e-05
4288 6.87782e-05
4289 6.87782e-05
4290 6.87782e-05
4291 6.87782e-05
4292 6.87782e-05
4293 6.87782e-05
4294 6.87782e-05
4295 6.87782e-05
4296 6.87782e-05
4297 6.87782e-05
4298 6.87782e-05
4299 6.87782e-05
4300 6.87782e-05
4301 6.87782e-05
4302 6.87782e-05
4303 6.87782e-05
4304 6.87782e-05
4305 6.87782e-05
4306 6.87782e-05
4307 6.87782e-05
4308 6.87782e-05
4309 6.87782e-05
4310 6.87782e-05
4311 6.87782e-05
4312 6.87782e-05
4313 6.87782e-05
4314 6.87782e-05
4315 6.87782e-05
4316 6.87782e-05
4317 6.87782e-05
4318 6.87782e-05
4319 6.87782e-05
4320 6.87782e-05
4321 6.87782e-05
4322 6.87782e-05
4323 6.87782e-05
4324 6.87782e-05
4325 6.87782e-05
4326 6.87782e-05
4327 6.87782e-05
4328 6.87782e-05
4329 6.87782e-05
4330 6.87782e-05
4331 6.87782e-05
4332 6.87782e-05
4333 6.87782e-05
4334 6.87782e-05
4335 6.87782e-05
4336 6.87782e-05
4337 6.87782e-05
4338 6.87782e-05
4339 6.87782e-05
4340 6.87782e-05
4341 6.87782e-05
4342 6.87782e-05
4343 6.87782e-05
4344 6.87782e-05
4345 6.87782e-05
4346 6.87782e-05
4347 6.87782e-05
4348 6.87782e-05
4349 6.87782e-05
4350 6.87782e-05
4351 6.87782e-05
4352 6.87782e-05
4353 6.87782e-05
4354 6.87782e-05
4355 6.87782e-05
4356 6.87782e-05
4357 6.87782e-05
4358 6.87782e-05
4359 6.87782e-05
4360 6.87782e-05
4361 6.87782e-05
4362 6.87782e-05
4363 6.87782e-05
4364 6.87782e-05
4365 6.87782e-05
4366 6.87782e-05
4367 6.87782e-05
4368 6.87782e-05
4369 6.87782e-05
4370 6.87782e-05
4371 6.87782e-05
4372 6.87782e-05
4373 6.87782e-05
4374 6.87782e-05
4375 6.87782e-05
4376 6.87782e-05
4377 6.87782e-05
4378 6.87782e-05
4379 6.87782e-05
4380 6.87782e-05
4381 6.87782e-05
4382 6.87782e-05
4383 6.87782e-05
4384 6.87782e-05
4385 6.87782e-05
4386 6.87782e-05
4387 6.87782e-05
4388 6.87782e-05
4389 6.87782e-05
4390 6.87782e-05
4391 6.87782e-05
4392 6.87782e-05
4393 6.87782e-05
4394 6.87782e-05
4395 6.87782e-05
4396 6.87782e-05
4397 6.87782e-05
4398 6.87782e-05
4399 6.87782e-05
4400 6.87782e-05
4401 6.87782e-05
4402 6.87782e-05
4403 6.87782e-05
4404 6.87782e-05
4405 6.87782e-05
4406 6.87782e-05
4407 6.87782e-05
4408 6.87782e-05
4409 6.87782e-05
4410 6.87782e-05
4411 6.87782e-05
4412 6.87782e-05
4413 6.87782e-05
4414 6.87782e-05
4415 6.87782e-05
4416 6.87782e-05
4417 6.87782e-05
4418 6.87782e-05
4419 6.87782e-05
4420 6.87782e-05
4421 6.87782e-05
4422 6.87782e-05
4423 6.87782e-05
4424 6.87782e-05
4425 6.87782e-05
4426 6.87782e-05
4427 6.87782e-05
4428 6.87782e-05
4429 6.87782e-05
4430 6.87782e-05
4431 6.87782e-05
4432 6.87782e-05
4433 6.87782e-05
4434 6.87782e-05
4435 6.87782e-05
4436 6.87782e-05
4437 6.87782e-05
4438 6.87782e-05
4439 6.87782e-05
4440 6.87782e-05
4441 6.87782e-05
4442 6.87782e-05
4443 6.87782e-05
4444 6.87782e-05
4445 6.87782e-05
4446 6.87782e-05
4447 6.87782e-05
4448 6.87782e-05
4449 6.87782e-05
4450 6.87782e-05
4451 6.87782e-05
4452 6.87782e-05
4453 6.87782e-05
4454 6.87782e-05
4455 6.87782e-05
4456 6.87782e-05
4457 6.87782e-05
4458 6.87782e-05
4459 6.87782e-05
4460 6.87782e-05
4461 6.87782e-05
4462 6.87782e-05
4463 6.87782e-05
4464 6.87782e-05
4465 6.87782e-05
4466 6.87782e-05
4467 6.87782e-05
4468 6.87782e-05
4469 6.87782e-05
4470 6.87782e-05
4471 6.87782e-05
4472 6.87782e-05
4473 6.87782e-05
4474 6.87782e-05
4475 6.87782e-05
4476 6.87782e-05
4477 6.87782e-05
4478 6.87782e-05
4479 6.87782e-05
4480 6.87782e-05
4481 6.87782e-05
4482 6.87782e-05
4483 6.87782e-05
4484 6.87782e-05
4485 6.87782e-05
4486 6.87782e-05
4487 6.87782e-05
4488 6.87782e-05
4489 6.87782e-05
4490 6.87782e-05
4491 6.87782e-05
4492 6.87782e-05
4493 6.87782e-05
4494 6.87782e-05
4495 6.87782e-05
4496 6.87782e-05
4497 6.87782e-05
4498 6.87782e-05
4499 6.87782e-05
4500 6.87782e-05
4501 6.87782e-05
4502 6.87782e-05
4503 6.87782e-05
4504 6.87782e-05
4505 6.87782e-05
4506 6.87782e-05
4507 6.87782e-05
4508 6.87782e-05
4509 6.87782e-05
4510 6.87782e-05
4511 6.87782e-05
4512 6.87782e-05
4513 6.87782e-05
4514 6.87782e-05
4515 6.87782e-05
4516 6.87782e-05
4517 6.87782e-05
4518 6.87782e-05
4519 6.87782e-05
4520 6.87782e-05
4521 6.87782e-05
4522 6.87782e-05
4523 6.87782e-05
4524 6.87782e-05
4525 6.87782e-05
4526 6.87782e-05
4527 6.87782e-05
4528 6.87782e-05
4529 6.87782e-05
4530 6.87782e-05
4531 6.87782e-05
4532 6.87782e-05
4533 6.87782e-05
4534 6.87782e-05
4535 6.87782e-05
4536 6.87782e-05
4537 6.87782e-05
4538 6.87782e-05
4539 6.87782e-05
4540 6.87782e-05
4541 6.87782e-05
4542 6.87782e-05
4543 6.87782e-05
4544 6.87782e-05
4545 6.87782e-05
4546 6.87782e-05
4547 6.87782e-05
4548 6.87782e-05
4549 6.87782e-05
4550 6.87782e-05
4551 6.87782e-05
4552 6.87782e-05
4553 6.87782e-05
4554 6.87782e-05
4555 6.87782e-05
4556 6.87782e-05
4557 6.87782e-05
4558 6.87782e-05
4559 6.87782e-05
4560 6.87782e-05
4561 6.87782e-05
4562 6.87782e-05
4563 6.87782e-05
4564 6.87782e-05
4565 6.87782e-05
4566 6.87782e-05
4567 6.87782e-05
4568 6.87782e-05
4569 6.87782e-05
4570 6.87782e-05
4571 6.87782e-05
4572 6.87782e-05
4573 6.87782e-05
4574 6.87782e-05
4575 6.87782e-05
4576 6.87782e-05
4577 6.87782e-05
4578 6.87782e-05
4579 6.87782e-05
4580 6.87782e-05
4581 6.87782e-05
4582 6.87782e-05
4583 6.87782e-05
4584 6.87782e-05
4585 6.87782e-05
4586 6.87782e-05
4587 6.87782e-05
4588 6.87782e-05
4589 6.87782e-05
4590 6.87782e-05
4591 6.87782e-05
4592 6.87782e-05
4593 6.87782e-05
4594 6.87782e-05
4595 6.87782e-05
4596 6.87782e-05
4597 6.87782e-05
4598 6.87782e-05
4599 6.87782e-05
4600 6.87782e-05
4601 6.87782e-05
4602 6.87782e-05
4603 6.87782e-05
4604 6.87782e-05
4605 6.87782e-05
4606 6.87782e-05
4607 6.87782e-05
4608 6.87782e-05
4609 6.87782e-05
4610 6.87782e-05
4611 6.87782e-05
4612 6.87782e-05
4613 6.87782e-05
4614 6.87782e-05
4615 6.87782e-05
4616 6.87782e-05
4617 6.87782e-05
4618 6.87782e-05
4619 6.87782e-05
4620 6.87782e-05
4621 6.87782e-05
4622 6.87782e-05
4623 6.87782e-05
4624 6.87782e-05
4625 6.87782e-05
4626 6.87782e-05
4627 6.87782e-05
4628 6.87782e-05
4629 6.87782e-05
4630 6.87782e-05
4631 6.87782e-05
4632 6.87782e-05
4633 6.87782e-05
4634 6.87782e-05
4635 6.87782e-05
4636 6.87782e-05
4637 6.87782e-05
4638 6.87782e-05
4639 6.87782e-05
4640 6.87782e-05
4641 6.87782e-05
4642 6.87782e-05
4643 6.87782e-05
4644 6.87782e-05
4645 6.87782e-05
4646 6.87782e-05
4647 6.87782e-05
4648 6.87782e-05
4649 6.87782e-05
4650 6.87782e-05
4651 6.87782e-05
4652 6.87782e-05
4653 6.87782e-05
4654 6.87782e-05
4655 6.87782e-05
4656 6.87782e-05
4657 6.87782e-05
4658 6.87782e-05
4659 6.87782e-05
4660 6.87782e-05
4661 6.87782e-05
4662 6.87782e-05
4663 6.87782e-05
4664 6.87782e-05
4665 6.87782e-05
4666 6.87782e-05
4667 6.87782e-05
4668 6.87782e-05
4669 6.87782e-05
4670 6.87782e-05
4671 6.87782e-05
4672 6.87782e-05
4673 6.87782e-05
4674 6.87782e-05
4675 6.87782e-05
4676 6.87782e-05
4677 6.87782e-05
4678 6.87782e-05
4679 6.87782e-05
4680 6.87782e-05
4681 6.87782e-05
4682 6.87782e-05
4683 6.87782e-05
4684 6.87782e-05
4685 6.87782e-05
4686 6.87782e-05
4687 6.87782e-05
4688 6.87782e-05
4689 6.87782e-05
4690 6.87782e-05
4691 6.87782e-05
4692 6.87782e-05
4693 6.87782e-05
4694 6.87782e-05
4695 6.87782e-05
4696 6.87782e-05
4697 6.87782e-05
4698 6.87782e-05
4699 6.87782e-05
4700 6.87782e-05
4701 6.87782e-05
4702 6.87782e-05
4703 6.87782e-05
4704 6.87782e-05
4705 6.87782e-05
4706 6.87782e-05
4707 6.87782e-05
4708 6.87782e-05
4709 6.87782e-05
4710 6.87782e-05
4711 6.87782e-05
4712 6.87782e-05
4713 6.87782e-05
4714 6.87782e-05
4715 6.87782e-05
4716 6.87782e-05
4717 6.87782e-05
4718 6.87782e-05
4719 6.87782e-05
4720 6.87782e-05
4721 6.87782e-05
4722 6.87782e-05
4723 6.87782e-05
4724 6.87782e-05
4725 6.87782e-05
4726 6.87782e-05
4727 6.87782e-05
4728 6.87782e-05
4729 6.87782e-05
4730 6.87782e-05
4731 6.87782e-05
4732 6.87782e-05
4733 6.87782e-05
4734 6.87782e-05
4735 6.87782e-05
4736 6.87782e-05
4737 6.87782e-05
4738 6.87782e-05
4739 6.87782e-05
4740 6.87782e-05
4741 6.87782e-05
4742 6.87782e-05
4743 6.87782e-05
4744 6.87782e-05
4745 6.87782e-05
4746 6.87782e-05
4747 6.87782e-05
4748 6.87782e-05
4749 6.87782e-05
4750 6.87782e-05
4751 6.87782e-05
4752 6.87782e-05
4753 6.87782e-05
4754 6.87782e-05
4755 6.87782e-05
4756 6.87782e-05
4757 6.87782e-05
4758 6.87782e-05
4759 6.87782e-05
4760 6.87782e-05
4761 6.87782e-05
4762 6.87782e-05
4763 6.87782e-05
4764 6.87782e-05
4765 6.87782e-05
4766 6.87782e-05
4767 6.87782e-05
4768 6.87782e-05
4769 6.87782e-05
4770 6.87782e-05
4771 6.87782e-05
4772 6.87782e-05
4773 6.87782e-05
4774 6.87782e-05
4775 6.87782e-05
4776 6.87782e-05
4777 6.87782e-05
4778 6.87782e-05
4779 6.87782e-05
4780 6.87782e-05
4781 6.87782e-05
4782 6.87782e-05
4783 6.87782e-05
4784 6.87782e-05
4785 6.87782e-05
4786 6.87782e-05
4787 6.87782e-05
4788 6.87782e-05
4789 6.87782e-05
4790 6.87782e-05
4791 6.87782e-05
4792 6.87782e-05
4793 3.43891e-05
4794 3.43891e-05
4795 3.43891e-05
4796 3.43891e-05
4797 3.43891e-05
4798 3.43891e-05
4799 3.43891e-05
4800 3.43891e-05
4801 3.43891e-05
4802 3.43891e-05
4803 3.43891e-05
4804 3.43891e-05
4805 3.43891e-05
4806 3.43891e-05
4807 3.43891e-05
4808 3.43891e-05
4809 3.43891e-05
4810 3.43891e-05
4811 3.43891e-05
4812 3.43891e-05
4813 3.43891e-05
4814 3.43891e-05
4815 3.43891e-05
4816 3.43891e-05
4817 3.43891e-05
4818 3.43891e-05
4819 3.43891e-05
4820 3.43891e-05
4821 3.43891e-05
4822 3.43891e-05
4823 3.43891e-05
4824 3.43891e-05
4825 3.43891e-05
4826 3.43891e-05
4827 3.43891e-05
4828 3.43891e-05
4829 3.43891e-05
4830 3.43891e-05
4831 3.43891e-05
4832 3.43891e-05
4833 3.43891e-05
4834 3.43891e-05
4835 3.43891e-05
4836 3.43891e-05
4837 3.43891e-05
4838 3.43891e-05
4839 3.43891e-05
4840 3.43891e-05
4841 3.43891e-05
4842 3.43891e-05
4843 3.43891e-05
4844 3.43891e-05
4845 3.43891e-05
4846 3.43891e-05
4847 3.43891e-05
4848 3.43891e-05
4849 3.43891e-05
4850 3.43891e-05
4851 3.43891e-05
4852 3.43891e-05
4853 3.43891e-05
4854 3.43891e-05
4855 3.43891e-05
4856 3.43891e-05
4857 3.43891e-05
4858 3.43891e-05
4859 3.43891e-05
4860 3.43891e-05
4861 3.43891e-05
4862 3.43891e-05
4863 3.43891e-05
4864 3.43891e-05
4865 3.43891e-05
4866 3.43891e-05
4867 3.43891e-05
4868 3.43891e-05
4869 3.43891e-05
4870 3.43891e-05
4871 3.43891e-05
4872 3.43891e-05
4873 3.43891e-05
4874 3.43891e-05
4875 3.43891e-05
4876 3.43891e-05
4877 3.43891e-05
4878 3.43891e-05
4879 3.43891e-05
4880 3.43891e-05
4881 3.43891e-05
4882 3.43891e-05
4883 3.43891e-05
4884 3.43891e-05
4885 3.43891e-05
4886 3.43891e-05
4887 3.43891e-05
4888 3.43891e-05
4889 3.43891e-05
4890 3.43891e-05
4891 3.43891e-05
4892 3.43891e-05
4893 3.43891e-05
4894 3.43891e-05
4895 3.43891e-05
4896 3.43891e-05
4897 3.43891e-05
4898 3.43891e-05
4899 3.43891e-05
4900 3.43891e-05
4901 3.43891e-05
4902 3.43891e-05
4903 3.43891e-05
4904 3.43891e-05
4905 3.43891e-05
4906 3.43891e-05
4907 3.43891e-05
4908 3.43891e-05
4909 3.43891e-05
4910 3.43891e-05
4911 3.43891e-05
4912 3.43891e-05
4913 3.43891e-05
4914 3.43891e-05
4915 3.43891e-05
4916 3.43891e-05
4917 3.43891e-05
4918 3.43891e-05
4919 3.43891e-05
4920 3.43891e-05
4921 3.43891e-05
4922 3.43891e-05
4923 3.43891e-05
4924 3.43891e-05
4925 3.43891e-05
4926 3.43891e-05
4927 3.43891e-05
4928 3.43891e-05
4929 3.43891e-05
4930 3.43891e-05
4931 3.43891e-05
4932 3.43891e-05
4933 3.43891e-05
4934 3.43891e-05
4935 3.43891e-05
4936 3.43891e-05
4937 3.43891e-05
4938 3.43891e-05
4939 3.43891e-05
4940 3.43891e-05
4941 3.43891e-05
4942 3.43891e-05
4943 3.43891e-05
4944 3.43891e-05
4945 3.43891e-05
4946 3.43891e-05
4947 3.43891e-05
4948 3.43891e-05
4949 3.43891e-05
4950 3.43891e-05
4951 3.43891e-05
4952 3.43891e-05
4953 3.43891e-05
4954 3.43891e-05
4955 3.43891e-05
4956 3.43891e-05
4957 3.43891e-05
4958 3.43891e-05
4959 3.43891e-05
4960 3.43891e-05
4961 3.43891e-05
4962 3.43891e-05
4963 3.43891e-05
4964 3.43891e-05
4965 3.43891e-05
4966 3.43891e-05
4967 3.43891e-05
4968 3.43891e-05
4969 3.43891e-05
4970 3.43891e-05
4971 3.43891e-05
4972 3.43891e-05
4973 3.43891e-05
4974 3.43891e-05
4975 3.43891e-05
4976 3.43891e-05
4977 3.43891e-05
4978 3.43891e-05
4979 3.43891e-05
4980 3.43891e-05
4981 3.43891e-05
4982 3.43891e-05
4983 3.43891e-05
4984 3.43891e-05
4985 3.43891e-05
4986 3.43891e-05
4987 3.43891e-05
4988 3.43891e-05
4989 3.43891e-05
4990 3.43891e-05
4991 3.43891e-05
4992 3.43891e-05
4993 3.43891e-05
4994 3.43891e-05
4995 3.43891e-05
4996 3.43891e-05
4997 3.43891e-05
4998 3.43891e-05
4999 3.43891e-05
5000 3.43891e-05
5001 3.43891e-05
5002 3.43891e-05
5003 3.43891e-05
5004 3.43891e-05
5005 3.43891e-05
5006 3.43891e-05
5007 3.43891e-05
5008 3.43891e-05
5009 3.43891e-05
5010 3.43891e-05
5011 3.43891e-05
5012 3.43891e-05
5013 3.43891e-05
5014 3.43891e-05
5015 3.43891e-05
5016 3.43891e-05
5017 3.43891e-05
5018 3.43891e-05
5019 3.43891e-05
5020 3.43891e-05
5021 3.43891e-05
5022 3.43891e-05
5023 3.43891e-05
5024 3.43891e-05
5025 3.43891e-05
5026 3.43891e-05
5027 3.43891e-05
5028 3.43891e-05
5029 3.43891e-05
5030 3.43891e-05
5031 3.43891e-05
5032 3.43891e-05
5033 3.43891e-05
5034 3.43891e-05
5035 3.43891e-05
5036 3.43891e-05
5037 3.43891e-05
5038 3.43891e-05
5039 3.43891e-05
5040 3.43891e-05
5041 3.43891e-05
5042 3.43891e-05
5043 3.43891e-05
5044 3.43891e-05
5045 3.43891e-05
5046 3.43891e-05
5047 3.43891e-05
5048 3.43891e-05
5049 3.43891e-05
5050 3.43891e-05
5051 3.43891e-05
5052 3.43891e-05
5053 3.43891e-05
5054 3.43891e-05
5055 3.43891e-05
5056 3.43891e-05
5057 3.43891e-05
5058 3.43891e-05
5059 3.43891e-05
5060 3.43891e-05
5061 3.43891e-05
5062 3.43891e-05
5063 3.43891e-05
5064 3.43891e-05
5065 3.43891e-05
5066 3.43891e-05
5067 3.43891e-05
5068 3.43891e-05
5069 3.43891e-05
5070 3.43891e-05
5071 3.43891e-05
5072 3.43891e-05
5073 3.43891e-05
5074 3.43891e-05
5075 3.43891e-05
5076 3.43891e-05
5077 3.43891e-05
5078 3.43891e-05
5079 3.43891e-05
5080 3.43891e-05
5081 3.43891e-05
5082 3.43891e-05
5083 3.43891e-05
5084 3.43891e-05
5085 3.43891e-05
5086 3.43891e-05
5087 3.43891e-05
5088 3.43891e-05
5089 3.43891e-05
5090 3.43891e-05
5091 3.43891e-05
5092 3.43891e-05
5093 3.43891e-05
5094 3.43891e-05
5095 3.43891e-05
5096 3.43891e-05
5097 3.43891e-05
5098 3.43891e-05
5099 3.43891e-05
5100 3.43891e-05
5101 3.43891e-05
5102 3.43891e-05
5103 3.43891e-05
5104 3.43891e-05
5105 3.43891e-05
5106 3.43891e-05
5107 3.43891e-05
5108 3.43891e-05
5109 3.43891e-05
5110 3.43891e-05
5111 3.43891e-05
5112 3.43891e-05
5113 3.43891e-05
5114 3.43891e-05
5115 3.43891e-05
5116 3.43891e-05
5117 3.43891e-05
5118 3.43891e-05
5119 3.43891e-05
5120 3.43891e-05
5121 3.43891e-05
5122 3.43891e-05
5123 3.43891e-05
5124 3.43891e-05
5125 3.43891e-05
5126 3.43891e-05
5127 3.43891e-05
5128 3.43891e-05
5129 3.43891e-05
5130 3.43891e-05
5131 3.43891e-05
5132 3.43891e-05
5133 3.43891e-05
5134 3.43891e-05
5135 3.43891e-05
5136 3.43891e-05
5137 3.43891e-05
5138 3.43891e-05
5139 3.43891e-05
5140 3.43891e-05
5141 3.43891e-05
5142 3.43891e-05
5143 3.43891e-05
5144 3.43891e-05
5145 3.43891e-05
5146 3.43891e-05
5147 3.43891e-05
5148 3.43891e-05
5149 3.43891e-05
5150 3.43891e-05
5151 3.43891e-05
5152 3.43891e-05
5153 3.43891e-05
5154 3.43891e-05
5155 3.43891e-05
5156 3.43891e-05
5157 3.43891e-05
5158 3.43891e-05
5159 3.43891e-05
5160 3.43891e-05
5161 3.43891e-05
5162 3.43891e-05
5163 3.43891e-05
5164 3.43891e-05
5165 3.43891e-05
5166 3.43891e-05
5167 3.43891e-05
5168 3.43891e-05
5169 3.43891e-05
5170 3.43891e-05
5171 3.43891e-05
5172 3.43891e-05
5173 3.43891e-05
5174 3.43891e-05
5175 3.43891e-05
5176 3.43891e-05
5177 3.43891e-05
5178 3.43891e-05
5179 3.43891e-05
5180 3.43891e-05
5181 3.43891e-05
5182 3.43891e-05
5183 3.43891e-05
5184 3.43891e-05
5185 3.43891e-05
5186 3.43891e-05
5187 3.43891e-05
5188 3.43891e-05
5189 3.43891e-05
5190 3.43891e-05
5191 3.43891e-05
5192 3.43891e-05
5193 3.43891e-05
5194 3.43891e-05
5195 3.43891e-05
5196 3.43891e-05
5197 3.43891e-05
5198 3.43891e-05
5199 3.43891e-05
5200 3.43891e-05
5201 3.43891e-05
5202 3.43891e-05
5203 3.43891e-05
5204 3.43891e-05
5205 3.43891e-05
5206 3.43891e-05
5207 3.43891e-05
5208 3.43891e-05
5209 3.43891e-05
5210 3.43891e-05
5211 3.43891e-05
5212 3.43891e-05
5213 3.43891e-05
5214 3.43891e-05
5215 3.43891e-05
5216 3.43891e-05
5217 3.43891e-05
5218 3.43891e-05
5219 3.43891e-05
5220 3.43891e-05
5221 3.43891e-05
5222 3.43891e-05
5223 3.43891e-05
5224 3.43891e-05
5225 3.43891e-05
5226 3.43891e-05
5227 3.43891e-05
5228 3.43891e-05
5229 3.43891e-05
5230 3.43891e-05
5231 3.43891e-05
5232 3.43891e-05
5233 3.43891e-05
5234 3.43891e-05
5235 3.43891e-05
5236 3.43891e-05
5237 3.43891e-05
5238 3.43891e-05
5239 3.43891e-05
5240 3.43891e-05
5241 3.43891e-05
5242 3.43891e-05
5243 3.43891e-05
5244 3.43891e-05
5245 3.43891e-05
5246 3.43891e-05
5247 3.43891e-05
5248 3.43891e-05
5249 3.43891e-05
5250 3.43891e-05
5251 3.43891e-05
5252 3.43891e-05
5253 3.43891e-05
5254 3.43891e-05
5255 3.43891e-05
5256 3.43891e-05
5257 3.43891e-05
5258 3.43891e-05
5259 3.43891e-05
5260 3.43891e-05
5261 3.43891e-05
5262 3.43891e-05
5263 3.43891e-05
5264 3.43891e-05
5265 3.43891e-05
5266 3.43891e-05
5267 3.43891e-05
5268 3.43891e-05
5269 3.43891e-05
5270 3.43891e-05
5271 3.43891e-05
5272 3.43891e-05
5273 3.43891e-05
5274 3.43891e-05
5275 3.43891e-05
5276 3.43891e-05
5277 3.43891e-05
5278 3.43891e-05
5279 3.43891e-05
5280 3.43891e-05
5281 3.43891e-05
5282 3.43891e-05
5283 3.43891e-05
5284 3.43891e-05
5285 3.43891e-05
5286 3.43891e-05
5287 3.43891e-05
5288 3.43891e-05
5289 3.43891e-05
5290 3.43891e-05
5291 3.43891e-05
5292 3.43891e-05
5293 3.43891e-05
5294 3.43891e-05
5295 3.43891e-05
5296 3.43891e-05
5297 3.43891e-05
5298 3.43891e-05
5299 3.43891e-05
5300 3.43891e-05
5301 3.43891e-05
5302 3.43891e-05
5303 3.43891e-05
5304 3.43891e-05
5305 3.43891e-05
5306 3.43891e-05
5307 3.43891e-05
5308 3.43891e-05
5309 3.43891e-05
5310 3.43891e-05
5311 3.43891e-05
5312 3.43891e-05
5313 3.43891e-05
5314 3.43891e-05
5315 3.43891e-05
5316 3.43891e-05
5317 3.43891e-05
5318 3.43891e-05
5319 3.43891e-05
5320 3.43891e-05
5321 3.43891e-05
5322 3.43891e-05
5323 3.43891e-05
5324 3.43891e-05
5325 3.43891e-05
5326 3.43891e-05
5327 3.43891e-05
5328 3.43891e-05
5329 3.43891e-05
5330 3.43891e-05
5331 3.43891e-05
5332 3.43891e-05
5333 3.43891e-05
5334 3.43891e-05
5335 3.43891e-05
5336 3.43891e-05
5337 3.43891e-05
5338 3.43891e-05
5339 3.43891e-05
5340 3.43891e-05
5341 3.43891e-05
5342 3.43891e-05
5343 3.43891e-05
5344 3.43891e-05
5345 3.43891e-05
5346 3.43891e-05
5347 3.43891e-05
5348 3.43891e-05
5349 3.43891e-05
5350 3.43891e-05
5351 3.43891e-05
5352 3.43891e-05
5353 3.43891e-05
5354 3.43891e-05
5355 3.43891e-05
5356 3.43891e-05
5357 3.43891e-05
5358 3.43891e-05
5359 3.43891e-05
5360 3.43891e-05
5361 3.43891e-05
5362 3.43891e-05
5363 3.43891e-05
5364 3.43891e-05
5365 3.43891e-05
5366 3.43891e-05
5367 3.43891e-05
5368 3.43891e-05
5369 3.43891e-05
5370 3.43891e-05
5371 3.43891e-05
5372 3.43891e-05
5373 3.43891e-05
5374 3.43891e-05
5375 3.43891e-05
5376 3.43891e-05
5377 3.43891e-05
5378 3.43891e-05
5379 3.43891e-05
5380 3.43891e-05
5381 3.43891e-05
5382 3.43891e-05
5383 3.43891e-05
5384 3.43891e-05
5385 3.43891e-05
5386 3.43891e-05
5387 3.43891e-05
5388 3.43891e-05
5389 3.43891e-05
5390 3.43891e-05
5391 3.43891e-05
5392 3.43891e-05
5393 3.43891e-05
5394 3.43891e-05
5395 3.43891e-05
5396 3.43891e-05
5397 3.43891e-05
5398 3.43891e-05
5399 3.43891e-05
5400 3.43891e-05
5401 3.43891e-05
5402 3.43891e-05
5403 3.43891e-05
5404 3.43891e-05
5405 3.43891e-05
5406 3.43891e-05
5407 3.43891e-05
5408 3.43891e-05
5409 3.43891e-05
5410 3.43891e-05
5411 3.43891e-05
5412 3.43891e-05
5413 3.43891e-05
5414 3.43891e-05
5415 3.43891e-05
5416 3.43891e-05
5417 3.43891e-05
5418 3.43891e-05
5419 3.43891e-05
5420 3.43891e-05
5421 3.43891e-05
5422 3.43891e-05
5423 3.43891e-05
5424 3.43891e-05
5425 3.43891e-05
5426 3.43891e-05
5427 3.43891e-05
5428 3.43891e-05
5429 3.43891e-05
5430 3.43891e-05
5431 3.43891e-05
5432 3.43891e-05
5433 3.43891e-05
5434 3.43891e-05
5435 3.43891e-05
5436 3.43891e-05
5437 3.43891e-05
5438 3.43891e-05
5439 3.43891e-05
5440 3.43891e-05
5441 3.43891e-05
5442 3.43891e-05
5443 3.43891e-05
5444 3.43891e-05
5445 3.43891e-05
5446 3.43891e-05
5447 3.43891e-05
5448 3.43891e-05
5449 3.43891e-05
5450 3.43891e-05
5451 3.43891e-05
5452 3.43891e-05
5453 3.43891e-05
5454 3.43891e-05
5455 3.43891e-05
5456 3.43891e-05
5457 3.43891e-05
5458 3.43891e-05
5459 3.43891e-05
5460 3.43891e-05
5461 3.43891e-05
5462 3.43891e-05
5463 3.43891e-05
5464 3.43891e-05
5465 3.43891e-05
5466 3.43891e-05
5467 3.43891e-05
5468 3.43891e-05
5469 3.43891e-05
5470 3.43891e-05
5471 3.43891e-05
5472 3.43891e-05
5473 3.43891e-05
5474 3.43891e-05
5475 3.43891e-05
5476 3.43891e-05
5477 3.43891e-05
5478 3.43891e-05
5479 3.43891e-05
5480 3.43891e-05
5481 3.43891e-05
5482 3.43891e-05
5483 3.43891e-05
5484 3.43891e-05
5485 3.43891e-05
5486 3.43891e-05
5487 3.43891e-05
5488 3.43891e-05
5489 3.43891e-05
5490 3.43891e-05
5491 3.43891e-05
5492 3.43891e-05
5493 3.43891e-05
5494 3.43891e-05
5495 3.43891e-05
5496 3.43891e-05
5497 3.43891e-05
5498 3.43891e-05
5499 3.43891e-05
5500 3.43891e-05
5501 3.43891e-05
5502 3.43891e-05
5503 3.43891e-05
5504 3.43891e-05
5505 3.43891e-05
5506 3.43891e-05
5507 3.43891e-05
5508 3.43891e-05
5509 3.43891e-05
5510 3.43891e-05
5511 3.43891e-05
5512 3.43891e-05
5513 3.43891e-05
5514 3.43891e-05
5515 3.43891e-05
5516 3.43891e-05
5517 3.43891e-05
5518 3.43891e-05
5519 3.43891e-05
5520 3.43891e-05
5521 3.43891e-05
5522 3.43891e-05
5523 3.43891e-05
5524 3.43891e-05
5525 3.43891e-05
5526 3.43891e-05
5527 3.43891e-05
5528 3.43891e-05
5529 3.43891e-05
5530 3.43891e-05
5531 3.43891e-05
5532 3.43891e-05
5533 3.43891e-05
5534 3.43891e-05
5535 3.43891e-05
5536 3.43891e-05
