0 1
1 1
2 1
3 1
4 1
5 1
6 1
7 0.999964
8 0.999964
9 0.999964
10 0.999964
11 0.999964
12 0.999964
13 0.999964
14 0.999964
15 0.999927
16 0.999927
17 0.999927
18 0.999927
19 0.999927
20 0.999927
21 0.999927
22 0.999927
23 0.999855
24 0.999855
25 0.999855
26 0.999855
27 0.999855
28 0.999855
29 0.999855
30 0.999855
31 0.999746
32 0.999746
33 0.999746
34 0.999746
35 0.999746
36 0.999746
37 0.999746
38 0.999746
39 0.999564
40 0.999564
41 0.999564
42 0.999564
43 0.999564
44 0.999564
45 0.999564
46 0.999564
47 0.999419
48 0.999419
49 0.971109
50 0.971109
51 0.971109
52 0.971109
53 0.971109
54 0.971109
55 0.971109
56 0.971109
57 0.94534
58 0.94534
59 0.94534
60 0.94534
61 0.94534
62 0.94534
63 0.945086
64 0.945086
65 0.916703
66 0.916703
67 0.916703
68 0.916703
69 0.916703
70 0.916703
71 0.916667
72 0.916667
73 0.889663
74 0.889663
75 0.889663
76 0.889663
77 0.889663
78 0.889663
79 0.889373
80 0.889373
81 0.862115
82 0.862115
83 0.862115
84 0.862115
85 0.862115
86 0.862115
87 0.86197
88 0.86197
89 0.837217
90 0.837217
91 0.837217
92 0.837217
93 0.837217
94 0.837217
95 0.837144
96 0.837144
97 0.811339
98 0.811339
99 0.811339
100 0.811339
101 0.811339
102 0.811339
103 0.81123
104 0.81123
105 0.786222
106 0.786222
107 0.786222
108 0.786222
109 0.786222
110 0.786222
111 0.785968
112 0.785968
113 0.763139
114 0.763139
115 0.763139
116 0.763139
117 0.763139
118 0.763139
119 0.762776
120 0.762776
121 0.738349
122 0.738349
123 0.738349
124 0.738349
125 0.738349
126 0.738349
127 0.738168
128 0.738168
129 0.715447
130 0.715447
131 0.715447
132 0.715447
133 0.715447
134 0.715447
135 0.715266
136 0.715266
137 0.69269
138 0.69269
139 0.69269
140 0.69269
141 0.69269
142 0.69269
143 0.692581
144 0.692581
145 0.670913
146 0.670913
147 0.670913
148 0.670913
149 0.670913
150 0.670913
151 0.670841
152 0.670841
153 0.650261
154 0.650261
155 0.650261
156 0.650261
157 0.650261
158 0.650261
159 0.650116
160 0.650116
161 0.629065
162 0.629065
163 0.629065
164 0.629065
165 0.629065
166 0.629065
167 0.628884
168 0.628884
169 0.609066
170 0.609066
171 0.609066
172 0.609066
173 0.609066
174 0.609066
175 0.608921
176 0.608921
177 0.590193
178 0.590193
179 0.590193
180 0.590193
181 0.590193
182 0.590193
183 0.590084
184 0.590084
185 0.570412
186 0.570412
187 0.570412
188 0.570412
189 0.570412
190 0.570412
191 0.570376
192 0.570376
193 0.551357
194 0.551357
195 0.551357
196 0.551357
197 0.551357
198 0.551357
199 0.551176
200 0.551176
201 0.533283
202 0.533283
203 0.533283
204 0.533283
205 0.533283
206 0.533283
207 0.533283
208 0.533283
209 0.516224
210 0.516224
211 0.516224
212 0.516224
213 0.516224
214 0.516224
215 0.516042
216 0.516042
217 0.500653
218 0.500653
219 0.500653
220 0.500653
221 0.500653
222 0.500653
223 0.500472
224 0.500472
225 0.484357
226 0.484357
227 0.484357
228 0.484357
229 0.484357
230 0.484357
231 0.484321
232 0.484321
233 0.469004
234 0.469004
235 0.469004
236 0.469004
237 0.469004
238 0.469004
239 0.468968
240 0.468968
241 0.455139
242 0.455139
243 0.455139
244 0.455139
245 0.455139
246 0.455139
247 0.455103
248 0.455103
249 0.441638
250 0.441638
251 0.441638
252 0.441638
253 0.441638
254 0.441638
255 0.441529
256 0.441529
257 0.427555
258 0.427555
259 0.427555
260 0.427555
261 0.427555
262 0.427555
263 0.427519
264 0.427519
265 0.414707
266 0.414707
267 0.414707
268 0.414707
269 0.414707
270 0.414707
271 0.414525
272 0.414525
273 0.402766
274 0.402766
275 0.402766
276 0.402766
277 0.402766
278 0.402766
279 0.402766
280 0.402766
281 0.390897
282 0.390897
283 0.390897
284 0.390897
285 0.390897
286 0.390897
287 0.390825
288 0.390825
289 0.379755
290 0.379755
291 0.379755
292 0.379755
293 0.379755
294 0.379755
295 0.379646
296 0.379646
297 0.367995
298 0.367995
299 0.367995
300 0.367995
301 0.367995
302 0.367995
303 0.367922
304 0.367922
305 0.356598
306 0.356598
307 0.356598
308 0.356598
309 0.356598
310 0.356598
311 0.356417
312 0.356417
313 0.34571
314 0.34571
315 0.34571
316 0.34571
317 0.34571
318 0.34571
319 0.345601
320 0.345601
321 0.335729
322 0.335729
323 0.335729
324 0.335729
325 0.335729
326 0.335729
327 0.33562
328 0.33562
329 0.325675
330 0.325675
331 0.325675
332 0.325675
333 0.325675
334 0.325675
335 0.325603
336 0.325603
337 0.316311
338 0.316311
339 0.316311
340 0.316311
341 0.316311
342 0.316311
343 0.316275
344 0.316275
345 0.307237
346 0.307237
347 0.307237
348 0.307237
349 0.307237
350 0.307237
351 0.307019
352 0.307019
353 0.298272
354 0.298272
355 0.298272
356 0.298272
357 0.298272
358 0.298272
359 0.298272
360 0.298272
361 0.290796
362 0.290796
363 0.290796
364 0.290796
365 0.290796
366 0.290796
367 0.290687
368 0.290687
369 0.283391
370 0.283391
371 0.283391
372 0.283391
373 0.283391
374 0.283391
375 0.283355
376 0.283355
377 0.276532
378 0.276532
379 0.276532
380 0.276532
381 0.276532
382 0.276532
383 0.276386
384 0.276386
385 0.269019
386 0.269019
387 0.269019
388 0.269019
389 0.269019
390 0.269019
391 0.268982
392 0.268982
393 0.261106
394 0.261106
395 0.261106
396 0.261106
397 0.261106
398 0.261106
399 0.260997
400 0.260997
401 0.253811
402 0.253811
403 0.253811
404 0.253811
405 0.253811
406 0.253811
407 0.253738
408 0.253738
409 0.24608
410 0.24608
411 0.24608
412 0.24608
413 0.24608
414 0.24608
415 0.246044
416 0.246044
417 0.239983
418 0.239983
419 0.239983
420 0.239983
421 0.239983
422 0.239983
423 0.23991
424 0.23991
425 0.233812
426 0.233812
427 0.233812
428 0.233812
429 0.233812
430 0.233812
431 0.23374
432 0.23374
433 0.228368
434 0.228368
435 0.228368
436 0.228368
437 0.228368
438 0.228368
439 0.228332
440 0.228332
441 0.222706
442 0.222706
443 0.222706
444 0.222706
445 0.222706
446 0.222706
447 0.222597
448 0.222597
449 0.216681
450 0.216681
451 0.216681
452 0.216681
453 0.216681
454 0.216681
455 0.216463
456 0.216463
457 0.211201
458 0.211201
459 0.211201
460 0.211201
461 0.211201
462 0.211201
463 0.211092
464 0.211092
465 0.206664
466 0.206664
467 0.206664
468 0.206664
469 0.206664
470 0.206664
471 0.206555
472 0.206555
473 0.201292
474 0.201292
475 0.201292
476 0.201292
477 0.201292
478 0.201292
479 0.201183
480 0.201183
481 0.197626
482 0.197626
483 0.197626
484 0.197626
485 0.197626
486 0.197626
487 0.197554
488 0.197554
489 0.192726
490 0.192726
491 0.192726
492 0.192726
493 0.192726
494 0.192726
495 0.19269
496 0.19269
497 0.188226
498 0.188226
499 0.188226
500 0.188226
501 0.188226
502 0.188226
503 0.18819
504 0.18819
505 0.183907
506 0.183907
507 0.183907
508 0.183907
509 0.183907
510 0.183907
511 0.183907
512 0.183907
513 0.179805
514 0.179805
515 0.179805
516 0.179805
517 0.179805
518 0.179805
519 0.17966
520 0.17966
521 0.175269
522 0.175269
523 0.175269
524 0.175269
525 0.175269
526 0.175269
527 0.17516
528 0.17516
529 0.170913
530 0.170913
531 0.170913
532 0.170913
533 0.170913
534 0.170913
535 0.170877
536 0.170877
537 0.166957
538 0.166957
539 0.166957
540 0.166957
541 0.166957
542 0.166957
543 0.166957
544 0.166957
545 0.162783
546 0.162783
547 0.162783
548 0.162783
549 0.162783
550 0.162783
551 0.162747
552 0.162747
553 0.159262
554 0.159262
555 0.159262
556 0.159262
557 0.159262
558 0.159262
559 0.15919
560 0.15919
561 0.156032
562 0.156032
563 0.156032
564 0.156032
565 0.156032
566 0.156032
567 0.155996
568 0.155996
569 0.152003
570 0.152003
571 0.152003
572 0.152003
573 0.152003
574 0.152003
575 0.151931
576 0.151931
577 0.148664
578 0.148664
579 0.148664
580 0.148664
581 0.148664
582 0.148664
583 0.148664
584 0.148664
585 0.145579
586 0.145579
587 0.145579
588 0.145579
589 0.145579
590 0.145579
591 0.145543
592 0.145543
593 0.141696
594 0.141696
595 0.141696
596 0.141696
597 0.141696
598 0.141696
599 0.141696
600 0.141696
601 0.137921
602 0.137921
603 0.137921
604 0.137921
605 0.137921
606 0.137921
607 0.137921
608 0.137921
609 0.134292
610 0.134292
611 0.134292
612 0.134292
613 0.134292
614 0.134292
615 0.134219
616 0.134219
617 0.131352
618 0.131352
619 0.131352
620 0.131352
621 0.131352
622 0.131352
623 0.131243
624 0.131243
625 0.128267
626 0.128267
627 0.128267
628 0.128267
629 0.128267
630 0.128267
631 0.128194
632 0.128194
633 0.125181
634 0.125181
635 0.125181
636 0.125181
637 0.125181
638 0.125181
639 0.125145
640 0.125145
641 0.122423
642 0.122423
643 0.122423
644 0.122423
645 0.122423
646 0.122423
647 0.122387
648 0.122387
649 0.119701
650 0.119701
651 0.119701
652 0.119701
653 0.119701
654 0.119701
655 0.119628
656 0.119628
657 0.117378
658 0.117378
659 0.117378
660 0.117378
661 0.117378
662 0.117378
663 0.117342
664 0.117342
665 0.114547
666 0.114547
667 0.114547
668 0.114547
669 0.114547
670 0.114547
671 0.114474
672 0.114474
673 0.112043
674 0.112043
675 0.112043
676 0.112043
677 0.112043
678 0.112043
679 0.112006
680 0.112006
681 0.109212
682 0.109212
683 0.109212
684 0.109212
685 0.109212
686 0.109212
687 0.109212
688 0.109212
689 0.106598
690 0.106598
691 0.106598
692 0.106598
693 0.106598
694 0.106598
695 0.106562
696 0.106562
697 0.104239
698 0.104239
699 0.104239
700 0.104239
701 0.104239
702 0.104239
703 0.104239
704 0.104239
705 0.101445
706 0.101445
707 0.101445
708 0.101445
709 0.101445
710 0.101445
711 0.101445
712 0.101445
713 0.0993031
714 0.0993031
715 0.0993031
716 0.0993031
717 0.0993031
718 0.0993031
719 0.0992668
720 0.0992668
721 0.0967262
722 0.0967262
723 0.0967262
724 0.0967262
725 0.0967262
726 0.0967262
727 0.0967262
728 0.0967262
729 0.09473
730 0.09473
731 0.09473
732 0.09473
733 0.09473
734 0.09473
735 0.09473
736 0.09473
737 0.0926611
738 0.0926611
739 0.0926611
740 0.0926611
741 0.0926611
742 0.0926611
743 0.0926611
744 0.0926611
745 0.0905197
746 0.0905197
747 0.0905197
748 0.0905197
749 0.0905197
750 0.0905197
751 0.0905197
752 0.0905197
753 0.0887413
754 0.0887413
755 0.0887413
756 0.0887413
757 0.0887413
758 0.0887413
759 0.0887413
760 0.0887413
761 0.0867088
762 0.0867088
763 0.0867088
764 0.0867088
765 0.0867088
766 0.0867088
767 0.0867088
768 0.0867088
769 0.0850029
770 0.0850029
771 0.0850029
772 0.0850029
773 0.0850029
774 0.0850029
775 0.0849303
776 0.0849303
777 0.0830793
778 0.0830793
779 0.0830793
780 0.0830793
781 0.0830793
782 0.0830793
783 0.083043
784 0.083043
785 0.0813371
786 0.0813371
787 0.0813371
788 0.0813371
789 0.0813371
790 0.0813371
791 0.0813371
792 0.0813371
793 0.0795587
794 0.0795587
795 0.0795587
796 0.0795587
797 0.0795587
798 0.0795587
799 0.0795224
800 0.0795224
801 0.0775624
802 0.0775624
803 0.0775624
804 0.0775624
805 0.0775624
806 0.0775624
807 0.0775624
808 0.0775624
809 0.0759654
810 0.0759654
811 0.0759654
812 0.0759654
813 0.0759654
814 0.0759654
815 0.0759654
816 0.0759654
817 0.0740781
818 0.0740781
819 0.0740781
820 0.0740781
821 0.0740781
822 0.0740781
823 0.0740418
824 0.0740418
825 0.0722997
826 0.0722997
827 0.0722997
828 0.0722997
829 0.0722997
830 0.0722997
831 0.0722271
832 0.0722271
833 0.0706664
834 0.0706664
835 0.0706664
836 0.0706664
837 0.0706664
838 0.0706664
839 0.0706664
840 0.0706664
841 0.0694686
842 0.0694686
843 0.0694686
844 0.0694686
845 0.0694686
846 0.0694686
847 0.0694686
848 0.0694686
849 0.0680894
850 0.0680894
851 0.0680894
852 0.0680894
853 0.0680894
854 0.0680894
855 0.0680531
856 0.0680531
857 0.0664925
858 0.0664925
859 0.0664925
860 0.0664925
861 0.0664925
862 0.0664925
863 0.0664562
864 0.0664562
865 0.0653673
866 0.0653673
867 0.0653673
868 0.0653673
869 0.0653673
870 0.0653673
871 0.065331
872 0.065331
873 0.0640607
874 0.0640607
875 0.0640607
876 0.0640607
877 0.0640607
878 0.0640607
879 0.0640607
880 0.0640607
881 0.0626815
882 0.0626815
883 0.0626815
884 0.0626815
885 0.0626815
886 0.0626815
887 0.0626815
888 0.0626815
889 0.06152
890 0.06152
891 0.06152
892 0.06152
893 0.06152
894 0.06152
895 0.06152
896 0.06152
897 0.0605764
898 0.0605764
899 0.0605764
900 0.0605764
901 0.0605764
902 0.0605764
903 0.0605401
904 0.0605401
905 0.0594149
906 0.0594149
907 0.0594149
908 0.0594149
909 0.0594149
910 0.0594149
911 0.0593423
912 0.0593423
913 0.0582172
914 0.0582172
915 0.0582172
916 0.0582172
917 0.0582172
918 0.0582172
919 0.0581446
920 0.0581446
921 0.0569469
922 0.0569469
923 0.0569469
924 0.0569469
925 0.0569469
926 0.0569469
927 0.056838
928 0.056838
929 0.0556402
930 0.0556402
931 0.0556402
932 0.0556402
933 0.0556402
934 0.0556402
935 0.0556402
936 0.0556402
937 0.0544062
938 0.0544062
939 0.0544062
940 0.0544062
941 0.0544062
942 0.0544062
943 0.0543699
944 0.0543699
945 0.0532448
946 0.0532448
947 0.0532448
948 0.0532448
949 0.0532448
950 0.0532448
951 0.0532448
952 0.0532448
953 0.0521559
954 0.0521559
955 0.0521559
956 0.0521559
957 0.0521559
958 0.0521559
959 0.0520833
960 0.0520833
961 0.051176
962 0.051176
963 0.051176
964 0.051176
965 0.051176
966 0.051176
967 0.0511397
968 0.0511397
969 0.0499419
970 0.0499419
971 0.0499419
972 0.0499419
973 0.0499419
974 0.0499419
975 0.0499056
976 0.0499056
977 0.0491071
978 0.0491071
979 0.0491071
980 0.0491071
981 0.0491071
982 0.0491071
983 0.0491071
984 0.0491071
985 0.0481635
986 0.0481635
987 0.0481635
988 0.0481635
989 0.0481635
990 0.0481635
991 0.0481635
992 0.0481635
993 0.0472561
994 0.0472561
995 0.0472561
996 0.0472561
997 0.0472561
998 0.0472561
999 0.0472561
1000 0.0472561
1001 0.046131
1002 0.046131
1003 0.046131
1004 0.046131
1005 0.046131
1006 0.046131
1007 0.0460947
1008 0.0460947
1009 0.0448969
1010 0.0448969
1011 0.0448969
1012 0.0448969
1013 0.0448969
1014 0.0448969
1015 0.0448969
1016 0.0448969
1017 0.0438444
1018 0.0438444
1019 0.0438444
1020 0.0438444
1021 0.0438444
1022 0.0438444
1023 0.0438444
1024 0.0438444
1025 0.0430096
1026 0.0430096
1027 0.0430096
1028 0.0430096
1029 0.0430096
1030 0.0430096
1031 0.0430096
1032 0.0430096
1033 0.0421022
1034 0.0421022
1035 0.0421022
1036 0.0421022
1037 0.0421022
1038 0.0421022
1039 0.0420659
1040 0.0420659
1041 0.0413037
1042 0.0413037
1043 0.0413037
1044 0.0413037
1045 0.0413037
1046 0.0413037
1047 0.0412674
1048 0.0412674
1049 0.0403963
1050 0.0403963
1051 0.0403963
1052 0.0403963
1053 0.0403963
1054 0.0403963
1055 0.0403963
1056 0.0403963
1057 0.0395253
1058 0.0395253
1059 0.0395253
1060 0.0395253
1061 0.0395253
1062 0.0395253
1063 0.0395253
1064 0.0395253
1065 0.0390171
1066 0.0390171
1067 0.0390171
1068 0.0390171
1069 0.0390171
1070 0.0390171
1071 0.0389445
1072 0.0389445
1073 0.0380372
1074 0.0380372
1075 0.0380372
1076 0.0380372
1077 0.0380372
1078 0.0380372
1079 0.0380372
1080 0.0380372
1081 0.0374201
1082 0.0374201
1083 0.0374201
1084 0.0374201
1085 0.0374201
1086 0.0374201
1087 0.0374201
1088 0.0374201
1089 0.0366943
1090 0.0366943
1091 0.0366943
1092 0.0366943
1093 0.0366943
1094 0.0366943
1095 0.0366943
1096 0.0366943
1097 0.0360772
1098 0.0360772
1099 0.0360772
1100 0.0360772
1101 0.0360772
1102 0.0360772
1103 0.0360772
1104 0.0360772
1105 0.0351336
1106 0.0351336
1107 0.0351336
1108 0.0351336
1109 0.0351336
1110 0.0351336
1111 0.0350973
1112 0.0350973
1113 0.0343714
1114 0.0343714
1115 0.0343714
1116 0.0343714
1117 0.0343714
1118 0.0343714
1119 0.0343714
1120 0.0343714
1121 0.0339358
1122 0.0339358
1123 0.0339358
1124 0.0339358
1125 0.0339358
1126 0.0339358
1127 0.0339358
1128 0.0339358
1129 0.0332462
1130 0.0332462
1131 0.0332462
1132 0.0332462
1133 0.0332462
1134 0.0332462
1135 0.0332462
1136 0.0332462
1137 0.0327381
1138 0.0327381
1139 0.0327381
1140 0.0327381
1141 0.0327381
1142 0.0327381
1143 0.0326655
1144 0.0326655
1145 0.0320848
1146 0.0320848
1147 0.0320848
1148 0.0320848
1149 0.0320848
1150 0.0320848
1151 0.0320848
1152 0.0320848
1153 0.0314678
1154 0.0314678
1155 0.0314678
1156 0.0314678
1157 0.0314678
1158 0.0314678
1159 0.0314678
1160 0.0314678
1161 0.0308871
1162 0.0308871
1163 0.0308871
1164 0.0308871
1165 0.0308871
1166 0.0308871
1167 0.0308508
1168 0.0308508
1169 0.0301974
1170 0.0301974
1171 0.0301974
1172 0.0301974
1173 0.0301974
1174 0.0301974
1175 0.0301974
1176 0.0301974
1177 0.0297256
1178 0.0297256
1179 0.0297256
1180 0.0297256
1181 0.0297256
1182 0.0297256
1183 0.0296893
1184 0.0296893
1185 0.0291449
1186 0.0291449
1187 0.0291449
1188 0.0291449
1189 0.0291449
1190 0.0291449
1191 0.0291449
1192 0.0291449
1193 0.0287819
1194 0.0287819
1195 0.0287819
1196 0.0287819
1197 0.0287819
1198 0.0287819
1199 0.0287819
1200 0.0287819
1201 0.0281286
1202 0.0281286
1203 0.0281286
1204 0.0281286
1205 0.0281286
1206 0.0281286
1207 0.0281286
1208 0.0281286
1209 0.0276931
1210 0.0276931
1211 0.0276931
1212 0.0276931
1213 0.0276931
1214 0.0276931
1215 0.0276568
1216 0.0276568
1217 0.0270761
1218 0.0270761
1219 0.0270761
1220 0.0270761
1221 0.0270761
1222 0.0270761
1223 0.0270761
1224 0.0270761
1225 0.0266405
1226 0.0266405
1227 0.0266405
1228 0.0266405
1229 0.0266405
1230 0.0266405
1231 0.0266405
1232 0.0266405
1233 0.0260961
1234 0.0260961
1235 0.0260961
1236 0.0260961
1237 0.0260961
1238 0.0260961
1239 0.0260961
1240 0.0260961
1241 0.0256243
1242 0.0256243
1243 0.0256243
1244 0.0256243
1245 0.0256243
1246 0.0256243
1247 0.0256243
1248 0.0256243
1249 0.0250073
1250 0.0250073
1251 0.0250073
1252 0.0250073
1253 0.0250073
1254 0.0250073
1255 0.0250073
1256 0.0250073
1257 0.0244991
1258 0.0244991
1259 0.0244991
1260 0.0244991
1261 0.0244991
1262 0.0244991
1263 0.0244991
1264 0.0244991
1265 0.0241725
1266 0.0241725
1267 0.0241725
1268 0.0241725
1269 0.0241725
1270 0.0241725
1271 0.0241362
1272 0.0241362
1273 0.0239184
1274 0.0239184
1275 0.0239184
1276 0.0239184
1277 0.0239184
1278 0.0239184
1279 0.0239184
1280 0.0239184
1281 0.0234829
1282 0.0234829
1283 0.0234829
1284 0.0234829
1285 0.0234829
1286 0.0234829
1287 0.0234466
1288 0.0234466
1289 0.0230473
1290 0.0230473
1291 0.0230473
1292 0.0230473
1293 0.0230473
1294 0.0230473
1295 0.0230473
1296 0.0230473
1297 0.0225755
1298 0.0225755
1299 0.0225755
1300 0.0225755
1301 0.0225755
1302 0.0225755
1303 0.0225392
1304 0.0225392
1305 0.021777
1306 0.021777
1307 0.021777
1308 0.021777
1309 0.021777
1310 0.021777
1311 0.021777
1312 0.021777
1313 0.0213052
1314 0.0213052
1315 0.0213052
1316 0.0213052
1317 0.0213052
1318 0.0213052
1319 0.0213052
1320 0.0213052
1321 0.0209059
1322 0.0209059
1323 0.0209059
1324 0.0209059
1325 0.0209059
1326 0.0209059
1327 0.0208696
1328 0.0208696
1329 0.0206882
1330 0.0206882
1331 0.0206882
1332 0.0206882
1333 0.0206882
1334 0.0206882
1335 0.0205793
1336 0.0205793
1337 0.02018
1338 0.02018
1339 0.02018
1340 0.02018
1341 0.02018
1342 0.02018
1343 0.02018
1344 0.02018
1345 0.0195993
1346 0.0195993
1347 0.0195993
1348 0.0195993
1349 0.0195993
1350 0.0195993
1351 0.019563
1352 0.019563
1353 0.0192726
1354 0.0192726
1355 0.0192726
1356 0.0192726
1357 0.0192726
1358 0.0192726
1359 0.0192364
1360 0.0192364
1361 0.0188371
1362 0.0188371
1363 0.0188371
1364 0.0188371
1365 0.0188371
1366 0.0188371
1367 0.0188008
1368 0.0188008
1369 0.0185467
1370 0.0185467
1371 0.0185467
1372 0.0185467
1373 0.0185467
1374 0.0185467
1375 0.0185467
1376 0.0185467
1377 0.0183653
1378 0.0183653
1379 0.0183653
1380 0.0183653
1381 0.0183653
1382 0.0183653
1383 0.0183653
1384 0.0183653
1385 0.0180386
1386 0.0180386
1387 0.0180386
1388 0.0180386
1389 0.0180386
1390 0.0180386
1391 0.0180386
1392 0.0180386
1393 0.017712
1394 0.017712
1395 0.017712
1396 0.017712
1397 0.017712
1398 0.017712
1399 0.017712
1400 0.017712
1401 0.0173853
1402 0.0173853
1403 0.0173853
1404 0.0173853
1405 0.0173853
1406 0.0173853
1407 0.0173853
1408 0.0173853
1409 0.0170949
1410 0.0170949
1411 0.0170949
1412 0.0170949
1413 0.0170949
1414 0.0170949
1415 0.0170949
1416 0.0170949
1417 0.0168772
1418 0.0168772
1419 0.0168772
1420 0.0168772
1421 0.0168772
1422 0.0168772
1423 0.0168772
1424 0.0168772
1425 0.0164779
1426 0.0164779
1427 0.0164779
1428 0.0164779
1429 0.0164779
1430 0.0164779
1431 0.0164053
1432 0.0164053
1433 0.0162239
1434 0.0162239
1435 0.0162239
1436 0.0162239
1437 0.0162239
1438 0.0162239
1439 0.0162239
1440 0.0162239
1441 0.016115
1442 0.016115
1443 0.016115
1444 0.016115
1445 0.016115
1446 0.016115
1447 0.016115
1448 0.016115
1449 0.0158972
1450 0.0158972
1451 0.0158972
1452 0.0158972
1453 0.0158972
1454 0.0158972
1455 0.0158972
1456 0.0158972
1457 0.015498
1458 0.015498
1459 0.015498
1460 0.015498
1461 0.015498
1462 0.015498
1463 0.015498
1464 0.015498
1465 0.0152439
1466 0.0152439
1467 0.0152439
1468 0.0152439
1469 0.0152439
1470 0.0152439
1471 0.0152076
1472 0.0152076
1473 0.0149898
1474 0.0149898
1475 0.0149898
1476 0.0149898
1477 0.0149898
1478 0.0149898
1479 0.0149898
1480 0.0149898
1481 0.0148447
1482 0.0148447
1483 0.0148447
1484 0.0148447
1485 0.0148447
1486 0.0148447
1487 0.0148447
1488 0.0148447
1489 0.0146995
1490 0.0146995
1491 0.0146995
1492 0.0146995
1493 0.0146995
1494 0.0146995
1495 0.0146995
1496 0.0146995
1497 0.0144454
1498 0.0144454
1499 0.0144454
1500 0.0144454
1501 0.0144454
1502 0.0144454
1503 0.0144454
1504 0.0144454
1505 0.0140825
1506 0.0140825
1507 0.0140825
1508 0.0140825
1509 0.0140825
1510 0.0140825
1511 0.0140825
1512 0.0140825
1513 0.0136832
1514 0.0136832
1515 0.0136832
1516 0.0136832
1517 0.0136832
1518 0.0136832
1519 0.0136832
1520 0.0136832
1521 0.0131751
1522 0.0131751
1523 0.0131751
1524 0.0131751
1525 0.0131751
1526 0.0131751
1527 0.0131388
1528 0.0131388
1529 0.0127758
1530 0.0127758
1531 0.0127758
1532 0.0127758
1533 0.0127758
1534 0.0127758
1535 0.0127758
1536 0.0127758
1537 0.0125944
1538 0.0125944
1539 0.0125944
1540 0.0125944
1541 0.0125944
1542 0.0125944
1543 0.0125581
1544 0.0125581
1545 0.0124129
1546 0.0124129
1547 0.0124129
1548 0.0124129
1549 0.0124129
1550 0.0124129
1551 0.0124129
1552 0.0124129
1553 0.0121588
1554 0.0121588
1555 0.0121588
1556 0.0121588
1557 0.0121588
1558 0.0121588
1559 0.0121588
1560 0.0121588
1561 0.0118322
1562 0.0118322
1563 0.0118322
1564 0.0118322
1565 0.0118322
1566 0.0118322
1567 0.0118322
1568 0.0118322
1569 0.0117596
1570 0.0117596
1571 0.0117596
1572 0.0117596
1573 0.0117596
1574 0.0117596
1575 0.0117596
1576 0.0117596
1577 0.0113966
1578 0.0113966
1579 0.0113966
1580 0.0113966
1581 0.0113966
1582 0.0113966
1583 0.0113966
1584 0.0113966
1585 0.0110337
1586 0.0110337
1587 0.0110337
1588 0.0110337
1589 0.0110337
1590 0.0110337
1591 0.0110337
1592 0.0110337
1593 0.0108159
1594 0.0108159
1595 0.0108159
1596 0.0108159
1597 0.0108159
1598 0.0108159
1599 0.0108159
1600 0.0108159
1601 0.0105618
1602 0.0105618
1603 0.0105618
1604 0.0105618
1605 0.0105618
1606 0.0105618
1607 0.0105618
1608 0.0105618
1609 0.0103804
1610 0.0103804
1611 0.0103804
1612 0.0103804
1613 0.0103804
1614 0.0103804
1615 0.0103804
1616 0.0103804
1617 0.0102352
1618 0.0102352
1619 0.0102352
1620 0.0102352
1621 0.0102352
1622 0.0102352
1623 0.0102352
1624 0.0102352
1625 0.0100174
1626 0.0100174
1627 0.0100174
1628 0.0100174
1629 0.0100174
1630 0.0100174
1631 0.00998113
1632 0.00998113
1633 0.00983595
1634 0.00983595
1635 0.00983595
1636 0.00983595
1637 0.00983595
1638 0.00983595
1639 0.00983595
1640 0.00983595
1641 0.00961818
1642 0.00961818
1643 0.00961818
1644 0.00961818
1645 0.00961818
1646 0.00961818
1647 0.00961818
1648 0.00961818
1649 0.009473
1650 0.009473
1651 0.009473
1652 0.009473
1653 0.009473
1654 0.009473
1655 0.009473
1656 0.009473
1657 0.0094367
1658 0.0094367
1659 0.0094367
1660 0.0094367
1661 0.0094367
1662 0.0094367
1663 0.0094367
1664 0.0094367
1665 0.00932782
1666 0.00932782
1667 0.00932782
1668 0.00932782
1669 0.00932782
1670 0.00932782
1671 0.00929152
1672 0.00929152
1673 0.00914634
1674 0.00914634
1675 0.00914634
1676 0.00914634
1677 0.00914634
1678 0.00914634
1679 0.00914634
1680 0.00914634
1681 0.00896487
1682 0.00896487
1683 0.00896487
1684 0.00896487
1685 0.00896487
1686 0.00896487
1687 0.00896487
1688 0.00896487
1689 0.00878339
1690 0.00878339
1691 0.00878339
1692 0.00878339
1693 0.00878339
1694 0.00878339
1695 0.00878339
1696 0.00878339
1697 0.00852933
1698 0.00852933
1699 0.00852933
1700 0.00852933
1701 0.00852933
1702 0.00852933
1703 0.00852933
1704 0.00852933
1705 0.00852933
1706 0.00852933
1707 0.00852933
1708 0.00852933
1709 0.00852933
1710 0.00852933
1711 0.00852933
1712 0.00852933
1713 0.00827526
1714 0.00827526
1715 0.00827526
1716 0.00827526
1717 0.00827526
1718 0.00827526
1719 0.00827526
1720 0.00827526
1721 0.00809379
1722 0.00809379
1723 0.00809379
1724 0.00809379
1725 0.00809379
1726 0.00809379
1727 0.00809379
1728 0.00809379
1729 0.0080212
1730 0.0080212
1731 0.0080212
1732 0.0080212
1733 0.0080212
1734 0.0080212
1735 0.0079849
1736 0.0079849
1737 0.00780343
1738 0.00780343
1739 0.00780343
1740 0.00780343
1741 0.00780343
1742 0.00780343
1743 0.00780343
1744 0.00780343
1745 0.00754936
1746 0.00754936
1747 0.00754936
1748 0.00754936
1749 0.00754936
1750 0.00754936
1751 0.00754936
1752 0.00754936
1753 0.00744048
1754 0.00744048
1755 0.00744048
1756 0.00744048
1757 0.00744048
1758 0.00744048
1759 0.00740418
1760 0.00740418
1761 0.0072953
1762 0.0072953
1763 0.0072953
1764 0.0072953
1765 0.0072953
1766 0.0072953
1767 0.0072953
1768 0.0072953
1769 0.00711382
1770 0.00711382
1771 0.00711382
1772 0.00711382
1773 0.00711382
1774 0.00711382
1775 0.00711382
1776 0.00711382
1777 0.00685976
1778 0.00685976
1779 0.00685976
1780 0.00685976
1781 0.00685976
1782 0.00685976
1783 0.00685976
1784 0.00685976
1785 0.00675087
1786 0.00675087
1787 0.00675087
1788 0.00675087
1789 0.00675087
1790 0.00675087
1791 0.00671458
1792 0.00671458
1793 0.00649681
1794 0.00649681
1795 0.00649681
1796 0.00649681
1797 0.00649681
1798 0.00649681
1799 0.00649681
1800 0.00649681
1801 0.00627904
1802 0.00627904
1803 0.00627904
1804 0.00627904
1805 0.00627904
1806 0.00627904
1807 0.00627904
1808 0.00627904
1809 0.00620645
1810 0.00620645
1811 0.00620645
1812 0.00620645
1813 0.00620645
1814 0.00620645
1815 0.00620645
1816 0.00620645
1817 0.00609756
1818 0.00609756
1819 0.00609756
1820 0.00609756
1821 0.00609756
1822 0.00609756
1823 0.00609756
1824 0.00609756
1825 0.00595238
1826 0.00595238
1827 0.00595238
1828 0.00595238
1829 0.00595238
1830 0.00595238
1831 0.00595238
1832 0.00595238
1833 0.00577091
1834 0.00577091
1835 0.00577091
1836 0.00577091
1837 0.00577091
1838 0.00577091
1839 0.00577091
1840 0.00577091
1841 0.00566202
1842 0.00566202
1843 0.00566202
1844 0.00566202
1845 0.00566202
1846 0.00566202
1847 0.00566202
1848 0.00566202
1849 0.00558943
1850 0.00558943
1851 0.00558943
1852 0.00558943
1853 0.00558943
1854 0.00558943
1855 0.00558943
1856 0.00558943
1857 0.00548055
1858 0.00548055
1859 0.00548055
1860 0.00548055
1861 0.00548055
1862 0.00548055
1863 0.00548055
1864 0.00548055
1865 0.00537166
1866 0.00537166
1867 0.00537166
1868 0.00537166
1869 0.00537166
1870 0.00537166
1871 0.00537166
1872 0.00537166
1873 0.00533537
1874 0.00533537
1875 0.00533537
1876 0.00533537
1877 0.00533537
1878 0.00533537
1879 0.00533537
1880 0.00533537
1881 0.00522648
1882 0.00522648
1883 0.00522648
1884 0.00522648
1885 0.00522648
1886 0.00522648
1887 0.00522648
1888 0.00522648
1889 0.00515389
1890 0.00515389
1891 0.00515389
1892 0.00515389
1893 0.00515389
1894 0.00515389
1895 0.0051176
1896 0.0051176
1897 0.00497242
1898 0.00497242
1899 0.00497242
1900 0.00497242
1901 0.00497242
1902 0.00497242
1903 0.00497242
1904 0.00497242
1905 0.00482724
1906 0.00482724
1907 0.00482724
1908 0.00482724
1909 0.00482724
1910 0.00482724
1911 0.00482724
1912 0.00482724
1913 0.00479094
1914 0.00479094
1915 0.00479094
1916 0.00479094
1917 0.00479094
1918 0.00479094
1919 0.00479094
1920 0.00479094
1921 0.00471835
1922 0.00471835
1923 0.00471835
1924 0.00471835
1925 0.00471835
1926 0.00471835
1927 0.00471835
1928 0.00471835
1929 0.00460947
1930 0.00460947
1931 0.00460947
1932 0.00460947
1933 0.00460947
1934 0.00460947
1935 0.00460947
1936 0.00460947
1937 0.00453688
1938 0.00453688
1939 0.00453688
1940 0.00453688
1941 0.00453688
1942 0.00453688
1943 0.00453688
1944 0.00453688
1945 0.00450058
1946 0.00450058
1947 0.00450058
1948 0.00450058
1949 0.00450058
1950 0.00450058
1951 0.00450058
1952 0.00450058
1953 0.00446429
1954 0.00446429
1955 0.00446429
1956 0.00446429
1957 0.00446429
1958 0.00446429
1959 0.00446429
1960 0.00446429
1961 0.0043554
1962 0.0043554
1963 0.0043554
1964 0.0043554
1965 0.0043554
1966 0.0043554
1967 0.00431911
1968 0.00431911
1969 0.00424652
1970 0.00424652
1971 0.00424652
1972 0.00424652
1973 0.00424652
1974 0.00424652
1975 0.00424652
1976 0.00424652
1977 0.00417393
1978 0.00417393
1979 0.00417393
1980 0.00417393
1981 0.00417393
1982 0.00417393
1983 0.00417393
1984 0.00417393
1985 0.00410134
1986 0.00410134
1987 0.00410134
1988 0.00410134
1989 0.00410134
1990 0.00410134
1991 0.00410134
1992 0.00410134
1993 0.00410134
1994 0.00410134
1995 0.00410134
1996 0.00410134
1997 0.00410134
1998 0.00410134
1999 0.00410134
2000 0.00410134
2001 0.00391986
2002 0.00391986
2003 0.00391986
2004 0.00391986
2005 0.00391986
2006 0.00391986
2007 0.00391986
2008 0.00391986
2009 0.00381098
2010 0.00381098
2011 0.00381098
2012 0.00381098
2013 0.00381098
2014 0.00381098
2015 0.00381098
2016 0.00381098
2017 0.00381098
2018 0.00381098
2019 0.00381098
2020 0.00381098
2021 0.00381098
2022 0.00381098
2023 0.00381098
2024 0.00381098
2025 0.0036658
2026 0.0036658
2027 0.0036658
2028 0.0036658
2029 0.0036658
2030 0.0036658
2031 0.0036658
2032 0.0036658
2033 0.0036658
2034 0.0036658
2035 0.0036658
2036 0.0036658
2037 0.0036658
2038 0.0036658
2039 0.0036658
2040 0.0036658
2041 0.0036658
2042 0.0036658
2043 0.0036658
2044 0.0036658
2045 0.0036658
2046 0.0036658
2047 0.0036658
2048 0.0036658
2049 0.0036658
2050 0.0036658
2051 0.0036658
2052 0.0036658
2053 0.0036658
2054 0.0036658
2055 0.0036658
2056 0.0036658
2057 0.00359321
2058 0.00359321
2059 0.00359321
2060 0.00359321
2061 0.00359321
2062 0.00359321
2063 0.00359321
2064 0.00359321
2065 0.00348432
2066 0.00348432
2067 0.00348432
2068 0.00348432
2069 0.00348432
2070 0.00348432
2071 0.00348432
2072 0.00348432
2073 0.00348432
2074 0.00348432
2075 0.00348432
2076 0.00348432
2077 0.00348432
2078 0.00348432
2079 0.00348432
2080 0.00348432
2081 0.00337544
2082 0.00337544
2083 0.00337544
2084 0.00337544
2085 0.00337544
2086 0.00337544
2087 0.00337544
2088 0.00337544
2089 0.00330285
2090 0.00330285
2091 0.00330285
2092 0.00330285
2093 0.00330285
2094 0.00330285
2095 0.00330285
2096 0.00330285
2097 0.00323026
2098 0.00323026
2099 0.00323026
2100 0.00323026
2101 0.00323026
2102 0.00323026
2103 0.00323026
2104 0.00323026
2105 0.00315767
2106 0.00315767
2107 0.00315767
2108 0.00315767
2109 0.00315767
2110 0.00315767
2111 0.00315767
2112 0.00315767
2113 0.00315767
2114 0.00315767
2115 0.00315767
2116 0.00315767
2117 0.00315767
2118 0.00315767
2119 0.00315767
2120 0.00315767
2121 0.00308508
2122 0.00308508
2123 0.00308508
2124 0.00308508
2125 0.00308508
2126 0.00308508
2127 0.00308508
2128 0.00308508
2129 0.00308508
2130 0.00308508
2131 0.00308508
2132 0.00308508
2133 0.00308508
2134 0.00308508
2135 0.00308508
2136 0.00308508
2137 0.00304878
2138 0.00304878
2139 0.00304878
2140 0.00304878
2141 0.00304878
2142 0.00304878
2143 0.00304878
2144 0.00304878
2145 0.00297619
2146 0.00297619
2147 0.00297619
2148 0.00297619
2149 0.00297619
2150 0.00297619
2151 0.00297619
2152 0.00297619
2153 0.00297619
2154 0.00297619
2155 0.00297619
2156 0.00297619
2157 0.00297619
2158 0.00297619
2159 0.00297619
2160 0.00297619
2161 0.0029036
2162 0.0029036
2163 0.0029036
2164 0.0029036
2165 0.0029036
2166 0.0029036
2167 0.0029036
2168 0.0029036
2169 0.0029036
2170 0.0029036
2171 0.0029036
2172 0.0029036
2173 0.0029036
2174 0.0029036
2175 0.0029036
2176 0.0029036
2177 0.0029036
2178 0.0029036
2179 0.0029036
2180 0.0029036
2181 0.0029036
2182 0.0029036
2183 0.0029036
2184 0.0029036
2185 0.00283101
2186 0.00283101
2187 0.00283101
2188 0.00283101
2189 0.00283101
2190 0.00283101
2191 0.00283101
2192 0.00283101
2193 0.00279472
2194 0.00279472
2195 0.00279472
2196 0.00279472
2197 0.00279472
2198 0.00279472
2199 0.00279472
2200 0.00279472
2201 0.00272213
2202 0.00272213
2203 0.00272213
2204 0.00272213
2205 0.00272213
2206 0.00272213
2207 0.00272213
2208 0.00272213
2209 0.00264954
2210 0.00264954
2211 0.00264954
2212 0.00264954
2213 0.00264954
2214 0.00264954
2215 0.00264954
2216 0.00264954
2217 0.00264954
2218 0.00264954
2219 0.00264954
2220 0.00264954
2221 0.00264954
2222 0.00264954
2223 0.00264954
2224 0.00264954
2225 0.00257695
2226 0.00257695
2227 0.00257695
2228 0.00257695
2229 0.00257695
2230 0.00257695
2231 0.00257695
2232 0.00257695
2233 0.00254065
2234 0.00254065
2235 0.00254065
2236 0.00254065
2237 0.00254065
2238 0.00254065
2239 0.00250436
2240 0.00250436
2241 0.00243177
2242 0.00243177
2243 0.00243177
2244 0.00243177
2245 0.00243177
2246 0.00243177
2247 0.00243177
2248 0.00243177
2249 0.00235918
2250 0.00235918
2251 0.00235918
2252 0.00235918
2253 0.00235918
2254 0.00235918
2255 0.00235918
2256 0.00235918
2257 0.00235918
2258 0.00235918
2259 0.00235918
2260 0.00235918
2261 0.00235918
2262 0.00235918
2263 0.00235918
2264 0.00235918
2265 0.00228659
2266 0.00228659
2267 0.00228659
2268 0.00228659
2269 0.00228659
2270 0.00228659
2271 0.00228659
2272 0.00228659
2273 0.00225029
2274 0.00225029
2275 0.00225029
2276 0.00225029
2277 0.00225029
2278 0.00225029
2279 0.00225029
2280 0.00225029
2281 0.0021777
2282 0.0021777
2283 0.0021777
2284 0.0021777
2285 0.0021777
2286 0.0021777
2287 0.0021777
2288 0.0021777
2289 0.0021777
2290 0.0021777
2291 0.0021777
2292 0.0021777
2293 0.0021777
2294 0.0021777
2295 0.0021777
2296 0.0021777
2297 0.00203252
2298 0.00203252
2299 0.00203252
2300 0.00203252
2301 0.00203252
2302 0.00203252
2303 0.00203252
2304 0.00203252
2305 0.00203252
2306 0.00203252
2307 0.00203252
2308 0.00203252
2309 0.00203252
2310 0.00203252
2311 0.00203252
2312 0.00203252
2313 0.00199623
2314 0.00199623
2315 0.00199623
2316 0.00199623
2317 0.00199623
2318 0.00199623
2319 0.00199623
2320 0.00199623
2321 0.00192364
2322 0.00192364
2323 0.00192364
2324 0.00192364
2325 0.00192364
2326 0.00192364
2327 0.00192364
2328 0.00192364
2329 0.00188734
2330 0.00188734
2331 0.00188734
2332 0.00188734
2333 0.00188734
2334 0.00188734
2335 0.00188734
2336 0.00188734
2337 0.00188734
2338 0.00188734
2339 0.00188734
2340 0.00188734
2341 0.00188734
2342 0.00188734
2343 0.00188734
2344 0.00188734
2345 0.00185105
2346 0.00185105
2347 0.00185105
2348 0.00185105
2349 0.00185105
2350 0.00185105
2351 0.00185105
2352 0.00185105
2353 0.00185105
2354 0.00185105
2355 0.00185105
2356 0.00185105
2357 0.00185105
2358 0.00185105
2359 0.00185105
2360 0.00185105
2361 0.00177846
2362 0.00177846
2363 0.00177846
2364 0.00177846
2365 0.00177846
2366 0.00177846
2367 0.00177846
2368 0.00177846
2369 0.00177846
2370 0.00177846
2371 0.00177846
2372 0.00177846
2373 0.00177846
2374 0.00177846
2375 0.00177846
2376 0.00177846
2377 0.00177846
2378 0.00177846
2379 0.00177846
2380 0.00177846
2381 0.00177846
2382 0.00177846
2383 0.00177846
2384 0.00177846
2385 0.00174216
2386 0.00174216
2387 0.00174216
2388 0.00174216
2389 0.00174216
2390 0.00174216
2391 0.00174216
2392 0.00174216
2393 0.00174216
2394 0.00174216
2395 0.00174216
2396 0.00174216
2397 0.00174216
2398 0.00174216
2399 0.00174216
2400 0.00174216
2401 0.00174216
2402 0.00174216
2403 0.00174216
2404 0.00174216
2405 0.00174216
2406 0.00174216
2407 0.00174216
2408 0.00174216
2409 0.00174216
2410 0.00174216
2411 0.00174216
2412 0.00174216
2413 0.00174216
2414 0.00174216
2415 0.00174216
2416 0.00174216
2417 0.00166957
2418 0.00166957
2419 0.00166957
2420 0.00166957
2421 0.00166957
2422 0.00166957
2423 0.00166957
2424 0.00166957
2425 0.00166957
2426 0.00166957
2427 0.00166957
2428 0.00166957
2429 0.00166957
2430 0.00166957
2431 0.00166957
2432 0.00166957
2433 0.00166957
2434 0.00166957
2435 0.00166957
2436 0.00166957
2437 0.00166957
2438 0.00166957
2439 0.00166957
2440 0.00166957
2441 0.00166957
2442 0.00166957
2443 0.00166957
2444 0.00166957
2445 0.00166957
2446 0.00166957
2447 0.00166957
2448 0.00166957
2449 0.00166957
2450 0.00166957
2451 0.00166957
2452 0.00166957
2453 0.00166957
2454 0.00166957
2455 0.00166957
2456 0.00166957
2457 0.00163328
2458 0.00163328
2459 0.00163328
2460 0.00163328
2461 0.00163328
2462 0.00163328
2463 0.00163328
2464 0.00163328
2465 0.00163328
2466 0.00163328
2467 0.00163328
2468 0.00163328
2469 0.00163328
2470 0.00163328
2471 0.00163328
2472 0.00163328
2473 0.00163328
2474 0.00163328
2475 0.00163328
2476 0.00163328
2477 0.00163328
2478 0.00163328
2479 0.00163328
2480 0.00163328
2481 0.00163328
2482 0.00163328
2483 0.00163328
2484 0.00163328
2485 0.00163328
2486 0.00163328
2487 0.00163328
2488 0.00163328
2489 0.00159698
2490 0.00159698
2491 0.00159698
2492 0.00159698
2493 0.00159698
2494 0.00159698
2495 0.00159698
2496 0.00159698
2497 0.00156069
2498 0.00156069
2499 0.00156069
2500 0.00156069
2501 0.00156069
2502 0.00156069
2503 0.00156069
2504 0.00156069
2505 0.00156069
2506 0.00156069
2507 0.00156069
2508 0.00156069
2509 0.00156069
2510 0.00156069
2511 0.00156069
2512 0.00156069
2513 0.00156069
2514 0.00156069
2515 0.00156069
2516 0.00156069
2517 0.00156069
2518 0.00156069
2519 0.00152439
2520 0.00152439
2521 0.0014518
2522 0.0014518
2523 0.0014518
2524 0.0014518
2525 0.0014518
2526 0.0014518
2527 0.0014518
2528 0.0014518
2529 0.00141551
2530 0.00141551
2531 0.00141551
2532 0.00141551
2533 0.00141551
2534 0.00141551
2535 0.00141551
2536 0.00141551
2537 0.00130662
2538 0.00130662
2539 0.00130662
2540 0.00130662
2541 0.00130662
2542 0.00130662
2543 0.00130662
2544 0.00130662
2545 0.00130662
2546 0.00130662
2547 0.00130662
2548 0.00130662
2549 0.00130662
2550 0.00130662
2551 0.00130662
2552 0.00130662
2553 0.00119774
2554 0.00119774
2555 0.00119774
2556 0.00119774
2557 0.00119774
2558 0.00119774
2559 0.00119774
2560 0.00119774
2561 0.00119774
2562 0.00119774
2563 0.00119774
2564 0.00119774
2565 0.00119774
2566 0.00119774
2567 0.00119774
2568 0.00119774
2569 0.00119774
2570 0.00119774
2571 0.00119774
2572 0.00119774
2573 0.00119774
2574 0.00119774
2575 0.00119774
2576 0.00119774
2577 0.00112515
2578 0.00112515
2579 0.00112515
2580 0.00112515
2581 0.00112515
2582 0.00112515
2583 0.00112515
2584 0.00112515
2585 0.00108885
2586 0.00108885
2587 0.00108885
2588 0.00108885
2589 0.00108885
2590 0.00108885
2591 0.00108885
2592 0.00108885
2593 0.00108885
2594 0.00108885
2595 0.00108885
2596 0.00108885
2597 0.00108885
2598 0.00108885
2599 0.00108885
2600 0.00108885
2601 0.00105256
2602 0.00105256
2603 0.00105256
2604 0.00105256
2605 0.00105256
2606 0.00105256
2607 0.00105256
2608 0.00105256
2609 0.00101626
2610 0.00101626
2611 0.00101626
2612 0.00101626
2613 0.00101626
2614 0.00101626
2615 0.00101626
2616 0.00101626
2617 0.00094367
2618 0.00094367
2619 0.00094367
2620 0.00094367
2621 0.00094367
2622 0.00094367
2623 0.00094367
2624 0.00094367
2625 0.00087108
2626 0.00087108
2627 0.00087108
2628 0.00087108
2629 0.00087108
2630 0.00087108
2631 0.00087108
2632 0.00087108
2633 0.000834785
2634 0.000834785
2635 0.000834785
2636 0.000834785
2637 0.000834785
2638 0.000834785
2639 0.000834785
2640 0.000834785
2641 0.00079849
2642 0.00079849
2643 0.00079849
2644 0.00079849
2645 0.00079849
2646 0.00079849
2647 0.00079849
2648 0.00079849
2649 0.00079849
2650 0.00079849
2651 0.00079849
2652 0.00079849
2653 0.00079849
2654 0.00079849
2655 0.00079849
2656 0.00079849
2657 0.00079849
2658 0.00079849
2659 0.00079849
2660 0.00079849
2661 0.00079849
2662 0.00079849
2663 0.00079849
2664 0.00079849
2665 0.00079849
2666 0.00079849
2667 0.00079849
2668 0.00079849
2669 0.00079849
2670 0.00079849
2671 0.00079849
2672 0.00079849
2673 0.000762195
2674 0.000762195
2675 0.000762195
2676 0.000762195
2677 0.000762195
2678 0.000762195
2679 0.000762195
2680 0.000762195
2681 0.000762195
2682 0.000762195
2683 0.000762195
2684 0.000762195
2685 0.000762195
2686 0.000762195
2687 0.000762195
2688 0.000762195
2689 0.000762195
2690 0.000762195
2691 0.000762195
2692 0.000762195
2693 0.000762195
2694 0.000762195
2695 0.000762195
2696 0.000762195
2697 0.000762195
2698 0.000762195
2699 0.000762195
2700 0.000762195
2701 0.000762195
2702 0.000762195
2703 0.000762195
2704 0.000762195
2705 0.0007259
2706 0.0007259
2707 0.0007259
2708 0.0007259
2709 0.0007259
2710 0.0007259
2711 0.0007259
2712 0.0007259
2713 0.0007259
2714 0.0007259
2715 0.0007259
2716 0.0007259
2717 0.0007259
2718 0.0007259
2719 0.0007259
2720 0.0007259
2721 0.0007259
2722 0.0007259
2723 0.0007259
2724 0.0007259
2725 0.0007259
2726 0.0007259
2727 0.0007259
2728 0.0007259
2729 0.0007259
2730 0.0007259
2731 0.0007259
2732 0.0007259
2733 0.0007259
2734 0.0007259
2735 0.0007259
2736 0.0007259
2737 0.0007259
2738 0.0007259
2739 0.0007259
2740 0.0007259
2741 0.0007259
2742 0.0007259
2743 0.0007259
2744 0.0007259
2745 0.0007259
2746 0.0007259
2747 0.0007259
2748 0.0007259
2749 0.0007259
2750 0.0007259
2751 0.0007259
2752 0.0007259
2753 0.0007259
2754 0.0007259
2755 0.0007259
2756 0.0007259
2757 0.0007259
2758 0.0007259
2759 0.0007259
2760 0.0007259
2761 0.0007259
2762 0.0007259
2763 0.0007259
2764 0.0007259
2765 0.0007259
2766 0.0007259
2767 0.0007259
2768 0.0007259
2769 0.0007259
2770 0.0007259
2771 0.0007259
2772 0.0007259
2773 0.0007259
2774 0.0007259
2775 0.0007259
2776 0.0007259
2777 0.0007259
2778 0.0007259
2779 0.0007259
2780 0.0007259
2781 0.0007259
2782 0.0007259
2783 0.0007259
2784 0.0007259
2785 0.0007259
2786 0.0007259
2787 0.0007259
2788 0.0007259
2789 0.0007259
2790 0.0007259
2791 0.0007259
2792 0.0007259
2793 0.000689605
2794 0.000689605
2795 0.000689605
2796 0.000689605
2797 0.000689605
2798 0.000689605
2799 0.000689605
2800 0.000689605
2801 0.000689605
2802 0.000689605
2803 0.000689605
2804 0.000689605
2805 0.000689605
2806 0.000689605
2807 0.000689605
2808 0.000689605
2809 0.000689605
2810 0.000689605
2811 0.000689605
2812 0.000689605
2813 0.000689605
2814 0.000689605
2815 0.000689605
2816 0.000689605
2817 0.000689605
2818 0.000689605
2819 0.000689605
2820 0.000689605
2821 0.000689605
2822 0.000689605
2823 0.000689605
2824 0.000689605
2825 0.00065331
2826 0.00065331
2827 0.00065331
2828 0.00065331
2829 0.00065331
2830 0.00065331
2831 0.00065331
2832 0.00065331
2833 0.00058072
2834 0.00058072
2835 0.00058072
2836 0.00058072
2837 0.00058072
2838 0.00058072
2839 0.00058072
2840 0.00058072
2841 0.000544425
2842 0.000544425
2843 0.000544425
2844 0.000544425
2845 0.000544425
2846 0.000544425
2847 0.000544425
2848 0.000544425
2849 0.000544425
2850 0.000544425
2851 0.000544425
2852 0.000544425
2853 0.000544425
2854 0.000544425
2855 0.000544425
2856 0.000544425
2857 0.000544425
2858 0.000544425
2859 0.000544425
2860 0.000544425
2861 0.000544425
2862 0.000544425
2863 0.000544425
2864 0.000544425
2865 0.000544425
2866 0.000544425
2867 0.000544425
2868 0.000544425
2869 0.000544425
2870 0.000544425
2871 0.000544425
2872 0.000544425
2873 0.000544425
2874 0.000544425
2875 0.000544425
2876 0.000544425
2877 0.000544425
2878 0.000544425
2879 0.000544425
2880 0.000544425
2881 0.000544425
2882 0.000544425
2883 0.000544425
2884 0.000544425
2885 0.000544425
2886 0.000544425
2887 0.000544425
2888 0.000544425
2889 0.00050813
2890 0.00050813
2891 0.00050813
2892 0.00050813
2893 0.00050813
2894 0.00050813
2895 0.00050813
2896 0.00050813
2897 0.00050813
2898 0.00050813
2899 0.00050813
2900 0.00050813
2901 0.00050813
2902 0.00050813
2903 0.00050813
2904 0.00050813
2905 0.00050813
2906 0.00050813
2907 0.00050813
2908 0.00050813
2909 0.00050813
2910 0.00050813
2911 0.00050813
2912 0.00050813
2913 0.00050813
2914 0.00050813
2915 0.00050813
2916 0.00050813
2917 0.00050813
2918 0.00050813
2919 0.00050813
2920 0.00050813
2921 0.000471835
2922 0.000471835
2923 0.000471835
2924 0.000471835
2925 0.000471835
2926 0.000471835
2927 0.00043554
2928 0.00043554
2929 0.00043554
2930 0.00043554
2931 0.00043554
2932 0.00043554
2933 0.00043554
2934 0.00043554
2935 0.00043554
2936 0.00043554
2937 0.00043554
2938 0.00043554
2939 0.00043554
2940 0.00043554
2941 0.00043554
2942 0.00043554
2943 0.00043554
2944 0.00043554
2945 0.00043554
2946 0.00043554
2947 0.00043554
2948 0.00043554
2949 0.00043554
2950 0.00043554
2951 0.00043554
2952 0.00043554
2953 0.00043554
2954 0.00043554
2955 0.00043554
2956 0.00043554
2957 0.00043554
2958 0.00043554
2959 0.00043554
2960 0.00043554
2961 0.00043554
2962 0.00043554
2963 0.00043554
2964 0.00043554
2965 0.00043554
2966 0.00043554
2967 0.00043554
2968 0.00043554
2969 0.00043554
2970 0.00043554
2971 0.00043554
2972 0.00043554
2973 0.00043554
2974 0.00043554
2975 0.00043554
2976 0.00043554
2977 0.000399245
2978 0.000399245
2979 0.000399245
2980 0.000399245
2981 0.000399245
2982 0.000399245
2983 0.000399245
2984 0.000399245
2985 0.00036295
2986 0.00036295
2987 0.00036295
2988 0.00036295
2989 0.00036295
2990 0.00036295
2991 0.00036295
2992 0.00036295
2993 0.00036295
2994 0.00036295
2995 0.00036295
2996 0.00036295
2997 0.00036295
2998 0.00036295
2999 0.00036295
3000 0.00036295
3001 0.00036295
3002 0.00036295
3003 0.00036295
3004 0.00036295
3005 0.00036295
3006 0.00036295
3007 0.00036295
3008 0.00036295
3009 0.00036295
3010 0.00036295
3011 0.00036295
3012 0.00036295
3013 0.00036295
3014 0.00036295
3015 0.00036295
3016 0.00036295
3017 0.00036295
3018 0.00036295
3019 0.00036295
3020 0.00036295
3021 0.00036295
3022 0.00036295
3023 0.00036295
3024 0.00036295
3025 0.00036295
3026 0.00036295
3027 0.00036295
3028 0.00036295
3029 0.00036295
3030 0.00036295
3031 0.00036295
3032 0.00036295
3033 0.00036295
3034 0.00036295
3035 0.00036295
3036 0.00036295
3037 0.00036295
3038 0.00036295
3039 0.00036295
3040 0.00036295
3041 0.00036295
3042 0.00036295
3043 0.00036295
3044 0.00036295
3045 0.00036295
3046 0.00036295
3047 0.00036295
3048 0.00036295
3049 0.00036295
3050 0.00036295
3051 0.00036295
3052 0.00036295
3053 0.00036295
3054 0.00036295
3055 0.00036295
3056 0.00036295
3057 0.00036295
3058 0.00036295
3059 0.00036295
3060 0.00036295
3061 0.00036295
3062 0.00036295
3063 0.00036295
3064 0.00036295
3065 0.00036295
3066 0.00036295
3067 0.00036295
3068 0.00036295
3069 0.00036295
3070 0.00036295
3071 0.00036295
3072 0.00036295
3073 0.00036295
3074 0.00036295
3075 0.00036295
3076 0.00036295
3077 0.00036295
3078 0.00036295
3079 0.00036295
3080 0.00036295
3081 0.00036295
3082 0.00036295
3083 0.00036295
3084 0.00036295
3085 0.00036295
3086 0.00036295
3087 0.00036295
3088 0.00036295
3089 0.00036295
3090 0.00036295
3091 0.00036295
3092 0.00036295
3093 0.00036295
3094 0.00036295
3095 0.00036295
3096 0.00036295
3097 0.00036295
3098 0.00036295
3099 0.00036295
3100 0.00036295
3101 0.00036295
3102 0.00036295
3103 0.00036295
3104 0.00036295
3105 0.00036295
3106 0.00036295
3107 0.00036295
3108 0.00036295
3109 0.00036295
3110 0.00036295
3111 0.00036295
3112 0.00036295
3113 0.00036295
3114 0.00036295
3115 0.00036295
3116 0.00036295
3117 0.00036295
3118 0.00036295
3119 0.00036295
3120 0.00036295
3121 0.00036295
3122 0.00036295
3123 0.00036295
3124 0.00036295
3125 0.00036295
3126 0.00036295
3127 0.00036295
3128 0.00036295
3129 0.00036295
3130 0.00036295
3131 0.00036295
3132 0.00036295
3133 0.00036295
3134 0.00036295
3135 0.00036295
3136 0.00036295
3137 0.00036295
3138 0.00036295
3139 0.00036295
3140 0.00036295
3141 0.00036295
3142 0.00036295
3143 0.00036295
3144 0.00036295
3145 0.00036295
3146 0.00036295
3147 0.00036295
3148 0.00036295
3149 0.00036295
3150 0.00036295
3151 0.00036295
3152 0.00036295
3153 0.00036295
3154 0.00036295
3155 0.00036295
3156 0.00036295
3157 0.00036295
3158 0.00036295
3159 0.00036295
3160 0.00036295
3161 0.00036295
3162 0.00036295
3163 0.00036295
3164 0.00036295
3165 0.00036295
3166 0.00036295
3167 0.00036295
3168 0.00036295
3169 0.00036295
3170 0.00036295
3171 0.00036295
3172 0.00036295
3173 0.00036295
3174 0.00036295
3175 0.00036295
3176 0.00036295
3177 0.000326655
3178 0.000326655
3179 0.000326655
3180 0.000326655
3181 0.000326655
3182 0.000326655
3183 0.000326655
3184 0.000326655
3185 0.000326655
3186 0.000326655
3187 0.000326655
3188 0.000326655
3189 0.000326655
3190 0.000326655
3191 0.000326655
3192 0.000326655
3193 0.000326655
3194 0.000326655
3195 0.000326655
3196 0.000326655
3197 0.000326655
3198 0.000326655
3199 0.000326655
3200 0.000326655
3201 0.000326655
3202 0.000326655
3203 0.000326655
3204 0.000326655
3205 0.000326655
3206 0.000326655
3207 0.000326655
3208 0.000326655
3209 0.000326655
3210 0.000326655
3211 0.000326655
3212 0.000326655
3213 0.000326655
3214 0.000326655
3215 0.000326655
3216 0.000326655
3217 0.000326655
3218 0.000326655
3219 0.000326655
3220 0.000326655
3221 0.000326655
3222 0.000326655
3223 0.000326655
3224 0.000326655
3225 0.000326655
3226 0.000326655
3227 0.000326655
3228 0.000326655
3229 0.000326655
3230 0.000326655
3231 0.000326655
3232 0.000326655
3233 0.000326655
3234 0.000326655
3235 0.000326655
3236 0.000326655
3237 0.000326655
3238 0.000326655
3239 0.000326655
3240 0.000326655
3241 0.000326655
3242 0.000326655
3243 0.000326655
3244 0.000326655
3245 0.000326655
3246 0.000326655
3247 0.000326655
3248 0.000326655
3249 0.000326655
3250 0.000326655
3251 0.000326655
3252 0.000326655
3253 0.000326655
3254 0.000326655
3255 0.000326655
3256 0.000326655
3257 0.000326655
3258 0.000326655
3259 0.000326655
3260 0.000326655
3261 0.000326655
3262 0.000326655
3263 0.000326655
3264 0.000326655
3265 0.000326655
3266 0.000326655
3267 0.000326655
3268 0.000326655
3269 0.000326655
3270 0.000326655
3271 0.000326655
3272 0.000326655
3273 0.00029036
3274 0.00029036
3275 0.00029036
3276 0.00029036
3277 0.00029036
3278 0.00029036
3279 0.00029036
3280 0.00029036
3281 0.00029036
3282 0.00029036
3283 0.00029036
3284 0.00029036
3285 0.00029036
3286 0.00029036
3287 0.00029036
3288 0.00029036
3289 0.00029036
3290 0.00029036
3291 0.00029036
3292 0.00029036
3293 0.00029036
3294 0.00029036
3295 0.00029036
3296 0.00029036
3297 0.00029036
3298 0.00029036
3299 0.00029036
3300 0.00029036
3301 0.00029036
3302 0.00029036
3303 0.00029036
3304 0.00029036
3305 0.00029036
3306 0.00029036
3307 0.00029036
3308 0.00029036
3309 0.00029036
3310 0.00029036
3311 0.00029036
3312 0.00029036
3313 0.000254065
3314 0.000254065
3315 0.000254065
3316 0.000254065
3317 0.000254065
3318 0.000254065
3319 0.000254065
3320 0.000254065
3321 0.000254065
3322 0.000254065
3323 0.000254065
3324 0.000254065
3325 0.000254065
3326 0.000254065
3327 0.000254065
3328 0.000254065
3329 0.000254065
3330 0.000254065
3331 0.000254065
3332 0.000254065
3333 0.000254065
3334 0.000254065
3335 0.000254065
3336 0.000254065
3337 0.000254065
3338 0.000254065
3339 0.000254065
3340 0.000254065
3341 0.000254065
3342 0.000254065
3343 0.000254065
3344 0.000254065
3345 0.000254065
3346 0.000254065
3347 0.000254065
3348 0.000254065
3349 0.000254065
3350 0.000254065
3351 0.000254065
3352 0.000254065
3353 0.000254065
3354 0.000254065
3355 0.000254065
3356 0.000254065
3357 0.000254065
3358 0.000254065
3359 0.000254065
3360 0.000254065
3361 0.000254065
3362 0.000254065
3363 0.000254065
3364 0.000254065
3365 0.000254065
3366 0.000254065
3367 0.000254065
3368 0.000254065
3369 0.000254065
3370 0.000254065
3371 0.000254065
3372 0.000254065
3373 0.000254065
3374 0.000254065
3375 0.000254065
3376 0.000254065
3377 0.00021777
3378 0.00021777
3379 0.00021777
3380 0.00021777
3381 0.00021777
3382 0.00021777
3383 0.00021777
3384 0.00021777
3385 0.00021777
3386 0.00021777
3387 0.00021777
3388 0.00021777
3389 0.00021777
3390 0.00021777
3391 0.00021777
3392 0.00021777
3393 0.00021777
3394 0.00021777
3395 0.00021777
3396 0.00021777
3397 0.00021777
3398 0.00021777
3399 0.00021777
3400 0.00021777
3401 0.00021777
3402 0.00021777
3403 0.00021777
3404 0.00021777
3405 0.00021777
3406 0.00021777
3407 0.00021777
3408 0.00021777
3409 0.00021777
3410 0.00021777
3411 0.00021777
3412 0.00021777
3413 0.00021777
3414 0.00021777
3415 0.00021777
3416 0.00021777
3417 0.00021777
3418 0.00021777
3419 0.00021777
3420 0.00021777
3421 0.00021777
3422 0.00021777
3423 0.00021777
3424 0.00021777
3425 0.00021777
3426 0.00021777
3427 0.00021777
3428 0.00021777
3429 0.00021777
3430 0.00021777
3431 0.00021777
3432 0.00021777
3433 0.00021777
3434 0.00021777
3435 0.00021777
3436 0.00021777
3437 0.00021777
3438 0.00021777
3439 0.00021777
3440 0.00021777
3441 0.00021777
3442 0.00021777
3443 0.00021777
3444 0.00021777
3445 0.00021777
3446 0.00021777
3447 0.00021777
3448 0.00021777
3449 0.00021777
3450 0.00021777
3451 0.00021777
3452 0.00021777
3453 0.00021777
3454 0.00021777
3455 0.00021777
3456 0.00021777
3457 0.00021777
3458 0.00021777
3459 0.00021777
3460 0.00021777
3461 0.00021777
3462 0.00021777
3463 0.00021777
3464 0.00021777
3465 0.00021777
3466 0.00021777
3467 0.00021777
3468 0.00021777
3469 0.00021777
3470 0.00021777
3471 0.00021777
3472 0.00021777
3473 0.000181475
3474 0.000181475
3475 0.000181475
3476 0.000181475
3477 0.000181475
3478 0.000181475
3479 0.000181475
3480 0.000181475
3481 0.000181475
3482 0.000181475
3483 0.000181475
3484 0.000181475
3485 0.000181475
3486 0.000181475
3487 0.000181475
3488 0.000181475
3489 0.000181475
3490 0.000181475
3491 0.000181475
3492 0.000181475
3493 0.000181475
3494 0.000181475
3495 0.000181475
3496 0.000181475
3497 0.000181475
3498 0.000181475
3499 0.000181475
3500 0.000181475
3501 0.000181475
3502 0.000181475
3503 0.000181475
3504 0.000181475
3505 0.000181475
3506 0.000181475
3507 0.000181475
3508 0.000181475
3509 0.000181475
3510 0.000181475
3511 0.000181475
3512 0.000181475
3513 0.000181475
3514 0.000181475
3515 0.000181475
3516 0.000181475
3517 0.000181475
3518 0.000181475
3519 0.000181475
3520 0.000181475
3521 0.000181475
3522 0.000181475
3523 0.000181475
3524 0.000181475
3525 0.000181475
3526 0.000181475
3527 0.000181475
3528 0.000181475
3529 0.00014518
3530 0.00014518
3531 0.00014518
3532 0.00014518
3533 0.00014518
3534 0.00014518
3535 0.00014518
3536 0.00014518
3537 0.00014518
3538 0.00014518
3539 0.00014518
3540 0.00014518
3541 0.00014518
3542 0.00014518
3543 0.00014518
3544 0.00014518
3545 0.00014518
3546 0.00014518
3547 0.00014518
3548 0.00014518
3549 0.00014518
3550 0.00014518
3551 0.00014518
3552 0.00014518
3553 0.000108885
3554 0.000108885
3555 0.000108885
3556 0.000108885
3557 0.000108885
3558 0.000108885
3559 0.000108885
3560 0.000108885
3561 0.000108885
3562 0.000108885
3563 0.000108885
3564 0.000108885
3565 0.000108885
3566 0.000108885
3567 0.000108885
3568 0.000108885
3569 0.000108885
3570 0.000108885
3571 0.000108885
3572 0.000108885
3573 0.000108885
3574 0.000108885
3575 0.000108885
3576 0.000108885
3577 0.000108885
3578 0.000108885
3579 0.000108885
3580 0.000108885
3581 0.000108885
3582 0.000108885
3583 0.000108885
3584 0.000108885
3585 0.000108885
3586 0.000108885
3587 0.000108885
3588 0.000108885
3589 0.000108885
3590 0.000108885
3591 0.000108885
3592 0.000108885
3593 0.000108885
3594 0.000108885
3595 0.000108885
3596 0.000108885
3597 0.000108885
3598 0.000108885
3599 0.000108885
3600 0.000108885
3601 0.000108885
3602 0.000108885
3603 0.000108885
3604 0.000108885
3605 0.000108885
3606 0.000108885
3607 0.000108885
3608 0.000108885
3609 0.000108885
3610 0.000108885
3611 0.000108885
3612 0.000108885
3613 0.000108885
3614 0.000108885
3615 0.000108885
3616 0.000108885
3617 0.000108885
3618 0.000108885
3619 0.000108885
3620 0.000108885
3621 0.000108885
3622 0.000108885
3623 0.000108885
3624 0.000108885
3625 0.000108885
3626 0.000108885
3627 0.000108885
3628 0.000108885
3629 0.000108885
3630 0.000108885
3631 0.000108885
3632 0.000108885
3633 0.000108885
3634 0.000108885
3635 0.000108885
3636 0.000108885
3637 0.000108885
3638 0.000108885
3639 0.000108885
3640 0.000108885
3641 0.000108885
3642 0.000108885
3643 0.000108885
3644 0.000108885
3645 0.000108885
3646 0.000108885
3647 0.000108885
3648 0.000108885
3649 0.000108885
3650 0.000108885
3651 0.000108885
3652 0.000108885
3653 0.000108885
3654 0.000108885
3655 0.000108885
3656 0.000108885
3657 0.000108885
3658 0.000108885
3659 0.000108885
3660 0.000108885
3661 0.000108885
3662 0.000108885
3663 0.000108885
3664 0.000108885
3665 0.000108885
3666 0.000108885
3667 0.000108885
3668 0.000108885
3669 0.000108885
3670 0.000108885
3671 0.000108885
3672 0.000108885
3673 0.000108885
3674 0.000108885
3675 0.000108885
3676 0.000108885
3677 0.000108885
3678 0.000108885
3679 0.000108885
3680 0.000108885
3681 0.000108885
3682 0.000108885
3683 0.000108885
3684 0.000108885
3685 0.000108885
3686 0.000108885
3687 0.000108885
3688 0.000108885
3689 0.000108885
3690 0.000108885
3691 0.000108885
3692 0.000108885
3693 0.000108885
3694 0.000108885
3695 0.000108885
3696 0.000108885
3697 7.259e-05
3698 7.259e-05
3699 7.259e-05
3700 7.259e-05
3701 7.259e-05
3702 7.259e-05
3703 7.259e-05
3704 7.259e-05
3705 7.259e-05
3706 7.259e-05
3707 7.259e-05
3708 7.259e-05
3709 7.259e-05
3710 7.259e-05
3711 7.259e-05
3712 7.259e-05
3713 7.259e-05
3714 7.259e-05
3715 7.259e-05
3716 7.259e-05
3717 7.259e-05
3718 7.259e-05
3719 7.259e-05
3720 7.259e-05
3721 7.259e-05
3722 7.259e-05
3723 7.259e-05
3724 7.259e-05
3725 7.259e-05
3726 7.259e-05
3727 7.259e-05
3728 7.259e-05
3729 7.259e-05
3730 7.259e-05
3731 7.259e-05
3732 7.259e-05
3733 7.259e-05
3734 7.259e-05
3735 7.259e-05
3736 7.259e-05
3737 7.259e-05
3738 7.259e-05
3739 7.259e-05
3740 7.259e-05
3741 7.259e-05
3742 7.259e-05
3743 7.259e-05
3744 7.259e-05
3745 7.259e-05
3746 7.259e-05
3747 7.259e-05
3748 7.259e-05
3749 7.259e-05
3750 7.259e-05
3751 7.259e-05
3752 7.259e-05
3753 7.259e-05
3754 7.259e-05
3755 7.259e-05
3756 7.259e-05
3757 7.259e-05
3758 7.259e-05
3759 7.259e-05
3760 7.259e-05
3761 7.259e-05
3762 7.259e-05
3763 7.259e-05
3764 7.259e-05
3765 7.259e-05
3766 7.259e-05
3767 7.259e-05
3768 7.259e-05
3769 7.259e-05
3770 7.259e-05
3771 7.259e-05
3772 7.259e-05
3773 7.259e-05
3774 7.259e-05
3775 7.259e-05
3776 7.259e-05
3777 7.259e-05
3778 7.259e-05
3779 7.259e-05
3780 7.259e-05
3781 7.259e-05
3782 7.259e-05
3783 7.259e-05
3784 7.259e-05
3785 7.259e-05
3786 7.259e-05
3787 7.259e-05
3788 7.259e-05
3789 7.259e-05
3790 7.259e-05
3791 7.259e-05
3792 7.259e-05
3793 7.259e-05
3794 7.259e-05
3795 7.259e-05
3796 7.259e-05
3797 7.259e-05
3798 7.259e-05
3799 7.259e-05
3800 7.259e-05
3801 7.259e-05
3802 7.259e-05
3803 7.259e-05
3804 7.259e-05
3805 7.259e-05
3806 7.259e-05
3807 7.259e-05
3808 7.259e-05
3809 7.259e-05
3810 7.259e-05
3811 7.259e-05
3812 7.259e-05
3813 7.259e-05
3814 7.259e-05
3815 7.259e-05
3816 7.259e-05
3817 7.259e-05
3818 7.259e-05
3819 7.259e-05
3820 7.259e-05
3821 7.259e-05
3822 7.259e-05
3823 7.259e-05
3824 7.259e-05
3825 7.259e-05
3826 7.259e-05
3827 7.259e-05
3828 7.259e-05
3829 7.259e-05
3830 7.259e-05
3831 7.259e-05
3832 7.259e-05
3833 7.259e-05
3834 7.259e-05
3835 7.259e-05
3836 7.259e-05
3837 7.259e-05
3838 7.259e-05
3839 7.259e-05
3840 7.259e-05
3841 7.259e-05
3842 7.259e-05
3843 7.259e-05
3844 7.259e-05
3845 7.259e-05
3846 7.259e-05
3847 7.259e-05
3848 7.259e-05
3849 7.259e-05
3850 7.259e-05
3851 7.259e-05
3852 7.259e-05
3853 7.259e-05
3854 7.259e-05
3855 7.259e-05
3856 7.259e-05
3857 7.259e-05
3858 7.259e-05
3859 7.259e-05
3860 7.259e-05
3861 7.259e-05
3862 7.259e-05
3863 7.259e-05
3864 7.259e-05
3865 7.259e-05
3866 7.259e-05
3867 7.259e-05
3868 7.259e-05
3869 7.259e-05
3870 7.259e-05
3871 7.259e-05
3872 7.259e-05
3873 7.259e-05
3874 7.259e-05
3875 7.259e-05
3876 7.259e-05
3877 7.259e-05
3878 7.259e-05
3879 7.259e-05
3880 7.259e-05
3881 7.259e-05
3882 7.259e-05
3883 7.259e-05
3884 7.259e-05
3885 7.259e-05
3886 7.259e-05
3887 7.259e-05
3888 7.259e-05
3889 7.259e-05
3890 7.259e-05
3891 7.259e-05
3892 7.259e-05
3893 7.259e-05
3894 7.259e-05
3895 7.259e-05
3896 7.259e-05
3897 7.259e-05
3898 7.259e-05
3899 7.259e-05
3900 7.259e-05
3901 7.259e-05
3902 7.259e-05
3903 7.259e-05
3904 7.259e-05
3905 7.259e-05
3906 7.259e-05
3907 7.259e-05
3908 7.259e-05
3909 7.259e-05
3910 7.259e-05
3911 7.259e-05
3912 7.259e-05
3913 7.259e-05
3914 7.259e-05
3915 7.259e-05
3916 7.259e-05
3917 7.259e-05
3918 7.259e-05
3919 7.259e-05
3920 7.259e-05
3921 7.259e-05
3922 7.259e-05
3923 7.259e-05
3924 7.259e-05
3925 7.259e-05
3926 7.259e-05
3927 7.259e-05
3928 7.259e-05
3929 7.259e-05
3930 7.259e-05
3931 7.259e-05
3932 7.259e-05
3933 7.259e-05
3934 7.259e-05
3935 7.259e-05
3936 7.259e-05
3937 7.259e-05
3938 7.259e-05
3939 7.259e-05
3940 7.259e-05
3941 7.259e-05
3942 7.259e-05
3943 7.259e-05
3944 7.259e-05
3945 7.259e-05
3946 7.259e-05
3947 7.259e-05
3948 7.259e-05
3949 7.259e-05
3950 7.259e-05
3951 7.259e-05
3952 7.259e-05
3953 7.259e-05
3954 7.259e-05
3955 7.259e-05
3956 7.259e-05
3957 7.259e-05
3958 7.259e-05
3959 7.259e-05
3960 7.259e-05
3961 7.259e-05
3962 7.259e-05
3963 7.259e-05
3964 7.259e-05
3965 7.259e-05
3966 7.259e-05
3967 7.259e-05
3968 7.259e-05
3969 7.259e-05
3970 7.259e-05
3971 7.259e-05
3972 7.259e-05
3973 7.259e-05
3974 7.259e-05
3975 7.259e-05
3976 7.259e-05
3977 7.259e-05
3978 7.259e-05
3979 7.259e-05
3980 7.259e-05
3981 7.259e-05
3982 7.259e-05
3983 7.259e-05
3984 7.259e-05
3985 7.259e-05
3986 7.259e-05
3987 7.259e-05
3988 7.259e-05
3989 7.259e-05
3990 7.259e-05
3991 7.259e-05
3992 7.259e-05
3993 7.259e-05
3994 7.259e-05
3995 7.259e-05
3996 7.259e-05
3997 7.259e-05
3998 7.259e-05
3999 7.259e-05
4000 7.259e-05
4001 7.259e-05
4002 7.259e-05
4003 7.259e-05
4004 7.259e-05
4005 7.259e-05
4006 7.259e-05
4007 7.259e-05
4008 7.259e-05
4009 7.259e-05
4010 7.259e-05
4011 7.259e-05
4012 7.259e-05
4013 7.259e-05
4014 7.259e-05
4015 7.259e-05
4016 7.259e-05
4017 7.259e-05
4018 7.259e-05
4019 7.259e-05
4020 7.259e-05
4021 7.259e-05
4022 7.259e-05
4023 7.259e-05
4024 7.259e-05
4025 7.259e-05
4026 7.259e-05
4027 7.259e-05
4028 7.259e-05
4029 7.259e-05
4030 7.259e-05
4031 7.259e-05
4032 7.259e-05
4033 7.259e-05
4034 7.259e-05
4035 7.259e-05
4036 7.259e-05
4037 7.259e-05
4038 7.259e-05
4039 7.259e-05
4040 7.259e-05
4041 7.259e-05
4042 7.259e-05
4043 7.259e-05
4044 7.259e-05
4045 7.259e-05
4046 7.259e-05
4047 7.259e-05
4048 7.259e-05
4049 7.259e-05
4050 7.259e-05
4051 7.259e-05
4052 7.259e-05
4053 7.259e-05
4054 7.259e-05
4055 7.259e-05
4056 7.259e-05
4057 7.259e-05
4058 7.259e-05
4059 7.259e-05
4060 7.259e-05
4061 7.259e-05
4062 7.259e-05
4063 7.259e-05
4064 7.259e-05
4065 7.259e-05
4066 7.259e-05
4067 7.259e-05
4068 7.259e-05
4069 7.259e-05
4070 7.259e-05
4071 7.259e-05
4072 7.259e-05
4073 7.259e-05
4074 7.259e-05
4075 7.259e-05
4076 7.259e-05
4077 7.259e-05
4078 7.259e-05
4079 7.259e-05
4080 7.259e-05
4081 7.259e-05
4082 7.259e-05
4083 7.259e-05
4084 7.259e-05
4085 7.259e-05
4086 7.259e-05
4087 7.259e-05
4088 7.259e-05
4089 7.259e-05
4090 7.259e-05
4091 7.259e-05
4092 7.259e-05
4093 7.259e-05
4094 7.259e-05
4095 7.259e-05
4096 7.259e-05
4097 7.259e-05
4098 7.259e-05
4099 7.259e-05
4100 7.259e-05
4101 7.259e-05
4102 7.259e-05
4103 7.259e-05
4104 7.259e-05
4105 7.259e-05
4106 7.259e-05
4107 7.259e-05
4108 7.259e-05
4109 7.259e-05
4110 7.259e-05
4111 7.259e-05
4112 7.259e-05
4113 7.259e-05
4114 7.259e-05
4115 7.259e-05
4116 7.259e-05
4117 7.259e-05
4118 7.259e-05
4119 7.259e-05
4120 7.259e-05
4121 7.259e-05
4122 7.259e-05
4123 7.259e-05
4124 7.259e-05
4125 7.259e-05
4126 7.259e-05
4127 7.259e-05
4128 7.259e-05
4129 7.259e-05
4130 7.259e-05
4131 7.259e-05
4132 7.259e-05
4133 7.259e-05
4134 7.259e-05
4135 7.259e-05
4136 7.259e-05
4137 7.259e-05
4138 7.259e-05
4139 7.259e-05
4140 7.259e-05
4141 7.259e-05
4142 7.259e-05
4143 7.259e-05
4144 7.259e-05
4145 7.259e-05
4146 7.259e-05
4147 7.259e-05
4148 7.259e-05
4149 7.259e-05
4150 7.259e-05
4151 7.259e-05
4152 7.259e-05
4153 7.259e-05
4154 7.259e-05
4155 7.259e-05
4156 7.259e-05
4157 7.259e-05
4158 7.259e-05
4159 7.259e-05
4160 7.259e-05
4161 7.259e-05
4162 7.259e-05
4163 7.259e-05
4164 7.259e-05
4165 7.259e-05
4166 7.259e-05
4167 7.259e-05
4168 7.259e-05
4169 7.259e-05
4170 7.259e-05
4171 7.259e-05
4172 7.259e-05
4173 7.259e-05
4174 7.259e-05
4175 7.259e-05
4176 7.259e-05
4177 7.259e-05
4178 7.259e-05
4179 7.259e-05
4180 7.259e-05
4181 7.259e-05
4182 7.259e-05
4183 7.259e-05
4184 7.259e-05
4185 7.259e-05
4186 7.259e-05
4187 7.259e-05
4188 7.259e-05
4189 7.259e-05
4190 7.259e-05
4191 7.259e-05
4192 7.259e-05
4193 7.259e-05
4194 7.259e-05
4195 7.259e-05
4196 7.259e-05
4197 7.259e-05
4198 7.259e-05
4199 7.259e-05
4200 7.259e-05
4201 7.259e-05
4202 7.259e-05
4203 7.259e-05
4204 7.259e-05
4205 7.259e-05
4206 7.259e-05
4207 7.259e-05
4208 7.259e-05
4209 7.259e-05
4210 7.259e-05
4211 7.259e-05
4212 7.259e-05
4213 7.259e-05
4214 7.259e-05
4215 7.259e-05
4216 7.259e-05
4217 7.259e-05
4218 7.259e-05
4219 7.259e-05
4220 7.259e-05
4221 7.259e-05
4222 7.259e-05
4223 7.259e-05
4224 7.259e-05
4225 7.259e-05
4226 7.259e-05
4227 7.259e-05
4228 7.259e-05
4229 7.259e-05
4230 7.259e-05
4231 7.259e-05
4232 7.259e-05
4233 7.259e-05
4234 7.259e-05
4235 7.259e-05
4236 7.259e-05
4237 7.259e-05
4238 7.259e-05
4239 7.259e-05
4240 7.259e-05
4241 7.259e-05
4242 7.259e-05
4243 7.259e-05
4244 7.259e-05
4245 7.259e-05
4246 7.259e-05
4247 7.259e-05
4248 7.259e-05
4249 7.259e-05
4250 7.259e-05
4251 7.259e-05
4252 7.259e-05
4253 7.259e-05
4254 7.259e-05
4255 7.259e-05
4256 7.259e-05
4257 7.259e-05
4258 7.259e-05
4259 7.259e-05
4260 7.259e-05
4261 7.259e-05
4262 7.259e-05
4263 7.259e-05
4264 7.259e-05
4265 7.259e-05
4266 7.259e-05
4267 7.259e-05
4268 7.259e-05
4269 7.259e-05
4270 7.259e-05
4271 7.259e-05
4272 7.259e-05
4273 7.259e-05
4274 7.259e-05
4275 7.259e-05
4276 7.259e-05
4277 7.259e-05
4278 7.259e-05
4279 7.259e-05
4280 7.259e-05
4281 7.259e-05
4282 7.259e-05
4283 7.259e-05
4284 7.259e-05
4285 7.259e-05
4286 7.259e-05
4287 7.259e-05
4288 7.259e-05
4289 7.259e-05
4290 7.259e-05
4291 7.259e-05
4292 7.259e-05
4293 7.259e-05
4294 7.259e-05
4295 7.259e-05
4296 7.259e-05
4297 7.259e-05
4298 7.259e-05
4299 7.259e-05
4300 7.259e-05
4301 7.259e-05
4302 7.259e-05
4303 7.259e-05
4304 7.259e-05
4305 7.259e-05
4306 7.259e-05
4307 7.259e-05
4308 7.259e-05
4309 7.259e-05
4310 7.259e-05
4311 7.259e-05
4312 7.259e-05
4313 7.259e-05
4314 7.259e-05
4315 7.259e-05
4316 7.259e-05
4317 7.259e-05
4318 7.259e-05
4319 7.259e-05
4320 7.259e-05
4321 7.259e-05
4322 7.259e-05
4323 7.259e-05
4324 7.259e-05
4325 7.259e-05
4326 7.259e-05
4327 7.259e-05
4328 7.259e-05
4329 7.259e-05
4330 7.259e-05
4331 7.259e-05
4332 7.259e-05
4333 7.259e-05
4334 7.259e-05
4335 7.259e-05
4336 7.259e-05
4337 7.259e-05
4338 7.259e-05
4339 7.259e-05
4340 7.259e-05
4341 7.259e-05
4342 7.259e-05
4343 7.259e-05
4344 7.259e-05
4345 7.259e-05
4346 7.259e-05
4347 7.259e-05
4348 7.259e-05
4349 7.259e-05
4350 7.259e-05
4351 7.259e-05
4352 7.259e-05
4353 7.259e-05
4354 7.259e-05
4355 7.259e-05
4356 7.259e-05
4357 7.259e-05
4358 7.259e-05
4359 7.259e-05
4360 7.259e-05
4361 7.259e-05
4362 7.259e-05
4363 7.259e-05
4364 7.259e-05
4365 7.259e-05
4366 7.259e-05
4367 7.259e-05
4368 7.259e-05
4369 7.259e-05
4370 7.259e-05
4371 7.259e-05
4372 7.259e-05
4373 7.259e-05
4374 7.259e-05
4375 7.259e-05
4376 7.259e-05
4377 7.259e-05
4378 7.259e-05
4379 7.259e-05
4380 7.259e-05
4381 7.259e-05
4382 7.259e-05
4383 7.259e-05
4384 7.259e-05
4385 7.259e-05
4386 7.259e-05
4387 7.259e-05
4388 7.259e-05
4389 7.259e-05
4390 7.259e-05
4391 7.259e-05
4392 7.259e-05
4393 7.259e-05
4394 7.259e-05
4395 7.259e-05
4396 7.259e-05
4397 7.259e-05
4398 7.259e-05
4399 7.259e-05
4400 7.259e-05
4401 7.259e-05
4402 7.259e-05
4403 7.259e-05
4404 7.259e-05
4405 7.259e-05
4406 7.259e-05
4407 7.259e-05
4408 7.259e-05
4409 7.259e-05
4410 7.259e-05
4411 7.259e-05
4412 7.259e-05
4413 7.259e-05
4414 7.259e-05
4415 7.259e-05
4416 7.259e-05
4417 7.259e-05
4418 7.259e-05
4419 7.259e-05
4420 7.259e-05
4421 7.259e-05
4422 7.259e-05
4423 7.259e-05
4424 7.259e-05
4425 7.259e-05
4426 7.259e-05
4427 7.259e-05
4428 7.259e-05
4429 7.259e-05
4430 7.259e-05
4431 7.259e-05
4432 7.259e-05
4433 7.259e-05
4434 7.259e-05
4435 7.259e-05
4436 7.259e-05
4437 7.259e-05
4438 7.259e-05
4439 7.259e-05
4440 7.259e-05
4441 7.259e-05
4442 7.259e-05
4443 7.259e-05
4444 7.259e-05
4445 7.259e-05
4446 7.259e-05
4447 7.259e-05
4448 7.259e-05
4449 7.259e-05
4450 7.259e-05
4451 7.259e-05
4452 7.259e-05
4453 7.259e-05
4454 7.259e-05
4455 7.259e-05
4456 7.259e-05
4457 7.259e-05
4458 7.259e-05
4459 7.259e-05
4460 7.259e-05
4461 7.259e-05
4462 7.259e-05
4463 7.259e-05
4464 7.259e-05
4465 7.259e-05
4466 7.259e-05
4467 7.259e-05
4468 7.259e-05
4469 7.259e-05
4470 7.259e-05
4471 7.259e-05
4472 7.259e-05
4473 7.259e-05
4474 7.259e-05
4475 7.259e-05
4476 7.259e-05
4477 7.259e-05
4478 7.259e-05
4479 7.259e-05
4480 7.259e-05
4481 7.259e-05
4482 7.259e-05
4483 7.259e-05
4484 7.259e-05
4485 7.259e-05
4486 7.259e-05
4487 7.259e-05
4488 7.259e-05
4489 7.259e-05
4490 7.259e-05
4491 7.259e-05
4492 7.259e-05
4493 7.259e-05
4494 7.259e-05
4495 7.259e-05
4496 7.259e-05
4497 7.259e-05
4498 7.259e-05
4499 7.259e-05
4500 7.259e-05
4501 7.259e-05
4502 7.259e-05
4503 7.259e-05
4504 7.259e-05
4505 7.259e-05
4506 7.259e-05
4507 7.259e-05
4508 7.259e-05
4509 7.259e-05
4510 7.259e-05
4511 7.259e-05
4512 7.259e-05
4513 7.259e-05
4514 7.259e-05
4515 7.259e-05
4516 7.259e-05
4517 7.259e-05
4518 7.259e-05
4519 7.259e-05
4520 7.259e-05
4521 7.259e-05
4522 7.259e-05
4523 7.259e-05
4524 7.259e-05
4525 7.259e-05
4526 7.259e-05
4527 7.259e-05
4528 7.259e-05
4529 7.259e-05
4530 7.259e-05
4531 7.259e-05
4532 7.259e-05
4533 7.259e-05
4534 7.259e-05
4535 7.259e-05
4536 7.259e-05
4537 7.259e-05
4538 7.259e-05
4539 7.259e-05
4540 7.259e-05
4541 7.259e-05
4542 7.259e-05
4543 7.259e-05
4544 7.259e-05
4545 7.259e-05
4546 7.259e-05
4547 7.259e-05
4548 7.259e-05
4549 7.259e-05
4550 7.259e-05
4551 7.259e-05
4552 7.259e-05
4553 7.259e-05
4554 7.259e-05
4555 7.259e-05
4556 7.259e-05
4557 7.259e-05
4558 7.259e-05
4559 7.259e-05
4560 7.259e-05
4561 7.259e-05
4562 7.259e-05
4563 7.259e-05
4564 7.259e-05
4565 7.259e-05
4566 7.259e-05
4567 7.259e-05
4568 7.259e-05
4569 7.259e-05
4570 7.259e-05
4571 7.259e-05
4572 7.259e-05
4573 7.259e-05
4574 7.259e-05
4575 7.259e-05
4576 7.259e-05
4577 7.259e-05
4578 7.259e-05
4579 7.259e-05
4580 7.259e-05
4581 7.259e-05
4582 7.259e-05
4583 7.259e-05
4584 7.259e-05
4585 7.259e-05
4586 7.259e-05
4587 7.259e-05
4588 7.259e-05
4589 7.259e-05
4590 7.259e-05
4591 7.259e-05
4592 7.259e-05
4593 7.259e-05
4594 7.259e-05
4595 7.259e-05
4596 7.259e-05
4597 7.259e-05
4598 7.259e-05
4599 7.259e-05
4600 7.259e-05
4601 7.259e-05
4602 7.259e-05
4603 7.259e-05
4604 7.259e-05
4605 7.259e-05
4606 7.259e-05
4607 7.259e-05
4608 7.259e-05
4609 7.259e-05
4610 7.259e-05
4611 7.259e-05
4612 7.259e-05
4613 7.259e-05
4614 7.259e-05
4615 7.259e-05
4616 7.259e-05
4617 7.259e-05
4618 7.259e-05
4619 7.259e-05
4620 7.259e-05
4621 7.259e-05
4622 7.259e-05
4623 7.259e-05
4624 7.259e-05
4625 7.259e-05
4626 7.259e-05
4627 7.259e-05
4628 7.259e-05
4629 7.259e-05
4630 7.259e-05
4631 7.259e-05
4632 7.259e-05
4633 7.259e-05
4634 7.259e-05
4635 7.259e-05
4636 7.259e-05
4637 7.259e-05
4638 7.259e-05
4639 7.259e-05
4640 7.259e-05
4641 7.259e-05
4642 7.259e-05
4643 7.259e-05
4644 7.259e-05
4645 7.259e-05
4646 7.259e-05
4647 7.259e-05
4648 7.259e-05
4649 7.259e-05
4650 7.259e-05
4651 7.259e-05
4652 7.259e-05
4653 7.259e-05
4654 7.259e-05
4655 7.259e-05
4656 7.259e-05
4657 7.259e-05
4658 7.259e-05
4659 7.259e-05
4660 7.259e-05
4661 7.259e-05
4662 7.259e-05
4663 7.259e-05
4664 7.259e-05
4665 7.259e-05
4666 7.259e-05
4667 7.259e-05
4668 7.259e-05
4669 7.259e-05
4670 7.259e-05
4671 7.259e-05
4672 7.259e-05
4673 7.259e-05
4674 7.259e-05
4675 7.259e-05
4676 7.259e-05
4677 7.259e-05
4678 7.259e-05
4679 7.259e-05
4680 7.259e-05
4681 7.259e-05
4682 7.259e-05
4683 7.259e-05
4684 7.259e-05
4685 7.259e-05
4686 7.259e-05
4687 7.259e-05
4688 7.259e-05
4689 7.259e-05
4690 7.259e-05
4691 7.259e-05
4692 7.259e-05
4693 7.259e-05
4694 7.259e-05
4695 7.259e-05
4696 7.259e-05
4697 7.259e-05
4698 7.259e-05
4699 7.259e-05
4700 7.259e-05
4701 7.259e-05
4702 7.259e-05
4703 7.259e-05
4704 7.259e-05
4705 7.259e-05
4706 7.259e-05
4707 7.259e-05
4708 7.259e-05
4709 7.259e-05
4710 7.259e-05
4711 7.259e-05
4712 7.259e-05
4713 7.259e-05
4714 7.259e-05
4715 7.259e-05
4716 7.259e-05
4717 7.259e-05
4718 7.259e-05
4719 7.259e-05
4720 7.259e-05
4721 7.259e-05
4722 7.259e-05
4723 7.259e-05
4724 7.259e-05
4725 7.259e-05
4726 7.259e-05
4727 7.259e-05
4728 7.259e-05
4729 7.259e-05
4730 7.259e-05
4731 7.259e-05
4732 7.259e-05
4733 7.259e-05
4734 7.259e-05
4735 7.259e-05
4736 7.259e-05
4737 7.259e-05
4738 7.259e-05
4739 7.259e-05
4740 7.259e-05
4741 7.259e-05
4742 7.259e-05
4743 7.259e-05
4744 7.259e-05
4745 7.259e-05
4746 7.259e-05
4747 7.259e-05
4748 7.259e-05
4749 7.259e-05
4750 7.259e-05
4751 7.259e-05
4752 7.259e-05
4753 7.259e-05
4754 7.259e-05
4755 7.259e-05
4756 7.259e-05
4757 7.259e-05
4758 7.259e-05
4759 7.259e-05
4760 7.259e-05
4761 7.259e-05
4762 7.259e-05
4763 7.259e-05
4764 7.259e-05
4765 7.259e-05
4766 7.259e-05
4767 7.259e-05
4768 7.259e-05
4769 7.259e-05
4770 7.259e-05
4771 7.259e-05
4772 7.259e-05
4773 7.259e-05
4774 7.259e-05
4775 7.259e-05
4776 7.259e-05
4777 7.259e-05
4778 7.259e-05
4779 7.259e-05
4780 7.259e-05
4781 7.259e-05
4782 7.259e-05
4783 7.259e-05
4784 7.259e-05
4785 7.259e-05
4786 7.259e-05
4787 7.259e-05
4788 7.259e-05
4789 7.259e-05
4790 7.259e-05
4791 7.259e-05
4792 7.259e-05
4793 3.6295e-05
4794 3.6295e-05
4795 3.6295e-05
4796 3.6295e-05
4797 3.6295e-05
4798 3.6295e-05
4799 3.6295e-05
4800 3.6295e-05
4801 3.6295e-05
4802 3.6295e-05
4803 3.6295e-05
4804 3.6295e-05
4805 3.6295e-05
4806 3.6295e-05
4807 3.6295e-05
4808 3.6295e-05
4809 3.6295e-05
4810 3.6295e-05
4811 3.6295e-05
4812 3.6295e-05
4813 3.6295e-05
4814 3.6295e-05
4815 3.6295e-05
4816 3.6295e-05
4817 3.6295e-05
4818 3.6295e-05
4819 3.6295e-05
4820 3.6295e-05
4821 3.6295e-05
4822 3.6295e-05
4823 3.6295e-05
4824 3.6295e-05
4825 3.6295e-05
4826 3.6295e-05
4827 3.6295e-05
4828 3.6295e-05
4829 3.6295e-05
4830 3.6295e-05
4831 3.6295e-05
4832 3.6295e-05
4833 3.6295e-05
4834 3.6295e-05
4835 3.6295e-05
4836 3.6295e-05
4837 3.6295e-05
4838 3.6295e-05
4839 3.6295e-05
4840 3.6295e-05
4841 3.6295e-05
4842 3.6295e-05
4843 3.6295e-05
4844 3.6295e-05
4845 3.6295e-05
4846 3.6295e-05
4847 3.6295e-05
4848 3.6295e-05
4849 3.6295e-05
4850 3.6295e-05
4851 3.6295e-05
4852 3.6295e-05
4853 3.6295e-05
4854 3.6295e-05
4855 3.6295e-05
4856 3.6295e-05
4857 3.6295e-05
4858 3.6295e-05
4859 3.6295e-05
4860 3.6295e-05
4861 3.6295e-05
4862 3.6295e-05
4863 3.6295e-05
4864 3.6295e-05
4865 3.6295e-05
4866 3.6295e-05
4867 3.6295e-05
4868 3.6295e-05
4869 3.6295e-05
4870 3.6295e-05
4871 3.6295e-05
4872 3.6295e-05
4873 3.6295e-05
4874 3.6295e-05
4875 3.6295e-05
4876 3.6295e-05
4877 3.6295e-05
4878 3.6295e-05
4879 3.6295e-05
4880 3.6295e-05
4881 3.6295e-05
4882 3.6295e-05
4883 3.6295e-05
4884 3.6295e-05
4885 3.6295e-05
4886 3.6295e-05
4887 3.6295e-05
4888 3.6295e-05
4889 3.6295e-05
4890 3.6295e-05
4891 3.6295e-05
4892 3.6295e-05
4893 3.6295e-05
4894 3.6295e-05
4895 3.6295e-05
4896 3.6295e-05
4897 3.6295e-05
4898 3.6295e-05
4899 3.6295e-05
4900 3.6295e-05
4901 3.6295e-05
4902 3.6295e-05
4903 3.6295e-05
4904 3.6295e-05
4905 3.6295e-05
4906 3.6295e-05
4907 3.6295e-05
4908 3.6295e-05
4909 3.6295e-05
4910 3.6295e-05
4911 3.6295e-05
4912 3.6295e-05
4913 3.6295e-05
4914 3.6295e-05
4915 3.6295e-05
4916 3.6295e-05
4917 3.6295e-05
4918 3.6295e-05
4919 3.6295e-05
4920 3.6295e-05
4921 3.6295e-05
4922 3.6295e-05
4923 3.6295e-05
4924 3.6295e-05
4925 3.6295e-05
4926 3.6295e-05
4927 3.6295e-05
4928 3.6295e-05
4929 3.6295e-05
4930 3.6295e-05
4931 3.6295e-05
4932 3.6295e-05
4933 3.6295e-05
4934 3.6295e-05
4935 3.6295e-05
4936 3.6295e-05
4937 3.6295e-05
4938 3.6295e-05
4939 3.6295e-05
4940 3.6295e-05
4941 3.6295e-05
4942 3.6295e-05
4943 3.6295e-05
4944 3.6295e-05
4945 3.6295e-05
4946 3.6295e-05
4947 3.6295e-05
4948 3.6295e-05
4949 3.6295e-05
4950 3.6295e-05
4951 3.6295e-05
4952 3.6295e-05
4953 3.6295e-05
4954 3.6295e-05
4955 3.6295e-05
4956 3.6295e-05
4957 3.6295e-05
4958 3.6295e-05
4959 3.6295e-05
4960 3.6295e-05
4961 3.6295e-05
4962 3.6295e-05
4963 3.6295e-05
4964 3.6295e-05
4965 3.6295e-05
4966 3.6295e-05
4967 3.6295e-05
4968 3.6295e-05
4969 3.6295e-05
4970 3.6295e-05
4971 3.6295e-05
4972 3.6295e-05
4973 3.6295e-05
4974 3.6295e-05
4975 3.6295e-05
4976 3.6295e-05
4977 3.6295e-05
4978 3.6295e-05
4979 3.6295e-05
4980 3.6295e-05
4981 3.6295e-05
4982 3.6295e-05
4983 3.6295e-05
4984 3.6295e-05
4985 3.6295e-05
4986 3.6295e-05
4987 3.6295e-05
4988 3.6295e-05
4989 3.6295e-05
4990 3.6295e-05
4991 3.6295e-05
4992 3.6295e-05
4993 3.6295e-05
4994 3.6295e-05
4995 3.6295e-05
4996 3.6295e-05
4997 3.6295e-05
4998 3.6295e-05
4999 3.6295e-05
5000 3.6295e-05
5001 3.6295e-05
5002 3.6295e-05
5003 3.6295e-05
5004 3.6295e-05
5005 3.6295e-05
5006 3.6295e-05
5007 3.6295e-05
5008 3.6295e-05
5009 3.6295e-05
5010 3.6295e-05
5011 3.6295e-05
5012 3.6295e-05
5013 3.6295e-05
5014 3.6295e-05
5015 3.6295e-05
5016 3.6295e-05
5017 3.6295e-05
5018 3.6295e-05
5019 3.6295e-05
5020 3.6295e-05
5021 3.6295e-05
5022 3.6295e-05
5023 3.6295e-05
5024 3.6295e-05
5025 3.6295e-05
5026 3.6295e-05
5027 3.6295e-05
5028 3.6295e-05
5029 3.6295e-05
5030 3.6295e-05
5031 3.6295e-05
5032 3.6295e-05
5033 3.6295e-05
5034 3.6295e-05
5035 3.6295e-05
5036 3.6295e-05
5037 3.6295e-05
5038 3.6295e-05
5039 3.6295e-05
5040 3.6295e-05
5041 3.6295e-05
5042 3.6295e-05
5043 3.6295e-05
5044 3.6295e-05
5045 3.6295e-05
5046 3.6295e-05
5047 3.6295e-05
5048 3.6295e-05
5049 3.6295e-05
5050 3.6295e-05
5051 3.6295e-05
5052 3.6295e-05
5053 3.6295e-05
5054 3.6295e-05
5055 3.6295e-05
5056 3.6295e-05
5057 3.6295e-05
5058 3.6295e-05
5059 3.6295e-05
5060 3.6295e-05
5061 3.6295e-05
5062 3.6295e-05
5063 3.6295e-05
5064 3.6295e-05
5065 3.6295e-05
5066 3.6295e-05
5067 3.6295e-05
5068 3.6295e-05
5069 3.6295e-05
5070 3.6295e-05
5071 3.6295e-05
5072 3.6295e-05
5073 3.6295e-05
5074 3.6295e-05
5075 3.6295e-05
5076 3.6295e-05
5077 3.6295e-05
5078 3.6295e-05
5079 3.6295e-05
5080 3.6295e-05
5081 3.6295e-05
5082 3.6295e-05
5083 3.6295e-05
5084 3.6295e-05
5085 3.6295e-05
5086 3.6295e-05
5087 3.6295e-05
5088 3.6295e-05
5089 3.6295e-05
5090 3.6295e-05
5091 3.6295e-05
5092 3.6295e-05
5093 3.6295e-05
5094 3.6295e-05
5095 3.6295e-05
5096 3.6295e-05
5097 3.6295e-05
5098 3.6295e-05
5099 3.6295e-05
5100 3.6295e-05
5101 3.6295e-05
5102 3.6295e-05
5103 3.6295e-05
5104 3.6295e-05
5105 3.6295e-05
5106 3.6295e-05
5107 3.6295e-05
5108 3.6295e-05
5109 3.6295e-05
5110 3.6295e-05
5111 3.6295e-05
5112 3.6295e-05
5113 3.6295e-05
5114 3.6295e-05
5115 3.6295e-05
5116 3.6295e-05
5117 3.6295e-05
5118 3.6295e-05
5119 3.6295e-05
5120 3.6295e-05
5121 3.6295e-05
5122 3.6295e-05
5123 3.6295e-05
5124 3.6295e-05
5125 3.6295e-05
5126 3.6295e-05
5127 3.6295e-05
5128 3.6295e-05
5129 3.6295e-05
5130 3.6295e-05
5131 3.6295e-05
5132 3.6295e-05
5133 3.6295e-05
5134 3.6295e-05
5135 3.6295e-05
5136 3.6295e-05
5137 3.6295e-05
5138 3.6295e-05
5139 3.6295e-05
5140 3.6295e-05
5141 3.6295e-05
5142 3.6295e-05
5143 3.6295e-05
5144 3.6295e-05
5145 3.6295e-05
5146 3.6295e-05
5147 3.6295e-05
5148 3.6295e-05
5149 3.6295e-05
5150 3.6295e-05
5151 3.6295e-05
5152 3.6295e-05
5153 3.6295e-05
5154 3.6295e-05
5155 3.6295e-05
5156 3.6295e-05
5157 3.6295e-05
5158 3.6295e-05
5159 3.6295e-05
5160 3.6295e-05
5161 3.6295e-05
5162 3.6295e-05
5163 3.6295e-05
5164 3.6295e-05
5165 3.6295e-05
5166 3.6295e-05
5167 3.6295e-05
5168 3.6295e-05
5169 3.6295e-05
5170 3.6295e-05
5171 3.6295e-05
5172 3.6295e-05
5173 3.6295e-05
5174 3.6295e-05
5175 3.6295e-05
5176 3.6295e-05
5177 3.6295e-05
5178 3.6295e-05
5179 3.6295e-05
5180 3.6295e-05
5181 3.6295e-05
5182 3.6295e-05
5183 3.6295e-05
5184 3.6295e-05
5185 3.6295e-05
5186 3.6295e-05
5187 3.6295e-05
5188 3.6295e-05
5189 3.6295e-05
5190 3.6295e-05
5191 3.6295e-05
5192 3.6295e-05
5193 3.6295e-05
5194 3.6295e-05
5195 3.6295e-05
5196 3.6295e-05
5197 3.6295e-05
5198 3.6295e-05
5199 3.6295e-05
5200 3.6295e-05
5201 3.6295e-05
5202 3.6295e-05
5203 3.6295e-05
5204 3.6295e-05
5205 3.6295e-05
5206 3.6295e-05
5207 3.6295e-05
5208 3.6295e-05
5209 3.6295e-05
5210 3.6295e-05
5211 3.6295e-05
5212 3.6295e-05
5213 3.6295e-05
5214 3.6295e-05
5215 3.6295e-05
5216 3.6295e-05
5217 3.6295e-05
5218 3.6295e-05
5219 3.6295e-05
5220 3.6295e-05
5221 3.6295e-05
5222 3.6295e-05
5223 3.6295e-05
5224 3.6295e-05
5225 3.6295e-05
5226 3.6295e-05
5227 3.6295e-05
5228 3.6295e-05
5229 3.6295e-05
5230 3.6295e-05
5231 3.6295e-05
5232 3.6295e-05
5233 3.6295e-05
5234 3.6295e-05
5235 3.6295e-05
5236 3.6295e-05
5237 3.6295e-05
5238 3.6295e-05
5239 3.6295e-05
5240 3.6295e-05
5241 3.6295e-05
5242 3.6295e-05
5243 3.6295e-05
5244 3.6295e-05
5245 3.6295e-05
5246 3.6295e-05
5247 3.6295e-05
5248 3.6295e-05
5249 3.6295e-05
5250 3.6295e-05
5251 3.6295e-05
5252 3.6295e-05
5253 3.6295e-05
5254 3.6295e-05
5255 3.6295e-05
5256 3.6295e-05
5257 3.6295e-05
5258 3.6295e-05
5259 3.6295e-05
5260 3.6295e-05
5261 3.6295e-05
5262 3.6295e-05
5263 3.6295e-05
5264 3.6295e-05
5265 3.6295e-05
5266 3.6295e-05
5267 3.6295e-05
5268 3.6295e-05
5269 3.6295e-05
5270 3.6295e-05
5271 3.6295e-05
5272 3.6295e-05
5273 3.6295e-05
5274 3.6295e-05
5275 3.6295e-05
5276 3.6295e-05
5277 3.6295e-05
5278 3.6295e-05
5279 3.6295e-05
5280 3.6295e-05
5281 3.6295e-05
5282 3.6295e-05
5283 3.6295e-05
5284 3.6295e-05
5285 3.6295e-05
5286 3.6295e-05
5287 3.6295e-05
5288 3.6295e-05
5289 3.6295e-05
5290 3.6295e-05
5291 3.6295e-05
5292 3.6295e-05
5293 3.6295e-05
5294 3.6295e-05
5295 3.6295e-05
5296 3.6295e-05
5297 3.6295e-05
5298 3.6295e-05
5299 3.6295e-05
5300 3.6295e-05
5301 3.6295e-05
5302 3.6295e-05
5303 3.6295e-05
5304 3.6295e-05
5305 3.6295e-05
5306 3.6295e-05
5307 3.6295e-05
5308 3.6295e-05
5309 3.6295e-05
5310 3.6295e-05
5311 3.6295e-05
5312 3.6295e-05
5313 3.6295e-05
5314 3.6295e-05
5315 3.6295e-05
5316 3.6295e-05
5317 3.6295e-05
5318 3.6295e-05
5319 3.6295e-05
5320 3.6295e-05
5321 3.6295e-05
5322 3.6295e-05
5323 3.6295e-05
5324 3.6295e-05
5325 3.6295e-05
5326 3.6295e-05
5327 3.6295e-05
5328 3.6295e-05
5329 3.6295e-05
5330 3.6295e-05
5331 3.6295e-05
5332 3.6295e-05
5333 3.6295e-05
5334 3.6295e-05
5335 3.6295e-05
5336 3.6295e-05
5337 3.6295e-05
5338 3.6295e-05
5339 3.6295e-05
5340 3.6295e-05
5341 3.6295e-05
5342 3.6295e-05
5343 3.6295e-05
5344 3.6295e-05
5345 3.6295e-05
5346 3.6295e-05
5347 3.6295e-05
5348 3.6295e-05
5349 3.6295e-05
5350 3.6295e-05
5351 3.6295e-05
5352 3.6295e-05
5353 3.6295e-05
5354 3.6295e-05
5355 3.6295e-05
5356 3.6295e-05
5357 3.6295e-05
5358 3.6295e-05
5359 3.6295e-05
5360 3.6295e-05
5361 3.6295e-05
5362 3.6295e-05
5363 3.6295e-05
5364 3.6295e-05
5365 3.6295e-05
5366 3.6295e-05
5367 3.6295e-05
5368 3.6295e-05
5369 3.6295e-05
5370 3.6295e-05
5371 3.6295e-05
5372 3.6295e-05
5373 3.6295e-05
5374 3.6295e-05
5375 3.6295e-05
5376 3.6295e-05
5377 3.6295e-05
5378 3.6295e-05
5379 3.6295e-05
5380 3.6295e-05
5381 3.6295e-05
5382 3.6295e-05
5383 3.6295e-05
5384 3.6295e-05
5385 3.6295e-05
5386 3.6295e-05
5387 3.6295e-05
5388 3.6295e-05
5389 3.6295e-05
5390 3.6295e-05
5391 3.6295e-05
5392 3.6295e-05
5393 3.6295e-05
5394 3.6295e-05
5395 3.6295e-05
5396 3.6295e-05
5397 3.6295e-05
5398 3.6295e-05
5399 3.6295e-05
5400 3.6295e-05
5401 3.6295e-05
5402 3.6295e-05
5403 3.6295e-05
5404 3.6295e-05
5405 3.6295e-05
5406 3.6295e-05
5407 3.6295e-05
5408 3.6295e-05
5409 3.6295e-05
5410 3.6295e-05
5411 3.6295e-05
5412 3.6295e-05
5413 3.6295e-05
5414 3.6295e-05
5415 3.6295e-05
5416 3.6295e-05
5417 3.6295e-05
5418 3.6295e-05
5419 3.6295e-05
5420 3.6295e-05
5421 3.6295e-05
5422 3.6295e-05
5423 3.6295e-05
5424 3.6295e-05
5425 3.6295e-05
5426 3.6295e-05
5427 3.6295e-05
5428 3.6295e-05
5429 3.6295e-05
5430 3.6295e-05
5431 3.6295e-05
5432 3.6295e-05
5433 3.6295e-05
5434 3.6295e-05
5435 3.6295e-05
5436 3.6295e-05
5437 3.6295e-05
5438 3.6295e-05
5439 3.6295e-05
5440 3.6295e-05
5441 3.6295e-05
5442 3.6295e-05
5443 3.6295e-05
5444 3.6295e-05
5445 3.6295e-05
5446 3.6295e-05
5447 3.6295e-05
5448 3.6295e-05
5449 3.6295e-05
5450 3.6295e-05
5451 3.6295e-05
5452 3.6295e-05
5453 3.6295e-05
5454 3.6295e-05
5455 3.6295e-05
5456 3.6295e-05
5457 3.6295e-05
5458 3.6295e-05
5459 3.6295e-05
5460 3.6295e-05
5461 3.6295e-05
5462 3.6295e-05
5463 3.6295e-05
5464 3.6295e-05
5465 3.6295e-05
5466 3.6295e-05
5467 3.6295e-05
5468 3.6295e-05
5469 3.6295e-05
5470 3.6295e-05
5471 3.6295e-05
5472 3.6295e-05
5473 3.6295e-05
5474 3.6295e-05
5475 3.6295e-05
5476 3.6295e-05
5477 3.6295e-05
5478 3.6295e-05
5479 3.6295e-05
5480 3.6295e-05
5481 3.6295e-05
5482 3.6295e-05
5483 3.6295e-05
5484 3.6295e-05
5485 3.6295e-05
5486 3.6295e-05
5487 3.6295e-05
5488 3.6295e-05
5489 3.6295e-05
5490 3.6295e-05
5491 3.6295e-05
5492 3.6295e-05
5493 3.6295e-05
5494 3.6295e-05
5495 3.6295e-05
5496 3.6295e-05
5497 3.6295e-05
5498 3.6295e-05
5499 3.6295e-05
5500 3.6295e-05
5501 3.6295e-05
5502 3.6295e-05
5503 3.6295e-05
5504 3.6295e-05
5505 3.6295e-05
5506 3.6295e-05
5507 3.6295e-05
5508 3.6295e-05
5509 3.6295e-05
5510 3.6295e-05
5511 3.6295e-05
5512 3.6295e-05
5513 3.6295e-05
5514 3.6295e-05
5515 3.6295e-05
5516 3.6295e-05
5517 3.6295e-05
5518 3.6295e-05
5519 3.6295e-05
5520 3.6295e-05
5521 3.6295e-05
5522 3.6295e-05
5523 3.6295e-05
5524 3.6295e-05
5525 3.6295e-05
5526 3.6295e-05
5527 3.6295e-05
5528 3.6295e-05
5529 3.6295e-05
5530 3.6295e-05
5531 3.6295e-05
5532 3.6295e-05
5533 3.6295e-05
5534 3.6295e-05
5535 3.6295e-05
5536 3.6295e-05
