0 1
1 1
2 1
3 1
4 1
5 1
6 1
7 0.99996
8 0.99996
9 0.99996
10 0.99996
11 0.99996
12 0.99996
13 0.99996
14 0.99996
15 0.99988
16 0.99988
17 0.99988
18 0.99988
19 0.99988
20 0.99988
21 0.99988
22 0.99988
23 0.9998
24 0.9998
25 0.9998
26 0.9998
27 0.9998
28 0.9998
29 0.9998
30 0.9998
31 0.99972
32 0.99972
33 0.99972
34 0.99972
35 0.99972
36 0.99972
37 0.99972
38 0.99972
39 0.99952
40 0.99952
41 0.99952
42 0.99952
43 0.99952
44 0.99952
45 0.99952
46 0.99952
47 0.99936
48 0.99936
49 0.99936
50 0.99936
51 0.99936
52 0.99936
53 0.99936
54 0.99936
55 0.99936
56 0.99936
57 0.99936
58 0.99936
59 0.99936
60 0.99936
61 0.99936
62 0.99936
63 0.999121
64 0.999121
65 0.971021
66 0.971021
67 0.971021
68 0.971021
69 0.971021
70 0.971021
71 0.970981
72 0.970981
73 0.94452
74 0.94452
75 0.94452
76 0.94452
77 0.94452
78 0.94452
79 0.9442
80 0.9442
81 0.918019
82 0.918019
83 0.918019
84 0.918019
85 0.918019
86 0.918019
87 0.917859
88 0.917859
89 0.893117
90 0.893117
91 0.893117
92 0.893117
93 0.893117
94 0.893117
95 0.893077
96 0.893077
97 0.868015
98 0.868015
99 0.868015
100 0.868015
101 0.868015
102 0.868015
103 0.867855
104 0.867855
105 0.843593
106 0.843593
107 0.843593
108 0.843593
109 0.843593
110 0.843593
111 0.843353
112 0.843353
113 0.820609
114 0.820609
115 0.820609
116 0.820609
117 0.820609
118 0.820609
119 0.820289
120 0.820289
121 0.796427
122 0.796427
123 0.796427
124 0.796427
125 0.796427
126 0.796427
127 0.796267
128 0.796267
129 0.773283
130 0.773283
131 0.773283
132 0.773283
133 0.773283
134 0.773283
135 0.773083
136 0.773083
137 0.75066
138 0.75066
139 0.75066
140 0.75066
141 0.75066
142 0.75066
143 0.75054
144 0.75054
145 0.729275
146 0.729275
147 0.729275
148 0.729275
149 0.729275
150 0.729275
151 0.729235
152 0.729235
153 0.70893
154 0.70893
155 0.70893
156 0.70893
157 0.70893
158 0.70893
159 0.70877
160 0.70877
161 0.686826
162 0.686826
163 0.686826
164 0.686826
165 0.686826
166 0.686826
167 0.686666
168 0.686666
169 0.66652
170 0.66652
171 0.66652
172 0.66652
173 0.66652
174 0.66652
175 0.66644
176 0.66644
177 0.647534
178 0.647534
179 0.647534
180 0.647534
181 0.647534
182 0.647534
183 0.647374
184 0.647374
185 0.627508
186 0.627508
187 0.627508
188 0.627508
189 0.627508
190 0.627508
191 0.627468
192 0.627468
193 0.607403
194 0.607403
195 0.607403
196 0.607403
197 0.607403
198 0.607403
199 0.607163
200 0.607163
201 0.588736
202 0.588736
203 0.588736
204 0.588736
205 0.588736
206 0.588736
207 0.588736
208 0.588736
209 0.571309
210 0.571309
211 0.571309
212 0.571309
213 0.571309
214 0.571309
215 0.571109
216 0.571109
217 0.55504
218 0.55504
219 0.55504
220 0.55504
221 0.55504
222 0.55504
223 0.554841
224 0.554841
225 0.538013
226 0.538013
227 0.538013
228 0.538013
229 0.538013
230 0.538013
231 0.537973
232 0.537973
233 0.522104
234 0.522104
235 0.522104
236 0.522104
237 0.522104
238 0.522104
239 0.522064
240 0.522064
241 0.506955
242 0.506955
243 0.506955
244 0.506955
245 0.506955
246 0.506955
247 0.506915
248 0.506915
249 0.492845
250 0.492845
251 0.492845
252 0.492845
253 0.492845
254 0.492845
255 0.492765
256 0.492765
257 0.478176
258 0.478176
259 0.478176
260 0.478176
261 0.478176
262 0.478176
263 0.478136
264 0.478136
265 0.464665
266 0.464665
267 0.464665
268 0.464665
269 0.464665
270 0.464665
271 0.464506
272 0.464506
273 0.451795
274 0.451795
275 0.451795
276 0.451795
277 0.451795
278 0.451795
279 0.451795
280 0.451795
281 0.439164
282 0.439164
283 0.439164
284 0.439164
285 0.439164
286 0.439164
287 0.439084
288 0.439084
289 0.427053
290 0.427053
291 0.427053
292 0.427053
293 0.427053
294 0.427053
295 0.426893
296 0.426893
297 0.414342
298 0.414342
299 0.414342
300 0.414342
301 0.414342
302 0.414342
303 0.414262
304 0.414262
305 0.40215
306 0.40215
307 0.40215
308 0.40215
309 0.40215
310 0.40215
311 0.401951
312 0.401951
313 0.390519
314 0.390519
315 0.390519
316 0.390519
317 0.390519
318 0.390519
319 0.390399
320 0.390399
321 0.379367
322 0.379367
323 0.379367
324 0.379367
325 0.379367
326 0.379367
327 0.379127
328 0.379127
329 0.368135
330 0.368135
331 0.368135
332 0.368135
333 0.368135
334 0.368135
335 0.368095
336 0.368095
337 0.357902
338 0.357902
339 0.357902
340 0.357902
341 0.357902
342 0.357902
343 0.357862
344 0.357862
345 0.348069
346 0.348069
347 0.348069
348 0.348069
349 0.348069
350 0.348069
351 0.34787
352 0.34787
353 0.338676
354 0.338676
355 0.338676
356 0.338676
357 0.338676
358 0.338676
359 0.338676
360 0.338676
361 0.330082
362 0.330082
363 0.330082
364 0.330082
365 0.330082
366 0.330082
367 0.329962
368 0.329962
369 0.321888
370 0.321888
371 0.321888
372 0.321888
373 0.321888
374 0.321888
375 0.321888
376 0.321888
377 0.313974
378 0.313974
379 0.313974
380 0.313974
381 0.313974
382 0.313974
383 0.313814
384 0.313814
385 0.30522
386 0.30522
387 0.30522
388 0.30522
389 0.30522
390 0.30522
391 0.30518
392 0.30518
393 0.296746
394 0.296746
395 0.296746
396 0.296746
397 0.296746
398 0.296746
399 0.296666
400 0.296666
401 0.288592
402 0.288592
403 0.288592
404 0.288592
405 0.288592
406 0.288592
407 0.288512
408 0.288512
409 0.279918
410 0.279918
411 0.279918
412 0.279918
413 0.279918
414 0.279918
415 0.279918
416 0.279918
417 0.272764
418 0.272764
419 0.272764
420 0.272764
421 0.272764
422 0.272764
423 0.272684
424 0.272684
425 0.266048
426 0.266048
427 0.266048
428 0.266048
429 0.266048
430 0.266048
431 0.266008
432 0.266008
433 0.260253
434 0.260253
435 0.260253
436 0.260253
437 0.260253
438 0.260253
439 0.260213
440 0.260213
441 0.253737
442 0.253737
443 0.253737
444 0.253737
445 0.253737
446 0.253737
447 0.253577
448 0.253577
449 0.247062
450 0.247062
451 0.247062
452 0.247062
453 0.247062
454 0.247062
455 0.246822
456 0.246822
457 0.240867
458 0.240867
459 0.240867
460 0.240867
461 0.240867
462 0.240867
463 0.240747
464 0.240747
465 0.23591
466 0.23591
467 0.23591
468 0.23591
469 0.23591
470 0.23591
471 0.23583
472 0.23583
473 0.229795
474 0.229795
475 0.229795
476 0.229795
477 0.229795
478 0.229795
479 0.229675
480 0.229675
481 0.225917
482 0.225917
483 0.225917
484 0.225917
485 0.225917
486 0.225917
487 0.225877
488 0.225877
489 0.220401
490 0.220401
491 0.220401
492 0.220401
493 0.220401
494 0.220401
495 0.220321
496 0.220321
497 0.215365
498 0.215365
499 0.215365
500 0.215365
501 0.215365
502 0.215365
503 0.215325
504 0.215325
505 0.210329
506 0.210329
507 0.210329
508 0.210329
509 0.210329
510 0.210329
511 0.210329
512 0.210329
513 0.205652
514 0.205652
515 0.205652
516 0.205652
517 0.205652
518 0.205652
519 0.205492
520 0.205492
521 0.200416
522 0.200416
523 0.200416
524 0.200416
525 0.200416
526 0.200416
527 0.200216
528 0.200216
529 0.195419
530 0.195419
531 0.195419
532 0.195419
533 0.195419
534 0.195419
535 0.195379
536 0.195379
537 0.190943
538 0.190943
539 0.190943
540 0.190943
541 0.190943
542 0.190943
543 0.190943
544 0.190943
545 0.186186
546 0.186186
547 0.186186
548 0.186186
549 0.186186
550 0.186186
551 0.186146
552 0.186146
553 0.182069
554 0.182069
555 0.182069
556 0.182069
557 0.182069
558 0.182069
559 0.181989
560 0.181989
561 0.178432
562 0.178432
563 0.178432
564 0.178432
565 0.178432
566 0.178432
567 0.178392
568 0.178392
569 0.174075
570 0.174075
571 0.174075
572 0.174075
573 0.174075
574 0.174075
575 0.173955
576 0.173955
577 0.170437
578 0.170437
579 0.170437
580 0.170437
581 0.170437
582 0.170437
583 0.170437
584 0.170437
585 0.167
586 0.167
587 0.167
588 0.167
589 0.167
590 0.167
591 0.167
592 0.167
593 0.162603
594 0.162603
595 0.162603
596 0.162603
597 0.162603
598 0.162603
599 0.162603
600 0.162603
601 0.158326
602 0.158326
603 0.158326
604 0.158326
605 0.158326
606 0.158326
607 0.158326
608 0.158326
609 0.154329
610 0.154329
611 0.154329
612 0.154329
613 0.154329
614 0.154329
615 0.154249
616 0.154249
617 0.150572
618 0.150572
619 0.150572
620 0.150572
621 0.150572
622 0.150572
623 0.150412
624 0.150412
625 0.146894
626 0.146894
627 0.146894
628 0.146894
629 0.146894
630 0.146894
631 0.146814
632 0.146814
633 0.143657
634 0.143657
635 0.143657
636 0.143657
637 0.143657
638 0.143657
639 0.143617
640 0.143617
641 0.140419
642 0.140419
643 0.140419
644 0.140419
645 0.140419
646 0.140419
647 0.140379
648 0.140379
649 0.137141
650 0.137141
651 0.137141
652 0.137141
653 0.137141
654 0.137141
655 0.137061
656 0.137061
657 0.134463
658 0.134463
659 0.134463
660 0.134463
661 0.134463
662 0.134463
663 0.134423
664 0.134423
665 0.131305
666 0.131305
667 0.131305
668 0.131305
669 0.131305
670 0.131305
671 0.131186
672 0.131186
673 0.128428
674 0.128428
675 0.128428
676 0.128428
677 0.128428
678 0.128428
679 0.128388
680 0.128388
681 0.12527
682 0.12527
683 0.12527
684 0.12527
685 0.12527
686 0.12527
687 0.12527
688 0.12527
689 0.122112
690 0.122112
691 0.122112
692 0.122112
693 0.122112
694 0.122112
695 0.122072
696 0.122072
697 0.119314
698 0.119314
699 0.119314
700 0.119314
701 0.119314
702 0.119314
703 0.119314
704 0.119314
705 0.116156
706 0.116156
707 0.116156
708 0.116156
709 0.116156
710 0.116156
711 0.116156
712 0.116156
713 0.113958
714 0.113958
715 0.113958
716 0.113958
717 0.113958
718 0.113958
719 0.113918
720 0.113918
721 0.11116
722 0.11116
723 0.11116
724 0.11116
725 0.11116
726 0.11116
727 0.11116
728 0.11116
729 0.108882
730 0.108882
731 0.108882
732 0.108882
733 0.108882
734 0.108882
735 0.108842
736 0.108842
737 0.106363
738 0.106363
739 0.106363
740 0.106363
741 0.106363
742 0.106363
743 0.106323
744 0.106323
745 0.103805
746 0.103805
747 0.103805
748 0.103805
749 0.103805
750 0.103805
751 0.103805
752 0.103805
753 0.101767
754 0.101767
755 0.101767
756 0.101767
757 0.101767
758 0.101767
759 0.101727
760 0.101727
761 0.0994484
762 0.0994484
763 0.0994484
764 0.0994484
765 0.0994484
766 0.0994484
767 0.0994484
768 0.0994484
769 0.0976097
770 0.0976097
771 0.0976097
772 0.0976097
773 0.0976097
774 0.0976097
775 0.0975298
776 0.0975298
777 0.0953314
778 0.0953314
779 0.0953314
780 0.0953314
781 0.0953314
782 0.0953314
783 0.0952914
784 0.0952914
785 0.0934127
786 0.0934127
787 0.0934127
788 0.0934127
789 0.0934127
790 0.0934127
791 0.0934127
792 0.0934127
793 0.0914542
794 0.0914542
795 0.0914542
796 0.0914542
797 0.0914542
798 0.0914542
799 0.0914142
800 0.0914142
801 0.0893757
802 0.0893757
803 0.0893757
804 0.0893757
805 0.0893757
806 0.0893757
807 0.0893357
808 0.0893357
809 0.087537
810 0.087537
811 0.087537
812 0.087537
813 0.087537
814 0.087537
815 0.087537
816 0.087537
817 0.0853785
818 0.0853785
819 0.0853785
820 0.0853785
821 0.0853785
822 0.0853785
823 0.0853386
824 0.0853386
825 0.08338
826 0.08338
827 0.08338
828 0.08338
829 0.08338
830 0.08338
831 0.0833
832 0.0833
833 0.0814613
834 0.0814613
835 0.0814613
836 0.0814613
837 0.0814613
838 0.0814613
839 0.0814613
840 0.0814613
841 0.0802622
842 0.0802622
843 0.0802622
844 0.0802622
845 0.0802622
846 0.0802622
847 0.0802622
848 0.0802622
849 0.0786234
850 0.0786234
851 0.0786234
852 0.0786234
853 0.0786234
854 0.0786234
855 0.0785834
856 0.0785834
857 0.0769446
858 0.0769446
859 0.0769446
860 0.0769446
861 0.0769446
862 0.0769446
863 0.0769046
864 0.0769046
865 0.0756655
866 0.0756655
867 0.0756655
868 0.0756655
869 0.0756655
870 0.0756655
871 0.0756255
872 0.0756255
873 0.0741066
874 0.0741066
875 0.0741066
876 0.0741066
877 0.0741066
878 0.0741066
879 0.0741066
880 0.0741066
881 0.0726677
882 0.0726677
883 0.0726677
884 0.0726677
885 0.0726677
886 0.0726677
887 0.0726677
888 0.0726677
889 0.0712687
890 0.0712687
891 0.0712687
892 0.0712687
893 0.0712687
894 0.0712687
895 0.0712687
896 0.0712687
897 0.0701095
898 0.0701095
899 0.0701095
900 0.0701095
901 0.0701095
902 0.0701095
903 0.0700696
904 0.0700696
905 0.0687105
906 0.0687105
907 0.0687105
908 0.0687105
909 0.0687105
910 0.0687105
911 0.0686306
912 0.0686306
913 0.0673515
914 0.0673515
915 0.0673515
916 0.0673515
917 0.0673515
918 0.0673515
919 0.0672716
920 0.0672716
921 0.0657926
922 0.0657926
923 0.0657926
924 0.0657926
925 0.0657926
926 0.0657926
927 0.0656327
928 0.0656327
929 0.0643137
930 0.0643137
931 0.0643137
932 0.0643137
933 0.0643137
934 0.0643137
935 0.0643137
936 0.0643137
937 0.0628348
938 0.0628348
939 0.0628348
940 0.0628348
941 0.0628348
942 0.0628348
943 0.0627948
944 0.0627948
945 0.0617555
946 0.0617555
947 0.0617555
948 0.0617555
949 0.0617555
950 0.0617555
951 0.0617555
952 0.0617555
953 0.0604365
954 0.0604365
955 0.0604365
956 0.0604365
957 0.0604365
958 0.0604365
959 0.0603565
960 0.0603565
961 0.0591574
962 0.0591574
963 0.0591574
964 0.0591574
965 0.0591574
966 0.0591574
967 0.0591174
968 0.0591174
969 0.0577984
970 0.0577984
971 0.0577984
972 0.0577984
973 0.0577984
974 0.0577984
975 0.0577584
976 0.0577584
977 0.056919
978 0.056919
979 0.056919
980 0.056919
981 0.056919
982 0.056919
983 0.056919
984 0.056919
985 0.0558798
986 0.0558798
987 0.0558798
988 0.0558798
989 0.0558798
990 0.0558798
991 0.0558798
992 0.0558798
993 0.0548805
994 0.0548805
995 0.0548805
996 0.0548805
997 0.0548805
998 0.0548805
999 0.0548805
1000 0.0548805
1001 0.0535215
1002 0.0535215
1003 0.0535215
1004 0.0535215
1005 0.0535215
1006 0.0535215
1007 0.0534815
1008 0.0534815
1009 0.0520425
1010 0.0520425
1011 0.0520425
1012 0.0520425
1013 0.0520425
1014 0.0520425
1015 0.0520425
1016 0.0520425
1017 0.0507235
1018 0.0507235
1019 0.0507235
1020 0.0507235
1021 0.0507235
1022 0.0507235
1023 0.0507235
1024 0.0507235
1025 0.0497642
1026 0.0497642
1027 0.0497642
1028 0.0497642
1029 0.0497642
1030 0.0497642
1031 0.0497642
1032 0.0497642
1033 0.0486849
1034 0.0486849
1035 0.0486849
1036 0.0486849
1037 0.0486849
1038 0.0486849
1039 0.0486849
1040 0.0486849
1041 0.0478056
1042 0.0478056
1043 0.0478056
1044 0.0478056
1045 0.0478056
1046 0.0478056
1047 0.0477656
1048 0.0477656
1049 0.0468463
1050 0.0468463
1051 0.0468463
1052 0.0468463
1053 0.0468463
1054 0.0468463
1055 0.0468463
1056 0.0468463
1057 0.0457271
1058 0.0457271
1059 0.0457271
1060 0.0457271
1061 0.0457271
1062 0.0457271
1063 0.0456471
1064 0.0456471
1065 0.0450875
1066 0.0450875
1067 0.0450875
1068 0.0450875
1069 0.0450875
1070 0.0450875
1071 0.0450076
1072 0.0450076
1073 0.0439284
1074 0.0439284
1075 0.0439284
1076 0.0439284
1077 0.0439284
1078 0.0439284
1079 0.0439284
1080 0.0439284
1081 0.0432089
1082 0.0432089
1083 0.0432089
1084 0.0432089
1085 0.0432089
1086 0.0432089
1087 0.0431689
1088 0.0431689
1089 0.0422096
1090 0.0422096
1091 0.0422096
1092 0.0422096
1093 0.0422096
1094 0.0422096
1095 0.0422096
1096 0.0422096
1097 0.0414901
1098 0.0414901
1099 0.0414901
1100 0.0414901
1101 0.0414901
1102 0.0414901
1103 0.0414901
1104 0.0414901
1105 0.0404509
1106 0.0404509
1107 0.0404509
1108 0.0404509
1109 0.0404509
1110 0.0404509
1111 0.0404109
1112 0.0404109
1113 0.0395315
1114 0.0395315
1115 0.0395315
1116 0.0395315
1117 0.0395315
1118 0.0395315
1119 0.0395315
1120 0.0395315
1121 0.0390519
1122 0.0390519
1123 0.0390519
1124 0.0390519
1125 0.0390519
1126 0.0390519
1127 0.0390519
1128 0.0390519
1129 0.0382125
1130 0.0382125
1131 0.0382125
1132 0.0382125
1133 0.0382125
1134 0.0382125
1135 0.0382125
1136 0.0382125
1137 0.0376529
1138 0.0376529
1139 0.0376529
1140 0.0376529
1141 0.0376529
1142 0.0376529
1143 0.0376129
1144 0.0376129
1145 0.0369734
1146 0.0369734
1147 0.0369734
1148 0.0369734
1149 0.0369734
1150 0.0369734
1151 0.0369734
1152 0.0369734
1153 0.0363338
1154 0.0363338
1155 0.0363338
1156 0.0363338
1157 0.0363338
1158 0.0363338
1159 0.0363338
1160 0.0363338
1161 0.0357742
1162 0.0357742
1163 0.0357742
1164 0.0357742
1165 0.0357742
1166 0.0357742
1167 0.0357343
1168 0.0357343
1169 0.0350548
1170 0.0350548
1171 0.0350548
1172 0.0350548
1173 0.0350548
1174 0.0350548
1175 0.0350548
1176 0.0350548
1177 0.0345751
1178 0.0345751
1179 0.0345751
1180 0.0345751
1181 0.0345751
1182 0.0345751
1183 0.0345351
1184 0.0345351
1185 0.0338956
1186 0.0338956
1187 0.0338956
1188 0.0338956
1189 0.0338956
1190 0.0338956
1191 0.0338956
1192 0.0338956
1193 0.0334159
1194 0.0334159
1195 0.0334159
1196 0.0334159
1197 0.0334159
1198 0.0334159
1199 0.0334159
1200 0.0334159
1201 0.0326165
1202 0.0326165
1203 0.0326165
1204 0.0326165
1205 0.0326165
1206 0.0326165
1207 0.0326165
1208 0.0326165
1209 0.0320969
1210 0.0320969
1211 0.0320969
1212 0.0320969
1213 0.0320969
1214 0.0320969
1215 0.0320569
1216 0.0320569
1217 0.0313774
1218 0.0313774
1219 0.0313774
1220 0.0313774
1221 0.0313774
1222 0.0313774
1223 0.0313774
1224 0.0313774
1225 0.0308578
1226 0.0308578
1227 0.0308578
1228 0.0308578
1229 0.0308578
1230 0.0308578
1231 0.0308578
1232 0.0308578
1233 0.0302182
1234 0.0302182
1235 0.0302182
1236 0.0302182
1237 0.0302182
1238 0.0302182
1239 0.0302182
1240 0.0302182
1241 0.0296586
1242 0.0296586
1243 0.0296586
1244 0.0296586
1245 0.0296586
1246 0.0296586
1247 0.0296586
1248 0.0296586
1249 0.0288592
1250 0.0288592
1251 0.0288592
1252 0.0288592
1253 0.0288592
1254 0.0288592
1255 0.0288592
1256 0.0288592
1257 0.0283396
1258 0.0283396
1259 0.0283396
1260 0.0283396
1261 0.0283396
1262 0.0283396
1263 0.0283396
1264 0.0283396
1265 0.0279799
1266 0.0279799
1267 0.0279799
1268 0.0279799
1269 0.0279799
1270 0.0279799
1271 0.0279399
1272 0.0279399
1273 0.0277001
1274 0.0277001
1275 0.0277001
1276 0.0277001
1277 0.0277001
1278 0.0277001
1279 0.0277001
1280 0.0277001
1281 0.0272604
1282 0.0272604
1283 0.0272604
1284 0.0272604
1285 0.0272604
1286 0.0272604
1287 0.0272204
1288 0.0272204
1289 0.0268607
1290 0.0268607
1291 0.0268607
1292 0.0268607
1293 0.0268607
1294 0.0268607
1295 0.0268207
1296 0.0268207
1297 0.0262211
1298 0.0262211
1299 0.0262211
1300 0.0262211
1301 0.0262211
1302 0.0262211
1303 0.0261812
1304 0.0261812
1305 0.0253817
1306 0.0253817
1307 0.0253817
1308 0.0253817
1309 0.0253817
1310 0.0253817
1311 0.0253817
1312 0.0253817
1313 0.0248621
1314 0.0248621
1315 0.0248621
1316 0.0248621
1317 0.0248621
1318 0.0248621
1319 0.0248621
1320 0.0248621
1321 0.0244224
1322 0.0244224
1323 0.0244224
1324 0.0244224
1325 0.0244224
1326 0.0244224
1327 0.0243824
1328 0.0243824
1329 0.0241826
1330 0.0241826
1331 0.0241826
1332 0.0241826
1333 0.0241826
1334 0.0241826
1335 0.0240627
1336 0.0240627
1337 0.023583
1338 0.023583
1339 0.023583
1340 0.023583
1341 0.023583
1342 0.023583
1343 0.023583
1344 0.023583
1345 0.0227836
1346 0.0227836
1347 0.0227836
1348 0.0227836
1349 0.0227836
1350 0.0227836
1351 0.0227436
1352 0.0227436
1353 0.0224239
1354 0.0224239
1355 0.0224239
1356 0.0224239
1357 0.0224239
1358 0.0224239
1359 0.0223839
1360 0.0223839
1361 0.0219842
1362 0.0219842
1363 0.0219842
1364 0.0219842
1365 0.0219842
1366 0.0219842
1367 0.0219442
1368 0.0219442
1369 0.0215445
1370 0.0215445
1371 0.0215445
1372 0.0215445
1373 0.0215445
1374 0.0215445
1375 0.0215445
1376 0.0215445
1377 0.0213846
1378 0.0213846
1379 0.0213846
1380 0.0213846
1381 0.0213846
1382 0.0213846
1383 0.0213846
1384 0.0213846
1385 0.0209449
1386 0.0209449
1387 0.0209449
1388 0.0209449
1389 0.0209449
1390 0.0209449
1391 0.0209449
1392 0.0209449
1393 0.0206251
1394 0.0206251
1395 0.0206251
1396 0.0206251
1397 0.0206251
1398 0.0206251
1399 0.0206251
1400 0.0206251
1401 0.0203054
1402 0.0203054
1403 0.0203054
1404 0.0203054
1405 0.0203054
1406 0.0203054
1407 0.0203054
1408 0.0203054
1409 0.0200256
1410 0.0200256
1411 0.0200256
1412 0.0200256
1413 0.0200256
1414 0.0200256
1415 0.0200256
1416 0.0200256
1417 0.0197458
1418 0.0197458
1419 0.0197458
1420 0.0197458
1421 0.0197458
1422 0.0197458
1423 0.0197458
1424 0.0197458
1425 0.0191862
1426 0.0191862
1427 0.0191862
1428 0.0191862
1429 0.0191862
1430 0.0191862
1431 0.0191062
1432 0.0191062
1433 0.0188664
1434 0.0188664
1435 0.0188664
1436 0.0188664
1437 0.0188664
1438 0.0188664
1439 0.0188664
1440 0.0188664
1441 0.0187465
1442 0.0187465
1443 0.0187465
1444 0.0187465
1445 0.0187465
1446 0.0187465
1447 0.0187465
1448 0.0187465
1449 0.0184667
1450 0.0184667
1451 0.0184667
1452 0.0184667
1453 0.0184667
1454 0.0184667
1455 0.0184667
1456 0.0184667
1457 0.018027
1458 0.018027
1459 0.018027
1460 0.018027
1461 0.018027
1462 0.018027
1463 0.018027
1464 0.018027
1465 0.0177073
1466 0.0177073
1467 0.0177073
1468 0.0177073
1469 0.0177073
1470 0.0177073
1471 0.0176673
1472 0.0176673
1473 0.0174275
1474 0.0174275
1475 0.0174275
1476 0.0174275
1477 0.0174275
1478 0.0174275
1479 0.0174275
1480 0.0174275
1481 0.0173075
1482 0.0173075
1483 0.0173075
1484 0.0173075
1485 0.0173075
1486 0.0173075
1487 0.0173075
1488 0.0173075
1489 0.0171876
1490 0.0171876
1491 0.0171876
1492 0.0171876
1493 0.0171876
1494 0.0171876
1495 0.0171876
1496 0.0171876
1497 0.0169878
1498 0.0169878
1499 0.0169878
1500 0.0169878
1501 0.0169878
1502 0.0169878
1503 0.0169878
1504 0.0169878
1505 0.0165881
1506 0.0165881
1507 0.0165881
1508 0.0165881
1509 0.0165881
1510 0.0165881
1511 0.0165881
1512 0.0165881
1513 0.0161484
1514 0.0161484
1515 0.0161484
1516 0.0161484
1517 0.0161484
1518 0.0161484
1519 0.0161484
1520 0.0161484
1521 0.0156287
1522 0.0156287
1523 0.0156287
1524 0.0156287
1525 0.0156287
1526 0.0156287
1527 0.0155888
1528 0.0155888
1529 0.015229
1530 0.015229
1531 0.015229
1532 0.015229
1533 0.015229
1534 0.015229
1535 0.015229
1536 0.015229
1537 0.0149892
1538 0.0149892
1539 0.0149892
1540 0.0149892
1541 0.0149892
1542 0.0149892
1543 0.0149492
1544 0.0149492
1545 0.0148293
1546 0.0148293
1547 0.0148293
1548 0.0148293
1549 0.0148293
1550 0.0148293
1551 0.0148293
1552 0.0148293
1553 0.0145495
1554 0.0145495
1555 0.0145495
1556 0.0145495
1557 0.0145495
1558 0.0145495
1559 0.0145495
1560 0.0145495
1561 0.0141098
1562 0.0141098
1563 0.0141098
1564 0.0141098
1565 0.0141098
1566 0.0141098
1567 0.0141098
1568 0.0141098
1569 0.01395
1570 0.01395
1571 0.01395
1572 0.01395
1573 0.01395
1574 0.01395
1575 0.01395
1576 0.01395
1577 0.0135502
1578 0.0135502
1579 0.0135502
1580 0.0135502
1581 0.0135502
1582 0.0135502
1583 0.0135502
1584 0.0135502
1585 0.0131905
1586 0.0131905
1587 0.0131905
1588 0.0131905
1589 0.0131905
1590 0.0131905
1591 0.0131905
1592 0.0131905
1593 0.0129906
1594 0.0129906
1595 0.0129906
1596 0.0129906
1597 0.0129906
1598 0.0129906
1599 0.0129906
1600 0.0129906
1601 0.0126709
1602 0.0126709
1603 0.0126709
1604 0.0126709
1605 0.0126709
1606 0.0126709
1607 0.0126709
1608 0.0126709
1609 0.012431
1610 0.012431
1611 0.012431
1612 0.012431
1613 0.012431
1614 0.012431
1615 0.012431
1616 0.012431
1617 0.0122712
1618 0.0122712
1619 0.0122712
1620 0.0122712
1621 0.0122712
1622 0.0122712
1623 0.0122712
1624 0.0122712
1625 0.0120313
1626 0.0120313
1627 0.0120313
1628 0.0120313
1629 0.0120313
1630 0.0120313
1631 0.0119914
1632 0.0119914
1633 0.0117915
1634 0.0117915
1635 0.0117915
1636 0.0117915
1637 0.0117915
1638 0.0117915
1639 0.0117915
1640 0.0117915
1641 0.0115517
1642 0.0115517
1643 0.0115517
1644 0.0115517
1645 0.0115517
1646 0.0115517
1647 0.0115517
1648 0.0115517
1649 0.0114318
1650 0.0114318
1651 0.0114318
1652 0.0114318
1653 0.0114318
1654 0.0114318
1655 0.0114318
1656 0.0114318
1657 0.0113918
1658 0.0113918
1659 0.0113918
1660 0.0113918
1661 0.0113918
1662 0.0113918
1663 0.0113918
1664 0.0113918
1665 0.0112319
1666 0.0112319
1667 0.0112319
1668 0.0112319
1669 0.0112319
1670 0.0112319
1671 0.0111919
1672 0.0111919
1673 0.0109121
1674 0.0109121
1675 0.0109121
1676 0.0109121
1677 0.0109121
1678 0.0109121
1679 0.0109121
1680 0.0109121
1681 0.0106723
1682 0.0106723
1683 0.0106723
1684 0.0106723
1685 0.0106723
1686 0.0106723
1687 0.0106723
1688 0.0106723
1689 0.0105124
1690 0.0105124
1691 0.0105124
1692 0.0105124
1693 0.0105124
1694 0.0105124
1695 0.0105124
1696 0.0105124
1697 0.0101927
1698 0.0101927
1699 0.0101927
1700 0.0101927
1701 0.0101927
1702 0.0101927
1703 0.0101927
1704 0.0101927
1705 0.0101127
1706 0.0101127
1707 0.0101127
1708 0.0101127
1709 0.0101127
1710 0.0101127
1711 0.0101127
1712 0.0101127
1713 0.00987289
1714 0.00987289
1715 0.00987289
1716 0.00987289
1717 0.00987289
1718 0.00987289
1719 0.00987289
1720 0.00987289
1721 0.00967304
1722 0.00967304
1723 0.00967304
1724 0.00967304
1725 0.00967304
1726 0.00967304
1727 0.00967304
1728 0.00967304
1729 0.00967304
1730 0.00967304
1731 0.00967304
1732 0.00967304
1733 0.00967304
1734 0.00967304
1735 0.00963306
1736 0.00963306
1737 0.00943321
1738 0.00943321
1739 0.00943321
1740 0.00943321
1741 0.00943321
1742 0.00943321
1743 0.00943321
1744 0.00943321
1745 0.00907347
1746 0.00907347
1747 0.00907347
1748 0.00907347
1749 0.00907347
1750 0.00907347
1751 0.00907347
1752 0.00907347
1753 0.00891358
1754 0.00891358
1755 0.00891358
1756 0.00891358
1757 0.00891358
1758 0.00891358
1759 0.00887361
1760 0.00887361
1761 0.0087537
1762 0.0087537
1763 0.0087537
1764 0.0087537
1765 0.0087537
1766 0.0087537
1767 0.0087537
1768 0.0087537
1769 0.00851387
1770 0.00851387
1771 0.00851387
1772 0.00851387
1773 0.00851387
1774 0.00851387
1775 0.00851387
1776 0.00851387
1777 0.00815413
1778 0.00815413
1779 0.00815413
1780 0.00815413
1781 0.00815413
1782 0.00815413
1783 0.00815413
1784 0.00815413
1785 0.00803422
1786 0.00803422
1787 0.00803422
1788 0.00803422
1789 0.00803422
1790 0.00803422
1791 0.00799424
1792 0.00799424
1793 0.00767447
1794 0.00767447
1795 0.00767447
1796 0.00767447
1797 0.00767447
1798 0.00767447
1799 0.00767447
1800 0.00767447
1801 0.00739468
1802 0.00739468
1803 0.00739468
1804 0.00739468
1805 0.00739468
1806 0.00739468
1807 0.00739468
1808 0.00739468
1809 0.00727476
1810 0.00727476
1811 0.00727476
1812 0.00727476
1813 0.00727476
1814 0.00727476
1815 0.00727476
1816 0.00727476
1817 0.00715485
1818 0.00715485
1819 0.00715485
1820 0.00715485
1821 0.00715485
1822 0.00715485
1823 0.00715485
1824 0.00715485
1825 0.00699496
1826 0.00699496
1827 0.00699496
1828 0.00699496
1829 0.00699496
1830 0.00699496
1831 0.00699496
1832 0.00699496
1833 0.00683508
1834 0.00683508
1835 0.00683508
1836 0.00683508
1837 0.00683508
1838 0.00683508
1839 0.00683508
1840 0.00683508
1841 0.00671516
1842 0.00671516
1843 0.00671516
1844 0.00671516
1845 0.00671516
1846 0.00671516
1847 0.00671516
1848 0.00671516
1849 0.00663522
1850 0.00663522
1851 0.00663522
1852 0.00663522
1853 0.00663522
1854 0.00663522
1855 0.00663522
1856 0.00663522
1857 0.00647534
1858 0.00647534
1859 0.00647534
1860 0.00647534
1861 0.00647534
1862 0.00647534
1863 0.00647534
1864 0.00647534
1865 0.00635542
1866 0.00635542
1867 0.00635542
1868 0.00635542
1869 0.00635542
1870 0.00635542
1871 0.00635542
1872 0.00635542
1873 0.00631545
1874 0.00631545
1875 0.00631545
1876 0.00631545
1877 0.00631545
1878 0.00631545
1879 0.00631545
1880 0.00631545
1881 0.00619554
1882 0.00619554
1883 0.00619554
1884 0.00619554
1885 0.00619554
1886 0.00619554
1887 0.00619554
1888 0.00619554
1889 0.00607563
1890 0.00607563
1891 0.00607563
1892 0.00607563
1893 0.00607563
1894 0.00607563
1895 0.00603565
1896 0.00603565
1897 0.00587577
1898 0.00587577
1899 0.00587577
1900 0.00587577
1901 0.00587577
1902 0.00587577
1903 0.00587577
1904 0.00587577
1905 0.00571588
1906 0.00571588
1907 0.00571588
1908 0.00571588
1909 0.00571588
1910 0.00571588
1911 0.00571588
1912 0.00571588
1913 0.00563594
1914 0.00563594
1915 0.00563594
1916 0.00563594
1917 0.00563594
1918 0.00563594
1919 0.00563594
1920 0.00563594
1921 0.005556
1922 0.005556
1923 0.005556
1924 0.005556
1925 0.005556
1926 0.005556
1927 0.005556
1928 0.005556
1929 0.00547606
1930 0.00547606
1931 0.00547606
1932 0.00547606
1933 0.00547606
1934 0.00547606
1935 0.00547606
1936 0.00547606
1937 0.00543609
1938 0.00543609
1939 0.00543609
1940 0.00543609
1941 0.00543609
1942 0.00543609
1943 0.00543609
1944 0.00543609
1945 0.00539611
1946 0.00539611
1947 0.00539611
1948 0.00539611
1949 0.00539611
1950 0.00539611
1951 0.00539611
1952 0.00539611
1953 0.00535614
1954 0.00535614
1955 0.00535614
1956 0.00535614
1957 0.00535614
1958 0.00535614
1959 0.00535614
1960 0.00535614
1961 0.0052762
1962 0.0052762
1963 0.0052762
1964 0.0052762
1965 0.0052762
1966 0.0052762
1967 0.0052762
1968 0.0052762
1969 0.00519626
1970 0.00519626
1971 0.00519626
1972 0.00519626
1973 0.00519626
1974 0.00519626
1975 0.00519626
1976 0.00519626
1977 0.00511632
1978 0.00511632
1979 0.00511632
1980 0.00511632
1981 0.00511632
1982 0.00511632
1983 0.00511632
1984 0.00511632
1985 0.00503637
1986 0.00503637
1987 0.00503637
1988 0.00503637
1989 0.00503637
1990 0.00503637
1991 0.00503637
1992 0.00503637
1993 0.0049964
1994 0.0049964
1995 0.0049964
1996 0.0049964
1997 0.0049964
1998 0.0049964
1999 0.0049964
2000 0.0049964
2001 0.00483652
2002 0.00483652
2003 0.00483652
2004 0.00483652
2005 0.00483652
2006 0.00483652
2007 0.00483652
2008 0.00483652
2009 0.00467663
2010 0.00467663
2011 0.00467663
2012 0.00467663
2013 0.00467663
2014 0.00467663
2015 0.00467663
2016 0.00467663
2017 0.00463666
2018 0.00463666
2019 0.00463666
2020 0.00463666
2021 0.00463666
2022 0.00463666
2023 0.00463666
2024 0.00463666
2025 0.00443681
2026 0.00443681
2027 0.00443681
2028 0.00443681
2029 0.00443681
2030 0.00443681
2031 0.00443681
2032 0.00443681
2033 0.00443681
2034 0.00443681
2035 0.00443681
2036 0.00443681
2037 0.00443681
2038 0.00443681
2039 0.00443681
2040 0.00443681
2041 0.00443681
2042 0.00443681
2043 0.00443681
2044 0.00443681
2045 0.00443681
2046 0.00443681
2047 0.00443681
2048 0.00443681
2049 0.00443681
2050 0.00443681
2051 0.00443681
2052 0.00443681
2053 0.00443681
2054 0.00443681
2055 0.00443681
2056 0.00443681
2057 0.00435686
2058 0.00435686
2059 0.00435686
2060 0.00435686
2061 0.00435686
2062 0.00435686
2063 0.00435686
2064 0.00435686
2065 0.00419698
2066 0.00419698
2067 0.00419698
2068 0.00419698
2069 0.00419698
2070 0.00419698
2071 0.00419698
2072 0.00419698
2073 0.00419698
2074 0.00419698
2075 0.00419698
2076 0.00419698
2077 0.00419698
2078 0.00419698
2079 0.00419698
2080 0.00419698
2081 0.00407706
2082 0.00407706
2083 0.00407706
2084 0.00407706
2085 0.00407706
2086 0.00407706
2087 0.00407706
2088 0.00407706
2089 0.00395715
2090 0.00395715
2091 0.00395715
2092 0.00395715
2093 0.00395715
2094 0.00395715
2095 0.00395715
2096 0.00395715
2097 0.00387721
2098 0.00387721
2099 0.00387721
2100 0.00387721
2101 0.00387721
2102 0.00387721
2103 0.00387721
2104 0.00387721
2105 0.00379727
2106 0.00379727
2107 0.00379727
2108 0.00379727
2109 0.00379727
2110 0.00379727
2111 0.00379727
2112 0.00379727
2113 0.00379727
2114 0.00379727
2115 0.00379727
2116 0.00379727
2117 0.00379727
2118 0.00379727
2119 0.00379727
2120 0.00379727
2121 0.00371732
2122 0.00371732
2123 0.00371732
2124 0.00371732
2125 0.00371732
2126 0.00371732
2127 0.00371732
2128 0.00371732
2129 0.00371732
2130 0.00371732
2131 0.00371732
2132 0.00371732
2133 0.00371732
2134 0.00371732
2135 0.00371732
2136 0.00371732
2137 0.00359741
2138 0.00359741
2139 0.00359741
2140 0.00359741
2141 0.00359741
2142 0.00359741
2143 0.00359741
2144 0.00359741
2145 0.00351747
2146 0.00351747
2147 0.00351747
2148 0.00351747
2149 0.00351747
2150 0.00351747
2151 0.00351747
2152 0.00351747
2153 0.00351747
2154 0.00351747
2155 0.00351747
2156 0.00351747
2157 0.00351747
2158 0.00351747
2159 0.00351747
2160 0.00351747
2161 0.00339755
2162 0.00339755
2163 0.00339755
2164 0.00339755
2165 0.00339755
2166 0.00339755
2167 0.00339755
2168 0.00339755
2169 0.00339755
2170 0.00339755
2171 0.00339755
2172 0.00339755
2173 0.00339755
2174 0.00339755
2175 0.00339755
2176 0.00339755
2177 0.00339755
2178 0.00339755
2179 0.00339755
2180 0.00339755
2181 0.00339755
2182 0.00339755
2183 0.00339755
2184 0.00339755
2185 0.00331761
2186 0.00331761
2187 0.00331761
2188 0.00331761
2189 0.00331761
2190 0.00331761
2191 0.00331761
2192 0.00331761
2193 0.00327764
2194 0.00327764
2195 0.00327764
2196 0.00327764
2197 0.00327764
2198 0.00327764
2199 0.00327764
2200 0.00327764
2201 0.0031977
2202 0.0031977
2203 0.0031977
2204 0.0031977
2205 0.0031977
2206 0.0031977
2207 0.0031977
2208 0.0031977
2209 0.00311776
2210 0.00311776
2211 0.00311776
2212 0.00311776
2213 0.00311776
2214 0.00311776
2215 0.00311776
2216 0.00311776
2217 0.00311776
2218 0.00311776
2219 0.00311776
2220 0.00311776
2221 0.00311776
2222 0.00311776
2223 0.00311776
2224 0.00311776
2225 0.00303781
2226 0.00303781
2227 0.00303781
2228 0.00303781
2229 0.00303781
2230 0.00303781
2231 0.00303781
2232 0.00303781
2233 0.00299784
2234 0.00299784
2235 0.00299784
2236 0.00299784
2237 0.00299784
2238 0.00299784
2239 0.00295787
2240 0.00295787
2241 0.00287793
2242 0.00287793
2243 0.00287793
2244 0.00287793
2245 0.00287793
2246 0.00287793
2247 0.00287793
2248 0.00287793
2249 0.00279799
2250 0.00279799
2251 0.00279799
2252 0.00279799
2253 0.00279799
2254 0.00279799
2255 0.00279799
2256 0.00279799
2257 0.00279799
2258 0.00279799
2259 0.00279799
2260 0.00279799
2261 0.00279799
2262 0.00279799
2263 0.00279799
2264 0.00279799
2265 0.00271804
2266 0.00271804
2267 0.00271804
2268 0.00271804
2269 0.00271804
2270 0.00271804
2271 0.00271804
2272 0.00271804
2273 0.00267807
2274 0.00267807
2275 0.00267807
2276 0.00267807
2277 0.00267807
2278 0.00267807
2279 0.00267807
2280 0.00267807
2281 0.00259813
2282 0.00259813
2283 0.00259813
2284 0.00259813
2285 0.00259813
2286 0.00259813
2287 0.00259813
2288 0.00259813
2289 0.00259813
2290 0.00259813
2291 0.00259813
2292 0.00259813
2293 0.00259813
2294 0.00259813
2295 0.00259813
2296 0.00259813
2297 0.00243824
2298 0.00243824
2299 0.00243824
2300 0.00243824
2301 0.00243824
2302 0.00243824
2303 0.00243824
2304 0.00243824
2305 0.00243824
2306 0.00243824
2307 0.00243824
2308 0.00243824
2309 0.00243824
2310 0.00243824
2311 0.00243824
2312 0.00243824
2313 0.00243824
2314 0.00243824
2315 0.00243824
2316 0.00243824
2317 0.00243824
2318 0.00243824
2319 0.00243824
2320 0.00243824
2321 0.0023583
2322 0.0023583
2323 0.0023583
2324 0.0023583
2325 0.0023583
2326 0.0023583
2327 0.0023583
2328 0.0023583
2329 0.00231833
2330 0.00231833
2331 0.00231833
2332 0.00231833
2333 0.00231833
2334 0.00231833
2335 0.00231833
2336 0.00231833
2337 0.00231833
2338 0.00231833
2339 0.00231833
2340 0.00231833
2341 0.00231833
2342 0.00231833
2343 0.00231833
2344 0.00231833
2345 0.00227836
2346 0.00227836
2347 0.00227836
2348 0.00227836
2349 0.00227836
2350 0.00227836
2351 0.00227836
2352 0.00227836
2353 0.00227836
2354 0.00227836
2355 0.00227836
2356 0.00227836
2357 0.00227836
2358 0.00227836
2359 0.00227836
2360 0.00227836
2361 0.00223839
2362 0.00223839
2363 0.00223839
2364 0.00223839
2365 0.00223839
2366 0.00223839
2367 0.00223839
2368 0.00223839
2369 0.00223839
2370 0.00223839
2371 0.00223839
2372 0.00223839
2373 0.00223839
2374 0.00223839
2375 0.00223839
2376 0.00223839
2377 0.00223839
2378 0.00223839
2379 0.00223839
2380 0.00223839
2381 0.00223839
2382 0.00223839
2383 0.00223839
2384 0.00223839
2385 0.00219842
2386 0.00219842
2387 0.00219842
2388 0.00219842
2389 0.00219842
2390 0.00219842
2391 0.00219842
2392 0.00219842
2393 0.00219842
2394 0.00219842
2395 0.00219842
2396 0.00219842
2397 0.00219842
2398 0.00219842
2399 0.00219842
2400 0.00219842
2401 0.00219842
2402 0.00219842
2403 0.00219842
2404 0.00219842
2405 0.00219842
2406 0.00219842
2407 0.00219842
2408 0.00219842
2409 0.00219842
2410 0.00219842
2411 0.00219842
2412 0.00219842
2413 0.00219842
2414 0.00219842
2415 0.00219842
2416 0.00219842
2417 0.00215845
2418 0.00215845
2419 0.00215845
2420 0.00215845
2421 0.00215845
2422 0.00215845
2423 0.00215845
2424 0.00215845
2425 0.00211847
2426 0.00211847
2427 0.00211847
2428 0.00211847
2429 0.00211847
2430 0.00211847
2431 0.00211847
2432 0.00211847
2433 0.00211847
2434 0.00211847
2435 0.00211847
2436 0.00211847
2437 0.00211847
2438 0.00211847
2439 0.00211847
2440 0.00211847
2441 0.00211847
2442 0.00211847
2443 0.00211847
2444 0.00211847
2445 0.00211847
2446 0.00211847
2447 0.00211847
2448 0.00211847
2449 0.00211847
2450 0.00211847
2451 0.00211847
2452 0.00211847
2453 0.00211847
2454 0.00211847
2455 0.00211847
2456 0.00211847
2457 0.0020785
2458 0.0020785
2459 0.0020785
2460 0.0020785
2461 0.0020785
2462 0.0020785
2463 0.0020785
2464 0.0020785
2465 0.00203853
2466 0.00203853
2467 0.00203853
2468 0.00203853
2469 0.00203853
2470 0.00203853
2471 0.00203853
2472 0.00203853
2473 0.00203853
2474 0.00203853
2475 0.00203853
2476 0.00203853
2477 0.00203853
2478 0.00203853
2479 0.00203853
2480 0.00203853
2481 0.00203853
2482 0.00203853
2483 0.00203853
2484 0.00203853
2485 0.00203853
2486 0.00203853
2487 0.00203853
2488 0.00203853
2489 0.00199856
2490 0.00199856
2491 0.00199856
2492 0.00199856
2493 0.00199856
2494 0.00199856
2495 0.00199856
2496 0.00199856
2497 0.00195859
2498 0.00195859
2499 0.00195859
2500 0.00195859
2501 0.00195859
2502 0.00195859
2503 0.00195859
2504 0.00195859
2505 0.00195859
2506 0.00195859
2507 0.00195859
2508 0.00195859
2509 0.00195859
2510 0.00195859
2511 0.00195859
2512 0.00195859
2513 0.00191862
2514 0.00191862
2515 0.00191862
2516 0.00191862
2517 0.00191862
2518 0.00191862
2519 0.00187865
2520 0.00187865
2521 0.0017987
2522 0.0017987
2523 0.0017987
2524 0.0017987
2525 0.0017987
2526 0.0017987
2527 0.0017987
2528 0.0017987
2529 0.00175873
2530 0.00175873
2531 0.00175873
2532 0.00175873
2533 0.00175873
2534 0.00175873
2535 0.00175873
2536 0.00175873
2537 0.00163882
2538 0.00163882
2539 0.00163882
2540 0.00163882
2541 0.00163882
2542 0.00163882
2543 0.00163882
2544 0.00163882
2545 0.00163882
2546 0.00163882
2547 0.00163882
2548 0.00163882
2549 0.00163882
2550 0.00163882
2551 0.00163882
2552 0.00163882
2553 0.00151891
2554 0.00151891
2555 0.00151891
2556 0.00151891
2557 0.00151891
2558 0.00151891
2559 0.00151891
2560 0.00151891
2561 0.00151891
2562 0.00151891
2563 0.00151891
2564 0.00151891
2565 0.00151891
2566 0.00151891
2567 0.00151891
2568 0.00151891
2569 0.00151891
2570 0.00151891
2571 0.00151891
2572 0.00151891
2573 0.00151891
2574 0.00151891
2575 0.00151891
2576 0.00151891
2577 0.00143896
2578 0.00143896
2579 0.00143896
2580 0.00143896
2581 0.00143896
2582 0.00143896
2583 0.00143896
2584 0.00143896
2585 0.00139899
2586 0.00139899
2587 0.00139899
2588 0.00139899
2589 0.00139899
2590 0.00139899
2591 0.00139899
2592 0.00139899
2593 0.00139899
2594 0.00139899
2595 0.00139899
2596 0.00139899
2597 0.00139899
2598 0.00139899
2599 0.00135902
2600 0.00135902
2601 0.00127908
2602 0.00127908
2603 0.00127908
2604 0.00127908
2605 0.00127908
2606 0.00127908
2607 0.00127908
2608 0.00127908
2609 0.00127908
2610 0.00127908
2611 0.00127908
2612 0.00127908
2613 0.00127908
2614 0.00127908
2615 0.00127908
2616 0.00127908
2617 0.00119914
2618 0.00119914
2619 0.00119914
2620 0.00119914
2621 0.00119914
2622 0.00119914
2623 0.00119914
2624 0.00119914
2625 0.00111919
2626 0.00111919
2627 0.00111919
2628 0.00111919
2629 0.00111919
2630 0.00111919
2631 0.00111919
2632 0.00111919
2633 0.00107922
2634 0.00107922
2635 0.00107922
2636 0.00107922
2637 0.00107922
2638 0.00107922
2639 0.00107922
2640 0.00107922
2641 0.00103925
2642 0.00103925
2643 0.00103925
2644 0.00103925
2645 0.00103925
2646 0.00103925
2647 0.00103925
2648 0.00103925
2649 0.00103925
2650 0.00103925
2651 0.00103925
2652 0.00103925
2653 0.00103925
2654 0.00103925
2655 0.00103925
2656 0.00103925
2657 0.00103925
2658 0.00103925
2659 0.00103925
2660 0.00103925
2661 0.00103925
2662 0.00103925
2663 0.00103925
2664 0.00103925
2665 0.00103925
2666 0.00103925
2667 0.00103925
2668 0.00103925
2669 0.00103925
2670 0.00103925
2671 0.00103925
2672 0.00103925
2673 0.00099928
2674 0.00099928
2675 0.00099928
2676 0.00099928
2677 0.00099928
2678 0.00099928
2679 0.00099928
2680 0.00099928
2681 0.00099928
2682 0.00099928
2683 0.00099928
2684 0.00099928
2685 0.00099928
2686 0.00099928
2687 0.00099928
2688 0.00099928
2689 0.00099928
2690 0.00099928
2691 0.00099928
2692 0.00099928
2693 0.00099928
2694 0.00099928
2695 0.00099928
2696 0.00099928
2697 0.000959309
2698 0.000959309
2699 0.000959309
2700 0.000959309
2701 0.000959309
2702 0.000959309
2703 0.000959309
2704 0.000959309
2705 0.000879367
2706 0.000879367
2707 0.000879367
2708 0.000879367
2709 0.000879367
2710 0.000879367
2711 0.000879367
2712 0.000879367
2713 0.000879367
2714 0.000879367
2715 0.000879367
2716 0.000879367
2717 0.000879367
2718 0.000879367
2719 0.000879367
2720 0.000879367
2721 0.000879367
2722 0.000879367
2723 0.000879367
2724 0.000879367
2725 0.000879367
2726 0.000879367
2727 0.000879367
2728 0.000879367
2729 0.000879367
2730 0.000879367
2731 0.000879367
2732 0.000879367
2733 0.000879367
2734 0.000879367
2735 0.000879367
2736 0.000879367
2737 0.000839396
2738 0.000839396
2739 0.000839396
2740 0.000839396
2741 0.000839396
2742 0.000839396
2743 0.000839396
2744 0.000839396
2745 0.000839396
2746 0.000839396
2747 0.000839396
2748 0.000839396
2749 0.000839396
2750 0.000839396
2751 0.000839396
2752 0.000839396
2753 0.000839396
2754 0.000839396
2755 0.000839396
2756 0.000839396
2757 0.000839396
2758 0.000839396
2759 0.000839396
2760 0.000839396
2761 0.000839396
2762 0.000839396
2763 0.000839396
2764 0.000839396
2765 0.000839396
2766 0.000839396
2767 0.000839396
2768 0.000839396
2769 0.000839396
2770 0.000839396
2771 0.000839396
2772 0.000839396
2773 0.000839396
2774 0.000839396
2775 0.000839396
2776 0.000839396
2777 0.000839396
2778 0.000839396
2779 0.000839396
2780 0.000839396
2781 0.000839396
2782 0.000839396
2783 0.000839396
2784 0.000839396
2785 0.000839396
2786 0.000839396
2787 0.000839396
2788 0.000839396
2789 0.000839396
2790 0.000839396
2791 0.000839396
2792 0.000839396
2793 0.000799424
2794 0.000799424
2795 0.000799424
2796 0.000799424
2797 0.000799424
2798 0.000799424
2799 0.000799424
2800 0.000799424
2801 0.000799424
2802 0.000799424
2803 0.000799424
2804 0.000799424
2805 0.000799424
2806 0.000799424
2807 0.000799424
2808 0.000799424
2809 0.000799424
2810 0.000799424
2811 0.000799424
2812 0.000799424
2813 0.000799424
2814 0.000799424
2815 0.000799424
2816 0.000799424
2817 0.000759453
2818 0.000759453
2819 0.000759453
2820 0.000759453
2821 0.000759453
2822 0.000759453
2823 0.000759453
2824 0.000759453
2825 0.000719482
2826 0.000719482
2827 0.000719482
2828 0.000719482
2829 0.000719482
2830 0.000719482
2831 0.000719482
2832 0.000719482
2833 0.000679511
2834 0.000679511
2835 0.000679511
2836 0.000679511
2837 0.000679511
2838 0.000679511
2839 0.000679511
2840 0.000679511
2841 0.00063954
2842 0.00063954
2843 0.00063954
2844 0.00063954
2845 0.00063954
2846 0.00063954
2847 0.00063954
2848 0.00063954
2849 0.00063954
2850 0.00063954
2851 0.00063954
2852 0.00063954
2853 0.00063954
2854 0.00063954
2855 0.00063954
2856 0.00063954
2857 0.00063954
2858 0.00063954
2859 0.00063954
2860 0.00063954
2861 0.00063954
2862 0.00063954
2863 0.00063954
2864 0.00063954
2865 0.00063954
2866 0.00063954
2867 0.00063954
2868 0.00063954
2869 0.00063954
2870 0.00063954
2871 0.00063954
2872 0.00063954
2873 0.00063954
2874 0.00063954
2875 0.00063954
2876 0.00063954
2877 0.00063954
2878 0.00063954
2879 0.00063954
2880 0.00063954
2881 0.00063954
2882 0.00063954
2883 0.00063954
2884 0.00063954
2885 0.00063954
2886 0.00063954
2887 0.00063954
2888 0.00063954
2889 0.000599568
2890 0.000599568
2891 0.000599568
2892 0.000599568
2893 0.000599568
2894 0.000599568
2895 0.000599568
2896 0.000599568
2897 0.000599568
2898 0.000599568
2899 0.000599568
2900 0.000599568
2901 0.000599568
2902 0.000599568
2903 0.000599568
2904 0.000599568
2905 0.000599568
2906 0.000599568
2907 0.000599568
2908 0.000599568
2909 0.000599568
2910 0.000599568
2911 0.000599568
2912 0.000599568
2913 0.000599568
2914 0.000599568
2915 0.000599568
2916 0.000599568
2917 0.000599568
2918 0.000599568
2919 0.000599568
2920 0.000599568
2921 0.000559597
2922 0.000559597
2923 0.000559597
2924 0.000559597
2925 0.000559597
2926 0.000559597
2927 0.000519626
2928 0.000519626
2929 0.000519626
2930 0.000519626
2931 0.000519626
2932 0.000519626
2933 0.000519626
2934 0.000519626
2935 0.000519626
2936 0.000519626
2937 0.000519626
2938 0.000519626
2939 0.000519626
2940 0.000519626
2941 0.000519626
2942 0.000519626
2943 0.000519626
2944 0.000519626
2945 0.000519626
2946 0.000519626
2947 0.000519626
2948 0.000519626
2949 0.000519626
2950 0.000519626
2951 0.000519626
2952 0.000519626
2953 0.000519626
2954 0.000519626
2955 0.000519626
2956 0.000519626
2957 0.000519626
2958 0.000519626
2959 0.000519626
2960 0.000519626
2961 0.000519626
2962 0.000519626
2963 0.000519626
2964 0.000519626
2965 0.000519626
2966 0.000519626
2967 0.000519626
2968 0.000519626
2969 0.000519626
2970 0.000519626
2971 0.000519626
2972 0.000519626
2973 0.000519626
2974 0.000519626
2975 0.000519626
2976 0.000519626
2977 0.000479655
2978 0.000479655
2979 0.000479655
2980 0.000479655
2981 0.000479655
2982 0.000479655
2983 0.000479655
2984 0.000479655
2985 0.000439683
2986 0.000439683
2987 0.000439683
2988 0.000439683
2989 0.000439683
2990 0.000439683
2991 0.000439683
2992 0.000439683
2993 0.000439683
2994 0.000439683
2995 0.000439683
2996 0.000439683
2997 0.000439683
2998 0.000439683
2999 0.000439683
3000 0.000439683
3001 0.000439683
3002 0.000439683
3003 0.000439683
3004 0.000439683
3005 0.000439683
3006 0.000439683
3007 0.000439683
3008 0.000439683
3009 0.000439683
3010 0.000439683
3011 0.000439683
3012 0.000439683
3013 0.000439683
3014 0.000439683
3015 0.000439683
3016 0.000439683
3017 0.000439683
3018 0.000439683
3019 0.000439683
3020 0.000439683
3021 0.000439683
3022 0.000439683
3023 0.000439683
3024 0.000439683
3025 0.000439683
3026 0.000439683
3027 0.000439683
3028 0.000439683
3029 0.000439683
3030 0.000439683
3031 0.000439683
3032 0.000439683
3033 0.000399712
3034 0.000399712
3035 0.000399712
3036 0.000399712
3037 0.000399712
3038 0.000399712
3039 0.000399712
3040 0.000399712
3041 0.000399712
3042 0.000399712
3043 0.000399712
3044 0.000399712
3045 0.000399712
3046 0.000399712
3047 0.000399712
3048 0.000399712
3049 0.000399712
3050 0.000399712
3051 0.000399712
3052 0.000399712
3053 0.000399712
3054 0.000399712
3055 0.000399712
3056 0.000399712
3057 0.000399712
3058 0.000399712
3059 0.000399712
3060 0.000399712
3061 0.000399712
3062 0.000399712
3063 0.000399712
3064 0.000399712
3065 0.000399712
3066 0.000399712
3067 0.000399712
3068 0.000399712
3069 0.000399712
3070 0.000399712
3071 0.000399712
3072 0.000399712
3073 0.000399712
3074 0.000399712
3075 0.000399712
3076 0.000399712
3077 0.000399712
3078 0.000399712
3079 0.000399712
3080 0.000399712
3081 0.000399712
3082 0.000399712
3083 0.000399712
3084 0.000399712
3085 0.000399712
3086 0.000399712
3087 0.000399712
3088 0.000399712
3089 0.000399712
3090 0.000399712
3091 0.000399712
3092 0.000399712
3093 0.000399712
3094 0.000399712
3095 0.000399712
3096 0.000399712
3097 0.000399712
3098 0.000399712
3099 0.000399712
3100 0.000399712
3101 0.000399712
3102 0.000399712
3103 0.000399712
3104 0.000399712
3105 0.000399712
3106 0.000399712
3107 0.000399712
3108 0.000399712
3109 0.000399712
3110 0.000399712
3111 0.000399712
3112 0.000399712
3113 0.000399712
3114 0.000399712
3115 0.000399712
3116 0.000399712
3117 0.000399712
3118 0.000399712
3119 0.000399712
3120 0.000399712
3121 0.000399712
3122 0.000399712
3123 0.000399712
3124 0.000399712
3125 0.000399712
3126 0.000399712
3127 0.000399712
3128 0.000399712
3129 0.000399712
3130 0.000399712
3131 0.000399712
3132 0.000399712
3133 0.000399712
3134 0.000399712
3135 0.000399712
3136 0.000399712
3137 0.000399712
3138 0.000399712
3139 0.000399712
3140 0.000399712
3141 0.000399712
3142 0.000399712
3143 0.000399712
3144 0.000399712
3145 0.000399712
3146 0.000399712
3147 0.000399712
3148 0.000399712
3149 0.000399712
3150 0.000399712
3151 0.000399712
3152 0.000399712
3153 0.000399712
3154 0.000399712
3155 0.000399712
3156 0.000399712
3157 0.000399712
3158 0.000399712
3159 0.000399712
3160 0.000399712
3161 0.000399712
3162 0.000399712
3163 0.000399712
3164 0.000399712
3165 0.000399712
3166 0.000399712
3167 0.000399712
3168 0.000399712
3169 0.000399712
3170 0.000399712
3171 0.000399712
3172 0.000399712
3173 0.000399712
3174 0.000399712
3175 0.000399712
3176 0.000399712
3177 0.000359741
3178 0.000359741
3179 0.000359741
3180 0.000359741
3181 0.000359741
3182 0.000359741
3183 0.000359741
3184 0.000359741
3185 0.000359741
3186 0.000359741
3187 0.000359741
3188 0.000359741
3189 0.000359741
3190 0.000359741
3191 0.000359741
3192 0.000359741
3193 0.000359741
3194 0.000359741
3195 0.000359741
3196 0.000359741
3197 0.000359741
3198 0.000359741
3199 0.000359741
3200 0.000359741
3201 0.000359741
3202 0.000359741
3203 0.000359741
3204 0.000359741
3205 0.000359741
3206 0.000359741
3207 0.000359741
3208 0.000359741
3209 0.000359741
3210 0.000359741
3211 0.000359741
3212 0.000359741
3213 0.000359741
3214 0.000359741
3215 0.000359741
3216 0.000359741
3217 0.000359741
3218 0.000359741
3219 0.000359741
3220 0.000359741
3221 0.000359741
3222 0.000359741
3223 0.000359741
3224 0.000359741
3225 0.000359741
3226 0.000359741
3227 0.000359741
3228 0.000359741
3229 0.000359741
3230 0.000359741
3231 0.000359741
3232 0.000359741
3233 0.000359741
3234 0.000359741
3235 0.000359741
3236 0.000359741
3237 0.000359741
3238 0.000359741
3239 0.000359741
3240 0.000359741
3241 0.000359741
3242 0.000359741
3243 0.000359741
3244 0.000359741
3245 0.000359741
3246 0.000359741
3247 0.000359741
3248 0.000359741
3249 0.000359741
3250 0.000359741
3251 0.000359741
3252 0.000359741
3253 0.000359741
3254 0.000359741
3255 0.000359741
3256 0.000359741
3257 0.000359741
3258 0.000359741
3259 0.000359741
3260 0.000359741
3261 0.000359741
3262 0.000359741
3263 0.000359741
3264 0.000359741
3265 0.000359741
3266 0.000359741
3267 0.000359741
3268 0.000359741
3269 0.000359741
3270 0.000359741
3271 0.000359741
3272 0.000359741
3273 0.00031977
3274 0.00031977
3275 0.00031977
3276 0.00031977
3277 0.00031977
3278 0.00031977
3279 0.00031977
3280 0.00031977
3281 0.00031977
3282 0.00031977
3283 0.00031977
3284 0.00031977
3285 0.00031977
3286 0.00031977
3287 0.00031977
3288 0.00031977
3289 0.00031977
3290 0.00031977
3291 0.00031977
3292 0.00031977
3293 0.00031977
3294 0.00031977
3295 0.00031977
3296 0.00031977
3297 0.00031977
3298 0.00031977
3299 0.00031977
3300 0.00031977
3301 0.00031977
3302 0.00031977
3303 0.00031977
3304 0.00031977
3305 0.00031977
3306 0.00031977
3307 0.00031977
3308 0.00031977
3309 0.00031977
3310 0.00031977
3311 0.00031977
3312 0.00031977
3313 0.00031977
3314 0.00031977
3315 0.00031977
3316 0.00031977
3317 0.00031977
3318 0.00031977
3319 0.00031977
3320 0.00031977
3321 0.00031977
3322 0.00031977
3323 0.00031977
3324 0.00031977
3325 0.00031977
3326 0.00031977
3327 0.00031977
3328 0.00031977
3329 0.00031977
3330 0.00031977
3331 0.00031977
3332 0.00031977
3333 0.00031977
3334 0.00031977
3335 0.00031977
3336 0.00031977
3337 0.00031977
3338 0.00031977
3339 0.00031977
3340 0.00031977
3341 0.00031977
3342 0.00031977
3343 0.00031977
3344 0.00031977
3345 0.00031977
3346 0.00031977
3347 0.00031977
3348 0.00031977
3349 0.00031977
3350 0.00031977
3351 0.00031977
3352 0.00031977
3353 0.00031977
3354 0.00031977
3355 0.00031977
3356 0.00031977
3357 0.00031977
3358 0.00031977
3359 0.00031977
3360 0.00031977
3361 0.00031977
3362 0.00031977
3363 0.00031977
3364 0.00031977
3365 0.00031977
3366 0.00031977
3367 0.00031977
3368 0.00031977
3369 0.00031977
3370 0.00031977
3371 0.00031977
3372 0.00031977
3373 0.00031977
3374 0.00031977
3375 0.00031977
3376 0.00031977
3377 0.000279799
3378 0.000279799
3379 0.000279799
3380 0.000279799
3381 0.000279799
3382 0.000279799
3383 0.000279799
3384 0.000279799
3385 0.000279799
3386 0.000279799
3387 0.000279799
3388 0.000279799
3389 0.000279799
3390 0.000279799
3391 0.000279799
3392 0.000279799
3393 0.000279799
3394 0.000279799
3395 0.000279799
3396 0.000279799
3397 0.000279799
3398 0.000279799
3399 0.000279799
3400 0.000279799
3401 0.000279799
3402 0.000279799
3403 0.000279799
3404 0.000279799
3405 0.000279799
3406 0.000279799
3407 0.000279799
3408 0.000279799
3409 0.000279799
3410 0.000279799
3411 0.000279799
3412 0.000279799
3413 0.000279799
3414 0.000279799
3415 0.000279799
3416 0.000279799
3417 0.000279799
3418 0.000279799
3419 0.000279799
3420 0.000279799
3421 0.000279799
3422 0.000279799
3423 0.000279799
3424 0.000279799
3425 0.000279799
3426 0.000279799
3427 0.000279799
3428 0.000279799
3429 0.000279799
3430 0.000279799
3431 0.000279799
3432 0.000279799
3433 0.000279799
3434 0.000279799
3435 0.000279799
3436 0.000279799
3437 0.000279799
3438 0.000279799
3439 0.000279799
3440 0.000279799
3441 0.000279799
3442 0.000279799
3443 0.000279799
3444 0.000279799
3445 0.000279799
3446 0.000279799
3447 0.000279799
3448 0.000279799
3449 0.000279799
3450 0.000279799
3451 0.000279799
3452 0.000279799
3453 0.000279799
3454 0.000279799
3455 0.000279799
3456 0.000279799
3457 0.000279799
3458 0.000279799
3459 0.000279799
3460 0.000279799
3461 0.000279799
3462 0.000279799
3463 0.000279799
3464 0.000279799
3465 0.000279799
3466 0.000279799
3467 0.000279799
3468 0.000279799
3469 0.000279799
3470 0.000279799
3471 0.000279799
3472 0.000279799
3473 0.000239827
3474 0.000239827
3475 0.000239827
3476 0.000239827
3477 0.000239827
3478 0.000239827
3479 0.000239827
3480 0.000239827
3481 0.000239827
3482 0.000239827
3483 0.000239827
3484 0.000239827
3485 0.000239827
3486 0.000239827
3487 0.000239827
3488 0.000239827
3489 0.000239827
3490 0.000239827
3491 0.000239827
3492 0.000239827
3493 0.000239827
3494 0.000239827
3495 0.000239827
3496 0.000239827
3497 0.000239827
3498 0.000239827
3499 0.000239827
3500 0.000239827
3501 0.000239827
3502 0.000239827
3503 0.000239827
3504 0.000239827
3505 0.000239827
3506 0.000239827
3507 0.000239827
3508 0.000239827
3509 0.000239827
3510 0.000239827
3511 0.000239827
3512 0.000239827
3513 0.000239827
3514 0.000239827
3515 0.000239827
3516 0.000239827
3517 0.000239827
3518 0.000239827
3519 0.000239827
3520 0.000239827
3521 0.000239827
3522 0.000239827
3523 0.000239827
3524 0.000239827
3525 0.000239827
3526 0.000239827
3527 0.000239827
3528 0.000239827
3529 0.000199856
3530 0.000199856
3531 0.000199856
3532 0.000199856
3533 0.000199856
3534 0.000199856
3535 0.000199856
3536 0.000199856
3537 0.000199856
3538 0.000199856
3539 0.000199856
3540 0.000199856
3541 0.000199856
3542 0.000199856
3543 0.000199856
3544 0.000199856
3545 0.000199856
3546 0.000199856
3547 0.000199856
3548 0.000199856
3549 0.000199856
3550 0.000199856
3551 0.000199856
3552 0.000199856
3553 0.000199856
3554 0.000199856
3555 0.000199856
3556 0.000199856
3557 0.000199856
3558 0.000199856
3559 0.000199856
3560 0.000199856
3561 0.000199856
3562 0.000199856
3563 0.000199856
3564 0.000199856
3565 0.000199856
3566 0.000199856
3567 0.000199856
3568 0.000199856
3569 0.000199856
3570 0.000199856
3571 0.000199856
3572 0.000199856
3573 0.000199856
3574 0.000199856
3575 0.000199856
3576 0.000199856
3577 0.000199856
3578 0.000199856
3579 0.000199856
3580 0.000199856
3581 0.000199856
3582 0.000199856
3583 0.000199856
3584 0.000199856
3585 0.000199856
3586 0.000199856
3587 0.000199856
3588 0.000199856
3589 0.000199856
3590 0.000199856
3591 0.000199856
3592 0.000199856
3593 0.000199856
3594 0.000199856
3595 0.000199856
3596 0.000199856
3597 0.000199856
3598 0.000199856
3599 0.000199856
3600 0.000199856
3601 0.000199856
3602 0.000199856
3603 0.000199856
3604 0.000199856
3605 0.000199856
3606 0.000199856
3607 0.000199856
3608 0.000199856
3609 0.000199856
3610 0.000199856
3611 0.000199856
3612 0.000199856
3613 0.000199856
3614 0.000199856
3615 0.000199856
3616 0.000199856
3617 0.000199856
3618 0.000199856
3619 0.000199856
3620 0.000199856
3621 0.000199856
3622 0.000199856
3623 0.000199856
3624 0.000199856
3625 0.000199856
3626 0.000199856
3627 0.000199856
3628 0.000199856
3629 0.000199856
3630 0.000199856
3631 0.000199856
3632 0.000199856
3633 0.000199856
3634 0.000199856
3635 0.000199856
3636 0.000199856
3637 0.000199856
3638 0.000199856
3639 0.000199856
3640 0.000199856
3641 0.000199856
3642 0.000199856
3643 0.000199856
3644 0.000199856
3645 0.000199856
3646 0.000199856
3647 0.000199856
3648 0.000199856
3649 0.000199856
3650 0.000199856
3651 0.000199856
3652 0.000199856
3653 0.000199856
3654 0.000199856
3655 0.000199856
3656 0.000199856
3657 0.000199856
3658 0.000199856
3659 0.000199856
3660 0.000199856
3661 0.000199856
3662 0.000199856
3663 0.000199856
3664 0.000199856
3665 0.000199856
3666 0.000199856
3667 0.000199856
3668 0.000199856
3669 0.000199856
3670 0.000199856
3671 0.000199856
3672 0.000199856
3673 0.000199856
3674 0.000199856
3675 0.000199856
3676 0.000199856
3677 0.000199856
3678 0.000199856
3679 0.000199856
3680 0.000199856
3681 0.000199856
3682 0.000199856
3683 0.000199856
3684 0.000199856
3685 0.000199856
3686 0.000199856
3687 0.000199856
3688 0.000199856
3689 0.000159885
3690 0.000159885
3691 0.000159885
3692 0.000159885
3693 0.000159885
3694 0.000159885
3695 0.000159885
3696 0.000159885
3697 0.000119914
3698 0.000119914
3699 0.000119914
3700 0.000119914
3701 0.000119914
3702 0.000119914
3703 0.000119914
3704 0.000119914
3705 0.000119914
3706 0.000119914
3707 0.000119914
3708 0.000119914
3709 0.000119914
3710 0.000119914
3711 0.000119914
3712 0.000119914
3713 0.000119914
3714 0.000119914
3715 0.000119914
3716 0.000119914
3717 0.000119914
3718 0.000119914
3719 0.000119914
3720 0.000119914
3721 0.000119914
3722 0.000119914
3723 0.000119914
3724 0.000119914
3725 0.000119914
3726 0.000119914
3727 0.000119914
3728 0.000119914
3729 0.000119914
3730 0.000119914
3731 0.000119914
3732 0.000119914
3733 0.000119914
3734 0.000119914
3735 0.000119914
3736 0.000119914
3737 0.000119914
3738 0.000119914
3739 0.000119914
3740 0.000119914
3741 0.000119914
3742 0.000119914
3743 0.000119914
3744 0.000119914
3745 0.000119914
3746 0.000119914
3747 0.000119914
3748 0.000119914
3749 0.000119914
3750 0.000119914
3751 0.000119914
3752 0.000119914
3753 0.000119914
3754 0.000119914
3755 0.000119914
3756 0.000119914
3757 0.000119914
3758 0.000119914
3759 0.000119914
3760 0.000119914
3761 0.000119914
3762 0.000119914
3763 0.000119914
3764 0.000119914
3765 0.000119914
3766 0.000119914
3767 0.000119914
3768 0.000119914
3769 0.000119914
3770 0.000119914
3771 0.000119914
3772 0.000119914
3773 0.000119914
3774 0.000119914
3775 0.000119914
3776 0.000119914
3777 0.000119914
3778 0.000119914
3779 0.000119914
3780 0.000119914
3781 0.000119914
3782 0.000119914
3783 0.000119914
3784 0.000119914
3785 0.000119914
3786 0.000119914
3787 0.000119914
3788 0.000119914
3789 0.000119914
3790 0.000119914
3791 0.000119914
3792 0.000119914
3793 0.000119914
3794 0.000119914
3795 0.000119914
3796 0.000119914
3797 0.000119914
3798 0.000119914
3799 0.000119914
3800 0.000119914
3801 0.000119914
3802 0.000119914
3803 0.000119914
3804 0.000119914
3805 0.000119914
3806 0.000119914
3807 0.000119914
3808 0.000119914
3809 0.000119914
3810 0.000119914
3811 0.000119914
3812 0.000119914
3813 0.000119914
3814 0.000119914
3815 0.000119914
3816 0.000119914
3817 0.000119914
3818 0.000119914
3819 0.000119914
3820 0.000119914
3821 0.000119914
3822 0.000119914
3823 0.000119914
3824 0.000119914
3825 0.000119914
3826 0.000119914
3827 0.000119914
3828 0.000119914
3829 0.000119914
3830 0.000119914
3831 0.000119914
3832 0.000119914
3833 0.000119914
3834 0.000119914
3835 0.000119914
3836 0.000119914
3837 0.000119914
3838 0.000119914
3839 0.000119914
3840 0.000119914
3841 0.000119914
3842 0.000119914
3843 0.000119914
3844 0.000119914
3845 0.000119914
3846 0.000119914
3847 0.000119914
3848 0.000119914
3849 0.000119914
3850 0.000119914
3851 0.000119914
3852 0.000119914
3853 0.000119914
3854 0.000119914
3855 0.000119914
3856 0.000119914
3857 0.000119914
3858 0.000119914
3859 0.000119914
3860 0.000119914
3861 0.000119914
3862 0.000119914
3863 0.000119914
3864 0.000119914
3865 0.000119914
3866 0.000119914
3867 0.000119914
3868 0.000119914
3869 0.000119914
3870 0.000119914
3871 0.000119914
3872 0.000119914
3873 0.000119914
3874 0.000119914
3875 0.000119914
3876 0.000119914
3877 0.000119914
3878 0.000119914
3879 0.000119914
3880 0.000119914
3881 0.000119914
3882 0.000119914
3883 0.000119914
3884 0.000119914
3885 0.000119914
3886 0.000119914
3887 0.000119914
3888 0.000119914
3889 0.000119914
3890 0.000119914
3891 0.000119914
3892 0.000119914
3893 0.000119914
3894 0.000119914
3895 0.000119914
3896 0.000119914
3897 0.000119914
3898 0.000119914
3899 0.000119914
3900 0.000119914
3901 0.000119914
3902 0.000119914
3903 0.000119914
3904 0.000119914
3905 0.000119914
3906 0.000119914
3907 0.000119914
3908 0.000119914
3909 0.000119914
3910 0.000119914
3911 0.000119914
3912 0.000119914
3913 0.000119914
3914 0.000119914
3915 0.000119914
3916 0.000119914
3917 0.000119914
3918 0.000119914
3919 0.000119914
3920 0.000119914
3921 7.99424e-05
3922 7.99424e-05
3923 7.99424e-05
3924 7.99424e-05
3925 7.99424e-05
3926 7.99424e-05
3927 7.99424e-05
3928 7.99424e-05
3929 7.99424e-05
3930 7.99424e-05
3931 7.99424e-05
3932 7.99424e-05
3933 7.99424e-05
3934 7.99424e-05
3935 7.99424e-05
3936 7.99424e-05
3937 7.99424e-05
3938 7.99424e-05
3939 7.99424e-05
3940 7.99424e-05
3941 7.99424e-05
3942 7.99424e-05
3943 7.99424e-05
3944 7.99424e-05
3945 7.99424e-05
3946 7.99424e-05
3947 7.99424e-05
3948 7.99424e-05
3949 7.99424e-05
3950 7.99424e-05
3951 7.99424e-05
3952 7.99424e-05
3953 7.99424e-05
3954 7.99424e-05
3955 7.99424e-05
3956 7.99424e-05
3957 7.99424e-05
3958 7.99424e-05
3959 7.99424e-05
3960 7.99424e-05
3961 7.99424e-05
3962 7.99424e-05
3963 7.99424e-05
3964 7.99424e-05
3965 7.99424e-05
3966 7.99424e-05
3967 7.99424e-05
3968 7.99424e-05
3969 7.99424e-05
3970 7.99424e-05
3971 7.99424e-05
3972 7.99424e-05
3973 7.99424e-05
3974 7.99424e-05
3975 7.99424e-05
3976 7.99424e-05
3977 7.99424e-05
3978 7.99424e-05
3979 7.99424e-05
3980 7.99424e-05
3981 7.99424e-05
3982 7.99424e-05
3983 7.99424e-05
3984 7.99424e-05
3985 7.99424e-05
3986 7.99424e-05
3987 7.99424e-05
3988 7.99424e-05
3989 7.99424e-05
3990 7.99424e-05
3991 7.99424e-05
3992 7.99424e-05
3993 7.99424e-05
3994 7.99424e-05
3995 7.99424e-05
3996 7.99424e-05
3997 7.99424e-05
3998 7.99424e-05
3999 7.99424e-05
4000 7.99424e-05
4001 7.99424e-05
4002 7.99424e-05
4003 7.99424e-05
4004 7.99424e-05
4005 7.99424e-05
4006 7.99424e-05
4007 7.99424e-05
4008 7.99424e-05
4009 7.99424e-05
4010 7.99424e-05
4011 7.99424e-05
4012 7.99424e-05
4013 7.99424e-05
4014 7.99424e-05
4015 7.99424e-05
4016 7.99424e-05
4017 7.99424e-05
4018 7.99424e-05
4019 7.99424e-05
4020 7.99424e-05
4021 7.99424e-05
4022 7.99424e-05
4023 7.99424e-05
4024 7.99424e-05
4025 7.99424e-05
4026 7.99424e-05
4027 7.99424e-05
4028 7.99424e-05
4029 7.99424e-05
4030 7.99424e-05
4031 7.99424e-05
4032 7.99424e-05
4033 7.99424e-05
4034 7.99424e-05
4035 7.99424e-05
4036 7.99424e-05
4037 7.99424e-05
4038 7.99424e-05
4039 7.99424e-05
4040 7.99424e-05
4041 7.99424e-05
4042 7.99424e-05
4043 7.99424e-05
4044 7.99424e-05
4045 7.99424e-05
4046 7.99424e-05
4047 7.99424e-05
4048 7.99424e-05
4049 7.99424e-05
4050 7.99424e-05
4051 7.99424e-05
4052 7.99424e-05
4053 7.99424e-05
4054 7.99424e-05
4055 7.99424e-05
4056 7.99424e-05
4057 7.99424e-05
4058 7.99424e-05
4059 7.99424e-05
4060 7.99424e-05
4061 7.99424e-05
4062 7.99424e-05
4063 7.99424e-05
4064 7.99424e-05
4065 7.99424e-05
4066 7.99424e-05
4067 7.99424e-05
4068 7.99424e-05
4069 7.99424e-05
4070 7.99424e-05
4071 7.99424e-05
4072 7.99424e-05
4073 7.99424e-05
4074 7.99424e-05
4075 7.99424e-05
4076 7.99424e-05
4077 7.99424e-05
4078 7.99424e-05
4079 7.99424e-05
4080 7.99424e-05
4081 7.99424e-05
4082 7.99424e-05
4083 7.99424e-05
4084 7.99424e-05
4085 7.99424e-05
4086 7.99424e-05
4087 7.99424e-05
4088 7.99424e-05
4089 7.99424e-05
4090 7.99424e-05
4091 7.99424e-05
4092 7.99424e-05
4093 7.99424e-05
4094 7.99424e-05
4095 7.99424e-05
4096 7.99424e-05
4097 7.99424e-05
4098 7.99424e-05
4099 7.99424e-05
4100 7.99424e-05
4101 7.99424e-05
4102 7.99424e-05
4103 7.99424e-05
4104 7.99424e-05
4105 7.99424e-05
4106 7.99424e-05
4107 7.99424e-05
4108 7.99424e-05
4109 7.99424e-05
4110 7.99424e-05
4111 7.99424e-05
4112 7.99424e-05
4113 7.99424e-05
4114 7.99424e-05
4115 7.99424e-05
4116 7.99424e-05
4117 7.99424e-05
4118 7.99424e-05
4119 7.99424e-05
4120 7.99424e-05
4121 7.99424e-05
4122 7.99424e-05
4123 7.99424e-05
4124 7.99424e-05
4125 7.99424e-05
4126 7.99424e-05
4127 7.99424e-05
4128 7.99424e-05
4129 7.99424e-05
4130 7.99424e-05
4131 7.99424e-05
4132 7.99424e-05
4133 7.99424e-05
4134 7.99424e-05
4135 7.99424e-05
4136 7.99424e-05
4137 7.99424e-05
4138 7.99424e-05
4139 7.99424e-05
4140 7.99424e-05
4141 7.99424e-05
4142 7.99424e-05
4143 7.99424e-05
4144 7.99424e-05
4145 7.99424e-05
4146 7.99424e-05
4147 7.99424e-05
4148 7.99424e-05
4149 7.99424e-05
4150 7.99424e-05
4151 7.99424e-05
4152 7.99424e-05
4153 7.99424e-05
4154 7.99424e-05
4155 7.99424e-05
4156 7.99424e-05
4157 7.99424e-05
4158 7.99424e-05
4159 7.99424e-05
4160 7.99424e-05
4161 7.99424e-05
4162 7.99424e-05
4163 7.99424e-05
4164 7.99424e-05
4165 7.99424e-05
4166 7.99424e-05
4167 7.99424e-05
4168 7.99424e-05
4169 7.99424e-05
4170 7.99424e-05
4171 7.99424e-05
4172 7.99424e-05
4173 7.99424e-05
4174 7.99424e-05
4175 7.99424e-05
4176 7.99424e-05
4177 7.99424e-05
4178 7.99424e-05
4179 7.99424e-05
4180 7.99424e-05
4181 7.99424e-05
4182 7.99424e-05
4183 7.99424e-05
4184 7.99424e-05
4185 7.99424e-05
4186 7.99424e-05
4187 7.99424e-05
4188 7.99424e-05
4189 7.99424e-05
4190 7.99424e-05
4191 7.99424e-05
4192 7.99424e-05
4193 7.99424e-05
4194 7.99424e-05
4195 7.99424e-05
4196 7.99424e-05
4197 7.99424e-05
4198 7.99424e-05
4199 7.99424e-05
4200 7.99424e-05
4201 7.99424e-05
4202 7.99424e-05
4203 7.99424e-05
4204 7.99424e-05
4205 7.99424e-05
4206 7.99424e-05
4207 7.99424e-05
4208 7.99424e-05
4209 7.99424e-05
4210 7.99424e-05
4211 7.99424e-05
4212 7.99424e-05
4213 7.99424e-05
4214 7.99424e-05
4215 7.99424e-05
4216 7.99424e-05
4217 7.99424e-05
4218 7.99424e-05
4219 7.99424e-05
4220 7.99424e-05
4221 7.99424e-05
4222 7.99424e-05
4223 7.99424e-05
4224 7.99424e-05
4225 7.99424e-05
4226 7.99424e-05
4227 7.99424e-05
4228 7.99424e-05
4229 7.99424e-05
4230 7.99424e-05
4231 7.99424e-05
4232 7.99424e-05
4233 7.99424e-05
4234 7.99424e-05
4235 7.99424e-05
4236 7.99424e-05
4237 7.99424e-05
4238 7.99424e-05
4239 7.99424e-05
4240 7.99424e-05
4241 7.99424e-05
4242 7.99424e-05
4243 7.99424e-05
4244 7.99424e-05
4245 7.99424e-05
4246 7.99424e-05
4247 7.99424e-05
4248 7.99424e-05
4249 7.99424e-05
4250 7.99424e-05
4251 7.99424e-05
4252 7.99424e-05
4253 7.99424e-05
4254 7.99424e-05
4255 7.99424e-05
4256 7.99424e-05
4257 7.99424e-05
4258 7.99424e-05
4259 7.99424e-05
4260 7.99424e-05
4261 7.99424e-05
4262 7.99424e-05
4263 7.99424e-05
4264 7.99424e-05
4265 7.99424e-05
4266 7.99424e-05
4267 7.99424e-05
4268 7.99424e-05
4269 7.99424e-05
4270 7.99424e-05
4271 7.99424e-05
4272 7.99424e-05
4273 7.99424e-05
4274 7.99424e-05
4275 7.99424e-05
4276 7.99424e-05
4277 7.99424e-05
4278 7.99424e-05
4279 7.99424e-05
4280 7.99424e-05
4281 7.99424e-05
4282 7.99424e-05
4283 7.99424e-05
4284 7.99424e-05
4285 7.99424e-05
4286 7.99424e-05
4287 7.99424e-05
4288 7.99424e-05
4289 7.99424e-05
4290 7.99424e-05
4291 7.99424e-05
4292 7.99424e-05
4293 7.99424e-05
4294 7.99424e-05
4295 7.99424e-05
4296 7.99424e-05
4297 7.99424e-05
4298 7.99424e-05
4299 7.99424e-05
4300 7.99424e-05
4301 7.99424e-05
4302 7.99424e-05
4303 7.99424e-05
4304 7.99424e-05
4305 7.99424e-05
4306 7.99424e-05
4307 7.99424e-05
4308 7.99424e-05
4309 7.99424e-05
4310 7.99424e-05
4311 7.99424e-05
4312 7.99424e-05
4313 7.99424e-05
4314 7.99424e-05
4315 7.99424e-05
4316 7.99424e-05
4317 7.99424e-05
4318 7.99424e-05
4319 7.99424e-05
4320 7.99424e-05
4321 7.99424e-05
4322 7.99424e-05
4323 7.99424e-05
4324 7.99424e-05
4325 7.99424e-05
4326 7.99424e-05
4327 7.99424e-05
4328 7.99424e-05
4329 7.99424e-05
4330 7.99424e-05
4331 7.99424e-05
4332 7.99424e-05
4333 7.99424e-05
4334 7.99424e-05
4335 7.99424e-05
4336 7.99424e-05
4337 7.99424e-05
4338 7.99424e-05
4339 7.99424e-05
4340 7.99424e-05
4341 7.99424e-05
4342 7.99424e-05
4343 7.99424e-05
4344 7.99424e-05
4345 7.99424e-05
4346 7.99424e-05
4347 7.99424e-05
4348 7.99424e-05
4349 7.99424e-05
4350 7.99424e-05
4351 7.99424e-05
4352 7.99424e-05
4353 7.99424e-05
4354 7.99424e-05
4355 7.99424e-05
4356 7.99424e-05
4357 7.99424e-05
4358 7.99424e-05
4359 7.99424e-05
4360 7.99424e-05
4361 7.99424e-05
4362 7.99424e-05
4363 7.99424e-05
4364 7.99424e-05
4365 7.99424e-05
4366 7.99424e-05
4367 7.99424e-05
4368 7.99424e-05
4369 7.99424e-05
4370 7.99424e-05
4371 7.99424e-05
4372 7.99424e-05
4373 7.99424e-05
4374 7.99424e-05
4375 7.99424e-05
4376 7.99424e-05
4377 7.99424e-05
4378 7.99424e-05
4379 7.99424e-05
4380 7.99424e-05
4381 7.99424e-05
4382 7.99424e-05
4383 7.99424e-05
4384 7.99424e-05
4385 7.99424e-05
4386 7.99424e-05
4387 7.99424e-05
4388 7.99424e-05
4389 7.99424e-05
4390 7.99424e-05
4391 7.99424e-05
4392 7.99424e-05
4393 7.99424e-05
4394 7.99424e-05
4395 7.99424e-05
4396 7.99424e-05
4397 7.99424e-05
4398 7.99424e-05
4399 7.99424e-05
4400 7.99424e-05
4401 7.99424e-05
4402 7.99424e-05
4403 7.99424e-05
4404 7.99424e-05
4405 7.99424e-05
4406 7.99424e-05
4407 7.99424e-05
4408 7.99424e-05
4409 7.99424e-05
4410 7.99424e-05
4411 7.99424e-05
4412 7.99424e-05
4413 7.99424e-05
4414 7.99424e-05
4415 7.99424e-05
4416 7.99424e-05
4417 7.99424e-05
4418 7.99424e-05
4419 7.99424e-05
4420 7.99424e-05
4421 7.99424e-05
4422 7.99424e-05
4423 7.99424e-05
4424 7.99424e-05
4425 7.99424e-05
4426 7.99424e-05
4427 7.99424e-05
4428 7.99424e-05
4429 7.99424e-05
4430 7.99424e-05
4431 7.99424e-05
4432 7.99424e-05
4433 7.99424e-05
4434 7.99424e-05
4435 7.99424e-05
4436 7.99424e-05
4437 7.99424e-05
4438 7.99424e-05
4439 7.99424e-05
4440 7.99424e-05
4441 7.99424e-05
4442 7.99424e-05
4443 7.99424e-05
4444 7.99424e-05
4445 7.99424e-05
4446 7.99424e-05
4447 7.99424e-05
4448 7.99424e-05
4449 7.99424e-05
4450 7.99424e-05
4451 7.99424e-05
4452 7.99424e-05
4453 7.99424e-05
4454 7.99424e-05
4455 7.99424e-05
4456 7.99424e-05
4457 7.99424e-05
4458 7.99424e-05
4459 7.99424e-05
4460 7.99424e-05
4461 7.99424e-05
4462 7.99424e-05
4463 7.99424e-05
4464 7.99424e-05
4465 7.99424e-05
4466 7.99424e-05
4467 7.99424e-05
4468 7.99424e-05
4469 7.99424e-05
4470 7.99424e-05
4471 7.99424e-05
4472 7.99424e-05
4473 7.99424e-05
4474 7.99424e-05
4475 7.99424e-05
4476 7.99424e-05
4477 7.99424e-05
4478 7.99424e-05
4479 7.99424e-05
4480 7.99424e-05
4481 7.99424e-05
4482 7.99424e-05
4483 7.99424e-05
4484 7.99424e-05
4485 7.99424e-05
4486 7.99424e-05
4487 7.99424e-05
4488 7.99424e-05
4489 7.99424e-05
4490 7.99424e-05
4491 7.99424e-05
4492 7.99424e-05
4493 7.99424e-05
4494 7.99424e-05
4495 7.99424e-05
4496 7.99424e-05
4497 7.99424e-05
4498 7.99424e-05
4499 7.99424e-05
4500 7.99424e-05
4501 7.99424e-05
4502 7.99424e-05
4503 7.99424e-05
4504 7.99424e-05
4505 7.99424e-05
4506 7.99424e-05
4507 7.99424e-05
4508 7.99424e-05
4509 7.99424e-05
4510 7.99424e-05
4511 7.99424e-05
4512 7.99424e-05
4513 7.99424e-05
4514 7.99424e-05
4515 7.99424e-05
4516 7.99424e-05
4517 7.99424e-05
4518 7.99424e-05
4519 7.99424e-05
4520 7.99424e-05
4521 7.99424e-05
4522 7.99424e-05
4523 7.99424e-05
4524 7.99424e-05
4525 7.99424e-05
4526 7.99424e-05
4527 7.99424e-05
4528 7.99424e-05
4529 7.99424e-05
4530 7.99424e-05
4531 7.99424e-05
4532 7.99424e-05
4533 7.99424e-05
4534 7.99424e-05
4535 7.99424e-05
4536 7.99424e-05
4537 7.99424e-05
4538 7.99424e-05
4539 7.99424e-05
4540 7.99424e-05
4541 7.99424e-05
4542 7.99424e-05
4543 7.99424e-05
4544 7.99424e-05
4545 7.99424e-05
4546 7.99424e-05
4547 7.99424e-05
4548 7.99424e-05
4549 7.99424e-05
4550 7.99424e-05
4551 7.99424e-05
4552 7.99424e-05
4553 7.99424e-05
4554 7.99424e-05
4555 7.99424e-05
4556 7.99424e-05
4557 7.99424e-05
4558 7.99424e-05
4559 7.99424e-05
4560 7.99424e-05
4561 7.99424e-05
4562 7.99424e-05
4563 7.99424e-05
4564 7.99424e-05
4565 7.99424e-05
4566 7.99424e-05
4567 7.99424e-05
4568 7.99424e-05
4569 7.99424e-05
4570 7.99424e-05
4571 7.99424e-05
4572 7.99424e-05
4573 7.99424e-05
4574 7.99424e-05
4575 7.99424e-05
4576 7.99424e-05
4577 7.99424e-05
4578 7.99424e-05
4579 7.99424e-05
4580 7.99424e-05
4581 7.99424e-05
4582 7.99424e-05
4583 7.99424e-05
4584 7.99424e-05
4585 7.99424e-05
4586 7.99424e-05
4587 7.99424e-05
4588 7.99424e-05
4589 7.99424e-05
4590 7.99424e-05
4591 7.99424e-05
4592 7.99424e-05
4593 7.99424e-05
4594 7.99424e-05
4595 7.99424e-05
4596 7.99424e-05
4597 7.99424e-05
4598 7.99424e-05
4599 7.99424e-05
4600 7.99424e-05
4601 7.99424e-05
4602 7.99424e-05
4603 7.99424e-05
4604 7.99424e-05
4605 7.99424e-05
4606 7.99424e-05
4607 7.99424e-05
4608 7.99424e-05
4609 7.99424e-05
4610 7.99424e-05
4611 7.99424e-05
4612 7.99424e-05
4613 7.99424e-05
4614 7.99424e-05
4615 7.99424e-05
4616 7.99424e-05
4617 7.99424e-05
4618 7.99424e-05
4619 7.99424e-05
4620 7.99424e-05
4621 7.99424e-05
4622 7.99424e-05
4623 7.99424e-05
4624 7.99424e-05
4625 7.99424e-05
4626 7.99424e-05
4627 7.99424e-05
4628 7.99424e-05
4629 7.99424e-05
4630 7.99424e-05
4631 7.99424e-05
4632 7.99424e-05
4633 7.99424e-05
4634 7.99424e-05
4635 7.99424e-05
4636 7.99424e-05
4637 7.99424e-05
4638 7.99424e-05
4639 7.99424e-05
4640 7.99424e-05
4641 7.99424e-05
4642 7.99424e-05
4643 7.99424e-05
4644 7.99424e-05
4645 7.99424e-05
4646 7.99424e-05
4647 7.99424e-05
4648 7.99424e-05
4649 7.99424e-05
4650 7.99424e-05
4651 7.99424e-05
4652 7.99424e-05
4653 7.99424e-05
4654 7.99424e-05
4655 7.99424e-05
4656 7.99424e-05
4657 7.99424e-05
4658 7.99424e-05
4659 7.99424e-05
4660 7.99424e-05
4661 7.99424e-05
4662 7.99424e-05
4663 7.99424e-05
4664 7.99424e-05
4665 7.99424e-05
4666 7.99424e-05
4667 7.99424e-05
4668 7.99424e-05
4669 7.99424e-05
4670 7.99424e-05
4671 7.99424e-05
4672 7.99424e-05
4673 7.99424e-05
4674 7.99424e-05
4675 7.99424e-05
4676 7.99424e-05
4677 7.99424e-05
4678 7.99424e-05
4679 7.99424e-05
4680 7.99424e-05
4681 7.99424e-05
4682 7.99424e-05
4683 7.99424e-05
4684 7.99424e-05
4685 7.99424e-05
4686 7.99424e-05
4687 7.99424e-05
4688 7.99424e-05
4689 7.99424e-05
4690 7.99424e-05
4691 7.99424e-05
4692 7.99424e-05
4693 7.99424e-05
4694 7.99424e-05
4695 7.99424e-05
4696 7.99424e-05
4697 7.99424e-05
4698 7.99424e-05
4699 7.99424e-05
4700 7.99424e-05
4701 7.99424e-05
4702 7.99424e-05
4703 7.99424e-05
4704 7.99424e-05
4705 7.99424e-05
4706 7.99424e-05
4707 7.99424e-05
4708 7.99424e-05
4709 7.99424e-05
4710 7.99424e-05
4711 7.99424e-05
4712 7.99424e-05
4713 7.99424e-05
4714 7.99424e-05
4715 7.99424e-05
4716 7.99424e-05
4717 7.99424e-05
4718 7.99424e-05
4719 7.99424e-05
4720 7.99424e-05
4721 7.99424e-05
4722 7.99424e-05
4723 7.99424e-05
4724 7.99424e-05
4725 7.99424e-05
4726 7.99424e-05
4727 7.99424e-05
4728 7.99424e-05
4729 7.99424e-05
4730 7.99424e-05
4731 7.99424e-05
4732 7.99424e-05
4733 7.99424e-05
4734 7.99424e-05
4735 7.99424e-05
4736 7.99424e-05
4737 7.99424e-05
4738 7.99424e-05
4739 7.99424e-05
4740 7.99424e-05
4741 7.99424e-05
4742 7.99424e-05
4743 7.99424e-05
4744 7.99424e-05
4745 7.99424e-05
4746 7.99424e-05
4747 7.99424e-05
4748 7.99424e-05
4749 7.99424e-05
4750 7.99424e-05
4751 7.99424e-05
4752 7.99424e-05
4753 7.99424e-05
4754 7.99424e-05
4755 7.99424e-05
4756 7.99424e-05
4757 7.99424e-05
4758 7.99424e-05
4759 7.99424e-05
4760 7.99424e-05
4761 7.99424e-05
4762 7.99424e-05
4763 7.99424e-05
4764 7.99424e-05
4765 7.99424e-05
4766 7.99424e-05
4767 7.99424e-05
4768 7.99424e-05
4769 7.99424e-05
4770 7.99424e-05
4771 7.99424e-05
4772 7.99424e-05
4773 7.99424e-05
4774 7.99424e-05
4775 7.99424e-05
4776 7.99424e-05
4777 7.99424e-05
4778 7.99424e-05
4779 7.99424e-05
4780 7.99424e-05
4781 7.99424e-05
4782 7.99424e-05
4783 7.99424e-05
4784 7.99424e-05
4785 7.99424e-05
4786 7.99424e-05
4787 7.99424e-05
4788 7.99424e-05
4789 7.99424e-05
4790 7.99424e-05
4791 7.99424e-05
4792 7.99424e-05
4793 3.99712e-05
4794 3.99712e-05
4795 3.99712e-05
4796 3.99712e-05
4797 3.99712e-05
4798 3.99712e-05
4799 3.99712e-05
4800 3.99712e-05
4801 3.99712e-05
4802 3.99712e-05
4803 3.99712e-05
4804 3.99712e-05
4805 3.99712e-05
4806 3.99712e-05
4807 3.99712e-05
4808 3.99712e-05
4809 3.99712e-05
4810 3.99712e-05
4811 3.99712e-05
4812 3.99712e-05
4813 3.99712e-05
4814 3.99712e-05
4815 3.99712e-05
4816 3.99712e-05
4817 3.99712e-05
4818 3.99712e-05
4819 3.99712e-05
4820 3.99712e-05
4821 3.99712e-05
4822 3.99712e-05
4823 3.99712e-05
4824 3.99712e-05
4825 3.99712e-05
4826 3.99712e-05
4827 3.99712e-05
4828 3.99712e-05
4829 3.99712e-05
4830 3.99712e-05
4831 3.99712e-05
4832 3.99712e-05
4833 3.99712e-05
4834 3.99712e-05
4835 3.99712e-05
4836 3.99712e-05
4837 3.99712e-05
4838 3.99712e-05
4839 3.99712e-05
4840 3.99712e-05
4841 3.99712e-05
4842 3.99712e-05
4843 3.99712e-05
4844 3.99712e-05
4845 3.99712e-05
4846 3.99712e-05
4847 3.99712e-05
4848 3.99712e-05
4849 3.99712e-05
4850 3.99712e-05
4851 3.99712e-05
4852 3.99712e-05
4853 3.99712e-05
4854 3.99712e-05
4855 3.99712e-05
4856 3.99712e-05
4857 3.99712e-05
4858 3.99712e-05
4859 3.99712e-05
4860 3.99712e-05
4861 3.99712e-05
4862 3.99712e-05
4863 3.99712e-05
4864 3.99712e-05
4865 3.99712e-05
4866 3.99712e-05
4867 3.99712e-05
4868 3.99712e-05
4869 3.99712e-05
4870 3.99712e-05
4871 3.99712e-05
4872 3.99712e-05
4873 3.99712e-05
4874 3.99712e-05
4875 3.99712e-05
4876 3.99712e-05
4877 3.99712e-05
4878 3.99712e-05
4879 3.99712e-05
4880 3.99712e-05
4881 3.99712e-05
4882 3.99712e-05
4883 3.99712e-05
4884 3.99712e-05
4885 3.99712e-05
4886 3.99712e-05
4887 3.99712e-05
4888 3.99712e-05
4889 3.99712e-05
4890 3.99712e-05
4891 3.99712e-05
4892 3.99712e-05
4893 3.99712e-05
4894 3.99712e-05
4895 3.99712e-05
4896 3.99712e-05
4897 3.99712e-05
4898 3.99712e-05
4899 3.99712e-05
4900 3.99712e-05
4901 3.99712e-05
4902 3.99712e-05
4903 3.99712e-05
4904 3.99712e-05
4905 3.99712e-05
4906 3.99712e-05
4907 3.99712e-05
4908 3.99712e-05
4909 3.99712e-05
4910 3.99712e-05
4911 3.99712e-05
4912 3.99712e-05
4913 3.99712e-05
4914 3.99712e-05
4915 3.99712e-05
4916 3.99712e-05
4917 3.99712e-05
4918 3.99712e-05
4919 3.99712e-05
4920 3.99712e-05
4921 3.99712e-05
4922 3.99712e-05
4923 3.99712e-05
4924 3.99712e-05
4925 3.99712e-05
4926 3.99712e-05
4927 3.99712e-05
4928 3.99712e-05
4929 3.99712e-05
4930 3.99712e-05
4931 3.99712e-05
4932 3.99712e-05
4933 3.99712e-05
4934 3.99712e-05
4935 3.99712e-05
4936 3.99712e-05
4937 3.99712e-05
4938 3.99712e-05
4939 3.99712e-05
4940 3.99712e-05
4941 3.99712e-05
4942 3.99712e-05
4943 3.99712e-05
4944 3.99712e-05
4945 3.99712e-05
4946 3.99712e-05
4947 3.99712e-05
4948 3.99712e-05
4949 3.99712e-05
4950 3.99712e-05
4951 3.99712e-05
4952 3.99712e-05
4953 3.99712e-05
4954 3.99712e-05
4955 3.99712e-05
4956 3.99712e-05
4957 3.99712e-05
4958 3.99712e-05
4959 3.99712e-05
4960 3.99712e-05
4961 3.99712e-05
4962 3.99712e-05
4963 3.99712e-05
4964 3.99712e-05
4965 3.99712e-05
4966 3.99712e-05
4967 3.99712e-05
4968 3.99712e-05
4969 3.99712e-05
4970 3.99712e-05
4971 3.99712e-05
4972 3.99712e-05
4973 3.99712e-05
4974 3.99712e-05
4975 3.99712e-05
4976 3.99712e-05
4977 3.99712e-05
4978 3.99712e-05
4979 3.99712e-05
4980 3.99712e-05
4981 3.99712e-05
4982 3.99712e-05
4983 3.99712e-05
4984 3.99712e-05
4985 3.99712e-05
4986 3.99712e-05
4987 3.99712e-05
4988 3.99712e-05
4989 3.99712e-05
4990 3.99712e-05
4991 3.99712e-05
4992 3.99712e-05
4993 3.99712e-05
4994 3.99712e-05
4995 3.99712e-05
4996 3.99712e-05
4997 3.99712e-05
4998 3.99712e-05
4999 3.99712e-05
5000 3.99712e-05
5001 3.99712e-05
5002 3.99712e-05
5003 3.99712e-05
5004 3.99712e-05
5005 3.99712e-05
5006 3.99712e-05
5007 3.99712e-05
5008 3.99712e-05
5009 3.99712e-05
5010 3.99712e-05
5011 3.99712e-05
5012 3.99712e-05
5013 3.99712e-05
5014 3.99712e-05
5015 3.99712e-05
5016 3.99712e-05
5017 3.99712e-05
5018 3.99712e-05
5019 3.99712e-05
5020 3.99712e-05
5021 3.99712e-05
5022 3.99712e-05
5023 3.99712e-05
5024 3.99712e-05
5025 3.99712e-05
5026 3.99712e-05
5027 3.99712e-05
5028 3.99712e-05
5029 3.99712e-05
5030 3.99712e-05
5031 3.99712e-05
5032 3.99712e-05
5033 3.99712e-05
5034 3.99712e-05
5035 3.99712e-05
5036 3.99712e-05
5037 3.99712e-05
5038 3.99712e-05
5039 3.99712e-05
5040 3.99712e-05
5041 3.99712e-05
5042 3.99712e-05
5043 3.99712e-05
5044 3.99712e-05
5045 3.99712e-05
5046 3.99712e-05
5047 3.99712e-05
5048 3.99712e-05
5049 3.99712e-05
5050 3.99712e-05
5051 3.99712e-05
5052 3.99712e-05
5053 3.99712e-05
5054 3.99712e-05
5055 3.99712e-05
5056 3.99712e-05
5057 3.99712e-05
5058 3.99712e-05
5059 3.99712e-05
5060 3.99712e-05
5061 3.99712e-05
5062 3.99712e-05
5063 3.99712e-05
5064 3.99712e-05
5065 3.99712e-05
5066 3.99712e-05
5067 3.99712e-05
5068 3.99712e-05
5069 3.99712e-05
5070 3.99712e-05
5071 3.99712e-05
5072 3.99712e-05
5073 3.99712e-05
5074 3.99712e-05
5075 3.99712e-05
5076 3.99712e-05
5077 3.99712e-05
5078 3.99712e-05
5079 3.99712e-05
5080 3.99712e-05
5081 3.99712e-05
5082 3.99712e-05
5083 3.99712e-05
5084 3.99712e-05
5085 3.99712e-05
5086 3.99712e-05
5087 3.99712e-05
5088 3.99712e-05
5089 3.99712e-05
5090 3.99712e-05
5091 3.99712e-05
5092 3.99712e-05
5093 3.99712e-05
5094 3.99712e-05
5095 3.99712e-05
5096 3.99712e-05
5097 3.99712e-05
5098 3.99712e-05
5099 3.99712e-05
5100 3.99712e-05
5101 3.99712e-05
5102 3.99712e-05
5103 3.99712e-05
5104 3.99712e-05
5105 3.99712e-05
5106 3.99712e-05
5107 3.99712e-05
5108 3.99712e-05
5109 3.99712e-05
5110 3.99712e-05
5111 3.99712e-05
5112 3.99712e-05
5113 3.99712e-05
5114 3.99712e-05
5115 3.99712e-05
5116 3.99712e-05
5117 3.99712e-05
5118 3.99712e-05
5119 3.99712e-05
5120 3.99712e-05
5121 3.99712e-05
5122 3.99712e-05
5123 3.99712e-05
5124 3.99712e-05
5125 3.99712e-05
5126 3.99712e-05
5127 3.99712e-05
5128 3.99712e-05
5129 3.99712e-05
5130 3.99712e-05
5131 3.99712e-05
5132 3.99712e-05
5133 3.99712e-05
5134 3.99712e-05
5135 3.99712e-05
5136 3.99712e-05
5137 3.99712e-05
5138 3.99712e-05
5139 3.99712e-05
5140 3.99712e-05
5141 3.99712e-05
5142 3.99712e-05
5143 3.99712e-05
5144 3.99712e-05
5145 3.99712e-05
5146 3.99712e-05
5147 3.99712e-05
5148 3.99712e-05
5149 3.99712e-05
5150 3.99712e-05
5151 3.99712e-05
5152 3.99712e-05
5153 3.99712e-05
5154 3.99712e-05
5155 3.99712e-05
5156 3.99712e-05
5157 3.99712e-05
5158 3.99712e-05
5159 3.99712e-05
5160 3.99712e-05
5161 3.99712e-05
5162 3.99712e-05
5163 3.99712e-05
5164 3.99712e-05
5165 3.99712e-05
5166 3.99712e-05
5167 3.99712e-05
5168 3.99712e-05
5169 3.99712e-05
5170 3.99712e-05
5171 3.99712e-05
5172 3.99712e-05
5173 3.99712e-05
5174 3.99712e-05
5175 3.99712e-05
5176 3.99712e-05
5177 3.99712e-05
5178 3.99712e-05
5179 3.99712e-05
5180 3.99712e-05
5181 3.99712e-05
5182 3.99712e-05
5183 3.99712e-05
5184 3.99712e-05
5185 3.99712e-05
5186 3.99712e-05
5187 3.99712e-05
5188 3.99712e-05
5189 3.99712e-05
5190 3.99712e-05
5191 3.99712e-05
5192 3.99712e-05
5193 3.99712e-05
5194 3.99712e-05
5195 3.99712e-05
5196 3.99712e-05
5197 3.99712e-05
5198 3.99712e-05
5199 3.99712e-05
5200 3.99712e-05
5201 3.99712e-05
5202 3.99712e-05
5203 3.99712e-05
5204 3.99712e-05
5205 3.99712e-05
5206 3.99712e-05
5207 3.99712e-05
5208 3.99712e-05
5209 3.99712e-05
5210 3.99712e-05
5211 3.99712e-05
5212 3.99712e-05
5213 3.99712e-05
5214 3.99712e-05
5215 3.99712e-05
5216 3.99712e-05
5217 3.99712e-05
5218 3.99712e-05
5219 3.99712e-05
5220 3.99712e-05
5221 3.99712e-05
5222 3.99712e-05
5223 3.99712e-05
5224 3.99712e-05
5225 3.99712e-05
5226 3.99712e-05
5227 3.99712e-05
5228 3.99712e-05
5229 3.99712e-05
5230 3.99712e-05
5231 3.99712e-05
5232 3.99712e-05
5233 3.99712e-05
5234 3.99712e-05
5235 3.99712e-05
5236 3.99712e-05
5237 3.99712e-05
5238 3.99712e-05
5239 3.99712e-05
5240 3.99712e-05
5241 3.99712e-05
5242 3.99712e-05
5243 3.99712e-05
5244 3.99712e-05
5245 3.99712e-05
5246 3.99712e-05
5247 3.99712e-05
5248 3.99712e-05
5249 3.99712e-05
5250 3.99712e-05
5251 3.99712e-05
5252 3.99712e-05
5253 3.99712e-05
5254 3.99712e-05
5255 3.99712e-05
5256 3.99712e-05
5257 3.99712e-05
5258 3.99712e-05
5259 3.99712e-05
5260 3.99712e-05
5261 3.99712e-05
5262 3.99712e-05
5263 3.99712e-05
5264 3.99712e-05
5265 3.99712e-05
5266 3.99712e-05
5267 3.99712e-05
5268 3.99712e-05
5269 3.99712e-05
5270 3.99712e-05
5271 3.99712e-05
5272 3.99712e-05
5273 3.99712e-05
5274 3.99712e-05
5275 3.99712e-05
5276 3.99712e-05
5277 3.99712e-05
5278 3.99712e-05
5279 3.99712e-05
5280 3.99712e-05
5281 3.99712e-05
5282 3.99712e-05
5283 3.99712e-05
5284 3.99712e-05
5285 3.99712e-05
5286 3.99712e-05
5287 3.99712e-05
5288 3.99712e-05
5289 3.99712e-05
5290 3.99712e-05
5291 3.99712e-05
5292 3.99712e-05
5293 3.99712e-05
5294 3.99712e-05
5295 3.99712e-05
5296 3.99712e-05
5297 3.99712e-05
5298 3.99712e-05
5299 3.99712e-05
5300 3.99712e-05
5301 3.99712e-05
5302 3.99712e-05
5303 3.99712e-05
5304 3.99712e-05
5305 3.99712e-05
5306 3.99712e-05
5307 3.99712e-05
5308 3.99712e-05
5309 3.99712e-05
5310 3.99712e-05
5311 3.99712e-05
5312 3.99712e-05
5313 3.99712e-05
5314 3.99712e-05
5315 3.99712e-05
5316 3.99712e-05
5317 3.99712e-05
5318 3.99712e-05
5319 3.99712e-05
5320 3.99712e-05
5321 3.99712e-05
5322 3.99712e-05
5323 3.99712e-05
5324 3.99712e-05
5325 3.99712e-05
5326 3.99712e-05
5327 3.99712e-05
5328 3.99712e-05
5329 3.99712e-05
5330 3.99712e-05
5331 3.99712e-05
5332 3.99712e-05
5333 3.99712e-05
5334 3.99712e-05
5335 3.99712e-05
5336 3.99712e-05
5337 3.99712e-05
5338 3.99712e-05
5339 3.99712e-05
5340 3.99712e-05
5341 3.99712e-05
5342 3.99712e-05
5343 3.99712e-05
5344 3.99712e-05
5345 3.99712e-05
5346 3.99712e-05
5347 3.99712e-05
5348 3.99712e-05
5349 3.99712e-05
5350 3.99712e-05
5351 3.99712e-05
5352 3.99712e-05
5353 3.99712e-05
5354 3.99712e-05
5355 3.99712e-05
5356 3.99712e-05
5357 3.99712e-05
5358 3.99712e-05
5359 3.99712e-05
5360 3.99712e-05
5361 3.99712e-05
5362 3.99712e-05
5363 3.99712e-05
5364 3.99712e-05
5365 3.99712e-05
5366 3.99712e-05
5367 3.99712e-05
5368 3.99712e-05
5369 3.99712e-05
5370 3.99712e-05
5371 3.99712e-05
5372 3.99712e-05
5373 3.99712e-05
5374 3.99712e-05
5375 3.99712e-05
5376 3.99712e-05
5377 3.99712e-05
5378 3.99712e-05
5379 3.99712e-05
5380 3.99712e-05
5381 3.99712e-05
5382 3.99712e-05
5383 3.99712e-05
5384 3.99712e-05
5385 3.99712e-05
5386 3.99712e-05
5387 3.99712e-05
5388 3.99712e-05
5389 3.99712e-05
5390 3.99712e-05
5391 3.99712e-05
5392 3.99712e-05
5393 3.99712e-05
5394 3.99712e-05
5395 3.99712e-05
5396 3.99712e-05
5397 3.99712e-05
5398 3.99712e-05
5399 3.99712e-05
5400 3.99712e-05
5401 3.99712e-05
5402 3.99712e-05
5403 3.99712e-05
5404 3.99712e-05
5405 3.99712e-05
5406 3.99712e-05
5407 3.99712e-05
5408 3.99712e-05
5409 3.99712e-05
5410 3.99712e-05
5411 3.99712e-05
5412 3.99712e-05
5413 3.99712e-05
5414 3.99712e-05
5415 3.99712e-05
5416 3.99712e-05
5417 3.99712e-05
5418 3.99712e-05
5419 3.99712e-05
5420 3.99712e-05
5421 3.99712e-05
5422 3.99712e-05
5423 3.99712e-05
5424 3.99712e-05
5425 3.99712e-05
5426 3.99712e-05
5427 3.99712e-05
5428 3.99712e-05
5429 3.99712e-05
5430 3.99712e-05
5431 3.99712e-05
5432 3.99712e-05
5433 3.99712e-05
5434 3.99712e-05
5435 3.99712e-05
5436 3.99712e-05
5437 3.99712e-05
5438 3.99712e-05
5439 3.99712e-05
5440 3.99712e-05
5441 3.99712e-05
5442 3.99712e-05
5443 3.99712e-05
5444 3.99712e-05
5445 3.99712e-05
5446 3.99712e-05
5447 3.99712e-05
5448 3.99712e-05
5449 3.99712e-05
5450 3.99712e-05
5451 3.99712e-05
5452 3.99712e-05
5453 3.99712e-05
5454 3.99712e-05
5455 3.99712e-05
5456 3.99712e-05
5457 3.99712e-05
5458 3.99712e-05
5459 3.99712e-05
5460 3.99712e-05
5461 3.99712e-05
5462 3.99712e-05
5463 3.99712e-05
5464 3.99712e-05
5465 3.99712e-05
5466 3.99712e-05
5467 3.99712e-05
5468 3.99712e-05
5469 3.99712e-05
5470 3.99712e-05
5471 3.99712e-05
5472 3.99712e-05
5473 3.99712e-05
5474 3.99712e-05
5475 3.99712e-05
5476 3.99712e-05
5477 3.99712e-05
5478 3.99712e-05
5479 3.99712e-05
5480 3.99712e-05
5481 3.99712e-05
5482 3.99712e-05
5483 3.99712e-05
5484 3.99712e-05
5485 3.99712e-05
5486 3.99712e-05
5487 3.99712e-05
5488 3.99712e-05
5489 3.99712e-05
5490 3.99712e-05
5491 3.99712e-05
5492 3.99712e-05
5493 3.99712e-05
5494 3.99712e-05
5495 3.99712e-05
5496 3.99712e-05
5497 3.99712e-05
5498 3.99712e-05
5499 3.99712e-05
5500 3.99712e-05
5501 3.99712e-05
5502 3.99712e-05
5503 3.99712e-05
5504 3.99712e-05
5505 3.99712e-05
5506 3.99712e-05
5507 3.99712e-05
5508 3.99712e-05
5509 3.99712e-05
5510 3.99712e-05
5511 3.99712e-05
5512 3.99712e-05
5513 3.99712e-05
5514 3.99712e-05
5515 3.99712e-05
5516 3.99712e-05
5517 3.99712e-05
5518 3.99712e-05
5519 3.99712e-05
5520 3.99712e-05
5521 3.99712e-05
5522 3.99712e-05
5523 3.99712e-05
5524 3.99712e-05
5525 3.99712e-05
5526 3.99712e-05
5527 3.99712e-05
5528 3.99712e-05
5529 3.99712e-05
5530 3.99712e-05
5531 3.99712e-05
5532 3.99712e-05
5533 3.99712e-05
5534 3.99712e-05
5535 3.99712e-05
5536 3.99712e-05
