0 1
1 1
2 1
3 1
4 1
5 1
6 1
7 0.999879
8 0.999879
9 0.999879
10 0.999879
11 0.999879
12 0.999879
13 0.999879
14 0.999879
15 0.999517
16 0.999517
17 0.999517
18 0.999517
19 0.999517
20 0.999517
21 0.999517
22 0.999517
23 0.999397
24 0.999397
25 0.999397
26 0.999397
27 0.999397
28 0.999397
29 0.999397
30 0.999397
31 0.999276
32 0.999276
33 0.999276
34 0.999276
35 0.999276
36 0.999276
37 0.999276
38 0.999276
39 0.999035
40 0.999035
41 0.999035
42 0.999035
43 0.999035
44 0.999035
45 0.999035
46 0.999035
47 0.998914
48 0.998914
49 0.998914
50 0.998914
51 0.998914
52 0.998914
53 0.998914
54 0.998914
55 0.998552
56 0.998552
57 0.998552
58 0.998552
59 0.998552
60 0.998552
61 0.998552
62 0.998552
63 0.997949
64 0.997949
65 0.997949
66 0.997949
67 0.997949
68 0.997949
69 0.997949
70 0.997949
71 0.997587
72 0.997587
73 0.997587
74 0.997587
75 0.997587
76 0.997587
77 0.997587
78 0.997587
79 0.997466
80 0.997466
81 0.961385
82 0.961385
83 0.961385
84 0.961385
85 0.961385
86 0.961385
87 0.961144
88 0.961144
89 0.920719
90 0.920719
91 0.920719
92 0.920719
93 0.920719
94 0.920719
95 0.920357
96 0.920357
97 0.882829
98 0.882829
99 0.882829
100 0.882829
101 0.882829
102 0.882829
103 0.882708
104 0.882708
105 0.843369
106 0.843369
107 0.843369
108 0.843369
109 0.843369
110 0.843369
111 0.843128
112 0.843128
113 0.806202
114 0.806202
115 0.806202
116 0.806202
117 0.806202
118 0.806202
119 0.805599
120 0.805599
121 0.767105
122 0.767105
123 0.767105
124 0.767105
125 0.767105
126 0.767105
127 0.766864
128 0.766864
129 0.731266
130 0.731266
131 0.731266
132 0.731266
133 0.731266
134 0.731266
135 0.731145
136 0.731145
137 0.694461
138 0.694461
139 0.694461
140 0.694461
141 0.694461
142 0.694461
143 0.69422
144 0.69422
145 0.663328
146 0.663328
147 0.663328
148 0.663328
149 0.663328
150 0.663328
151 0.663207
152 0.663207
153 0.629661
154 0.629661
155 0.629661
156 0.629661
157 0.629661
158 0.629661
159 0.629299
160 0.629299
161 0.593339
162 0.593339
163 0.593339
164 0.593339
165 0.593339
166 0.593339
167 0.593218
168 0.593218
169 0.564981
170 0.564981
171 0.564981
172 0.564981
173 0.564981
174 0.564981
175 0.564981
176 0.564981
177 0.532641
178 0.532641
179 0.532641
180 0.532641
181 0.532641
182 0.532641
183 0.532038
184 0.532038
185 0.503439
186 0.503439
187 0.503439
188 0.503439
189 0.503439
190 0.503439
191 0.503198
192 0.503198
193 0.472306
194 0.472306
195 0.472306
196 0.472306
197 0.472306
198 0.472306
199 0.471823
200 0.471823
201 0.444793
202 0.444793
203 0.444793
204 0.444793
205 0.444793
206 0.444793
207 0.444793
208 0.444793
209 0.418728
210 0.418728
211 0.418728
212 0.418728
213 0.418728
214 0.418728
215 0.418728
216 0.418728
217 0.394473
218 0.394473
219 0.394473
220 0.394473
221 0.394473
222 0.394473
223 0.394353
224 0.394353
225 0.373115
226 0.373115
227 0.373115
228 0.373115
229 0.373115
230 0.373115
231 0.373115
232 0.373115
233 0.351997
234 0.351997
235 0.351997
236 0.351997
237 0.351997
238 0.351997
239 0.351876
240 0.351876
241 0.330276
242 0.330276
243 0.330276
244 0.330276
245 0.330276
246 0.330276
247 0.330276
248 0.330276
249 0.312296
250 0.312296
251 0.312296
252 0.312296
253 0.312296
254 0.312296
255 0.312296
256 0.312296
257 0.294558
258 0.294558
259 0.294558
260 0.294558
261 0.294558
262 0.294558
263 0.294558
264 0.294558
265 0.278026
266 0.278026
267 0.278026
268 0.278026
269 0.278026
270 0.278026
271 0.278026
272 0.278026
273 0.262097
274 0.262097
275 0.262097
276 0.262097
277 0.262097
278 0.262097
279 0.262097
280 0.262097
281 0.245203
282 0.245203
283 0.245203
284 0.245203
285 0.245203
286 0.245203
287 0.245083
288 0.245083
289 0.233257
290 0.233257
291 0.233257
292 0.233257
293 0.233257
294 0.233257
295 0.233257
296 0.233257
297 0.22119
298 0.22119
299 0.22119
300 0.22119
301 0.22119
302 0.22119
303 0.221069
304 0.221069
305 0.210209
306 0.210209
307 0.210209
308 0.210209
309 0.210209
310 0.210209
311 0.210209
312 0.210209
313 0.198504
314 0.198504
315 0.198504
316 0.198504
317 0.198504
318 0.198504
319 0.198504
320 0.198504
321 0.186799
322 0.186799
323 0.186799
324 0.186799
325 0.186799
326 0.186799
327 0.186678
328 0.186678
329 0.17449
330 0.17449
331 0.17449
332 0.17449
333 0.17449
334 0.17449
335 0.17449
336 0.17449
337 0.165681
338 0.165681
339 0.165681
340 0.165681
341 0.165681
342 0.165681
343 0.165561
344 0.165561
345 0.155786
346 0.155786
347 0.155786
348 0.155786
349 0.155786
350 0.155786
351 0.155666
352 0.155666
353 0.148546
354 0.148546
355 0.148546
356 0.148546
357 0.148546
358 0.148546
359 0.148425
360 0.148425
361 0.139978
362 0.139978
363 0.139978
364 0.139978
365 0.139978
366 0.139978
367 0.139978
368 0.139978
369 0.1331
370 0.1331
371 0.1331
372 0.1331
373 0.1331
374 0.1331
375 0.1331
376 0.1331
377 0.127187
378 0.127187
379 0.127187
380 0.127187
381 0.127187
382 0.127187
383 0.127187
384 0.127187
385 0.121636
386 0.121636
387 0.121636
388 0.121636
389 0.121636
390 0.121636
391 0.121636
392 0.121636
393 0.116327
394 0.116327
395 0.116327
396 0.116327
397 0.116327
398 0.116327
399 0.116327
400 0.116327
401 0.110897
402 0.110897
403 0.110897
404 0.110897
405 0.110897
406 0.110897
407 0.110897
408 0.110897
409 0.105225
410 0.105225
411 0.105225
412 0.105225
413 0.105225
414 0.105225
415 0.105104
416 0.105104
417 0.0994328
418 0.0994328
419 0.0994328
420 0.0994328
421 0.0994328
422 0.0994328
423 0.0994328
424 0.0994328
425 0.0930373
426 0.0930373
427 0.0930373
428 0.0930373
429 0.0930373
430 0.0930373
431 0.0930373
432 0.0930373
433 0.0886931
434 0.0886931
435 0.0886931
436 0.0886931
437 0.0886931
438 0.0886931
439 0.0886931
440 0.0886931
441 0.0842283
442 0.0842283
443 0.0842283
444 0.0842283
445 0.0842283
446 0.0842283
447 0.0842283
448 0.0842283
449 0.0804875
450 0.0804875
451 0.0804875
452 0.0804875
453 0.0804875
454 0.0804875
455 0.0804875
456 0.0804875
457 0.0768674
458 0.0768674
459 0.0768674
460 0.0768674
461 0.0768674
462 0.0768674
463 0.0768674
464 0.0768674
465 0.0724026
466 0.0724026
467 0.0724026
468 0.0724026
469 0.0724026
470 0.0724026
471 0.0724026
472 0.0724026
473 0.0690238
474 0.0690238
475 0.0690238
476 0.0690238
477 0.0690238
478 0.0690238
479 0.0690238
480 0.0690238
481 0.065283
482 0.065283
483 0.065283
484 0.065283
485 0.065283
486 0.065283
487 0.065283
488 0.065283
489 0.0617835
490 0.0617835
491 0.0617835
492 0.0617835
493 0.0617835
494 0.0617835
495 0.0617835
496 0.0617835
497 0.0593701
498 0.0593701
499 0.0593701
500 0.0593701
501 0.0593701
502 0.0593701
503 0.0593701
504 0.0593701
505 0.0573187
506 0.0573187
507 0.0573187
508 0.0573187
509 0.0573187
510 0.0573187
511 0.0573187
512 0.0573187
513 0.0549053
514 0.0549053
515 0.0549053
516 0.0549053
517 0.0549053
518 0.0549053
519 0.0549053
520 0.0549053
521 0.0529745
522 0.0529745
523 0.0529745
524 0.0529745
525 0.0529745
526 0.0529745
527 0.0529745
528 0.0529745
529 0.0501991
530 0.0501991
531 0.0501991
532 0.0501991
533 0.0501991
534 0.0501991
535 0.0501991
536 0.0501991
537 0.047665
538 0.047665
539 0.047665
540 0.047665
541 0.047665
542 0.047665
543 0.047665
544 0.047665
545 0.045855
546 0.045855
547 0.045855
548 0.045855
549 0.045855
550 0.045855
551 0.045855
552 0.045855
553 0.0428382
554 0.0428382
555 0.0428382
556 0.0428382
557 0.0428382
558 0.0428382
559 0.0428382
560 0.0428382
561 0.0400627
562 0.0400627
563 0.0400627
564 0.0400627
565 0.0400627
566 0.0400627
567 0.0400627
568 0.0400627
569 0.0387354
570 0.0387354
571 0.0387354
572 0.0387354
573 0.0387354
574 0.0387354
575 0.0387354
576 0.0387354
577 0.037408
578 0.037408
579 0.037408
580 0.037408
581 0.037408
582 0.037408
583 0.037408
584 0.037408
585 0.0363219
586 0.0363219
587 0.0363219
588 0.0363219
589 0.0363219
590 0.0363219
591 0.0363219
592 0.0363219
593 0.0348739
594 0.0348739
595 0.0348739
596 0.0348739
597 0.0348739
598 0.0348739
599 0.0348739
600 0.0348739
601 0.0329432
602 0.0329432
603 0.0329432
604 0.0329432
605 0.0329432
606 0.0329432
607 0.0329432
608 0.0329432
609 0.0314951
610 0.0314951
611 0.0314951
612 0.0314951
613 0.0314951
614 0.0314951
615 0.0313744
616 0.0313744
617 0.0305297
618 0.0305297
619 0.0305297
620 0.0305297
621 0.0305297
622 0.0305297
623 0.0305297
624 0.0305297
625 0.029685
626 0.029685
627 0.029685
628 0.029685
629 0.029685
630 0.029685
631 0.029685
632 0.029685
633 0.0273923
634 0.0273923
635 0.0273923
636 0.0273923
637 0.0273923
638 0.0273923
639 0.0273923
640 0.0273923
641 0.0265476
642 0.0265476
643 0.0265476
644 0.0265476
645 0.0265476
646 0.0265476
647 0.0265476
648 0.0265476
649 0.0253409
650 0.0253409
651 0.0253409
652 0.0253409
653 0.0253409
654 0.0253409
655 0.0253409
656 0.0253409
657 0.0235308
658 0.0235308
659 0.0235308
660 0.0235308
661 0.0235308
662 0.0235308
663 0.0235308
664 0.0235308
665 0.0223241
666 0.0223241
667 0.0223241
668 0.0223241
669 0.0223241
670 0.0223241
671 0.0223241
672 0.0223241
673 0.0216001
674 0.0216001
675 0.0216001
676 0.0216001
677 0.0216001
678 0.0216001
679 0.0216001
680 0.0216001
681 0.0205141
682 0.0205141
683 0.0205141
684 0.0205141
685 0.0205141
686 0.0205141
687 0.0205141
688 0.0205141
689 0.0196694
690 0.0196694
691 0.0196694
692 0.0196694
693 0.0196694
694 0.0196694
695 0.0196694
696 0.0196694
697 0.0188247
698 0.0188247
699 0.0188247
700 0.0188247
701 0.0188247
702 0.0188247
703 0.0188247
704 0.0188247
705 0.01798
706 0.01798
707 0.01798
708 0.01798
709 0.01798
710 0.01798
711 0.01798
712 0.01798
713 0.0174973
714 0.0174973
715 0.0174973
716 0.0174973
717 0.0174973
718 0.0174973
719 0.0174973
720 0.0174973
721 0.0162906
722 0.0162906
723 0.0162906
724 0.0162906
725 0.0162906
726 0.0162906
727 0.0162906
728 0.0162906
729 0.0150839
730 0.0150839
731 0.0150839
732 0.0150839
733 0.0150839
734 0.0150839
735 0.0150839
736 0.0150839
737 0.0143598
738 0.0143598
739 0.0143598
740 0.0143598
741 0.0143598
742 0.0143598
743 0.0143598
744 0.0143598
745 0.0133945
746 0.0133945
747 0.0133945
748 0.0133945
749 0.0133945
750 0.0133945
751 0.0133945
752 0.0133945
753 0.0130325
754 0.0130325
755 0.0130325
756 0.0130325
757 0.0130325
758 0.0130325
759 0.0130325
760 0.0130325
761 0.0126704
762 0.0126704
763 0.0126704
764 0.0126704
765 0.0126704
766 0.0126704
767 0.0126704
768 0.0126704
769 0.0123084
770 0.0123084
771 0.0123084
772 0.0123084
773 0.0123084
774 0.0123084
775 0.0123084
776 0.0123084
777 0.0120671
778 0.0120671
779 0.0120671
780 0.0120671
781 0.0120671
782 0.0120671
783 0.0120671
784 0.0120671
785 0.0109811
786 0.0109811
787 0.0109811
788 0.0109811
789 0.0109811
790 0.0109811
791 0.0108604
792 0.0108604
793 0.0104984
794 0.0104984
795 0.0104984
796 0.0104984
797 0.0104984
798 0.0104984
799 0.0104984
800 0.0104984
801 0.00977434
802 0.00977434
803 0.00977434
804 0.00977434
805 0.00977434
806 0.00977434
807 0.00977434
808 0.00977434
809 0.00941233
810 0.00941233
811 0.00941233
812 0.00941233
813 0.00941233
814 0.00941233
815 0.00941233
816 0.00941233
817 0.00892965
818 0.00892965
819 0.00892965
820 0.00892965
821 0.00892965
822 0.00892965
823 0.00892965
824 0.00892965
825 0.00880898
826 0.00880898
827 0.00880898
828 0.00880898
829 0.00880898
830 0.00880898
831 0.00880898
832 0.00880898
833 0.00856764
834 0.00856764
835 0.00856764
836 0.00856764
837 0.00856764
838 0.00856764
839 0.00856764
840 0.00856764
841 0.00784361
842 0.00784361
843 0.00784361
844 0.00784361
845 0.00784361
846 0.00784361
847 0.00784361
848 0.00784361
849 0.00736093
850 0.00736093
851 0.00736093
852 0.00736093
853 0.00736093
854 0.00736093
855 0.00736093
856 0.00736093
857 0.00724026
858 0.00724026
859 0.00724026
860 0.00724026
861 0.00724026
862 0.00724026
863 0.00724026
864 0.00724026
865 0.00687824
866 0.00687824
867 0.00687824
868 0.00687824
869 0.00687824
870 0.00687824
871 0.00687824
872 0.00687824
873 0.0066369
874 0.0066369
875 0.0066369
876 0.0066369
877 0.0066369
878 0.0066369
879 0.00651623
880 0.00651623
881 0.00627489
882 0.00627489
883 0.00627489
884 0.00627489
885 0.00627489
886 0.00627489
887 0.00627489
888 0.00627489
889 0.00603355
890 0.00603355
891 0.00603355
892 0.00603355
893 0.00603355
894 0.00603355
895 0.00603355
896 0.00603355
897 0.00591288
898 0.00591288
899 0.00591288
900 0.00591288
901 0.00591288
902 0.00591288
903 0.00591288
904 0.00591288
905 0.00567153
906 0.00567153
907 0.00567153
908 0.00567153
909 0.00567153
910 0.00567153
911 0.00567153
912 0.00567153
913 0.00555086
914 0.00555086
915 0.00555086
916 0.00555086
917 0.00555086
918 0.00555086
919 0.00555086
920 0.00555086
921 0.00530952
922 0.00530952
923 0.00530952
924 0.00530952
925 0.00530952
926 0.00530952
927 0.00530952
928 0.00530952
929 0.00518885
930 0.00518885
931 0.00518885
932 0.00518885
933 0.00518885
934 0.00518885
935 0.00518885
936 0.00518885
937 0.00506818
938 0.00506818
939 0.00506818
940 0.00506818
941 0.00506818
942 0.00506818
943 0.00506818
944 0.00506818
945 0.00482684
946 0.00482684
947 0.00482684
948 0.00482684
949 0.00482684
950 0.00482684
951 0.00482684
952 0.00482684
953 0.00470617
954 0.00470617
955 0.00470617
956 0.00470617
957 0.00470617
958 0.00470617
959 0.00470617
960 0.00470617
961 0.00470617
962 0.00470617
963 0.00470617
964 0.00470617
965 0.00470617
966 0.00470617
967 0.00470617
968 0.00470617
969 0.0045855
970 0.0045855
971 0.0045855
972 0.0045855
973 0.0045855
974 0.0045855
975 0.0045855
976 0.0045855
977 0.00434415
978 0.00434415
979 0.00434415
980 0.00434415
981 0.00434415
982 0.00434415
983 0.00434415
984 0.00434415
985 0.00434415
986 0.00434415
987 0.00434415
988 0.00434415
989 0.00434415
990 0.00434415
991 0.00434415
992 0.00434415
993 0.00422348
994 0.00422348
995 0.00422348
996 0.00422348
997 0.00422348
998 0.00422348
999 0.00422348
1000 0.00422348
1001 0.00398214
1002 0.00398214
1003 0.00398214
1004 0.00398214
1005 0.00398214
1006 0.00398214
1007 0.00398214
1008 0.00398214
1009 0.00386147
1010 0.00386147
1011 0.00386147
1012 0.00386147
1013 0.00386147
1014 0.00386147
1015 0.00386147
1016 0.00386147
1017 0.00386147
1018 0.00386147
1019 0.00386147
1020 0.00386147
1021 0.00386147
1022 0.00386147
1023 0.00386147
1024 0.00386147
1025 0.00386147
1026 0.00386147
1027 0.00386147
1028 0.00386147
1029 0.00386147
1030 0.00386147
1031 0.00386147
1032 0.00386147
1033 0.0037408
1034 0.0037408
1035 0.0037408
1036 0.0037408
1037 0.0037408
1038 0.0037408
1039 0.0037408
1040 0.0037408
1041 0.00325812
1042 0.00325812
1043 0.00325812
1044 0.00325812
1045 0.00325812
1046 0.00325812
1047 0.00325812
1048 0.00325812
1049 0.00313744
1050 0.00313744
1051 0.00313744
1052 0.00313744
1053 0.00313744
1054 0.00313744
1055 0.00313744
1056 0.00313744
1057 0.00313744
1058 0.00313744
1059 0.00313744
1060 0.00313744
1061 0.00313744
1062 0.00313744
1063 0.00313744
1064 0.00313744
1065 0.0028961
1066 0.0028961
1067 0.0028961
1068 0.0028961
1069 0.0028961
1070 0.0028961
1071 0.0028961
1072 0.0028961
1073 0.00277543
1074 0.00277543
1075 0.00277543
1076 0.00277543
1077 0.00277543
1078 0.00277543
1079 0.00277543
1080 0.00277543
1081 0.00265476
1082 0.00265476
1083 0.00265476
1084 0.00265476
1085 0.00265476
1086 0.00265476
1087 0.00265476
1088 0.00265476
1089 0.00265476
1090 0.00265476
1091 0.00265476
1092 0.00265476
1093 0.00265476
1094 0.00265476
1095 0.00265476
1096 0.00265476
1097 0.00253409
1098 0.00253409
1099 0.00253409
1100 0.00253409
1101 0.00253409
1102 0.00253409
1103 0.00253409
1104 0.00253409
1105 0.00229275
1106 0.00229275
1107 0.00229275
1108 0.00229275
1109 0.00229275
1110 0.00229275
1111 0.00229275
1112 0.00229275
1113 0.00217208
1114 0.00217208
1115 0.00217208
1116 0.00217208
1117 0.00217208
1118 0.00217208
1119 0.00217208
1120 0.00217208
1121 0.00217208
1122 0.00217208
1123 0.00217208
1124 0.00217208
1125 0.00217208
1126 0.00217208
1127 0.00217208
1128 0.00217208
1129 0.00217208
1130 0.00217208
1131 0.00217208
1132 0.00217208
1133 0.00217208
1134 0.00217208
1135 0.00217208
1136 0.00217208
1137 0.00217208
1138 0.00217208
1139 0.00217208
1140 0.00217208
1141 0.00217208
1142 0.00217208
1143 0.00217208
1144 0.00217208
1145 0.00193073
1146 0.00193073
1147 0.00193073
1148 0.00193073
1149 0.00193073
1150 0.00193073
1151 0.00193073
1152 0.00193073
1153 0.00193073
1154 0.00193073
1155 0.00193073
1156 0.00193073
1157 0.00193073
1158 0.00193073
1159 0.00193073
1160 0.00193073
1161 0.00181006
1162 0.00181006
1163 0.00181006
1164 0.00181006
1165 0.00181006
1166 0.00181006
1167 0.00181006
1168 0.00181006
1169 0.00168939
1170 0.00168939
1171 0.00168939
1172 0.00168939
1173 0.00168939
1174 0.00168939
1175 0.00168939
1176 0.00168939
1177 0.00156872
1178 0.00156872
1179 0.00156872
1180 0.00156872
1181 0.00156872
1182 0.00156872
1183 0.00156872
1184 0.00156872
1185 0.00156872
1186 0.00156872
1187 0.00156872
1188 0.00156872
1189 0.00156872
1190 0.00156872
1191 0.00156872
1192 0.00156872
1193 0.00156872
1194 0.00156872
1195 0.00156872
1196 0.00156872
1197 0.00156872
1198 0.00156872
1199 0.00156872
1200 0.00156872
1201 0.00144805
1202 0.00144805
1203 0.00144805
1204 0.00144805
1205 0.00144805
1206 0.00144805
1207 0.00144805
1208 0.00144805
1209 0.00144805
1210 0.00144805
1211 0.00144805
1212 0.00144805
1213 0.00144805
1214 0.00144805
1215 0.00144805
1216 0.00144805
1217 0.00144805
1218 0.00144805
1219 0.00144805
1220 0.00144805
1221 0.00144805
1222 0.00144805
1223 0.00144805
1224 0.00144805
1225 0.00144805
1226 0.00144805
1227 0.00144805
1228 0.00144805
1229 0.00144805
1230 0.00144805
1231 0.00144805
1232 0.00144805
1233 0.00132738
1234 0.00132738
1235 0.00132738
1236 0.00132738
1237 0.00132738
1238 0.00132738
1239 0.00132738
1240 0.00132738
1241 0.00132738
1242 0.00132738
1243 0.00132738
1244 0.00132738
1245 0.00132738
1246 0.00132738
1247 0.00132738
1248 0.00132738
1249 0.00132738
1250 0.00132738
1251 0.00132738
1252 0.00132738
1253 0.00132738
1254 0.00132738
1255 0.00132738
1256 0.00132738
1257 0.00120671
1258 0.00120671
1259 0.00120671
1260 0.00120671
1261 0.00120671
1262 0.00120671
1263 0.00120671
1264 0.00120671
1265 0.00120671
1266 0.00120671
1267 0.00120671
1268 0.00120671
1269 0.00120671
1270 0.00120671
1271 0.00120671
1272 0.00120671
1273 0.00108604
1274 0.00108604
1275 0.00108604
1276 0.00108604
1277 0.00108604
1278 0.00108604
1279 0.00108604
1280 0.00108604
1281 0.00108604
1282 0.00108604
1283 0.00108604
1284 0.00108604
1285 0.00108604
1286 0.00108604
1287 0.00108604
1288 0.00108604
1289 0.00108604
1290 0.00108604
1291 0.00108604
1292 0.00108604
1293 0.00108604
1294 0.00108604
1295 0.00108604
1296 0.00108604
1297 0.00108604
1298 0.00108604
1299 0.00108604
1300 0.00108604
1301 0.00108604
1302 0.00108604
1303 0.00108604
1304 0.00108604
1305 0.00108604
1306 0.00108604
1307 0.00108604
1308 0.00108604
1309 0.00108604
1310 0.00108604
1311 0.00108604
1312 0.00108604
1313 0.000965367
1314 0.000965367
1315 0.000965367
1316 0.000965367
1317 0.000965367
1318 0.000965367
1319 0.000965367
1320 0.000965367
1321 0.000965367
1322 0.000965367
1323 0.000965367
1324 0.000965367
1325 0.000965367
1326 0.000965367
1327 0.000965367
1328 0.000965367
1329 0.000844697
1330 0.000844697
1331 0.000844697
1332 0.000844697
1333 0.000844697
1334 0.000844697
1335 0.000844697
1336 0.000844697
1337 0.000724026
1338 0.000724026
1339 0.000724026
1340 0.000724026
1341 0.000724026
1342 0.000724026
1343 0.000724026
1344 0.000724026
1345 0.000724026
1346 0.000724026
1347 0.000724026
1348 0.000724026
1349 0.000724026
1350 0.000724026
1351 0.000724026
1352 0.000724026
1353 0.000724026
1354 0.000724026
1355 0.000724026
1356 0.000724026
1357 0.000724026
1358 0.000724026
1359 0.000724026
1360 0.000724026
1361 0.000724026
1362 0.000724026
1363 0.000724026
1364 0.000724026
1365 0.000724026
1366 0.000724026
1367 0.000724026
1368 0.000724026
1369 0.000724026
1370 0.000724026
1371 0.000724026
1372 0.000724026
1373 0.000724026
1374 0.000724026
1375 0.000724026
1376 0.000724026
1377 0.000724026
1378 0.000724026
1379 0.000724026
1380 0.000724026
1381 0.000724026
1382 0.000724026
1383 0.000724026
1384 0.000724026
1385 0.000724026
1386 0.000724026
1387 0.000724026
1388 0.000724026
1389 0.000724026
1390 0.000724026
1391 0.000724026
1392 0.000724026
1393 0.000724026
1394 0.000724026
1395 0.000724026
1396 0.000724026
1397 0.000724026
1398 0.000724026
1399 0.000724026
1400 0.000724026
1401 0.000724026
1402 0.000724026
1403 0.000724026
1404 0.000724026
1405 0.000724026
1406 0.000724026
1407 0.000724026
1408 0.000724026
1409 0.000724026
1410 0.000724026
1411 0.000724026
1412 0.000724026
1413 0.000724026
1414 0.000724026
1415 0.000724026
1416 0.000724026
1417 0.000603355
1418 0.000603355
1419 0.000603355
1420 0.000603355
1421 0.000603355
1422 0.000603355
1423 0.000603355
1424 0.000603355
1425 0.000362013
1426 0.000362013
1427 0.000362013
1428 0.000362013
1429 0.000362013
1430 0.000362013
1431 0.000362013
1432 0.000362013
1433 0.000362013
1434 0.000362013
1435 0.000362013
1436 0.000362013
1437 0.000362013
1438 0.000362013
1439 0.000362013
1440 0.000362013
1441 0.000362013
1442 0.000362013
1443 0.000362013
1444 0.000362013
1445 0.000362013
1446 0.000362013
1447 0.000362013
1448 0.000362013
1449 0.000362013
1450 0.000362013
1451 0.000362013
1452 0.000362013
1453 0.000362013
1454 0.000362013
1455 0.000362013
1456 0.000362013
1457 0.000362013
1458 0.000362013
1459 0.000362013
1460 0.000362013
1461 0.000362013
1462 0.000362013
1463 0.000362013
1464 0.000362013
1465 0.000362013
1466 0.000362013
1467 0.000362013
1468 0.000362013
1469 0.000362013
1470 0.000362013
1471 0.000362013
1472 0.000362013
1473 0.000362013
1474 0.000362013
1475 0.000362013
1476 0.000362013
1477 0.000362013
1478 0.000362013
1479 0.000362013
1480 0.000362013
1481 0.000362013
1482 0.000362013
1483 0.000362013
1484 0.000362013
1485 0.000362013
1486 0.000362013
1487 0.000362013
1488 0.000362013
1489 0.000362013
1490 0.000362013
1491 0.000362013
1492 0.000362013
1493 0.000362013
1494 0.000362013
1495 0.000362013
1496 0.000362013
1497 0.000362013
1498 0.000362013
1499 0.000362013
1500 0.000362013
1501 0.000362013
1502 0.000362013
1503 0.000362013
1504 0.000362013
1505 0.000362013
1506 0.000362013
1507 0.000362013
1508 0.000362013
1509 0.000362013
1510 0.000362013
1511 0.000362013
1512 0.000362013
1513 0.000362013
1514 0.000362013
1515 0.000362013
1516 0.000362013
1517 0.000362013
1518 0.000362013
1519 0.000362013
1520 0.000362013
1521 0.000362013
1522 0.000362013
1523 0.000362013
1524 0.000362013
1525 0.000362013
1526 0.000362013
1527 0.000362013
1528 0.000362013
1529 0.000362013
1530 0.000362013
1531 0.000362013
1532 0.000362013
1533 0.000362013
1534 0.000362013
1535 0.000362013
1536 0.000362013
1537 0.000362013
1538 0.000362013
1539 0.000362013
1540 0.000362013
1541 0.000362013
1542 0.000362013
1543 0.000362013
1544 0.000362013
1545 0.000362013
1546 0.000362013
1547 0.000362013
1548 0.000362013
1549 0.000362013
1550 0.000362013
1551 0.000362013
1552 0.000362013
1553 0.000362013
1554 0.000362013
1555 0.000362013
1556 0.000362013
1557 0.000362013
1558 0.000362013
1559 0.000362013
1560 0.000362013
1561 0.000362013
1562 0.000362013
1563 0.000362013
1564 0.000362013
1565 0.000362013
1566 0.000362013
1567 0.000362013
1568 0.000362013
1569 0.000362013
1570 0.000362013
1571 0.000362013
1572 0.000362013
1573 0.000362013
1574 0.000362013
1575 0.000362013
1576 0.000362013
1577 0.000362013
1578 0.000362013
1579 0.000362013
1580 0.000362013
1581 0.000362013
1582 0.000362013
1583 0.000362013
1584 0.000362013
1585 0.000362013
1586 0.000362013
1587 0.000362013
1588 0.000362013
1589 0.000362013
1590 0.000362013
1591 0.000362013
1592 0.000362013
1593 0.000362013
1594 0.000362013
1595 0.000362013
1596 0.000362013
1597 0.000362013
1598 0.000362013
1599 0.000362013
1600 0.000362013
1601 0.000362013
1602 0.000362013
1603 0.000362013
1604 0.000362013
1605 0.000362013
1606 0.000362013
1607 0.000362013
1608 0.000362013
1609 0.000362013
1610 0.000362013
1611 0.000362013
1612 0.000362013
1613 0.000362013
1614 0.000362013
1615 0.000362013
1616 0.000362013
1617 0.000362013
1618 0.000362013
1619 0.000362013
1620 0.000362013
1621 0.000362013
1622 0.000362013
1623 0.000362013
1624 0.000362013
1625 0.000362013
1626 0.000362013
1627 0.000362013
1628 0.000362013
1629 0.000362013
1630 0.000362013
1631 0.000362013
1632 0.000362013
1633 0.000362013
1634 0.000362013
1635 0.000362013
1636 0.000362013
1637 0.000362013
1638 0.000362013
1639 0.000362013
1640 0.000362013
1641 0.000241342
1642 0.000241342
1643 0.000241342
1644 0.000241342
1645 0.000241342
1646 0.000241342
1647 0.000241342
1648 0.000241342
1649 0.000241342
1650 0.000241342
1651 0.000241342
1652 0.000241342
1653 0.000241342
1654 0.000241342
1655 0.000241342
1656 0.000241342
1657 0.000241342
1658 0.000241342
1659 0.000241342
1660 0.000241342
1661 0.000241342
1662 0.000241342
1663 0.000241342
1664 0.000241342
1665 0.000241342
1666 0.000241342
1667 0.000241342
1668 0.000241342
1669 0.000241342
1670 0.000241342
1671 0.000241342
1672 0.000241342
1673 0.000241342
1674 0.000241342
1675 0.000241342
1676 0.000241342
1677 0.000241342
1678 0.000241342
1679 0.000241342
1680 0.000241342
1681 0.000241342
1682 0.000241342
1683 0.000241342
1684 0.000241342
1685 0.000241342
1686 0.000241342
1687 0.000241342
1688 0.000241342
1689 0.000241342
1690 0.000241342
1691 0.000241342
1692 0.000241342
1693 0.000241342
1694 0.000241342
1695 0.000241342
1696 0.000241342
1697 0.000241342
1698 0.000241342
1699 0.000241342
1700 0.000241342
1701 0.000241342
1702 0.000241342
1703 0.000241342
1704 0.000241342
1705 0.000241342
1706 0.000241342
1707 0.000241342
1708 0.000241342
1709 0.000241342
1710 0.000241342
1711 0.000241342
1712 0.000241342
1713 0.000241342
1714 0.000241342
1715 0.000241342
1716 0.000241342
1717 0.000241342
1718 0.000241342
1719 0.000241342
1720 0.000241342
1721 0.000241342
1722 0.000241342
1723 0.000241342
1724 0.000241342
1725 0.000241342
1726 0.000241342
1727 0.000241342
1728 0.000241342
1729 0.000241342
1730 0.000241342
1731 0.000241342
1732 0.000241342
1733 0.000241342
1734 0.000241342
1735 0.000241342
1736 0.000241342
1737 0.000241342
1738 0.000241342
1739 0.000241342
1740 0.000241342
1741 0.000241342
1742 0.000241342
1743 0.000241342
1744 0.000241342
1745 0.000241342
1746 0.000241342
1747 0.000241342
1748 0.000241342
1749 0.000241342
1750 0.000241342
1751 0.000241342
1752 0.000241342
1753 0.000241342
1754 0.000241342
1755 0.000241342
1756 0.000241342
1757 0.000241342
1758 0.000241342
1759 0.000241342
1760 0.000241342
1761 0.000241342
1762 0.000241342
1763 0.000241342
1764 0.000241342
1765 0.000241342
1766 0.000241342
1767 0.000241342
1768 0.000241342
1769 0.000120671
1770 0.000120671
1771 0.000120671
1772 0.000120671
1773 0.000120671
1774 0.000120671
1775 0.000120671
1776 0.000120671
1777 0.000120671
1778 0.000120671
1779 0.000120671
1780 0.000120671
1781 0.000120671
1782 0.000120671
1783 0.000120671
1784 0.000120671
1785 0.000120671
1786 0.000120671
1787 0.000120671
1788 0.000120671
1789 0.000120671
1790 0.000120671
1791 0.000120671
1792 0.000120671
1793 0.000120671
1794 0.000120671
1795 0.000120671
1796 0.000120671
1797 0.000120671
1798 0.000120671
1799 0.000120671
1800 0.000120671
1801 0.000120671
1802 0.000120671
1803 0.000120671
1804 0.000120671
1805 0.000120671
1806 0.000120671
1807 0.000120671
1808 0.000120671
1809 0.000120671
1810 0.000120671
1811 0.000120671
1812 0.000120671
1813 0.000120671
1814 0.000120671
1815 0.000120671
1816 0.000120671
1817 0.000120671
1818 0.000120671
1819 0.000120671
1820 0.000120671
1821 0.000120671
1822 0.000120671
1823 0.000120671
1824 0.000120671
1825 0.000120671
1826 0.000120671
1827 0.000120671
1828 0.000120671
1829 0.000120671
1830 0.000120671
1831 0.000120671
1832 0.000120671
1833 0.000120671
1834 0.000120671
1835 0.000120671
1836 0.000120671
1837 0.000120671
1838 0.000120671
1839 0.000120671
1840 0.000120671
1841 0.000120671
1842 0.000120671
1843 0.000120671
1844 0.000120671
1845 0.000120671
1846 0.000120671
1847 0.000120671
1848 0.000120671
1849 0.000120671
1850 0.000120671
1851 0.000120671
1852 0.000120671
1853 0.000120671
1854 0.000120671
1855 0.000120671
1856 0.000120671
1857 0.000120671
1858 0.000120671
1859 0.000120671
1860 0.000120671
1861 0.000120671
1862 0.000120671
1863 0.000120671
1864 0.000120671
1865 0.000120671
1866 0.000120671
1867 0.000120671
1868 0.000120671
1869 0.000120671
1870 0.000120671
1871 0.000120671
1872 0.000120671
1873 0.000120671
1874 0.000120671
1875 0.000120671
1876 0.000120671
1877 0.000120671
1878 0.000120671
1879 0.000120671
1880 0.000120671
1881 0.000120671
1882 0.000120671
1883 0.000120671
1884 0.000120671
1885 0.000120671
1886 0.000120671
1887 0.000120671
1888 0.000120671
1889 0.000120671
1890 0.000120671
1891 0.000120671
1892 0.000120671
1893 0.000120671
1894 0.000120671
1895 0.000120671
1896 0.000120671
1897 0.000120671
1898 0.000120671
1899 0.000120671
1900 0.000120671
1901 0.000120671
1902 0.000120671
1903 0.000120671
1904 0.000120671
1905 0.000120671
1906 0.000120671
1907 0.000120671
1908 0.000120671
1909 0.000120671
1910 0.000120671
1911 0.000120671
1912 0.000120671
1913 0.000120671
1914 0.000120671
1915 0.000120671
1916 0.000120671
1917 0.000120671
1918 0.000120671
1919 0.000120671
1920 0.000120671
1921 0.000120671
1922 0.000120671
1923 0.000120671
1924 0.000120671
1925 0.000120671
1926 0.000120671
1927 0.000120671
1928 0.000120671
1929 0.000120671
1930 0.000120671
1931 0.000120671
1932 0.000120671
1933 0.000120671
1934 0.000120671
1935 0.000120671
1936 0.000120671
1937 0.000120671
1938 0.000120671
1939 0.000120671
1940 0.000120671
1941 0.000120671
1942 0.000120671
1943 0.000120671
1944 0.000120671
1945 0.000120671
1946 0.000120671
1947 0.000120671
1948 0.000120671
1949 0.000120671
1950 0.000120671
1951 0.000120671
1952 0.000120671
1953 0.000120671
1954 0.000120671
1955 0.000120671
1956 0.000120671
1957 0.000120671
1958 0.000120671
1959 0.000120671
1960 0.000120671
1961 0.000120671
1962 0.000120671
1963 0.000120671
1964 0.000120671
1965 0.000120671
1966 0.000120671
1967 0.000120671
1968 0.000120671
1969 0.000120671
1970 0.000120671
1971 0.000120671
1972 0.000120671
1973 0.000120671
1974 0.000120671
1975 0.000120671
1976 0.000120671
1977 0.000120671
1978 0.000120671
1979 0.000120671
1980 0.000120671
1981 0.000120671
1982 0.000120671
1983 0.000120671
1984 0.000120671
1985 0.000120671
1986 0.000120671
1987 0.000120671
1988 0.000120671
1989 0.000120671
1990 0.000120671
1991 0.000120671
1992 0.000120671
1993 0.000120671
1994 0.000120671
1995 0.000120671
1996 0.000120671
1997 0.000120671
1998 0.000120671
1999 0.000120671
2000 0.000120671
2001 0.000120671
2002 0.000120671
2003 0.000120671
2004 0.000120671
2005 0.000120671
2006 0.000120671
2007 0.000120671
2008 0.000120671
2009 0.000120671
2010 0.000120671
2011 0.000120671
2012 0.000120671
2013 0.000120671
2014 0.000120671
2015 0.000120671
2016 0.000120671
