0 1
1 1
2 1
3 1
4 1
5 1
6 1
7 1
8 1
9 1
10 1
11 1
12 1
13 1
14 1
15 0.999967
16 0.999967
17 0.999967
18 0.999967
19 0.999967
20 0.999967
21 0.999967
22 0.999967
23 0.9999
24 0.9999
25 0.9999
26 0.9999
27 0.9999
28 0.9999
29 0.9999
30 0.9999
31 0.9999
32 0.9999
33 0.9999
34 0.9999
35 0.9999
36 0.9999
37 0.9999
38 0.9999
39 0.999833
40 0.999833
41 0.999833
42 0.999833
43 0.999833
44 0.999833
45 0.999833
46 0.999833
47 0.999766
48 0.999766
49 0.999766
50 0.999766
51 0.999766
52 0.999766
53 0.999766
54 0.999766
55 0.999699
56 0.999699
57 0.999699
58 0.999699
59 0.999699
60 0.999699
61 0.999699
62 0.999699
63 0.999565
64 0.999565
65 0.999565
66 0.999565
67 0.999565
68 0.999565
69 0.999565
70 0.999565
71 0.999364
72 0.999364
73 0.999364
74 0.999364
75 0.999364
76 0.999364
77 0.999364
78 0.999364
79 0.999197
80 0.999197
81 0.975947
82 0.975947
83 0.975947
84 0.975947
85 0.975947
86 0.975947
87 0.97588
88 0.97588
89 0.953466
90 0.953466
91 0.953466
92 0.953466
93 0.953466
94 0.953466
95 0.953165
96 0.953165
97 0.93249
98 0.93249
99 0.93249
100 0.93249
101 0.93249
102 0.93249
103 0.932156
104 0.932156
105 0.911481
106 0.911481
107 0.911481
108 0.911481
109 0.911481
110 0.911481
111 0.911314
112 0.911314
113 0.888465
114 0.888465
115 0.888465
116 0.888465
117 0.888465
118 0.888465
119 0.888298
120 0.888298
121 0.86672
122 0.86672
123 0.86672
124 0.86672
125 0.86672
126 0.86672
127 0.86662
128 0.86662
129 0.846246
130 0.846246
131 0.846246
132 0.846246
133 0.846246
134 0.846246
135 0.846146
136 0.846146
137 0.825572
138 0.825572
139 0.825572
140 0.825572
141 0.825572
142 0.825572
143 0.825405
144 0.825405
145 0.80453
146 0.80453
147 0.80453
148 0.80453
149 0.80453
150 0.80453
151 0.804229
152 0.804229
153 0.783588
154 0.783588
155 0.783588
156 0.783588
157 0.783588
158 0.783588
159 0.783521
160 0.783521
161 0.761508
162 0.761508
163 0.761508
164 0.761508
165 0.761508
166 0.761508
167 0.761374
168 0.761374
169 0.741034
170 0.741034
171 0.741034
172 0.741034
173 0.741034
174 0.741034
175 0.740968
176 0.740968
177 0.721832
178 0.721832
179 0.721832
180 0.721832
181 0.721832
182 0.721832
183 0.721665
184 0.721665
185 0.703533
186 0.703533
187 0.703533
188 0.703533
189 0.703533
190 0.703533
191 0.703365
192 0.703365
193 0.685367
194 0.685367
195 0.685367
196 0.685367
197 0.685367
198 0.685367
199 0.685066
200 0.685066
201 0.666466
202 0.666466
203 0.666466
204 0.666466
205 0.666466
206 0.666466
207 0.666265
208 0.666265
209 0.648535
210 0.648535
211 0.648535
212 0.648535
213 0.648535
214 0.648535
215 0.648468
216 0.648468
217 0.631741
218 0.631741
219 0.631741
220 0.631741
221 0.631741
222 0.631741
223 0.631574
224 0.631574
225 0.614546
226 0.614546
227 0.614546
228 0.614546
229 0.614546
230 0.614546
231 0.614445
232 0.614445
233 0.597986
234 0.597986
235 0.597986
236 0.597986
237 0.597986
238 0.597986
239 0.597852
240 0.597852
241 0.580389
242 0.580389
243 0.580389
244 0.580389
245 0.580389
246 0.580389
247 0.580088
248 0.580088
249 0.563395
250 0.563395
251 0.563395
252 0.563395
253 0.563395
254 0.563395
255 0.563361
256 0.563361
257 0.548441
258 0.548441
259 0.548441
260 0.548441
261 0.548441
262 0.548441
263 0.548341
264 0.548341
265 0.534257
266 0.534257
267 0.534257
268 0.534257
269 0.534257
270 0.534257
271 0.53419
272 0.53419
273 0.519403
274 0.519403
275 0.519403
276 0.519403
277 0.519403
278 0.519403
279 0.519336
280 0.519336
281 0.505854
282 0.505854
283 0.505854
284 0.505854
285 0.505854
286 0.505854
287 0.505721
288 0.505721
289 0.492373
290 0.492373
291 0.492373
292 0.492373
293 0.492373
294 0.492373
295 0.492373
296 0.492373
297 0.478924
298 0.478924
299 0.478924
300 0.478924
301 0.478924
302 0.478924
303 0.478723
304 0.478723
305 0.466145
306 0.466145
307 0.466145
308 0.466145
309 0.466145
310 0.466145
311 0.466078
312 0.466078
313 0.454704
314 0.454704
315 0.454704
316 0.454704
317 0.454704
318 0.454704
319 0.454403
320 0.454403
321 0.442359
322 0.442359
323 0.442359
324 0.442359
325 0.442359
326 0.442359
327 0.442225
328 0.442225
329 0.429881
330 0.429881
331 0.429881
332 0.429881
333 0.429881
334 0.429881
335 0.429847
336 0.429847
337 0.418574
338 0.418574
339 0.418574
340 0.418574
341 0.418574
342 0.418574
343 0.41854
344 0.41854
345 0.408805
346 0.408805
347 0.408805
348 0.408805
349 0.408805
350 0.408805
351 0.408671
352 0.408671
353 0.397933
354 0.397933
355 0.397933
356 0.397933
357 0.397933
358 0.397933
359 0.397765
360 0.397765
361 0.387562
362 0.387562
363 0.387562
364 0.387562
365 0.387562
366 0.387562
367 0.387294
368 0.387294
369 0.377158
370 0.377158
371 0.377158
372 0.377158
373 0.377158
374 0.377158
375 0.377024
376 0.377024
377 0.366553
378 0.366553
379 0.366553
380 0.366553
381 0.366553
382 0.366553
383 0.366453
384 0.366453
385 0.356718
386 0.356718
387 0.356718
388 0.356718
389 0.356718
390 0.356718
391 0.356651
392 0.356651
393 0.34715
394 0.34715
395 0.34715
396 0.34715
397 0.34715
398 0.34715
399 0.347049
400 0.347049
401 0.337649
402 0.337649
403 0.337649
404 0.337649
405 0.337649
406 0.337649
407 0.337548
408 0.337548
409 0.327747
410 0.327747
411 0.327747
412 0.327747
413 0.327747
414 0.327747
415 0.327579
416 0.327579
417 0.319885
418 0.319885
419 0.319885
420 0.319885
421 0.319885
422 0.319885
423 0.319885
424 0.319885
425 0.310919
426 0.310919
427 0.310919
428 0.310919
429 0.310919
430 0.310919
431 0.310685
432 0.310685
433 0.303626
434 0.303626
435 0.303626
436 0.303626
437 0.303626
438 0.303626
439 0.303593
440 0.303593
441 0.296367
442 0.296367
443 0.296367
444 0.296367
445 0.296367
446 0.296367
447 0.296267
448 0.296267
449 0.28884
450 0.28884
451 0.28884
452 0.28884
453 0.28884
454 0.28884
455 0.288673
456 0.288673
457 0.281915
458 0.281915
459 0.281915
460 0.281915
461 0.281915
462 0.281915
463 0.281714
464 0.281714
465 0.273986
466 0.273986
467 0.273986
468 0.273986
469 0.273986
470 0.273986
471 0.273853
472 0.273853
473 0.266727
474 0.266727
475 0.266727
476 0.266727
477 0.266727
478 0.266727
479 0.26666
480 0.26666
481 0.260371
482 0.260371
483 0.260371
484 0.260371
485 0.260371
486 0.260371
487 0.260337
488 0.260337
489 0.253881
490 0.253881
491 0.253881
492 0.253881
493 0.253881
494 0.253881
495 0.253747
496 0.253747
497 0.246621
498 0.246621
499 0.246621
500 0.246621
501 0.246621
502 0.246621
503 0.246588
504 0.246588
505 0.241235
506 0.241235
507 0.241235
508 0.241235
509 0.241235
510 0.241235
511 0.241135
512 0.241135
513 0.234779
514 0.234779
515 0.234779
516 0.234779
517 0.234779
518 0.234779
519 0.234611
520 0.234611
521 0.228088
522 0.228088
523 0.228088
524 0.228088
525 0.228088
526 0.228088
527 0.227987
528 0.227987
529 0.22307
530 0.22307
531 0.22307
532 0.22307
533 0.22307
534 0.22307
535 0.223003
536 0.223003
537 0.21658
538 0.21658
539 0.21658
540 0.21658
541 0.21658
542 0.21658
543 0.216546
544 0.216546
545 0.211528
546 0.211528
547 0.211528
548 0.211528
549 0.211528
550 0.211528
551 0.211394
552 0.211394
553 0.206945
554 0.206945
555 0.206945
556 0.206945
557 0.206945
558 0.206945
559 0.206878
560 0.206878
561 0.202228
562 0.202228
563 0.202228
564 0.202228
565 0.202228
566 0.202228
567 0.202061
568 0.202061
569 0.197076
570 0.197076
571 0.197076
572 0.197076
573 0.197076
574 0.197076
575 0.197009
576 0.197009
577 0.19266
578 0.19266
579 0.19266
580 0.19266
581 0.19266
582 0.19266
583 0.192593
584 0.192593
585 0.187743
586 0.187743
587 0.187743
588 0.187743
589 0.187743
590 0.187743
591 0.187676
592 0.187676
593 0.182892
594 0.182892
595 0.182892
596 0.182892
597 0.182892
598 0.182892
599 0.182825
600 0.182825
601 0.178543
602 0.178543
603 0.178543
604 0.178543
605 0.178543
606 0.178543
607 0.178509
608 0.178509
609 0.173893
610 0.173893
611 0.173893
612 0.173893
613 0.173893
614 0.173893
615 0.173759
616 0.173759
617 0.169209
618 0.169209
619 0.169209
620 0.169209
621 0.169209
622 0.169209
623 0.169142
624 0.169142
625 0.164726
626 0.164726
627 0.164726
628 0.164726
629 0.164726
630 0.164726
631 0.164693
632 0.164693
633 0.160745
634 0.160745
635 0.160745
636 0.160745
637 0.160745
638 0.160745
639 0.160678
640 0.160678
641 0.157065
642 0.157065
643 0.157065
644 0.157065
645 0.157065
646 0.157065
647 0.157032
648 0.157032
649 0.153754
650 0.153754
651 0.153754
652 0.153754
653 0.153754
654 0.153754
655 0.153687
656 0.153687
657 0.149505
658 0.149505
659 0.149505
660 0.149505
661 0.149505
662 0.149505
663 0.149438
664 0.149438
665 0.146461
666 0.146461
667 0.146461
668 0.146461
669 0.146461
670 0.146461
671 0.146394
672 0.146394
673 0.143316
674 0.143316
675 0.143316
676 0.143316
677 0.143316
678 0.143316
679 0.143216
680 0.143216
681 0.140238
682 0.140238
683 0.140238
684 0.140238
685 0.140238
686 0.140238
687 0.140171
688 0.140171
689 0.136458
690 0.136458
691 0.136458
692 0.136458
693 0.136458
694 0.136458
695 0.136458
696 0.136458
697 0.133079
698 0.133079
699 0.133079
700 0.133079
701 0.133079
702 0.133079
703 0.133046
704 0.133046
705 0.130001
706 0.130001
707 0.130001
708 0.130001
709 0.130001
710 0.130001
711 0.129901
712 0.129901
713 0.126422
714 0.126422
715 0.126422
716 0.126422
717 0.126422
718 0.126422
719 0.126388
720 0.126388
721 0.123311
722 0.123311
723 0.123311
724 0.123311
725 0.123311
726 0.123311
727 0.123177
728 0.123177
729 0.120132
730 0.120132
731 0.120132
732 0.120132
733 0.120132
734 0.120132
735 0.120132
736 0.120132
737 0.116854
738 0.116854
739 0.116854
740 0.116854
741 0.116854
742 0.116854
743 0.116787
744 0.116787
745 0.114211
746 0.114211
747 0.114211
748 0.114211
749 0.114211
750 0.114211
751 0.114111
752 0.114111
753 0.111836
754 0.111836
755 0.111836
756 0.111836
757 0.111836
758 0.111836
759 0.111802
760 0.111802
761 0.109059
762 0.109059
763 0.109059
764 0.109059
765 0.109059
766 0.109059
767 0.108892
768 0.108892
769 0.106416
770 0.106416
771 0.106416
772 0.106416
773 0.106416
774 0.106416
775 0.106283
776 0.106283
777 0.103673
778 0.103673
779 0.103673
780 0.103673
781 0.103673
782 0.103673
783 0.103673
784 0.103673
785 0.101064
786 0.101064
787 0.101064
788 0.101064
789 0.101064
790 0.101064
791 0.100997
792 0.100997
793 0.0987221
794 0.0987221
795 0.0987221
796 0.0987221
797 0.0987221
798 0.0987221
799 0.0986886
800 0.0986886
801 0.0963468
802 0.0963468
803 0.0963468
804 0.0963468
805 0.0963468
806 0.0963468
807 0.0963468
808 0.0963468
809 0.094072
810 0.094072
811 0.094072
812 0.094072
813 0.094072
814 0.094072
815 0.0939716
816 0.0939716
817 0.0920982
818 0.0920982
819 0.0920982
820 0.0920982
821 0.0920982
822 0.0920982
823 0.0919979
824 0.0919979
825 0.0898234
826 0.0898234
827 0.0898234
828 0.0898234
829 0.0898234
830 0.0898234
831 0.0897899
832 0.0897899
833 0.0873478
834 0.0873478
835 0.0873478
836 0.0873478
837 0.0873478
838 0.0873478
839 0.0872809
840 0.0872809
841 0.0850395
842 0.0850395
843 0.0850395
844 0.0850395
845 0.0850395
846 0.0850395
847 0.085006
848 0.085006
849 0.0832664
850 0.0832664
851 0.0832664
852 0.0832664
853 0.0832664
854 0.0832664
855 0.083233
856 0.083233
857 0.0814599
858 0.0814599
859 0.0814599
860 0.0814599
861 0.0814599
862 0.0814599
863 0.0814599
864 0.0814599
865 0.0794527
866 0.0794527
867 0.0794527
868 0.0794527
869 0.0794527
870 0.0794527
871 0.0794192
872 0.0794192
873 0.0778804
874 0.0778804
875 0.0778804
876 0.0778804
877 0.0778804
878 0.0778804
879 0.0778804
880 0.0778804
881 0.076308
882 0.076308
883 0.076308
884 0.076308
885 0.076308
886 0.076308
887 0.0761742
888 0.0761742
889 0.0746688
890 0.0746688
891 0.0746688
892 0.0746688
893 0.0746688
894 0.0746688
895 0.0746688
896 0.0746688
897 0.0727619
898 0.0727619
899 0.0727619
900 0.0727619
901 0.0727619
902 0.0727619
903 0.0727285
904 0.0727285
905 0.070922
906 0.070922
907 0.070922
908 0.070922
909 0.070922
910 0.070922
911 0.0708885
912 0.0708885
913 0.0693162
914 0.0693162
915 0.0693162
916 0.0693162
917 0.0693162
918 0.0693162
919 0.0692827
920 0.0692827
921 0.0675766
922 0.0675766
923 0.0675766
924 0.0675766
925 0.0675766
926 0.0675766
927 0.0675766
928 0.0675766
929 0.0662385
930 0.0662385
931 0.0662385
932 0.0662385
933 0.0662385
934 0.0662385
935 0.0661715
936 0.0661715
937 0.064733
938 0.064733
939 0.064733
940 0.064733
941 0.064733
942 0.064733
943 0.064733
944 0.064733
945 0.0631607
946 0.0631607
947 0.0631607
948 0.0631607
949 0.0631607
950 0.0631607
951 0.0630604
952 0.0630604
953 0.0618226
954 0.0618226
955 0.0618226
956 0.0618226
957 0.0618226
958 0.0618226
959 0.0617891
960 0.0617891
961 0.0603841
962 0.0603841
963 0.0603841
964 0.0603841
965 0.0603841
966 0.0603841
967 0.0603506
968 0.0603506
969 0.0592801
970 0.0592801
971 0.0592801
972 0.0592801
973 0.0592801
974 0.0592801
975 0.0591128
976 0.0591128
977 0.0575405
978 0.0575405
979 0.0575405
980 0.0575405
981 0.0575405
982 0.0575405
983 0.057507
984 0.057507
985 0.056102
986 0.056102
987 0.056102
988 0.056102
989 0.056102
990 0.056102
991 0.0560685
992 0.0560685
993 0.0545965
994 0.0545965
995 0.0545965
996 0.0545965
997 0.0545965
998 0.0545965
999 0.0545965
1000 0.0545965
1001 0.053526
1002 0.053526
1003 0.053526
1004 0.053526
1005 0.053526
1006 0.053526
1007 0.0534591
1008 0.0534591
1009 0.0524221
1010 0.0524221
1011 0.0524221
1012 0.0524221
1013 0.0524221
1014 0.0524221
1015 0.0523886
1016 0.0523886
1017 0.0507159
1018 0.0507159
1019 0.0507159
1020 0.0507159
1021 0.0507159
1022 0.0507159
1023 0.0507159
1024 0.0507159
1025 0.049545
1026 0.049545
1027 0.049545
1028 0.049545
1029 0.049545
1030 0.049545
1031 0.0495116
1032 0.0495116
1033 0.0483741
1034 0.0483741
1035 0.0483741
1036 0.0483741
1037 0.0483741
1038 0.0483741
1039 0.0483741
1040 0.0483741
1041 0.0472033
1042 0.0472033
1043 0.0472033
1044 0.0472033
1045 0.0472033
1046 0.0472033
1047 0.0472033
1048 0.0472033
1049 0.0459989
1050 0.0459989
1051 0.0459989
1052 0.0459989
1053 0.0459989
1054 0.0459989
1055 0.0459989
1056 0.0459989
1057 0.0446608
1058 0.0446608
1059 0.0446608
1060 0.0446608
1061 0.0446608
1062 0.0446608
1063 0.0446273
1064 0.0446273
1065 0.0435568
1066 0.0435568
1067 0.0435568
1068 0.0435568
1069 0.0435568
1070 0.0435568
1071 0.0434899
1072 0.0434899
1073 0.0426536
1074 0.0426536
1075 0.0426536
1076 0.0426536
1077 0.0426536
1078 0.0426536
1079 0.0426201
1080 0.0426201
1081 0.0416834
1082 0.0416834
1083 0.0416834
1084 0.0416834
1085 0.0416834
1086 0.0416834
1087 0.0416165
1088 0.0416165
1089 0.0406129
1090 0.0406129
1091 0.0406129
1092 0.0406129
1093 0.0406129
1094 0.0406129
1095 0.040546
1096 0.040546
1097 0.0393082
1098 0.0393082
1099 0.0393082
1100 0.0393082
1101 0.0393082
1102 0.0393082
1103 0.0393082
1104 0.0393082
1105 0.0381707
1106 0.0381707
1107 0.0381707
1108 0.0381707
1109 0.0381707
1110 0.0381707
1111 0.0381373
1112 0.0381373
1113 0.0371002
1114 0.0371002
1115 0.0371002
1116 0.0371002
1117 0.0371002
1118 0.0371002
1119 0.0371002
1120 0.0371002
1121 0.0363642
1122 0.0363642
1123 0.0363642
1124 0.0363642
1125 0.0363642
1126 0.0363642
1127 0.0363308
1128 0.0363308
1129 0.0355948
1130 0.0355948
1131 0.0355948
1132 0.0355948
1133 0.0355948
1134 0.0355948
1135 0.0355948
1136 0.0355948
1137 0.0344239
1138 0.0344239
1139 0.0344239
1140 0.0344239
1141 0.0344239
1142 0.0344239
1143 0.0344239
1144 0.0344239
1145 0.0336879
1146 0.0336879
1147 0.0336879
1148 0.0336879
1149 0.0336879
1150 0.0336879
1151 0.0336545
1152 0.0336545
1153 0.0328516
1154 0.0328516
1155 0.0328516
1156 0.0328516
1157 0.0328516
1158 0.0328516
1159 0.0327847
1160 0.0327847
1161 0.0320487
1162 0.0320487
1163 0.0320487
1164 0.0320487
1165 0.0320487
1166 0.0320487
1167 0.0320153
1168 0.0320153
1169 0.0312124
1170 0.0312124
1171 0.0312124
1172 0.0312124
1173 0.0312124
1174 0.0312124
1175 0.0311455
1176 0.0311455
1177 0.0305767
1178 0.0305767
1179 0.0305767
1180 0.0305767
1181 0.0305767
1182 0.0305767
1183 0.0305433
1184 0.0305433
1185 0.0300749
1186 0.0300749
1187 0.0300749
1188 0.0300749
1189 0.0300749
1190 0.0300749
1191 0.0300415
1192 0.0300415
1193 0.0293055
1194 0.0293055
1195 0.0293055
1196 0.0293055
1197 0.0293055
1198 0.0293055
1199 0.0293055
1200 0.0293055
1201 0.028603
1202 0.028603
1203 0.028603
1204 0.028603
1205 0.028603
1206 0.028603
1207 0.028603
1208 0.028603
1209 0.0279673
1210 0.0279673
1211 0.0279673
1212 0.0279673
1213 0.0279673
1214 0.0279673
1215 0.0279673
1216 0.0279673
1217 0.0270976
1218 0.0270976
1219 0.0270976
1220 0.0270976
1221 0.0270976
1222 0.0270976
1223 0.0269972
1224 0.0269972
1225 0.0263281
1226 0.0263281
1227 0.0263281
1228 0.0263281
1229 0.0263281
1230 0.0263281
1231 0.0262947
1232 0.0262947
1233 0.0254583
1234 0.0254583
1235 0.0254583
1236 0.0254583
1237 0.0254583
1238 0.0254583
1239 0.0254249
1240 0.0254249
1241 0.0248227
1242 0.0248227
1243 0.0248227
1244 0.0248227
1245 0.0248227
1246 0.0248227
1247 0.0248227
1248 0.0248227
1249 0.0242874
1250 0.0242874
1251 0.0242874
1252 0.0242874
1253 0.0242874
1254 0.0242874
1255 0.0242205
1256 0.0242205
1257 0.0237187
1258 0.0237187
1259 0.0237187
1260 0.0237187
1261 0.0237187
1262 0.0237187
1263 0.0236853
1264 0.0236853
1265 0.0233842
1266 0.0233842
1267 0.0233842
1268 0.0233842
1269 0.0233842
1270 0.0233842
1271 0.0233173
1272 0.0233173
1273 0.0228489
1274 0.0228489
1275 0.0228489
1276 0.0228489
1277 0.0228489
1278 0.0228489
1279 0.0228489
1280 0.0228489
1281 0.0222468
1282 0.0222468
1283 0.0222468
1284 0.0222468
1285 0.0222468
1286 0.0222468
1287 0.0222468
1288 0.0222468
1289 0.0218119
1290 0.0218119
1291 0.0218119
1292 0.0218119
1293 0.0218119
1294 0.0218119
1295 0.0217784
1296 0.0217784
1297 0.0215108
1298 0.0215108
1299 0.0215108
1300 0.0215108
1301 0.0215108
1302 0.0215108
1303 0.0214773
1304 0.0214773
1305 0.0212431
1306 0.0212431
1307 0.0212431
1308 0.0212431
1309 0.0212431
1310 0.0212431
1311 0.0212431
1312 0.0212431
1313 0.0207748
1314 0.0207748
1315 0.0207748
1316 0.0207748
1317 0.0207748
1318 0.0207748
1319 0.0207748
1320 0.0207748
1321 0.0204068
1322 0.0204068
1323 0.0204068
1324 0.0204068
1325 0.0204068
1326 0.0204068
1327 0.0203733
1328 0.0203733
1329 0.0200388
1330 0.0200388
1331 0.0200388
1332 0.0200388
1333 0.0200388
1334 0.0200388
1335 0.0200388
1336 0.0200388
1337 0.0196039
1338 0.0196039
1339 0.0196039
1340 0.0196039
1341 0.0196039
1342 0.0196039
1343 0.0196039
1344 0.0196039
1345 0.0190017
1346 0.0190017
1347 0.0190017
1348 0.0190017
1349 0.0190017
1350 0.0190017
1351 0.0190017
1352 0.0190017
1353 0.0187007
1354 0.0187007
1355 0.0187007
1356 0.0187007
1357 0.0187007
1358 0.0187007
1359 0.0187007
1360 0.0187007
1361 0.0182658
1362 0.0182658
1363 0.0182658
1364 0.0182658
1365 0.0182658
1366 0.0182658
1367 0.0182658
1368 0.0182658
1369 0.0177974
1370 0.0177974
1371 0.0177974
1372 0.0177974
1373 0.0177974
1374 0.0177974
1375 0.0177974
1376 0.0177974
1377 0.0174294
1378 0.0174294
1379 0.0174294
1380 0.0174294
1381 0.0174294
1382 0.0174294
1383 0.017396
1384 0.017396
1385 0.0168272
1386 0.0168272
1387 0.0168272
1388 0.0168272
1389 0.0168272
1390 0.0168272
1391 0.0168272
1392 0.0168272
1393 0.0164258
1394 0.0164258
1395 0.0164258
1396 0.0164258
1397 0.0164258
1398 0.0164258
1399 0.0164258
1400 0.0164258
1401 0.0159909
1402 0.0159909
1403 0.0159909
1404 0.0159909
1405 0.0159909
1406 0.0159909
1407 0.015924
1408 0.015924
1409 0.0155225
1410 0.0155225
1411 0.0155225
1412 0.0155225
1413 0.0155225
1414 0.0155225
1415 0.0155225
1416 0.0155225
1417 0.0152549
1418 0.0152549
1419 0.0152549
1420 0.0152549
1421 0.0152549
1422 0.0152549
1423 0.0152215
1424 0.0152215
1425 0.0151546
1426 0.0151546
1427 0.0151546
1428 0.0151546
1429 0.0151546
1430 0.0151546
1431 0.0151546
1432 0.0151546
1433 0.0147866
1434 0.0147866
1435 0.0147866
1436 0.0147866
1437 0.0147866
1438 0.0147866
1439 0.0147866
1440 0.0147866
1441 0.014452
1442 0.014452
1443 0.014452
1444 0.014452
1445 0.014452
1446 0.014452
1447 0.014452
1448 0.014452
1449 0.0139837
1450 0.0139837
1451 0.0139837
1452 0.0139837
1453 0.0139837
1454 0.0139837
1455 0.0139837
1456 0.0139837
1457 0.0136157
1458 0.0136157
1459 0.0136157
1460 0.0136157
1461 0.0136157
1462 0.0136157
1463 0.0136157
1464 0.0136157
1465 0.0133815
1466 0.0133815
1467 0.0133815
1468 0.0133815
1469 0.0133815
1470 0.0133815
1471 0.0133815
1472 0.0133815
1473 0.0132811
1474 0.0132811
1475 0.0132811
1476 0.0132811
1477 0.0132811
1478 0.0132811
1479 0.0132811
1480 0.0132811
1481 0.0130804
1482 0.0130804
1483 0.0130804
1484 0.0130804
1485 0.0130804
1486 0.0130804
1487 0.0130804
1488 0.0130804
1489 0.0127459
1490 0.0127459
1491 0.0127459
1492 0.0127459
1493 0.0127459
1494 0.0127459
1495 0.0127459
1496 0.0127459
1497 0.0124113
1498 0.0124113
1499 0.0124113
1500 0.0124113
1501 0.0124113
1502 0.0124113
1503 0.0123779
1504 0.0123779
1505 0.0122106
1506 0.0122106
1507 0.0122106
1508 0.0122106
1509 0.0122106
1510 0.0122106
1511 0.0122106
1512 0.0122106
1513 0.0118761
1514 0.0118761
1515 0.0118761
1516 0.0118761
1517 0.0118761
1518 0.0118761
1519 0.0118761
1520 0.0118761
1521 0.0117423
1522 0.0117423
1523 0.0117423
1524 0.0117423
1525 0.0117423
1526 0.0117423
1527 0.0117423
1528 0.0117423
1529 0.0115415
1530 0.0115415
1531 0.0115415
1532 0.0115415
1533 0.0115415
1534 0.0115415
1535 0.0115415
1536 0.0115415
1537 0.0112739
1538 0.0112739
1539 0.0112739
1540 0.0112739
1541 0.0112739
1542 0.0112739
1543 0.0112739
1544 0.0112739
1545 0.010839
1546 0.010839
1547 0.010839
1548 0.010839
1549 0.010839
1550 0.010839
1551 0.010839
1552 0.010839
1553 0.0105714
1554 0.0105714
1555 0.0105714
1556 0.0105714
1557 0.0105714
1558 0.0105714
1559 0.0105714
1560 0.0105714
1561 0.0103038
1562 0.0103038
1563 0.0103038
1564 0.0103038
1565 0.0103038
1566 0.0103038
1567 0.0103038
1568 0.0103038
1569 0.0100027
1570 0.0100027
1571 0.0100027
1572 0.0100027
1573 0.0100027
1574 0.0100027
1575 0.0100027
1576 0.0100027
1577 0.00973505
1578 0.00973505
1579 0.00973505
1580 0.00973505
1581 0.00973505
1582 0.00973505
1583 0.00970159
1584 0.00970159
1585 0.00936705
1586 0.00936705
1587 0.00936705
1588 0.00936705
1589 0.00936705
1590 0.00936705
1591 0.00936705
1592 0.00936705
1593 0.00916633
1594 0.00916633
1595 0.00916633
1596 0.00916633
1597 0.00916633
1598 0.00916633
1599 0.00913288
1600 0.00913288
1601 0.00893216
1602 0.00893216
1603 0.00893216
1604 0.00893216
1605 0.00893216
1606 0.00893216
1607 0.0088987
1608 0.0088987
1609 0.00869798
1610 0.00869798
1611 0.00869798
1612 0.00869798
1613 0.00869798
1614 0.00869798
1615 0.00869798
1616 0.00869798
1617 0.00859762
1618 0.00859762
1619 0.00859762
1620 0.00859762
1621 0.00859762
1622 0.00859762
1623 0.00859762
1624 0.00859762
1625 0.00829653
1626 0.00829653
1627 0.00829653
1628 0.00829653
1629 0.00829653
1630 0.00829653
1631 0.00826308
1632 0.00826308
1633 0.0080289
1634 0.0080289
1635 0.0080289
1636 0.0080289
1637 0.0080289
1638 0.0080289
1639 0.00799545
1640 0.00799545
1641 0.00782818
1642 0.00782818
1643 0.00782818
1644 0.00782818
1645 0.00782818
1646 0.00782818
1647 0.00782818
1648 0.00782818
1649 0.00772782
1650 0.00772782
1651 0.00772782
1652 0.00772782
1653 0.00772782
1654 0.00772782
1655 0.00772782
1656 0.00772782
1657 0.00749364
1658 0.00749364
1659 0.00749364
1660 0.00749364
1661 0.00749364
1662 0.00749364
1663 0.00749364
1664 0.00749364
1665 0.00729292
1666 0.00729292
1667 0.00729292
1668 0.00729292
1669 0.00729292
1670 0.00729292
1671 0.00729292
1672 0.00729292
1673 0.0070922
1674 0.0070922
1675 0.0070922
1676 0.0070922
1677 0.0070922
1678 0.0070922
1679 0.0070922
1680 0.0070922
1681 0.00682457
1682 0.00682457
1683 0.00682457
1684 0.00682457
1685 0.00682457
1686 0.00682457
1687 0.00682457
1688 0.00682457
1689 0.00669075
1690 0.00669075
1691 0.00669075
1692 0.00669075
1693 0.00669075
1694 0.00669075
1695 0.00669075
1696 0.00669075
1697 0.00652348
1698 0.00652348
1699 0.00652348
1700 0.00652348
1701 0.00652348
1702 0.00652348
1703 0.00652348
1704 0.00652348
1705 0.00625585
1706 0.00625585
1707 0.00625585
1708 0.00625585
1709 0.00625585
1710 0.00625585
1711 0.00625585
1712 0.00625585
1713 0.00618895
1714 0.00618895
1715 0.00618895
1716 0.00618895
1717 0.00618895
1718 0.00618895
1719 0.00618895
1720 0.00618895
1721 0.00605513
1722 0.00605513
1723 0.00605513
1724 0.00605513
1725 0.00605513
1726 0.00605513
1727 0.00605513
1728 0.00605513
1729 0.00605513
1730 0.00605513
1731 0.00605513
1732 0.00605513
1733 0.00605513
1734 0.00605513
1735 0.00605513
1736 0.00605513
1737 0.00592132
1738 0.00592132
1739 0.00592132
1740 0.00592132
1741 0.00592132
1742 0.00592132
1743 0.00592132
1744 0.00592132
1745 0.0057875
1746 0.0057875
1747 0.0057875
1748 0.0057875
1749 0.0057875
1750 0.0057875
1751 0.0057875
1752 0.0057875
1753 0.00568714
1754 0.00568714
1755 0.00568714
1756 0.00568714
1757 0.00568714
1758 0.00568714
1759 0.00568714
1760 0.00568714
1761 0.00558678
1762 0.00558678
1763 0.00558678
1764 0.00558678
1765 0.00558678
1766 0.00558678
1767 0.00558678
1768 0.00558678
1769 0.0053526
1770 0.0053526
1771 0.0053526
1772 0.0053526
1773 0.0053526
1774 0.0053526
1775 0.0053526
1776 0.0053526
1777 0.0052857
1778 0.0052857
1779 0.0052857
1780 0.0052857
1781 0.0052857
1782 0.0052857
1783 0.0052857
1784 0.0052857
1785 0.00525224
1786 0.00525224
1787 0.00525224
1788 0.00525224
1789 0.00525224
1790 0.00525224
1791 0.00525224
1792 0.00525224
1793 0.00515188
1794 0.00515188
1795 0.00515188
1796 0.00515188
1797 0.00515188
1798 0.00515188
1799 0.00515188
1800 0.00515188
1801 0.00508497
1802 0.00508497
1803 0.00508497
1804 0.00508497
1805 0.00508497
1806 0.00508497
1807 0.00508497
1808 0.00508497
1809 0.0049177
1810 0.0049177
1811 0.0049177
1812 0.0049177
1813 0.0049177
1814 0.0049177
1815 0.0049177
1816 0.0049177
1817 0.0048508
1818 0.0048508
1819 0.0048508
1820 0.0048508
1821 0.0048508
1822 0.0048508
1823 0.0048508
1824 0.0048508
1825 0.00475043
1826 0.00475043
1827 0.00475043
1828 0.00475043
1829 0.00475043
1830 0.00475043
1831 0.00475043
1832 0.00475043
1833 0.00475043
1834 0.00475043
1835 0.00475043
1836 0.00475043
1837 0.00475043
1838 0.00475043
1839 0.00475043
1840 0.00475043
1841 0.00475043
1842 0.00475043
1843 0.00475043
1844 0.00475043
1845 0.00475043
1846 0.00475043
1847 0.00475043
1848 0.00475043
1849 0.00468353
1850 0.00468353
1851 0.00468353
1852 0.00468353
1853 0.00468353
1854 0.00468353
1855 0.00468353
1856 0.00468353
1857 0.00461662
1858 0.00461662
1859 0.00461662
1860 0.00461662
1861 0.00461662
1862 0.00461662
1863 0.00461662
1864 0.00461662
1865 0.00454971
1866 0.00454971
1867 0.00454971
1868 0.00454971
1869 0.00454971
1870 0.00454971
1871 0.00454971
1872 0.00454971
1873 0.0044828
1874 0.0044828
1875 0.0044828
1876 0.0044828
1877 0.0044828
1878 0.0044828
1879 0.0044828
1880 0.0044828
1881 0.0044828
1882 0.0044828
1883 0.0044828
1884 0.0044828
1885 0.0044828
1886 0.0044828
1887 0.0044828
1888 0.0044828
1889 0.00444935
1890 0.00444935
1891 0.00444935
1892 0.00444935
1893 0.00444935
1894 0.00444935
1895 0.00444935
1896 0.00444935
1897 0.00438244
1898 0.00438244
1899 0.00438244
1900 0.00438244
1901 0.00438244
1902 0.00438244
1903 0.00438244
1904 0.00438244
1905 0.00424863
1906 0.00424863
1907 0.00424863
1908 0.00424863
1909 0.00424863
1910 0.00424863
1911 0.00421517
1912 0.00421517
1913 0.00414827
1914 0.00414827
1915 0.00414827
1916 0.00414827
1917 0.00414827
1918 0.00414827
1919 0.00414827
1920 0.00414827
1921 0.00408136
1922 0.00408136
1923 0.00408136
1924 0.00408136
1925 0.00408136
1926 0.00408136
1927 0.00408136
1928 0.00408136
1929 0.00391409
1930 0.00391409
1931 0.00391409
1932 0.00391409
1933 0.00391409
1934 0.00391409
1935 0.00391409
1936 0.00391409
1937 0.00381373
1938 0.00381373
1939 0.00381373
1940 0.00381373
1941 0.00381373
1942 0.00381373
1943 0.00381373
1944 0.00381373
1945 0.00374682
1946 0.00374682
1947 0.00374682
1948 0.00374682
1949 0.00374682
1950 0.00374682
1951 0.00371337
1952 0.00371337
1953 0.00364646
1954 0.00364646
1955 0.00364646
1956 0.00364646
1957 0.00364646
1958 0.00364646
1959 0.00364646
1960 0.00364646
1961 0.00361301
1962 0.00361301
1963 0.00361301
1964 0.00361301
1965 0.00361301
1966 0.00361301
1967 0.00361301
1968 0.00361301
1969 0.0035461
1970 0.0035461
1971 0.0035461
1972 0.0035461
1973 0.0035461
1974 0.0035461
1975 0.0035461
1976 0.0035461
1977 0.00351265
1978 0.00351265
1979 0.00351265
1980 0.00351265
1981 0.00351265
1982 0.00351265
1983 0.00347919
1984 0.00347919
1985 0.00341228
1986 0.00341228
1987 0.00341228
1988 0.00341228
1989 0.00341228
1990 0.00341228
1991 0.00341228
1992 0.00341228
1993 0.00334538
1994 0.00334538
1995 0.00334538
1996 0.00334538
1997 0.00334538
1998 0.00334538
1999 0.00334538
2000 0.00334538
2001 0.00327847
2002 0.00327847
2003 0.00327847
2004 0.00327847
2005 0.00327847
2006 0.00327847
2007 0.00327847
2008 0.00327847
2009 0.00327847
2010 0.00327847
2011 0.00327847
2012 0.00327847
2013 0.00327847
2014 0.00327847
2015 0.00327847
2016 0.00327847
2017 0.00317811
2018 0.00317811
2019 0.00317811
2020 0.00317811
2021 0.00317811
2022 0.00317811
2023 0.00317811
2024 0.00317811
2025 0.00304429
2026 0.00304429
2027 0.00304429
2028 0.00304429
2029 0.00304429
2030 0.00304429
2031 0.00304429
2032 0.00304429
2033 0.00297739
2034 0.00297739
2035 0.00297739
2036 0.00297739
2037 0.00297739
2038 0.00297739
2039 0.00297739
2040 0.00297739
2041 0.00294393
2042 0.00294393
2043 0.00294393
2044 0.00294393
2045 0.00294393
2046 0.00294393
2047 0.00294393
2048 0.00294393
2049 0.00287702
2050 0.00287702
2051 0.00287702
2052 0.00287702
2053 0.00287702
2054 0.00287702
2055 0.00287702
2056 0.00287702
2057 0.00287702
2058 0.00287702
2059 0.00287702
2060 0.00287702
2061 0.00287702
2062 0.00287702
2063 0.00284357
2064 0.00284357
2065 0.00281012
2066 0.00281012
2067 0.00281012
2068 0.00281012
2069 0.00281012
2070 0.00281012
2071 0.00281012
2072 0.00281012
2073 0.00277666
2074 0.00277666
2075 0.00277666
2076 0.00277666
2077 0.00277666
2078 0.00277666
2079 0.00277666
2080 0.00277666
2081 0.00257594
2082 0.00257594
2083 0.00257594
2084 0.00257594
2085 0.00257594
2086 0.00257594
2087 0.00257594
2088 0.00257594
2089 0.00250903
2090 0.00250903
2091 0.00250903
2092 0.00250903
2093 0.00250903
2094 0.00250903
2095 0.00250903
2096 0.00250903
2097 0.00247558
2098 0.00247558
2099 0.00247558
2100 0.00247558
2101 0.00247558
2102 0.00247558
2103 0.00247558
2104 0.00247558
2105 0.00240867
2106 0.00240867
2107 0.00240867
2108 0.00240867
2109 0.00240867
2110 0.00240867
2111 0.00240867
2112 0.00240867
2113 0.00237522
2114 0.00237522
2115 0.00237522
2116 0.00237522
2117 0.00237522
2118 0.00237522
2119 0.00237522
2120 0.00237522
2121 0.00230831
2122 0.00230831
2123 0.00230831
2124 0.00230831
2125 0.00230831
2126 0.00230831
2127 0.00230831
2128 0.00230831
2129 0.00230831
2130 0.00230831
2131 0.00230831
2132 0.00230831
2133 0.00230831
2134 0.00230831
2135 0.00230831
2136 0.00230831
2137 0.00220795
2138 0.00220795
2139 0.00220795
2140 0.00220795
2141 0.00220795
2142 0.00220795
2143 0.00217449
2144 0.00217449
2145 0.00210759
2146 0.00210759
2147 0.00210759
2148 0.00210759
2149 0.00210759
2150 0.00210759
2151 0.00210759
2152 0.00210759
2153 0.00204068
2154 0.00204068
2155 0.00204068
2156 0.00204068
2157 0.00204068
2158 0.00204068
2159 0.00204068
2160 0.00204068
2161 0.00204068
2162 0.00204068
2163 0.00204068
2164 0.00204068
2165 0.00204068
2166 0.00204068
2167 0.00204068
2168 0.00204068
2169 0.00204068
2170 0.00204068
2171 0.00204068
2172 0.00204068
2173 0.00204068
2174 0.00204068
2175 0.00204068
2176 0.00204068
2177 0.00194032
2178 0.00194032
2179 0.00194032
2180 0.00194032
2181 0.00194032
2182 0.00194032
2183 0.00194032
2184 0.00194032
2185 0.00190686
2186 0.00190686
2187 0.00190686
2188 0.00190686
2189 0.00190686
2190 0.00190686
2191 0.00190686
2192 0.00190686
2193 0.00187341
2194 0.00187341
2195 0.00187341
2196 0.00187341
2197 0.00187341
2198 0.00187341
2199 0.00187341
2200 0.00187341
2201 0.00177305
2202 0.00177305
2203 0.00177305
2204 0.00177305
2205 0.00177305
2206 0.00177305
2207 0.00177305
2208 0.00177305
2209 0.00177305
2210 0.00177305
2211 0.00177305
2212 0.00177305
2213 0.00177305
2214 0.00177305
2215 0.00177305
2216 0.00177305
2217 0.0017396
2218 0.0017396
2219 0.0017396
2220 0.0017396
2221 0.0017396
2222 0.0017396
2223 0.0017396
2224 0.0017396
2225 0.00163923
2226 0.00163923
2227 0.00163923
2228 0.00163923
2229 0.00163923
2230 0.00163923
2231 0.00163923
2232 0.00163923
2233 0.00163923
2234 0.00163923
2235 0.00163923
2236 0.00163923
2237 0.00163923
2238 0.00163923
2239 0.00163923
2240 0.00163923
2241 0.00163923
2242 0.00163923
2243 0.00163923
2244 0.00163923
2245 0.00163923
2246 0.00163923
2247 0.00163923
2248 0.00163923
2249 0.00160578
2250 0.00160578
2251 0.00160578
2252 0.00160578
2253 0.00160578
2254 0.00160578
2255 0.00160578
2256 0.00160578
2257 0.00157233
2258 0.00157233
2259 0.00157233
2260 0.00157233
2261 0.00157233
2262 0.00157233
2263 0.00157233
2264 0.00157233
2265 0.00153887
2266 0.00153887
2267 0.00153887
2268 0.00153887
2269 0.00153887
2270 0.00153887
2271 0.00153887
2272 0.00153887
2273 0.00143851
2274 0.00143851
2275 0.00143851
2276 0.00143851
2277 0.00143851
2278 0.00143851
2279 0.00143851
2280 0.00143851
2281 0.00143851
2282 0.00143851
2283 0.00143851
2284 0.00143851
2285 0.00143851
2286 0.00143851
2287 0.00140506
2288 0.00140506
2289 0.00133815
2290 0.00133815
2291 0.00133815
2292 0.00133815
2293 0.00133815
2294 0.00133815
2295 0.00133815
2296 0.00133815
2297 0.0013047
2298 0.0013047
2299 0.0013047
2300 0.0013047
2301 0.0013047
2302 0.0013047
2303 0.0013047
2304 0.0013047
2305 0.00123779
2306 0.00123779
2307 0.00123779
2308 0.00123779
2309 0.00123779
2310 0.00123779
2311 0.00123779
2312 0.00123779
2313 0.00117088
2314 0.00117088
2315 0.00117088
2316 0.00117088
2317 0.00117088
2318 0.00117088
2319 0.00117088
2320 0.00117088
2321 0.00117088
2322 0.00117088
2323 0.00117088
2324 0.00117088
2325 0.00117088
2326 0.00117088
2327 0.00117088
2328 0.00117088
2329 0.00117088
2330 0.00117088
2331 0.00117088
2332 0.00117088
2333 0.00117088
2334 0.00117088
2335 0.00117088
2336 0.00117088
2337 0.00113743
2338 0.00113743
2339 0.00113743
2340 0.00113743
2341 0.00113743
2342 0.00113743
2343 0.00113743
2344 0.00113743
2345 0.00110397
2346 0.00110397
2347 0.00110397
2348 0.00110397
2349 0.00110397
2350 0.00110397
2351 0.00110397
2352 0.00110397
2353 0.00103707
2354 0.00103707
2355 0.00103707
2356 0.00103707
2357 0.00103707
2358 0.00103707
2359 0.00103707
2360 0.00103707
2361 0.00103707
2362 0.00103707
2363 0.00103707
2364 0.00103707
2365 0.00103707
2366 0.00103707
2367 0.00103707
2368 0.00103707
2369 0.00103707
2370 0.00103707
2371 0.00103707
2372 0.00103707
2373 0.00103707
2374 0.00103707
2375 0.00103707
2376 0.00103707
2377 0.00103707
2378 0.00103707
2379 0.00103707
2380 0.00103707
2381 0.00103707
2382 0.00103707
2383 0.00103707
2384 0.00103707
2385 0.00103707
2386 0.00103707
2387 0.00103707
2388 0.00103707
2389 0.00103707
2390 0.00103707
2391 0.00103707
2392 0.00103707
2393 0.00100361
2394 0.00100361
2395 0.00100361
2396 0.00100361
2397 0.00100361
2398 0.00100361
2399 0.00100361
2400 0.00100361
2401 0.00100361
2402 0.00100361
2403 0.00100361
2404 0.00100361
2405 0.00100361
2406 0.00100361
2407 0.00100361
2408 0.00100361
2409 0.00100361
2410 0.00100361
2411 0.00100361
2412 0.00100361
2413 0.00100361
2414 0.00100361
2415 0.00100361
2416 0.00100361
2417 0.00100361
2418 0.00100361
2419 0.00100361
2420 0.00100361
2421 0.00100361
2422 0.00100361
2423 0.00100361
2424 0.00100361
2425 0.00100361
2426 0.00100361
2427 0.00100361
2428 0.00100361
2429 0.00100361
2430 0.00100361
2431 0.00100361
2432 0.00100361
2433 0.000970159
2434 0.000970159
2435 0.000970159
2436 0.000970159
2437 0.000970159
2438 0.000970159
2439 0.000970159
2440 0.000970159
2441 0.000970159
2442 0.000970159
2443 0.000970159
2444 0.000970159
2445 0.000970159
2446 0.000970159
2447 0.000970159
2448 0.000970159
2449 0.000970159
2450 0.000970159
2451 0.000970159
2452 0.000970159
2453 0.000970159
2454 0.000970159
2455 0.000970159
2456 0.000970159
2457 0.000936705
2458 0.000936705
2459 0.000936705
2460 0.000936705
2461 0.000936705
2462 0.000936705
2463 0.000936705
2464 0.000936705
2465 0.000936705
2466 0.000936705
2467 0.000936705
2468 0.000936705
2469 0.000936705
2470 0.000936705
2471 0.000936705
2472 0.000936705
2473 0.000936705
2474 0.000936705
2475 0.000936705
2476 0.000936705
2477 0.000936705
2478 0.000936705
2479 0.000936705
2480 0.000936705
2481 0.000936705
2482 0.000936705
2483 0.000936705
2484 0.000936705
2485 0.000936705
2486 0.000936705
2487 0.000936705
2488 0.000936705
2489 0.000903252
2490 0.000903252
2491 0.000903252
2492 0.000903252
2493 0.000903252
2494 0.000903252
2495 0.000903252
2496 0.000903252
2497 0.000903252
2498 0.000903252
2499 0.000903252
2500 0.000903252
2501 0.000903252
2502 0.000903252
2503 0.000903252
2504 0.000903252
2505 0.000903252
2506 0.000903252
2507 0.000903252
2508 0.000903252
2509 0.000903252
2510 0.000903252
2511 0.000903252
2512 0.000903252
2513 0.000869798
2514 0.000869798
2515 0.000869798
2516 0.000869798
2517 0.000869798
2518 0.000869798
2519 0.000869798
2520 0.000869798
2521 0.000836344
2522 0.000836344
2523 0.000836344
2524 0.000836344
2525 0.000836344
2526 0.000836344
2527 0.000836344
2528 0.000836344
2529 0.000836344
2530 0.000836344
2531 0.000836344
2532 0.000836344
2533 0.000836344
2534 0.000836344
2535 0.000836344
2536 0.000836344
2537 0.00080289
2538 0.00080289
2539 0.00080289
2540 0.00080289
2541 0.00080289
2542 0.00080289
2543 0.00080289
2544 0.00080289
2545 0.00080289
2546 0.00080289
2547 0.00080289
2548 0.00080289
2549 0.00080289
2550 0.00080289
2551 0.00080289
2552 0.00080289
2553 0.00080289
2554 0.00080289
2555 0.00080289
2556 0.00080289
2557 0.00080289
2558 0.00080289
2559 0.00080289
2560 0.00080289
2561 0.00080289
2562 0.00080289
2563 0.00080289
2564 0.00080289
2565 0.00080289
2566 0.00080289
2567 0.00080289
2568 0.00080289
2569 0.00080289
2570 0.00080289
2571 0.00080289
2572 0.00080289
2573 0.00080289
2574 0.00080289
2575 0.00080289
2576 0.00080289
2577 0.00080289
2578 0.00080289
2579 0.00080289
2580 0.00080289
2581 0.00080289
2582 0.00080289
2583 0.00080289
2584 0.00080289
2585 0.00080289
2586 0.00080289
2587 0.00080289
2588 0.00080289
2589 0.00080289
2590 0.00080289
2591 0.000769437
2592 0.000769437
2593 0.000769437
2594 0.000769437
2595 0.000769437
2596 0.000769437
2597 0.000769437
2598 0.000769437
2599 0.000769437
2600 0.000769437
2601 0.000769437
2602 0.000769437
2603 0.000769437
2604 0.000769437
2605 0.000769437
2606 0.000769437
2607 0.000769437
2608 0.000769437
2609 0.000769437
2610 0.000769437
2611 0.000769437
2612 0.000769437
2613 0.000769437
2614 0.000769437
2615 0.000769437
2616 0.000769437
2617 0.000769437
2618 0.000769437
2619 0.000769437
2620 0.000769437
2621 0.000769437
2622 0.000769437
2623 0.000769437
2624 0.000769437
2625 0.000769437
2626 0.000769437
2627 0.000769437
2628 0.000769437
2629 0.000769437
2630 0.000769437
2631 0.000769437
2632 0.000769437
2633 0.000769437
2634 0.000769437
2635 0.000769437
2636 0.000769437
2637 0.000769437
2638 0.000769437
2639 0.000769437
2640 0.000769437
2641 0.000735983
2642 0.000735983
2643 0.000735983
2644 0.000735983
2645 0.000735983
2646 0.000735983
2647 0.000702529
2648 0.000702529
2649 0.000702529
2650 0.000702529
2651 0.000702529
2652 0.000702529
2653 0.000702529
2654 0.000702529
2655 0.000702529
2656 0.000702529
2657 0.000635622
2658 0.000635622
2659 0.000635622
2660 0.000635622
2661 0.000635622
2662 0.000635622
2663 0.000635622
2664 0.000635622
2665 0.000635622
2666 0.000635622
2667 0.000635622
2668 0.000635622
2669 0.000635622
2670 0.000635622
2671 0.000635622
2672 0.000635622
2673 0.000568714
2674 0.000568714
2675 0.000568714
2676 0.000568714
2677 0.000568714
2678 0.000568714
2679 0.000568714
2680 0.000568714
2681 0.000568714
2682 0.000568714
2683 0.000568714
2684 0.000568714
2685 0.000568714
2686 0.000568714
2687 0.000568714
2688 0.000568714
2689 0.000568714
2690 0.000568714
2691 0.000568714
2692 0.000568714
2693 0.000568714
2694 0.000568714
2695 0.000568714
2696 0.000568714
2697 0.000568714
2698 0.000568714
2699 0.000568714
2700 0.000568714
2701 0.000568714
2702 0.000568714
2703 0.000568714
2704 0.000568714
2705 0.000568714
2706 0.000568714
2707 0.000568714
2708 0.000568714
2709 0.000568714
2710 0.000568714
2711 0.000568714
2712 0.000568714
2713 0.000568714
2714 0.000568714
2715 0.000568714
2716 0.000568714
2717 0.000568714
2718 0.000568714
2719 0.000568714
2720 0.000568714
2721 0.00053526
2722 0.00053526
2723 0.00053526
2724 0.00053526
2725 0.00053526
2726 0.00053526
2727 0.00053526
2728 0.00053526
2729 0.00053526
2730 0.00053526
2731 0.00053526
2732 0.00053526
2733 0.00053526
2734 0.00053526
2735 0.00053526
2736 0.00053526
2737 0.00053526
2738 0.00053526
2739 0.00053526
2740 0.00053526
2741 0.00053526
2742 0.00053526
2743 0.00053526
2744 0.00053526
2745 0.00053526
2746 0.00053526
2747 0.00053526
2748 0.00053526
2749 0.00053526
2750 0.00053526
2751 0.00053526
2752 0.00053526
2753 0.00053526
2754 0.00053526
2755 0.00053526
2756 0.00053526
2757 0.00053526
2758 0.00053526
2759 0.00053526
2760 0.00053526
2761 0.00053526
2762 0.00053526
2763 0.00053526
2764 0.00053526
2765 0.00053526
2766 0.00053526
2767 0.00053526
2768 0.00053526
2769 0.000468353
2770 0.000468353
2771 0.000468353
2772 0.000468353
2773 0.000468353
2774 0.000468353
2775 0.000468353
2776 0.000468353
2777 0.000434899
2778 0.000434899
2779 0.000434899
2780 0.000434899
2781 0.000434899
2782 0.000434899
2783 0.000434899
2784 0.000434899
2785 0.000434899
2786 0.000434899
2787 0.000434899
2788 0.000434899
2789 0.000434899
2790 0.000434899
2791 0.000434899
2792 0.000434899
2793 0.000434899
2794 0.000434899
2795 0.000434899
2796 0.000434899
2797 0.000434899
2798 0.000434899
2799 0.000434899
2800 0.000434899
2801 0.000434899
2802 0.000434899
2803 0.000434899
2804 0.000434899
2805 0.000434899
2806 0.000434899
2807 0.000434899
2808 0.000434899
2809 0.000434899
2810 0.000434899
2811 0.000434899
2812 0.000434899
2813 0.000434899
2814 0.000434899
2815 0.000434899
2816 0.000434899
2817 0.000434899
2818 0.000434899
2819 0.000434899
2820 0.000434899
2821 0.000434899
2822 0.000434899
2823 0.000434899
2824 0.000434899
2825 0.000367991
2826 0.000367991
2827 0.000367991
2828 0.000367991
2829 0.000367991
2830 0.000367991
2831 0.000367991
2832 0.000367991
2833 0.000367991
2834 0.000367991
2835 0.000367991
2836 0.000367991
2837 0.000367991
2838 0.000367991
2839 0.000367991
2840 0.000367991
2841 0.000367991
2842 0.000367991
2843 0.000367991
2844 0.000367991
2845 0.000367991
2846 0.000367991
2847 0.000367991
2848 0.000367991
2849 0.000367991
2850 0.000367991
2851 0.000367991
2852 0.000367991
2853 0.000367991
2854 0.000367991
2855 0.000367991
2856 0.000367991
2857 0.000367991
2858 0.000367991
2859 0.000367991
2860 0.000367991
2861 0.000367991
2862 0.000367991
2863 0.000367991
2864 0.000367991
2865 0.000367991
2866 0.000367991
2867 0.000367991
2868 0.000367991
2869 0.000367991
2870 0.000367991
2871 0.000367991
2872 0.000367991
2873 0.000367991
2874 0.000367991
2875 0.000367991
2876 0.000367991
2877 0.000367991
2878 0.000367991
2879 0.000367991
2880 0.000367991
2881 0.000367991
2882 0.000367991
2883 0.000367991
2884 0.000367991
2885 0.000367991
2886 0.000367991
2887 0.000367991
2888 0.000367991
2889 0.000367991
2890 0.000367991
2891 0.000367991
2892 0.000367991
2893 0.000367991
2894 0.000367991
2895 0.000367991
2896 0.000367991
2897 0.000334538
2898 0.000334538
2899 0.000334538
2900 0.000334538
2901 0.000334538
2902 0.000334538
2903 0.000334538
2904 0.000334538
2905 0.000334538
2906 0.000334538
2907 0.000334538
2908 0.000334538
2909 0.000334538
2910 0.000334538
2911 0.000334538
2912 0.000334538
2913 0.000334538
2914 0.000334538
2915 0.000334538
2916 0.000334538
2917 0.000334538
2918 0.000334538
2919 0.000334538
2920 0.000334538
2921 0.000334538
2922 0.000334538
2923 0.000334538
2924 0.000334538
2925 0.000334538
2926 0.000334538
2927 0.000334538
2928 0.000334538
2929 0.000334538
2930 0.000334538
2931 0.000334538
2932 0.000334538
2933 0.000334538
2934 0.000334538
2935 0.000334538
2936 0.000334538
2937 0.000334538
2938 0.000334538
2939 0.000334538
2940 0.000334538
2941 0.000334538
2942 0.000334538
2943 0.000334538
2944 0.000334538
2945 0.00026763
2946 0.00026763
2947 0.00026763
2948 0.00026763
2949 0.00026763
2950 0.00026763
2951 0.00026763
2952 0.00026763
2953 0.000234176
2954 0.000234176
2955 0.000234176
2956 0.000234176
2957 0.000234176
2958 0.000234176
2959 0.000234176
2960 0.000234176
2961 0.000234176
2962 0.000234176
2963 0.000234176
2964 0.000234176
2965 0.000234176
2966 0.000234176
2967 0.000234176
2968 0.000234176
2969 0.000234176
2970 0.000234176
2971 0.000234176
2972 0.000234176
2973 0.000234176
2974 0.000234176
2975 0.000234176
2976 0.000234176
2977 0.000234176
2978 0.000234176
2979 0.000234176
2980 0.000234176
2981 0.000234176
2982 0.000234176
2983 0.000234176
2984 0.000234176
2985 0.000234176
2986 0.000234176
2987 0.000234176
2988 0.000234176
2989 0.000234176
2990 0.000234176
2991 0.000234176
2992 0.000234176
2993 0.000234176
2994 0.000234176
2995 0.000234176
2996 0.000234176
2997 0.000234176
2998 0.000234176
2999 0.000234176
3000 0.000234176
3001 0.000234176
3002 0.000234176
3003 0.000234176
3004 0.000234176
3005 0.000234176
3006 0.000234176
3007 0.000234176
3008 0.000234176
3009 0.000234176
3010 0.000234176
3011 0.000234176
3012 0.000234176
3013 0.000234176
3014 0.000234176
3015 0.000234176
3016 0.000234176
3017 0.000234176
3018 0.000234176
3019 0.000234176
3020 0.000234176
3021 0.000234176
3022 0.000234176
3023 0.000234176
3024 0.000234176
3025 0.000234176
3026 0.000234176
3027 0.000234176
3028 0.000234176
3029 0.000234176
3030 0.000234176
3031 0.000234176
3032 0.000234176
3033 0.000234176
3034 0.000234176
3035 0.000234176
3036 0.000234176
3037 0.000234176
3038 0.000234176
3039 0.000234176
3040 0.000234176
3041 0.000234176
3042 0.000234176
3043 0.000234176
3044 0.000234176
3045 0.000234176
3046 0.000234176
3047 0.000234176
3048 0.000234176
3049 0.000234176
3050 0.000234176
3051 0.000234176
3052 0.000234176
3053 0.000234176
3054 0.000234176
3055 0.000234176
3056 0.000234176
3057 0.000234176
3058 0.000234176
3059 0.000234176
3060 0.000234176
3061 0.000234176
3062 0.000234176
3063 0.000234176
3064 0.000234176
3065 0.000234176
3066 0.000234176
3067 0.000234176
3068 0.000234176
3069 0.000234176
3070 0.000234176
3071 0.000234176
3072 0.000234176
3073 0.000234176
3074 0.000234176
3075 0.000234176
3076 0.000234176
3077 0.000234176
3078 0.000234176
3079 0.000234176
3080 0.000234176
3081 0.000234176
3082 0.000234176
3083 0.000234176
3084 0.000234176
3085 0.000234176
3086 0.000234176
3087 0.000234176
3088 0.000234176
3089 0.000234176
3090 0.000234176
3091 0.000234176
3092 0.000234176
3093 0.000234176
3094 0.000234176
3095 0.000234176
3096 0.000234176
3097 0.000234176
3098 0.000234176
3099 0.000234176
3100 0.000234176
3101 0.000234176
3102 0.000234176
3103 0.000234176
3104 0.000234176
3105 0.000234176
3106 0.000234176
3107 0.000234176
3108 0.000234176
3109 0.000234176
3110 0.000234176
3111 0.000234176
3112 0.000234176
3113 0.000200723
3114 0.000200723
3115 0.000200723
3116 0.000200723
3117 0.000200723
3118 0.000200723
3119 0.000200723
3120 0.000200723
3121 0.000200723
3122 0.000200723
3123 0.000200723
3124 0.000200723
3125 0.000200723
3126 0.000200723
3127 0.000200723
3128 0.000200723
3129 0.000200723
3130 0.000200723
3131 0.000200723
3132 0.000200723
3133 0.000200723
3134 0.000200723
3135 0.000200723
3136 0.000200723
3137 0.000200723
3138 0.000200723
3139 0.000200723
3140 0.000200723
3141 0.000200723
3142 0.000200723
3143 0.000200723
3144 0.000200723
3145 0.000167269
3146 0.000167269
3147 0.000167269
3148 0.000167269
3149 0.000167269
3150 0.000167269
3151 0.000167269
3152 0.000167269
3153 0.000167269
3154 0.000167269
3155 0.000167269
3156 0.000167269
3157 0.000167269
3158 0.000167269
3159 0.000167269
3160 0.000167269
3161 0.000167269
3162 0.000167269
3163 0.000167269
3164 0.000167269
3165 0.000167269
3166 0.000167269
3167 0.000167269
3168 0.000167269
3169 0.000167269
3170 0.000167269
3171 0.000167269
3172 0.000167269
3173 0.000167269
3174 0.000167269
3175 0.000167269
3176 0.000167269
3177 0.000167269
3178 0.000167269
3179 0.000167269
3180 0.000167269
3181 0.000167269
3182 0.000167269
3183 0.000167269
3184 0.000167269
3185 0.000167269
3186 0.000167269
3187 0.000167269
3188 0.000167269
3189 0.000167269
3190 0.000167269
3191 0.000167269
3192 0.000167269
3193 0.000167269
3194 0.000167269
3195 0.000167269
3196 0.000167269
3197 0.000167269
3198 0.000167269
3199 0.000167269
3200 0.000167269
3201 0.000167269
3202 0.000167269
3203 0.000167269
3204 0.000167269
3205 0.000167269
3206 0.000167269
3207 0.000167269
3208 0.000167269
3209 0.000167269
3210 0.000167269
3211 0.000167269
3212 0.000167269
3213 0.000167269
3214 0.000167269
3215 0.000167269
3216 0.000167269
3217 0.000167269
3218 0.000167269
3219 0.000167269
3220 0.000167269
3221 0.000167269
3222 0.000167269
3223 0.000167269
3224 0.000167269
3225 0.000167269
3226 0.000167269
3227 0.000167269
3228 0.000167269
3229 0.000167269
3230 0.000167269
3231 0.000167269
3232 0.000167269
3233 0.000167269
3234 0.000167269
3235 0.000167269
3236 0.000167269
3237 0.000167269
3238 0.000167269
3239 0.000167269
3240 0.000167269
3241 0.000133815
3242 0.000133815
3243 0.000133815
3244 0.000133815
3245 0.000133815
3246 0.000133815
3247 0.000133815
3248 0.000133815
3249 0.000133815
3250 0.000133815
3251 0.000133815
3252 0.000133815
3253 0.000133815
3254 0.000133815
3255 0.000133815
3256 0.000133815
3257 0.000133815
3258 0.000133815
3259 0.000133815
3260 0.000133815
3261 0.000133815
3262 0.000133815
3263 0.000133815
3264 0.000133815
3265 0.000133815
3266 0.000133815
3267 0.000133815
3268 0.000133815
3269 0.000133815
3270 0.000133815
3271 0.000133815
3272 0.000133815
3273 0.000133815
3274 0.000133815
3275 0.000133815
3276 0.000133815
3277 0.000133815
3278 0.000133815
3279 0.000133815
3280 0.000133815
3281 0.000133815
3282 0.000133815
3283 0.000133815
3284 0.000133815
3285 0.000133815
3286 0.000133815
3287 0.000133815
3288 0.000133815
3289 0.000100361
3290 0.000100361
3291 0.000100361
3292 0.000100361
3293 0.000100361
3294 0.000100361
3295 0.000100361
3296 0.000100361
3297 0.000100361
3298 0.000100361
3299 0.000100361
3300 0.000100361
3301 0.000100361
3302 0.000100361
3303 0.000100361
3304 0.000100361
3305 0.000100361
3306 0.000100361
3307 0.000100361
3308 0.000100361
3309 0.000100361
3310 0.000100361
3311 0.000100361
3312 0.000100361
3313 0.000100361
3314 0.000100361
3315 0.000100361
3316 0.000100361
3317 0.000100361
3318 0.000100361
3319 0.000100361
3320 0.000100361
3321 0.000100361
3322 0.000100361
3323 0.000100361
3324 0.000100361
3325 0.000100361
3326 0.000100361
3327 0.000100361
3328 0.000100361
3329 0.000100361
3330 0.000100361
3331 0.000100361
3332 0.000100361
3333 0.000100361
3334 0.000100361
3335 0.000100361
3336 0.000100361
3337 0.000100361
3338 0.000100361
3339 0.000100361
3340 0.000100361
3341 0.000100361
3342 0.000100361
3343 0.000100361
3344 0.000100361
3345 0.000100361
3346 0.000100361
3347 0.000100361
3348 0.000100361
3349 0.000100361
3350 0.000100361
3351 0.000100361
3352 0.000100361
3353 0.000100361
3354 0.000100361
3355 0.000100361
3356 0.000100361
3357 0.000100361
3358 0.000100361
3359 0.000100361
3360 0.000100361
3361 0.000100361
3362 0.000100361
3363 0.000100361
3364 0.000100361
3365 0.000100361
3366 0.000100361
3367 0.000100361
3368 0.000100361
3369 0.000100361
3370 0.000100361
3371 0.000100361
3372 0.000100361
3373 0.000100361
3374 0.000100361
3375 0.000100361
3376 0.000100361
3377 0.000100361
3378 0.000100361
3379 0.000100361
3380 0.000100361
3381 0.000100361
3382 0.000100361
3383 0.000100361
3384 0.000100361
3385 0.000100361
3386 0.000100361
3387 0.000100361
3388 0.000100361
3389 0.000100361
3390 0.000100361
3391 0.000100361
3392 0.000100361
3393 0.000100361
3394 0.000100361
3395 0.000100361
3396 0.000100361
3397 0.000100361
3398 0.000100361
3399 0.000100361
3400 0.000100361
3401 0.000100361
3402 0.000100361
3403 0.000100361
3404 0.000100361
3405 0.000100361
3406 0.000100361
3407 0.000100361
3408 0.000100361
3409 0.000100361
3410 0.000100361
3411 0.000100361
3412 0.000100361
3413 0.000100361
3414 0.000100361
3415 0.000100361
3416 0.000100361
3417 0.000100361
3418 0.000100361
3419 0.000100361
3420 0.000100361
3421 0.000100361
3422 0.000100361
3423 0.000100361
3424 0.000100361
3425 0.000100361
3426 0.000100361
3427 0.000100361
3428 0.000100361
3429 0.000100361
3430 0.000100361
3431 0.000100361
3432 0.000100361
3433 0.000100361
3434 0.000100361
3435 0.000100361
3436 0.000100361
3437 0.000100361
3438 0.000100361
3439 0.000100361
3440 0.000100361
3441 0.000100361
3442 0.000100361
3443 0.000100361
3444 0.000100361
3445 0.000100361
3446 0.000100361
3447 0.000100361
3448 0.000100361
3449 0.000100361
3450 0.000100361
3451 0.000100361
3452 0.000100361
3453 0.000100361
3454 0.000100361
3455 0.000100361
3456 0.000100361
3457 0.000100361
3458 0.000100361
3459 0.000100361
3460 0.000100361
3461 0.000100361
3462 0.000100361
3463 0.000100361
3464 0.000100361
3465 6.69075e-05
3466 6.69075e-05
3467 6.69075e-05
3468 6.69075e-05
3469 6.69075e-05
3470 6.69075e-05
3471 6.69075e-05
3472 6.69075e-05
3473 6.69075e-05
3474 6.69075e-05
3475 6.69075e-05
3476 6.69075e-05
3477 6.69075e-05
3478 6.69075e-05
3479 6.69075e-05
3480 6.69075e-05
3481 6.69075e-05
3482 6.69075e-05
3483 6.69075e-05
3484 6.69075e-05
3485 6.69075e-05
3486 6.69075e-05
3487 6.69075e-05
3488 6.69075e-05
3489 6.69075e-05
3490 6.69075e-05
3491 6.69075e-05
3492 6.69075e-05
3493 6.69075e-05
3494 6.69075e-05
3495 6.69075e-05
3496 6.69075e-05
3497 6.69075e-05
3498 6.69075e-05
3499 6.69075e-05
3500 6.69075e-05
3501 6.69075e-05
3502 6.69075e-05
3503 6.69075e-05
3504 6.69075e-05
3505 3.34538e-05
3506 3.34538e-05
3507 3.34538e-05
3508 3.34538e-05
3509 3.34538e-05
3510 3.34538e-05
3511 3.34538e-05
3512 3.34538e-05
3513 3.34538e-05
3514 3.34538e-05
3515 3.34538e-05
3516 3.34538e-05
3517 3.34538e-05
3518 3.34538e-05
3519 3.34538e-05
3520 3.34538e-05
3521 3.34538e-05
3522 3.34538e-05
3523 3.34538e-05
3524 3.34538e-05
3525 3.34538e-05
3526 3.34538e-05
3527 3.34538e-05
3528 3.34538e-05
3529 3.34538e-05
3530 3.34538e-05
3531 3.34538e-05
3532 3.34538e-05
3533 3.34538e-05
3534 3.34538e-05
3535 3.34538e-05
3536 3.34538e-05
3537 3.34538e-05
3538 3.34538e-05
3539 3.34538e-05
3540 3.34538e-05
3541 3.34538e-05
3542 3.34538e-05
3543 3.34538e-05
3544 3.34538e-05
3545 3.34538e-05
3546 3.34538e-05
3547 3.34538e-05
3548 3.34538e-05
3549 3.34538e-05
3550 3.34538e-05
3551 3.34538e-05
3552 3.34538e-05
3553 3.34538e-05
3554 3.34538e-05
3555 3.34538e-05
3556 3.34538e-05
3557 3.34538e-05
3558 3.34538e-05
3559 3.34538e-05
3560 3.34538e-05
3561 3.34538e-05
3562 3.34538e-05
3563 3.34538e-05
3564 3.34538e-05
3565 3.34538e-05
3566 3.34538e-05
3567 3.34538e-05
3568 3.34538e-05
3569 3.34538e-05
3570 3.34538e-05
3571 3.34538e-05
3572 3.34538e-05
3573 3.34538e-05
3574 3.34538e-05
3575 3.34538e-05
3576 3.34538e-05
3577 3.34538e-05
3578 3.34538e-05
3579 3.34538e-05
3580 3.34538e-05
3581 3.34538e-05
3582 3.34538e-05
3583 3.34538e-05
3584 3.34538e-05
3585 3.34538e-05
3586 3.34538e-05
3587 3.34538e-05
3588 3.34538e-05
3589 3.34538e-05
3590 3.34538e-05
3591 3.34538e-05
3592 3.34538e-05
3593 3.34538e-05
3594 3.34538e-05
3595 3.34538e-05
3596 3.34538e-05
3597 3.34538e-05
3598 3.34538e-05
3599 3.34538e-05
3600 3.34538e-05
3601 3.34538e-05
3602 3.34538e-05
3603 3.34538e-05
3604 3.34538e-05
3605 3.34538e-05
3606 3.34538e-05
3607 3.34538e-05
3608 3.34538e-05
3609 3.34538e-05
3610 3.34538e-05
3611 3.34538e-05
3612 3.34538e-05
3613 3.34538e-05
3614 3.34538e-05
3615 3.34538e-05
3616 3.34538e-05
3617 3.34538e-05
3618 3.34538e-05
3619 3.34538e-05
3620 3.34538e-05
3621 3.34538e-05
3622 3.34538e-05
