0 1
1 1
2 1
3 1
4 1
5 1
6 1
7 1
8 1
9 1
10 1
11 1
12 1
13 1
14 1
15 0.999962
16 0.999962
17 0.999962
18 0.999962
19 0.999962
20 0.999962
21 0.999962
22 0.999962
23 0.999925
24 0.999925
25 0.999925
26 0.999925
27 0.999925
28 0.999925
29 0.999925
30 0.999925
31 0.999925
32 0.999925
33 0.999925
34 0.999925
35 0.999925
36 0.999925
37 0.999925
38 0.999925
39 0.999887
40 0.999887
41 0.999887
42 0.999887
43 0.999887
44 0.999887
45 0.999887
46 0.999887
47 0.999887
48 0.999887
49 0.999887
50 0.999887
51 0.999887
52 0.999887
53 0.999887
54 0.999887
55 0.999849
56 0.999849
57 0.999849
58 0.999849
59 0.999849
60 0.999849
61 0.999849
62 0.999849
63 0.999699
64 0.999699
65 0.999699
66 0.999699
67 0.999699
68 0.999699
69 0.999699
70 0.999699
71 0.999473
72 0.999473
73 0.999473
74 0.999473
75 0.999473
76 0.999473
77 0.999473
78 0.999473
79 0.999284
80 0.999284
81 0.999284
82 0.999284
83 0.999284
84 0.999284
85 0.999284
86 0.999284
87 0.999209
88 0.999209
89 0.999209
90 0.999209
91 0.999209
92 0.999209
93 0.999209
94 0.999209
95 0.998908
96 0.998908
97 0.980411
98 0.980411
99 0.980411
100 0.980411
101 0.980411
102 0.980411
103 0.980109
104 0.980109
105 0.96116
106 0.96116
107 0.96116
108 0.96116
109 0.96116
110 0.96116
111 0.960972
112 0.960972
113 0.939763
114 0.939763
115 0.939763
116 0.939763
117 0.939763
118 0.939763
119 0.939574
120 0.939574
121 0.919684
122 0.919684
123 0.919684
124 0.919684
125 0.919684
126 0.919684
127 0.919608
128 0.919608
129 0.90081
130 0.90081
131 0.90081
132 0.90081
133 0.90081
134 0.90081
135 0.900735
136 0.900735
137 0.882162
138 0.882162
139 0.882162
140 0.882162
141 0.882162
142 0.882162
143 0.881974
144 0.881974
145 0.862573
146 0.862573
147 0.862573
148 0.862573
149 0.862573
150 0.862573
151 0.862347
152 0.862347
153 0.84321
154 0.84321
155 0.84321
156 0.84321
157 0.84321
158 0.84321
159 0.843134
160 0.843134
161 0.822754
162 0.822754
163 0.822754
164 0.822754
165 0.822754
166 0.822754
167 0.822603
168 0.822603
169 0.80373
170 0.80373
171 0.80373
172 0.80373
173 0.80373
174 0.80373
175 0.803654
176 0.803654
177 0.786099
178 0.786099
179 0.786099
180 0.786099
181 0.786099
182 0.786099
183 0.785948
184 0.785948
185 0.768732
186 0.768732
187 0.768732
188 0.768732
189 0.768732
190 0.768732
191 0.768582
192 0.768582
193 0.751479
194 0.751479
195 0.751479
196 0.751479
197 0.751479
198 0.751479
199 0.751215
200 0.751215
201 0.733961
202 0.733961
203 0.733961
204 0.733961
205 0.733961
206 0.733961
207 0.73381
208 0.73381
209 0.716142
210 0.716142
211 0.716142
212 0.716142
213 0.716142
214 0.716142
215 0.716067
216 0.716067
217 0.700245
218 0.700245
219 0.700245
220 0.700245
221 0.700245
222 0.700245
223 0.700094
224 0.700094
225 0.683858
226 0.683858
227 0.683858
228 0.683858
229 0.683858
230 0.683858
231 0.683707
232 0.683707
233 0.667018
234 0.667018
235 0.667018
236 0.667018
237 0.667018
238 0.667018
239 0.666868
240 0.666868
241 0.65033
242 0.65033
243 0.65033
244 0.65033
245 0.65033
246 0.65033
247 0.650066
248 0.650066
249 0.633528
250 0.633528
251 0.633528
252 0.633528
253 0.633528
254 0.633528
255 0.633415
256 0.633415
257 0.618459
258 0.618459
259 0.618459
260 0.618459
261 0.618459
262 0.618459
263 0.618384
264 0.618384
265 0.603428
266 0.603428
267 0.603428
268 0.603428
269 0.603428
270 0.603428
271 0.603315
272 0.603315
273 0.588887
274 0.588887
275 0.588887
276 0.588887
277 0.588887
278 0.588887
279 0.588736
280 0.588736
281 0.575702
282 0.575702
283 0.575702
284 0.575702
285 0.575702
286 0.575702
287 0.575589
288 0.575589
289 0.562064
290 0.562064
291 0.562064
292 0.562064
293 0.562064
294 0.562064
295 0.562064
296 0.562064
297 0.547975
298 0.547975
299 0.547975
300 0.547975
301 0.547975
302 0.547975
303 0.547749
304 0.547749
305 0.534978
306 0.534978
307 0.534978
308 0.534978
309 0.534978
310 0.534978
311 0.534903
312 0.534903
313 0.523149
314 0.523149
315 0.523149
316 0.523149
317 0.523149
318 0.523149
319 0.52281
320 0.52281
321 0.510379
322 0.510379
323 0.510379
324 0.510379
325 0.510379
326 0.510379
327 0.510266
328 0.510266
329 0.498437
330 0.498437
331 0.498437
332 0.498437
333 0.498437
334 0.498437
335 0.498399
336 0.498399
337 0.486495
338 0.486495
339 0.486495
340 0.486495
341 0.486495
342 0.486495
343 0.486457
344 0.486457
345 0.47606
346 0.47606
347 0.47606
348 0.47606
349 0.47606
350 0.47606
351 0.475947
352 0.475947
353 0.464796
354 0.464796
355 0.464796
356 0.464796
357 0.464796
358 0.464796
359 0.464607
360 0.464607
361 0.453419
362 0.453419
363 0.453419
364 0.453419
365 0.453419
366 0.453419
367 0.453155
368 0.453155
369 0.442004
370 0.442004
371 0.442004
372 0.442004
373 0.442004
374 0.442004
375 0.441929
376 0.441929
377 0.43074
378 0.43074
379 0.43074
380 0.43074
381 0.43074
382 0.43074
383 0.430627
384 0.430627
385 0.420154
386 0.420154
387 0.420154
388 0.420154
389 0.420154
390 0.420154
391 0.420041
392 0.420041
393 0.410661
394 0.410661
395 0.410661
396 0.410661
397 0.410661
398 0.410661
399 0.410548
400 0.410548
401 0.401356
402 0.401356
403 0.401356
404 0.401356
405 0.401356
406 0.401356
407 0.401243
408 0.401243
409 0.391034
410 0.391034
411 0.391034
412 0.391034
413 0.391034
414 0.391034
415 0.390921
416 0.390921
417 0.382558
418 0.382558
419 0.382558
420 0.382558
421 0.382558
422 0.382558
423 0.382483
424 0.382483
425 0.372989
426 0.372989
427 0.372989
428 0.372989
429 0.372989
430 0.372989
431 0.372688
432 0.372688
433 0.365041
434 0.365041
435 0.365041
436 0.365041
437 0.365041
438 0.365041
439 0.365041
440 0.365041
441 0.357883
442 0.357883
443 0.357883
444 0.357883
445 0.357883
446 0.357883
447 0.357732
448 0.357732
449 0.350009
450 0.350009
451 0.350009
452 0.350009
453 0.350009
454 0.350009
455 0.349859
456 0.349859
457 0.342324
458 0.342324
459 0.342324
460 0.342324
461 0.342324
462 0.342324
463 0.342136
464 0.342136
465 0.333735
466 0.333735
467 0.333735
468 0.333735
469 0.333735
470 0.333735
471 0.33366
472 0.33366
473 0.324958
474 0.324958
475 0.324958
476 0.324958
477 0.324958
478 0.324958
479 0.324882
480 0.324882
481 0.317687
482 0.317687
483 0.317687
484 0.317687
485 0.317687
486 0.317687
487 0.317649
488 0.317649
489 0.310868
490 0.310868
491 0.310868
492 0.310868
493 0.310868
494 0.310868
495 0.310755
496 0.310755
497 0.30307
498 0.30307
499 0.30307
500 0.30307
501 0.30307
502 0.30307
503 0.302995
504 0.302995
505 0.296327
506 0.296327
507 0.296327
508 0.296327
509 0.296327
510 0.296327
511 0.296214
512 0.296214
513 0.289169
514 0.289169
515 0.289169
516 0.289169
517 0.289169
518 0.289169
519 0.288981
520 0.288981
521 0.282577
522 0.282577
523 0.282577
524 0.282577
525 0.282577
526 0.282577
527 0.282426
528 0.282426
529 0.276436
530 0.276436
531 0.276436
532 0.276436
533 0.276436
534 0.276436
535 0.276361
536 0.276361
537 0.269392
538 0.269392
539 0.269392
540 0.269392
541 0.269392
542 0.269392
543 0.269354
544 0.269354
545 0.263854
546 0.263854
547 0.263854
548 0.263854
549 0.263854
550 0.263854
551 0.263741
552 0.263741
553 0.258354
554 0.258354
555 0.258354
556 0.258354
557 0.258354
558 0.258354
559 0.258241
560 0.258241
561 0.252854
562 0.252854
563 0.252854
564 0.252854
565 0.252854
566 0.252854
567 0.252703
568 0.252703
569 0.247203
570 0.247203
571 0.247203
572 0.247203
573 0.247203
574 0.247203
575 0.247052
576 0.247052
577 0.242079
578 0.242079
579 0.242079
580 0.242079
581 0.242079
582 0.242079
583 0.242004
584 0.242004
585 0.23609
586 0.23609
587 0.23609
588 0.23609
589 0.23609
590 0.23609
591 0.236014
592 0.236014
593 0.230778
594 0.230778
595 0.230778
596 0.230778
597 0.230778
598 0.230778
599 0.230703
600 0.230703
601 0.225692
602 0.225692
603 0.225692
604 0.225692
605 0.225692
606 0.225692
607 0.225655
608 0.225655
609 0.220192
610 0.220192
611 0.220192
612 0.220192
613 0.220192
614 0.220192
615 0.220041
616 0.220041
617 0.214993
618 0.214993
619 0.214993
620 0.214993
621 0.214993
622 0.214993
623 0.21488
624 0.21488
625 0.209757
626 0.209757
627 0.209757
628 0.209757
629 0.209757
630 0.209757
631 0.209757
632 0.209757
633 0.205425
634 0.205425
635 0.205425
636 0.205425
637 0.205425
638 0.205425
639 0.205349
640 0.205349
641 0.201206
642 0.201206
643 0.201206
644 0.201206
645 0.201206
646 0.201206
647 0.201168
648 0.201168
649 0.197288
650 0.197288
651 0.197288
652 0.197288
653 0.197288
654 0.197288
655 0.197212
656 0.197212
657 0.192503
658 0.192503
659 0.192503
660 0.192503
661 0.192503
662 0.192503
663 0.192428
664 0.192428
665 0.188698
666 0.188698
667 0.188698
668 0.188698
669 0.188698
670 0.188698
671 0.188623
672 0.188623
673 0.185534
674 0.185534
675 0.185534
676 0.185534
677 0.185534
678 0.185534
679 0.185459
680 0.185459
681 0.181993
682 0.181993
683 0.181993
684 0.181993
685 0.181993
686 0.181993
687 0.181918
688 0.181918
689 0.177661
690 0.177661
691 0.177661
692 0.177661
693 0.177661
694 0.177661
695 0.177661
696 0.177661
697 0.173404
698 0.173404
699 0.173404
700 0.173404
701 0.173404
702 0.173404
703 0.173404
704 0.173404
705 0.170051
706 0.170051
707 0.170051
708 0.170051
709 0.170051
710 0.170051
711 0.169976
712 0.169976
713 0.165643
714 0.165643
715 0.165643
716 0.165643
717 0.165643
718 0.165643
719 0.165606
720 0.165606
721 0.161763
722 0.161763
723 0.161763
724 0.161763
725 0.161763
726 0.161763
727 0.161499
728 0.161499
729 0.158034
730 0.158034
731 0.158034
732 0.158034
733 0.158034
734 0.158034
735 0.157996
736 0.157996
737 0.154191
738 0.154191
739 0.154191
740 0.154191
741 0.154191
742 0.154191
743 0.154078
744 0.154078
745 0.150725
746 0.150725
747 0.150725
748 0.150725
749 0.150725
750 0.150725
751 0.150612
752 0.150612
753 0.147636
754 0.147636
755 0.147636
756 0.147636
757 0.147636
758 0.147636
759 0.147598
760 0.147598
761 0.143944
762 0.143944
763 0.143944
764 0.143944
765 0.143944
766 0.143944
767 0.143794
768 0.143794
769 0.14127
770 0.14127
771 0.14127
772 0.14127
773 0.14127
774 0.14127
775 0.141157
776 0.141157
777 0.137917
778 0.137917
779 0.137917
780 0.137917
781 0.137917
782 0.137917
783 0.137841
784 0.137841
785 0.134187
786 0.134187
787 0.134187
788 0.134187
789 0.134187
790 0.134187
791 0.134074
792 0.134074
793 0.130985
794 0.130985
795 0.130985
796 0.130985
797 0.130985
798 0.130985
799 0.130985
800 0.130985
801 0.127934
802 0.127934
803 0.127934
804 0.127934
805 0.127934
806 0.127934
807 0.127934
808 0.127934
809 0.125184
810 0.125184
811 0.125184
812 0.125184
813 0.125184
814 0.125184
815 0.125071
816 0.125071
817 0.122208
818 0.122208
819 0.122208
820 0.122208
821 0.122208
822 0.122208
823 0.122132
824 0.122132
825 0.119608
826 0.119608
827 0.119608
828 0.119608
829 0.119608
830 0.119608
831 0.119571
832 0.119571
833 0.11682
834 0.11682
835 0.11682
836 0.11682
837 0.11682
838 0.11682
839 0.116707
840 0.116707
841 0.114372
842 0.114372
843 0.114372
844 0.114372
845 0.114372
846 0.114372
847 0.114334
848 0.114334
849 0.112149
850 0.112149
851 0.112149
852 0.112149
853 0.112149
854 0.112149
855 0.112074
856 0.112074
857 0.109625
858 0.109625
859 0.109625
860 0.109625
861 0.109625
862 0.109625
863 0.109625
864 0.109625
865 0.107176
866 0.107176
867 0.107176
868 0.107176
869 0.107176
870 0.107176
871 0.107139
872 0.107139
873 0.105331
874 0.105331
875 0.105331
876 0.105331
877 0.105331
878 0.105331
879 0.105331
880 0.105331
881 0.103372
882 0.103372
883 0.103372
884 0.103372
885 0.103372
886 0.103372
887 0.103221
888 0.103221
889 0.101488
890 0.101488
891 0.101488
892 0.101488
893 0.101488
894 0.101488
895 0.10145
896 0.10145
897 0.0992277
898 0.0992277
899 0.0992277
900 0.0992277
901 0.0992277
902 0.0992277
903 0.0991524
904 0.0991524
905 0.0970428
906 0.0970428
907 0.0970428
908 0.0970428
909 0.0970428
910 0.0970428
911 0.0970051
912 0.0970051
913 0.0952722
914 0.0952722
915 0.0952722
916 0.0952722
917 0.0952722
918 0.0952722
919 0.0952345
920 0.0952345
921 0.0932002
922 0.0932002
923 0.0932002
924 0.0932002
925 0.0932002
926 0.0932002
927 0.0931249
928 0.0931249
929 0.0914297
930 0.0914297
931 0.0914297
932 0.0914297
933 0.0914297
934 0.0914297
935 0.0913543
936 0.0913543
937 0.0895461
938 0.0895461
939 0.0895461
940 0.0895461
941 0.0895461
942 0.0895461
943 0.0895084
944 0.0895084
945 0.0875118
946 0.0875118
947 0.0875118
948 0.0875118
949 0.0875118
950 0.0875118
951 0.0873988
952 0.0873988
953 0.0854775
954 0.0854775
955 0.0854775
956 0.0854775
957 0.0854775
958 0.0854775
959 0.0854398
960 0.0854398
961 0.0839706
962 0.0839706
963 0.0839706
964 0.0839706
965 0.0839706
966 0.0839706
967 0.0839329
968 0.0839329
969 0.0821624
970 0.0821624
971 0.0821624
972 0.0821624
973 0.0821624
974 0.0821624
975 0.0820117
976 0.0820117
977 0.0799774
978 0.0799774
979 0.0799774
980 0.0799774
981 0.0799774
982 0.0799774
983 0.0799397
984 0.0799397
985 0.0781315
986 0.0781315
987 0.0781315
988 0.0781315
989 0.0781315
990 0.0781315
991 0.0780938
992 0.0780938
993 0.0761349
994 0.0761349
995 0.0761349
996 0.0761349
997 0.0761349
998 0.0761349
999 0.0760972
1000 0.0760972
1001 0.0748163
1002 0.0748163
1003 0.0748163
1004 0.0748163
1005 0.0748163
1006 0.0748163
1007 0.074741
1008 0.074741
1009 0.0733471
1010 0.0733471
1011 0.0733471
1012 0.0733471
1013 0.0733471
1014 0.0733471
1015 0.0733095
1016 0.0733095
1017 0.0713505
1018 0.0713505
1019 0.0713505
1020 0.0713505
1021 0.0713505
1022 0.0713505
1023 0.0713505
1024 0.0713505
1025 0.0697683
1026 0.0697683
1027 0.0697683
1028 0.0697683
1029 0.0697683
1030 0.0697683
1031 0.0697306
1032 0.0697306
1033 0.0682238
1034 0.0682238
1035 0.0682238
1036 0.0682238
1037 0.0682238
1038 0.0682238
1039 0.0682238
1040 0.0682238
1041 0.0667169
1042 0.0667169
1043 0.0667169
1044 0.0667169
1045 0.0667169
1046 0.0667169
1047 0.0667169
1048 0.0667169
1049 0.0655114
1050 0.0655114
1051 0.0655114
1052 0.0655114
1053 0.0655114
1054 0.0655114
1055 0.0655114
1056 0.0655114
1057 0.0640422
1058 0.0640422
1059 0.0640422
1060 0.0640422
1061 0.0640422
1062 0.0640422
1063 0.0640045
1064 0.0640045
1065 0.0624223
1066 0.0624223
1067 0.0624223
1068 0.0624223
1069 0.0624223
1070 0.0624223
1071 0.0623093
1072 0.0623093
1073 0.0608778
1074 0.0608778
1075 0.0608778
1076 0.0608778
1077 0.0608778
1078 0.0608778
1079 0.0608401
1080 0.0608401
1081 0.0595969
1082 0.0595969
1083 0.0595969
1084 0.0595969
1085 0.0595969
1086 0.0595969
1087 0.0595216
1088 0.0595216
1089 0.0582784
1090 0.0582784
1091 0.0582784
1092 0.0582784
1093 0.0582784
1094 0.0582784
1095 0.0582031
1096 0.0582031
1097 0.0567715
1098 0.0567715
1099 0.0567715
1100 0.0567715
1101 0.0567715
1102 0.0567715
1103 0.0567715
1104 0.0567715
1105 0.055453
1106 0.055453
1107 0.055453
1108 0.055453
1109 0.055453
1110 0.055453
1111 0.055453
1112 0.055453
1113 0.0540215
1114 0.0540215
1115 0.0540215
1116 0.0540215
1117 0.0540215
1118 0.0540215
1119 0.0540215
1120 0.0540215
1121 0.0530797
1122 0.0530797
1123 0.0530797
1124 0.0530797
1125 0.0530797
1126 0.0530797
1127 0.053042
1128 0.053042
1129 0.0519118
1130 0.0519118
1131 0.0519118
1132 0.0519118
1133 0.0519118
1134 0.0519118
1135 0.0519118
1136 0.0519118
1137 0.0504803
1138 0.0504803
1139 0.0504803
1140 0.0504803
1141 0.0504803
1142 0.0504803
1143 0.0504426
1144 0.0504426
1145 0.0495762
1146 0.0495762
1147 0.0495762
1148 0.0495762
1149 0.0495762
1150 0.0495762
1151 0.0495385
1152 0.0495385
1153 0.0486344
1154 0.0486344
1155 0.0486344
1156 0.0486344
1157 0.0486344
1158 0.0486344
1159 0.0485591
1160 0.0485591
1161 0.0476926
1162 0.0476926
1163 0.0476926
1164 0.0476926
1165 0.0476926
1166 0.0476926
1167 0.0476549
1168 0.0476549
1169 0.0463741
1170 0.0463741
1171 0.0463741
1172 0.0463741
1173 0.0463741
1174 0.0463741
1175 0.0462987
1176 0.0462987
1177 0.045583
1178 0.045583
1179 0.045583
1180 0.045583
1181 0.045583
1182 0.045583
1183 0.0455076
1184 0.0455076
1185 0.0449049
1186 0.0449049
1187 0.0449049
1188 0.0449049
1189 0.0449049
1190 0.0449049
1191 0.0448672
1192 0.0448672
1193 0.0438501
1194 0.0438501
1195 0.0438501
1196 0.0438501
1197 0.0438501
1198 0.0438501
1199 0.0438501
1200 0.0438501
1201 0.0429459
1202 0.0429459
1203 0.0429459
1204 0.0429459
1205 0.0429459
1206 0.0429459
1207 0.0429083
1208 0.0429083
1209 0.0421172
1210 0.0421172
1211 0.0421172
1212 0.0421172
1213 0.0421172
1214 0.0421172
1215 0.0420795
1216 0.0420795
1217 0.040987
1218 0.040987
1219 0.040987
1220 0.040987
1221 0.040987
1222 0.040987
1223 0.0409117
1224 0.0409117
1225 0.0398945
1226 0.0398945
1227 0.0398945
1228 0.0398945
1229 0.0398945
1230 0.0398945
1231 0.0398568
1232 0.0398568
1233 0.0388774
1234 0.0388774
1235 0.0388774
1236 0.0388774
1237 0.0388774
1238 0.0388774
1239 0.0388397
1240 0.0388397
1241 0.0378979
1242 0.0378979
1243 0.0378979
1244 0.0378979
1245 0.0378979
1246 0.0378979
1247 0.0378979
1248 0.0378979
1249 0.0370691
1250 0.0370691
1251 0.0370691
1252 0.0370691
1253 0.0370691
1254 0.0370691
1255 0.0369938
1256 0.0369938
1257 0.0360897
1258 0.0360897
1259 0.0360897
1260 0.0360897
1261 0.0360897
1262 0.0360897
1263 0.036052
1264 0.036052
1265 0.0355246
1266 0.0355246
1267 0.0355246
1268 0.0355246
1269 0.0355246
1270 0.0355246
1271 0.0354116
1272 0.0354116
1273 0.0346958
1274 0.0346958
1275 0.0346958
1276 0.0346958
1277 0.0346958
1278 0.0346958
1279 0.0346958
1280 0.0346958
1281 0.0339424
1282 0.0339424
1283 0.0339424
1284 0.0339424
1285 0.0339424
1286 0.0339424
1287 0.0339047
1288 0.0339047
1289 0.033415
1290 0.033415
1291 0.033415
1292 0.033415
1293 0.033415
1294 0.033415
1295 0.033415
1296 0.033415
1297 0.0328875
1298 0.0328875
1299 0.0328875
1300 0.0328875
1301 0.0328875
1302 0.0328875
1303 0.0328499
1304 0.0328499
1305 0.0323601
1306 0.0323601
1307 0.0323601
1308 0.0323601
1309 0.0323601
1310 0.0323601
1311 0.0323601
1312 0.0323601
1313 0.0317574
1314 0.0317574
1315 0.0317574
1316 0.0317574
1317 0.0317574
1318 0.0317574
1319 0.0317574
1320 0.0317574
1321 0.0311546
1322 0.0311546
1323 0.0311546
1324 0.0311546
1325 0.0311546
1326 0.0311546
1327 0.031117
1328 0.031117
1329 0.0304389
1330 0.0304389
1331 0.0304389
1332 0.0304389
1333 0.0304389
1334 0.0304389
1335 0.0304389
1336 0.0304389
1337 0.0297985
1338 0.0297985
1339 0.0297985
1340 0.0297985
1341 0.0297985
1342 0.0297985
1343 0.0297608
1344 0.0297608
1345 0.0290073
1346 0.0290073
1347 0.0290073
1348 0.0290073
1349 0.0290073
1350 0.0290073
1351 0.0289697
1352 0.0289697
1353 0.0284046
1354 0.0284046
1355 0.0284046
1356 0.0284046
1357 0.0284046
1358 0.0284046
1359 0.0284046
1360 0.0284046
1361 0.0278018
1362 0.0278018
1363 0.0278018
1364 0.0278018
1365 0.0278018
1366 0.0278018
1367 0.0278018
1368 0.0278018
1369 0.0272744
1370 0.0272744
1371 0.0272744
1372 0.0272744
1373 0.0272744
1374 0.0272744
1375 0.0272368
1376 0.0272368
1377 0.026634
1378 0.026634
1379 0.026634
1380 0.026634
1381 0.026634
1382 0.026634
1383 0.0265587
1384 0.0265587
1385 0.0260313
1386 0.0260313
1387 0.0260313
1388 0.0260313
1389 0.0260313
1390 0.0260313
1391 0.0260313
1392 0.0260313
1393 0.0255039
1394 0.0255039
1395 0.0255039
1396 0.0255039
1397 0.0255039
1398 0.0255039
1399 0.0255039
1400 0.0255039
1401 0.0248634
1402 0.0248634
1403 0.0248634
1404 0.0248634
1405 0.0248634
1406 0.0248634
1407 0.0247881
1408 0.0247881
1409 0.0241853
1410 0.0241853
1411 0.0241853
1412 0.0241853
1413 0.0241853
1414 0.0241853
1415 0.0241477
1416 0.0241477
1417 0.0238463
1418 0.0238463
1419 0.0238463
1420 0.0238463
1421 0.0238463
1422 0.0238463
1423 0.0238086
1424 0.0238086
1425 0.0235449
1426 0.0235449
1427 0.0235449
1428 0.0235449
1429 0.0235449
1430 0.0235449
1431 0.0235449
1432 0.0235449
1433 0.0232059
1434 0.0232059
1435 0.0232059
1436 0.0232059
1437 0.0232059
1438 0.0232059
1439 0.0232059
1440 0.0232059
1441 0.0227538
1442 0.0227538
1443 0.0227538
1444 0.0227538
1445 0.0227538
1446 0.0227538
1447 0.0227538
1448 0.0227538
1449 0.0221887
1450 0.0221887
1451 0.0221887
1452 0.0221887
1453 0.0221887
1454 0.0221887
1455 0.0221887
1456 0.0221887
1457 0.0216613
1458 0.0216613
1459 0.0216613
1460 0.0216613
1461 0.0216613
1462 0.0216613
1463 0.0216237
1464 0.0216237
1465 0.02136
1466 0.02136
1467 0.02136
1468 0.02136
1469 0.02136
1470 0.02136
1471 0.0213223
1472 0.0213223
1473 0.0209456
1474 0.0209456
1475 0.0209456
1476 0.0209456
1477 0.0209456
1478 0.0209456
1479 0.0209456
1480 0.0209456
1481 0.0206442
1482 0.0206442
1483 0.0206442
1484 0.0206442
1485 0.0206442
1486 0.0206442
1487 0.0206442
1488 0.0206442
1489 0.0202298
1490 0.0202298
1491 0.0202298
1492 0.0202298
1493 0.0202298
1494 0.0202298
1495 0.0202298
1496 0.0202298
1497 0.0197024
1498 0.0197024
1499 0.0197024
1500 0.0197024
1501 0.0197024
1502 0.0197024
1503 0.0196647
1504 0.0196647
1505 0.0192503
1506 0.0192503
1507 0.0192503
1508 0.0192503
1509 0.0192503
1510 0.0192503
1511 0.0192503
1512 0.0192503
1513 0.0188359
1514 0.0188359
1515 0.0188359
1516 0.0188359
1517 0.0188359
1518 0.0188359
1519 0.0188359
1520 0.0188359
1521 0.0184969
1522 0.0184969
1523 0.0184969
1524 0.0184969
1525 0.0184969
1526 0.0184969
1527 0.0184969
1528 0.0184969
1529 0.0183085
1530 0.0183085
1531 0.0183085
1532 0.0183085
1533 0.0183085
1534 0.0183085
1535 0.0182709
1536 0.0182709
1537 0.0179318
1538 0.0179318
1539 0.0179318
1540 0.0179318
1541 0.0179318
1542 0.0179318
1543 0.0179318
1544 0.0179318
1545 0.0172914
1546 0.0172914
1547 0.0172914
1548 0.0172914
1549 0.0172914
1550 0.0172914
1551 0.0172914
1552 0.0172914
1553 0.016877
1554 0.016877
1555 0.016877
1556 0.016877
1557 0.016877
1558 0.016877
1559 0.016877
1560 0.016877
1561 0.0165756
1562 0.0165756
1563 0.0165756
1564 0.0165756
1565 0.0165756
1566 0.0165756
1567 0.0165756
1568 0.0165756
1569 0.0162743
1570 0.0162743
1571 0.0162743
1572 0.0162743
1573 0.0162743
1574 0.0162743
1575 0.0162743
1576 0.0162743
1577 0.0160105
1578 0.0160105
1579 0.0160105
1580 0.0160105
1581 0.0160105
1582 0.0160105
1583 0.0159729
1584 0.0159729
1585 0.0155208
1586 0.0155208
1587 0.0155208
1588 0.0155208
1589 0.0155208
1590 0.0155208
1591 0.0155208
1592 0.0155208
1593 0.0151441
1594 0.0151441
1595 0.0151441
1596 0.0151441
1597 0.0151441
1598 0.0151441
1599 0.0150688
1600 0.0150688
1601 0.0146544
1602 0.0146544
1603 0.0146544
1604 0.0146544
1605 0.0146544
1606 0.0146544
1607 0.0146544
1608 0.0146544
1609 0.0143153
1610 0.0143153
1611 0.0143153
1612 0.0143153
1613 0.0143153
1614 0.0143153
1615 0.0143153
1616 0.0143153
1617 0.0142023
1618 0.0142023
1619 0.0142023
1620 0.0142023
1621 0.0142023
1622 0.0142023
1623 0.0142023
1624 0.0142023
1625 0.0138256
1626 0.0138256
1627 0.0138256
1628 0.0138256
1629 0.0138256
1630 0.0138256
1631 0.0137879
1632 0.0137879
1633 0.0133735
1634 0.0133735
1635 0.0133735
1636 0.0133735
1637 0.0133735
1638 0.0133735
1639 0.0133358
1640 0.0133358
1641 0.0130345
1642 0.0130345
1643 0.0130345
1644 0.0130345
1645 0.0130345
1646 0.0130345
1647 0.0130345
1648 0.0130345
1649 0.0128084
1650 0.0128084
1651 0.0128084
1652 0.0128084
1653 0.0128084
1654 0.0128084
1655 0.0128084
1656 0.0128084
1657 0.0125071
1658 0.0125071
1659 0.0125071
1660 0.0125071
1661 0.0125071
1662 0.0125071
1663 0.0125071
1664 0.0125071
1665 0.0122057
1666 0.0122057
1667 0.0122057
1668 0.0122057
1669 0.0122057
1670 0.0122057
1671 0.0122057
1672 0.0122057
1673 0.0118666
1674 0.0118666
1675 0.0118666
1676 0.0118666
1677 0.0118666
1678 0.0118666
1679 0.0118666
1680 0.0118666
1681 0.0116029
1682 0.0116029
1683 0.0116029
1684 0.0116029
1685 0.0116029
1686 0.0116029
1687 0.0116029
1688 0.0116029
1689 0.0114523
1690 0.0114523
1691 0.0114523
1692 0.0114523
1693 0.0114523
1694 0.0114523
1695 0.0114523
1696 0.0114523
1697 0.0112639
1698 0.0112639
1699 0.0112639
1700 0.0112639
1701 0.0112639
1702 0.0112639
1703 0.0112639
1704 0.0112639
1705 0.0110002
1706 0.0110002
1707 0.0110002
1708 0.0110002
1709 0.0110002
1710 0.0110002
1711 0.0110002
1712 0.0110002
1713 0.0109248
1714 0.0109248
1715 0.0109248
1716 0.0109248
1717 0.0109248
1718 0.0109248
1719 0.0109248
1720 0.0109248
1721 0.0106988
1722 0.0106988
1723 0.0106988
1724 0.0106988
1725 0.0106988
1726 0.0106988
1727 0.0106988
1728 0.0106988
1729 0.0105858
1730 0.0105858
1731 0.0105858
1732 0.0105858
1733 0.0105858
1734 0.0105858
1735 0.0105858
1736 0.0105858
1737 0.0103598
1738 0.0103598
1739 0.0103598
1740 0.0103598
1741 0.0103598
1742 0.0103598
1743 0.0103598
1744 0.0103598
1745 0.0102091
1746 0.0102091
1747 0.0102091
1748 0.0102091
1749 0.0102091
1750 0.0102091
1751 0.0102091
1752 0.0102091
1753 0.0101337
1754 0.0101337
1755 0.0101337
1756 0.0101337
1757 0.0101337
1758 0.0101337
1759 0.0101337
1760 0.0101337
1761 0.0100207
1762 0.0100207
1763 0.0100207
1764 0.0100207
1765 0.0100207
1766 0.0100207
1767 0.0100207
1768 0.0100207
1769 0.00960633
1770 0.00960633
1771 0.00960633
1772 0.00960633
1773 0.00960633
1774 0.00960633
1775 0.00960633
1776 0.00960633
1777 0.00941797
1778 0.00941797
1779 0.00941797
1780 0.00941797
1781 0.00941797
1782 0.00941797
1783 0.00941797
1784 0.00941797
1785 0.00919194
1786 0.00919194
1787 0.00919194
1788 0.00919194
1789 0.00919194
1790 0.00919194
1791 0.00919194
1792 0.00919194
1793 0.00900358
1794 0.00900358
1795 0.00900358
1796 0.00900358
1797 0.00900358
1798 0.00900358
1799 0.00900358
1800 0.00900358
1801 0.00881522
1802 0.00881522
1803 0.00881522
1804 0.00881522
1805 0.00881522
1806 0.00881522
1807 0.00881522
1808 0.00881522
1809 0.00858919
1810 0.00858919
1811 0.00858919
1812 0.00858919
1813 0.00858919
1814 0.00858919
1815 0.00858919
1816 0.00858919
1817 0.00840083
1818 0.00840083
1819 0.00840083
1820 0.00840083
1821 0.00840083
1822 0.00840083
1823 0.00840083
1824 0.00840083
1825 0.00806178
1826 0.00806178
1827 0.00806178
1828 0.00806178
1829 0.00806178
1830 0.00806178
1831 0.00802411
1832 0.00802411
1833 0.00798644
1834 0.00798644
1835 0.00798644
1836 0.00798644
1837 0.00798644
1838 0.00798644
1839 0.00798644
1840 0.00798644
1841 0.00787342
1842 0.00787342
1843 0.00787342
1844 0.00787342
1845 0.00787342
1846 0.00787342
1847 0.00787342
1848 0.00787342
1849 0.00772273
1850 0.00772273
1851 0.00772273
1852 0.00772273
1853 0.00772273
1854 0.00772273
1855 0.00772273
1856 0.00772273
1857 0.00764739
1858 0.00764739
1859 0.00764739
1860 0.00764739
1861 0.00764739
1862 0.00764739
1863 0.00764739
1864 0.00764739
1865 0.0074967
1866 0.0074967
1867 0.0074967
1868 0.0074967
1869 0.0074967
1870 0.0074967
1871 0.0074967
1872 0.0074967
1873 0.00738369
1874 0.00738369
1875 0.00738369
1876 0.00738369
1877 0.00738369
1878 0.00738369
1879 0.00738369
1880 0.00738369
1881 0.00730834
1882 0.00730834
1883 0.00730834
1884 0.00730834
1885 0.00730834
1886 0.00730834
1887 0.00730834
1888 0.00730834
1889 0.00727067
1890 0.00727067
1891 0.00727067
1892 0.00727067
1893 0.00727067
1894 0.00727067
1895 0.00727067
1896 0.00727067
1897 0.00719533
1898 0.00719533
1899 0.00719533
1900 0.00719533
1901 0.00719533
1902 0.00719533
1903 0.00719533
1904 0.00719533
1905 0.00708231
1906 0.00708231
1907 0.00708231
1908 0.00708231
1909 0.00708231
1910 0.00708231
1911 0.00704464
1912 0.00704464
1913 0.0069693
1914 0.0069693
1915 0.0069693
1916 0.0069693
1917 0.0069693
1918 0.0069693
1919 0.0069693
1920 0.0069693
1921 0.00681861
1922 0.00681861
1923 0.00681861
1924 0.00681861
1925 0.00681861
1926 0.00681861
1927 0.00681861
1928 0.00681861
1929 0.00655491
1930 0.00655491
1931 0.00655491
1932 0.00655491
1933 0.00655491
1934 0.00655491
1935 0.00655491
1936 0.00655491
1937 0.00644189
1938 0.00644189
1939 0.00644189
1940 0.00644189
1941 0.00644189
1942 0.00644189
1943 0.00644189
1944 0.00644189
1945 0.00636655
1946 0.00636655
1947 0.00636655
1948 0.00636655
1949 0.00636655
1950 0.00636655
1951 0.00632888
1952 0.00632888
1953 0.00621586
1954 0.00621586
1955 0.00621586
1956 0.00621586
1957 0.00621586
1958 0.00621586
1959 0.00621586
1960 0.00621586
1961 0.00617819
1962 0.00617819
1963 0.00617819
1964 0.00617819
1965 0.00617819
1966 0.00617819
1967 0.00617819
1968 0.00617819
1969 0.00610284
1970 0.00610284
1971 0.00610284
1972 0.00610284
1973 0.00610284
1974 0.00610284
1975 0.00610284
1976 0.00610284
1977 0.00606517
1978 0.00606517
1979 0.00606517
1980 0.00606517
1981 0.00606517
1982 0.00606517
1983 0.0060275
1984 0.0060275
1985 0.00595216
1986 0.00595216
1987 0.00595216
1988 0.00595216
1989 0.00595216
1990 0.00595216
1991 0.00595216
1992 0.00595216
1993 0.00583914
1994 0.00583914
1995 0.00583914
1996 0.00583914
1997 0.00583914
1998 0.00583914
1999 0.00583914
2000 0.00583914
2001 0.0057638
2002 0.0057638
2003 0.0057638
2004 0.0057638
2005 0.0057638
2006 0.0057638
2007 0.0057638
2008 0.0057638
2009 0.00568845
2010 0.00568845
2011 0.00568845
2012 0.00568845
2013 0.00568845
2014 0.00568845
2015 0.00565078
2016 0.00565078
2017 0.00550009
2018 0.00550009
2019 0.00550009
2020 0.00550009
2021 0.00550009
2022 0.00550009
2023 0.00550009
2024 0.00550009
2025 0.00534941
2026 0.00534941
2027 0.00534941
2028 0.00534941
2029 0.00534941
2030 0.00534941
2031 0.00534941
2032 0.00534941
2033 0.00527406
2034 0.00527406
2035 0.00527406
2036 0.00527406
2037 0.00527406
2038 0.00527406
2039 0.00527406
2040 0.00527406
2041 0.00519872
2042 0.00519872
2043 0.00519872
2044 0.00519872
2045 0.00519872
2046 0.00519872
2047 0.00519872
2048 0.00519872
2049 0.0050857
2050 0.0050857
2051 0.0050857
2052 0.0050857
2053 0.0050857
2054 0.0050857
2055 0.0050857
2056 0.0050857
2057 0.00501036
2058 0.00501036
2059 0.00501036
2060 0.00501036
2061 0.00501036
2062 0.00501036
2063 0.00497269
2064 0.00497269
2065 0.00489734
2066 0.00489734
2067 0.00489734
2068 0.00489734
2069 0.00489734
2070 0.00489734
2071 0.00485967
2072 0.00485967
2073 0.00474666
2074 0.00474666
2075 0.00474666
2076 0.00474666
2077 0.00474666
2078 0.00474666
2079 0.00474666
2080 0.00474666
2081 0.0045583
2082 0.0045583
2083 0.0045583
2084 0.0045583
2085 0.0045583
2086 0.0045583
2087 0.0045583
2088 0.0045583
2089 0.00444528
2090 0.00444528
2091 0.00444528
2092 0.00444528
2093 0.00444528
2094 0.00444528
2095 0.00444528
2096 0.00444528
2097 0.00436994
2098 0.00436994
2099 0.00436994
2100 0.00436994
2101 0.00436994
2102 0.00436994
2103 0.00436994
2104 0.00436994
2105 0.00425692
2106 0.00425692
2107 0.00425692
2108 0.00425692
2109 0.00425692
2110 0.00425692
2111 0.00425692
2112 0.00425692
2113 0.00425692
2114 0.00425692
2115 0.00425692
2116 0.00425692
2117 0.00425692
2118 0.00425692
2119 0.00425692
2120 0.00425692
2121 0.00406856
2122 0.00406856
2123 0.00406856
2124 0.00406856
2125 0.00406856
2126 0.00406856
2127 0.00406856
2128 0.00406856
2129 0.00403089
2130 0.00403089
2131 0.00403089
2132 0.00403089
2133 0.00403089
2134 0.00403089
2135 0.00403089
2136 0.00403089
2137 0.0038802
2138 0.0038802
2139 0.0038802
2140 0.0038802
2141 0.0038802
2142 0.0038802
2143 0.00384253
2144 0.00384253
2145 0.00380486
2146 0.00380486
2147 0.00380486
2148 0.00380486
2149 0.00380486
2150 0.00380486
2151 0.00380486
2152 0.00380486
2153 0.0036165
2154 0.0036165
2155 0.0036165
2156 0.0036165
2157 0.0036165
2158 0.0036165
2159 0.0036165
2160 0.0036165
2161 0.00354116
2162 0.00354116
2163 0.00354116
2164 0.00354116
2165 0.00354116
2166 0.00354116
2167 0.00354116
2168 0.00354116
2169 0.00346581
2170 0.00346581
2171 0.00346581
2172 0.00346581
2173 0.00346581
2174 0.00346581
2175 0.00346581
2176 0.00346581
2177 0.00323978
2178 0.00323978
2179 0.00323978
2180 0.00323978
2181 0.00323978
2182 0.00323978
2183 0.00323978
2184 0.00323978
2185 0.00316444
2186 0.00316444
2187 0.00316444
2188 0.00316444
2189 0.00316444
2190 0.00316444
2191 0.00316444
2192 0.00316444
2193 0.00312677
2194 0.00312677
2195 0.00312677
2196 0.00312677
2197 0.00312677
2198 0.00312677
2199 0.00312677
2200 0.00312677
2201 0.00297608
2202 0.00297608
2203 0.00297608
2204 0.00297608
2205 0.00297608
2206 0.00297608
2207 0.00297608
2208 0.00297608
2209 0.00297608
2210 0.00297608
2211 0.00297608
2212 0.00297608
2213 0.00297608
2214 0.00297608
2215 0.00297608
2216 0.00297608
2217 0.00293841
2218 0.00293841
2219 0.00293841
2220 0.00293841
2221 0.00293841
2222 0.00293841
2223 0.00293841
2224 0.00293841
2225 0.00282539
2226 0.00282539
2227 0.00282539
2228 0.00282539
2229 0.00282539
2230 0.00282539
2231 0.00282539
2232 0.00282539
2233 0.00282539
2234 0.00282539
2235 0.00282539
2236 0.00282539
2237 0.00282539
2238 0.00282539
2239 0.00282539
2240 0.00282539
2241 0.00278772
2242 0.00278772
2243 0.00278772
2244 0.00278772
2245 0.00278772
2246 0.00278772
2247 0.00278772
2248 0.00278772
2249 0.00275005
2250 0.00275005
2251 0.00275005
2252 0.00275005
2253 0.00275005
2254 0.00275005
2255 0.00275005
2256 0.00275005
2257 0.00271238
2258 0.00271238
2259 0.00271238
2260 0.00271238
2261 0.00271238
2262 0.00271238
2263 0.00271238
2264 0.00271238
2265 0.00263703
2266 0.00263703
2267 0.00263703
2268 0.00263703
2269 0.00263703
2270 0.00263703
2271 0.00263703
2272 0.00263703
2273 0.00252402
2274 0.00252402
2275 0.00252402
2276 0.00252402
2277 0.00252402
2278 0.00252402
2279 0.00252402
2280 0.00252402
2281 0.00248634
2282 0.00248634
2283 0.00248634
2284 0.00248634
2285 0.00248634
2286 0.00248634
2287 0.00244867
2288 0.00244867
2289 0.00244867
2290 0.00244867
2291 0.00244867
2292 0.00244867
2293 0.00244867
2294 0.00244867
2295 0.00244867
2296 0.00244867
2297 0.00237333
2298 0.00237333
2299 0.00237333
2300 0.00237333
2301 0.00237333
2302 0.00237333
2303 0.00237333
2304 0.00237333
2305 0.00233566
2306 0.00233566
2307 0.00233566
2308 0.00233566
2309 0.00233566
2310 0.00233566
2311 0.00233566
2312 0.00233566
2313 0.00229798
2314 0.00229798
2315 0.00229798
2316 0.00229798
2317 0.00229798
2318 0.00229798
2319 0.00229798
2320 0.00229798
2321 0.00226031
2322 0.00226031
2323 0.00226031
2324 0.00226031
2325 0.00226031
2326 0.00226031
2327 0.00226031
2328 0.00226031
2329 0.00222264
2330 0.00222264
2331 0.00222264
2332 0.00222264
2333 0.00222264
2334 0.00222264
2335 0.00222264
2336 0.00222264
2337 0.0021473
2338 0.0021473
2339 0.0021473
2340 0.0021473
2341 0.0021473
2342 0.0021473
2343 0.0021473
2344 0.0021473
2345 0.00210963
2346 0.00210963
2347 0.00210963
2348 0.00210963
2349 0.00210963
2350 0.00210963
2351 0.00210963
2352 0.00210963
2353 0.00203428
2354 0.00203428
2355 0.00203428
2356 0.00203428
2357 0.00203428
2358 0.00203428
2359 0.00203428
2360 0.00203428
2361 0.00203428
2362 0.00203428
2363 0.00203428
2364 0.00203428
2365 0.00203428
2366 0.00203428
2367 0.00203428
2368 0.00203428
2369 0.00199661
2370 0.00199661
2371 0.00199661
2372 0.00199661
2373 0.00199661
2374 0.00199661
2375 0.00199661
2376 0.00199661
2377 0.00199661
2378 0.00199661
2379 0.00199661
2380 0.00199661
2381 0.00199661
2382 0.00199661
2383 0.00199661
2384 0.00199661
2385 0.00199661
2386 0.00199661
2387 0.00199661
2388 0.00199661
2389 0.00199661
2390 0.00199661
2391 0.00199661
2392 0.00199661
2393 0.00192127
2394 0.00192127
2395 0.00192127
2396 0.00192127
2397 0.00192127
2398 0.00192127
2399 0.00192127
2400 0.00192127
2401 0.00188359
2402 0.00188359
2403 0.00188359
2404 0.00188359
2405 0.00188359
2406 0.00188359
2407 0.00188359
2408 0.00188359
2409 0.00188359
2410 0.00188359
2411 0.00188359
2412 0.00188359
2413 0.00188359
2414 0.00188359
2415 0.00188359
2416 0.00188359
2417 0.00188359
2418 0.00188359
2419 0.00188359
2420 0.00188359
2421 0.00188359
2422 0.00188359
2423 0.00188359
2424 0.00188359
2425 0.00188359
2426 0.00188359
2427 0.00188359
2428 0.00188359
2429 0.00188359
2430 0.00188359
2431 0.00188359
2432 0.00188359
2433 0.00177058
2434 0.00177058
2435 0.00177058
2436 0.00177058
2437 0.00177058
2438 0.00177058
2439 0.00177058
2440 0.00177058
2441 0.00177058
2442 0.00177058
2443 0.00177058
2444 0.00177058
2445 0.00177058
2446 0.00177058
2447 0.00177058
2448 0.00177058
2449 0.00177058
2450 0.00177058
2451 0.00177058
2452 0.00177058
2453 0.00177058
2454 0.00177058
2455 0.00177058
2456 0.00177058
2457 0.00165756
2458 0.00165756
2459 0.00165756
2460 0.00165756
2461 0.00165756
2462 0.00165756
2463 0.00165756
2464 0.00165756
2465 0.00165756
2466 0.00165756
2467 0.00165756
2468 0.00165756
2469 0.00165756
2470 0.00165756
2471 0.00165756
2472 0.00165756
2473 0.00161989
2474 0.00161989
2475 0.00161989
2476 0.00161989
2477 0.00161989
2478 0.00161989
2479 0.00161989
2480 0.00161989
2481 0.00161989
2482 0.00161989
2483 0.00161989
2484 0.00161989
2485 0.00161989
2486 0.00161989
2487 0.00161989
2488 0.00161989
2489 0.00158222
2490 0.00158222
2491 0.00158222
2492 0.00158222
2493 0.00158222
2494 0.00158222
2495 0.00158222
2496 0.00158222
2497 0.00158222
2498 0.00158222
2499 0.00158222
2500 0.00158222
2501 0.00158222
2502 0.00158222
2503 0.00158222
2504 0.00158222
2505 0.00158222
2506 0.00158222
2507 0.00158222
2508 0.00158222
2509 0.00158222
2510 0.00158222
2511 0.00158222
2512 0.00158222
2513 0.00154455
2514 0.00154455
2515 0.00154455
2516 0.00154455
2517 0.00154455
2518 0.00154455
2519 0.00154455
2520 0.00154455
2521 0.00150688
2522 0.00150688
2523 0.00150688
2524 0.00150688
2525 0.00150688
2526 0.00150688
2527 0.00150688
2528 0.00150688
2529 0.00150688
2530 0.00150688
2531 0.00150688
2532 0.00150688
2533 0.00150688
2534 0.00150688
2535 0.00150688
2536 0.00150688
2537 0.0014692
2538 0.0014692
2539 0.0014692
2540 0.0014692
2541 0.0014692
2542 0.0014692
2543 0.0014692
2544 0.0014692
2545 0.00143153
2546 0.00143153
2547 0.00143153
2548 0.00143153
2549 0.00143153
2550 0.00143153
2551 0.00143153
2552 0.00143153
2553 0.00143153
2554 0.00143153
2555 0.00143153
2556 0.00143153
2557 0.00143153
2558 0.00143153
2559 0.00143153
2560 0.00143153
2561 0.00143153
2562 0.00143153
2563 0.00143153
2564 0.00143153
2565 0.00143153
2566 0.00143153
2567 0.00143153
2568 0.00143153
2569 0.00135619
2570 0.00135619
2571 0.00135619
2572 0.00135619
2573 0.00135619
2574 0.00135619
2575 0.00135619
2576 0.00135619
2577 0.00135619
2578 0.00135619
2579 0.00135619
2580 0.00135619
2581 0.00135619
2582 0.00135619
2583 0.00135619
2584 0.00135619
2585 0.00128084
2586 0.00128084
2587 0.00128084
2588 0.00128084
2589 0.00128084
2590 0.00128084
2591 0.00124317
2592 0.00124317
2593 0.00124317
2594 0.00124317
2595 0.00124317
2596 0.00124317
2597 0.00124317
2598 0.00124317
2599 0.00124317
2600 0.00124317
2601 0.00124317
2602 0.00124317
2603 0.00124317
2604 0.00124317
2605 0.00124317
2606 0.00124317
2607 0.00124317
2608 0.00124317
2609 0.00124317
2610 0.00124317
2611 0.00124317
2612 0.00124317
2613 0.00124317
2614 0.00124317
2615 0.00124317
2616 0.00124317
2617 0.00124317
2618 0.00124317
2619 0.00124317
2620 0.00124317
2621 0.00124317
2622 0.00124317
2623 0.00124317
2624 0.00124317
2625 0.00124317
2626 0.00124317
2627 0.00124317
2628 0.00124317
2629 0.00124317
2630 0.00124317
2631 0.00124317
2632 0.00124317
2633 0.00124317
2634 0.00124317
2635 0.00124317
2636 0.00124317
2637 0.00124317
2638 0.00124317
2639 0.00124317
2640 0.00124317
2641 0.00116783
2642 0.00116783
2643 0.00116783
2644 0.00116783
2645 0.00116783
2646 0.00116783
2647 0.00116783
2648 0.00116783
2649 0.00116783
2650 0.00116783
2651 0.00116783
2652 0.00116783
2653 0.00116783
2654 0.00116783
2655 0.00116783
2656 0.00116783
2657 0.00109248
2658 0.00109248
2659 0.00109248
2660 0.00109248
2661 0.00109248
2662 0.00109248
2663 0.00109248
2664 0.00109248
2665 0.00109248
2666 0.00109248
2667 0.00109248
2668 0.00109248
2669 0.00109248
2670 0.00109248
2671 0.00109248
2672 0.00109248
2673 0.00101714
2674 0.00101714
2675 0.00101714
2676 0.00101714
2677 0.00101714
2678 0.00101714
2679 0.00101714
2680 0.00101714
2681 0.000941797
2682 0.000941797
2683 0.000941797
2684 0.000941797
2685 0.000941797
2686 0.000941797
2687 0.000941797
2688 0.000941797
2689 0.000941797
2690 0.000941797
2691 0.000941797
2692 0.000941797
2693 0.000941797
2694 0.000941797
2695 0.000941797
2696 0.000941797
2697 0.000941797
2698 0.000941797
2699 0.000941797
2700 0.000941797
2701 0.000941797
2702 0.000941797
2703 0.000941797
2704 0.000941797
2705 0.000941797
2706 0.000941797
2707 0.000941797
2708 0.000941797
2709 0.000941797
2710 0.000941797
2711 0.000941797
2712 0.000941797
2713 0.000941797
2714 0.000941797
2715 0.000941797
2716 0.000941797
2717 0.000941797
2718 0.000941797
2719 0.000941797
2720 0.000941797
2721 0.000941797
2722 0.000941797
2723 0.000941797
2724 0.000941797
2725 0.000941797
2726 0.000941797
2727 0.000904125
2728 0.000904125
2729 0.000904125
2730 0.000904125
2731 0.000904125
2732 0.000904125
2733 0.000904125
2734 0.000904125
2735 0.000904125
2736 0.000904125
2737 0.000904125
2738 0.000904125
2739 0.000904125
2740 0.000904125
2741 0.000904125
2742 0.000904125
2743 0.000904125
2744 0.000904125
2745 0.000904125
2746 0.000904125
2747 0.000904125
2748 0.000904125
2749 0.000904125
2750 0.000904125
2751 0.000904125
2752 0.000904125
2753 0.000904125
2754 0.000904125
2755 0.000904125
2756 0.000904125
2757 0.000904125
2758 0.000904125
2759 0.000904125
2760 0.000904125
2761 0.000904125
2762 0.000904125
2763 0.000904125
2764 0.000904125
2765 0.000904125
2766 0.000904125
2767 0.000904125
2768 0.000904125
2769 0.000866453
2770 0.000866453
2771 0.000866453
2772 0.000866453
2773 0.000866453
2774 0.000866453
2775 0.000866453
2776 0.000866453
2777 0.000828781
2778 0.000828781
2779 0.000828781
2780 0.000828781
2781 0.000828781
2782 0.000828781
2783 0.000828781
2784 0.000828781
2785 0.000828781
2786 0.000828781
2787 0.000828781
2788 0.000828781
2789 0.000828781
2790 0.000828781
2791 0.000828781
2792 0.000828781
2793 0.000828781
2794 0.000828781
2795 0.000828781
2796 0.000828781
2797 0.000828781
2798 0.000828781
2799 0.000828781
2800 0.000828781
2801 0.000828781
2802 0.000828781
2803 0.000828781
2804 0.000828781
2805 0.000828781
2806 0.000828781
2807 0.000828781
2808 0.000828781
2809 0.000828781
2810 0.000828781
2811 0.000828781
2812 0.000828781
2813 0.000828781
2814 0.000828781
2815 0.000828781
2816 0.000828781
2817 0.000828781
2818 0.000828781
2819 0.000828781
2820 0.000828781
2821 0.000828781
2822 0.000828781
2823 0.000828781
2824 0.000828781
2825 0.000753438
2826 0.000753438
2827 0.000753438
2828 0.000753438
2829 0.000753438
2830 0.000753438
2831 0.000753438
2832 0.000753438
2833 0.000753438
2834 0.000753438
2835 0.000753438
2836 0.000753438
2837 0.000753438
2838 0.000753438
2839 0.000753438
2840 0.000753438
2841 0.000715766
2842 0.000715766
2843 0.000715766
2844 0.000715766
2845 0.000715766
2846 0.000715766
2847 0.000715766
2848 0.000715766
2849 0.000715766
2850 0.000715766
2851 0.000715766
2852 0.000715766
2853 0.000715766
2854 0.000715766
2855 0.000715766
2856 0.000715766
2857 0.000678094
2858 0.000678094
2859 0.000678094
2860 0.000678094
2861 0.000678094
2862 0.000678094
2863 0.000678094
2864 0.000678094
2865 0.000678094
2866 0.000678094
2867 0.000678094
2868 0.000678094
2869 0.000678094
2870 0.000678094
2871 0.000678094
2872 0.000678094
2873 0.000678094
2874 0.000678094
2875 0.000678094
2876 0.000678094
2877 0.000678094
2878 0.000678094
2879 0.000678094
2880 0.000678094
2881 0.000678094
2882 0.000678094
2883 0.000678094
2884 0.000678094
2885 0.000678094
2886 0.000678094
2887 0.000678094
2888 0.000678094
2889 0.000678094
2890 0.000678094
2891 0.000678094
2892 0.000678094
2893 0.000678094
2894 0.000678094
2895 0.000678094
2896 0.000678094
2897 0.000640422
2898 0.000640422
2899 0.000640422
2900 0.000640422
2901 0.000640422
2902 0.000640422
2903 0.000640422
2904 0.000640422
2905 0.000640422
2906 0.000640422
2907 0.000640422
2908 0.000640422
2909 0.000640422
2910 0.000640422
2911 0.000640422
2912 0.000640422
2913 0.000640422
2914 0.000640422
2915 0.000640422
2916 0.000640422
2917 0.000640422
2918 0.000640422
2919 0.000640422
2920 0.000640422
2921 0.000640422
2922 0.000640422
2923 0.000640422
2924 0.000640422
2925 0.000640422
2926 0.000640422
2927 0.000640422
2928 0.000640422
2929 0.000640422
2930 0.000640422
2931 0.000640422
2932 0.000640422
2933 0.000640422
2934 0.000640422
2935 0.000640422
2936 0.000640422
2937 0.00060275
2938 0.00060275
2939 0.00060275
2940 0.00060275
2941 0.00060275
2942 0.00060275
2943 0.00060275
2944 0.00060275
2945 0.000565078
2946 0.000565078
2947 0.000565078
2948 0.000565078
2949 0.000565078
2950 0.000565078
2951 0.000565078
2952 0.000565078
2953 0.000527406
2954 0.000527406
2955 0.000527406
2956 0.000527406
2957 0.000527406
2958 0.000527406
2959 0.000527406
2960 0.000527406
2961 0.000527406
2962 0.000527406
2963 0.000527406
2964 0.000527406
2965 0.000527406
2966 0.000527406
2967 0.000527406
2968 0.000527406
2969 0.000489734
2970 0.000489734
2971 0.000489734
2972 0.000489734
2973 0.000489734
2974 0.000489734
2975 0.000489734
2976 0.000489734
2977 0.000489734
2978 0.000489734
2979 0.000489734
2980 0.000489734
2981 0.000489734
2982 0.000489734
2983 0.000489734
2984 0.000489734
2985 0.000489734
2986 0.000489734
2987 0.000489734
2988 0.000489734
2989 0.000489734
2990 0.000489734
2991 0.000489734
2992 0.000489734
2993 0.000489734
2994 0.000489734
2995 0.000489734
2996 0.000489734
2997 0.000489734
2998 0.000489734
2999 0.000489734
3000 0.000489734
3001 0.000489734
3002 0.000489734
3003 0.000489734
3004 0.000489734
3005 0.000489734
3006 0.000489734
3007 0.000489734
3008 0.000489734
3009 0.000489734
3010 0.000489734
3011 0.000489734
3012 0.000489734
3013 0.000489734
3014 0.000489734
3015 0.000489734
3016 0.000489734
3017 0.000489734
3018 0.000489734
3019 0.000489734
3020 0.000489734
3021 0.000489734
3022 0.000489734
3023 0.000489734
3024 0.000489734
3025 0.000489734
3026 0.000489734
3027 0.000489734
3028 0.000489734
3029 0.000489734
3030 0.000489734
3031 0.000489734
3032 0.000489734
3033 0.000489734
3034 0.000489734
3035 0.000489734
3036 0.000489734
3037 0.000489734
3038 0.000489734
3039 0.000489734
3040 0.000489734
3041 0.000489734
3042 0.000489734
3043 0.000489734
3044 0.000489734
3045 0.000489734
3046 0.000489734
3047 0.000489734
3048 0.000489734
3049 0.000489734
3050 0.000489734
3051 0.000489734
3052 0.000489734
3053 0.000489734
3054 0.000489734
3055 0.000489734
3056 0.000489734
3057 0.000489734
3058 0.000489734
3059 0.000489734
3060 0.000489734
3061 0.000489734
3062 0.000489734
3063 0.000489734
3064 0.000489734
3065 0.000452063
3066 0.000452063
3067 0.000452063
3068 0.000452063
3069 0.000452063
3070 0.000452063
3071 0.000452063
3072 0.000452063
3073 0.000452063
3074 0.000452063
3075 0.000452063
3076 0.000452063
3077 0.000452063
3078 0.000452063
3079 0.000452063
3080 0.000452063
3081 0.000452063
3082 0.000452063
3083 0.000452063
3084 0.000452063
3085 0.000452063
3086 0.000452063
3087 0.000452063
3088 0.000452063
3089 0.000452063
3090 0.000452063
3091 0.000452063
3092 0.000452063
3093 0.000452063
3094 0.000452063
3095 0.000452063
3096 0.000452063
3097 0.000452063
3098 0.000452063
3099 0.000452063
3100 0.000452063
3101 0.000452063
3102 0.000452063
3103 0.000452063
3104 0.000452063
3105 0.000452063
3106 0.000452063
3107 0.000452063
3108 0.000452063
3109 0.000452063
3110 0.000452063
3111 0.000452063
3112 0.000452063
3113 0.000414391
3114 0.000414391
3115 0.000414391
3116 0.000414391
3117 0.000414391
3118 0.000414391
3119 0.000414391
3120 0.000414391
3121 0.000414391
3122 0.000414391
3123 0.000414391
3124 0.000414391
3125 0.000414391
3126 0.000414391
3127 0.000414391
3128 0.000414391
3129 0.000414391
3130 0.000414391
3131 0.000414391
3132 0.000414391
3133 0.000414391
3134 0.000414391
3135 0.000414391
3136 0.000414391
3137 0.000414391
3138 0.000414391
3139 0.000414391
3140 0.000414391
3141 0.000414391
3142 0.000414391
3143 0.000414391
3144 0.000414391
3145 0.000376719
3146 0.000376719
3147 0.000376719
3148 0.000376719
3149 0.000376719
3150 0.000376719
3151 0.000376719
3152 0.000376719
3153 0.000376719
3154 0.000376719
3155 0.000376719
3156 0.000376719
3157 0.000376719
3158 0.000376719
3159 0.000376719
3160 0.000376719
3161 0.000376719
3162 0.000376719
3163 0.000376719
3164 0.000376719
3165 0.000376719
3166 0.000376719
3167 0.000376719
3168 0.000376719
3169 0.000376719
3170 0.000376719
3171 0.000376719
3172 0.000376719
3173 0.000376719
3174 0.000376719
3175 0.000376719
3176 0.000376719
3177 0.000376719
3178 0.000376719
3179 0.000376719
3180 0.000376719
3181 0.000376719
3182 0.000376719
3183 0.000376719
3184 0.000376719
3185 0.000376719
3186 0.000376719
3187 0.000376719
3188 0.000376719
3189 0.000376719
3190 0.000376719
3191 0.000376719
3192 0.000376719
3193 0.000376719
3194 0.000376719
3195 0.000376719
3196 0.000376719
3197 0.000376719
3198 0.000376719
3199 0.000376719
3200 0.000376719
3201 0.000376719
3202 0.000376719
3203 0.000376719
3204 0.000376719
3205 0.000376719
3206 0.000376719
3207 0.000376719
3208 0.000376719
3209 0.000376719
3210 0.000376719
3211 0.000376719
3212 0.000376719
3213 0.000376719
3214 0.000376719
3215 0.000376719
3216 0.000376719
3217 0.000376719
3218 0.000376719
3219 0.000376719
3220 0.000376719
3221 0.000376719
3222 0.000376719
3223 0.000376719
3224 0.000376719
3225 0.000376719
3226 0.000376719
3227 0.000376719
3228 0.000376719
3229 0.000376719
3230 0.000376719
3231 0.000376719
3232 0.000376719
3233 0.000376719
3234 0.000376719
3235 0.000376719
3236 0.000376719
3237 0.000376719
3238 0.000376719
3239 0.000376719
3240 0.000376719
3241 0.000339047
3242 0.000339047
3243 0.000339047
3244 0.000339047
3245 0.000339047
3246 0.000339047
3247 0.000339047
3248 0.000339047
3249 0.000339047
3250 0.000339047
3251 0.000339047
3252 0.000339047
3253 0.000339047
3254 0.000339047
3255 0.000339047
3256 0.000339047
3257 0.000339047
3258 0.000339047
3259 0.000339047
3260 0.000339047
3261 0.000339047
3262 0.000339047
3263 0.000339047
3264 0.000339047
3265 0.000339047
3266 0.000339047
3267 0.000339047
3268 0.000339047
3269 0.000339047
3270 0.000339047
3271 0.000339047
3272 0.000339047
3273 0.000339047
3274 0.000339047
3275 0.000339047
3276 0.000339047
3277 0.000339047
3278 0.000339047
3279 0.000339047
3280 0.000339047
3281 0.000339047
3282 0.000339047
3283 0.000339047
3284 0.000339047
3285 0.000339047
3286 0.000339047
3287 0.000339047
3288 0.000339047
3289 0.000301375
3290 0.000301375
3291 0.000301375
3292 0.000301375
3293 0.000301375
3294 0.000301375
3295 0.000301375
3296 0.000301375
3297 0.000301375
3298 0.000301375
3299 0.000301375
3300 0.000301375
3301 0.000301375
3302 0.000301375
3303 0.000301375
3304 0.000301375
3305 0.000301375
3306 0.000301375
3307 0.000301375
3308 0.000301375
3309 0.000301375
3310 0.000301375
3311 0.000301375
3312 0.000301375
3313 0.000226031
3314 0.000226031
3315 0.000226031
3316 0.000226031
3317 0.000226031
3318 0.000226031
3319 0.000226031
3320 0.000226031
3321 0.000226031
3322 0.000226031
3323 0.000226031
3324 0.000226031
3325 0.000226031
3326 0.000226031
3327 0.000226031
3328 0.000226031
3329 0.000226031
3330 0.000226031
3331 0.000226031
3332 0.000226031
3333 0.000226031
3334 0.000226031
3335 0.000226031
3336 0.000226031
3337 0.000226031
3338 0.000226031
3339 0.000226031
3340 0.000226031
3341 0.000226031
3342 0.000226031
3343 0.000226031
3344 0.000226031
3345 0.000226031
3346 0.000226031
3347 0.000226031
3348 0.000226031
3349 0.000226031
3350 0.000226031
3351 0.000226031
3352 0.000226031
3353 0.000188359
3354 0.000188359
3355 0.000188359
3356 0.000188359
3357 0.000188359
3358 0.000188359
3359 0.000188359
3360 0.000188359
3361 0.000188359
3362 0.000188359
3363 0.000188359
3364 0.000188359
3365 0.000188359
3366 0.000188359
3367 0.000188359
3368 0.000188359
3369 0.000188359
3370 0.000188359
3371 0.000188359
3372 0.000188359
3373 0.000188359
3374 0.000188359
3375 0.000188359
3376 0.000188359
3377 0.000188359
3378 0.000188359
3379 0.000188359
3380 0.000188359
3381 0.000188359
3382 0.000188359
3383 0.000188359
3384 0.000188359
3385 0.000188359
3386 0.000188359
3387 0.000188359
3388 0.000188359
3389 0.000188359
3390 0.000188359
3391 0.000188359
3392 0.000188359
3393 0.000188359
3394 0.000188359
3395 0.000188359
3396 0.000188359
3397 0.000188359
3398 0.000188359
3399 0.000188359
3400 0.000188359
3401 0.000188359
3402 0.000188359
3403 0.000188359
3404 0.000188359
3405 0.000188359
3406 0.000188359
3407 0.000188359
3408 0.000188359
3409 0.000188359
3410 0.000188359
3411 0.000188359
3412 0.000188359
3413 0.000188359
3414 0.000188359
3415 0.000188359
3416 0.000188359
3417 0.000188359
3418 0.000188359
3419 0.000188359
3420 0.000188359
3421 0.000188359
3422 0.000188359
3423 0.000188359
3424 0.000188359
3425 0.000188359
3426 0.000188359
3427 0.000188359
3428 0.000188359
3429 0.000188359
3430 0.000188359
3431 0.000188359
3432 0.000188359
3433 0.000188359
3434 0.000188359
3435 0.000188359
3436 0.000188359
3437 0.000188359
3438 0.000188359
3439 0.000188359
3440 0.000188359
3441 0.000188359
3442 0.000188359
3443 0.000188359
3444 0.000188359
3445 0.000188359
3446 0.000188359
3447 0.000188359
3448 0.000188359
3449 0.000188359
3450 0.000188359
3451 0.000188359
3452 0.000188359
3453 0.000188359
3454 0.000188359
3455 0.000188359
3456 0.000188359
3457 0.000188359
3458 0.000188359
3459 0.000188359
3460 0.000188359
3461 0.000188359
3462 0.000188359
3463 0.000188359
3464 0.000188359
3465 0.000150688
3466 0.000150688
3467 0.000150688
3468 0.000150688
3469 0.000150688
3470 0.000150688
3471 0.000150688
3472 0.000150688
3473 0.000113016
3474 0.000113016
3475 0.000113016
3476 0.000113016
3477 0.000113016
3478 0.000113016
3479 0.000113016
3480 0.000113016
3481 0.000113016
3482 0.000113016
3483 0.000113016
3484 0.000113016
3485 0.000113016
3486 0.000113016
3487 0.000113016
3488 0.000113016
3489 0.000113016
3490 0.000113016
3491 0.000113016
3492 0.000113016
3493 0.000113016
3494 0.000113016
3495 0.000113016
3496 0.000113016
3497 0.000113016
3498 0.000113016
3499 0.000113016
3500 0.000113016
3501 0.000113016
3502 0.000113016
3503 0.000113016
3504 0.000113016
3505 7.53438e-05
3506 7.53438e-05
3507 7.53438e-05
3508 7.53438e-05
3509 7.53438e-05
3510 7.53438e-05
3511 7.53438e-05
3512 7.53438e-05
3513 7.53438e-05
3514 7.53438e-05
3515 7.53438e-05
3516 7.53438e-05
3517 7.53438e-05
3518 7.53438e-05
3519 7.53438e-05
3520 7.53438e-05
3521 7.53438e-05
3522 7.53438e-05
3523 7.53438e-05
3524 7.53438e-05
3525 7.53438e-05
3526 7.53438e-05
3527 7.53438e-05
3528 7.53438e-05
3529 7.53438e-05
3530 7.53438e-05
3531 7.53438e-05
3532 7.53438e-05
3533 7.53438e-05
3534 7.53438e-05
3535 7.53438e-05
3536 7.53438e-05
3537 3.76719e-05
3538 3.76719e-05
3539 3.76719e-05
3540 3.76719e-05
3541 3.76719e-05
3542 3.76719e-05
3543 3.76719e-05
3544 3.76719e-05
3545 3.76719e-05
3546 3.76719e-05
3547 3.76719e-05
3548 3.76719e-05
3549 3.76719e-05
3550 3.76719e-05
3551 3.76719e-05
3552 3.76719e-05
3553 3.76719e-05
3554 3.76719e-05
3555 3.76719e-05
3556 3.76719e-05
3557 3.76719e-05
3558 3.76719e-05
3559 3.76719e-05
3560 3.76719e-05
3561 3.76719e-05
3562 3.76719e-05
3563 3.76719e-05
3564 3.76719e-05
3565 3.76719e-05
3566 3.76719e-05
3567 3.76719e-05
3568 3.76719e-05
3569 3.76719e-05
3570 3.76719e-05
3571 3.76719e-05
3572 3.76719e-05
3573 3.76719e-05
3574 3.76719e-05
3575 3.76719e-05
3576 3.76719e-05
3577 3.76719e-05
3578 3.76719e-05
3579 3.76719e-05
3580 3.76719e-05
3581 3.76719e-05
3582 3.76719e-05
3583 3.76719e-05
3584 3.76719e-05
3585 3.76719e-05
3586 3.76719e-05
3587 3.76719e-05
3588 3.76719e-05
3589 3.76719e-05
3590 3.76719e-05
3591 3.76719e-05
3592 3.76719e-05
3593 3.76719e-05
3594 3.76719e-05
3595 3.76719e-05
3596 3.76719e-05
3597 3.76719e-05
3598 3.76719e-05
3599 3.76719e-05
3600 3.76719e-05
3601 3.76719e-05
3602 3.76719e-05
3603 3.76719e-05
3604 3.76719e-05
3605 3.76719e-05
3606 3.76719e-05
3607 3.76719e-05
3608 3.76719e-05
3609 3.76719e-05
3610 3.76719e-05
3611 3.76719e-05
3612 3.76719e-05
3613 3.76719e-05
3614 3.76719e-05
3615 3.76719e-05
3616 3.76719e-05
3617 3.76719e-05
3618 3.76719e-05
3619 3.76719e-05
3620 3.76719e-05
3621 3.76719e-05
3622 3.76719e-05
