0 1
1 1
2 1
3 1
4 1
5 1
6 1
7 0.99986
8 0.99986
9 0.99986
10 0.99986
11 0.99986
12 0.99986
13 0.99986
14 0.99986
15 0.999578
16 0.999578
17 0.999578
18 0.999578
19 0.999578
20 0.999578
21 0.999578
22 0.999578
23 0.999578
24 0.999578
25 0.999578
26 0.999578
27 0.999578
28 0.999578
29 0.999578
30 0.999578
31 0.999438
32 0.999438
33 0.999438
34 0.999438
35 0.999438
36 0.999438
37 0.999438
38 0.999438
39 0.999157
40 0.999157
41 0.999157
42 0.999157
43 0.999157
44 0.999157
45 0.999157
46 0.999157
47 0.999016
48 0.999016
49 0.999016
50 0.999016
51 0.999016
52 0.999016
53 0.999016
54 0.999016
55 0.998595
56 0.998595
57 0.998595
58 0.998595
59 0.998595
60 0.998595
61 0.998595
62 0.998595
63 0.998033
64 0.998033
65 0.998033
66 0.998033
67 0.998033
68 0.998033
69 0.998033
70 0.998033
71 0.997611
72 0.997611
73 0.997611
74 0.997611
75 0.997611
76 0.997611
77 0.997611
78 0.997611
79 0.997471
80 0.997471
81 0.997471
82 0.997471
83 0.997471
84 0.997471
85 0.997471
86 0.997471
87 0.99719
88 0.99719
89 0.99719
90 0.99719
91 0.99719
92 0.99719
93 0.99719
94 0.99719
95 0.996768
96 0.996768
97 0.966418
98 0.966418
99 0.966418
100 0.966418
101 0.966418
102 0.966418
103 0.966278
104 0.966278
105 0.928341
106 0.928341
107 0.928341
108 0.928341
109 0.928341
110 0.928341
111 0.92806
112 0.92806
113 0.893354
114 0.893354
115 0.893354
116 0.893354
117 0.893354
118 0.893354
119 0.892792
120 0.892792
121 0.857243
122 0.857243
123 0.857243
124 0.857243
125 0.857243
126 0.857243
127 0.857243
128 0.857243
129 0.824364
130 0.824364
131 0.824364
132 0.824364
133 0.824364
134 0.824364
135 0.824224
136 0.824224
137 0.789799
138 0.789799
139 0.789799
140 0.789799
141 0.789799
142 0.789799
143 0.789518
144 0.789518
145 0.761135
146 0.761135
147 0.761135
148 0.761135
149 0.761135
150 0.761135
151 0.760995
152 0.760995
153 0.728678
154 0.728678
155 0.728678
156 0.728678
157 0.728678
158 0.728678
159 0.728116
160 0.728116
161 0.69341
162 0.69341
163 0.69341
164 0.69341
165 0.69341
166 0.69341
167 0.69327
168 0.69327
169 0.665589
170 0.665589
171 0.665589
172 0.665589
173 0.665589
174 0.665589
175 0.665589
176 0.665589
177 0.633694
178 0.633694
179 0.633694
180 0.633694
181 0.633694
182 0.633694
183 0.633272
184 0.633272
185 0.602642
186 0.602642
187 0.602642
188 0.602642
189 0.602642
190 0.602642
191 0.602361
192 0.602361
193 0.569622
194 0.569622
195 0.569622
196 0.569622
197 0.569622
198 0.569622
199 0.569201
200 0.569201
201 0.541239
202 0.541239
203 0.541239
204 0.541239
205 0.541239
206 0.541239
207 0.541099
208 0.541099
209 0.513559
210 0.513559
211 0.513559
212 0.513559
213 0.513559
214 0.513559
215 0.513559
216 0.513559
217 0.487705
218 0.487705
219 0.487705
220 0.487705
221 0.487705
222 0.487705
223 0.487424
224 0.487424
225 0.464522
226 0.464522
227 0.464522
228 0.464522
229 0.464522
230 0.464522
231 0.464522
232 0.464522
233 0.441057
234 0.441057
235 0.441057
236 0.441057
237 0.441057
238 0.441057
239 0.440916
240 0.440916
241 0.418575
242 0.418575
243 0.418575
244 0.418575
245 0.418575
246 0.418575
247 0.418575
248 0.418575
249 0.399466
250 0.399466
251 0.399466
252 0.399466
253 0.399466
254 0.399466
255 0.399326
256 0.399326
257 0.379092
258 0.379092
259 0.379092
260 0.379092
261 0.379092
262 0.379092
263 0.379092
264 0.379092
265 0.359421
266 0.359421
267 0.359421
268 0.359421
269 0.359421
270 0.359421
271 0.359
272 0.359
273 0.339469
274 0.339469
275 0.339469
276 0.339469
277 0.339469
278 0.339469
279 0.339469
280 0.339469
281 0.320922
282 0.320922
283 0.320922
284 0.320922
285 0.320922
286 0.320922
287 0.320641
288 0.320641
289 0.306309
290 0.306309
291 0.306309
292 0.306309
293 0.306309
294 0.306309
295 0.306309
296 0.306309
297 0.29282
298 0.29282
299 0.29282
300 0.29282
301 0.29282
302 0.29282
303 0.29282
304 0.29282
305 0.278348
306 0.278348
307 0.278348
308 0.278348
309 0.278348
310 0.278348
311 0.278348
312 0.278348
313 0.263875
314 0.263875
315 0.263875
316 0.263875
317 0.263875
318 0.263875
319 0.263875
320 0.263875
321 0.2487
322 0.2487
323 0.2487
324 0.2487
325 0.2487
326 0.2487
327 0.24856
328 0.24856
329 0.232401
330 0.232401
331 0.232401
332 0.232401
333 0.232401
334 0.232401
335 0.232401
336 0.232401
337 0.222285
338 0.222285
339 0.222285
340 0.222285
341 0.222285
342 0.222285
343 0.222144
344 0.222144
345 0.209498
346 0.209498
347 0.209498
348 0.209498
349 0.209498
350 0.209498
351 0.209358
352 0.209358
353 0.19882
354 0.19882
355 0.19882
356 0.19882
357 0.19882
358 0.19882
359 0.198679
360 0.198679
361 0.188282
362 0.188282
363 0.188282
364 0.188282
365 0.188282
366 0.188282
367 0.188282
368 0.188282
369 0.17957
370 0.17957
371 0.17957
372 0.17957
373 0.17957
374 0.17957
375 0.17957
376 0.17957
377 0.171561
378 0.171561
379 0.171561
380 0.171561
381 0.171561
382 0.171561
383 0.171561
384 0.171561
385 0.164676
386 0.164676
387 0.164676
388 0.164676
389 0.164676
390 0.164676
391 0.164536
392 0.164536
393 0.157089
394 0.157089
395 0.157089
396 0.157089
397 0.157089
398 0.157089
399 0.157089
400 0.157089
401 0.150063
402 0.150063
403 0.150063
404 0.150063
405 0.150063
406 0.150063
407 0.149923
408 0.149923
409 0.141773
410 0.141773
411 0.141773
412 0.141773
413 0.141773
414 0.141773
415 0.141633
416 0.141633
417 0.133624
418 0.133624
419 0.133624
420 0.133624
421 0.133624
422 0.133624
423 0.133624
424 0.133624
425 0.125053
426 0.125053
427 0.125053
428 0.125053
429 0.125053
430 0.125053
431 0.125053
432 0.125053
433 0.119573
434 0.119573
435 0.119573
436 0.119573
437 0.119573
438 0.119573
439 0.119573
440 0.119573
441 0.114655
442 0.114655
443 0.114655
444 0.114655
445 0.114655
446 0.114655
447 0.114655
448 0.114655
449 0.110299
450 0.110299
451 0.110299
452 0.110299
453 0.110299
454 0.110299
455 0.110299
456 0.110299
457 0.105522
458 0.105522
459 0.105522
460 0.105522
461 0.105522
462 0.105522
463 0.105522
464 0.105522
465 0.100464
466 0.100464
467 0.100464
468 0.100464
469 0.100464
470 0.100464
471 0.100464
472 0.100464
473 0.0961079
474 0.0961079
475 0.0961079
476 0.0961079
477 0.0961079
478 0.0961079
479 0.0961079
480 0.0961079
481 0.0916116
482 0.0916116
483 0.0916116
484 0.0916116
485 0.0916116
486 0.0916116
487 0.0916116
488 0.0916116
489 0.0873964
490 0.0873964
491 0.0873964
492 0.0873964
493 0.0873964
494 0.0873964
495 0.0873964
496 0.0873964
497 0.0844457
498 0.0844457
499 0.0844457
500 0.0844457
501 0.0844457
502 0.0844457
503 0.0844457
504 0.0844457
505 0.0807925
506 0.0807925
507 0.0807925
508 0.0807925
509 0.0807925
510 0.0807925
511 0.0807925
512 0.0807925
513 0.0768582
514 0.0768582
515 0.0768582
516 0.0768582
517 0.0768582
518 0.0768582
519 0.0768582
520 0.0768582
521 0.073486
522 0.073486
523 0.073486
524 0.073486
525 0.073486
526 0.073486
527 0.073486
528 0.073486
529 0.0695518
530 0.0695518
531 0.0695518
532 0.0695518
533 0.0695518
534 0.0695518
535 0.0695518
536 0.0695518
537 0.0656175
538 0.0656175
539 0.0656175
540 0.0656175
541 0.0656175
542 0.0656175
543 0.0656175
544 0.0656175
545 0.0628074
546 0.0628074
547 0.0628074
548 0.0628074
549 0.0628074
550 0.0628074
551 0.0628074
552 0.0628074
553 0.0587326
554 0.0587326
555 0.0587326
556 0.0587326
557 0.0587326
558 0.0587326
559 0.0587326
560 0.0587326
561 0.0556414
562 0.0556414
563 0.0556414
564 0.0556414
565 0.0556414
566 0.0556414
567 0.0556414
568 0.0556414
569 0.0532528
570 0.0532528
571 0.0532528
572 0.0532528
573 0.0532528
574 0.0532528
575 0.0532528
576 0.0532528
577 0.0517072
578 0.0517072
579 0.0517072
580 0.0517072
581 0.0517072
582 0.0517072
583 0.0517072
584 0.0517072
585 0.0495996
586 0.0495996
587 0.0495996
588 0.0495996
589 0.0495996
590 0.0495996
591 0.0495996
592 0.0495996
593 0.0477729
594 0.0477729
595 0.0477729
596 0.0477729
597 0.0477729
598 0.0477729
599 0.0477729
600 0.0477729
601 0.0453843
602 0.0453843
603 0.0453843
604 0.0453843
605 0.0453843
606 0.0453843
607 0.0453843
608 0.0453843
609 0.0436982
610 0.0436982
611 0.0436982
612 0.0436982
613 0.0436982
614 0.0436982
615 0.0436982
616 0.0436982
617 0.0421526
618 0.0421526
619 0.0421526
620 0.0421526
621 0.0421526
622 0.0421526
623 0.0421526
624 0.0421526
625 0.0410285
626 0.0410285
627 0.0410285
628 0.0410285
629 0.0410285
630 0.0410285
631 0.0410285
632 0.0410285
633 0.0383589
634 0.0383589
635 0.0383589
636 0.0383589
637 0.0383589
638 0.0383589
639 0.0383589
640 0.0383589
641 0.0370943
642 0.0370943
643 0.0370943
644 0.0370943
645 0.0370943
646 0.0370943
647 0.0370943
648 0.0370943
649 0.0358297
650 0.0358297
651 0.0358297
652 0.0358297
653 0.0358297
654 0.0358297
655 0.0358297
656 0.0358297
657 0.0338626
658 0.0338626
659 0.0338626
660 0.0338626
661 0.0338626
662 0.0338626
663 0.0338626
664 0.0338626
665 0.0324575
666 0.0324575
667 0.0324575
668 0.0324575
669 0.0324575
670 0.0324575
671 0.0324575
672 0.0324575
673 0.0311929
674 0.0311929
675 0.0311929
676 0.0311929
677 0.0311929
678 0.0311929
679 0.0311929
680 0.0311929
681 0.0296473
682 0.0296473
683 0.0296473
684 0.0296473
685 0.0296473
686 0.0296473
687 0.0296473
688 0.0296473
689 0.0283827
690 0.0283827
691 0.0283827
692 0.0283827
693 0.0283827
694 0.0283827
695 0.0283827
696 0.0283827
697 0.0278207
698 0.0278207
699 0.0278207
700 0.0278207
701 0.0278207
702 0.0278207
703 0.0278207
704 0.0278207
705 0.0265561
706 0.0265561
707 0.0265561
708 0.0265561
709 0.0265561
710 0.0265561
711 0.0265561
712 0.0265561
713 0.0259941
714 0.0259941
715 0.0259941
716 0.0259941
717 0.0259941
718 0.0259941
719 0.0259941
720 0.0259941
721 0.024589
722 0.024589
723 0.024589
724 0.024589
725 0.024589
726 0.024589
727 0.024589
728 0.024589
729 0.0229029
730 0.0229029
731 0.0229029
732 0.0229029
733 0.0229029
734 0.0229029
735 0.0229029
736 0.0229029
737 0.0214978
738 0.0214978
739 0.0214978
740 0.0214978
741 0.0214978
742 0.0214978
743 0.0214978
744 0.0214978
745 0.0202332
746 0.0202332
747 0.0202332
748 0.0202332
749 0.0202332
750 0.0202332
751 0.0202332
752 0.0202332
753 0.0199522
754 0.0199522
755 0.0199522
756 0.0199522
757 0.0199522
758 0.0199522
759 0.0199522
760 0.0199522
761 0.0195307
762 0.0195307
763 0.0195307
764 0.0195307
765 0.0195307
766 0.0195307
767 0.0195307
768 0.0195307
769 0.0191092
770 0.0191092
771 0.0191092
772 0.0191092
773 0.0191092
774 0.0191092
775 0.0189687
776 0.0189687
777 0.0184066
778 0.0184066
779 0.0184066
780 0.0184066
781 0.0184066
782 0.0184066
783 0.0184066
784 0.0184066
785 0.0170015
786 0.0170015
787 0.0170015
788 0.0170015
789 0.0170015
790 0.0170015
791 0.016861
792 0.016861
793 0.016299
794 0.016299
795 0.016299
796 0.016299
797 0.016299
798 0.016299
799 0.016299
800 0.016299
801 0.015456
802 0.015456
803 0.015456
804 0.015456
805 0.015456
806 0.015456
807 0.015456
808 0.015456
809 0.0144724
810 0.0144724
811 0.0144724
812 0.0144724
813 0.0144724
814 0.0144724
815 0.0144724
816 0.0144724
817 0.0139104
818 0.0139104
819 0.0139104
820 0.0139104
821 0.0139104
822 0.0139104
823 0.0139104
824 0.0139104
825 0.0134888
826 0.0134888
827 0.0134888
828 0.0134888
829 0.0134888
830 0.0134888
831 0.0134888
832 0.0134888
833 0.0127863
834 0.0127863
835 0.0127863
836 0.0127863
837 0.0127863
838 0.0127863
839 0.0127863
840 0.0127863
841 0.0118027
842 0.0118027
843 0.0118027
844 0.0118027
845 0.0118027
846 0.0118027
847 0.0118027
848 0.0118027
849 0.0108192
850 0.0108192
851 0.0108192
852 0.0108192
853 0.0108192
854 0.0108192
855 0.0108192
856 0.0108192
857 0.0106787
858 0.0106787
859 0.0106787
860 0.0106787
861 0.0106787
862 0.0106787
863 0.0106787
864 0.0106787
865 0.0102571
866 0.0102571
867 0.0102571
868 0.0102571
869 0.0102571
870 0.0102571
871 0.0102571
872 0.0102571
873 0.0098356
874 0.0098356
875 0.0098356
876 0.0098356
877 0.0098356
878 0.0098356
879 0.0096951
880 0.0096951
881 0.00927357
882 0.00927357
883 0.00927357
884 0.00927357
885 0.00927357
886 0.00927357
887 0.00927357
888 0.00927357
889 0.00927357
890 0.00927357
891 0.00927357
892 0.00927357
893 0.00927357
894 0.00927357
895 0.00927357
896 0.00927357
897 0.00913306
898 0.00913306
899 0.00913306
900 0.00913306
901 0.00913306
902 0.00913306
903 0.00913306
904 0.00913306
905 0.00871154
906 0.00871154
907 0.00871154
908 0.00871154
909 0.00871154
910 0.00871154
911 0.00871154
912 0.00871154
913 0.00843052
914 0.00843052
915 0.00843052
916 0.00843052
917 0.00843052
918 0.00843052
919 0.00843052
920 0.00843052
921 0.00800899
922 0.00800899
923 0.00800899
924 0.00800899
925 0.00800899
926 0.00800899
927 0.00800899
928 0.00800899
929 0.00786848
930 0.00786848
931 0.00786848
932 0.00786848
933 0.00786848
934 0.00786848
935 0.00786848
936 0.00786848
937 0.00758747
938 0.00758747
939 0.00758747
940 0.00758747
941 0.00758747
942 0.00758747
943 0.00758747
944 0.00758747
945 0.00716594
946 0.00716594
947 0.00716594
948 0.00716594
949 0.00716594
950 0.00716594
951 0.00716594
952 0.00716594
953 0.00688492
954 0.00688492
955 0.00688492
956 0.00688492
957 0.00688492
958 0.00688492
959 0.00688492
960 0.00688492
961 0.00688492
962 0.00688492
963 0.00688492
964 0.00688492
965 0.00688492
966 0.00688492
967 0.00688492
968 0.00688492
969 0.0064634
970 0.0064634
971 0.0064634
972 0.0064634
973 0.0064634
974 0.0064634
975 0.0064634
976 0.0064634
977 0.00604187
978 0.00604187
979 0.00604187
980 0.00604187
981 0.00604187
982 0.00604187
983 0.00604187
984 0.00604187
985 0.00604187
986 0.00604187
987 0.00604187
988 0.00604187
989 0.00604187
990 0.00604187
991 0.00604187
992 0.00604187
993 0.00576085
994 0.00576085
995 0.00576085
996 0.00576085
997 0.00576085
998 0.00576085
999 0.00576085
1000 0.00576085
1001 0.00562035
1002 0.00562035
1003 0.00562035
1004 0.00562035
1005 0.00562035
1006 0.00562035
1007 0.00562035
1008 0.00562035
1009 0.00562035
1010 0.00562035
1011 0.00562035
1012 0.00562035
1013 0.00562035
1014 0.00562035
1015 0.00562035
1016 0.00562035
1017 0.00562035
1018 0.00562035
1019 0.00562035
1020 0.00562035
1021 0.00562035
1022 0.00562035
1023 0.00562035
1024 0.00562035
1025 0.00547984
1026 0.00547984
1027 0.00547984
1028 0.00547984
1029 0.00547984
1030 0.00547984
1031 0.00547984
1032 0.00547984
1033 0.00547984
1034 0.00547984
1035 0.00547984
1036 0.00547984
1037 0.00547984
1038 0.00547984
1039 0.00547984
1040 0.00547984
1041 0.0049178
1042 0.0049178
1043 0.0049178
1044 0.0049178
1045 0.0049178
1046 0.0049178
1047 0.0049178
1048 0.0049178
1049 0.00477729
1050 0.00477729
1051 0.00477729
1052 0.00477729
1053 0.00477729
1054 0.00477729
1055 0.00477729
1056 0.00477729
1057 0.00463679
1058 0.00463679
1059 0.00463679
1060 0.00463679
1061 0.00463679
1062 0.00463679
1063 0.00463679
1064 0.00463679
1065 0.00435577
1066 0.00435577
1067 0.00435577
1068 0.00435577
1069 0.00435577
1070 0.00435577
1071 0.00435577
1072 0.00435577
1073 0.00421526
1074 0.00421526
1075 0.00421526
1076 0.00421526
1077 0.00421526
1078 0.00421526
1079 0.00421526
1080 0.00421526
1081 0.00393424
1082 0.00393424
1083 0.00393424
1084 0.00393424
1085 0.00393424
1086 0.00393424
1087 0.00393424
1088 0.00393424
1089 0.00365322
1090 0.00365322
1091 0.00365322
1092 0.00365322
1093 0.00365322
1094 0.00365322
1095 0.00365322
1096 0.00365322
1097 0.00351272
1098 0.00351272
1099 0.00351272
1100 0.00351272
1101 0.00351272
1102 0.00351272
1103 0.00351272
1104 0.00351272
1105 0.0032317
1106 0.0032317
1107 0.0032317
1108 0.0032317
1109 0.0032317
1110 0.0032317
1111 0.0032317
1112 0.0032317
1113 0.00295068
1114 0.00295068
1115 0.00295068
1116 0.00295068
1117 0.00295068
1118 0.00295068
1119 0.00295068
1120 0.00295068
1121 0.00295068
1122 0.00295068
1123 0.00295068
1124 0.00295068
1125 0.00295068
1126 0.00295068
1127 0.00295068
1128 0.00295068
1129 0.00281017
1130 0.00281017
1131 0.00281017
1132 0.00281017
1133 0.00281017
1134 0.00281017
1135 0.00281017
1136 0.00281017
1137 0.00281017
1138 0.00281017
1139 0.00281017
1140 0.00281017
1141 0.00281017
1142 0.00281017
1143 0.00281017
1144 0.00281017
1145 0.00252916
1146 0.00252916
1147 0.00252916
1148 0.00252916
1149 0.00252916
1150 0.00252916
1151 0.00252916
1152 0.00252916
1153 0.00252916
1154 0.00252916
1155 0.00252916
1156 0.00252916
1157 0.00252916
1158 0.00252916
1159 0.00252916
1160 0.00252916
1161 0.00238865
1162 0.00238865
1163 0.00238865
1164 0.00238865
1165 0.00238865
1166 0.00238865
1167 0.00238865
1168 0.00238865
1169 0.00224814
1170 0.00224814
1171 0.00224814
1172 0.00224814
1173 0.00224814
1174 0.00224814
1175 0.00224814
1176 0.00224814
1177 0.00196712
1178 0.00196712
1179 0.00196712
1180 0.00196712
1181 0.00196712
1182 0.00196712
1183 0.00196712
1184 0.00196712
1185 0.00196712
1186 0.00196712
1187 0.00196712
1188 0.00196712
1189 0.00196712
1190 0.00196712
1191 0.00196712
1192 0.00196712
1193 0.00196712
1194 0.00196712
1195 0.00196712
1196 0.00196712
1197 0.00196712
1198 0.00196712
1199 0.00196712
1200 0.00196712
1201 0.00182661
1202 0.00182661
1203 0.00182661
1204 0.00182661
1205 0.00182661
1206 0.00182661
1207 0.00182661
1208 0.00182661
1209 0.00182661
1210 0.00182661
1211 0.00182661
1212 0.00182661
1213 0.00182661
1214 0.00182661
1215 0.00182661
1216 0.00182661
1217 0.00182661
1218 0.00182661
1219 0.00182661
1220 0.00182661
1221 0.00182661
1222 0.00182661
1223 0.00182661
1224 0.00182661
1225 0.00182661
1226 0.00182661
1227 0.00182661
1228 0.00182661
1229 0.00182661
1230 0.00182661
1231 0.00182661
1232 0.00182661
1233 0.0016861
1234 0.0016861
1235 0.0016861
1236 0.0016861
1237 0.0016861
1238 0.0016861
1239 0.0016861
1240 0.0016861
1241 0.0016861
1242 0.0016861
1243 0.0016861
1244 0.0016861
1245 0.0016861
1246 0.0016861
1247 0.0016861
1248 0.0016861
1249 0.0016861
1250 0.0016861
1251 0.0016861
1252 0.0016861
1253 0.0016861
1254 0.0016861
1255 0.0016861
1256 0.0016861
1257 0.0015456
1258 0.0015456
1259 0.0015456
1260 0.0015456
1261 0.0015456
1262 0.0015456
1263 0.0015456
1264 0.0015456
1265 0.0015456
1266 0.0015456
1267 0.0015456
1268 0.0015456
1269 0.0015456
1270 0.0015456
1271 0.0015456
1272 0.0015456
1273 0.00140509
1274 0.00140509
1275 0.00140509
1276 0.00140509
1277 0.00140509
1278 0.00140509
1279 0.00140509
1280 0.00140509
1281 0.00140509
1282 0.00140509
1283 0.00140509
1284 0.00140509
1285 0.00140509
1286 0.00140509
1287 0.00140509
1288 0.00140509
1289 0.00140509
1290 0.00140509
1291 0.00140509
1292 0.00140509
1293 0.00140509
1294 0.00140509
1295 0.00140509
1296 0.00140509
1297 0.00140509
1298 0.00140509
1299 0.00140509
1300 0.00140509
1301 0.00140509
1302 0.00140509
1303 0.00140509
1304 0.00140509
1305 0.00140509
1306 0.00140509
1307 0.00140509
1308 0.00140509
1309 0.00140509
1310 0.00140509
1311 0.00140509
1312 0.00140509
1313 0.00126458
1314 0.00126458
1315 0.00126458
1316 0.00126458
1317 0.00126458
1318 0.00126458
1319 0.00126458
1320 0.00126458
1321 0.00126458
1322 0.00126458
1323 0.00126458
1324 0.00126458
1325 0.00126458
1326 0.00126458
1327 0.00126458
1328 0.00126458
1329 0.00112407
1330 0.00112407
1331 0.00112407
1332 0.00112407
1333 0.00112407
1334 0.00112407
1335 0.00112407
1336 0.00112407
1337 0.00098356
1338 0.00098356
1339 0.00098356
1340 0.00098356
1341 0.00098356
1342 0.00098356
1343 0.00098356
1344 0.00098356
1345 0.00098356
1346 0.00098356
1347 0.00098356
1348 0.00098356
1349 0.00098356
1350 0.00098356
1351 0.00098356
1352 0.00098356
1353 0.00098356
1354 0.00098356
1355 0.00098356
1356 0.00098356
1357 0.00098356
1358 0.00098356
1359 0.00098356
1360 0.00098356
1361 0.000843052
1362 0.000843052
1363 0.000843052
1364 0.000843052
1365 0.000843052
1366 0.000843052
1367 0.000843052
1368 0.000843052
1369 0.000843052
1370 0.000843052
1371 0.000843052
1372 0.000843052
1373 0.000843052
1374 0.000843052
1375 0.000843052
1376 0.000843052
1377 0.000843052
1378 0.000843052
1379 0.000843052
1380 0.000843052
1381 0.000843052
1382 0.000843052
1383 0.000843052
1384 0.000843052
1385 0.000843052
1386 0.000843052
1387 0.000843052
1388 0.000843052
1389 0.000843052
1390 0.000843052
1391 0.000843052
1392 0.000843052
1393 0.000843052
1394 0.000843052
1395 0.000843052
1396 0.000843052
1397 0.000843052
1398 0.000843052
1399 0.000843052
1400 0.000843052
1401 0.000843052
1402 0.000843052
1403 0.000843052
1404 0.000843052
1405 0.000843052
1406 0.000843052
1407 0.000843052
1408 0.000843052
1409 0.000843052
1410 0.000843052
1411 0.000843052
1412 0.000843052
1413 0.000843052
1414 0.000843052
1415 0.000843052
1416 0.000843052
1417 0.000702543
1418 0.000702543
1419 0.000702543
1420 0.000702543
1421 0.000702543
1422 0.000702543
1423 0.000702543
1424 0.000702543
1425 0.000562035
1426 0.000562035
1427 0.000562035
1428 0.000562035
1429 0.000562035
1430 0.000562035
1431 0.000562035
1432 0.000562035
1433 0.000562035
1434 0.000562035
1435 0.000562035
1436 0.000562035
1437 0.000562035
1438 0.000562035
1439 0.000562035
1440 0.000562035
1441 0.000562035
1442 0.000562035
1443 0.000562035
1444 0.000562035
1445 0.000562035
1446 0.000562035
1447 0.000562035
1448 0.000562035
1449 0.000562035
1450 0.000562035
1451 0.000562035
1452 0.000562035
1453 0.000562035
1454 0.000562035
1455 0.000562035
1456 0.000562035
1457 0.000421526
1458 0.000421526
1459 0.000421526
1460 0.000421526
1461 0.000421526
1462 0.000421526
1463 0.000421526
1464 0.000421526
1465 0.000421526
1466 0.000421526
1467 0.000421526
1468 0.000421526
1469 0.000421526
1470 0.000421526
1471 0.000421526
1472 0.000421526
1473 0.000421526
1474 0.000421526
1475 0.000421526
1476 0.000421526
1477 0.000421526
1478 0.000421526
1479 0.000421526
1480 0.000421526
1481 0.000421526
1482 0.000421526
1483 0.000421526
1484 0.000421526
1485 0.000421526
1486 0.000421526
1487 0.000421526
1488 0.000421526
1489 0.000421526
1490 0.000421526
1491 0.000421526
1492 0.000421526
1493 0.000421526
1494 0.000421526
1495 0.000421526
1496 0.000421526
1497 0.000421526
1498 0.000421526
1499 0.000421526
1500 0.000421526
1501 0.000421526
1502 0.000421526
1503 0.000421526
1504 0.000421526
1505 0.000421526
1506 0.000421526
1507 0.000421526
1508 0.000421526
1509 0.000421526
1510 0.000421526
1511 0.000421526
1512 0.000421526
1513 0.000421526
1514 0.000421526
1515 0.000421526
1516 0.000421526
1517 0.000421526
1518 0.000421526
1519 0.000421526
1520 0.000421526
1521 0.000421526
1522 0.000421526
1523 0.000421526
1524 0.000421526
1525 0.000421526
1526 0.000421526
1527 0.000421526
1528 0.000421526
1529 0.000421526
1530 0.000421526
1531 0.000421526
1532 0.000421526
1533 0.000421526
1534 0.000421526
1535 0.000421526
1536 0.000421526
1537 0.000421526
1538 0.000421526
1539 0.000421526
1540 0.000421526
1541 0.000421526
1542 0.000421526
1543 0.000421526
1544 0.000421526
1545 0.000421526
1546 0.000421526
1547 0.000421526
1548 0.000421526
1549 0.000421526
1550 0.000421526
1551 0.000421526
1552 0.000421526
1553 0.000421526
1554 0.000421526
1555 0.000421526
1556 0.000421526
1557 0.000421526
1558 0.000421526
1559 0.000421526
1560 0.000421526
1561 0.000421526
1562 0.000421526
1563 0.000421526
1564 0.000421526
1565 0.000421526
1566 0.000421526
1567 0.000421526
1568 0.000421526
1569 0.000421526
1570 0.000421526
1571 0.000421526
1572 0.000421526
1573 0.000421526
1574 0.000421526
1575 0.000421526
1576 0.000421526
1577 0.000421526
1578 0.000421526
1579 0.000421526
1580 0.000421526
1581 0.000421526
1582 0.000421526
1583 0.000421526
1584 0.000421526
1585 0.000421526
1586 0.000421526
1587 0.000421526
1588 0.000421526
1589 0.000421526
1590 0.000421526
1591 0.000421526
1592 0.000421526
1593 0.000421526
1594 0.000421526
1595 0.000421526
1596 0.000421526
1597 0.000421526
1598 0.000421526
1599 0.000421526
1600 0.000421526
1601 0.000421526
1602 0.000421526
1603 0.000421526
1604 0.000421526
1605 0.000421526
1606 0.000421526
1607 0.000421526
1608 0.000421526
1609 0.000421526
1610 0.000421526
1611 0.000421526
1612 0.000421526
1613 0.000421526
1614 0.000421526
1615 0.000421526
1616 0.000421526
1617 0.000281017
1618 0.000281017
1619 0.000281017
1620 0.000281017
1621 0.000281017
1622 0.000281017
1623 0.000281017
1624 0.000281017
1625 0.000281017
1626 0.000281017
1627 0.000281017
1628 0.000281017
1629 0.000281017
1630 0.000281017
1631 0.000281017
1632 0.000281017
1633 0.000281017
1634 0.000281017
1635 0.000281017
1636 0.000281017
1637 0.000281017
1638 0.000281017
1639 0.000281017
1640 0.000281017
1641 0.000140509
1642 0.000140509
1643 0.000140509
1644 0.000140509
1645 0.000140509
1646 0.000140509
1647 0.000140509
1648 0.000140509
1649 0.000140509
1650 0.000140509
1651 0.000140509
1652 0.000140509
1653 0.000140509
1654 0.000140509
1655 0.000140509
1656 0.000140509
1657 0.000140509
1658 0.000140509
1659 0.000140509
1660 0.000140509
1661 0.000140509
1662 0.000140509
1663 0.000140509
1664 0.000140509
1665 0.000140509
1666 0.000140509
1667 0.000140509
1668 0.000140509
1669 0.000140509
1670 0.000140509
1671 0.000140509
1672 0.000140509
1673 0.000140509
1674 0.000140509
1675 0.000140509
1676 0.000140509
1677 0.000140509
1678 0.000140509
1679 0.000140509
1680 0.000140509
1681 0.000140509
1682 0.000140509
1683 0.000140509
1684 0.000140509
1685 0.000140509
1686 0.000140509
1687 0.000140509
1688 0.000140509
1689 0.000140509
1690 0.000140509
1691 0.000140509
1692 0.000140509
1693 0.000140509
1694 0.000140509
1695 0.000140509
1696 0.000140509
1697 0.000140509
1698 0.000140509
1699 0.000140509
1700 0.000140509
1701 0.000140509
1702 0.000140509
1703 0.000140509
1704 0.000140509
1705 0.000140509
1706 0.000140509
1707 0.000140509
1708 0.000140509
1709 0.000140509
1710 0.000140509
1711 0.000140509
1712 0.000140509
1713 0.000140509
1714 0.000140509
1715 0.000140509
1716 0.000140509
1717 0.000140509
1718 0.000140509
1719 0.000140509
1720 0.000140509
1721 0.000140509
1722 0.000140509
1723 0.000140509
1724 0.000140509
1725 0.000140509
1726 0.000140509
1727 0.000140509
1728 0.000140509
1729 0.000140509
1730 0.000140509
1731 0.000140509
1732 0.000140509
1733 0.000140509
1734 0.000140509
1735 0.000140509
1736 0.000140509
1737 0.000140509
1738 0.000140509
1739 0.000140509
1740 0.000140509
1741 0.000140509
1742 0.000140509
1743 0.000140509
1744 0.000140509
1745 0.000140509
1746 0.000140509
1747 0.000140509
1748 0.000140509
1749 0.000140509
1750 0.000140509
1751 0.000140509
1752 0.000140509
1753 0.000140509
1754 0.000140509
1755 0.000140509
1756 0.000140509
1757 0.000140509
1758 0.000140509
1759 0.000140509
1760 0.000140509
1761 0.000140509
1762 0.000140509
1763 0.000140509
1764 0.000140509
1765 0.000140509
1766 0.000140509
1767 0.000140509
1768 0.000140509
1769 0.000140509
1770 0.000140509
1771 0.000140509
1772 0.000140509
1773 0.000140509
1774 0.000140509
1775 0.000140509
1776 0.000140509
1777 0.000140509
1778 0.000140509
1779 0.000140509
1780 0.000140509
1781 0.000140509
1782 0.000140509
1783 0.000140509
1784 0.000140509
1785 0.000140509
1786 0.000140509
1787 0.000140509
1788 0.000140509
1789 0.000140509
1790 0.000140509
1791 0.000140509
1792 0.000140509
1793 0.000140509
1794 0.000140509
1795 0.000140509
1796 0.000140509
1797 0.000140509
1798 0.000140509
1799 0.000140509
1800 0.000140509
1801 0.000140509
1802 0.000140509
1803 0.000140509
1804 0.000140509
1805 0.000140509
1806 0.000140509
1807 0.000140509
1808 0.000140509
1809 0.000140509
1810 0.000140509
1811 0.000140509
1812 0.000140509
1813 0.000140509
1814 0.000140509
1815 0.000140509
1816 0.000140509
1817 0.000140509
1818 0.000140509
1819 0.000140509
1820 0.000140509
1821 0.000140509
1822 0.000140509
1823 0.000140509
1824 0.000140509
1825 0.000140509
1826 0.000140509
1827 0.000140509
1828 0.000140509
1829 0.000140509
1830 0.000140509
1831 0.000140509
1832 0.000140509
1833 0.000140509
1834 0.000140509
1835 0.000140509
1836 0.000140509
1837 0.000140509
1838 0.000140509
1839 0.000140509
1840 0.000140509
1841 0.000140509
1842 0.000140509
1843 0.000140509
1844 0.000140509
1845 0.000140509
1846 0.000140509
1847 0.000140509
1848 0.000140509
1849 0.000140509
1850 0.000140509
1851 0.000140509
1852 0.000140509
1853 0.000140509
1854 0.000140509
1855 0.000140509
1856 0.000140509
1857 0.000140509
1858 0.000140509
1859 0.000140509
1860 0.000140509
1861 0.000140509
1862 0.000140509
1863 0.000140509
1864 0.000140509
1865 0.000140509
1866 0.000140509
1867 0.000140509
1868 0.000140509
1869 0.000140509
1870 0.000140509
1871 0.000140509
1872 0.000140509
1873 0.000140509
1874 0.000140509
1875 0.000140509
1876 0.000140509
1877 0.000140509
1878 0.000140509
1879 0.000140509
1880 0.000140509
1881 0.000140509
1882 0.000140509
1883 0.000140509
1884 0.000140509
1885 0.000140509
1886 0.000140509
1887 0.000140509
1888 0.000140509
1889 0.000140509
1890 0.000140509
1891 0.000140509
1892 0.000140509
1893 0.000140509
1894 0.000140509
1895 0.000140509
1896 0.000140509
1897 0.000140509
1898 0.000140509
1899 0.000140509
1900 0.000140509
1901 0.000140509
1902 0.000140509
1903 0.000140509
1904 0.000140509
1905 0.000140509
1906 0.000140509
1907 0.000140509
1908 0.000140509
1909 0.000140509
1910 0.000140509
1911 0.000140509
1912 0.000140509
1913 0.000140509
1914 0.000140509
1915 0.000140509
1916 0.000140509
1917 0.000140509
1918 0.000140509
1919 0.000140509
1920 0.000140509
1921 0.000140509
1922 0.000140509
1923 0.000140509
1924 0.000140509
1925 0.000140509
1926 0.000140509
1927 0.000140509
1928 0.000140509
1929 0.000140509
1930 0.000140509
1931 0.000140509
1932 0.000140509
1933 0.000140509
1934 0.000140509
1935 0.000140509
1936 0.000140509
1937 0.000140509
1938 0.000140509
1939 0.000140509
1940 0.000140509
1941 0.000140509
1942 0.000140509
1943 0.000140509
1944 0.000140509
1945 0.000140509
1946 0.000140509
1947 0.000140509
1948 0.000140509
1949 0.000140509
1950 0.000140509
1951 0.000140509
1952 0.000140509
1953 0.000140509
1954 0.000140509
1955 0.000140509
1956 0.000140509
1957 0.000140509
1958 0.000140509
1959 0.000140509
1960 0.000140509
1961 0.000140509
1962 0.000140509
1963 0.000140509
1964 0.000140509
1965 0.000140509
1966 0.000140509
1967 0.000140509
1968 0.000140509
1969 0.000140509
1970 0.000140509
1971 0.000140509
1972 0.000140509
1973 0.000140509
1974 0.000140509
1975 0.000140509
1976 0.000140509
1977 0.000140509
1978 0.000140509
1979 0.000140509
1980 0.000140509
1981 0.000140509
1982 0.000140509
1983 0.000140509
1984 0.000140509
1985 0.000140509
1986 0.000140509
1987 0.000140509
1988 0.000140509
1989 0.000140509
1990 0.000140509
1991 0.000140509
1992 0.000140509
1993 0.000140509
1994 0.000140509
1995 0.000140509
1996 0.000140509
1997 0.000140509
1998 0.000140509
1999 0.000140509
2000 0.000140509
2001 0.000140509
2002 0.000140509
2003 0.000140509
2004 0.000140509
2005 0.000140509
2006 0.000140509
2007 0.000140509
2008 0.000140509
2009 0.000140509
2010 0.000140509
2011 0.000140509
2012 0.000140509
2013 0.000140509
2014 0.000140509
2015 0.000140509
2016 0.000140509
