0 1
1 1
2 1
3 1
4 1
5 1
6 1
7 1
8 1
9 1
10 1
11 1
12 1
13 1
14 1
15 1
16 1
17 1
18 1
19 1
20 1
21 1
22 1
23 0.999908
24 0.999908
25 0.999908
26 0.999908
27 0.999908
28 0.999908
29 0.999908
30 0.999908
31 0.999769
32 0.999769
33 0.999769
34 0.999769
35 0.999769
36 0.999769
37 0.999769
38 0.999769
39 0.999676
40 0.999676
41 0.999676
42 0.999676
43 0.999676
44 0.999676
45 0.999676
46 0.999676
47 0.999445
48 0.999445
49 0.999445
50 0.999445
51 0.999445
52 0.999445
53 0.999445
54 0.999445
55 0.999307
56 0.999307
57 0.999307
58 0.999307
59 0.999307
60 0.999307
61 0.999307
62 0.999307
63 0.999076
64 0.999076
65 0.999076
66 0.999076
67 0.999076
68 0.999076
69 0.999076
70 0.999076
71 0.998983
72 0.998983
73 0.998983
74 0.998983
75 0.998983
76 0.998983
77 0.998983
78 0.998983
79 0.998752
80 0.998752
81 0.998752
82 0.998752
83 0.998752
84 0.998752
85 0.998752
86 0.998752
87 0.998382
88 0.998382
89 0.998382
90 0.998382
91 0.998382
92 0.998382
93 0.998382
94 0.998382
95 0.998151
96 0.998151
97 0.965431
98 0.965431
99 0.965431
100 0.965431
101 0.965431
102 0.965431
103 0.9652
104 0.9652
105 0.935068
106 0.935068
107 0.935068
108 0.935068
109 0.935068
110 0.935068
111 0.934976
112 0.934976
113 0.904243
114 0.904243
115 0.904243
116 0.904243
117 0.904243
118 0.904243
119 0.904104
120 0.904104
121 0.875682
122 0.875682
123 0.875682
124 0.875682
125 0.875682
126 0.875682
127 0.875358
128 0.875358
129 0.847121
130 0.847121
131 0.847121
132 0.847121
133 0.847121
134 0.847121
135 0.84689
136 0.84689
137 0.819946
138 0.819946
139 0.819946
140 0.819946
141 0.819946
142 0.819946
143 0.819808
144 0.819808
145 0.794066
146 0.794066
147 0.794066
148 0.794066
149 0.794066
150 0.794066
151 0.793835
152 0.793835
153 0.767215
154 0.767215
155 0.767215
156 0.767215
157 0.767215
158 0.767215
159 0.766984
160 0.766984
161 0.741196
162 0.741196
163 0.741196
164 0.741196
165 0.741196
166 0.741196
167 0.74115
168 0.74115
169 0.716425
170 0.716425
171 0.716425
172 0.716425
173 0.716425
174 0.716425
175 0.716425
176 0.716425
177 0.692578
178 0.692578
179 0.692578
180 0.692578
181 0.692578
182 0.692578
183 0.692578
184 0.692578
185 0.669239
186 0.669239
187 0.669239
188 0.669239
189 0.669239
190 0.669239
191 0.669054
192 0.669054
193 0.644699
194 0.644699
195 0.644699
196 0.644699
197 0.644699
198 0.644699
199 0.644514
200 0.644514
201 0.622978
202 0.622978
203 0.622978
204 0.622978
205 0.622978
206 0.622978
207 0.622747
208 0.622747
209 0.601026
210 0.601026
211 0.601026
212 0.601026
213 0.601026
214 0.601026
215 0.600887
216 0.600887
217 0.578612
218 0.578612
219 0.578612
220 0.578612
221 0.578612
222 0.578612
223 0.578473
224 0.578473
225 0.556151
226 0.556151
227 0.556151
228 0.556151
229 0.556151
230 0.556151
231 0.556151
232 0.556151
233 0.537711
234 0.537711
235 0.537711
236 0.537711
237 0.537711
238 0.537711
239 0.537573
240 0.537573
241 0.518347
242 0.518347
243 0.518347
244 0.518347
245 0.518347
246 0.518347
247 0.518255
248 0.518255
249 0.499538
250 0.499538
251 0.499538
252 0.499538
253 0.499538
254 0.499538
255 0.499445
256 0.499445
257 0.481699
258 0.481699
259 0.481699
260 0.481699
261 0.481699
262 0.481699
263 0.481514
264 0.481514
265 0.464738
266 0.464738
267 0.464738
268 0.464738
269 0.464738
270 0.464738
271 0.464553
272 0.464553
273 0.44616
274 0.44616
275 0.44616
276 0.44616
277 0.44616
278 0.44616
279 0.446021
280 0.446021
281 0.429476
282 0.429476
283 0.429476
284 0.429476
285 0.429476
286 0.429476
287 0.429383
288 0.429383
289 0.414225
290 0.414225
291 0.414225
292 0.414225
293 0.414225
294 0.414225
295 0.414086
296 0.414086
297 0.398974
298 0.398974
299 0.398974
300 0.398974
301 0.398974
302 0.398974
303 0.398882
304 0.398882
305 0.384278
306 0.384278
307 0.384278
308 0.384278
309 0.384278
310 0.384278
311 0.384185
312 0.384185
313 0.371014
314 0.371014
315 0.371014
316 0.371014
317 0.371014
318 0.371014
319 0.370783
320 0.370783
321 0.356549
322 0.356549
323 0.356549
324 0.356549
325 0.356549
326 0.356549
327 0.35641
328 0.35641
329 0.344302
330 0.344302
331 0.344302
332 0.344302
333 0.344302
334 0.344302
335 0.344209
336 0.344209
337 0.33187
338 0.33187
339 0.33187
340 0.33187
341 0.33187
342 0.33187
343 0.331731
344 0.331731
345 0.319623
346 0.319623
347 0.319623
348 0.319623
349 0.319623
350 0.319623
351 0.31953
352 0.31953
353 0.307191
354 0.307191
355 0.307191
356 0.307191
357 0.307191
358 0.307191
359 0.307145
360 0.307145
361 0.296192
362 0.296192
363 0.296192
364 0.296192
365 0.296192
366 0.296192
367 0.296053
368 0.296053
369 0.284915
370 0.284915
371 0.284915
372 0.284915
373 0.284915
374 0.284915
375 0.284869
376 0.284869
377 0.276412
378 0.276412
379 0.276412
380 0.276412
381 0.276412
382 0.276412
383 0.276319
384 0.276319
385 0.266429
386 0.266429
387 0.266429
388 0.266429
389 0.266429
390 0.266429
391 0.266291
392 0.266291
393 0.256863
394 0.256863
395 0.256863
396 0.256863
397 0.256863
398 0.256863
399 0.256817
400 0.256817
401 0.248036
402 0.248036
403 0.248036
404 0.248036
405 0.248036
406 0.248036
407 0.24799
408 0.24799
409 0.238331
410 0.238331
411 0.238331
412 0.238331
413 0.238331
414 0.238331
415 0.238238
416 0.238238
417 0.228348
418 0.228348
419 0.228348
420 0.228348
421 0.228348
422 0.228348
423 0.228302
424 0.228302
425 0.219244
426 0.219244
427 0.219244
428 0.219244
429 0.219244
430 0.219244
431 0.219244
432 0.219244
433 0.210278
434 0.210278
435 0.210278
436 0.210278
437 0.210278
438 0.210278
439 0.210186
440 0.210186
441 0.203161
442 0.203161
443 0.203161
444 0.203161
445 0.203161
446 0.203161
447 0.203115
448 0.203115
449 0.197384
450 0.197384
451 0.197384
452 0.197384
453 0.197384
454 0.197384
455 0.197292
456 0.197292
457 0.189713
458 0.189713
459 0.189713
460 0.189713
461 0.189713
462 0.189713
463 0.189666
464 0.189666
465 0.182503
466 0.182503
467 0.182503
468 0.182503
469 0.182503
470 0.182503
471 0.182411
472 0.182411
473 0.176587
474 0.176587
475 0.176587
476 0.176587
477 0.176587
478 0.176587
479 0.176541
480 0.176541
481 0.170164
482 0.170164
483 0.170164
484 0.170164
485 0.170164
486 0.170164
487 0.170117
488 0.170117
489 0.164248
490 0.164248
491 0.164248
492 0.164248
493 0.164248
494 0.164248
495 0.164202
496 0.164202
497 0.158471
498 0.158471
499 0.158471
500 0.158471
501 0.158471
502 0.158471
503 0.158471
504 0.158471
505 0.154035
506 0.154035
507 0.154035
508 0.154035
509 0.154035
510 0.154035
511 0.154035
512 0.154035
513 0.148812
514 0.148812
515 0.148812
516 0.148812
517 0.148812
518 0.148812
519 0.148674
520 0.148674
521 0.143821
522 0.143821
523 0.143821
524 0.143821
525 0.143821
526 0.143821
527 0.143682
528 0.143682
529 0.13883
530 0.13883
531 0.13883
532 0.13883
533 0.13883
534 0.13883
535 0.138737
536 0.138737
537 0.133977
538 0.133977
539 0.133977
540 0.133977
541 0.133977
542 0.133977
543 0.133885
544 0.133885
545 0.128755
546 0.128755
547 0.128755
548 0.128755
549 0.128755
550 0.128755
551 0.128663
552 0.128663
553 0.123625
554 0.123625
555 0.123625
556 0.123625
557 0.123625
558 0.123625
559 0.123579
560 0.123579
561 0.119604
562 0.119604
563 0.119604
564 0.119604
565 0.119604
566 0.119604
567 0.119512
568 0.119512
569 0.115122
570 0.115122
571 0.115122
572 0.115122
573 0.115122
574 0.115122
575 0.115029
576 0.115029
577 0.111193
578 0.111193
579 0.111193
580 0.111193
581 0.111193
582 0.111193
583 0.111193
584 0.111193
585 0.106063
586 0.106063
587 0.106063
588 0.106063
589 0.106063
590 0.106063
591 0.106017
592 0.106017
593 0.102135
594 0.102135
595 0.102135
596 0.102135
597 0.102135
598 0.102135
599 0.102043
600 0.102043
601 0.0995009
602 0.0995009
603 0.0995009
604 0.0995009
605 0.0995009
606 0.0995009
607 0.0995009
608 0.0995009
609 0.0958499
610 0.0958499
611 0.0958499
612 0.0958499
613 0.0958499
614 0.0958499
615 0.0957575
616 0.0957575
617 0.091783
618 0.091783
619 0.091783
620 0.091783
621 0.091783
622 0.091783
623 0.0916443
624 0.0916443
625 0.0884555
626 0.0884555
627 0.0884555
628 0.0884555
629 0.0884555
630 0.0884555
631 0.0883631
632 0.0883631
633 0.0856364
634 0.0856364
635 0.0856364
636 0.0856364
637 0.0856364
638 0.0856364
639 0.0856364
640 0.0856364
641 0.0830021
642 0.0830021
643 0.0830021
644 0.0830021
645 0.0830021
646 0.0830021
647 0.0830021
648 0.0830021
649 0.080183
650 0.080183
651 0.080183
652 0.080183
653 0.080183
654 0.080183
655 0.0801368
656 0.0801368
657 0.0770404
658 0.0770404
659 0.0770404
660 0.0770404
661 0.0770404
662 0.0770404
663 0.0770404
664 0.0770404
665 0.0746834
666 0.0746834
667 0.0746834
668 0.0746834
669 0.0746834
670 0.0746834
671 0.0746372
672 0.0746372
673 0.0725575
674 0.0725575
675 0.0725575
676 0.0725575
677 0.0725575
678 0.0725575
679 0.0724651
680 0.0724651
681 0.0698771
682 0.0698771
683 0.0698771
684 0.0698771
685 0.0698771
686 0.0698771
687 0.0698771
688 0.0698771
689 0.0673352
690 0.0673352
691 0.0673352
692 0.0673352
693 0.0673352
694 0.0673352
695 0.0673352
696 0.0673352
697 0.0645161
698 0.0645161
699 0.0645161
700 0.0645161
701 0.0645161
702 0.0645161
703 0.0645161
704 0.0645161
705 0.0626675
706 0.0626675
707 0.0626675
708 0.0626675
709 0.0626675
710 0.0626675
711 0.0626213
712 0.0626213
713 0.0606803
714 0.0606803
715 0.0606803
716 0.0606803
717 0.0606803
718 0.0606803
719 0.0606341
720 0.0606341
721 0.0587393
722 0.0587393
723 0.0587393
724 0.0587393
725 0.0587393
726 0.0587393
727 0.0586468
728 0.0586468
729 0.0566134
730 0.0566134
731 0.0566134
732 0.0566134
733 0.0566134
734 0.0566134
735 0.0565672
736 0.0565672
737 0.0551345
738 0.0551345
739 0.0551345
740 0.0551345
741 0.0551345
742 0.0551345
743 0.0550883
744 0.0550883
745 0.0532859
746 0.0532859
747 0.0532859
748 0.0532859
749 0.0532859
750 0.0532859
751 0.0532397
752 0.0532397
753 0.0509289
754 0.0509289
755 0.0509289
756 0.0509289
757 0.0509289
758 0.0509289
759 0.0507903
760 0.0507903
761 0.0493576
762 0.0493576
763 0.0493576
764 0.0493576
765 0.0493576
766 0.0493576
767 0.0493576
768 0.0493576
769 0.0476014
770 0.0476014
771 0.0476014
772 0.0476014
773 0.0476014
774 0.0476014
775 0.0476014
776 0.0476014
777 0.0462612
778 0.0462612
779 0.0462612
780 0.0462612
781 0.0462612
782 0.0462612
783 0.0461688
784 0.0461688
785 0.0446437
786 0.0446437
787 0.0446437
788 0.0446437
789 0.0446437
790 0.0446437
791 0.0445975
792 0.0445975
793 0.0428413
794 0.0428413
795 0.0428413
796 0.0428413
797 0.0428413
798 0.0428413
799 0.0427951
800 0.0427951
801 0.0409465
802 0.0409465
803 0.0409465
804 0.0409465
805 0.0409465
806 0.0409465
807 0.0408078
808 0.0408078
809 0.0396987
810 0.0396987
811 0.0396987
812 0.0396987
813 0.0396987
814 0.0396987
815 0.0396525
816 0.0396525
817 0.0380349
818 0.0380349
819 0.0380349
820 0.0380349
821 0.0380349
822 0.0380349
823 0.0379887
824 0.0379887
825 0.0367871
826 0.0367871
827 0.0367871
828 0.0367871
829 0.0367871
830 0.0367871
831 0.0367871
832 0.0367871
833 0.0354469
834 0.0354469
835 0.0354469
836 0.0354469
837 0.0354469
838 0.0354469
839 0.0354007
840 0.0354007
841 0.0341991
842 0.0341991
843 0.0341991
844 0.0341991
845 0.0341991
846 0.0341991
847 0.0341991
848 0.0341991
849 0.0327664
850 0.0327664
851 0.0327664
852 0.0327664
853 0.0327664
854 0.0327664
855 0.0327664
856 0.0327664
857 0.0316573
858 0.0316573
859 0.0316573
860 0.0316573
861 0.0316573
862 0.0316573
863 0.0316111
864 0.0316111
865 0.0305481
866 0.0305481
867 0.0305481
868 0.0305481
869 0.0305481
870 0.0305481
871 0.0305481
872 0.0305481
873 0.0295776
874 0.0295776
875 0.0295776
876 0.0295776
877 0.0295776
878 0.0295776
879 0.0295776
880 0.0295776
881 0.0285146
882 0.0285146
883 0.0285146
884 0.0285146
885 0.0285146
886 0.0285146
887 0.0284222
888 0.0284222
889 0.0275441
890 0.0275441
891 0.0275441
892 0.0275441
893 0.0275441
894 0.0275441
895 0.0275441
896 0.0275441
897 0.0265736
898 0.0265736
899 0.0265736
900 0.0265736
901 0.0265736
902 0.0265736
903 0.0265736
904 0.0265736
905 0.0255107
906 0.0255107
907 0.0255107
908 0.0255107
909 0.0255107
910 0.0255107
911 0.0255107
912 0.0255107
913 0.0248174
914 0.0248174
915 0.0248174
916 0.0248174
917 0.0248174
918 0.0248174
919 0.0248174
920 0.0248174
921 0.0238932
922 0.0238932
923 0.0238932
924 0.0238932
925 0.0238932
926 0.0238932
927 0.0238932
928 0.0238932
929 0.0230613
930 0.0230613
931 0.0230613
932 0.0230613
933 0.0230613
934 0.0230613
935 0.0230613
936 0.0230613
937 0.0222294
938 0.0222294
939 0.0222294
940 0.0222294
941 0.0222294
942 0.0222294
943 0.0220908
944 0.0220908
945 0.0212127
946 0.0212127
947 0.0212127
948 0.0212127
949 0.0212127
950 0.0212127
951 0.0212127
952 0.0212127
953 0.0203808
954 0.0203808
955 0.0203808
956 0.0203808
957 0.0203808
958 0.0203808
959 0.0203346
960 0.0203346
961 0.0192254
962 0.0192254
963 0.0192254
964 0.0192254
965 0.0192254
966 0.0192254
967 0.0192254
968 0.0192254
969 0.0183936
970 0.0183936
971 0.0183936
972 0.0183936
973 0.0183936
974 0.0183936
975 0.0183936
976 0.0183936
977 0.0179776
978 0.0179776
979 0.0179776
980 0.0179776
981 0.0179776
982 0.0179776
983 0.0179776
984 0.0179776
985 0.0173768
986 0.0173768
987 0.0173768
988 0.0173768
989 0.0173768
990 0.0173768
991 0.0172844
992 0.0172844
993 0.0166836
994 0.0166836
995 0.0166836
996 0.0166836
997 0.0166836
998 0.0166836
999 0.0166374
1000 0.0166374
1001 0.0160828
1002 0.0160828
1003 0.0160828
1004 0.0160828
1005 0.0160828
1006 0.0160828
1007 0.0160828
1008 0.0160828
1009 0.0153896
1010 0.0153896
1011 0.0153896
1012 0.0153896
1013 0.0153896
1014 0.0153896
1015 0.0153896
1016 0.0153896
1017 0.0147888
1018 0.0147888
1019 0.0147888
1020 0.0147888
1021 0.0147888
1022 0.0147888
1023 0.0147888
1024 0.0147888
1025 0.0143729
1026 0.0143729
1027 0.0143729
1028 0.0143729
1029 0.0143729
1030 0.0143729
1031 0.0143729
1032 0.0143729
1033 0.0136334
1034 0.0136334
1035 0.0136334
1036 0.0136334
1037 0.0136334
1038 0.0136334
1039 0.0136334
1040 0.0136334
1041 0.0132637
1042 0.0132637
1043 0.0132637
1044 0.0132637
1045 0.0132637
1046 0.0132637
1047 0.0132637
1048 0.0132637
1049 0.0129864
1050 0.0129864
1051 0.0129864
1052 0.0129864
1053 0.0129864
1054 0.0129864
1055 0.0129864
1056 0.0129864
1057 0.0127091
1058 0.0127091
1059 0.0127091
1060 0.0127091
1061 0.0127091
1062 0.0127091
1063 0.0127091
1064 0.0127091
1065 0.012478
1066 0.012478
1067 0.012478
1068 0.012478
1069 0.012478
1070 0.012478
1071 0.012478
1072 0.012478
1073 0.0122008
1074 0.0122008
1075 0.0122008
1076 0.0122008
1077 0.0122008
1078 0.0122008
1079 0.0122008
1080 0.0122008
1081 0.011831
1082 0.011831
1083 0.011831
1084 0.011831
1085 0.011831
1086 0.011831
1087 0.011831
1088 0.011831
1089 0.0114151
1090 0.0114151
1091 0.0114151
1092 0.0114151
1093 0.0114151
1094 0.0114151
1095 0.0114151
1096 0.0114151
1097 0.011184
1098 0.011184
1099 0.011184
1100 0.011184
1101 0.011184
1102 0.011184
1103 0.011184
1104 0.011184
1105 0.0106294
1106 0.0106294
1107 0.0106294
1108 0.0106294
1109 0.0106294
1110 0.0106294
1111 0.0106294
1112 0.0106294
1113 0.0101673
1114 0.0101673
1115 0.0101673
1116 0.0101673
1117 0.0101673
1118 0.0101673
1119 0.0101673
1120 0.0101673
1121 0.00979758
1122 0.00979758
1123 0.00979758
1124 0.00979758
1125 0.00979758
1126 0.00979758
1127 0.00979758
1128 0.00979758
1129 0.00942786
1130 0.00942786
1131 0.00942786
1132 0.00942786
1133 0.00942786
1134 0.00942786
1135 0.00942786
1136 0.00942786
1137 0.00928921
1138 0.00928921
1139 0.00928921
1140 0.00928921
1141 0.00928921
1142 0.00928921
1143 0.00928921
1144 0.00928921
1145 0.00896571
1146 0.00896571
1147 0.00896571
1148 0.00896571
1149 0.00896571
1150 0.00896571
1151 0.00896571
1152 0.00896571
1153 0.00854977
1154 0.00854977
1155 0.00854977
1156 0.00854977
1157 0.00854977
1158 0.00854977
1159 0.00854977
1160 0.00854977
1161 0.0083187
1162 0.0083187
1163 0.0083187
1164 0.0083187
1165 0.0083187
1166 0.0083187
1167 0.0083187
1168 0.0083187
1169 0.00799519
1170 0.00799519
1171 0.00799519
1172 0.00799519
1173 0.00799519
1174 0.00799519
1175 0.00799519
1176 0.00799519
1177 0.00790276
1178 0.00790276
1179 0.00790276
1180 0.00790276
1181 0.00790276
1182 0.00790276
1183 0.00790276
1184 0.00790276
1185 0.00767169
1186 0.00767169
1187 0.00767169
1188 0.00767169
1189 0.00767169
1190 0.00767169
1191 0.00767169
1192 0.00767169
1193 0.00753304
1194 0.00753304
1195 0.00753304
1196 0.00753304
1197 0.00753304
1198 0.00753304
1199 0.00753304
1200 0.00753304
1201 0.00730197
1202 0.00730197
1203 0.00730197
1204 0.00730197
1205 0.00730197
1206 0.00730197
1207 0.00730197
1208 0.00730197
1209 0.00716332
1210 0.00716332
1211 0.00716332
1212 0.00716332
1213 0.00716332
1214 0.00716332
1215 0.00716332
1216 0.00716332
1217 0.00697846
1218 0.00697846
1219 0.00697846
1220 0.00697846
1221 0.00697846
1222 0.00697846
1223 0.00697846
1224 0.00697846
1225 0.00670117
1226 0.00670117
1227 0.00670117
1228 0.00670117
1229 0.00670117
1230 0.00670117
1231 0.00670117
1232 0.00670117
1233 0.00637767
1234 0.00637767
1235 0.00637767
1236 0.00637767
1237 0.00637767
1238 0.00637767
1239 0.00637767
1240 0.00637767
1241 0.00619281
1242 0.00619281
1243 0.00619281
1244 0.00619281
1245 0.00619281
1246 0.00619281
1247 0.00619281
1248 0.00619281
1249 0.00582309
1250 0.00582309
1251 0.00582309
1252 0.00582309
1253 0.00582309
1254 0.00582309
1255 0.00582309
1256 0.00582309
1257 0.00563823
1258 0.00563823
1259 0.00563823
1260 0.00563823
1261 0.00563823
1262 0.00563823
1263 0.00563823
1264 0.00563823
1265 0.00540715
1266 0.00540715
1267 0.00540715
1268 0.00540715
1269 0.00540715
1270 0.00540715
1271 0.00540715
1272 0.00540715
1273 0.00512986
1274 0.00512986
1275 0.00512986
1276 0.00512986
1277 0.00512986
1278 0.00512986
1279 0.00512986
1280 0.00512986
1281 0.00499122
1282 0.00499122
1283 0.00499122
1284 0.00499122
1285 0.00499122
1286 0.00499122
1287 0.00499122
1288 0.00499122
1289 0.00489879
1290 0.00489879
1291 0.00489879
1292 0.00489879
1293 0.00489879
1294 0.00489879
1295 0.00489879
1296 0.00489879
1297 0.00476014
1298 0.00476014
1299 0.00476014
1300 0.00476014
1301 0.00476014
1302 0.00476014
1303 0.00476014
1304 0.00476014
1305 0.00471393
1306 0.00471393
1307 0.00471393
1308 0.00471393
1309 0.00471393
1310 0.00471393
1311 0.00466771
1312 0.00466771
1313 0.00452907
1314 0.00452907
1315 0.00452907
1316 0.00452907
1317 0.00452907
1318 0.00452907
1319 0.00452907
1320 0.00452907
1321 0.00429799
1322 0.00429799
1323 0.00429799
1324 0.00429799
1325 0.00429799
1326 0.00429799
1327 0.00425178
1328 0.00425178
1329 0.00397449
1330 0.00397449
1331 0.00397449
1332 0.00397449
1333 0.00397449
1334 0.00397449
1335 0.00397449
1336 0.00397449
1337 0.00383584
1338 0.00383584
1339 0.00383584
1340 0.00383584
1341 0.00383584
1342 0.00383584
1343 0.00383584
1344 0.00383584
1345 0.00378963
1346 0.00378963
1347 0.00378963
1348 0.00378963
1349 0.00378963
1350 0.00378963
1351 0.00378963
1352 0.00378963
1353 0.00374341
1354 0.00374341
1355 0.00374341
1356 0.00374341
1357 0.00374341
1358 0.00374341
1359 0.00374341
1360 0.00374341
1361 0.00360477
1362 0.00360477
1363 0.00360477
1364 0.00360477
1365 0.00360477
1366 0.00360477
1367 0.00360477
1368 0.00360477
1369 0.00355855
1370 0.00355855
1371 0.00355855
1372 0.00355855
1373 0.00355855
1374 0.00355855
1375 0.00355855
1376 0.00355855
1377 0.00355855
1378 0.00355855
1379 0.00355855
1380 0.00355855
1381 0.00355855
1382 0.00355855
1383 0.00355855
1384 0.00355855
1385 0.00346612
1386 0.00346612
1387 0.00346612
1388 0.00346612
1389 0.00346612
1390 0.00346612
1391 0.00346612
1392 0.00346612
1393 0.00341991
1394 0.00341991
1395 0.00341991
1396 0.00341991
1397 0.00341991
1398 0.00341991
1399 0.00341991
1400 0.00341991
1401 0.00332748
1402 0.00332748
1403 0.00332748
1404 0.00332748
1405 0.00332748
1406 0.00332748
1407 0.00332748
1408 0.00332748
1409 0.00328126
1410 0.00328126
1411 0.00328126
1412 0.00328126
1413 0.00328126
1414 0.00328126
1415 0.00328126
1416 0.00328126
1417 0.00305019
1418 0.00305019
1419 0.00305019
1420 0.00305019
1421 0.00305019
1422 0.00305019
1423 0.00305019
1424 0.00305019
1425 0.00300397
1426 0.00300397
1427 0.00300397
1428 0.00300397
1429 0.00300397
1430 0.00300397
1431 0.00300397
1432 0.00300397
1433 0.00291154
1434 0.00291154
1435 0.00291154
1436 0.00291154
1437 0.00291154
1438 0.00291154
1439 0.00291154
1440 0.00291154
1441 0.0027729
1442 0.0027729
1443 0.0027729
1444 0.0027729
1445 0.0027729
1446 0.0027729
1447 0.0027729
1448 0.0027729
1449 0.00263425
1450 0.00263425
1451 0.00263425
1452 0.00263425
1453 0.00263425
1454 0.00263425
1455 0.00263425
1456 0.00263425
1457 0.00244939
1458 0.00244939
1459 0.00244939
1460 0.00244939
1461 0.00244939
1462 0.00244939
1463 0.00244939
1464 0.00244939
1465 0.00244939
1466 0.00244939
1467 0.00244939
1468 0.00244939
1469 0.00244939
1470 0.00244939
1471 0.00244939
1472 0.00244939
1473 0.00240318
1474 0.00240318
1475 0.00240318
1476 0.00240318
1477 0.00240318
1478 0.00240318
1479 0.00240318
1480 0.00240318
1481 0.00235696
1482 0.00235696
1483 0.00235696
1484 0.00235696
1485 0.00235696
1486 0.00235696
1487 0.00235696
1488 0.00235696
1489 0.00226453
1490 0.00226453
1491 0.00226453
1492 0.00226453
1493 0.00226453
1494 0.00226453
1495 0.00226453
1496 0.00226453
1497 0.0021721
1498 0.0021721
1499 0.0021721
1500 0.0021721
1501 0.0021721
1502 0.0021721
1503 0.0021721
1504 0.0021721
1505 0.00212589
1506 0.00212589
1507 0.00212589
1508 0.00212589
1509 0.00212589
1510 0.00212589
1511 0.00212589
1512 0.00212589
1513 0.00212589
1514 0.00212589
1515 0.00212589
1516 0.00212589
1517 0.00212589
1518 0.00212589
1519 0.00212589
1520 0.00212589
1521 0.00203346
1522 0.00203346
1523 0.00203346
1524 0.00203346
1525 0.00203346
1526 0.00203346
1527 0.00203346
1528 0.00203346
1529 0.00189481
1530 0.00189481
1531 0.00189481
1532 0.00189481
1533 0.00189481
1534 0.00189481
1535 0.00189481
1536 0.00189481
1537 0.00175617
1538 0.00175617
1539 0.00175617
1540 0.00175617
1541 0.00175617
1542 0.00175617
1543 0.00175617
1544 0.00175617
1545 0.00175617
1546 0.00175617
1547 0.00175617
1548 0.00175617
1549 0.00175617
1550 0.00175617
1551 0.00170995
1552 0.00170995
1553 0.00170995
1554 0.00170995
1555 0.00170995
1556 0.00170995
1557 0.00170995
1558 0.00170995
1559 0.00170995
1560 0.00170995
1561 0.00161752
1562 0.00161752
1563 0.00161752
1564 0.00161752
1565 0.00161752
1566 0.00161752
1567 0.00161752
1568 0.00161752
1569 0.00152509
1570 0.00152509
1571 0.00152509
1572 0.00152509
1573 0.00152509
1574 0.00152509
1575 0.00152509
1576 0.00152509
1577 0.00152509
1578 0.00152509
1579 0.00152509
1580 0.00152509
1581 0.00152509
1582 0.00152509
1583 0.00152509
1584 0.00152509
1585 0.00147888
1586 0.00147888
1587 0.00147888
1588 0.00147888
1589 0.00147888
1590 0.00147888
1591 0.00147888
1592 0.00147888
1593 0.00143266
1594 0.00143266
1595 0.00143266
1596 0.00143266
1597 0.00143266
1598 0.00143266
1599 0.00143266
1600 0.00143266
1601 0.00143266
1602 0.00143266
1603 0.00143266
1604 0.00143266
1605 0.00143266
1606 0.00143266
1607 0.00143266
1608 0.00143266
1609 0.00143266
1610 0.00143266
1611 0.00143266
1612 0.00143266
1613 0.00143266
1614 0.00143266
1615 0.00143266
1616 0.00143266
1617 0.00134023
1618 0.00134023
1619 0.00134023
1620 0.00134023
1621 0.00134023
1622 0.00134023
1623 0.00134023
1624 0.00134023
1625 0.0012478
1626 0.0012478
1627 0.0012478
1628 0.0012478
1629 0.0012478
1630 0.0012478
1631 0.0012478
1632 0.0012478
1633 0.0012478
1634 0.0012478
1635 0.0012478
1636 0.0012478
1637 0.0012478
1638 0.0012478
1639 0.0012478
1640 0.0012478
1641 0.00120159
1642 0.00120159
1643 0.00120159
1644 0.00120159
1645 0.00120159
1646 0.00120159
1647 0.00120159
1648 0.00120159
1649 0.00120159
1650 0.00120159
1651 0.00120159
1652 0.00120159
1653 0.00120159
1654 0.00120159
1655 0.00120159
1656 0.00120159
1657 0.00120159
1658 0.00120159
1659 0.00120159
1660 0.00120159
1661 0.00120159
1662 0.00120159
1663 0.00120159
1664 0.00120159
1665 0.00115537
1666 0.00115537
1667 0.00115537
1668 0.00115537
1669 0.00115537
1670 0.00115537
1671 0.00115537
1672 0.00115537
1673 0.00106294
1674 0.00106294
1675 0.00106294
1676 0.00106294
1677 0.00106294
1678 0.00106294
1679 0.00106294
1680 0.00106294
1681 0.00106294
1682 0.00106294
1683 0.00106294
1684 0.00106294
1685 0.00106294
1686 0.00106294
1687 0.00106294
1688 0.00106294
1689 0.00101673
1690 0.00101673
1691 0.00101673
1692 0.00101673
1693 0.00101673
1694 0.00101673
1695 0.00101673
1696 0.00101673
1697 0.0009243
1698 0.0009243
1699 0.0009243
1700 0.0009243
1701 0.0009243
1702 0.0009243
1703 0.0009243
1704 0.0009243
1705 0.0009243
1706 0.0009243
1707 0.0009243
1708 0.0009243
1709 0.0009243
1710 0.0009243
1711 0.0009243
1712 0.0009243
1713 0.0009243
1714 0.0009243
1715 0.0009243
1716 0.0009243
1717 0.0009243
1718 0.0009243
1719 0.0009243
1720 0.0009243
1721 0.0009243
1722 0.0009243
1723 0.0009243
1724 0.0009243
1725 0.0009243
1726 0.0009243
1727 0.0009243
1728 0.0009243
1729 0.0009243
1730 0.0009243
1731 0.0009243
1732 0.0009243
1733 0.0009243
1734 0.0009243
1735 0.0009243
1736 0.0009243
1737 0.0009243
1738 0.0009243
1739 0.0009243
1740 0.0009243
1741 0.0009243
1742 0.0009243
1743 0.0009243
1744 0.0009243
1745 0.000878085
1746 0.000878085
1747 0.000878085
1748 0.000878085
1749 0.000878085
1750 0.000878085
1751 0.000878085
1752 0.000878085
1753 0.000878085
1754 0.000878085
1755 0.000878085
1756 0.000878085
1757 0.000878085
1758 0.000878085
1759 0.000878085
1760 0.000878085
1761 0.00083187
1762 0.00083187
1763 0.00083187
1764 0.00083187
1765 0.00083187
1766 0.00083187
1767 0.00083187
1768 0.00083187
1769 0.00083187
1770 0.00083187
1771 0.00083187
1772 0.00083187
1773 0.00083187
1774 0.00083187
1775 0.00083187
1776 0.00083187
1777 0.000785655
1778 0.000785655
1779 0.000785655
1780 0.000785655
1781 0.000785655
1782 0.000785655
1783 0.000785655
1784 0.000785655
1785 0.00073944
1786 0.00073944
1787 0.00073944
1788 0.00073944
1789 0.00073944
1790 0.00073944
1791 0.00073944
1792 0.00073944
1793 0.00073944
1794 0.00073944
1795 0.00073944
1796 0.00073944
1797 0.00073944
1798 0.00073944
1799 0.00073944
1800 0.00073944
1801 0.00073944
1802 0.00073944
1803 0.00073944
1804 0.00073944
1805 0.00073944
1806 0.00073944
1807 0.00073944
1808 0.00073944
1809 0.00073944
1810 0.00073944
1811 0.00073944
1812 0.00073944
1813 0.00073944
1814 0.00073944
1815 0.00073944
1816 0.00073944
1817 0.00073944
1818 0.00073944
1819 0.00073944
1820 0.00073944
1821 0.00073944
1822 0.00073944
1823 0.00073944
1824 0.00073944
1825 0.00073944
1826 0.00073944
1827 0.00073944
1828 0.00073944
1829 0.00073944
1830 0.00073944
1831 0.00073944
1832 0.00073944
1833 0.000693225
1834 0.000693225
1835 0.000693225
1836 0.000693225
1837 0.000693225
1838 0.000693225
1839 0.000693225
1840 0.000693225
1841 0.00064701
1842 0.00064701
1843 0.00064701
1844 0.00064701
1845 0.00064701
1846 0.00064701
1847 0.00064701
1848 0.00064701
1849 0.00064701
1850 0.00064701
1851 0.00064701
1852 0.00064701
1853 0.00064701
1854 0.00064701
1855 0.00064701
1856 0.00064701
1857 0.00064701
1858 0.00064701
1859 0.00064701
1860 0.00064701
1861 0.00064701
1862 0.00064701
1863 0.00064701
1864 0.00064701
1865 0.00064701
1866 0.00064701
1867 0.00064701
1868 0.00064701
1869 0.00064701
1870 0.00064701
1871 0.00064701
1872 0.00064701
1873 0.00064701
1874 0.00064701
1875 0.00064701
1876 0.00064701
1877 0.00064701
1878 0.00064701
1879 0.00064701
1880 0.00064701
1881 0.00064701
1882 0.00064701
1883 0.00064701
1884 0.00064701
1885 0.00064701
1886 0.00064701
1887 0.00064701
1888 0.00064701
1889 0.00064701
1890 0.00064701
1891 0.00064701
1892 0.00064701
1893 0.00064701
1894 0.00064701
1895 0.00064701
1896 0.00064701
1897 0.000600795
1898 0.000600795
1899 0.000600795
1900 0.000600795
1901 0.000600795
1902 0.000600795
1903 0.000600795
1904 0.000600795
1905 0.000600795
1906 0.000600795
1907 0.000600795
1908 0.000600795
1909 0.000600795
1910 0.000600795
1911 0.000600795
1912 0.000600795
1913 0.000600795
1914 0.000600795
1915 0.000600795
1916 0.000600795
1917 0.000600795
1918 0.000600795
1919 0.000600795
1920 0.000600795
1921 0.00055458
1922 0.00055458
1923 0.00055458
1924 0.00055458
1925 0.00055458
1926 0.00055458
1927 0.00055458
1928 0.00055458
1929 0.000508365
1930 0.000508365
1931 0.000508365
1932 0.000508365
1933 0.000508365
1934 0.000508365
1935 0.000508365
1936 0.000508365
1937 0.000508365
1938 0.000508365
1939 0.000508365
1940 0.000508365
1941 0.000508365
1942 0.000508365
1943 0.000508365
1944 0.000508365
1945 0.000508365
1946 0.000508365
1947 0.000508365
1948 0.000508365
1949 0.000508365
1950 0.000508365
1951 0.000508365
1952 0.000508365
1953 0.000508365
1954 0.000508365
1955 0.000508365
1956 0.000508365
1957 0.000508365
1958 0.000508365
1959 0.000508365
1960 0.000508365
1961 0.000508365
1962 0.000508365
1963 0.000508365
1964 0.000508365
1965 0.000508365
1966 0.000508365
1967 0.000508365
1968 0.000508365
1969 0.000508365
1970 0.000508365
1971 0.000508365
1972 0.000508365
1973 0.000508365
1974 0.000508365
1975 0.000508365
1976 0.000508365
1977 0.000508365
1978 0.000508365
1979 0.000508365
1980 0.000508365
1981 0.000508365
1982 0.000508365
1983 0.000508365
1984 0.000508365
1985 0.000508365
1986 0.000508365
1987 0.000508365
1988 0.000508365
1989 0.000508365
1990 0.000508365
1991 0.000508365
1992 0.000508365
1993 0.000508365
1994 0.000508365
1995 0.000508365
1996 0.000508365
1997 0.000508365
1998 0.000508365
1999 0.000508365
2000 0.000508365
2001 0.00046215
2002 0.00046215
2003 0.00046215
2004 0.00046215
2005 0.00046215
2006 0.00046215
2007 0.00046215
2008 0.00046215
2009 0.00046215
2010 0.00046215
2011 0.00046215
2012 0.00046215
2013 0.00046215
2014 0.00046215
2015 0.00046215
2016 0.00046215
2017 0.000415935
2018 0.000415935
2019 0.000415935
2020 0.000415935
2021 0.000415935
2022 0.000415935
2023 0.000415935
2024 0.000415935
2025 0.000415935
2026 0.000415935
2027 0.000415935
2028 0.000415935
2029 0.000415935
2030 0.000415935
2031 0.000415935
2032 0.000415935
2033 0.000415935
2034 0.000415935
2035 0.000415935
2036 0.000415935
2037 0.000415935
2038 0.000415935
2039 0.000415935
2040 0.000415935
2041 0.00036972
2042 0.00036972
2043 0.00036972
2044 0.00036972
2045 0.00036972
2046 0.00036972
2047 0.00036972
2048 0.00036972
2049 0.00036972
2050 0.00036972
2051 0.00036972
2052 0.00036972
2053 0.00036972
2054 0.00036972
2055 0.00036972
2056 0.00036972
2057 0.00036972
2058 0.00036972
2059 0.00036972
2060 0.00036972
2061 0.00036972
2062 0.00036972
2063 0.00036972
2064 0.00036972
2065 0.00036972
2066 0.00036972
2067 0.00036972
2068 0.00036972
2069 0.00036972
2070 0.00036972
2071 0.00036972
2072 0.00036972
2073 0.00036972
2074 0.00036972
2075 0.00036972
2076 0.00036972
2077 0.00036972
2078 0.00036972
2079 0.00036972
2080 0.00036972
2081 0.00036972
2082 0.00036972
2083 0.00036972
2084 0.00036972
2085 0.00036972
2086 0.00036972
2087 0.00036972
2088 0.00036972
2089 0.000323505
2090 0.000323505
2091 0.000323505
2092 0.000323505
2093 0.000323505
2094 0.000323505
2095 0.000323505
2096 0.000323505
2097 0.000323505
2098 0.000323505
2099 0.000323505
2100 0.000323505
2101 0.000323505
2102 0.000323505
2103 0.000323505
2104 0.000323505
2105 0.000323505
2106 0.000323505
2107 0.000323505
2108 0.000323505
2109 0.000323505
2110 0.000323505
2111 0.000323505
2112 0.000323505
2113 0.000323505
2114 0.000323505
2115 0.000323505
2116 0.000323505
2117 0.000323505
2118 0.000323505
2119 0.000323505
2120 0.000323505
2121 0.000323505
2122 0.000323505
2123 0.000323505
2124 0.000323505
2125 0.000323505
2126 0.000323505
2127 0.000323505
2128 0.000323505
2129 0.000231075
2130 0.000231075
2131 0.000231075
2132 0.000231075
2133 0.000231075
2134 0.000231075
2135 0.000231075
2136 0.000231075
2137 0.000231075
2138 0.000231075
2139 0.000231075
2140 0.000231075
2141 0.000231075
2142 0.000231075
2143 0.000231075
2144 0.000231075
2145 0.000231075
2146 0.000231075
2147 0.000231075
2148 0.000231075
2149 0.000231075
2150 0.000231075
2151 0.000231075
2152 0.000231075
2153 0.000231075
2154 0.000231075
2155 0.000231075
2156 0.000231075
2157 0.000231075
2158 0.000231075
2159 0.000231075
2160 0.000231075
2161 0.00018486
2162 0.00018486
2163 0.00018486
2164 0.00018486
2165 0.00018486
2166 0.00018486
2167 0.00018486
2168 0.00018486
2169 0.00018486
2170 0.00018486
2171 0.00018486
2172 0.00018486
2173 0.00018486
2174 0.00018486
2175 0.00018486
2176 0.00018486
2177 0.000138645
2178 0.000138645
2179 0.000138645
2180 0.000138645
2181 0.000138645
2182 0.000138645
2183 0.000138645
2184 0.000138645
2185 9.243e-05
2186 9.243e-05
2187 9.243e-05
2188 9.243e-05
2189 9.243e-05
2190 9.243e-05
2191 9.243e-05
2192 9.243e-05
2193 9.243e-05
2194 9.243e-05
2195 9.243e-05
2196 9.243e-05
2197 9.243e-05
2198 9.243e-05
2199 9.243e-05
2200 9.243e-05
2201 9.243e-05
2202 9.243e-05
2203 9.243e-05
2204 9.243e-05
2205 9.243e-05
2206 9.243e-05
2207 9.243e-05
2208 9.243e-05
2209 9.243e-05
2210 9.243e-05
2211 9.243e-05
2212 9.243e-05
2213 9.243e-05
2214 9.243e-05
2215 9.243e-05
2216 9.243e-05
2217 4.6215e-05
2218 4.6215e-05
2219 4.6215e-05
2220 4.6215e-05
2221 4.6215e-05
2222 4.6215e-05
2223 4.6215e-05
2224 4.6215e-05
2225 4.6215e-05
2226 4.6215e-05
2227 4.6215e-05
2228 4.6215e-05
2229 4.6215e-05
2230 4.6215e-05
2231 4.6215e-05
2232 4.6215e-05
2233 4.6215e-05
2234 4.6215e-05
2235 4.6215e-05
2236 4.6215e-05
2237 4.6215e-05
2238 4.6215e-05
2239 4.6215e-05
2240 4.6215e-05
2241 4.6215e-05
2242 4.6215e-05
2243 4.6215e-05
2244 4.6215e-05
2245 4.6215e-05
2246 4.6215e-05
2247 4.6215e-05
2248 4.6215e-05
2249 4.6215e-05
2250 4.6215e-05
2251 4.6215e-05
2252 4.6215e-05
2253 4.6215e-05
2254 4.6215e-05
2255 4.6215e-05
2256 4.6215e-05
2257 4.6215e-05
2258 4.6215e-05
2259 4.6215e-05
2260 4.6215e-05
2261 4.6215e-05
2262 4.6215e-05
2263 4.6215e-05
2264 4.6215e-05
2265 4.6215e-05
2266 4.6215e-05
2267 4.6215e-05
2268 4.6215e-05
2269 4.6215e-05
2270 4.6215e-05
2271 4.6215e-05
2272 4.6215e-05
2273 4.6215e-05
2274 4.6215e-05
2275 4.6215e-05
2276 4.6215e-05
2277 4.6215e-05
2278 4.6215e-05
2279 4.6215e-05
2280 4.6215e-05
2281 4.6215e-05
2282 4.6215e-05
2283 4.6215e-05
2284 4.6215e-05
2285 4.6215e-05
2286 4.6215e-05
2287 4.6215e-05
2288 4.6215e-05
2289 4.6215e-05
2290 4.6215e-05
2291 4.6215e-05
2292 4.6215e-05
2293 4.6215e-05
2294 4.6215e-05
2295 4.6215e-05
2296 4.6215e-05
2297 4.6215e-05
2298 4.6215e-05
2299 4.6215e-05
2300 4.6215e-05
2301 4.6215e-05
2302 4.6215e-05
2303 4.6215e-05
2304 4.6215e-05
2305 4.6215e-05
2306 4.6215e-05
2307 4.6215e-05
2308 4.6215e-05
2309 4.6215e-05
2310 4.6215e-05
2311 4.6215e-05
2312 4.6215e-05
2313 4.6215e-05
2314 4.6215e-05
2315 4.6215e-05
2316 4.6215e-05
2317 4.6215e-05
2318 4.6215e-05
2319 4.6215e-05
2320 4.6215e-05
2321 4.6215e-05
2322 4.6215e-05
2323 4.6215e-05
2324 4.6215e-05
2325 4.6215e-05
2326 4.6215e-05
2327 4.6215e-05
2328 4.6215e-05
2329 4.6215e-05
2330 4.6215e-05
2331 4.6215e-05
2332 4.6215e-05
2333 4.6215e-05
2334 4.6215e-05
2335 4.6215e-05
2336 4.6215e-05
2337 4.6215e-05
2338 4.6215e-05
2339 4.6215e-05
2340 4.6215e-05
2341 4.6215e-05
2342 4.6215e-05
2343 4.6215e-05
2344 4.6215e-05
2345 4.6215e-05
2346 4.6215e-05
2347 4.6215e-05
2348 4.6215e-05
2349 4.6215e-05
2350 4.6215e-05
2351 4.6215e-05
2352 4.6215e-05
2353 4.6215e-05
2354 4.6215e-05
2355 4.6215e-05
2356 4.6215e-05
2357 4.6215e-05
2358 4.6215e-05
2359 4.6215e-05
2360 4.6215e-05
2361 4.6215e-05
2362 4.6215e-05
2363 4.6215e-05
2364 4.6215e-05
2365 4.6215e-05
2366 4.6215e-05
2367 4.6215e-05
2368 4.6215e-05
2369 4.6215e-05
2370 4.6215e-05
2371 4.6215e-05
2372 4.6215e-05
2373 4.6215e-05
2374 4.6215e-05
2375 4.6215e-05
2376 4.6215e-05
2377 4.6215e-05
2378 4.6215e-05
2379 4.6215e-05
2380 4.6215e-05
2381 4.6215e-05
2382 4.6215e-05
2383 4.6215e-05
2384 4.6215e-05
2385 4.6215e-05
2386 4.6215e-05
2387 4.6215e-05
2388 4.6215e-05
2389 4.6215e-05
2390 4.6215e-05
2391 4.6215e-05
2392 4.6215e-05
2393 4.6215e-05
2394 4.6215e-05
2395 4.6215e-05
2396 4.6215e-05
2397 4.6215e-05
2398 4.6215e-05
2399 4.6215e-05
2400 4.6215e-05
2401 4.6215e-05
2402 4.6215e-05
2403 4.6215e-05
2404 4.6215e-05
2405 4.6215e-05
2406 4.6215e-05
2407 4.6215e-05
2408 4.6215e-05
2409 4.6215e-05
2410 4.6215e-05
2411 4.6215e-05
2412 4.6215e-05
2413 4.6215e-05
2414 4.6215e-05
2415 4.6215e-05
2416 4.6215e-05
2417 4.6215e-05
2418 4.6215e-05
2419 4.6215e-05
2420 4.6215e-05
2421 4.6215e-05
2422 4.6215e-05
2423 4.6215e-05
2424 4.6215e-05
2425 4.6215e-05
2426 4.6215e-05
2427 4.6215e-05
2428 4.6215e-05
2429 4.6215e-05
2430 4.6215e-05
2431 4.6215e-05
2432 4.6215e-05
2433 4.6215e-05
2434 4.6215e-05
2435 4.6215e-05
2436 4.6215e-05
2437 4.6215e-05
2438 4.6215e-05
2439 4.6215e-05
2440 4.6215e-05
2441 4.6215e-05
2442 4.6215e-05
2443 4.6215e-05
2444 4.6215e-05
2445 4.6215e-05
2446 4.6215e-05
2447 4.6215e-05
2448 4.6215e-05
2449 4.6215e-05
2450 4.6215e-05
2451 4.6215e-05
2452 4.6215e-05
2453 4.6215e-05
2454 4.6215e-05
2455 4.6215e-05
2456 4.6215e-05
2457 4.6215e-05
2458 4.6215e-05
2459 4.6215e-05
2460 4.6215e-05
2461 4.6215e-05
2462 4.6215e-05
2463 4.6215e-05
2464 4.6215e-05
2465 4.6215e-05
2466 4.6215e-05
2467 4.6215e-05
2468 4.6215e-05
2469 4.6215e-05
2470 4.6215e-05
2471 4.6215e-05
2472 4.6215e-05
2473 4.6215e-05
2474 4.6215e-05
2475 4.6215e-05
2476 4.6215e-05
2477 4.6215e-05
2478 4.6215e-05
2479 4.6215e-05
2480 4.6215e-05
2481 4.6215e-05
2482 4.6215e-05
2483 4.6215e-05
2484 4.6215e-05
2485 4.6215e-05
2486 4.6215e-05
2487 4.6215e-05
2488 4.6215e-05
2489 4.6215e-05
2490 4.6215e-05
2491 4.6215e-05
2492 4.6215e-05
2493 4.6215e-05
2494 4.6215e-05
2495 4.6215e-05
2496 4.6215e-05
2497 4.6215e-05
2498 4.6215e-05
2499 4.6215e-05
2500 4.6215e-05
2501 4.6215e-05
2502 4.6215e-05
2503 4.6215e-05
2504 4.6215e-05
2505 4.6215e-05
2506 4.6215e-05
2507 4.6215e-05
2508 4.6215e-05
2509 4.6215e-05
2510 4.6215e-05
2511 4.6215e-05
2512 4.6215e-05
2513 4.6215e-05
2514 4.6215e-05
2515 4.6215e-05
2516 4.6215e-05
2517 4.6215e-05
2518 4.6215e-05
2519 4.6215e-05
2520 4.6215e-05
2521 4.6215e-05
2522 4.6215e-05
2523 4.6215e-05
2524 4.6215e-05
2525 4.6215e-05
2526 4.6215e-05
2527 4.6215e-05
2528 4.6215e-05
2529 4.6215e-05
2530 4.6215e-05
2531 4.6215e-05
2532 4.6215e-05
2533 4.6215e-05
2534 4.6215e-05
2535 4.6215e-05
2536 4.6215e-05
2537 4.6215e-05
2538 4.6215e-05
2539 4.6215e-05
2540 4.6215e-05
2541 4.6215e-05
2542 4.6215e-05
2543 4.6215e-05
2544 4.6215e-05
2545 4.6215e-05
2546 4.6215e-05
2547 4.6215e-05
2548 4.6215e-05
2549 4.6215e-05
2550 4.6215e-05
2551 4.6215e-05
2552 4.6215e-05
2553 4.6215e-05
2554 4.6215e-05
2555 4.6215e-05
2556 4.6215e-05
2557 4.6215e-05
2558 4.6215e-05
2559 4.6215e-05
2560 4.6215e-05
2561 4.6215e-05
2562 4.6215e-05
2563 4.6215e-05
2564 4.6215e-05
2565 4.6215e-05
2566 4.6215e-05
2567 4.6215e-05
2568 4.6215e-05
2569 4.6215e-05
2570 4.6215e-05
2571 4.6215e-05
2572 4.6215e-05
2573 4.6215e-05
2574 4.6215e-05
2575 4.6215e-05
2576 4.6215e-05
2577 4.6215e-05
2578 4.6215e-05
2579 4.6215e-05
2580 4.6215e-05
2581 4.6215e-05
2582 4.6215e-05
2583 4.6215e-05
2584 4.6215e-05
2585 4.6215e-05
2586 4.6215e-05
2587 4.6215e-05
2588 4.6215e-05
2589 4.6215e-05
2590 4.6215e-05
2591 4.6215e-05
2592 4.6215e-05
2593 4.6215e-05
2594 4.6215e-05
2595 4.6215e-05
2596 4.6215e-05
2597 4.6215e-05
2598 4.6215e-05
2599 4.6215e-05
2600 4.6215e-05
2601 4.6215e-05
2602 4.6215e-05
2603 4.6215e-05
2604 4.6215e-05
2605 4.6215e-05
2606 4.6215e-05
2607 4.6215e-05
2608 4.6215e-05
2609 4.6215e-05
2610 4.6215e-05
2611 4.6215e-05
2612 4.6215e-05
2613 4.6215e-05
2614 4.6215e-05
2615 4.6215e-05
2616 4.6215e-05
2617 4.6215e-05
2618 4.6215e-05
2619 4.6215e-05
2620 4.6215e-05
2621 4.6215e-05
2622 4.6215e-05
2623 4.6215e-05
2624 4.6215e-05
2625 4.6215e-05
2626 4.6215e-05
2627 4.6215e-05
2628 4.6215e-05
2629 4.6215e-05
2630 4.6215e-05
2631 4.6215e-05
2632 4.6215e-05
2633 4.6215e-05
2634 4.6215e-05
2635 4.6215e-05
2636 4.6215e-05
2637 4.6215e-05
2638 4.6215e-05
2639 4.6215e-05
2640 4.6215e-05
2641 4.6215e-05
2642 4.6215e-05
2643 4.6215e-05
2644 4.6215e-05
2645 4.6215e-05
2646 4.6215e-05
2647 4.6215e-05
2648 4.6215e-05
2649 4.6215e-05
2650 4.6215e-05
2651 4.6215e-05
2652 4.6215e-05
2653 4.6215e-05
2654 4.6215e-05
2655 4.6215e-05
2656 4.6215e-05
2657 4.6215e-05
2658 4.6215e-05
2659 4.6215e-05
2660 4.6215e-05
2661 4.6215e-05
2662 4.6215e-05
2663 4.6215e-05
2664 4.6215e-05
2665 4.6215e-05
2666 4.6215e-05
2667 4.6215e-05
2668 4.6215e-05
2669 4.6215e-05
2670 4.6215e-05
2671 4.6215e-05
2672 4.6215e-05
2673 4.6215e-05
2674 4.6215e-05
2675 4.6215e-05
2676 4.6215e-05
2677 4.6215e-05
2678 4.6215e-05
2679 4.6215e-05
2680 4.6215e-05
2681 4.6215e-05
2682 4.6215e-05
2683 4.6215e-05
2684 4.6215e-05
2685 4.6215e-05
2686 4.6215e-05
2687 4.6215e-05
2688 4.6215e-05
2689 4.6215e-05
2690 4.6215e-05
2691 4.6215e-05
2692 4.6215e-05
2693 4.6215e-05
2694 4.6215e-05
2695 4.6215e-05
2696 4.6215e-05
2697 4.6215e-05
2698 4.6215e-05
2699 4.6215e-05
2700 4.6215e-05
2701 4.6215e-05
2702 4.6215e-05
2703 4.6215e-05
2704 4.6215e-05
2705 4.6215e-05
2706 4.6215e-05
2707 4.6215e-05
2708 4.6215e-05
2709 4.6215e-05
2710 4.6215e-05
2711 4.6215e-05
2712 4.6215e-05
2713 4.6215e-05
2714 4.6215e-05
2715 4.6215e-05
2716 4.6215e-05
2717 4.6215e-05
2718 4.6215e-05
2719 4.6215e-05
2720 4.6215e-05
2721 4.6215e-05
2722 4.6215e-05
2723 4.6215e-05
2724 4.6215e-05
2725 4.6215e-05
2726 4.6215e-05
2727 4.6215e-05
2728 4.6215e-05
2729 4.6215e-05
2730 4.6215e-05
2731 4.6215e-05
2732 4.6215e-05
2733 4.6215e-05
2734 4.6215e-05
2735 4.6215e-05
2736 4.6215e-05
2737 4.6215e-05
2738 4.6215e-05
2739 4.6215e-05
2740 4.6215e-05
2741 4.6215e-05
2742 4.6215e-05
2743 4.6215e-05
2744 4.6215e-05
2745 4.6215e-05
2746 4.6215e-05
2747 4.6215e-05
2748 4.6215e-05
2749 4.6215e-05
2750 4.6215e-05
2751 4.6215e-05
2752 4.6215e-05
2753 4.6215e-05
2754 4.6215e-05
2755 4.6215e-05
2756 4.6215e-05
2757 4.6215e-05
2758 4.6215e-05
2759 4.6215e-05
2760 4.6215e-05
2761 4.6215e-05
2762 4.6215e-05
2763 4.6215e-05
2764 4.6215e-05
2765 4.6215e-05
2766 4.6215e-05
2767 4.6215e-05
2768 4.6215e-05
2769 4.6215e-05
2770 4.6215e-05
2771 4.6215e-05
2772 4.6215e-05
2773 4.6215e-05
2774 4.6215e-05
2775 4.6215e-05
2776 4.6215e-05
2777 4.6215e-05
2778 4.6215e-05
2779 4.6215e-05
2780 4.6215e-05
2781 4.6215e-05
2782 4.6215e-05
2783 4.6215e-05
2784 4.6215e-05
2785 4.6215e-05
2786 4.6215e-05
2787 4.6215e-05
2788 4.6215e-05
2789 4.6215e-05
2790 4.6215e-05
2791 4.6215e-05
2792 4.6215e-05
2793 4.6215e-05
2794 4.6215e-05
2795 4.6215e-05
2796 4.6215e-05
2797 4.6215e-05
2798 4.6215e-05
2799 4.6215e-05
2800 4.6215e-05
2801 4.6215e-05
2802 4.6215e-05
2803 4.6215e-05
2804 4.6215e-05
2805 4.6215e-05
2806 4.6215e-05
2807 4.6215e-05
2808 4.6215e-05
2809 4.6215e-05
2810 4.6215e-05
2811 4.6215e-05
2812 4.6215e-05
2813 4.6215e-05
2814 4.6215e-05
2815 4.6215e-05
2816 4.6215e-05
2817 4.6215e-05
2818 4.6215e-05
2819 4.6215e-05
2820 4.6215e-05
2821 4.6215e-05
2822 4.6215e-05
2823 4.6215e-05
2824 4.6215e-05
2825 4.6215e-05
2826 4.6215e-05
2827 4.6215e-05
2828 4.6215e-05
2829 4.6215e-05
2830 4.6215e-05
2831 4.6215e-05
2832 4.6215e-05
2833 4.6215e-05
2834 4.6215e-05
2835 4.6215e-05
2836 4.6215e-05
2837 4.6215e-05
2838 4.6215e-05
2839 4.6215e-05
2840 4.6215e-05
2841 4.6215e-05
2842 4.6215e-05
2843 4.6215e-05
2844 4.6215e-05
2845 4.6215e-05
2846 4.6215e-05
2847 4.6215e-05
2848 4.6215e-05
2849 4.6215e-05
2850 4.6215e-05
2851 4.6215e-05
2852 4.6215e-05
2853 4.6215e-05
2854 4.6215e-05
2855 4.6215e-05
2856 4.6215e-05
2857 4.6215e-05
2858 4.6215e-05
2859 4.6215e-05
2860 4.6215e-05
2861 4.6215e-05
2862 4.6215e-05
2863 4.6215e-05
2864 4.6215e-05
2865 4.6215e-05
2866 4.6215e-05
2867 4.6215e-05
2868 4.6215e-05
2869 4.6215e-05
2870 4.6215e-05
2871 4.6215e-05
2872 4.6215e-05
2873 4.6215e-05
2874 4.6215e-05
2875 4.6215e-05
2876 4.6215e-05
2877 4.6215e-05
2878 4.6215e-05
2879 4.6215e-05
2880 4.6215e-05
2881 4.6215e-05
2882 4.6215e-05
2883 4.6215e-05
2884 4.6215e-05
2885 4.6215e-05
2886 4.6215e-05
2887 4.6215e-05
2888 4.6215e-05
2889 4.6215e-05
2890 4.6215e-05
2891 4.6215e-05
2892 4.6215e-05
2893 4.6215e-05
2894 4.6215e-05
2895 4.6215e-05
2896 4.6215e-05
2897 4.6215e-05
2898 4.6215e-05
2899 4.6215e-05
2900 4.6215e-05
2901 4.6215e-05
2902 4.6215e-05
2903 4.6215e-05
2904 4.6215e-05
2905 4.6215e-05
2906 4.6215e-05
2907 4.6215e-05
2908 4.6215e-05
2909 4.6215e-05
2910 4.6215e-05
2911 4.6215e-05
2912 4.6215e-05
2913 4.6215e-05
2914 4.6215e-05
2915 4.6215e-05
2916 4.6215e-05
2917 4.6215e-05
2918 4.6215e-05
2919 4.6215e-05
2920 4.6215e-05
2921 4.6215e-05
2922 4.6215e-05
2923 4.6215e-05
2924 4.6215e-05
2925 4.6215e-05
2926 4.6215e-05
2927 4.6215e-05
2928 4.6215e-05
2929 4.6215e-05
2930 4.6215e-05
2931 4.6215e-05
2932 4.6215e-05
2933 4.6215e-05
2934 4.6215e-05
2935 4.6215e-05
2936 4.6215e-05
2937 4.6215e-05
2938 4.6215e-05
2939 4.6215e-05
2940 4.6215e-05
2941 4.6215e-05
2942 4.6215e-05
2943 4.6215e-05
2944 4.6215e-05
2945 4.6215e-05
2946 4.6215e-05
2947 4.6215e-05
2948 4.6215e-05
2949 4.6215e-05
2950 4.6215e-05
2951 4.6215e-05
2952 4.6215e-05
2953 4.6215e-05
2954 4.6215e-05
2955 4.6215e-05
2956 4.6215e-05
2957 4.6215e-05
2958 4.6215e-05
2959 4.6215e-05
2960 4.6215e-05
2961 4.6215e-05
2962 4.6215e-05
2963 4.6215e-05
2964 4.6215e-05
2965 4.6215e-05
2966 4.6215e-05
2967 4.6215e-05
2968 4.6215e-05
2969 4.6215e-05
2970 4.6215e-05
2971 4.6215e-05
2972 4.6215e-05
2973 4.6215e-05
2974 4.6215e-05
2975 4.6215e-05
2976 4.6215e-05
2977 4.6215e-05
2978 4.6215e-05
2979 4.6215e-05
2980 4.6215e-05
2981 4.6215e-05
2982 4.6215e-05
2983 4.6215e-05
2984 4.6215e-05
2985 4.6215e-05
2986 4.6215e-05
2987 4.6215e-05
2988 4.6215e-05
2989 4.6215e-05
2990 4.6215e-05
2991 4.6215e-05
2992 4.6215e-05
2993 4.6215e-05
2994 4.6215e-05
2995 4.6215e-05
2996 4.6215e-05
2997 4.6215e-05
2998 4.6215e-05
2999 4.6215e-05
3000 4.6215e-05
3001 4.6215e-05
3002 4.6215e-05
3003 4.6215e-05
3004 4.6215e-05
3005 4.6215e-05
3006 4.6215e-05
3007 4.6215e-05
3008 4.6215e-05
3009 4.6215e-05
3010 4.6215e-05
3011 4.6215e-05
3012 4.6215e-05
3013 4.6215e-05
3014 4.6215e-05
3015 4.6215e-05
3016 4.6215e-05
3017 4.6215e-05
3018 4.6215e-05
3019 4.6215e-05
3020 4.6215e-05
3021 4.6215e-05
3022 4.6215e-05
3023 4.6215e-05
3024 4.6215e-05
3025 4.6215e-05
3026 4.6215e-05
3027 4.6215e-05
3028 4.6215e-05
3029 4.6215e-05
3030 4.6215e-05
3031 4.6215e-05
3032 4.6215e-05
3033 4.6215e-05
3034 4.6215e-05
3035 4.6215e-05
3036 4.6215e-05
3037 4.6215e-05
3038 4.6215e-05
3039 4.6215e-05
3040 4.6215e-05
3041 4.6215e-05
3042 4.6215e-05
3043 4.6215e-05
3044 4.6215e-05
3045 4.6215e-05
3046 4.6215e-05
3047 4.6215e-05
3048 4.6215e-05
3049 4.6215e-05
3050 4.6215e-05
3051 4.6215e-05
3052 4.6215e-05
3053 4.6215e-05
3054 4.6215e-05
3055 4.6215e-05
3056 4.6215e-05
3057 4.6215e-05
3058 4.6215e-05
3059 4.6215e-05
3060 4.6215e-05
3061 4.6215e-05
3062 4.6215e-05
3063 4.6215e-05
3064 4.6215e-05
3065 4.6215e-05
3066 4.6215e-05
3067 4.6215e-05
3068 4.6215e-05
3069 4.6215e-05
3070 4.6215e-05
3071 4.6215e-05
3072 4.6215e-05
3073 4.6215e-05
3074 4.6215e-05
3075 4.6215e-05
3076 4.6215e-05
3077 4.6215e-05
3078 4.6215e-05
3079 4.6215e-05
3080 4.6215e-05
3081 4.6215e-05
3082 4.6215e-05
3083 4.6215e-05
3084 4.6215e-05
3085 4.6215e-05
3086 4.6215e-05
3087 4.6215e-05
3088 4.6215e-05
3089 4.6215e-05
3090 4.6215e-05
3091 4.6215e-05
3092 4.6215e-05
3093 4.6215e-05
3094 4.6215e-05
3095 4.6215e-05
3096 4.6215e-05
3097 4.6215e-05
3098 4.6215e-05
3099 4.6215e-05
3100 4.6215e-05
3101 4.6215e-05
3102 4.6215e-05
3103 4.6215e-05
3104 4.6215e-05
3105 4.6215e-05
3106 4.6215e-05
3107 4.6215e-05
3108 4.6215e-05
3109 4.6215e-05
3110 4.6215e-05
3111 4.6215e-05
3112 4.6215e-05
3113 4.6215e-05
3114 4.6215e-05
3115 4.6215e-05
3116 4.6215e-05
3117 4.6215e-05
3118 4.6215e-05
3119 4.6215e-05
3120 4.6215e-05
3121 4.6215e-05
3122 4.6215e-05
3123 4.6215e-05
3124 4.6215e-05
3125 4.6215e-05
3126 4.6215e-05
3127 4.6215e-05
3128 4.6215e-05
3129 4.6215e-05
3130 4.6215e-05
3131 4.6215e-05
3132 4.6215e-05
3133 4.6215e-05
3134 4.6215e-05
3135 4.6215e-05
3136 4.6215e-05
3137 4.6215e-05
3138 4.6215e-05
3139 4.6215e-05
3140 4.6215e-05
3141 4.6215e-05
3142 4.6215e-05
3143 4.6215e-05
3144 4.6215e-05
3145 4.6215e-05
3146 4.6215e-05
3147 4.6215e-05
3148 4.6215e-05
3149 4.6215e-05
3150 4.6215e-05
3151 4.6215e-05
3152 4.6215e-05
3153 4.6215e-05
3154 4.6215e-05
3155 4.6215e-05
3156 4.6215e-05
3157 4.6215e-05
3158 4.6215e-05
3159 4.6215e-05
3160 4.6215e-05
3161 4.6215e-05
3162 4.6215e-05
3163 4.6215e-05
3164 4.6215e-05
3165 4.6215e-05
3166 4.6215e-05
3167 4.6215e-05
3168 4.6215e-05
3169 4.6215e-05
3170 4.6215e-05
3171 4.6215e-05
3172 4.6215e-05
3173 4.6215e-05
3174 4.6215e-05
3175 4.6215e-05
3176 4.6215e-05
3177 4.6215e-05
3178 4.6215e-05
3179 4.6215e-05
3180 4.6215e-05
3181 4.6215e-05
3182 4.6215e-05
3183 4.6215e-05
3184 4.6215e-05
3185 4.6215e-05
3186 4.6215e-05
3187 4.6215e-05
3188 4.6215e-05
3189 4.6215e-05
3190 4.6215e-05
3191 4.6215e-05
3192 4.6215e-05
3193 4.6215e-05
3194 4.6215e-05
3195 4.6215e-05
3196 4.6215e-05
3197 4.6215e-05
3198 4.6215e-05
3199 4.6215e-05
3200 4.6215e-05
3201 4.6215e-05
3202 4.6215e-05
3203 4.6215e-05
3204 4.6215e-05
3205 4.6215e-05
3206 4.6215e-05
3207 4.6215e-05
3208 4.6215e-05
