0 1
1 1
2 1
3 1
4 1
5 1
6 1
7 1
8 1
9 0.82959
10 0.82959
11 0.82959
12 0.82959
13 0.82959
14 0.82959
15 0.829543
16 0.829543
17 0.789241
18 0.789241
19 0.789241
20 0.789241
21 0.789241
22 0.789241
23 0.789163
24 0.789163
25 0.751021
26 0.751021
27 0.751021
28 0.751021
29 0.751021
30 0.751021
31 0.750974
32 0.750974
33 0.715587
34 0.715587
35 0.715587
36 0.715587
37 0.715587
38 0.715587
39 0.715524
40 0.715524
41 0.684441
42 0.684441
43 0.684441
44 0.684441
45 0.684441
46 0.684441
47 0.684332
48 0.684332
49 0.654594
50 0.654594
51 0.654594
52 0.654594
53 0.654594
54 0.654594
55 0.654547
56 0.654547
57 0.626845
58 0.626845
59 0.626845
60 0.626845
61 0.626845
62 0.626845
63 0.626751
64 0.626751
65 0.600848
66 0.600848
67 0.600848
68 0.600848
69 0.600848
70 0.600848
71 0.600723
72 0.600723
73 0.57565
74 0.57565
75 0.57565
76 0.57565
77 0.57565
78 0.57565
79 0.575525
80 0.575525
81 0.550812
82 0.550812
83 0.550812
84 0.550812
85 0.550812
86 0.550812
87 0.550733
88 0.550733
89 0.528149
90 0.528149
91 0.528149
92 0.528149
93 0.528149
94 0.528149
95 0.527914
96 0.527914
97 0.507395
98 0.507395
99 0.507395
100 0.507395
101 0.507395
102 0.507395
103 0.507239
104 0.507239
105 0.487471
106 0.487471
107 0.487471
108 0.487471
109 0.487471
110 0.487471
111 0.487377
112 0.487377
113 0.467829
114 0.467829
115 0.467829
116 0.467829
117 0.467829
118 0.467829
119 0.467641
120 0.467641
121 0.448954
122 0.448954
123 0.448954
124 0.448954
125 0.448954
126 0.448954
127 0.448875
128 0.448875
129 0.431064
130 0.431064
131 0.431064
132 0.431064
133 0.431064
134 0.431064
135 0.431002
136 0.431002
137 0.414834
138 0.414834
139 0.414834
140 0.414834
141 0.414834
142 0.414834
143 0.414725
144 0.414725
145 0.398494
146 0.398494
147 0.398494
148 0.398494
149 0.398494
150 0.398494
151 0.398369
152 0.398369
153 0.382421
154 0.382421
155 0.382421
156 0.382421
157 0.382421
158 0.382421
159 0.382342
160 0.382342
161 0.36691
162 0.36691
163 0.36691
164 0.36691
165 0.36691
166 0.36691
167 0.366848
168 0.366848
169 0.352402
170 0.352402
171 0.352402
172 0.352402
173 0.352402
174 0.352402
175 0.352276
176 0.352276
177 0.337924
178 0.337924
179 0.337924
180 0.337924
181 0.337924
182 0.337924
183 0.337862
184 0.337862
185 0.325388
186 0.325388
187 0.325388
188 0.325388
189 0.325388
190 0.325388
191 0.325263
192 0.325263
193 0.312726
194 0.312726
195 0.312726
196 0.312726
197 0.312726
198 0.312726
199 0.312569
200 0.312569
201 0.300283
202 0.300283
203 0.300283
204 0.300283
205 0.300283
206 0.300283
207 0.300205
208 0.300205
209 0.288733
210 0.288733
211 0.288733
212 0.288733
213 0.288733
214 0.288733
215 0.288639
216 0.288639
217 0.278716
218 0.278716
219 0.278716
220 0.278716
221 0.278716
222 0.278716
223 0.278653
224 0.278653
225 0.268605
226 0.268605
227 0.268605
228 0.268605
229 0.268605
230 0.268605
231 0.268558
232 0.268558
233 0.258667
234 0.258667
235 0.258667
236 0.258667
237 0.258667
238 0.258667
239 0.258589
240 0.258589
241 0.248478
242 0.248478
243 0.248478
244 0.248478
245 0.248478
246 0.248478
247 0.2484
248 0.2484
249 0.239103
250 0.239103
251 0.239103
252 0.239103
253 0.239103
254 0.239103
255 0.239009
256 0.239009
257 0.230745
258 0.230745
259 0.230745
260 0.230745
261 0.230745
262 0.230745
263 0.230683
264 0.230683
265 0.222794
266 0.222794
267 0.222794
268 0.222794
269 0.222794
270 0.222794
271 0.222732
272 0.222732
273 0.214577
274 0.214577
275 0.214577
276 0.214577
277 0.214577
278 0.214577
279 0.214468
280 0.214468
281 0.206908
282 0.206908
283 0.206908
284 0.206908
285 0.206908
286 0.206908
287 0.206846
288 0.206846
289 0.199177
290 0.199177
291 0.199177
292 0.199177
293 0.199177
294 0.199177
295 0.199161
296 0.199161
297 0.192447
298 0.192447
299 0.192447
300 0.192447
301 0.192447
302 0.192447
303 0.192368
304 0.192368
305 0.185388
306 0.185388
307 0.185388
308 0.185388
309 0.185388
310 0.185388
311 0.185279
312 0.185279
313 0.178627
314 0.178627
315 0.178627
316 0.178627
317 0.178627
318 0.178627
319 0.178533
320 0.178533
321 0.172538
322 0.172538
323 0.172538
324 0.172538
325 0.172538
326 0.172538
327 0.172492
328 0.172492
329 0.166528
330 0.166528
331 0.166528
332 0.166528
333 0.166528
334 0.166528
335 0.166481
336 0.166481
337 0.160659
338 0.160659
339 0.160659
340 0.160659
341 0.160659
342 0.160659
343 0.160565
344 0.160565
345 0.155134
346 0.155134
347 0.155134
348 0.155134
349 0.155134
350 0.155134
351 0.155103
352 0.155103
353 0.149719
354 0.149719
355 0.149719
356 0.149719
357 0.149719
358 0.149719
359 0.149641
360 0.149641
361 0.144272
362 0.144272
363 0.144272
364 0.144272
365 0.144272
366 0.144272
367 0.144163
368 0.144163
369 0.139139
370 0.139139
371 0.139139
372 0.139139
373 0.139139
374 0.139139
375 0.139092
376 0.139092
377 0.13435
378 0.13435
379 0.13435
380 0.13435
381 0.13435
382 0.13435
383 0.134334
384 0.134334
385 0.129748
386 0.129748
387 0.129748
388 0.129748
389 0.129748
390 0.129748
391 0.129717
392 0.129717
393 0.125147
394 0.125147
395 0.125147
396 0.125147
397 0.125147
398 0.125147
399 0.125068
400 0.125068
401 0.120577
402 0.120577
403 0.120577
404 0.120577
405 0.120577
406 0.120577
407 0.120545
408 0.120545
409 0.116304
410 0.116304
411 0.116304
412 0.116304
413 0.116304
414 0.116304
415 0.116257
416 0.116257
417 0.112344
418 0.112344
419 0.112344
420 0.112344
421 0.112344
422 0.112344
423 0.112313
424 0.112313
425 0.108103
426 0.108103
427 0.108103
428 0.108103
429 0.108103
430 0.108103
431 0.107993
432 0.107993
433 0.104252
434 0.104252
435 0.104252
436 0.104252
437 0.104252
438 0.104252
439 0.104205
440 0.104205
441 0.100887
442 0.100887
443 0.100887
444 0.100887
445 0.100887
446 0.100887
447 0.10084
448 0.10084
449 0.0973346
450 0.0973346
451 0.0973346
452 0.0973346
453 0.0973346
454 0.0973346
455 0.097272
456 0.097272
457 0.0942826
458 0.0942826
459 0.0942826
460 0.0942826
461 0.0942826
462 0.0942826
463 0.09422
464 0.09422
465 0.0904168
466 0.0904168
467 0.0904168
468 0.0904168
469 0.0904168
470 0.0904168
471 0.0903542
472 0.0903542
473 0.0870674
474 0.0870674
475 0.0870674
476 0.0870674
477 0.0870674
478 0.0870674
479 0.0870518
480 0.0870518
481 0.0839842
482 0.0839842
483 0.0839842
484 0.0839842
485 0.0839842
486 0.0839842
487 0.0839216
488 0.0839216
489 0.0809165
490 0.0809165
491 0.0809165
492 0.0809165
493 0.0809165
494 0.0809165
495 0.0809009
496 0.0809009
497 0.0783341
498 0.0783341
499 0.0783341
500 0.0783341
501 0.0783341
502 0.0783341
503 0.0783184
504 0.0783184
505 0.0757986
506 0.0757986
507 0.0757986
508 0.0757986
509 0.0757986
510 0.0757986
511 0.075736
512 0.075736
513 0.0731692
514 0.0731692
515 0.0731692
516 0.0731692
517 0.0731692
518 0.0731692
519 0.073044
520 0.073044
521 0.0703989
522 0.0703989
523 0.0703989
524 0.0703989
525 0.0703989
526 0.0703989
527 0.0703676
528 0.0703676
529 0.0681608
530 0.0681608
531 0.0681608
532 0.0681608
533 0.0681608
534 0.0681608
535 0.0680982
536 0.0680982
537 0.0658132
538 0.0658132
539 0.0658132
540 0.0658132
541 0.0658132
542 0.0658132
543 0.0658132
544 0.0658132
545 0.0640915
546 0.0640915
547 0.0640915
548 0.0640915
549 0.0640915
550 0.0640915
551 0.0640289
552 0.0640289
553 0.0618847
554 0.0618847
555 0.0618847
556 0.0618847
557 0.0618847
558 0.0618847
559 0.0618691
560 0.0618691
561 0.059897
562 0.059897
563 0.059897
564 0.059897
565 0.059897
566 0.059897
567 0.0598657
568 0.0598657
569 0.0579093
570 0.0579093
571 0.0579093
572 0.0579093
573 0.0579093
574 0.0579093
575 0.0579093
576 0.0579093
577 0.0561407
578 0.0561407
579 0.0561407
580 0.0561407
581 0.0561407
582 0.0561407
583 0.0561094
584 0.0561094
585 0.0543722
586 0.0543722
587 0.0543722
588 0.0543722
589 0.0543722
590 0.0543722
591 0.0543565
592 0.0543565
593 0.0524314
594 0.0524314
595 0.0524314
596 0.0524314
597 0.0524314
598 0.0524314
599 0.0524158
600 0.0524158
601 0.0506159
602 0.0506159
603 0.0506159
604 0.0506159
605 0.0506159
606 0.0506159
607 0.0506159
608 0.0506159
609 0.0489255
610 0.0489255
611 0.0489255
612 0.0489255
613 0.0489255
614 0.0489255
615 0.0488942
616 0.0488942
617 0.0468752
618 0.0468752
619 0.0468752
620 0.0468752
621 0.0468752
622 0.0468752
623 0.0468752
624 0.0468752
625 0.0451067
626 0.0451067
627 0.0451067
628 0.0451067
629 0.0451067
630 0.0451067
631 0.045091
632 0.045091
633 0.0436668
634 0.0436668
635 0.0436668
636 0.0436668
637 0.0436668
638 0.0436668
639 0.0436042
640 0.0436042
641 0.0421799
642 0.0421799
643 0.0421799
644 0.0421799
645 0.0421799
646 0.0421799
647 0.0421642
648 0.0421642
649 0.0409591
650 0.0409591
651 0.0409591
652 0.0409591
653 0.0409591
654 0.0409591
655 0.0409435
656 0.0409435
657 0.0395192
658 0.0395192
659 0.0395192
660 0.0395192
661 0.0395192
662 0.0395192
663 0.0394722
664 0.0394722
665 0.0385801
666 0.0385801
667 0.0385801
668 0.0385801
669 0.0385801
670 0.0385801
671 0.0385175
672 0.0385175
673 0.0372028
674 0.0372028
675 0.0372028
676 0.0372028
677 0.0372028
678 0.0372028
679 0.0371559
680 0.0371559
681 0.0361229
682 0.0361229
683 0.0361229
684 0.0361229
685 0.0361229
686 0.0361229
687 0.0360916
688 0.0360916
689 0.0349491
690 0.0349491
691 0.0349491
692 0.0349491
693 0.0349491
694 0.0349491
695 0.0349334
696 0.0349334
697 0.0337439
698 0.0337439
699 0.0337439
700 0.0337439
701 0.0337439
702 0.0337439
703 0.0337126
704 0.0337126
705 0.0325857
706 0.0325857
707 0.0325857
708 0.0325857
709 0.0325857
710 0.0325857
711 0.0325231
712 0.0325231
713 0.0311302
714 0.0311302
715 0.0311302
716 0.0311302
717 0.0311302
718 0.0311302
719 0.0311302
720 0.0311302
721 0.0300346
722 0.0300346
723 0.0300346
724 0.0300346
725 0.0300346
726 0.0300346
727 0.0300189
728 0.0300189
729 0.0290955
730 0.0290955
731 0.0290955
732 0.0290955
733 0.0290955
734 0.0290955
735 0.0290955
736 0.0290955
737 0.0280312
738 0.0280312
739 0.0280312
740 0.0280312
741 0.0280312
742 0.0280312
743 0.0280156
744 0.0280156
745 0.0272017
746 0.0272017
747 0.0272017
748 0.0272017
749 0.0272017
750 0.0272017
751 0.0271704
752 0.0271704
753 0.0264974
754 0.0264974
755 0.0264974
756 0.0264974
757 0.0264974
758 0.0264974
759 0.0264818
760 0.0264818
761 0.0255897
762 0.0255897
763 0.0255897
764 0.0255897
765 0.0255897
766 0.0255897
767 0.0255897
768 0.0255897
769 0.0249167
770 0.0249167
771 0.0249167
772 0.0249167
773 0.0249167
774 0.0249167
775 0.0248697
776 0.0248697
777 0.0241811
778 0.0241811
779 0.0241811
780 0.0241811
781 0.0241811
782 0.0241811
783 0.0241654
784 0.0241654
785 0.0233515
786 0.0233515
787 0.0233515
788 0.0233515
789 0.0233515
790 0.0233515
791 0.0233515
792 0.0233515
793 0.0225533
794 0.0225533
795 0.0225533
796 0.0225533
797 0.0225533
798 0.0225533
799 0.0225377
800 0.0225377
801 0.0217551
802 0.0217551
803 0.0217551
804 0.0217551
805 0.0217551
806 0.0217551
807 0.0217395
808 0.0217395
809 0.0209256
810 0.0209256
811 0.0209256
812 0.0209256
813 0.0209256
814 0.0209256
815 0.0209256
816 0.0209256
817 0.020503
818 0.020503
819 0.020503
820 0.020503
821 0.020503
822 0.020503
823 0.0204874
824 0.0204874
825 0.019877
826 0.019877
827 0.019877
828 0.019877
829 0.019877
830 0.019877
831 0.0198613
832 0.0198613
833 0.0191414
834 0.0191414
835 0.0191414
836 0.0191414
837 0.0191414
838 0.0191414
839 0.0191257
840 0.0191257
841 0.0185623
842 0.0185623
843 0.0185623
844 0.0185623
845 0.0185623
846 0.0185623
847 0.0185623
848 0.0185623
849 0.0179362
850 0.0179362
851 0.0179362
852 0.0179362
853 0.0179362
854 0.0179362
855 0.0179362
856 0.0179362
857 0.0173415
858 0.0173415
859 0.0173415
860 0.0173415
861 0.0173415
862 0.0173415
863 0.0173415
864 0.0173415
865 0.0167311
866 0.0167311
867 0.0167311
868 0.0167311
869 0.0167311
870 0.0167311
871 0.0167311
872 0.0167311
873 0.0163555
874 0.0163555
875 0.0163555
876 0.0163555
877 0.0163555
878 0.0163555
879 0.0163555
880 0.0163555
881 0.0157607
882 0.0157607
883 0.0157607
884 0.0157607
885 0.0157607
886 0.0157607
887 0.0157451
888 0.0157451
889 0.0154321
890 0.0154321
891 0.0154321
892 0.0154321
893 0.0154321
894 0.0154321
895 0.0154321
896 0.0154321
897 0.0150251
898 0.0150251
899 0.0150251
900 0.0150251
901 0.0150251
902 0.0150251
903 0.0150095
904 0.0150095
905 0.0145399
906 0.0145399
907 0.0145399
908 0.0145399
909 0.0145399
910 0.0145399
911 0.0145399
912 0.0145399
913 0.014133
914 0.014133
915 0.014133
916 0.014133
917 0.014133
918 0.014133
919 0.014133
920 0.014133
921 0.01382
922 0.01382
923 0.01382
924 0.01382
925 0.01382
926 0.01382
927 0.01382
928 0.01382
929 0.013507
930 0.013507
931 0.013507
932 0.013507
933 0.013507
934 0.013507
935 0.013507
936 0.013507
937 0.0131
938 0.0131
939 0.0131
940 0.0131
941 0.0131
942 0.0131
943 0.0130844
944 0.0130844
945 0.0125366
946 0.0125366
947 0.0125366
948 0.0125366
949 0.0125366
950 0.0125366
951 0.0125366
952 0.0125366
953 0.0121453
954 0.0121453
955 0.0121453
956 0.0121453
957 0.0121453
958 0.0121453
959 0.012114
960 0.012114
961 0.0117697
962 0.0117697
963 0.0117697
964 0.0117697
965 0.0117697
966 0.0117697
967 0.0117697
968 0.0117697
969 0.0115662
970 0.0115662
971 0.0115662
972 0.0115662
973 0.0115662
974 0.0115662
975 0.0115193
976 0.0115193
977 0.0111749
978 0.0111749
979 0.0111749
980 0.0111749
981 0.0111749
982 0.0111749
983 0.0111593
984 0.0111593
985 0.0107367
986 0.0107367
987 0.0107367
988 0.0107367
989 0.0107367
990 0.0107367
991 0.0107367
992 0.0107367
993 0.0102046
994 0.0102046
995 0.0102046
996 0.0102046
997 0.0102046
998 0.0102046
999 0.0102046
1000 0.0102046
1001 0.00992284
1002 0.00992284
1003 0.00992284
1004 0.00992284
1005 0.00992284
1006 0.00992284
1007 0.00989154
1008 0.00989154
1009 0.00953156
1010 0.00953156
1011 0.00953156
1012 0.00953156
1013 0.00953156
1014 0.00953156
1015 0.00951591
1016 0.00951591
1017 0.00912463
1018 0.00912463
1019 0.00912463
1020 0.00912463
1021 0.00912463
1022 0.00912463
1023 0.00912463
1024 0.00912463
1025 0.00896812
1026 0.00896812
1027 0.00896812
1028 0.00896812
1029 0.00896812
1030 0.00896812
1031 0.00895247
1032 0.00895247
1033 0.00862379
1034 0.00862379
1035 0.00862379
1036 0.00862379
1037 0.00862379
1038 0.00862379
1039 0.00862379
1040 0.00862379
1041 0.00832642
1042 0.00832642
1043 0.00832642
1044 0.00832642
1045 0.00832642
1046 0.00832642
1047 0.00832642
1048 0.00832642
1049 0.00796644
1050 0.00796644
1051 0.00796644
1052 0.00796644
1053 0.00796644
1054 0.00796644
1055 0.00793514
1056 0.00793514
1057 0.00760647
1058 0.00760647
1059 0.00760647
1060 0.00760647
1061 0.00760647
1062 0.00760647
1063 0.00759082
1064 0.00759082
1065 0.007403
1066 0.007403
1067 0.007403
1068 0.007403
1069 0.007403
1070 0.007403
1071 0.007403
1072 0.007403
1073 0.00712128
1074 0.00712128
1075 0.00712128
1076 0.00712128
1077 0.00712128
1078 0.00712128
1079 0.00712128
1080 0.00712128
1081 0.00687086
1082 0.00687086
1083 0.00687086
1084 0.00687086
1085 0.00687086
1086 0.00687086
1087 0.00687086
1088 0.00687086
1089 0.00674565
1090 0.00674565
1091 0.00674565
1092 0.00674565
1093 0.00674565
1094 0.00674565
1095 0.00674565
1096 0.00674565
1097 0.00655784
1098 0.00655784
1099 0.00655784
1100 0.00655784
1101 0.00655784
1102 0.00655784
1103 0.00655784
1104 0.00655784
1105 0.00644828
1106 0.00644828
1107 0.00644828
1108 0.00644828
1109 0.00644828
1110 0.00644828
1111 0.00644828
1112 0.00644828
1113 0.00622916
1114 0.00622916
1115 0.00622916
1116 0.00622916
1117 0.00622916
1118 0.00622916
1119 0.00622916
1120 0.00622916
1121 0.00615091
1122 0.00615091
1123 0.00615091
1124 0.00615091
1125 0.00615091
1126 0.00615091
1127 0.00615091
1128 0.00615091
1129 0.00594744
1130 0.00594744
1131 0.00594744
1132 0.00594744
1133 0.00594744
1134 0.00594744
1135 0.00594744
1136 0.00594744
1137 0.00580658
1138 0.00580658
1139 0.00580658
1140 0.00580658
1141 0.00580658
1142 0.00580658
1143 0.00580658
1144 0.00580658
1145 0.00566572
1146 0.00566572
1147 0.00566572
1148 0.00566572
1149 0.00566572
1150 0.00566572
1151 0.00566572
1152 0.00566572
1153 0.00550921
1154 0.00550921
1155 0.00550921
1156 0.00550921
1157 0.00550921
1158 0.00550921
1159 0.00550921
1160 0.00550921
1161 0.0053527
1162 0.0053527
1163 0.0053527
1164 0.0053527
1165 0.0053527
1166 0.0053527
1167 0.0053527
1168 0.0053527
1169 0.00519619
1170 0.00519619
1171 0.00519619
1172 0.00519619
1173 0.00519619
1174 0.00519619
1175 0.00518054
1176 0.00518054
1177 0.00508663
1178 0.00508663
1179 0.00508663
1180 0.00508663
1181 0.00508663
1182 0.00508663
1183 0.00507098
1184 0.00507098
1185 0.00496142
1186 0.00496142
1187 0.00496142
1188 0.00496142
1189 0.00496142
1190 0.00496142
1191 0.00494577
1192 0.00494577
1193 0.00480491
1194 0.00480491
1195 0.00480491
1196 0.00480491
1197 0.00480491
1198 0.00480491
1199 0.00480491
1200 0.00480491
1201 0.0046797
1202 0.0046797
1203 0.0046797
1204 0.0046797
1205 0.0046797
1206 0.0046797
1207 0.0046797
1208 0.0046797
1209 0.00455449
1210 0.00455449
1211 0.00455449
1212 0.00455449
1213 0.00455449
1214 0.00455449
1215 0.00455449
1216 0.00455449
1217 0.00441363
1218 0.00441363
1219 0.00441363
1220 0.00441363
1221 0.00441363
1222 0.00441363
1223 0.00439798
1224 0.00439798
1225 0.00422582
1226 0.00422582
1227 0.00422582
1228 0.00422582
1229 0.00422582
1230 0.00422582
1231 0.00422582
1232 0.00422582
1233 0.00408495
1234 0.00408495
1235 0.00408495
1236 0.00408495
1237 0.00408495
1238 0.00408495
1239 0.0040693
1240 0.0040693
1241 0.0039754
1242 0.0039754
1243 0.0039754
1244 0.0039754
1245 0.0039754
1246 0.0039754
1247 0.0039754
1248 0.0039754
1249 0.00386584
1250 0.00386584
1251 0.00386584
1252 0.00386584
1253 0.00386584
1254 0.00386584
1255 0.00386584
1256 0.00386584
1257 0.00374063
1258 0.00374063
1259 0.00374063
1260 0.00374063
1261 0.00374063
1262 0.00374063
1263 0.00374063
1264 0.00374063
1265 0.00364672
1266 0.00364672
1267 0.00364672
1268 0.00364672
1269 0.00364672
1270 0.00364672
1271 0.00363107
1272 0.00363107
1273 0.00352151
1274 0.00352151
1275 0.00352151
1276 0.00352151
1277 0.00352151
1278 0.00352151
1279 0.00352151
1280 0.00352151
1281 0.00342761
1282 0.00342761
1283 0.00342761
1284 0.00342761
1285 0.00342761
1286 0.00342761
1287 0.00342761
1288 0.00342761
1289 0.00331805
1290 0.00331805
1291 0.00331805
1292 0.00331805
1293 0.00331805
1294 0.00331805
1295 0.00331805
1296 0.00331805
1297 0.00320849
1298 0.00320849
1299 0.00320849
1300 0.00320849
1301 0.00320849
1302 0.00320849
1303 0.00320849
1304 0.00320849
1305 0.00308328
1306 0.00308328
1307 0.00308328
1308 0.00308328
1309 0.00308328
1310 0.00308328
1311 0.00308328
1312 0.00308328
1313 0.00295807
1314 0.00295807
1315 0.00295807
1316 0.00295807
1317 0.00295807
1318 0.00295807
1319 0.00295807
1320 0.00295807
1321 0.00280156
1322 0.00280156
1323 0.00280156
1324 0.00280156
1325 0.00280156
1326 0.00280156
1327 0.00280156
1328 0.00280156
1329 0.00273895
1330 0.00273895
1331 0.00273895
1332 0.00273895
1333 0.00273895
1334 0.00273895
1335 0.00273895
1336 0.00273895
1337 0.00264505
1338 0.00264505
1339 0.00264505
1340 0.00264505
1341 0.00264505
1342 0.00264505
1343 0.0026294
1344 0.0026294
1345 0.00250419
1346 0.00250419
1347 0.00250419
1348 0.00250419
1349 0.00250419
1350 0.00250419
1351 0.00250419
1352 0.00250419
1353 0.00247288
1354 0.00247288
1355 0.00247288
1356 0.00247288
1357 0.00247288
1358 0.00247288
1359 0.00247288
1360 0.00247288
1361 0.00233202
1362 0.00233202
1363 0.00233202
1364 0.00233202
1365 0.00233202
1366 0.00233202
1367 0.00233202
1368 0.00233202
1369 0.00225377
1370 0.00225377
1371 0.00225377
1372 0.00225377
1373 0.00225377
1374 0.00225377
1375 0.00225377
1376 0.00225377
1377 0.00217551
1378 0.00217551
1379 0.00217551
1380 0.00217551
1381 0.00217551
1382 0.00217551
1383 0.00217551
1384 0.00217551
1385 0.00211291
1386 0.00211291
1387 0.00211291
1388 0.00211291
1389 0.00211291
1390 0.00211291
1391 0.00211291
1392 0.00211291
1393 0.00203465
1394 0.00203465
1395 0.00203465
1396 0.00203465
1397 0.00203465
1398 0.00203465
1399 0.00203465
1400 0.00203465
1401 0.00194074
1402 0.00194074
1403 0.00194074
1404 0.00194074
1405 0.00194074
1406 0.00194074
1407 0.00194074
1408 0.00194074
1409 0.00189379
1410 0.00189379
1411 0.00189379
1412 0.00189379
1413 0.00189379
1414 0.00189379
1415 0.00189379
1416 0.00189379
1417 0.00186249
1418 0.00186249
1419 0.00186249
1420 0.00186249
1421 0.00186249
1422 0.00186249
1423 0.00186249
1424 0.00186249
1425 0.00178423
1426 0.00178423
1427 0.00178423
1428 0.00178423
1429 0.00178423
1430 0.00178423
1431 0.00178423
1432 0.00178423
1433 0.00173728
1434 0.00173728
1435 0.00173728
1436 0.00173728
1437 0.00173728
1438 0.00173728
1439 0.00172163
1440 0.00172163
1441 0.00167467
1442 0.00167467
1443 0.00167467
1444 0.00167467
1445 0.00167467
1446 0.00167467
1447 0.00167467
1448 0.00167467
1449 0.00158077
1450 0.00158077
1451 0.00158077
1452 0.00158077
1453 0.00158077
1454 0.00158077
1455 0.00158077
1456 0.00158077
1457 0.00153381
1458 0.00153381
1459 0.00153381
1460 0.00153381
1461 0.00153381
1462 0.00153381
1463 0.00153381
1464 0.00153381
1465 0.00148686
1466 0.00148686
1467 0.00148686
1468 0.00148686
1469 0.00148686
1470 0.00148686
1471 0.00148686
1472 0.00148686
1473 0.00140861
1474 0.00140861
1475 0.00140861
1476 0.00140861
1477 0.00140861
1478 0.00140861
1479 0.00140861
1480 0.00140861
1481 0.0012834
1482 0.0012834
1483 0.0012834
1484 0.0012834
1485 0.0012834
1486 0.0012834
1487 0.0012834
1488 0.0012834
1489 0.00125209
1490 0.00125209
1491 0.00125209
1492 0.00125209
1493 0.00125209
1494 0.00125209
1495 0.00125209
1496 0.00125209
1497 0.00123644
1498 0.00123644
1499 0.00123644
1500 0.00123644
1501 0.00123644
1502 0.00123644
1503 0.00123644
1504 0.00123644
1505 0.00122079
1506 0.00122079
1507 0.00122079
1508 0.00122079
1509 0.00122079
1510 0.00122079
1511 0.00122079
1512 0.00122079
1513 0.00120514
1514 0.00120514
1515 0.00120514
1516 0.00120514
1517 0.00120514
1518 0.00120514
1519 0.00120514
1520 0.00120514
1521 0.00117384
1522 0.00117384
1523 0.00117384
1524 0.00117384
1525 0.00117384
1526 0.00117384
1527 0.00117384
1528 0.00117384
1529 0.00111123
1530 0.00111123
1531 0.00111123
1532 0.00111123
1533 0.00111123
1534 0.00111123
1535 0.00111123
1536 0.00111123
1537 0.00109558
1538 0.00109558
1539 0.00109558
1540 0.00109558
1541 0.00109558
1542 0.00109558
1543 0.00109558
1544 0.00109558
1545 0.00101733
1546 0.00101733
1547 0.00101733
1548 0.00101733
1549 0.00101733
1550 0.00101733
1551 0.00100167
1552 0.00100167
1553 0.000970372
1554 0.000970372
1555 0.000970372
1556 0.000970372
1557 0.000970372
1558 0.000970372
1559 0.000970372
1560 0.000970372
1561 0.000923419
1562 0.000923419
1563 0.000923419
1564 0.000923419
1565 0.000923419
1566 0.000923419
1567 0.000923419
1568 0.000923419
1569 0.000907768
1570 0.000907768
1571 0.000907768
1572 0.000907768
1573 0.000907768
1574 0.000907768
1575 0.000907768
1576 0.000907768
1577 0.000892117
1578 0.000892117
1579 0.000892117
1580 0.000892117
1581 0.000892117
1582 0.000892117
1583 0.000876465
1584 0.000876465
1585 0.000876465
1586 0.000876465
1587 0.000876465
1588 0.000876465
1589 0.000876465
1590 0.000876465
1591 0.000876465
1592 0.000876465
1593 0.000845163
1594 0.000845163
1595 0.000845163
1596 0.000845163
1597 0.000845163
1598 0.000845163
1599 0.000845163
1600 0.000845163
1601 0.000829512
1602 0.000829512
1603 0.000829512
1604 0.000829512
1605 0.000829512
1606 0.000829512
1607 0.000829512
1608 0.000829512
1609 0.000782558
1610 0.000782558
1611 0.000782558
1612 0.000782558
1613 0.000782558
1614 0.000782558
1615 0.000782558
1616 0.000782558
1617 0.000766907
1618 0.000766907
1619 0.000766907
1620 0.000766907
1621 0.000766907
1622 0.000766907
1623 0.000766907
1624 0.000766907
1625 0.000719954
1626 0.000719954
1627 0.000719954
1628 0.000719954
1629 0.000719954
1630 0.000719954
1631 0.000688651
1632 0.000688651
1633 0.000657349
1634 0.000657349
1635 0.000657349
1636 0.000657349
1637 0.000657349
1638 0.000657349
1639 0.000657349
1640 0.000657349
1641 0.000641698
1642 0.000641698
1643 0.000641698
1644 0.000641698
1645 0.000641698
1646 0.000641698
1647 0.000641698
1648 0.000641698
1649 0.000641698
1650 0.000641698
1651 0.000641698
1652 0.000641698
1653 0.000641698
1654 0.000641698
1655 0.000641698
1656 0.000641698
1657 0.000626047
1658 0.000626047
1659 0.000626047
1660 0.000626047
1661 0.000626047
1662 0.000626047
1663 0.000626047
1664 0.000626047
1665 0.000610396
1666 0.000610396
1667 0.000610396
1668 0.000610396
1669 0.000610396
1670 0.000610396
1671 0.000610396
1672 0.000610396
1673 0.000594744
1674 0.000594744
1675 0.000594744
1676 0.000594744
1677 0.000594744
1678 0.000594744
1679 0.000594744
1680 0.000594744
1681 0.000547791
1682 0.000547791
1683 0.000547791
1684 0.000547791
1685 0.000547791
1686 0.000547791
1687 0.000547791
1688 0.000547791
1689 0.000516489
1690 0.000516489
1691 0.000516489
1692 0.000516489
1693 0.000516489
1694 0.000516489
1695 0.000516489
1696 0.000516489
1697 0.000500837
1698 0.000500837
1699 0.000500837
1700 0.000500837
1701 0.000500837
1702 0.000500837
1703 0.000500837
1704 0.000500837
1705 0.000469535
1706 0.000469535
1707 0.000469535
1708 0.000469535
1709 0.000469535
1710 0.000469535
1711 0.000469535
1712 0.000469535
1713 0.000469535
1714 0.000469535
1715 0.000469535
1716 0.000469535
1717 0.000469535
1718 0.000469535
1719 0.000469535
1720 0.000469535
1721 0.000469535
1722 0.000469535
1723 0.000469535
1724 0.000469535
1725 0.000469535
1726 0.000469535
1727 0.000469535
1728 0.000469535
1729 0.000469535
1730 0.000469535
1731 0.000469535
1732 0.000469535
1733 0.000469535
1734 0.000469535
1735 0.000469535
1736 0.000469535
1737 0.000453884
1738 0.000453884
1739 0.000453884
1740 0.000453884
1741 0.000453884
1742 0.000453884
1743 0.000453884
1744 0.000453884
1745 0.000453884
1746 0.000453884
1747 0.000453884
1748 0.000453884
1749 0.000453884
1750 0.000453884
1751 0.000453884
1752 0.000453884
1753 0.000438233
1754 0.000438233
1755 0.000438233
1756 0.000438233
1757 0.000438233
1758 0.000438233
1759 0.000438233
1760 0.000438233
1761 0.000438233
1762 0.000438233
1763 0.000438233
1764 0.000438233
1765 0.000438233
1766 0.000438233
1767 0.000438233
1768 0.000438233
1769 0.000422582
1770 0.000422582
1771 0.000422582
1772 0.000422582
1773 0.000422582
1774 0.000422582
1775 0.000422582
1776 0.000422582
1777 0.00040693
1778 0.00040693
1779 0.00040693
1780 0.00040693
1781 0.00040693
1782 0.00040693
1783 0.00040693
1784 0.00040693
1785 0.00040693
1786 0.00040693
1787 0.00040693
1788 0.00040693
1789 0.00040693
1790 0.00040693
1791 0.00040693
1792 0.00040693
1793 0.000375628
1794 0.000375628
1795 0.000375628
1796 0.000375628
1797 0.000375628
1798 0.000375628
1799 0.000375628
1800 0.000375628
1801 0.000375628
1802 0.000375628
1803 0.000375628
1804 0.000375628
1805 0.000375628
1806 0.000375628
1807 0.000375628
1808 0.000375628
1809 0.000344326
1810 0.000344326
1811 0.000344326
1812 0.000344326
1813 0.000344326
1814 0.000344326
1815 0.000344326
1816 0.000344326
1817 0.000344326
1818 0.000344326
1819 0.000344326
1820 0.000344326
1821 0.000344326
1822 0.000344326
1823 0.000344326
1824 0.000344326
1825 0.000344326
1826 0.000344326
1827 0.000344326
1828 0.000344326
1829 0.000344326
1830 0.000344326
1831 0.000344326
1832 0.000344326
1833 0.000328675
1834 0.000328675
1835 0.000328675
1836 0.000328675
1837 0.000328675
1838 0.000328675
1839 0.000328675
1840 0.000328675
1841 0.000328675
1842 0.000328675
1843 0.000328675
1844 0.000328675
1845 0.000328675
1846 0.000328675
1847 0.000313023
1848 0.000313023
1849 0.000281721
1850 0.000281721
1851 0.000281721
1852 0.000281721
1853 0.000281721
1854 0.000281721
1855 0.000281721
1856 0.000281721
1857 0.00026607
1858 0.00026607
1859 0.00026607
1860 0.00026607
1861 0.00026607
1862 0.00026607
1863 0.00026607
1864 0.00026607
1865 0.00026607
1866 0.00026607
1867 0.00026607
1868 0.00026607
1869 0.00026607
1870 0.00026607
1871 0.00026607
1872 0.00026607
1873 0.00026607
1874 0.00026607
1875 0.00026607
1876 0.00026607
1877 0.00026607
1878 0.00026607
1879 0.00026607
1880 0.00026607
1881 0.000250419
1882 0.000250419
1883 0.000250419
1884 0.000250419
1885 0.000250419
1886 0.000250419
1887 0.000250419
1888 0.000250419
1889 0.000250419
1890 0.000250419
1891 0.000250419
1892 0.000250419
1893 0.000250419
1894 0.000250419
1895 0.000250419
1896 0.000250419
1897 0.000250419
1898 0.000250419
1899 0.000250419
1900 0.000250419
1901 0.000250419
1902 0.000250419
1903 0.000250419
1904 0.000250419
1905 0.000250419
1906 0.000250419
1907 0.000250419
1908 0.000250419
1909 0.000250419
1910 0.000250419
1911 0.000250419
1912 0.000250419
1913 0.000250419
1914 0.000250419
1915 0.000250419
1916 0.000250419
1917 0.000250419
1918 0.000250419
1919 0.000250419
1920 0.000250419
1921 0.000234768
1922 0.000234768
1923 0.000234768
1924 0.000234768
1925 0.000234768
1926 0.000234768
1927 0.000234768
1928 0.000234768
1929 0.000203465
1930 0.000203465
1931 0.000203465
1932 0.000203465
1933 0.000203465
1934 0.000203465
1935 0.000203465
1936 0.000203465
1937 0.000203465
1938 0.000203465
1939 0.000203465
1940 0.000203465
1941 0.000203465
1942 0.000203465
1943 0.000203465
1944 0.000203465
1945 0.000203465
1946 0.000203465
1947 0.000203465
1948 0.000203465
1949 0.000203465
1950 0.000203465
1951 0.000203465
1952 0.000203465
1953 0.000203465
1954 0.000203465
1955 0.000203465
1956 0.000203465
1957 0.000203465
1958 0.000203465
1959 0.000203465
1960 0.000203465
1961 0.000203465
1962 0.000203465
1963 0.000203465
1964 0.000203465
1965 0.000203465
1966 0.000203465
1967 0.000203465
1968 0.000203465
1969 0.000187814
1970 0.000187814
1971 0.000187814
1972 0.000187814
1973 0.000187814
1974 0.000187814
1975 0.000187814
1976 0.000187814
1977 0.000172163
1978 0.000172163
1979 0.000172163
1980 0.000172163
1981 0.000172163
1982 0.000172163
1983 0.000172163
1984 0.000172163
1985 0.000172163
1986 0.000172163
1987 0.000172163
1988 0.000172163
1989 0.000172163
1990 0.000172163
1991 0.000172163
1992 0.000172163
1993 0.000172163
1994 0.000172163
1995 0.000172163
1996 0.000172163
1997 0.000172163
1998 0.000172163
1999 0.000172163
2000 0.000172163
2001 0.000172163
2002 0.000172163
2003 0.000172163
2004 0.000172163
2005 0.000172163
2006 0.000172163
2007 0.000172163
2008 0.000172163
2009 0.000156512
2010 0.000156512
2011 0.000156512
2012 0.000156512
2013 0.000156512
2014 0.000156512
2015 0.000156512
2016 0.000156512
2017 0.000156512
2018 0.000156512
2019 0.000156512
2020 0.000156512
2021 0.000156512
2022 0.000156512
2023 0.000156512
2024 0.000156512
2025 0.000140861
2026 0.000140861
2027 0.000140861
2028 0.000140861
2029 0.000140861
2030 0.000140861
2031 0.000140861
2032 0.000140861
2033 0.000140861
2034 0.000140861
2035 0.000140861
2036 0.000140861
2037 0.000140861
2038 0.000140861
2039 0.000140861
2040 0.000140861
2041 0.000140861
2042 0.000140861
2043 0.000140861
2044 0.000140861
2045 0.000140861
2046 0.000140861
2047 0.000140861
2048 0.000140861
2049 0.000140861
2050 0.000140861
2051 0.000140861
2052 0.000140861
2053 0.000140861
2054 0.000140861
2055 0.000140861
2056 0.000140861
2057 0.000140861
2058 0.000140861
2059 0.000140861
2060 0.000140861
2061 0.000140861
2062 0.000140861
2063 0.000140861
2064 0.000140861
2065 0.000140861
2066 0.000140861
2067 0.000140861
2068 0.000140861
2069 0.000140861
2070 0.000140861
2071 0.000140861
2072 0.000140861
2073 0.000140861
2074 0.000140861
2075 0.000140861
2076 0.000140861
2077 0.000140861
2078 0.000140861
2079 0.000140861
2080 0.000140861
2081 0.000140861
2082 0.000140861
2083 0.000140861
2084 0.000140861
2085 0.000140861
2086 0.000140861
2087 0.000140861
2088 0.000140861
2089 0.000140861
2090 0.000140861
2091 0.000140861
2092 0.000140861
2093 0.000140861
2094 0.000140861
2095 0.000140861
2096 0.000140861
2097 0.000140861
2098 0.000140861
2099 0.000140861
2100 0.000140861
2101 0.000140861
2102 0.000140861
2103 0.000140861
2104 0.000140861
2105 0.000140861
2106 0.000140861
2107 0.000140861
2108 0.000140861
2109 0.000140861
2110 0.000140861
2111 0.000140861
2112 0.000140861
2113 0.000140861
2114 0.000140861
2115 0.000140861
2116 0.000140861
2117 0.000140861
2118 0.000140861
2119 0.000140861
2120 0.000140861
2121 0.000125209
2122 0.000125209
2123 0.000125209
2124 0.000125209
2125 0.000125209
2126 0.000125209
2127 0.000125209
2128 0.000125209
2129 0.000125209
2130 0.000125209
2131 0.000125209
2132 0.000125209
2133 0.000125209
2134 0.000125209
2135 0.000125209
2136 0.000125209
2137 0.000125209
2138 0.000125209
2139 0.000125209
2140 0.000125209
2141 0.000125209
2142 0.000125209
2143 0.000125209
2144 0.000125209
2145 0.000125209
2146 0.000125209
2147 0.000125209
2148 0.000125209
2149 0.000125209
2150 0.000125209
2151 0.000125209
2152 0.000125209
2153 9.3907e-05
2154 9.3907e-05
2155 9.3907e-05
2156 9.3907e-05
2157 9.3907e-05
2158 9.3907e-05
2159 9.3907e-05
2160 9.3907e-05
2161 9.3907e-05
2162 9.3907e-05
2163 9.3907e-05
2164 9.3907e-05
2165 9.3907e-05
2166 9.3907e-05
2167 9.3907e-05
2168 9.3907e-05
2169 9.3907e-05
2170 9.3907e-05
2171 9.3907e-05
2172 9.3907e-05
2173 9.3907e-05
2174 9.3907e-05
2175 9.3907e-05
2176 9.3907e-05
2177 9.3907e-05
2178 9.3907e-05
2179 9.3907e-05
2180 9.3907e-05
2181 9.3907e-05
2182 9.3907e-05
2183 9.3907e-05
2184 9.3907e-05
2185 9.3907e-05
2186 9.3907e-05
2187 9.3907e-05
2188 9.3907e-05
2189 9.3907e-05
2190 9.3907e-05
2191 9.3907e-05
2192 9.3907e-05
2193 9.3907e-05
2194 9.3907e-05
2195 9.3907e-05
2196 9.3907e-05
2197 9.3907e-05
2198 9.3907e-05
2199 9.3907e-05
2200 9.3907e-05
2201 9.3907e-05
2202 9.3907e-05
2203 9.3907e-05
2204 9.3907e-05
2205 9.3907e-05
2206 9.3907e-05
2207 9.3907e-05
2208 9.3907e-05
2209 9.3907e-05
2210 9.3907e-05
2211 9.3907e-05
2212 9.3907e-05
2213 9.3907e-05
2214 9.3907e-05
2215 9.3907e-05
2216 9.3907e-05
2217 9.3907e-05
2218 9.3907e-05
2219 9.3907e-05
2220 9.3907e-05
2221 9.3907e-05
2222 9.3907e-05
2223 9.3907e-05
2224 9.3907e-05
2225 9.3907e-05
2226 9.3907e-05
2227 9.3907e-05
2228 9.3907e-05
2229 9.3907e-05
2230 9.3907e-05
2231 9.3907e-05
2232 9.3907e-05
2233 9.3907e-05
2234 9.3907e-05
2235 9.3907e-05
2236 9.3907e-05
2237 9.3907e-05
2238 9.3907e-05
2239 9.3907e-05
2240 9.3907e-05
2241 9.3907e-05
2242 9.3907e-05
2243 9.3907e-05
2244 9.3907e-05
2245 9.3907e-05
2246 9.3907e-05
2247 9.3907e-05
2248 9.3907e-05
2249 9.3907e-05
2250 9.3907e-05
2251 9.3907e-05
2252 9.3907e-05
2253 9.3907e-05
2254 9.3907e-05
2255 9.3907e-05
2256 9.3907e-05
2257 9.3907e-05
2258 9.3907e-05
2259 9.3907e-05
2260 9.3907e-05
2261 9.3907e-05
2262 9.3907e-05
2263 9.3907e-05
2264 9.3907e-05
2265 7.82558e-05
2266 7.82558e-05
2267 7.82558e-05
2268 7.82558e-05
2269 7.82558e-05
2270 7.82558e-05
2271 7.82558e-05
2272 7.82558e-05
2273 7.82558e-05
2274 7.82558e-05
2275 7.82558e-05
2276 7.82558e-05
2277 7.82558e-05
2278 7.82558e-05
2279 7.82558e-05
2280 7.82558e-05
2281 7.82558e-05
2282 7.82558e-05
2283 7.82558e-05
2284 7.82558e-05
2285 7.82558e-05
2286 7.82558e-05
2287 7.82558e-05
2288 7.82558e-05
2289 7.82558e-05
2290 7.82558e-05
2291 7.82558e-05
2292 7.82558e-05
2293 7.82558e-05
2294 7.82558e-05
2295 7.82558e-05
2296 7.82558e-05
2297 7.82558e-05
2298 7.82558e-05
2299 7.82558e-05
2300 7.82558e-05
2301 7.82558e-05
2302 7.82558e-05
2303 7.82558e-05
2304 7.82558e-05
2305 7.82558e-05
2306 7.82558e-05
2307 7.82558e-05
2308 7.82558e-05
2309 7.82558e-05
2310 7.82558e-05
2311 7.82558e-05
2312 7.82558e-05
2313 7.82558e-05
2314 7.82558e-05
2315 7.82558e-05
2316 7.82558e-05
2317 7.82558e-05
2318 7.82558e-05
2319 7.82558e-05
2320 7.82558e-05
2321 7.82558e-05
2322 7.82558e-05
2323 7.82558e-05
2324 7.82558e-05
2325 7.82558e-05
2326 7.82558e-05
2327 7.82558e-05
2328 7.82558e-05
2329 7.82558e-05
2330 7.82558e-05
2331 7.82558e-05
2332 7.82558e-05
2333 7.82558e-05
2334 7.82558e-05
2335 7.82558e-05
2336 7.82558e-05
2337 7.82558e-05
2338 7.82558e-05
2339 7.82558e-05
2340 7.82558e-05
2341 7.82558e-05
2342 7.82558e-05
2343 7.82558e-05
2344 7.82558e-05
2345 7.82558e-05
2346 7.82558e-05
2347 7.82558e-05
2348 7.82558e-05
2349 7.82558e-05
2350 7.82558e-05
2351 7.82558e-05
2352 7.82558e-05
2353 7.82558e-05
2354 7.82558e-05
2355 7.82558e-05
2356 7.82558e-05
2357 7.82558e-05
2358 7.82558e-05
2359 7.82558e-05
2360 7.82558e-05
2361 7.82558e-05
2362 7.82558e-05
2363 7.82558e-05
2364 7.82558e-05
2365 7.82558e-05
2366 7.82558e-05
2367 7.82558e-05
2368 7.82558e-05
2369 7.82558e-05
2370 7.82558e-05
2371 7.82558e-05
2372 7.82558e-05
2373 7.82558e-05
2374 7.82558e-05
2375 7.82558e-05
2376 7.82558e-05
2377 7.82558e-05
2378 7.82558e-05
2379 7.82558e-05
2380 7.82558e-05
2381 7.82558e-05
2382 7.82558e-05
2383 7.82558e-05
2384 7.82558e-05
2385 7.82558e-05
2386 7.82558e-05
2387 7.82558e-05
2388 7.82558e-05
2389 7.82558e-05
2390 7.82558e-05
2391 7.82558e-05
2392 7.82558e-05
2393 7.82558e-05
2394 7.82558e-05
2395 7.82558e-05
2396 7.82558e-05
2397 7.82558e-05
2398 7.82558e-05
2399 7.82558e-05
2400 7.82558e-05
2401 7.82558e-05
2402 7.82558e-05
2403 7.82558e-05
2404 7.82558e-05
2405 7.82558e-05
2406 7.82558e-05
2407 7.82558e-05
2408 7.82558e-05
2409 7.82558e-05
2410 7.82558e-05
2411 7.82558e-05
2412 7.82558e-05
2413 7.82558e-05
2414 7.82558e-05
2415 7.82558e-05
2416 7.82558e-05
2417 7.82558e-05
2418 7.82558e-05
2419 7.82558e-05
2420 7.82558e-05
2421 7.82558e-05
2422 7.82558e-05
2423 7.82558e-05
2424 7.82558e-05
2425 7.82558e-05
2426 7.82558e-05
2427 7.82558e-05
2428 7.82558e-05
2429 7.82558e-05
2430 7.82558e-05
2431 7.82558e-05
2432 7.82558e-05
2433 7.82558e-05
2434 7.82558e-05
2435 7.82558e-05
2436 7.82558e-05
2437 7.82558e-05
2438 7.82558e-05
2439 7.82558e-05
2440 7.82558e-05
2441 7.82558e-05
2442 7.82558e-05
2443 7.82558e-05
2444 7.82558e-05
2445 7.82558e-05
2446 7.82558e-05
2447 7.82558e-05
2448 7.82558e-05
2449 7.82558e-05
2450 7.82558e-05
2451 7.82558e-05
2452 7.82558e-05
2453 7.82558e-05
2454 7.82558e-05
2455 7.82558e-05
2456 7.82558e-05
2457 7.82558e-05
2458 7.82558e-05
2459 7.82558e-05
2460 7.82558e-05
2461 7.82558e-05
2462 7.82558e-05
2463 7.82558e-05
2464 7.82558e-05
2465 7.82558e-05
2466 7.82558e-05
2467 7.82558e-05
2468 7.82558e-05
2469 7.82558e-05
2470 7.82558e-05
2471 7.82558e-05
2472 7.82558e-05
2473 7.82558e-05
2474 7.82558e-05
2475 7.82558e-05
2476 7.82558e-05
2477 7.82558e-05
2478 7.82558e-05
2479 7.82558e-05
2480 7.82558e-05
2481 6.26047e-05
2482 6.26047e-05
2483 6.26047e-05
2484 6.26047e-05
2485 6.26047e-05
2486 6.26047e-05
2487 6.26047e-05
2488 6.26047e-05
2489 6.26047e-05
2490 6.26047e-05
2491 6.26047e-05
2492 6.26047e-05
2493 6.26047e-05
2494 6.26047e-05
2495 6.26047e-05
2496 6.26047e-05
2497 6.26047e-05
2498 6.26047e-05
2499 6.26047e-05
2500 6.26047e-05
2501 6.26047e-05
2502 6.26047e-05
2503 6.26047e-05
2504 6.26047e-05
2505 6.26047e-05
2506 6.26047e-05
2507 6.26047e-05
2508 6.26047e-05
2509 6.26047e-05
2510 6.26047e-05
2511 6.26047e-05
2512 6.26047e-05
2513 6.26047e-05
2514 6.26047e-05
2515 6.26047e-05
2516 6.26047e-05
2517 6.26047e-05
2518 6.26047e-05
2519 6.26047e-05
2520 6.26047e-05
2521 4.69535e-05
2522 4.69535e-05
2523 4.69535e-05
2524 4.69535e-05
2525 4.69535e-05
2526 4.69535e-05
2527 4.69535e-05
2528 4.69535e-05
2529 4.69535e-05
2530 4.69535e-05
2531 4.69535e-05
2532 4.69535e-05
2533 4.69535e-05
2534 4.69535e-05
2535 4.69535e-05
2536 4.69535e-05
2537 4.69535e-05
2538 4.69535e-05
2539 4.69535e-05
2540 4.69535e-05
2541 4.69535e-05
2542 4.69535e-05
2543 4.69535e-05
2544 4.69535e-05
2545 4.69535e-05
2546 4.69535e-05
2547 4.69535e-05
2548 4.69535e-05
2549 4.69535e-05
2550 4.69535e-05
2551 4.69535e-05
2552 4.69535e-05
2553 4.69535e-05
2554 4.69535e-05
2555 4.69535e-05
2556 4.69535e-05
2557 4.69535e-05
2558 4.69535e-05
2559 4.69535e-05
2560 4.69535e-05
2561 4.69535e-05
2562 4.69535e-05
2563 4.69535e-05
2564 4.69535e-05
2565 4.69535e-05
2566 4.69535e-05
2567 4.69535e-05
2568 4.69535e-05
2569 3.13023e-05
2570 3.13023e-05
2571 3.13023e-05
2572 3.13023e-05
2573 3.13023e-05
2574 3.13023e-05
2575 3.13023e-05
2576 3.13023e-05
2577 3.13023e-05
2578 3.13023e-05
2579 3.13023e-05
2580 3.13023e-05
2581 3.13023e-05
2582 3.13023e-05
2583 3.13023e-05
2584 3.13023e-05
2585 3.13023e-05
2586 3.13023e-05
2587 3.13023e-05
2588 3.13023e-05
2589 3.13023e-05
2590 3.13023e-05
2591 3.13023e-05
2592 3.13023e-05
2593 3.13023e-05
2594 3.13023e-05
2595 3.13023e-05
2596 3.13023e-05
2597 3.13023e-05
2598 3.13023e-05
2599 3.13023e-05
2600 3.13023e-05
2601 3.13023e-05
2602 3.13023e-05
2603 3.13023e-05
2604 3.13023e-05
2605 3.13023e-05
2606 3.13023e-05
2607 3.13023e-05
2608 3.13023e-05
2609 3.13023e-05
2610 3.13023e-05
2611 3.13023e-05
2612 3.13023e-05
2613 3.13023e-05
2614 3.13023e-05
2615 3.13023e-05
2616 3.13023e-05
2617 3.13023e-05
2618 3.13023e-05
2619 3.13023e-05
2620 3.13023e-05
2621 3.13023e-05
2622 3.13023e-05
2623 3.13023e-05
2624 3.13023e-05
2625 3.13023e-05
2626 3.13023e-05
2627 3.13023e-05
2628 3.13023e-05
2629 3.13023e-05
2630 3.13023e-05
2631 3.13023e-05
2632 3.13023e-05
2633 3.13023e-05
2634 3.13023e-05
2635 3.13023e-05
2636 3.13023e-05
2637 3.13023e-05
2638 3.13023e-05
2639 3.13023e-05
2640 3.13023e-05
2641 3.13023e-05
2642 3.13023e-05
2643 3.13023e-05
2644 3.13023e-05
2645 3.13023e-05
2646 3.13023e-05
2647 3.13023e-05
2648 3.13023e-05
2649 3.13023e-05
2650 3.13023e-05
2651 3.13023e-05
2652 3.13023e-05
2653 3.13023e-05
2654 3.13023e-05
2655 3.13023e-05
2656 3.13023e-05
2657 3.13023e-05
2658 3.13023e-05
2659 3.13023e-05
2660 3.13023e-05
2661 3.13023e-05
2662 3.13023e-05
2663 3.13023e-05
2664 3.13023e-05
2665 3.13023e-05
2666 3.13023e-05
2667 3.13023e-05
2668 3.13023e-05
2669 3.13023e-05
2670 3.13023e-05
2671 3.13023e-05
2672 3.13023e-05
2673 3.13023e-05
2674 3.13023e-05
2675 3.13023e-05
2676 3.13023e-05
2677 3.13023e-05
2678 3.13023e-05
2679 3.13023e-05
2680 3.13023e-05
2681 3.13023e-05
2682 3.13023e-05
2683 3.13023e-05
2684 3.13023e-05
2685 3.13023e-05
2686 3.13023e-05
2687 3.13023e-05
2688 3.13023e-05
2689 3.13023e-05
2690 3.13023e-05
2691 3.13023e-05
2692 3.13023e-05
2693 3.13023e-05
2694 3.13023e-05
2695 3.13023e-05
2696 3.13023e-05
2697 3.13023e-05
2698 3.13023e-05
2699 3.13023e-05
2700 3.13023e-05
2701 3.13023e-05
2702 3.13023e-05
2703 3.13023e-05
2704 3.13023e-05
2705 3.13023e-05
2706 3.13023e-05
2707 3.13023e-05
2708 3.13023e-05
2709 3.13023e-05
2710 3.13023e-05
2711 3.13023e-05
2712 3.13023e-05
2713 3.13023e-05
2714 3.13023e-05
2715 3.13023e-05
2716 3.13023e-05
2717 3.13023e-05
2718 3.13023e-05
2719 3.13023e-05
2720 3.13023e-05
2721 3.13023e-05
2722 3.13023e-05
2723 3.13023e-05
2724 3.13023e-05
2725 3.13023e-05
2726 3.13023e-05
2727 3.13023e-05
2728 3.13023e-05
2729 3.13023e-05
2730 3.13023e-05
2731 3.13023e-05
2732 3.13023e-05
2733 3.13023e-05
2734 3.13023e-05
2735 3.13023e-05
2736 3.13023e-05
2737 3.13023e-05
2738 3.13023e-05
2739 3.13023e-05
2740 3.13023e-05
2741 3.13023e-05
2742 3.13023e-05
2743 3.13023e-05
2744 3.13023e-05
2745 3.13023e-05
2746 3.13023e-05
2747 3.13023e-05
2748 3.13023e-05
2749 3.13023e-05
2750 3.13023e-05
2751 3.13023e-05
2752 3.13023e-05
2753 3.13023e-05
2754 3.13023e-05
2755 3.13023e-05
2756 3.13023e-05
2757 3.13023e-05
2758 3.13023e-05
2759 3.13023e-05
2760 3.13023e-05
2761 3.13023e-05
2762 3.13023e-05
2763 3.13023e-05
2764 3.13023e-05
2765 3.13023e-05
2766 3.13023e-05
2767 3.13023e-05
2768 3.13023e-05
2769 1.56512e-05
2770 1.56512e-05
2771 1.56512e-05
2772 1.56512e-05
2773 1.56512e-05
2774 1.56512e-05
2775 1.56512e-05
2776 1.56512e-05
