0 1
1 1
2 1
3 1
4 1
5 1
6 1
7 1
8 1
9 1
10 1
11 1
12 1
13 1
14 1
15 1
16 1
17 1
18 1
19 1
20 1
21 1
22 1
23 0.999732
24 0.999732
25 0.914255
26 0.914255
27 0.914255
28 0.914255
29 0.914255
30 0.914255
31 0.913987
32 0.913987
33 0.833601
34 0.833601
35 0.833601
36 0.833601
37 0.833601
38 0.833601
39 0.833601
40 0.833601
41 0.754823
42 0.754823
43 0.754823
44 0.754823
45 0.754823
46 0.754823
47 0.754823
48 0.754823
49 0.675509
50 0.675509
51 0.675509
52 0.675509
53 0.675509
54 0.675509
55 0.675509
56 0.675509
57 0.608253
58 0.608253
59 0.608253
60 0.608253
61 0.608253
62 0.608253
63 0.607985
64 0.607985
65 0.548767
66 0.548767
67 0.548767
68 0.548767
69 0.548767
70 0.548767
71 0.548499
72 0.548499
73 0.487138
74 0.487138
75 0.487138
76 0.487138
77 0.487138
78 0.487138
79 0.48687
80 0.48687
81 0.438371
82 0.438371
83 0.438371
84 0.438371
85 0.438371
86 0.438371
87 0.438103
88 0.438103
89 0.396302
90 0.396302
91 0.396302
92 0.396302
93 0.396302
94 0.396302
95 0.396302
96 0.396302
97 0.351018
98 0.351018
99 0.351018
100 0.351018
101 0.351018
102 0.351018
103 0.351018
104 0.351018
105 0.316452
106 0.316452
107 0.316452
108 0.316452
109 0.316452
110 0.316452
111 0.316452
112 0.316452
113 0.28403
114 0.28403
115 0.28403
116 0.28403
117 0.28403
118 0.28403
119 0.28403
120 0.28403
121 0.254555
122 0.254555
123 0.254555
124 0.254555
125 0.254555
126 0.254555
127 0.254555
128 0.254555
129 0.226152
130 0.226152
131 0.226152
132 0.226152
133 0.226152
134 0.226152
135 0.226152
136 0.226152
137 0.20418
138 0.20418
139 0.20418
140 0.20418
141 0.20418
142 0.20418
143 0.20418
144 0.20418
145 0.185423
146 0.185423
147 0.185423
148 0.185423
149 0.185423
150 0.185423
151 0.185423
152 0.185423
153 0.165595
154 0.165595
155 0.165595
156 0.165595
157 0.165595
158 0.165595
159 0.165595
160 0.165595
161 0.14657
162 0.14657
163 0.14657
164 0.14657
165 0.14657
166 0.14657
167 0.14657
168 0.14657
169 0.134512
170 0.134512
171 0.134512
172 0.134512
173 0.134512
174 0.134512
175 0.134512
176 0.134512
177 0.121651
178 0.121651
179 0.121651
180 0.121651
181 0.121651
182 0.121651
183 0.121651
184 0.121651
185 0.110129
186 0.110129
187 0.110129
188 0.110129
189 0.110129
190 0.110129
191 0.110129
192 0.110129
193 0.101554
194 0.101554
195 0.101554
196 0.101554
197 0.101554
198 0.101554
199 0.101554
200 0.101554
201 0.0927117
202 0.0927117
203 0.0927117
204 0.0927117
205 0.0927117
206 0.0927117
207 0.0927117
208 0.0927117
209 0.0865488
210 0.0865488
211 0.0865488
212 0.0865488
213 0.0865488
214 0.0865488
215 0.0865488
216 0.0865488
217 0.079314
218 0.079314
219 0.079314
220 0.079314
221 0.079314
222 0.079314
223 0.079314
224 0.079314
225 0.073955
226 0.073955
227 0.073955
228 0.073955
229 0.073955
230 0.073955
231 0.073955
232 0.073955
233 0.0664523
234 0.0664523
235 0.0664523
236 0.0664523
237 0.0664523
238 0.0664523
239 0.0664523
240 0.0664523
241 0.0594855
242 0.0594855
243 0.0594855
244 0.0594855
245 0.0594855
246 0.0594855
247 0.0594855
248 0.0594855
249 0.0554662
250 0.0554662
251 0.0554662
252 0.0554662
253 0.0554662
254 0.0554662
255 0.0554662
256 0.0554662
257 0.0517149
258 0.0517149
259 0.0517149
260 0.0517149
261 0.0517149
262 0.0517149
263 0.0517149
264 0.0517149
265 0.0474277
266 0.0474277
267 0.0474277
268 0.0474277
269 0.0474277
270 0.0474277
271 0.0474277
272 0.0474277
273 0.0439443
274 0.0439443
275 0.0439443
276 0.0439443
277 0.0439443
278 0.0439443
279 0.0439443
280 0.0439443
281 0.0407288
282 0.0407288
283 0.0407288
284 0.0407288
285 0.0407288
286 0.0407288
287 0.0407288
288 0.0407288
289 0.0375134
290 0.0375134
291 0.0375134
292 0.0375134
293 0.0375134
294 0.0375134
295 0.0375134
296 0.0375134
297 0.0361736
298 0.0361736
299 0.0361736
300 0.0361736
301 0.0361736
302 0.0361736
303 0.0361736
304 0.0361736
305 0.0321543
306 0.0321543
307 0.0321543
308 0.0321543
309 0.0321543
310 0.0321543
311 0.0321543
312 0.0321543
313 0.0305466
314 0.0305466
315 0.0305466
316 0.0305466
317 0.0305466
318 0.0305466
319 0.0305466
320 0.0305466
321 0.0297428
322 0.0297428
323 0.0297428
324 0.0297428
325 0.0297428
326 0.0297428
327 0.0297428
328 0.0297428
329 0.0267953
330 0.0267953
331 0.0267953
332 0.0267953
333 0.0267953
334 0.0267953
335 0.0267953
336 0.0267953
337 0.0262594
338 0.0262594
339 0.0262594
340 0.0262594
341 0.0262594
342 0.0262594
343 0.0262594
344 0.0262594
345 0.0246517
346 0.0246517
347 0.0246517
348 0.0246517
349 0.0246517
350 0.0246517
351 0.0246517
352 0.0246517
353 0.0235799
354 0.0235799
355 0.0235799
356 0.0235799
357 0.0235799
358 0.0235799
359 0.0235799
360 0.0235799
361 0.0219721
362 0.0219721
363 0.0219721
364 0.0219721
365 0.0219721
366 0.0219721
367 0.0219721
368 0.0219721
369 0.0206324
370 0.0206324
371 0.0206324
372 0.0206324
373 0.0206324
374 0.0206324
375 0.0206324
376 0.0206324
377 0.0190247
378 0.0190247
379 0.0190247
380 0.0190247
381 0.0190247
382 0.0190247
383 0.0187567
384 0.0187567
385 0.0179528
386 0.0179528
387 0.0179528
388 0.0179528
389 0.0179528
390 0.0179528
391 0.0179528
392 0.0179528
393 0.0160772
394 0.0160772
395 0.0160772
396 0.0160772
397 0.0160772
398 0.0160772
399 0.0160772
400 0.0160772
401 0.0155413
402 0.0155413
403 0.0155413
404 0.0155413
405 0.0155413
406 0.0155413
407 0.0155413
408 0.0155413
409 0.0150054
410 0.0150054
411 0.0150054
412 0.0150054
413 0.0150054
414 0.0150054
415 0.0150054
416 0.0150054
417 0.0142015
418 0.0142015
419 0.0142015
420 0.0142015
421 0.0142015
422 0.0142015
423 0.0142015
424 0.0142015
425 0.0139335
426 0.0139335
427 0.0139335
428 0.0139335
429 0.0139335
430 0.0139335
431 0.0139335
432 0.0139335
433 0.0131297
434 0.0131297
435 0.0131297
436 0.0131297
437 0.0131297
438 0.0131297
439 0.0131297
440 0.0131297
441 0.0128617
442 0.0128617
443 0.0128617
444 0.0128617
445 0.0128617
446 0.0128617
447 0.0128617
448 0.0128617
449 0.011522
450 0.011522
451 0.011522
452 0.011522
453 0.011522
454 0.011522
455 0.011522
456 0.011522
457 0.0107181
458 0.0107181
459 0.0107181
460 0.0107181
461 0.0107181
462 0.0107181
463 0.0107181
464 0.0107181
465 0.0101822
466 0.0101822
467 0.0101822
468 0.0101822
469 0.0101822
470 0.0101822
471 0.0101822
472 0.0101822
473 0.00884244
474 0.00884244
475 0.00884244
476 0.00884244
477 0.00884244
478 0.00884244
479 0.00884244
480 0.00884244
481 0.00830654
482 0.00830654
483 0.00830654
484 0.00830654
485 0.00830654
486 0.00830654
487 0.00830654
488 0.00830654
489 0.00830654
490 0.00830654
491 0.00830654
492 0.00830654
493 0.00830654
494 0.00830654
495 0.00830654
496 0.00830654
497 0.00830654
498 0.00830654
499 0.00830654
500 0.00830654
501 0.00830654
502 0.00830654
503 0.00830654
504 0.00830654
505 0.00803859
506 0.00803859
507 0.00803859
508 0.00803859
509 0.00803859
510 0.00803859
511 0.00803859
512 0.00803859
513 0.00750268
514 0.00750268
515 0.00750268
516 0.00750268
517 0.00750268
518 0.00750268
519 0.00750268
520 0.00750268
521 0.00696677
522 0.00696677
523 0.00696677
524 0.00696677
525 0.00696677
526 0.00696677
527 0.00696677
528 0.00696677
529 0.00669882
530 0.00669882
531 0.00669882
532 0.00669882
533 0.00669882
534 0.00669882
535 0.00669882
536 0.00669882
537 0.00643087
538 0.00643087
539 0.00643087
540 0.00643087
541 0.00643087
542 0.00643087
543 0.00643087
544 0.00643087
545 0.00535906
546 0.00535906
547 0.00535906
548 0.00535906
549 0.00535906
550 0.00535906
551 0.00535906
552 0.00535906
553 0.0050911
554 0.0050911
555 0.0050911
556 0.0050911
557 0.0050911
558 0.0050911
559 0.0050911
560 0.0050911
561 0.0050911
562 0.0050911
563 0.0050911
564 0.0050911
565 0.0050911
566 0.0050911
567 0.0050911
568 0.0050911
569 0.0050911
570 0.0050911
571 0.0050911
572 0.0050911
573 0.0050911
574 0.0050911
575 0.0050911
576 0.0050911
577 0.0045552
578 0.0045552
579 0.0045552
580 0.0045552
581 0.0045552
582 0.0045552
583 0.0045552
584 0.0045552
585 0.0045552
586 0.0045552
587 0.0045552
588 0.0045552
589 0.0045552
590 0.0045552
591 0.0045552
592 0.0045552
593 0.00401929
594 0.00401929
595 0.00401929
596 0.00401929
597 0.00401929
598 0.00401929
599 0.00401929
600 0.00401929
601 0.00401929
602 0.00401929
603 0.00401929
604 0.00401929
605 0.00401929
606 0.00401929
607 0.00401929
608 0.00401929
609 0.00401929
610 0.00401929
611 0.00401929
612 0.00401929
613 0.00401929
614 0.00401929
615 0.00401929
616 0.00401929
617 0.00401929
618 0.00401929
619 0.00401929
620 0.00401929
621 0.00401929
622 0.00401929
623 0.00401929
624 0.00401929
625 0.00375134
626 0.00375134
627 0.00375134
628 0.00375134
629 0.00375134
630 0.00375134
631 0.00375134
632 0.00375134
633 0.00348339
634 0.00348339
635 0.00348339
636 0.00348339
637 0.00348339
638 0.00348339
639 0.00348339
640 0.00348339
641 0.00321543
642 0.00321543
643 0.00321543
644 0.00321543
645 0.00321543
646 0.00321543
647 0.00321543
648 0.00321543
649 0.00321543
650 0.00321543
651 0.00321543
652 0.00321543
653 0.00321543
654 0.00321543
655 0.00321543
656 0.00321543
657 0.00321543
658 0.00321543
659 0.00321543
660 0.00321543
661 0.00321543
662 0.00321543
663 0.00321543
664 0.00321543
665 0.00294748
666 0.00294748
667 0.00294748
668 0.00294748
669 0.00294748
670 0.00294748
671 0.00294748
672 0.00294748
673 0.00267953
674 0.00267953
675 0.00267953
676 0.00267953
677 0.00267953
678 0.00267953
679 0.00267953
680 0.00267953
681 0.00241158
682 0.00241158
683 0.00241158
684 0.00241158
685 0.00241158
686 0.00241158
687 0.00241158
688 0.00241158
689 0.00241158
690 0.00241158
691 0.00241158
692 0.00241158
693 0.00241158
694 0.00241158
695 0.00241158
696 0.00241158
697 0.00214362
698 0.00214362
699 0.00214362
700 0.00214362
701 0.00214362
702 0.00214362
703 0.00214362
704 0.00214362
705 0.00214362
706 0.00214362
707 0.00214362
708 0.00214362
709 0.00214362
710 0.00214362
711 0.00214362
712 0.00214362
713 0.00214362
714 0.00214362
715 0.00214362
716 0.00214362
717 0.00214362
718 0.00214362
719 0.00214362
720 0.00214362
721 0.00214362
722 0.00214362
723 0.00214362
724 0.00214362
725 0.00214362
726 0.00214362
727 0.00214362
728 0.00214362
729 0.00214362
730 0.00214362
731 0.00214362
732 0.00214362
733 0.00214362
734 0.00214362
735 0.00214362
736 0.00214362
737 0.00214362
738 0.00214362
739 0.00214362
740 0.00214362
741 0.00214362
742 0.00214362
743 0.00214362
744 0.00214362
745 0.00187567
746 0.00187567
747 0.00187567
748 0.00187567
749 0.00187567
750 0.00187567
751 0.00187567
752 0.00187567
753 0.00160772
754 0.00160772
755 0.00160772
756 0.00160772
757 0.00160772
758 0.00160772
759 0.00160772
760 0.00160772
761 0.00160772
762 0.00160772
763 0.00160772
764 0.00160772
765 0.00160772
766 0.00160772
767 0.00160772
768 0.00160772
769 0.00160772
770 0.00160772
771 0.00160772
772 0.00160772
773 0.00160772
774 0.00160772
775 0.00160772
776 0.00160772
777 0.00133976
778 0.00133976
779 0.00133976
780 0.00133976
781 0.00133976
782 0.00133976
783 0.00133976
784 0.00133976
785 0.00133976
786 0.00133976
787 0.00133976
788 0.00133976
789 0.00133976
790 0.00133976
791 0.00133976
792 0.00133976
793 0.00133976
794 0.00133976
795 0.00133976
796 0.00133976
797 0.00133976
798 0.00133976
799 0.00133976
800 0.00133976
801 0.00133976
802 0.00133976
803 0.00133976
804 0.00133976
805 0.00133976
806 0.00133976
807 0.00133976
808 0.00133976
809 0.00133976
810 0.00133976
811 0.00133976
812 0.00133976
813 0.00133976
814 0.00133976
815 0.00133976
816 0.00133976
817 0.00133976
818 0.00133976
819 0.00133976
820 0.00133976
821 0.00133976
822 0.00133976
823 0.00133976
824 0.00133976
825 0.00107181
826 0.00107181
827 0.00107181
828 0.00107181
829 0.00107181
830 0.00107181
831 0.00107181
832 0.00107181
833 0.00107181
834 0.00107181
835 0.00107181
836 0.00107181
837 0.00107181
838 0.00107181
839 0.00107181
840 0.00107181
841 0.00107181
842 0.00107181
843 0.00107181
844 0.00107181
845 0.00107181
846 0.00107181
847 0.00107181
848 0.00107181
849 0.00107181
850 0.00107181
851 0.00107181
852 0.00107181
853 0.00107181
854 0.00107181
855 0.00107181
856 0.00107181
857 0.00107181
858 0.00107181
859 0.00107181
860 0.00107181
861 0.00107181
862 0.00107181
863 0.00107181
864 0.00107181
865 0.00107181
866 0.00107181
867 0.00107181
868 0.00107181
869 0.00107181
870 0.00107181
871 0.00107181
872 0.00107181
873 0.00107181
874 0.00107181
875 0.00107181
876 0.00107181
877 0.00107181
878 0.00107181
879 0.00107181
880 0.00107181
881 0.00107181
882 0.00107181
883 0.00107181
884 0.00107181
885 0.00107181
886 0.00107181
887 0.00107181
888 0.00107181
889 0.00107181
890 0.00107181
891 0.00107181
892 0.00107181
893 0.00107181
894 0.00107181
895 0.00107181
896 0.00107181
897 0.00107181
898 0.00107181
899 0.00107181
900 0.00107181
901 0.00107181
902 0.00107181
903 0.00107181
904 0.00107181
905 0.00107181
906 0.00107181
907 0.00107181
908 0.00107181
909 0.00107181
910 0.00107181
911 0.00107181
912 0.00107181
913 0.00107181
914 0.00107181
915 0.00107181
916 0.00107181
917 0.00107181
918 0.00107181
919 0.00107181
920 0.00107181
921 0.00107181
922 0.00107181
923 0.00107181
924 0.00107181
925 0.00107181
926 0.00107181
927 0.00107181
928 0.00107181
929 0.00107181
930 0.00107181
931 0.00107181
932 0.00107181
933 0.00107181
934 0.00107181
935 0.00107181
936 0.00107181
937 0.00107181
938 0.00107181
939 0.00107181
940 0.00107181
941 0.00107181
942 0.00107181
943 0.00107181
944 0.00107181
945 0.000803859
946 0.000803859
947 0.000803859
948 0.000803859
949 0.000803859
950 0.000803859
951 0.000803859
952 0.000803859
953 0.000803859
954 0.000803859
955 0.000803859
956 0.000803859
957 0.000803859
958 0.000803859
959 0.000803859
960 0.000803859
961 0.000803859
962 0.000803859
963 0.000803859
964 0.000803859
965 0.000803859
966 0.000803859
967 0.000803859
968 0.000803859
969 0.000803859
970 0.000803859
971 0.000803859
972 0.000803859
973 0.000803859
974 0.000803859
975 0.000803859
976 0.000803859
977 0.000803859
978 0.000803859
979 0.000803859
980 0.000803859
981 0.000803859
982 0.000803859
983 0.000803859
984 0.000803859
985 0.000803859
986 0.000803859
987 0.000803859
988 0.000803859
989 0.000803859
990 0.000803859
991 0.000803859
992 0.000803859
993 0.000803859
994 0.000803859
995 0.000803859
996 0.000803859
997 0.000803859
998 0.000803859
999 0.000803859
1000 0.000803859
1001 0.000803859
1002 0.000803859
1003 0.000803859
1004 0.000803859
1005 0.000803859
1006 0.000803859
1007 0.000803859
1008 0.000803859
1009 0.000803859
1010 0.000803859
1011 0.000803859
1012 0.000803859
1013 0.000803859
1014 0.000803859
1015 0.000803859
1016 0.000803859
1017 0.000803859
1018 0.000803859
1019 0.000803859
1020 0.000803859
1021 0.000803859
1022 0.000803859
1023 0.000803859
1024 0.000803859
1025 0.000803859
1026 0.000803859
1027 0.000803859
1028 0.000803859
1029 0.000803859
1030 0.000803859
1031 0.000803859
1032 0.000803859
1033 0.000535906
1034 0.000535906
1035 0.000535906
1036 0.000535906
1037 0.000535906
1038 0.000535906
1039 0.000535906
1040 0.000535906
1041 0.000535906
1042 0.000535906
1043 0.000535906
1044 0.000535906
1045 0.000535906
1046 0.000535906
1047 0.000535906
1048 0.000535906
1049 0.000535906
1050 0.000535906
1051 0.000535906
1052 0.000535906
1053 0.000535906
1054 0.000535906
1055 0.000535906
1056 0.000535906
1057 0.000535906
1058 0.000535906
1059 0.000535906
1060 0.000535906
1061 0.000535906
1062 0.000535906
1063 0.000535906
1064 0.000535906
1065 0.000535906
1066 0.000535906
1067 0.000535906
1068 0.000535906
1069 0.000535906
1070 0.000535906
1071 0.000535906
1072 0.000535906
1073 0.000535906
1074 0.000535906
1075 0.000535906
1076 0.000535906
1077 0.000535906
1078 0.000535906
1079 0.000535906
1080 0.000535906
1081 0.000535906
1082 0.000535906
1083 0.000535906
1084 0.000535906
1085 0.000535906
1086 0.000535906
1087 0.000535906
1088 0.000535906
1089 0.000535906
1090 0.000535906
1091 0.000535906
1092 0.000535906
1093 0.000535906
1094 0.000535906
1095 0.000535906
1096 0.000535906
1097 0.000535906
1098 0.000535906
1099 0.000535906
1100 0.000535906
1101 0.000535906
1102 0.000535906
1103 0.000535906
1104 0.000535906
1105 0.000535906
1106 0.000535906
1107 0.000535906
1108 0.000535906
1109 0.000535906
1110 0.000535906
1111 0.000535906
1112 0.000535906
1113 0.000535906
1114 0.000535906
1115 0.000535906
1116 0.000535906
1117 0.000535906
1118 0.000535906
1119 0.000535906
1120 0.000535906
1121 0.000535906
1122 0.000535906
1123 0.000535906
1124 0.000535906
1125 0.000535906
1126 0.000535906
1127 0.000535906
1128 0.000535906
1129 0.000535906
1130 0.000535906
1131 0.000535906
1132 0.000535906
1133 0.000535906
1134 0.000535906
1135 0.000535906
1136 0.000535906
1137 0.000535906
1138 0.000535906
1139 0.000535906
1140 0.000535906
1141 0.000535906
1142 0.000535906
1143 0.000535906
1144 0.000535906
1145 0.000535906
1146 0.000535906
1147 0.000535906
1148 0.000535906
1149 0.000535906
1150 0.000535906
1151 0.000535906
1152 0.000535906
1153 0.000535906
1154 0.000535906
1155 0.000535906
1156 0.000535906
1157 0.000535906
1158 0.000535906
1159 0.000535906
1160 0.000535906
1161 0.000535906
1162 0.000535906
1163 0.000535906
1164 0.000535906
1165 0.000535906
1166 0.000535906
1167 0.000535906
1168 0.000535906
1169 0.000535906
1170 0.000535906
1171 0.000535906
1172 0.000535906
1173 0.000535906
1174 0.000535906
1175 0.000535906
1176 0.000535906
1177 0.000535906
1178 0.000535906
1179 0.000535906
1180 0.000535906
1181 0.000535906
1182 0.000535906
1183 0.000535906
1184 0.000535906
1185 0.000535906
1186 0.000535906
1187 0.000535906
1188 0.000535906
1189 0.000535906
1190 0.000535906
1191 0.000535906
1192 0.000535906
1193 0.000535906
1194 0.000535906
1195 0.000535906
1196 0.000535906
1197 0.000535906
1198 0.000535906
1199 0.000535906
1200 0.000535906
1201 0.000535906
1202 0.000535906
1203 0.000535906
1204 0.000535906
1205 0.000535906
1206 0.000535906
1207 0.000535906
1208 0.000535906
1209 0.000535906
1210 0.000535906
1211 0.000535906
1212 0.000535906
1213 0.000535906
1214 0.000535906
1215 0.000535906
1216 0.000535906
1217 0.000535906
1218 0.000535906
1219 0.000535906
1220 0.000535906
1221 0.000535906
1222 0.000535906
1223 0.000535906
1224 0.000535906
1225 0.000535906
1226 0.000535906
1227 0.000535906
1228 0.000535906
1229 0.000535906
1230 0.000535906
1231 0.000535906
1232 0.000535906
1233 0.000535906
1234 0.000535906
1235 0.000535906
1236 0.000535906
1237 0.000535906
1238 0.000535906
1239 0.000535906
1240 0.000535906
1241 0.000535906
1242 0.000535906
1243 0.000535906
1244 0.000535906
1245 0.000535906
1246 0.000535906
1247 0.000535906
1248 0.000535906
1249 0.000535906
1250 0.000535906
1251 0.000535906
1252 0.000535906
1253 0.000535906
1254 0.000535906
1255 0.000535906
1256 0.000535906
1257 0.000535906
1258 0.000535906
1259 0.000535906
1260 0.000535906
1261 0.000535906
1262 0.000535906
1263 0.000535906
1264 0.000535906
1265 0.000535906
1266 0.000535906
1267 0.000535906
1268 0.000535906
1269 0.000535906
1270 0.000535906
1271 0.000535906
1272 0.000535906
1273 0.000535906
1274 0.000535906
1275 0.000535906
1276 0.000535906
1277 0.000535906
1278 0.000535906
1279 0.000535906
1280 0.000535906
1281 0.000535906
1282 0.000535906
1283 0.000535906
1284 0.000535906
1285 0.000535906
1286 0.000535906
1287 0.000535906
1288 0.000535906
1289 0.000535906
1290 0.000535906
1291 0.000535906
1292 0.000535906
1293 0.000535906
1294 0.000535906
1295 0.000535906
1296 0.000535906
1297 0.000535906
1298 0.000535906
1299 0.000535906
1300 0.000535906
1301 0.000535906
1302 0.000535906
1303 0.000535906
1304 0.000535906
1305 0.000535906
1306 0.000535906
1307 0.000535906
1308 0.000535906
1309 0.000535906
1310 0.000535906
1311 0.000535906
1312 0.000535906
1313 0.000267953
1314 0.000267953
1315 0.000267953
1316 0.000267953
1317 0.000267953
1318 0.000267953
1319 0.000267953
1320 0.000267953
1321 0.000267953
1322 0.000267953
1323 0.000267953
1324 0.000267953
1325 0.000267953
1326 0.000267953
1327 0.000267953
1328 0.000267953
