0 1
1 1
2 1
3 1
4 1
5 1
6 1
7 0.999968
8 0.999968
9 0.999968
10 0.999968
11 0.999968
12 0.999968
13 0.999968
14 0.999968
15 0.999968
16 0.999968
17 0.999968
18 0.999968
19 0.999968
20 0.999968
21 0.999968
22 0.999968
23 0.999903
24 0.999903
25 0.982382
26 0.982382
27 0.982382
28 0.982382
29 0.982382
30 0.982382
31 0.982284
32 0.982284
33 0.964406
34 0.964406
35 0.964406
36 0.964406
37 0.964406
38 0.964406
39 0.964276
40 0.964276
41 0.946983
42 0.946983
43 0.946983
44 0.946983
45 0.946983
46 0.946983
47 0.946788
48 0.946788
49 0.930045
50 0.930045
51 0.930045
52 0.930045
53 0.930045
54 0.930045
55 0.930013
56 0.930013
57 0.913433
58 0.913433
59 0.913433
60 0.913433
61 0.913433
62 0.913433
63 0.913206
64 0.913206
65 0.894549
66 0.894549
67 0.894549
68 0.894549
69 0.894549
70 0.894549
71 0.894387
72 0.894387
73 0.875665
74 0.875665
75 0.875665
76 0.875665
77 0.875665
78 0.875665
79 0.87547
80 0.87547
81 0.855419
82 0.855419
83 0.855419
84 0.855419
85 0.855419
86 0.855419
87 0.855159
88 0.855159
89 0.834556
90 0.834556
91 0.834556
92 0.834556
93 0.834556
94 0.834556
95 0.834523
96 0.834523
97 0.813271
98 0.813271
99 0.813271
100 0.813271
101 0.813271
102 0.813271
103 0.813206
104 0.813206
105 0.79218
106 0.79218
107 0.79218
108 0.79218
109 0.79218
110 0.79218
111 0.791986
112 0.791986
113 0.771512
114 0.771512
115 0.771512
116 0.771512
117 0.771512
118 0.771512
119 0.771155
120 0.771155
121 0.750616
122 0.750616
123 0.750616
124 0.750616
125 0.750616
126 0.750616
127 0.750324
128 0.750324
129 0.729332
130 0.729332
131 0.729332
132 0.729332
133 0.729332
134 0.729332
135 0.729202
136 0.729202
137 0.709993
138 0.709993
139 0.709993
140 0.709993
141 0.709993
142 0.709993
143 0.709864
144 0.709864
145 0.689909
146 0.689909
147 0.689909
148 0.689909
149 0.689909
150 0.689909
151 0.689844
152 0.689844
153 0.671934
154 0.671934
155 0.671934
156 0.671934
157 0.671934
158 0.671934
159 0.671772
160 0.671772
161 0.653212
162 0.653212
163 0.653212
164 0.653212
165 0.653212
166 0.653212
167 0.653082
168 0.653082
169 0.635269
170 0.635269
171 0.635269
172 0.635269
173 0.635269
174 0.635269
175 0.63514
176 0.63514
177 0.617618
178 0.617618
179 0.617618
180 0.617618
181 0.617618
182 0.617618
183 0.617489
184 0.617489
185 0.599611
186 0.599611
187 0.599611
188 0.599611
189 0.599611
190 0.599611
191 0.599481
192 0.599481
193 0.582641
194 0.582641
195 0.582641
196 0.582641
197 0.582641
198 0.582641
199 0.582446
200 0.582446
201 0.566418
202 0.566418
203 0.566418
204 0.566418
205 0.566418
206 0.566418
207 0.566385
208 0.566385
209 0.550357
210 0.550357
211 0.550357
212 0.550357
213 0.550357
214 0.550357
215 0.550195
216 0.550195
217 0.535399
218 0.535399
219 0.535399
220 0.535399
221 0.535399
222 0.535399
223 0.535302
224 0.535302
225 0.520182
226 0.520182
227 0.520182
228 0.520182
229 0.520182
230 0.520182
231 0.520084
232 0.520084
233 0.504899
234 0.504899
235 0.504899
236 0.504899
237 0.504899
238 0.504899
239 0.504835
240 0.504835
241 0.491726
242 0.491726
243 0.491726
244 0.491726
245 0.491726
246 0.491726
247 0.491694
248 0.491694
249 0.47852
250 0.47852
251 0.47852
252 0.47852
253 0.47852
254 0.47852
255 0.478391
256 0.478391
257 0.465347
258 0.465347
259 0.465347
260 0.465347
261 0.465347
262 0.465347
263 0.465347
264 0.465347
265 0.452433
266 0.452433
267 0.452433
268 0.452433
269 0.452433
270 0.452433
271 0.452336
272 0.452336
273 0.440331
274 0.440331
275 0.440331
276 0.440331
277 0.440331
278 0.440331
279 0.440234
280 0.440234
281 0.428196
282 0.428196
283 0.428196
284 0.428196
285 0.428196
286 0.428196
287 0.428164
288 0.428164
289 0.417326
290 0.417326
291 0.417326
292 0.417326
293 0.417326
294 0.417326
295 0.417262
296 0.417262
297 0.405451
298 0.405451
299 0.405451
300 0.405451
301 0.405451
302 0.405451
303 0.405289
304 0.405289
305 0.395165
306 0.395165
307 0.395165
308 0.395165
309 0.395165
310 0.395165
311 0.395003
312 0.395003
313 0.383679
314 0.383679
315 0.383679
316 0.383679
317 0.383679
318 0.383679
319 0.383615
320 0.383615
321 0.373199
322 0.373199
323 0.373199
324 0.373199
325 0.373199
326 0.373199
327 0.373102
328 0.373102
329 0.362427
330 0.362427
331 0.362427
332 0.362427
333 0.362427
334 0.362427
335 0.362362
336 0.362362
337 0.352206
338 0.352206
339 0.352206
340 0.352206
341 0.352206
342 0.352206
343 0.352109
344 0.352109
345 0.343316
346 0.343316
347 0.343316
348 0.343316
349 0.343316
350 0.343316
351 0.343089
352 0.343089
353 0.334199
354 0.334199
355 0.334199
356 0.334199
357 0.334199
358 0.334199
359 0.334166
360 0.334166
361 0.325049
362 0.325049
363 0.325049
364 0.325049
365 0.325049
366 0.325049
367 0.324886
368 0.324886
369 0.316385
370 0.316385
371 0.316385
372 0.316385
373 0.316385
374 0.316385
375 0.316353
376 0.316353
377 0.30889
378 0.30889
379 0.30889
380 0.30889
381 0.30889
382 0.30889
383 0.308858
384 0.308858
385 0.301038
386 0.301038
387 0.301038
388 0.301038
389 0.301038
390 0.301038
391 0.300941
392 0.300941
393 0.293186
394 0.293186
395 0.293186
396 0.293186
397 0.293186
398 0.293186
399 0.293154
400 0.293154
401 0.286405
402 0.286405
403 0.286405
404 0.286405
405 0.286405
406 0.286405
407 0.286275
408 0.286275
409 0.279526
410 0.279526
411 0.279526
412 0.279526
413 0.279526
414 0.279526
415 0.279429
416 0.279429
417 0.273459
418 0.273459
419 0.273459
420 0.273459
421 0.273459
422 0.273459
423 0.273329
424 0.273329
425 0.266191
426 0.266191
427 0.266191
428 0.266191
429 0.266191
430 0.266191
431 0.266061
432 0.266061
433 0.259864
434 0.259864
435 0.259864
436 0.259864
437 0.259864
438 0.259864
439 0.259799
440 0.259799
441 0.253115
442 0.253115
443 0.253115
444 0.253115
445 0.253115
446 0.253115
447 0.252953
448 0.252953
449 0.24669
450 0.24669
451 0.24669
452 0.24669
453 0.24669
454 0.24669
455 0.246496
456 0.246496
457 0.240169
458 0.240169
459 0.240169
460 0.240169
461 0.240169
462 0.240169
463 0.240104
464 0.240104
465 0.234718
466 0.234718
467 0.234718
468 0.234718
469 0.234718
470 0.234718
471 0.234653
472 0.234653
473 0.228942
474 0.228942
475 0.228942
476 0.228942
477 0.228942
478 0.228942
479 0.228748
480 0.228748
481 0.224367
482 0.224367
483 0.224367
484 0.224367
485 0.224367
486 0.224367
487 0.224335
488 0.224335
489 0.219046
490 0.219046
491 0.219046
492 0.219046
493 0.219046
494 0.219046
495 0.219014
496 0.219014
497 0.2134
498 0.2134
499 0.2134
500 0.2134
501 0.2134
502 0.2134
503 0.213368
504 0.213368
505 0.208761
506 0.208761
507 0.208761
508 0.208761
509 0.208761
510 0.208761
511 0.208761
512 0.208761
513 0.204088
514 0.204088
515 0.204088
516 0.204088
517 0.204088
518 0.204088
519 0.203991
520 0.203991
521 0.199286
522 0.199286
523 0.199286
524 0.199286
525 0.199286
526 0.199286
527 0.199189
528 0.199189
529 0.194646
530 0.194646
531 0.194646
532 0.194646
533 0.194646
534 0.194646
535 0.194614
536 0.194614
537 0.190883
538 0.190883
539 0.190883
540 0.190883
541 0.190883
542 0.190883
543 0.190883
544 0.190883
545 0.186145
546 0.186145
547 0.186145
548 0.186145
549 0.186145
550 0.186145
551 0.186145
552 0.186145
553 0.181473
554 0.181473
555 0.181473
556 0.181473
557 0.181473
558 0.181473
559 0.181408
560 0.181408
561 0.177287
562 0.177287
563 0.177287
564 0.177287
565 0.177287
566 0.177287
567 0.177223
568 0.177223
569 0.173524
570 0.173524
571 0.173524
572 0.173524
573 0.173524
574 0.173524
575 0.173426
576 0.173426
577 0.16989
578 0.16989
579 0.16989
580 0.16989
581 0.16989
582 0.16989
583 0.169825
584 0.169825
585 0.165737
586 0.165737
587 0.165737
588 0.165737
589 0.165737
590 0.165737
591 0.165737
592 0.165737
593 0.161259
594 0.161259
595 0.161259
596 0.161259
597 0.161259
598 0.161259
599 0.161259
600 0.161259
601 0.157333
602 0.157333
603 0.157333
604 0.157333
605 0.157333
606 0.157333
607 0.157333
608 0.157333
609 0.153861
610 0.153861
611 0.153861
612 0.153861
613 0.153861
614 0.153861
615 0.153796
616 0.153796
617 0.150681
618 0.150681
619 0.150681
620 0.150681
621 0.150681
622 0.150681
623 0.150584
624 0.150584
625 0.147567
626 0.147567
627 0.147567
628 0.147567
629 0.147567
630 0.147567
631 0.147469
632 0.147469
633 0.144354
634 0.144354
635 0.144354
636 0.144354
637 0.144354
638 0.144354
639 0.144354
640 0.144354
641 0.141759
642 0.141759
643 0.141759
644 0.141759
645 0.141759
646 0.141759
647 0.141694
648 0.141694
649 0.138611
650 0.138611
651 0.138611
652 0.138611
653 0.138611
654 0.138611
655 0.138579
656 0.138579
657 0.135756
658 0.135756
659 0.135756
660 0.135756
661 0.135756
662 0.135756
663 0.135659
664 0.135659
665 0.132836
666 0.132836
667 0.132836
668 0.132836
669 0.132836
670 0.132836
671 0.132738
672 0.132738
673 0.129364
674 0.129364
675 0.129364
676 0.129364
677 0.129364
678 0.129364
679 0.129299
680 0.129299
681 0.126541
682 0.126541
683 0.126541
684 0.126541
685 0.126541
686 0.126541
687 0.126541
688 0.126541
689 0.123751
690 0.123751
691 0.123751
692 0.123751
693 0.123751
694 0.123751
695 0.123751
696 0.123751
697 0.12122
698 0.12122
699 0.12122
700 0.12122
701 0.12122
702 0.12122
703 0.121188
704 0.121188
705 0.118397
706 0.118397
707 0.118397
708 0.118397
709 0.118397
710 0.118397
711 0.118397
712 0.118397
713 0.116093
714 0.116093
715 0.116093
716 0.116093
717 0.116093
718 0.116093
719 0.116093
720 0.116093
721 0.11366
722 0.11366
723 0.11366
724 0.11366
725 0.11366
726 0.11366
727 0.11366
728 0.11366
729 0.110675
730 0.110675
731 0.110675
732 0.110675
733 0.110675
734 0.110675
735 0.110642
736 0.110642
737 0.108533
738 0.108533
739 0.108533
740 0.108533
741 0.108533
742 0.108533
743 0.108533
744 0.108533
745 0.10584
746 0.10584
747 0.10584
748 0.10584
749 0.10584
750 0.10584
751 0.105808
752 0.105808
753 0.103764
754 0.103764
755 0.103764
756 0.103764
757 0.103764
758 0.103764
759 0.103764
760 0.103764
761 0.101493
762 0.101493
763 0.101493
764 0.101493
765 0.101493
766 0.101493
767 0.101428
768 0.101428
769 0.0991564
770 0.0991564
771 0.0991564
772 0.0991564
773 0.0991564
774 0.0991564
775 0.0990915
776 0.0990915
777 0.0973718
778 0.0973718
779 0.0973718
780 0.0973718
781 0.0973718
782 0.0973718
783 0.0973394
784 0.0973394
785 0.0951655
786 0.0951655
787 0.0951655
788 0.0951655
789 0.0951655
790 0.0951655
791 0.0951655
792 0.0951655
793 0.0930565
794 0.0930565
795 0.0930565
796 0.0930565
797 0.0930565
798 0.0930565
799 0.0929916
800 0.0929916
801 0.0907528
802 0.0907528
803 0.0907528
804 0.0907528
805 0.0907528
806 0.0907528
807 0.0907528
808 0.0907528
809 0.0892278
810 0.0892278
811 0.0892278
812 0.0892278
813 0.0892278
814 0.0892278
815 0.0892278
816 0.0892278
817 0.0871836
818 0.0871836
819 0.0871836
820 0.0871836
821 0.0871836
822 0.0871836
823 0.0871512
824 0.0871512
825 0.0853991
826 0.0853991
827 0.0853991
828 0.0853991
829 0.0853991
830 0.0853991
831 0.0853666
832 0.0853666
833 0.0837119
834 0.0837119
835 0.0837119
836 0.0837119
837 0.0837119
838 0.0837119
839 0.0837119
840 0.0837119
841 0.0817651
842 0.0817651
843 0.0817651
844 0.0817651
845 0.0817651
846 0.0817651
847 0.0817326
848 0.0817326
849 0.0802725
850 0.0802725
851 0.0802725
852 0.0802725
853 0.0802725
854 0.0802725
855 0.0802077
856 0.0802077
857 0.0785529
858 0.0785529
859 0.0785529
860 0.0785529
861 0.0785529
862 0.0785529
863 0.078488
864 0.078488
865 0.076963
866 0.076963
867 0.076963
868 0.076963
869 0.076963
870 0.076963
871 0.0768981
872 0.0768981
873 0.0752109
874 0.0752109
875 0.0752109
876 0.0752109
877 0.0752109
878 0.0752109
879 0.0752109
880 0.0752109
881 0.0736859
882 0.0736859
883 0.0736859
884 0.0736859
885 0.0736859
886 0.0736859
887 0.0736859
888 0.0736859
889 0.0723881
890 0.0723881
891 0.0723881
892 0.0723881
893 0.0723881
894 0.0723881
895 0.0723881
896 0.0723881
897 0.0709604
898 0.0709604
899 0.0709604
900 0.0709604
901 0.0709604
902 0.0709604
903 0.070928
904 0.070928
905 0.0692732
906 0.0692732
907 0.0692732
908 0.0692732
909 0.0692732
910 0.0692732
911 0.0692408
912 0.0692408
913 0.0679753
914 0.0679753
915 0.0679753
916 0.0679753
917 0.0679753
918 0.0679753
919 0.0679104
920 0.0679104
921 0.0665153
922 0.0665153
923 0.0665153
924 0.0665153
925 0.0665153
926 0.0665153
927 0.0663206
928 0.0663206
929 0.0648929
930 0.0648929
931 0.0648929
932 0.0648929
933 0.0648929
934 0.0648929
935 0.0648605
936 0.0648605
937 0.0635626
938 0.0635626
939 0.0635626
940 0.0635626
941 0.0635626
942 0.0635626
943 0.0635302
944 0.0635302
945 0.0620701
946 0.0620701
947 0.0620701
948 0.0620701
949 0.0620701
950 0.0620701
951 0.0620701
952 0.0620701
953 0.0606424
954 0.0606424
955 0.0606424
956 0.0606424
957 0.0606424
958 0.0606424
959 0.0605775
960 0.0605775
961 0.0594419
962 0.0594419
963 0.0594419
964 0.0594419
965 0.0594419
966 0.0594419
967 0.0594419
968 0.0594419
969 0.0582738
970 0.0582738
971 0.0582738
972 0.0582738
973 0.0582738
974 0.0582738
975 0.0582414
976 0.0582414
977 0.0571707
978 0.0571707
979 0.0571707
980 0.0571707
981 0.0571707
982 0.0571707
983 0.0571707
984 0.0571707
985 0.0558404
986 0.0558404
987 0.0558404
988 0.0558404
989 0.0558404
990 0.0558404
991 0.0558404
992 0.0558404
993 0.0548994
994 0.0548994
995 0.0548994
996 0.0548994
997 0.0548994
998 0.0548994
999 0.0548994
1000 0.0548994
1001 0.0537313
1002 0.0537313
1003 0.0537313
1004 0.0537313
1005 0.0537313
1006 0.0537313
1007 0.0536989
1008 0.0536989
1009 0.0525633
1010 0.0525633
1011 0.0525633
1012 0.0525633
1013 0.0525633
1014 0.0525633
1015 0.0525308
1016 0.0525308
1017 0.0514276
1018 0.0514276
1019 0.0514276
1020 0.0514276
1021 0.0514276
1022 0.0514276
1023 0.0514276
1024 0.0514276
1025 0.0505191
1026 0.0505191
1027 0.0505191
1028 0.0505191
1029 0.0505191
1030 0.0505191
1031 0.0505191
1032 0.0505191
1033 0.0495133
1034 0.0495133
1035 0.0495133
1036 0.0495133
1037 0.0495133
1038 0.0495133
1039 0.0495133
1040 0.0495133
1041 0.0486372
1042 0.0486372
1043 0.0486372
1044 0.0486372
1045 0.0486372
1046 0.0486372
1047 0.0486048
1048 0.0486048
1049 0.0476963
1050 0.0476963
1051 0.0476963
1052 0.0476963
1053 0.0476963
1054 0.0476963
1055 0.0476963
1056 0.0476963
1057 0.0467554
1058 0.0467554
1059 0.0467554
1060 0.0467554
1061 0.0467554
1062 0.0467554
1063 0.0467229
1064 0.0467229
1065 0.0459117
1066 0.0459117
1067 0.0459117
1068 0.0459117
1069 0.0459117
1070 0.0459117
1071 0.0458469
1072 0.0458469
1073 0.0449384
1074 0.0449384
1075 0.0449384
1076 0.0449384
1077 0.0449384
1078 0.0449384
1079 0.0449059
1080 0.0449059
1081 0.044257
1082 0.044257
1083 0.044257
1084 0.044257
1085 0.044257
1086 0.044257
1087 0.0442245
1088 0.0442245
1089 0.0434458
1090 0.0434458
1091 0.0434458
1092 0.0434458
1093 0.0434458
1094 0.0434458
1095 0.0434134
1096 0.0434134
1097 0.0425373
1098 0.0425373
1099 0.0425373
1100 0.0425373
1101 0.0425373
1102 0.0425373
1103 0.0425373
1104 0.0425373
1105 0.0415964
1106 0.0415964
1107 0.0415964
1108 0.0415964
1109 0.0415964
1110 0.0415964
1111 0.0415639
1112 0.0415639
1113 0.040623
1114 0.040623
1115 0.040623
1116 0.040623
1117 0.040623
1118 0.040623
1119 0.0405905
1120 0.0405905
1121 0.0398767
1122 0.0398767
1123 0.0398767
1124 0.0398767
1125 0.0398767
1126 0.0398767
1127 0.0398443
1128 0.0398443
1129 0.0391304
1130 0.0391304
1131 0.0391304
1132 0.0391304
1133 0.0391304
1134 0.0391304
1135 0.039098
1136 0.039098
1137 0.0384815
1138 0.0384815
1139 0.0384815
1140 0.0384815
1141 0.0384815
1142 0.0384815
1143 0.0384166
1144 0.0384166
1145 0.0377677
1146 0.0377677
1147 0.0377677
1148 0.0377677
1149 0.0377677
1150 0.0377677
1151 0.0377677
1152 0.0377677
1153 0.0370539
1154 0.0370539
1155 0.0370539
1156 0.0370539
1157 0.0370539
1158 0.0370539
1159 0.0370539
1160 0.0370539
1161 0.0364049
1162 0.0364049
1163 0.0364049
1164 0.0364049
1165 0.0364049
1166 0.0364049
1167 0.0363725
1168 0.0363725
1169 0.0356262
1170 0.0356262
1171 0.0356262
1172 0.0356262
1173 0.0356262
1174 0.0356262
1175 0.0356262
1176 0.0356262
1177 0.0350422
1178 0.0350422
1179 0.0350422
1180 0.0350422
1181 0.0350422
1182 0.0350422
1183 0.0350422
1184 0.0350422
1185 0.0344257
1186 0.0344257
1187 0.0344257
1188 0.0344257
1189 0.0344257
1190 0.0344257
1191 0.0344257
1192 0.0344257
1193 0.0338417
1194 0.0338417
1195 0.0338417
1196 0.0338417
1197 0.0338417
1198 0.0338417
1199 0.0338417
1200 0.0338417
1201 0.0329981
1202 0.0329981
1203 0.0329981
1204 0.0329981
1205 0.0329981
1206 0.0329981
1207 0.0329981
1208 0.0329981
1209 0.0323816
1210 0.0323816
1211 0.0323816
1212 0.0323816
1213 0.0323816
1214 0.0323816
1215 0.0323816
1216 0.0323816
1217 0.0317651
1218 0.0317651
1219 0.0317651
1220 0.0317651
1221 0.0317651
1222 0.0317651
1223 0.0317651
1224 0.0317651
1225 0.0312459
1226 0.0312459
1227 0.0312459
1228 0.0312459
1229 0.0312459
1230 0.0312459
1231 0.0312459
1232 0.0312459
1233 0.0306295
1234 0.0306295
1235 0.0306295
1236 0.0306295
1237 0.0306295
1238 0.0306295
1239 0.0306295
1240 0.0306295
1241 0.0301103
1242 0.0301103
1243 0.0301103
1244 0.0301103
1245 0.0301103
1246 0.0301103
1247 0.0301103
1248 0.0301103
1249 0.0294289
1250 0.0294289
1251 0.0294289
1252 0.0294289
1253 0.0294289
1254 0.0294289
1255 0.0294289
1256 0.0294289
1257 0.0289747
1258 0.0289747
1259 0.0289747
1260 0.0289747
1261 0.0289747
1262 0.0289747
1263 0.0289747
1264 0.0289747
1265 0.028488
1266 0.028488
1267 0.028488
1268 0.028488
1269 0.028488
1270 0.028488
1271 0.0284555
1272 0.0284555
1273 0.027904
1274 0.027904
1275 0.027904
1276 0.027904
1277 0.027904
1278 0.027904
1279 0.027904
1280 0.027904
1281 0.027255
1282 0.027255
1283 0.027255
1284 0.027255
1285 0.027255
1286 0.027255
1287 0.0271901
1288 0.0271901
1289 0.0268008
1290 0.0268008
1291 0.0268008
1292 0.0268008
1293 0.0268008
1294 0.0268008
1295 0.0267683
1296 0.0267683
1297 0.0263141
1298 0.0263141
1299 0.0263141
1300 0.0263141
1301 0.0263141
1302 0.0263141
1303 0.0262816
1304 0.0262816
1305 0.0256327
1306 0.0256327
1307 0.0256327
1308 0.0256327
1309 0.0256327
1310 0.0256327
1311 0.0256327
1312 0.0256327
1313 0.0250487
1314 0.0250487
1315 0.0250487
1316 0.0250487
1317 0.0250487
1318 0.0250487
1319 0.0250487
1320 0.0250487
1321 0.024562
1322 0.024562
1323 0.024562
1324 0.024562
1325 0.024562
1326 0.024562
1327 0.0245295
1328 0.0245295
1329 0.0243024
1330 0.0243024
1331 0.0243024
1332 0.0243024
1333 0.0243024
1334 0.0243024
1335 0.0242051
1336 0.0242051
1337 0.023621
1338 0.023621
1339 0.023621
1340 0.023621
1341 0.023621
1342 0.023621
1343 0.023621
1344 0.023621
1345 0.0229072
1346 0.0229072
1347 0.0229072
1348 0.0229072
1349 0.0229072
1350 0.0229072
1351 0.0228748
1352 0.0228748
1353 0.0225178
1354 0.0225178
1355 0.0225178
1356 0.0225178
1357 0.0225178
1358 0.0225178
1359 0.0225178
1360 0.0225178
1361 0.0219663
1362 0.0219663
1363 0.0219663
1364 0.0219663
1365 0.0219663
1366 0.0219663
1367 0.0219014
1368 0.0219014
1369 0.0214796
1370 0.0214796
1371 0.0214796
1372 0.0214796
1373 0.0214796
1374 0.0214796
1375 0.0214796
1376 0.0214796
1377 0.0209604
1378 0.0209604
1379 0.0209604
1380 0.0209604
1381 0.0209604
1382 0.0209604
1383 0.0209604
1384 0.0209604
1385 0.0205062
1386 0.0205062
1387 0.0205062
1388 0.0205062
1389 0.0205062
1390 0.0205062
1391 0.0205062
1392 0.0205062
1393 0.0200519
1394 0.0200519
1395 0.0200519
1396 0.0200519
1397 0.0200519
1398 0.0200519
1399 0.0200519
1400 0.0200519
1401 0.0197274
1402 0.0197274
1403 0.0197274
1404 0.0197274
1405 0.0197274
1406 0.0197274
1407 0.019695
1408 0.019695
1409 0.0195328
1410 0.0195328
1411 0.0195328
1412 0.0195328
1413 0.0195328
1414 0.0195328
1415 0.0195328
1416 0.0195328
1417 0.0193705
1418 0.0193705
1419 0.0193705
1420 0.0193705
1421 0.0193705
1422 0.0193705
1423 0.0193705
1424 0.0193705
1425 0.0188838
1426 0.0188838
1427 0.0188838
1428 0.0188838
1429 0.0188838
1430 0.0188838
1431 0.0188189
1432 0.0188189
1433 0.0183971
1434 0.0183971
1435 0.0183971
1436 0.0183971
1437 0.0183971
1438 0.0183971
1439 0.0183971
1440 0.0183971
1441 0.0183323
1442 0.0183323
1443 0.0183323
1444 0.0183323
1445 0.0183323
1446 0.0183323
1447 0.0183323
1448 0.0183323
1449 0.0181051
1450 0.0181051
1451 0.0181051
1452 0.0181051
1453 0.0181051
1454 0.0181051
1455 0.0180727
1456 0.0180727
1457 0.0176184
1458 0.0176184
1459 0.0176184
1460 0.0176184
1461 0.0176184
1462 0.0176184
1463 0.0176184
1464 0.0176184
1465 0.0174238
1466 0.0174238
1467 0.0174238
1468 0.0174238
1469 0.0174238
1470 0.0174238
1471 0.0173913
1472 0.0173913
1473 0.0171642
1474 0.0171642
1475 0.0171642
1476 0.0171642
1477 0.0171642
1478 0.0171642
1479 0.0171642
1480 0.0171642
1481 0.0170668
1482 0.0170668
1483 0.0170668
1484 0.0170668
1485 0.0170668
1486 0.0170668
1487 0.0170668
1488 0.0170668
1489 0.0168073
1490 0.0168073
1491 0.0168073
1492 0.0168073
1493 0.0168073
1494 0.0168073
1495 0.0168073
1496 0.0168073
1497 0.0164828
1498 0.0164828
1499 0.0164828
1500 0.0164828
1501 0.0164828
1502 0.0164828
1503 0.0164828
1504 0.0164828
1505 0.0160934
1506 0.0160934
1507 0.0160934
1508 0.0160934
1509 0.0160934
1510 0.0160934
1511 0.0160934
1512 0.0160934
1513 0.0158014
1514 0.0158014
1515 0.0158014
1516 0.0158014
1517 0.0158014
1518 0.0158014
1519 0.0158014
1520 0.0158014
1521 0.0153796
1522 0.0153796
1523 0.0153796
1524 0.0153796
1525 0.0153796
1526 0.0153796
1527 0.0153472
1528 0.0153472
1529 0.0149903
1530 0.0149903
1531 0.0149903
1532 0.0149903
1533 0.0149903
1534 0.0149903
1535 0.0149903
1536 0.0149903
1537 0.0146982
1538 0.0146982
1539 0.0146982
1540 0.0146982
1541 0.0146982
1542 0.0146982
1543 0.0146658
1544 0.0146658
1545 0.0145036
1546 0.0145036
1547 0.0145036
1548 0.0145036
1549 0.0145036
1550 0.0145036
1551 0.0145036
1552 0.0145036
1553 0.0141142
1554 0.0141142
1555 0.0141142
1556 0.0141142
1557 0.0141142
1558 0.0141142
1559 0.0141142
1560 0.0141142
1561 0.0138871
1562 0.0138871
1563 0.0138871
1564 0.0138871
1565 0.0138871
1566 0.0138871
1567 0.0138871
1568 0.0138871
1569 0.0136924
1570 0.0136924
1571 0.0136924
1572 0.0136924
1573 0.0136924
1574 0.0136924
1575 0.0136924
1576 0.0136924
1577 0.0133679
1578 0.0133679
1579 0.0133679
1580 0.0133679
1581 0.0133679
1582 0.0133679
1583 0.0133355
1584 0.0133355
1585 0.0131408
1586 0.0131408
1587 0.0131408
1588 0.0131408
1589 0.0131408
1590 0.0131408
1591 0.0131408
1592 0.0131408
1593 0.0128164
1594 0.0128164
1595 0.0128164
1596 0.0128164
1597 0.0128164
1598 0.0128164
1599 0.0128164
1600 0.0128164
1601 0.0125892
1602 0.0125892
1603 0.0125892
1604 0.0125892
1605 0.0125892
1606 0.0125892
1607 0.0125892
1608 0.0125892
1609 0.0123945
1610 0.0123945
1611 0.0123945
1612 0.0123945
1613 0.0123945
1614 0.0123945
1615 0.0123945
1616 0.0123945
1617 0.0121999
1618 0.0121999
1619 0.0121999
1620 0.0121999
1621 0.0121999
1622 0.0121999
1623 0.0121999
1624 0.0121999
1625 0.0119403
1626 0.0119403
1627 0.0119403
1628 0.0119403
1629 0.0119403
1630 0.0119403
1631 0.0119079
1632 0.0119079
1633 0.0117781
1634 0.0117781
1635 0.0117781
1636 0.0117781
1637 0.0117781
1638 0.0117781
1639 0.0117781
1640 0.0117781
1641 0.0115509
1642 0.0115509
1643 0.0115509
1644 0.0115509
1645 0.0115509
1646 0.0115509
1647 0.0115509
1648 0.0115509
1649 0.0113563
1650 0.0113563
1651 0.0113563
1652 0.0113563
1653 0.0113563
1654 0.0113563
1655 0.0113563
1656 0.0113563
1657 0.0112589
1658 0.0112589
1659 0.0112589
1660 0.0112589
1661 0.0112589
1662 0.0112589
1663 0.0112589
1664 0.0112589
1665 0.0109994
1666 0.0109994
1667 0.0109994
1668 0.0109994
1669 0.0109994
1670 0.0109994
1671 0.0109994
1672 0.0109994
1673 0.0107398
1674 0.0107398
1675 0.0107398
1676 0.0107398
1677 0.0107398
1678 0.0107398
1679 0.0107398
1680 0.0107398
1681 0.0105775
1682 0.0105775
1683 0.0105775
1684 0.0105775
1685 0.0105775
1686 0.0105775
1687 0.0105775
1688 0.0105775
1689 0.0104478
1690 0.0104478
1691 0.0104478
1692 0.0104478
1693 0.0104478
1694 0.0104478
1695 0.0104478
1696 0.0104478
1697 0.0101233
1698 0.0101233
1699 0.0101233
1700 0.0101233
1701 0.0101233
1702 0.0101233
1703 0.0101233
1704 0.0101233
1705 0.0100584
1706 0.0100584
1707 0.0100584
1708 0.0100584
1709 0.0100584
1710 0.0100584
1711 0.010026
1712 0.010026
1713 0.00979883
1714 0.00979883
1715 0.00979883
1716 0.00979883
1717 0.00979883
1718 0.00979883
1719 0.00979883
1720 0.00979883
1721 0.00976639
1722 0.00976639
1723 0.00976639
1724 0.00976639
1725 0.00976639
1726 0.00976639
1727 0.00976639
1728 0.00976639
1729 0.00970149
1730 0.00970149
1731 0.00970149
1732 0.00970149
1733 0.00970149
1734 0.00970149
1735 0.00966905
1736 0.00966905
1737 0.00947437
1738 0.00947437
1739 0.00947437
1740 0.00947437
1741 0.00947437
1742 0.00947437
1743 0.00947437
1744 0.00947437
1745 0.0092148
1746 0.0092148
1747 0.0092148
1748 0.0092148
1749 0.0092148
1750 0.0092148
1751 0.0092148
1752 0.0092148
1753 0.00908501
1754 0.00908501
1755 0.00908501
1756 0.00908501
1757 0.00908501
1758 0.00908501
1759 0.00905256
1760 0.00905256
1761 0.00876055
1762 0.00876055
1763 0.00876055
1764 0.00876055
1765 0.00876055
1766 0.00876055
1767 0.00876055
1768 0.00876055
1769 0.00853342
1770 0.00853342
1771 0.00853342
1772 0.00853342
1773 0.00853342
1774 0.00853342
1775 0.00853342
1776 0.00853342
1777 0.00837119
1778 0.00837119
1779 0.00837119
1780 0.00837119
1781 0.00837119
1782 0.00837119
1783 0.00837119
1784 0.00837119
1785 0.00817651
1786 0.00817651
1787 0.00817651
1788 0.00817651
1789 0.00817651
1790 0.00817651
1791 0.00814406
1792 0.00814406
1793 0.0077547
1794 0.0077547
1795 0.0077547
1796 0.0077547
1797 0.0077547
1798 0.0077547
1799 0.0077547
1800 0.0077547
1801 0.00752758
1802 0.00752758
1803 0.00752758
1804 0.00752758
1805 0.00752758
1806 0.00752758
1807 0.00752758
1808 0.00752758
1809 0.00730045
1810 0.00730045
1811 0.00730045
1812 0.00730045
1813 0.00730045
1814 0.00730045
1815 0.00730045
1816 0.00730045
1817 0.00710578
1818 0.00710578
1819 0.00710578
1820 0.00710578
1821 0.00710578
1822 0.00710578
1823 0.00710578
1824 0.00710578
1825 0.00700844
1826 0.00700844
1827 0.00700844
1828 0.00700844
1829 0.00700844
1830 0.00700844
1831 0.00700844
1832 0.00700844
1833 0.0068462
1834 0.0068462
1835 0.0068462
1836 0.0068462
1837 0.0068462
1838 0.0068462
1839 0.0068462
1840 0.0068462
1841 0.00668397
1842 0.00668397
1843 0.00668397
1844 0.00668397
1845 0.00668397
1846 0.00668397
1847 0.00668397
1848 0.00668397
1849 0.00665152
1850 0.00665152
1851 0.00665152
1852 0.00665152
1853 0.00665152
1854 0.00665152
1855 0.00665152
1856 0.00665152
1857 0.00648929
1858 0.00648929
1859 0.00648929
1860 0.00648929
1861 0.00648929
1862 0.00648929
1863 0.00648929
1864 0.00648929
1865 0.0064244
1866 0.0064244
1867 0.0064244
1868 0.0064244
1869 0.0064244
1870 0.0064244
1871 0.0064244
1872 0.0064244
1873 0.00629461
1874 0.00629461
1875 0.00629461
1876 0.00629461
1877 0.00629461
1878 0.00629461
1879 0.00629461
1880 0.00629461
1881 0.00626217
1882 0.00626217
1883 0.00626217
1884 0.00626217
1885 0.00626217
1886 0.00626217
1887 0.00626217
1888 0.00626217
1889 0.00616483
1890 0.00616483
1891 0.00616483
1892 0.00616483
1893 0.00616483
1894 0.00616483
1895 0.00613238
1896 0.00613238
1897 0.0060026
1898 0.0060026
1899 0.0060026
1900 0.0060026
1901 0.0060026
1902 0.0060026
1903 0.0060026
1904 0.0060026
1905 0.00584036
1906 0.00584036
1907 0.00584036
1908 0.00584036
1909 0.00584036
1910 0.00584036
1911 0.00584036
1912 0.00584036
1913 0.00577547
1914 0.00577547
1915 0.00577547
1916 0.00577547
1917 0.00577547
1918 0.00577547
1919 0.00577547
1920 0.00577547
1921 0.00567813
1922 0.00567813
1923 0.00567813
1924 0.00567813
1925 0.00567813
1926 0.00567813
1927 0.00567813
1928 0.00567813
1929 0.00564568
1930 0.00564568
1931 0.00564568
1932 0.00564568
1933 0.00564568
1934 0.00564568
1935 0.00564568
1936 0.00564568
1937 0.00554835
1938 0.00554835
1939 0.00554835
1940 0.00554835
1941 0.00554835
1942 0.00554835
1943 0.00554835
1944 0.00554835
1945 0.00545101
1946 0.00545101
1947 0.00545101
1948 0.00545101
1949 0.00545101
1950 0.00545101
1951 0.00545101
1952 0.00545101
1953 0.00538611
1954 0.00538611
1955 0.00538611
1956 0.00538611
1957 0.00538611
1958 0.00538611
1959 0.00538611
1960 0.00538611
1961 0.00528877
1962 0.00528877
1963 0.00528877
1964 0.00528877
1965 0.00528877
1966 0.00528877
1967 0.00525633
1968 0.00525633
1969 0.00515899
1970 0.00515899
1971 0.00515899
1972 0.00515899
1973 0.00515899
1974 0.00515899
1975 0.00515899
1976 0.00515899
1977 0.00509409
1978 0.00509409
1979 0.00509409
1980 0.00509409
1981 0.00509409
1982 0.00509409
1983 0.00509409
1984 0.00509409
1985 0.0050292
1986 0.0050292
1987 0.0050292
1988 0.0050292
1989 0.0050292
1990 0.0050292
1991 0.0050292
1992 0.0050292
1993 0.00496431
1994 0.00496431
1995 0.00496431
1996 0.00496431
1997 0.00496431
1998 0.00496431
1999 0.00496431
2000 0.00496431
2001 0.00480208
2002 0.00480208
2003 0.00480208
2004 0.00480208
2005 0.00480208
2006 0.00480208
2007 0.00480208
2008 0.00480208
2009 0.00467229
2010 0.00467229
2011 0.00467229
2012 0.00467229
2013 0.00467229
2014 0.00467229
2015 0.00467229
2016 0.00467229
2017 0.00463984
2018 0.00463984
2019 0.00463984
2020 0.00463984
2021 0.00463984
2022 0.00463984
2023 0.00463984
2024 0.00463984
2025 0.00451006
2026 0.00451006
2027 0.00451006
2028 0.00451006
2029 0.00451006
2030 0.00451006
2031 0.00451006
2032 0.00451006
2033 0.00444517
2034 0.00444517
2035 0.00444517
2036 0.00444517
2037 0.00444517
2038 0.00444517
2039 0.00444517
2040 0.00444517
2041 0.00444517
2042 0.00444517
2043 0.00444517
2044 0.00444517
2045 0.00444517
2046 0.00444517
2047 0.00441272
2048 0.00441272
2049 0.00438027
2050 0.00438027
2051 0.00438027
2052 0.00438027
2053 0.00438027
2054 0.00438027
2055 0.00438027
2056 0.00438027
2057 0.00438027
2058 0.00438027
2059 0.00438027
2060 0.00438027
2061 0.00438027
2062 0.00438027
2063 0.00438027
2064 0.00438027
2065 0.00428293
2066 0.00428293
2067 0.00428293
2068 0.00428293
2069 0.00428293
2070 0.00428293
2071 0.00428293
2072 0.00428293
2073 0.00421804
2074 0.00421804
2075 0.00421804
2076 0.00421804
2077 0.00421804
2078 0.00421804
2079 0.00421804
2080 0.00421804
2081 0.00415315
2082 0.00415315
2083 0.00415315
2084 0.00415315
2085 0.00415315
2086 0.00415315
2087 0.00415315
2088 0.00415315
2089 0.00405581
2090 0.00405581
2091 0.00405581
2092 0.00405581
2093 0.00405581
2094 0.00405581
2095 0.00405581
2096 0.00405581
2097 0.00395847
2098 0.00395847
2099 0.00395847
2100 0.00395847
2101 0.00395847
2102 0.00395847
2103 0.00395847
2104 0.00395847
2105 0.00392602
2106 0.00392602
2107 0.00392602
2108 0.00392602
2109 0.00392602
2110 0.00392602
2111 0.00392602
2112 0.00392602
2113 0.00389358
2114 0.00389358
2115 0.00389358
2116 0.00389358
2117 0.00389358
2118 0.00389358
2119 0.00389358
2120 0.00389358
2121 0.00376379
2122 0.00376379
2123 0.00376379
2124 0.00376379
2125 0.00376379
2126 0.00376379
2127 0.00376379
2128 0.00376379
2129 0.00373134
2130 0.00373134
2131 0.00373134
2132 0.00373134
2133 0.00373134
2134 0.00373134
2135 0.00373134
2136 0.00373134
2137 0.0036989
2138 0.0036989
2139 0.0036989
2140 0.0036989
2141 0.0036989
2142 0.0036989
2143 0.0036989
2144 0.0036989
2145 0.00360156
2146 0.00360156
2147 0.00360156
2148 0.00360156
2149 0.00360156
2150 0.00360156
2151 0.00360156
2152 0.00360156
2153 0.00353666
2154 0.00353666
2155 0.00353666
2156 0.00353666
2157 0.00353666
2158 0.00353666
2159 0.00353666
2160 0.00353666
2161 0.00340688
2162 0.00340688
2163 0.00340688
2164 0.00340688
2165 0.00340688
2166 0.00340688
2167 0.00340688
2168 0.00340688
2169 0.00340688
2170 0.00340688
2171 0.00340688
2172 0.00340688
2173 0.00340688
2174 0.00340688
2175 0.00340688
2176 0.00340688
2177 0.00337443
2178 0.00337443
2179 0.00337443
2180 0.00337443
2181 0.00337443
2182 0.00337443
2183 0.00337443
2184 0.00337443
2185 0.00330954
2186 0.00330954
2187 0.00330954
2188 0.00330954
2189 0.00330954
2190 0.00330954
2191 0.00330954
2192 0.00330954
2193 0.0032122
2194 0.0032122
2195 0.0032122
2196 0.0032122
2197 0.0032122
2198 0.0032122
2199 0.0032122
2200 0.0032122
2201 0.00314731
2202 0.00314731
2203 0.00314731
2204 0.00314731
2205 0.00314731
2206 0.00314731
2207 0.00314731
2208 0.00314731
2209 0.00308241
2210 0.00308241
2211 0.00308241
2212 0.00308241
2213 0.00308241
2214 0.00308241
2215 0.00308241
2216 0.00308241
2217 0.00304997
2218 0.00304997
2219 0.00304997
2220 0.00304997
2221 0.00304997
2222 0.00304997
2223 0.00304997
2224 0.00304997
2225 0.00298507
2226 0.00298507
2227 0.00298507
2228 0.00298507
2229 0.00298507
2230 0.00298507
2231 0.00298507
2232 0.00298507
2233 0.00295263
2234 0.00295263
2235 0.00295263
2236 0.00295263
2237 0.00295263
2238 0.00295263
2239 0.00295263
2240 0.00295263
2241 0.00292018
2242 0.00292018
2243 0.00292018
2244 0.00292018
2245 0.00292018
2246 0.00292018
2247 0.00292018
2248 0.00292018
2249 0.00285529
2250 0.00285529
2251 0.00285529
2252 0.00285529
2253 0.00285529
2254 0.00285529
2255 0.00285529
2256 0.00285529
2257 0.00285529
2258 0.00285529
2259 0.00285529
2260 0.00285529
2261 0.00285529
2262 0.00285529
2263 0.00285529
2264 0.00285529
2265 0.0027255
2266 0.0027255
2267 0.0027255
2268 0.0027255
2269 0.0027255
2270 0.0027255
2271 0.0027255
2272 0.0027255
2273 0.00262816
2274 0.00262816
2275 0.00262816
2276 0.00262816
2277 0.00262816
2278 0.00262816
2279 0.00262816
2280 0.00262816
2281 0.00259572
2282 0.00259572
2283 0.00259572
2284 0.00259572
2285 0.00259572
2286 0.00259572
2287 0.00259572
2288 0.00259572
2289 0.00259572
2290 0.00259572
2291 0.00259572
2292 0.00259572
2293 0.00259572
2294 0.00259572
2295 0.00259572
2296 0.00259572
2297 0.00253082
2298 0.00253082
2299 0.00253082
2300 0.00253082
2301 0.00253082
2302 0.00253082
2303 0.00253082
2304 0.00253082
2305 0.00253082
2306 0.00253082
2307 0.00253082
2308 0.00253082
2309 0.00253082
2310 0.00253082
2311 0.00253082
2312 0.00253082
2313 0.00249838
2314 0.00249838
2315 0.00249838
2316 0.00249838
2317 0.00249838
2318 0.00249838
2319 0.00246593
2320 0.00246593
2321 0.00240104
2322 0.00240104
2323 0.00240104
2324 0.00240104
2325 0.00240104
2326 0.00240104
2327 0.00240104
2328 0.00240104
2329 0.0023037
2330 0.0023037
2331 0.0023037
2332 0.0023037
2333 0.0023037
2334 0.0023037
2335 0.0023037
2336 0.0023037
2337 0.0023037
2338 0.0023037
2339 0.0023037
2340 0.0023037
2341 0.0023037
2342 0.0023037
2343 0.0023037
2344 0.0023037
2345 0.00223881
2346 0.00223881
2347 0.00223881
2348 0.00223881
2349 0.00223881
2350 0.00223881
2351 0.00223881
2352 0.00223881
2353 0.00223881
2354 0.00223881
2355 0.00223881
2356 0.00223881
2357 0.00223881
2358 0.00223881
2359 0.00223881
2360 0.00223881
2361 0.00223881
2362 0.00223881
2363 0.00223881
2364 0.00223881
2365 0.00223881
2366 0.00223881
2367 0.00223881
2368 0.00223881
2369 0.00220636
2370 0.00220636
2371 0.00220636
2372 0.00220636
2373 0.00220636
2374 0.00220636
2375 0.00220636
2376 0.00220636
2377 0.00220636
2378 0.00220636
2379 0.00220636
2380 0.00220636
2381 0.00220636
2382 0.00220636
2383 0.00220636
2384 0.00220636
2385 0.00217391
2386 0.00217391
2387 0.00217391
2388 0.00217391
2389 0.00217391
2390 0.00217391
2391 0.00217391
2392 0.00217391
2393 0.00217391
2394 0.00217391
2395 0.00217391
2396 0.00217391
2397 0.00217391
2398 0.00217391
2399 0.00217391
2400 0.00217391
2401 0.00210902
2402 0.00210902
2403 0.00210902
2404 0.00210902
2405 0.00210902
2406 0.00210902
2407 0.00210902
2408 0.00210902
2409 0.00210902
2410 0.00210902
2411 0.00210902
2412 0.00210902
2413 0.00210902
2414 0.00210902
2415 0.00210902
2416 0.00210902
2417 0.00207657
2418 0.00207657
2419 0.00207657
2420 0.00207657
2421 0.00207657
2422 0.00207657
2423 0.00207657
2424 0.00207657
2425 0.00207657
2426 0.00207657
2427 0.00207657
2428 0.00207657
2429 0.00207657
2430 0.00207657
2431 0.00207657
2432 0.00207657
2433 0.00204413
2434 0.00204413
2435 0.00204413
2436 0.00204413
2437 0.00204413
2438 0.00204413
2439 0.00204413
2440 0.00204413
2441 0.00201168
2442 0.00201168
2443 0.00201168
2444 0.00201168
2445 0.00201168
2446 0.00201168
2447 0.00201168
2448 0.00201168
2449 0.00197923
2450 0.00197923
2451 0.00197923
2452 0.00197923
2453 0.00197923
2454 0.00197923
2455 0.00197923
2456 0.00197923
2457 0.00194679
2458 0.00194679
2459 0.00194679
2460 0.00194679
2461 0.00194679
2462 0.00194679
2463 0.00194679
2464 0.00194679
2465 0.00188189
2466 0.00188189
2467 0.00188189
2468 0.00188189
2469 0.00188189
2470 0.00188189
2471 0.00188189
2472 0.00188189
2473 0.00188189
2474 0.00188189
2475 0.00188189
2476 0.00188189
2477 0.00188189
2478 0.00188189
2479 0.00188189
2480 0.00188189
2481 0.00188189
2482 0.00188189
2483 0.00188189
2484 0.00188189
2485 0.00188189
2486 0.00188189
2487 0.00188189
2488 0.00188189
2489 0.001817
2490 0.001817
2491 0.001817
2492 0.001817
2493 0.001817
2494 0.001817
2495 0.001817
2496 0.001817
2497 0.00178456
2498 0.00178456
2499 0.00178456
2500 0.00178456
2501 0.00178456
2502 0.00178456
2503 0.00178456
2504 0.00178456
2505 0.00178456
2506 0.00178456
2507 0.00178456
2508 0.00178456
2509 0.00178456
2510 0.00178456
2511 0.00178456
2512 0.00178456
2513 0.00178456
2514 0.00178456
2515 0.00178456
2516 0.00178456
2517 0.00178456
2518 0.00178456
2519 0.00175211
2520 0.00175211
2521 0.00171966
2522 0.00171966
2523 0.00171966
2524 0.00171966
2525 0.00171966
2526 0.00171966
2527 0.00171966
2528 0.00171966
2529 0.00165477
2530 0.00165477
2531 0.00165477
2532 0.00165477
2533 0.00165477
2534 0.00165477
2535 0.00165477
2536 0.00165477
2537 0.00155743
2538 0.00155743
2539 0.00155743
2540 0.00155743
2541 0.00155743
2542 0.00155743
2543 0.00155743
2544 0.00155743
2545 0.00155743
2546 0.00155743
2547 0.00155743
2548 0.00155743
2549 0.00155743
2550 0.00155743
2551 0.00155743
2552 0.00155743
2553 0.00149254
2554 0.00149254
2555 0.00149254
2556 0.00149254
2557 0.00149254
2558 0.00149254
2559 0.00149254
2560 0.00149254
2561 0.00149254
2562 0.00149254
2563 0.00149254
2564 0.00149254
2565 0.00149254
2566 0.00149254
2567 0.00149254
2568 0.00149254
2569 0.00146009
2570 0.00146009
2571 0.00146009
2572 0.00146009
2573 0.00146009
2574 0.00146009
2575 0.00146009
2576 0.00146009
2577 0.0013952
2578 0.0013952
2579 0.0013952
2580 0.0013952
2581 0.0013952
2582 0.0013952
2583 0.0013952
2584 0.0013952
2585 0.0013952
2586 0.0013952
2587 0.0013952
2588 0.0013952
2589 0.0013952
2590 0.0013952
2591 0.0013952
2592 0.0013952
2593 0.00136275
2594 0.00136275
2595 0.00136275
2596 0.00136275
2597 0.00136275
2598 0.00136275
2599 0.00136275
2600 0.00136275
2601 0.00133031
2602 0.00133031
2603 0.00133031
2604 0.00133031
2605 0.00133031
2606 0.00133031
2607 0.00133031
2608 0.00133031
2609 0.00129786
2610 0.00129786
2611 0.00129786
2612 0.00129786
2613 0.00129786
2614 0.00129786
2615 0.00129786
2616 0.00129786
2617 0.00116807
2618 0.00116807
2619 0.00116807
2620 0.00116807
2621 0.00116807
2622 0.00116807
2623 0.00116807
2624 0.00116807
2625 0.00110318
2626 0.00110318
2627 0.00110318
2628 0.00110318
2629 0.00110318
2630 0.00110318
2631 0.00110318
2632 0.00110318
2633 0.00107073
2634 0.00107073
2635 0.00107073
2636 0.00107073
2637 0.00107073
2638 0.00107073
2639 0.00107073
2640 0.00107073
2641 0.00103829
2642 0.00103829
2643 0.00103829
2644 0.00103829
2645 0.00103829
2646 0.00103829
2647 0.00103829
2648 0.00103829
2649 0.00103829
2650 0.00103829
2651 0.00103829
2652 0.00103829
2653 0.00103829
2654 0.00103829
2655 0.00103829
2656 0.00103829
2657 0.00103829
2658 0.00103829
2659 0.00103829
2660 0.00103829
2661 0.00103829
2662 0.00103829
2663 0.00103829
2664 0.00103829
2665 0.00103829
2666 0.00103829
2667 0.00103829
2668 0.00103829
2669 0.00103829
2670 0.00103829
2671 0.00103829
2672 0.00103829
2673 0.00100584
2674 0.00100584
2675 0.00100584
2676 0.00100584
2677 0.00100584
2678 0.00100584
2679 0.00100584
2680 0.00100584
2681 0.00100584
2682 0.00100584
2683 0.00100584
2684 0.00100584
2685 0.00100584
2686 0.00100584
2687 0.00100584
2688 0.00100584
2689 0.00100584
2690 0.00100584
2691 0.00100584
2692 0.00100584
2693 0.00100584
2694 0.00100584
2695 0.00100584
2696 0.00100584
2697 0.000973394
2698 0.000973394
2699 0.000973394
2700 0.000973394
2701 0.000973394
2702 0.000973394
2703 0.000973394
2704 0.000973394
2705 0.000908501
2706 0.000908501
2707 0.000908501
2708 0.000908501
2709 0.000908501
2710 0.000908501
2711 0.000908501
2712 0.000908501
2713 0.000908501
2714 0.000908501
2715 0.000908501
2716 0.000908501
2717 0.000908501
2718 0.000908501
2719 0.000908501
2720 0.000908501
2721 0.000876055
2722 0.000876055
2723 0.000876055
2724 0.000876055
2725 0.000876055
2726 0.000876055
2727 0.000876055
2728 0.000876055
2729 0.000876055
2730 0.000876055
2731 0.000876055
2732 0.000876055
2733 0.000876055
2734 0.000876055
2735 0.000876055
2736 0.000876055
2737 0.000876055
2738 0.000876055
2739 0.000876055
2740 0.000876055
2741 0.000876055
2742 0.000876055
2743 0.000876055
2744 0.000876055
2745 0.000843608
2746 0.000843608
2747 0.000843608
2748 0.000843608
2749 0.000843608
2750 0.000843608
2751 0.000843608
2752 0.000843608
2753 0.000843608
2754 0.000843608
2755 0.000843608
2756 0.000843608
2757 0.000843608
2758 0.000843608
2759 0.000843608
2760 0.000843608
2761 0.000843608
2762 0.000843608
2763 0.000843608
2764 0.000843608
2765 0.000843608
2766 0.000843608
2767 0.000843608
2768 0.000843608
2769 0.000811162
2770 0.000811162
2771 0.000811162
2772 0.000811162
2773 0.000811162
2774 0.000811162
2775 0.000811162
2776 0.000811162
2777 0.000778715
2778 0.000778715
2779 0.000778715
2780 0.000778715
2781 0.000778715
2782 0.000778715
2783 0.000778715
2784 0.000778715
2785 0.000778715
2786 0.000778715
2787 0.000778715
2788 0.000778715
2789 0.000778715
2790 0.000778715
2791 0.000778715
2792 0.000778715
2793 0.000746269
2794 0.000746269
2795 0.000746269
2796 0.000746269
2797 0.000746269
2798 0.000746269
2799 0.000746269
2800 0.000746269
2801 0.000746269
2802 0.000746269
2803 0.000746269
2804 0.000746269
2805 0.000746269
2806 0.000746269
2807 0.000746269
2808 0.000746269
2809 0.000746269
2810 0.000746269
2811 0.000746269
2812 0.000746269
2813 0.000746269
2814 0.000746269
2815 0.000746269
2816 0.000746269
2817 0.000713822
2818 0.000713822
2819 0.000713822
2820 0.000713822
2821 0.000713822
2822 0.000713822
2823 0.000713822
2824 0.000713822
2825 0.000681376
2826 0.000681376
2827 0.000681376
2828 0.000681376
2829 0.000681376
2830 0.000681376
2831 0.000681376
2832 0.000681376
2833 0.000648929
2834 0.000648929
2835 0.000648929
2836 0.000648929
2837 0.000648929
2838 0.000648929
2839 0.000648929
2840 0.000648929
2841 0.000616483
2842 0.000616483
2843 0.000616483
2844 0.000616483
2845 0.000616483
2846 0.000616483
2847 0.000616483
2848 0.000616483
2849 0.000616483
2850 0.000616483
2851 0.000616483
2852 0.000616483
2853 0.000616483
2854 0.000616483
2855 0.000616483
2856 0.000616483
2857 0.000616483
2858 0.000616483
2859 0.000616483
2860 0.000616483
2861 0.000616483
2862 0.000616483
2863 0.000616483
2864 0.000616483
2865 0.000616483
2866 0.000616483
2867 0.000616483
2868 0.000616483
2869 0.000616483
2870 0.000616483
2871 0.000616483
2872 0.000616483
2873 0.000616483
2874 0.000616483
2875 0.000616483
2876 0.000616483
2877 0.000616483
2878 0.000616483
2879 0.000616483
2880 0.000616483
2881 0.000616483
2882 0.000616483
2883 0.000616483
2884 0.000616483
2885 0.000616483
2886 0.000616483
2887 0.000616483
2888 0.000616483
2889 0.000584036
2890 0.000584036
2891 0.000584036
2892 0.000584036
2893 0.000584036
2894 0.000584036
2895 0.000584036
2896 0.000584036
2897 0.000584036
2898 0.000584036
2899 0.000584036
2900 0.000584036
2901 0.000584036
2902 0.000584036
2903 0.000584036
2904 0.000584036
2905 0.000584036
2906 0.000584036
2907 0.000584036
2908 0.000584036
2909 0.000584036
2910 0.000584036
2911 0.000584036
2912 0.000584036
2913 0.000584036
2914 0.000584036
2915 0.000584036
2916 0.000584036
2917 0.000584036
2918 0.000584036
2919 0.000584036
2920 0.000584036
2921 0.00055159
2922 0.00055159
2923 0.00055159
2924 0.00055159
2925 0.00055159
2926 0.00055159
2927 0.000519143
2928 0.000519143
2929 0.000486697
2930 0.000486697
2931 0.000486697
2932 0.000486697
2933 0.000486697
2934 0.000486697
2935 0.000486697
2936 0.000486697
2937 0.000486697
2938 0.000486697
2939 0.000486697
2940 0.000486697
2941 0.000486697
2942 0.000486697
2943 0.000486697
2944 0.000486697
2945 0.000486697
2946 0.000486697
2947 0.000486697
2948 0.000486697
2949 0.000486697
2950 0.000486697
2951 0.000486697
2952 0.000486697
2953 0.000486697
2954 0.000486697
2955 0.000486697
2956 0.000486697
2957 0.000486697
2958 0.000486697
2959 0.000486697
2960 0.000486697
2961 0.000486697
2962 0.000486697
2963 0.000486697
2964 0.000486697
2965 0.000486697
2966 0.000486697
2967 0.000486697
2968 0.000486697
2969 0.000486697
2970 0.000486697
2971 0.000486697
2972 0.000486697
2973 0.000486697
2974 0.000486697
2975 0.000486697
2976 0.000486697
2977 0.00045425
2978 0.00045425
2979 0.00045425
2980 0.00045425
2981 0.00045425
2982 0.00045425
2983 0.00045425
2984 0.00045425
2985 0.000421804
2986 0.000421804
2987 0.000421804
2988 0.000421804
2989 0.000421804
2990 0.000421804
2991 0.000421804
2992 0.000421804
2993 0.000389358
2994 0.000389358
2995 0.000389358
2996 0.000389358
2997 0.000389358
2998 0.000389358
2999 0.000389358
3000 0.000389358
3001 0.000389358
3002 0.000389358
3003 0.000389358
3004 0.000389358
3005 0.000389358
3006 0.000389358
3007 0.000389358
3008 0.000389358
3009 0.000389358
3010 0.000389358
3011 0.000389358
3012 0.000389358
3013 0.000389358
3014 0.000389358
3015 0.000389358
3016 0.000389358
3017 0.000389358
3018 0.000389358
3019 0.000389358
3020 0.000389358
3021 0.000389358
3022 0.000389358
3023 0.000389358
3024 0.000389358
3025 0.000389358
3026 0.000389358
3027 0.000389358
3028 0.000389358
3029 0.000389358
3030 0.000389358
3031 0.000389358
3032 0.000389358
3033 0.000356911
3034 0.000356911
3035 0.000356911
3036 0.000356911
3037 0.000356911
3038 0.000356911
3039 0.000356911
3040 0.000356911
3041 0.000356911
3042 0.000356911
3043 0.000356911
3044 0.000356911
3045 0.000356911
3046 0.000356911
3047 0.000356911
3048 0.000356911
3049 0.000356911
3050 0.000356911
3051 0.000356911
3052 0.000356911
3053 0.000356911
3054 0.000356911
3055 0.000356911
3056 0.000356911
3057 0.000356911
3058 0.000356911
3059 0.000356911
3060 0.000356911
3061 0.000356911
3062 0.000356911
3063 0.000356911
3064 0.000356911
3065 0.000356911
3066 0.000356911
3067 0.000356911
3068 0.000356911
3069 0.000356911
3070 0.000356911
3071 0.000356911
3072 0.000356911
3073 0.000356911
3074 0.000356911
3075 0.000356911
3076 0.000356911
3077 0.000356911
3078 0.000356911
3079 0.000356911
3080 0.000356911
3081 0.000356911
3082 0.000356911
3083 0.000356911
3084 0.000356911
3085 0.000356911
3086 0.000356911
3087 0.000356911
3088 0.000356911
3089 0.000356911
3090 0.000356911
3091 0.000356911
3092 0.000356911
3093 0.000356911
3094 0.000356911
3095 0.000356911
3096 0.000356911
3097 0.000356911
3098 0.000356911
3099 0.000356911
3100 0.000356911
3101 0.000356911
3102 0.000356911
3103 0.000356911
3104 0.000356911
3105 0.000324465
3106 0.000324465
3107 0.000324465
3108 0.000324465
3109 0.000324465
3110 0.000324465
3111 0.000324465
3112 0.000324465
3113 0.000324465
3114 0.000324465
3115 0.000324465
3116 0.000324465
3117 0.000324465
3118 0.000324465
3119 0.000324465
3120 0.000324465
3121 0.000324465
3122 0.000324465
3123 0.000324465
3124 0.000324465
3125 0.000324465
3126 0.000324465
3127 0.000324465
3128 0.000324465
3129 0.000324465
3130 0.000324465
3131 0.000324465
3132 0.000324465
3133 0.000324465
3134 0.000324465
3135 0.000324465
3136 0.000324465
3137 0.000324465
3138 0.000324465
3139 0.000324465
3140 0.000324465
3141 0.000324465
3142 0.000324465
3143 0.000324465
3144 0.000324465
3145 0.000324465
3146 0.000324465
3147 0.000324465
3148 0.000324465
3149 0.000324465
3150 0.000324465
3151 0.000324465
3152 0.000324465
3153 0.000324465
3154 0.000324465
3155 0.000324465
3156 0.000324465
3157 0.000324465
3158 0.000324465
3159 0.000324465
3160 0.000324465
3161 0.000324465
3162 0.000324465
3163 0.000324465
3164 0.000324465
3165 0.000324465
3166 0.000324465
3167 0.000324465
3168 0.000324465
3169 0.000324465
3170 0.000324465
3171 0.000324465
3172 0.000324465
3173 0.000324465
3174 0.000324465
3175 0.000324465
3176 0.000324465
3177 0.000324465
3178 0.000324465
3179 0.000324465
3180 0.000324465
3181 0.000324465
3182 0.000324465
3183 0.000324465
3184 0.000324465
3185 0.000324465
3186 0.000324465
3187 0.000324465
3188 0.000324465
3189 0.000324465
3190 0.000324465
3191 0.000324465
3192 0.000324465
3193 0.000324465
3194 0.000324465
3195 0.000324465
3196 0.000324465
3197 0.000324465
3198 0.000324465
3199 0.000324465
3200 0.000324465
3201 0.000324465
3202 0.000324465
3203 0.000324465
3204 0.000324465
3205 0.000324465
3206 0.000324465
3207 0.000324465
3208 0.000324465
3209 0.000324465
3210 0.000324465
3211 0.000324465
3212 0.000324465
3213 0.000324465
3214 0.000324465
3215 0.000324465
3216 0.000324465
3217 0.000324465
3218 0.000324465
3219 0.000324465
3220 0.000324465
3221 0.000324465
3222 0.000324465
3223 0.000324465
3224 0.000324465
3225 0.000324465
3226 0.000324465
3227 0.000324465
3228 0.000324465
3229 0.000324465
3230 0.000324465
3231 0.000324465
3232 0.000324465
3233 0.000324465
3234 0.000324465
3235 0.000324465
3236 0.000324465
3237 0.000324465
3238 0.000324465
3239 0.000324465
3240 0.000324465
3241 0.000324465
3242 0.000324465
3243 0.000324465
3244 0.000324465
3245 0.000324465
3246 0.000324465
3247 0.000324465
3248 0.000324465
3249 0.000324465
3250 0.000324465
3251 0.000324465
3252 0.000324465
3253 0.000324465
3254 0.000324465
3255 0.000324465
3256 0.000324465
3257 0.000324465
3258 0.000324465
3259 0.000324465
3260 0.000324465
3261 0.000324465
3262 0.000324465
3263 0.000324465
3264 0.000324465
3265 0.000324465
3266 0.000324465
3267 0.000324465
3268 0.000324465
3269 0.000324465
3270 0.000324465
3271 0.000324465
3272 0.000324465
3273 0.000324465
3274 0.000324465
3275 0.000324465
3276 0.000324465
3277 0.000324465
3278 0.000324465
3279 0.000324465
3280 0.000324465
3281 0.000324465
3282 0.000324465
3283 0.000324465
3284 0.000324465
3285 0.000324465
3286 0.000324465
3287 0.000324465
3288 0.000324465
3289 0.000324465
3290 0.000324465
3291 0.000324465
3292 0.000324465
3293 0.000324465
3294 0.000324465
3295 0.000324465
3296 0.000324465
3297 0.000324465
3298 0.000324465
3299 0.000324465
3300 0.000324465
3301 0.000324465
3302 0.000324465
3303 0.000324465
3304 0.000324465
3305 0.000324465
3306 0.000324465
3307 0.000324465
3308 0.000324465
3309 0.000324465
3310 0.000324465
3311 0.000324465
3312 0.000324465
3313 0.000292018
3314 0.000292018
3315 0.000292018
3316 0.000292018
3317 0.000292018
3318 0.000292018
3319 0.000292018
3320 0.000292018
3321 0.000292018
3322 0.000292018
3323 0.000292018
3324 0.000292018
3325 0.000292018
3326 0.000292018
3327 0.000292018
3328 0.000292018
3329 0.000292018
3330 0.000292018
3331 0.000292018
3332 0.000292018
3333 0.000292018
3334 0.000292018
3335 0.000292018
3336 0.000292018
3337 0.000292018
3338 0.000292018
3339 0.000292018
3340 0.000292018
3341 0.000292018
3342 0.000292018
3343 0.000292018
3344 0.000292018
3345 0.000292018
3346 0.000292018
3347 0.000292018
3348 0.000292018
3349 0.000292018
3350 0.000292018
3351 0.000292018
3352 0.000292018
3353 0.000292018
3354 0.000292018
3355 0.000292018
3356 0.000292018
3357 0.000292018
3358 0.000292018
3359 0.000292018
3360 0.000292018
3361 0.000292018
3362 0.000292018
3363 0.000292018
3364 0.000292018
3365 0.000292018
3366 0.000292018
3367 0.000292018
3368 0.000292018
3369 0.000292018
3370 0.000292018
3371 0.000292018
3372 0.000292018
3373 0.000292018
3374 0.000292018
3375 0.000292018
3376 0.000292018
3377 0.000259572
3378 0.000259572
3379 0.000259572
3380 0.000259572
3381 0.000259572
3382 0.000259572
3383 0.000259572
3384 0.000259572
3385 0.000259572
3386 0.000259572
3387 0.000259572
3388 0.000259572
3389 0.000259572
3390 0.000259572
3391 0.000259572
3392 0.000259572
3393 0.000259572
3394 0.000259572
3395 0.000259572
3396 0.000259572
3397 0.000259572
3398 0.000259572
3399 0.000259572
3400 0.000259572
3401 0.000259572
3402 0.000259572
3403 0.000259572
3404 0.000259572
3405 0.000259572
3406 0.000259572
3407 0.000259572
3408 0.000259572
3409 0.000259572
3410 0.000259572
3411 0.000259572
3412 0.000259572
3413 0.000259572
3414 0.000259572
3415 0.000259572
3416 0.000259572
3417 0.000259572
3418 0.000259572
3419 0.000259572
3420 0.000259572
3421 0.000259572
3422 0.000259572
3423 0.000259572
3424 0.000259572
3425 0.000227125
3426 0.000227125
3427 0.000227125
3428 0.000227125
3429 0.000227125
3430 0.000227125
3431 0.000227125
3432 0.000227125
3433 0.000227125
3434 0.000227125
3435 0.000227125
3436 0.000227125
3437 0.000227125
3438 0.000227125
3439 0.000227125
3440 0.000227125
3441 0.000227125
3442 0.000227125
3443 0.000227125
3444 0.000227125
3445 0.000227125
3446 0.000227125
3447 0.000227125
3448 0.000227125
3449 0.000227125
3450 0.000227125
3451 0.000227125
3452 0.000227125
3453 0.000227125
3454 0.000227125
3455 0.000227125
3456 0.000227125
3457 0.000227125
3458 0.000227125
3459 0.000227125
3460 0.000227125
3461 0.000227125
3462 0.000227125
3463 0.000227125
3464 0.000227125
3465 0.000227125
3466 0.000227125
3467 0.000227125
3468 0.000227125
3469 0.000227125
3470 0.000227125
3471 0.000227125
3472 0.000227125
3473 0.000227125
3474 0.000227125
3475 0.000227125
3476 0.000227125
3477 0.000227125
3478 0.000227125
3479 0.000227125
3480 0.000227125
3481 0.000227125
3482 0.000227125
3483 0.000227125
3484 0.000227125
3485 0.000227125
3486 0.000227125
3487 0.000227125
3488 0.000227125
3489 0.000227125
3490 0.000227125
3491 0.000227125
3492 0.000227125
3493 0.000227125
3494 0.000227125
3495 0.000227125
3496 0.000227125
3497 0.000227125
3498 0.000227125
3499 0.000227125
3500 0.000227125
3501 0.000227125
3502 0.000227125
3503 0.000227125
3504 0.000227125
3505 0.000227125
3506 0.000227125
3507 0.000227125
3508 0.000227125
3509 0.000227125
3510 0.000227125
3511 0.000227125
3512 0.000227125
3513 0.000227125
3514 0.000227125
3515 0.000227125
3516 0.000227125
3517 0.000227125
3518 0.000227125
3519 0.000227125
3520 0.000227125
3521 0.000227125
3522 0.000227125
3523 0.000227125
3524 0.000227125
3525 0.000227125
3526 0.000227125
3527 0.000227125
3528 0.000227125
3529 0.000194679
3530 0.000194679
3531 0.000194679
3532 0.000194679
3533 0.000194679
3534 0.000194679
3535 0.000194679
3536 0.000194679
3537 0.000194679
3538 0.000194679
3539 0.000194679
3540 0.000194679
3541 0.000194679
3542 0.000194679
3543 0.000194679
3544 0.000194679
3545 0.000194679
3546 0.000194679
3547 0.000194679
3548 0.000194679
3549 0.000194679
3550 0.000194679
3551 0.000194679
3552 0.000194679
3553 0.000194679
3554 0.000194679
3555 0.000194679
3556 0.000194679
3557 0.000194679
3558 0.000194679
3559 0.000194679
3560 0.000194679
3561 0.000194679
3562 0.000194679
3563 0.000194679
3564 0.000194679
3565 0.000194679
3566 0.000194679
3567 0.000194679
3568 0.000194679
3569 0.000194679
3570 0.000194679
3571 0.000194679
3572 0.000194679
3573 0.000194679
3574 0.000194679
3575 0.000194679
3576 0.000194679
3577 0.000194679
3578 0.000194679
3579 0.000194679
3580 0.000194679
3581 0.000194679
3582 0.000194679
3583 0.000194679
3584 0.000194679
3585 0.000194679
3586 0.000194679
3587 0.000194679
3588 0.000194679
3589 0.000194679
3590 0.000194679
3591 0.000194679
3592 0.000194679
3593 0.000194679
3594 0.000194679
3595 0.000194679
3596 0.000194679
3597 0.000194679
3598 0.000194679
3599 0.000194679
3600 0.000194679
3601 0.000194679
3602 0.000194679
3603 0.000194679
3604 0.000194679
3605 0.000194679
3606 0.000194679
3607 0.000194679
3608 0.000194679
3609 0.000194679
3610 0.000194679
3611 0.000194679
3612 0.000194679
3613 0.000194679
3614 0.000194679
3615 0.000194679
3616 0.000194679
3617 0.000194679
3618 0.000194679
3619 0.000194679
3620 0.000194679
3621 0.000194679
3622 0.000194679
3623 0.000194679
3624 0.000194679
3625 0.000194679
3626 0.000194679
3627 0.000194679
3628 0.000194679
3629 0.000194679
3630 0.000194679
3631 0.000194679
3632 0.000194679
3633 0.000194679
3634 0.000194679
3635 0.000194679
3636 0.000194679
3637 0.000194679
3638 0.000194679
3639 0.000194679
3640 0.000194679
3641 0.000194679
3642 0.000194679
3643 0.000194679
3644 0.000194679
3645 0.000194679
3646 0.000194679
3647 0.000194679
3648 0.000194679
3649 0.000194679
3650 0.000194679
3651 0.000194679
3652 0.000194679
3653 0.000194679
3654 0.000194679
3655 0.000194679
3656 0.000194679
3657 0.000194679
3658 0.000194679
3659 0.000194679
3660 0.000194679
3661 0.000194679
3662 0.000194679
3663 0.000194679
3664 0.000194679
3665 0.000194679
3666 0.000194679
3667 0.000194679
3668 0.000194679
3669 0.000194679
3670 0.000194679
3671 0.000194679
3672 0.000194679
3673 0.000194679
3674 0.000194679
3675 0.000194679
3676 0.000194679
3677 0.000194679
3678 0.000194679
3679 0.000194679
3680 0.000194679
3681 0.000194679
3682 0.000194679
3683 0.000194679
3684 0.000194679
3685 0.000194679
3686 0.000194679
3687 0.000194679
3688 0.000194679
3689 0.000162232
3690 0.000162232
3691 0.000162232
3692 0.000162232
3693 0.000162232
3694 0.000162232
3695 0.000162232
3696 0.000162232
3697 9.73394e-05
3698 9.73394e-05
3699 9.73394e-05
3700 9.73394e-05
3701 9.73394e-05
3702 9.73394e-05
3703 9.73394e-05
3704 9.73394e-05
3705 9.73394e-05
3706 9.73394e-05
3707 9.73394e-05
3708 9.73394e-05
3709 9.73394e-05
3710 9.73394e-05
3711 9.73394e-05
3712 9.73394e-05
3713 9.73394e-05
3714 9.73394e-05
3715 9.73394e-05
3716 9.73394e-05
3717 9.73394e-05
3718 9.73394e-05
3719 9.73394e-05
3720 9.73394e-05
3721 9.73394e-05
3722 9.73394e-05
3723 9.73394e-05
3724 9.73394e-05
3725 9.73394e-05
3726 9.73394e-05
3727 9.73394e-05
3728 9.73394e-05
3729 9.73394e-05
3730 9.73394e-05
3731 9.73394e-05
3732 9.73394e-05
3733 9.73394e-05
3734 9.73394e-05
3735 9.73394e-05
3736 9.73394e-05
3737 9.73394e-05
3738 9.73394e-05
3739 9.73394e-05
3740 9.73394e-05
3741 9.73394e-05
3742 9.73394e-05
3743 9.73394e-05
3744 9.73394e-05
3745 9.73394e-05
3746 9.73394e-05
3747 9.73394e-05
3748 9.73394e-05
3749 9.73394e-05
3750 9.73394e-05
3751 9.73394e-05
3752 9.73394e-05
3753 9.73394e-05
3754 9.73394e-05
3755 9.73394e-05
3756 9.73394e-05
3757 9.73394e-05
3758 9.73394e-05
3759 9.73394e-05
3760 9.73394e-05
3761 9.73394e-05
3762 9.73394e-05
3763 9.73394e-05
3764 9.73394e-05
3765 9.73394e-05
3766 9.73394e-05
3767 9.73394e-05
3768 9.73394e-05
3769 9.73394e-05
3770 9.73394e-05
3771 9.73394e-05
3772 9.73394e-05
3773 9.73394e-05
3774 9.73394e-05
3775 9.73394e-05
3776 9.73394e-05
3777 9.73394e-05
3778 9.73394e-05
3779 9.73394e-05
3780 9.73394e-05
3781 9.73394e-05
3782 9.73394e-05
3783 9.73394e-05
3784 9.73394e-05
3785 9.73394e-05
3786 9.73394e-05
3787 9.73394e-05
3788 9.73394e-05
3789 9.73394e-05
3790 9.73394e-05
3791 9.73394e-05
3792 9.73394e-05
3793 9.73394e-05
3794 9.73394e-05
3795 9.73394e-05
3796 9.73394e-05
3797 9.73394e-05
3798 9.73394e-05
3799 9.73394e-05
3800 9.73394e-05
3801 9.73394e-05
3802 9.73394e-05
3803 9.73394e-05
3804 9.73394e-05
3805 9.73394e-05
3806 9.73394e-05
3807 9.73394e-05
3808 9.73394e-05
3809 9.73394e-05
3810 9.73394e-05
3811 9.73394e-05
3812 9.73394e-05
3813 9.73394e-05
3814 9.73394e-05
3815 9.73394e-05
3816 9.73394e-05
3817 9.73394e-05
3818 9.73394e-05
3819 9.73394e-05
3820 9.73394e-05
3821 9.73394e-05
3822 9.73394e-05
3823 9.73394e-05
3824 9.73394e-05
3825 9.73394e-05
3826 9.73394e-05
3827 9.73394e-05
3828 9.73394e-05
3829 9.73394e-05
3830 9.73394e-05
3831 9.73394e-05
3832 9.73394e-05
3833 9.73394e-05
3834 9.73394e-05
3835 9.73394e-05
3836 9.73394e-05
3837 9.73394e-05
3838 9.73394e-05
3839 9.73394e-05
3840 9.73394e-05
3841 9.73394e-05
3842 9.73394e-05
3843 9.73394e-05
3844 9.73394e-05
3845 9.73394e-05
3846 9.73394e-05
3847 9.73394e-05
3848 9.73394e-05
3849 9.73394e-05
3850 9.73394e-05
3851 9.73394e-05
3852 9.73394e-05
3853 9.73394e-05
3854 9.73394e-05
3855 9.73394e-05
3856 9.73394e-05
3857 9.73394e-05
3858 9.73394e-05
3859 9.73394e-05
3860 9.73394e-05
3861 9.73394e-05
3862 9.73394e-05
3863 9.73394e-05
3864 9.73394e-05
3865 9.73394e-05
3866 9.73394e-05
3867 9.73394e-05
3868 9.73394e-05
3869 9.73394e-05
3870 9.73394e-05
3871 9.73394e-05
3872 9.73394e-05
3873 9.73394e-05
3874 9.73394e-05
3875 9.73394e-05
3876 9.73394e-05
3877 9.73394e-05
3878 9.73394e-05
3879 9.73394e-05
3880 9.73394e-05
3881 9.73394e-05
3882 9.73394e-05
3883 9.73394e-05
3884 9.73394e-05
3885 9.73394e-05
3886 9.73394e-05
3887 9.73394e-05
3888 9.73394e-05
3889 9.73394e-05
3890 9.73394e-05
3891 9.73394e-05
3892 9.73394e-05
3893 9.73394e-05
3894 9.73394e-05
3895 9.73394e-05
3896 9.73394e-05
3897 9.73394e-05
3898 9.73394e-05
3899 9.73394e-05
3900 9.73394e-05
3901 9.73394e-05
3902 9.73394e-05
3903 9.73394e-05
3904 9.73394e-05
3905 9.73394e-05
3906 9.73394e-05
3907 9.73394e-05
3908 9.73394e-05
3909 9.73394e-05
3910 9.73394e-05
3911 9.73394e-05
3912 9.73394e-05
3913 9.73394e-05
3914 9.73394e-05
3915 9.73394e-05
3916 9.73394e-05
3917 9.73394e-05
3918 9.73394e-05
3919 9.73394e-05
3920 9.73394e-05
3921 9.73394e-05
3922 9.73394e-05
3923 9.73394e-05
3924 9.73394e-05
3925 9.73394e-05
3926 9.73394e-05
3927 9.73394e-05
3928 9.73394e-05
3929 9.73394e-05
3930 9.73394e-05
3931 9.73394e-05
3932 9.73394e-05
3933 9.73394e-05
3934 9.73394e-05
3935 9.73394e-05
3936 9.73394e-05
3937 9.73394e-05
3938 9.73394e-05
3939 9.73394e-05
3940 9.73394e-05
3941 9.73394e-05
3942 9.73394e-05
3943 9.73394e-05
3944 9.73394e-05
3945 9.73394e-05
3946 9.73394e-05
3947 9.73394e-05
3948 9.73394e-05
3949 9.73394e-05
3950 9.73394e-05
3951 9.73394e-05
3952 9.73394e-05
3953 9.73394e-05
3954 9.73394e-05
3955 9.73394e-05
3956 9.73394e-05
3957 9.73394e-05
3958 9.73394e-05
3959 9.73394e-05
3960 9.73394e-05
3961 9.73394e-05
3962 9.73394e-05
3963 9.73394e-05
3964 9.73394e-05
3965 9.73394e-05
3966 9.73394e-05
3967 9.73394e-05
3968 9.73394e-05
3969 9.73394e-05
3970 9.73394e-05
3971 9.73394e-05
3972 9.73394e-05
3973 9.73394e-05
3974 9.73394e-05
3975 9.73394e-05
3976 9.73394e-05
3977 9.73394e-05
3978 9.73394e-05
3979 9.73394e-05
3980 9.73394e-05
3981 9.73394e-05
3982 9.73394e-05
3983 9.73394e-05
3984 9.73394e-05
3985 9.73394e-05
3986 9.73394e-05
3987 9.73394e-05
3988 9.73394e-05
3989 9.73394e-05
3990 9.73394e-05
3991 9.73394e-05
3992 9.73394e-05
3993 9.73394e-05
3994 9.73394e-05
3995 9.73394e-05
3996 9.73394e-05
3997 9.73394e-05
3998 9.73394e-05
3999 9.73394e-05
4000 9.73394e-05
4001 9.73394e-05
4002 9.73394e-05
4003 9.73394e-05
4004 9.73394e-05
4005 9.73394e-05
4006 9.73394e-05
4007 9.73394e-05
4008 9.73394e-05
4009 9.73394e-05
4010 9.73394e-05
4011 9.73394e-05
4012 9.73394e-05
4013 9.73394e-05
4014 9.73394e-05
4015 9.73394e-05
4016 9.73394e-05
4017 9.73394e-05
4018 9.73394e-05
4019 9.73394e-05
4020 9.73394e-05
4021 9.73394e-05
4022 9.73394e-05
4023 9.73394e-05
4024 9.73394e-05
4025 9.73394e-05
4026 9.73394e-05
4027 9.73394e-05
4028 9.73394e-05
4029 9.73394e-05
4030 9.73394e-05
4031 9.73394e-05
4032 9.73394e-05
4033 9.73394e-05
4034 9.73394e-05
4035 9.73394e-05
4036 9.73394e-05
4037 9.73394e-05
4038 9.73394e-05
4039 9.73394e-05
4040 9.73394e-05
4041 9.73394e-05
4042 9.73394e-05
4043 9.73394e-05
4044 9.73394e-05
4045 9.73394e-05
4046 9.73394e-05
4047 9.73394e-05
4048 9.73394e-05
4049 9.73394e-05
4050 9.73394e-05
4051 9.73394e-05
4052 9.73394e-05
4053 9.73394e-05
4054 9.73394e-05
4055 9.73394e-05
4056 9.73394e-05
4057 9.73394e-05
4058 9.73394e-05
4059 9.73394e-05
4060 9.73394e-05
4061 9.73394e-05
4062 9.73394e-05
4063 9.73394e-05
4064 9.73394e-05
4065 9.73394e-05
4066 9.73394e-05
4067 9.73394e-05
4068 9.73394e-05
4069 9.73394e-05
4070 9.73394e-05
4071 9.73394e-05
4072 9.73394e-05
4073 9.73394e-05
4074 9.73394e-05
4075 9.73394e-05
4076 9.73394e-05
4077 9.73394e-05
4078 9.73394e-05
4079 9.73394e-05
4080 9.73394e-05
4081 9.73394e-05
4082 9.73394e-05
4083 9.73394e-05
4084 9.73394e-05
4085 9.73394e-05
4086 9.73394e-05
4087 9.73394e-05
4088 9.73394e-05
4089 9.73394e-05
4090 9.73394e-05
4091 9.73394e-05
4092 9.73394e-05
4093 9.73394e-05
4094 9.73394e-05
4095 9.73394e-05
4096 9.73394e-05
4097 9.73394e-05
4098 9.73394e-05
4099 9.73394e-05
4100 9.73394e-05
4101 9.73394e-05
4102 9.73394e-05
4103 9.73394e-05
4104 9.73394e-05
4105 9.73394e-05
4106 9.73394e-05
4107 9.73394e-05
4108 9.73394e-05
4109 9.73394e-05
4110 9.73394e-05
4111 9.73394e-05
4112 9.73394e-05
4113 9.73394e-05
4114 9.73394e-05
4115 9.73394e-05
4116 9.73394e-05
4117 9.73394e-05
4118 9.73394e-05
4119 9.73394e-05
4120 9.73394e-05
4121 9.73394e-05
4122 9.73394e-05
4123 9.73394e-05
4124 9.73394e-05
4125 9.73394e-05
4126 9.73394e-05
4127 9.73394e-05
4128 9.73394e-05
4129 9.73394e-05
4130 9.73394e-05
4131 9.73394e-05
4132 9.73394e-05
4133 9.73394e-05
4134 9.73394e-05
4135 9.73394e-05
4136 9.73394e-05
4137 9.73394e-05
4138 9.73394e-05
4139 9.73394e-05
4140 9.73394e-05
4141 9.73394e-05
4142 9.73394e-05
4143 9.73394e-05
4144 9.73394e-05
4145 9.73394e-05
4146 9.73394e-05
4147 9.73394e-05
4148 9.73394e-05
4149 9.73394e-05
4150 9.73394e-05
4151 9.73394e-05
4152 9.73394e-05
4153 9.73394e-05
4154 9.73394e-05
4155 9.73394e-05
4156 9.73394e-05
4157 9.73394e-05
4158 9.73394e-05
4159 9.73394e-05
4160 9.73394e-05
4161 9.73394e-05
4162 9.73394e-05
4163 9.73394e-05
4164 9.73394e-05
4165 9.73394e-05
4166 9.73394e-05
4167 9.73394e-05
4168 9.73394e-05
4169 9.73394e-05
4170 9.73394e-05
4171 9.73394e-05
4172 9.73394e-05
4173 9.73394e-05
4174 9.73394e-05
4175 9.73394e-05
4176 9.73394e-05
4177 9.73394e-05
4178 9.73394e-05
4179 9.73394e-05
4180 9.73394e-05
4181 9.73394e-05
4182 9.73394e-05
4183 9.73394e-05
4184 9.73394e-05
4185 9.73394e-05
4186 9.73394e-05
4187 9.73394e-05
4188 9.73394e-05
4189 9.73394e-05
4190 9.73394e-05
4191 9.73394e-05
4192 9.73394e-05
4193 9.73394e-05
4194 9.73394e-05
4195 9.73394e-05
4196 9.73394e-05
4197 9.73394e-05
4198 9.73394e-05
4199 9.73394e-05
4200 9.73394e-05
4201 9.73394e-05
4202 9.73394e-05
4203 9.73394e-05
4204 9.73394e-05
4205 9.73394e-05
4206 9.73394e-05
4207 9.73394e-05
4208 9.73394e-05
4209 9.73394e-05
4210 9.73394e-05
4211 9.73394e-05
4212 9.73394e-05
4213 9.73394e-05
4214 9.73394e-05
4215 9.73394e-05
4216 9.73394e-05
4217 9.73394e-05
4218 9.73394e-05
4219 9.73394e-05
4220 9.73394e-05
4221 9.73394e-05
4222 9.73394e-05
4223 9.73394e-05
4224 9.73394e-05
4225 9.73394e-05
4226 9.73394e-05
4227 9.73394e-05
4228 9.73394e-05
4229 9.73394e-05
4230 9.73394e-05
4231 9.73394e-05
4232 9.73394e-05
4233 9.73394e-05
4234 9.73394e-05
4235 9.73394e-05
4236 9.73394e-05
4237 9.73394e-05
4238 9.73394e-05
4239 9.73394e-05
4240 9.73394e-05
4241 9.73394e-05
4242 9.73394e-05
4243 9.73394e-05
4244 9.73394e-05
4245 9.73394e-05
4246 9.73394e-05
4247 9.73394e-05
4248 9.73394e-05
4249 9.73394e-05
4250 9.73394e-05
4251 9.73394e-05
4252 9.73394e-05
4253 9.73394e-05
4254 9.73394e-05
4255 9.73394e-05
4256 9.73394e-05
4257 9.73394e-05
4258 9.73394e-05
4259 9.73394e-05
4260 9.73394e-05
4261 9.73394e-05
4262 9.73394e-05
4263 9.73394e-05
4264 9.73394e-05
4265 9.73394e-05
4266 9.73394e-05
4267 9.73394e-05
4268 9.73394e-05
4269 9.73394e-05
4270 9.73394e-05
4271 9.73394e-05
4272 9.73394e-05
4273 9.73394e-05
4274 9.73394e-05
4275 9.73394e-05
4276 9.73394e-05
4277 9.73394e-05
4278 9.73394e-05
4279 9.73394e-05
4280 9.73394e-05
4281 9.73394e-05
4282 9.73394e-05
4283 9.73394e-05
4284 9.73394e-05
4285 9.73394e-05
4286 9.73394e-05
4287 9.73394e-05
4288 9.73394e-05
4289 9.73394e-05
4290 9.73394e-05
4291 9.73394e-05
4292 9.73394e-05
4293 9.73394e-05
4294 9.73394e-05
4295 9.73394e-05
4296 9.73394e-05
4297 9.73394e-05
4298 9.73394e-05
4299 9.73394e-05
4300 9.73394e-05
4301 9.73394e-05
4302 9.73394e-05
4303 9.73394e-05
4304 9.73394e-05
4305 9.73394e-05
4306 9.73394e-05
4307 9.73394e-05
4308 9.73394e-05
4309 9.73394e-05
4310 9.73394e-05
4311 9.73394e-05
4312 9.73394e-05
4313 9.73394e-05
4314 9.73394e-05
4315 9.73394e-05
4316 9.73394e-05
4317 9.73394e-05
4318 9.73394e-05
4319 9.73394e-05
4320 9.73394e-05
4321 9.73394e-05
4322 9.73394e-05
4323 9.73394e-05
4324 9.73394e-05
4325 9.73394e-05
4326 9.73394e-05
4327 9.73394e-05
4328 9.73394e-05
4329 9.73394e-05
4330 9.73394e-05
4331 9.73394e-05
4332 9.73394e-05
4333 9.73394e-05
4334 9.73394e-05
4335 9.73394e-05
4336 9.73394e-05
4337 9.73394e-05
4338 9.73394e-05
4339 9.73394e-05
4340 9.73394e-05
4341 9.73394e-05
4342 9.73394e-05
4343 9.73394e-05
4344 9.73394e-05
4345 9.73394e-05
4346 9.73394e-05
4347 9.73394e-05
4348 9.73394e-05
4349 9.73394e-05
4350 9.73394e-05
4351 9.73394e-05
4352 9.73394e-05
4353 9.73394e-05
4354 9.73394e-05
4355 9.73394e-05
4356 9.73394e-05
4357 9.73394e-05
4358 9.73394e-05
4359 9.73394e-05
4360 9.73394e-05
4361 9.73394e-05
4362 9.73394e-05
4363 9.73394e-05
4364 9.73394e-05
4365 9.73394e-05
4366 9.73394e-05
4367 9.73394e-05
4368 9.73394e-05
4369 9.73394e-05
4370 9.73394e-05
4371 9.73394e-05
4372 9.73394e-05
4373 9.73394e-05
4374 9.73394e-05
4375 9.73394e-05
4376 9.73394e-05
4377 9.73394e-05
4378 9.73394e-05
4379 9.73394e-05
4380 9.73394e-05
4381 9.73394e-05
4382 9.73394e-05
4383 9.73394e-05
4384 9.73394e-05
4385 9.73394e-05
4386 9.73394e-05
4387 9.73394e-05
4388 9.73394e-05
4389 9.73394e-05
4390 9.73394e-05
4391 9.73394e-05
4392 9.73394e-05
4393 9.73394e-05
4394 9.73394e-05
4395 9.73394e-05
4396 9.73394e-05
4397 9.73394e-05
4398 9.73394e-05
4399 9.73394e-05
4400 9.73394e-05
4401 9.73394e-05
4402 9.73394e-05
4403 9.73394e-05
4404 9.73394e-05
4405 9.73394e-05
4406 9.73394e-05
4407 9.73394e-05
4408 9.73394e-05
4409 9.73394e-05
4410 9.73394e-05
4411 9.73394e-05
4412 9.73394e-05
4413 9.73394e-05
4414 9.73394e-05
4415 9.73394e-05
4416 9.73394e-05
4417 9.73394e-05
4418 9.73394e-05
4419 9.73394e-05
4420 9.73394e-05
4421 9.73394e-05
4422 9.73394e-05
4423 9.73394e-05
4424 9.73394e-05
4425 9.73394e-05
4426 9.73394e-05
4427 9.73394e-05
4428 9.73394e-05
4429 9.73394e-05
4430 9.73394e-05
4431 9.73394e-05
4432 9.73394e-05
4433 9.73394e-05
4434 9.73394e-05
4435 9.73394e-05
4436 9.73394e-05
4437 9.73394e-05
4438 9.73394e-05
4439 9.73394e-05
4440 9.73394e-05
4441 9.73394e-05
4442 9.73394e-05
4443 9.73394e-05
4444 9.73394e-05
4445 9.73394e-05
4446 9.73394e-05
4447 9.73394e-05
4448 9.73394e-05
4449 9.73394e-05
4450 9.73394e-05
4451 9.73394e-05
4452 9.73394e-05
4453 9.73394e-05
4454 9.73394e-05
4455 9.73394e-05
4456 9.73394e-05
4457 9.73394e-05
4458 9.73394e-05
4459 9.73394e-05
4460 9.73394e-05
4461 9.73394e-05
4462 9.73394e-05
4463 9.73394e-05
4464 9.73394e-05
4465 9.73394e-05
4466 9.73394e-05
4467 9.73394e-05
4468 9.73394e-05
4469 9.73394e-05
4470 9.73394e-05
4471 9.73394e-05
4472 9.73394e-05
4473 9.73394e-05
4474 9.73394e-05
4475 9.73394e-05
4476 9.73394e-05
4477 9.73394e-05
4478 9.73394e-05
4479 9.73394e-05
4480 9.73394e-05
4481 9.73394e-05
4482 9.73394e-05
4483 9.73394e-05
4484 9.73394e-05
4485 9.73394e-05
4486 9.73394e-05
4487 9.73394e-05
4488 9.73394e-05
4489 9.73394e-05
4490 9.73394e-05
4491 9.73394e-05
4492 9.73394e-05
4493 9.73394e-05
4494 9.73394e-05
4495 9.73394e-05
4496 9.73394e-05
4497 9.73394e-05
4498 9.73394e-05
4499 9.73394e-05
4500 9.73394e-05
4501 9.73394e-05
4502 9.73394e-05
4503 9.73394e-05
4504 9.73394e-05
4505 9.73394e-05
4506 9.73394e-05
4507 9.73394e-05
4508 9.73394e-05
4509 9.73394e-05
4510 9.73394e-05
4511 9.73394e-05
4512 9.73394e-05
4513 9.73394e-05
4514 9.73394e-05
4515 9.73394e-05
4516 9.73394e-05
4517 9.73394e-05
4518 9.73394e-05
4519 9.73394e-05
4520 9.73394e-05
4521 9.73394e-05
4522 9.73394e-05
4523 9.73394e-05
4524 9.73394e-05
4525 9.73394e-05
4526 9.73394e-05
4527 9.73394e-05
4528 9.73394e-05
4529 9.73394e-05
4530 9.73394e-05
4531 9.73394e-05
4532 9.73394e-05
4533 9.73394e-05
4534 9.73394e-05
4535 9.73394e-05
4536 9.73394e-05
4537 9.73394e-05
4538 9.73394e-05
4539 9.73394e-05
4540 9.73394e-05
4541 9.73394e-05
4542 9.73394e-05
4543 9.73394e-05
4544 9.73394e-05
4545 9.73394e-05
4546 9.73394e-05
4547 9.73394e-05
4548 9.73394e-05
4549 9.73394e-05
4550 9.73394e-05
4551 9.73394e-05
4552 9.73394e-05
4553 9.73394e-05
4554 9.73394e-05
4555 9.73394e-05
4556 9.73394e-05
4557 9.73394e-05
4558 9.73394e-05
4559 9.73394e-05
4560 9.73394e-05
4561 9.73394e-05
4562 9.73394e-05
4563 9.73394e-05
4564 9.73394e-05
4565 9.73394e-05
4566 9.73394e-05
4567 9.73394e-05
4568 9.73394e-05
4569 9.73394e-05
4570 9.73394e-05
4571 9.73394e-05
4572 9.73394e-05
4573 9.73394e-05
4574 9.73394e-05
4575 9.73394e-05
4576 9.73394e-05
4577 9.73394e-05
4578 9.73394e-05
4579 9.73394e-05
4580 9.73394e-05
4581 9.73394e-05
4582 9.73394e-05
4583 9.73394e-05
4584 9.73394e-05
4585 9.73394e-05
4586 9.73394e-05
4587 9.73394e-05
4588 9.73394e-05
4589 9.73394e-05
4590 9.73394e-05
4591 9.73394e-05
4592 9.73394e-05
4593 9.73394e-05
4594 9.73394e-05
4595 9.73394e-05
4596 9.73394e-05
4597 9.73394e-05
4598 9.73394e-05
4599 9.73394e-05
4600 9.73394e-05
4601 9.73394e-05
4602 9.73394e-05
4603 9.73394e-05
4604 9.73394e-05
4605 9.73394e-05
4606 9.73394e-05
4607 9.73394e-05
4608 9.73394e-05
4609 9.73394e-05
4610 9.73394e-05
4611 9.73394e-05
4612 9.73394e-05
4613 9.73394e-05
4614 9.73394e-05
4615 9.73394e-05
4616 9.73394e-05
4617 9.73394e-05
4618 9.73394e-05
4619 9.73394e-05
4620 9.73394e-05
4621 9.73394e-05
4622 9.73394e-05
4623 9.73394e-05
4624 9.73394e-05
4625 9.73394e-05
4626 9.73394e-05
4627 9.73394e-05
4628 9.73394e-05
4629 9.73394e-05
4630 9.73394e-05
4631 9.73394e-05
4632 9.73394e-05
4633 9.73394e-05
4634 9.73394e-05
4635 9.73394e-05
4636 9.73394e-05
4637 9.73394e-05
4638 9.73394e-05
4639 9.73394e-05
4640 9.73394e-05
4641 9.73394e-05
4642 9.73394e-05
4643 9.73394e-05
4644 9.73394e-05
4645 9.73394e-05
4646 9.73394e-05
4647 9.73394e-05
4648 9.73394e-05
4649 9.73394e-05
4650 9.73394e-05
4651 9.73394e-05
4652 9.73394e-05
4653 9.73394e-05
4654 9.73394e-05
4655 9.73394e-05
4656 9.73394e-05
4657 9.73394e-05
4658 9.73394e-05
4659 9.73394e-05
4660 9.73394e-05
4661 9.73394e-05
4662 9.73394e-05
4663 9.73394e-05
4664 9.73394e-05
4665 9.73394e-05
4666 9.73394e-05
4667 9.73394e-05
4668 9.73394e-05
4669 9.73394e-05
4670 9.73394e-05
4671 9.73394e-05
4672 9.73394e-05
4673 9.73394e-05
4674 9.73394e-05
4675 9.73394e-05
4676 9.73394e-05
4677 9.73394e-05
4678 9.73394e-05
4679 9.73394e-05
4680 9.73394e-05
4681 9.73394e-05
4682 9.73394e-05
4683 9.73394e-05
4684 9.73394e-05
4685 9.73394e-05
4686 9.73394e-05
4687 9.73394e-05
4688 9.73394e-05
4689 9.73394e-05
4690 9.73394e-05
4691 9.73394e-05
4692 9.73394e-05
4693 9.73394e-05
4694 9.73394e-05
4695 9.73394e-05
4696 9.73394e-05
4697 9.73394e-05
4698 9.73394e-05
4699 9.73394e-05
4700 9.73394e-05
4701 9.73394e-05
4702 9.73394e-05
4703 9.73394e-05
4704 9.73394e-05
4705 9.73394e-05
4706 9.73394e-05
4707 9.73394e-05
4708 9.73394e-05
4709 9.73394e-05
4710 9.73394e-05
4711 9.73394e-05
4712 9.73394e-05
4713 9.73394e-05
4714 9.73394e-05
4715 9.73394e-05
4716 9.73394e-05
4717 9.73394e-05
4718 9.73394e-05
4719 9.73394e-05
4720 9.73394e-05
4721 9.73394e-05
4722 9.73394e-05
4723 9.73394e-05
4724 9.73394e-05
4725 9.73394e-05
4726 9.73394e-05
4727 9.73394e-05
4728 9.73394e-05
4729 9.73394e-05
4730 9.73394e-05
4731 9.73394e-05
4732 9.73394e-05
4733 9.73394e-05
4734 9.73394e-05
4735 9.73394e-05
4736 9.73394e-05
4737 9.73394e-05
4738 9.73394e-05
4739 9.73394e-05
4740 9.73394e-05
4741 9.73394e-05
4742 9.73394e-05
4743 9.73394e-05
4744 9.73394e-05
4745 9.73394e-05
4746 9.73394e-05
4747 9.73394e-05
4748 9.73394e-05
4749 9.73394e-05
4750 9.73394e-05
4751 9.73394e-05
4752 9.73394e-05
4753 9.73394e-05
4754 9.73394e-05
4755 9.73394e-05
4756 9.73394e-05
4757 9.73394e-05
4758 9.73394e-05
4759 9.73394e-05
4760 9.73394e-05
4761 9.73394e-05
4762 9.73394e-05
4763 9.73394e-05
4764 9.73394e-05
4765 9.73394e-05
4766 9.73394e-05
4767 9.73394e-05
4768 9.73394e-05
4769 9.73394e-05
4770 9.73394e-05
4771 9.73394e-05
4772 9.73394e-05
4773 9.73394e-05
4774 9.73394e-05
4775 9.73394e-05
4776 9.73394e-05
4777 9.73394e-05
4778 9.73394e-05
4779 9.73394e-05
4780 9.73394e-05
4781 9.73394e-05
4782 9.73394e-05
4783 9.73394e-05
4784 9.73394e-05
4785 9.73394e-05
4786 9.73394e-05
4787 9.73394e-05
4788 9.73394e-05
4789 9.73394e-05
4790 9.73394e-05
4791 9.73394e-05
4792 9.73394e-05
4793 6.48929e-05
4794 6.48929e-05
4795 6.48929e-05
4796 6.48929e-05
4797 6.48929e-05
4798 6.48929e-05
4799 6.48929e-05
4800 6.48929e-05
4801 6.48929e-05
4802 6.48929e-05
4803 6.48929e-05
4804 6.48929e-05
4805 6.48929e-05
4806 6.48929e-05
4807 6.48929e-05
4808 6.48929e-05
4809 6.48929e-05
4810 6.48929e-05
4811 6.48929e-05
4812 6.48929e-05
4813 6.48929e-05
4814 6.48929e-05
4815 6.48929e-05
4816 6.48929e-05
4817 6.48929e-05
4818 6.48929e-05
4819 6.48929e-05
4820 6.48929e-05
4821 6.48929e-05
4822 6.48929e-05
4823 6.48929e-05
4824 6.48929e-05
4825 6.48929e-05
4826 6.48929e-05
4827 6.48929e-05
4828 6.48929e-05
4829 6.48929e-05
4830 6.48929e-05
4831 6.48929e-05
4832 6.48929e-05
4833 6.48929e-05
4834 6.48929e-05
4835 6.48929e-05
4836 6.48929e-05
4837 6.48929e-05
4838 6.48929e-05
4839 6.48929e-05
4840 6.48929e-05
4841 6.48929e-05
4842 6.48929e-05
4843 6.48929e-05
4844 6.48929e-05
4845 6.48929e-05
4846 6.48929e-05
4847 6.48929e-05
4848 6.48929e-05
4849 6.48929e-05
4850 6.48929e-05
4851 6.48929e-05
4852 6.48929e-05
4853 6.48929e-05
4854 6.48929e-05
4855 6.48929e-05
4856 6.48929e-05
4857 6.48929e-05
4858 6.48929e-05
4859 6.48929e-05
4860 6.48929e-05
4861 6.48929e-05
4862 6.48929e-05
4863 6.48929e-05
4864 6.48929e-05
4865 6.48929e-05
4866 6.48929e-05
4867 6.48929e-05
4868 6.48929e-05
4869 6.48929e-05
4870 6.48929e-05
4871 6.48929e-05
4872 6.48929e-05
4873 6.48929e-05
4874 6.48929e-05
4875 6.48929e-05
4876 6.48929e-05
4877 6.48929e-05
4878 6.48929e-05
4879 6.48929e-05
4880 6.48929e-05
4881 6.48929e-05
4882 6.48929e-05
4883 6.48929e-05
4884 6.48929e-05
4885 6.48929e-05
4886 6.48929e-05
4887 6.48929e-05
4888 6.48929e-05
4889 6.48929e-05
4890 6.48929e-05
4891 6.48929e-05
4892 6.48929e-05
4893 6.48929e-05
4894 6.48929e-05
4895 6.48929e-05
4896 6.48929e-05
4897 6.48929e-05
4898 6.48929e-05
4899 6.48929e-05
4900 6.48929e-05
4901 6.48929e-05
4902 6.48929e-05
4903 6.48929e-05
4904 6.48929e-05
4905 6.48929e-05
4906 6.48929e-05
4907 6.48929e-05
4908 6.48929e-05
4909 6.48929e-05
4910 6.48929e-05
4911 6.48929e-05
4912 6.48929e-05
4913 6.48929e-05
4914 6.48929e-05
4915 6.48929e-05
4916 6.48929e-05
4917 6.48929e-05
4918 6.48929e-05
4919 6.48929e-05
4920 6.48929e-05
4921 6.48929e-05
4922 6.48929e-05
4923 6.48929e-05
4924 6.48929e-05
4925 6.48929e-05
4926 6.48929e-05
4927 6.48929e-05
4928 6.48929e-05
4929 6.48929e-05
4930 6.48929e-05
4931 6.48929e-05
4932 6.48929e-05
4933 6.48929e-05
4934 6.48929e-05
4935 6.48929e-05
4936 6.48929e-05
4937 6.48929e-05
4938 6.48929e-05
4939 6.48929e-05
4940 6.48929e-05
4941 6.48929e-05
4942 6.48929e-05
4943 6.48929e-05
4944 6.48929e-05
4945 6.48929e-05
4946 6.48929e-05
4947 6.48929e-05
4948 6.48929e-05
4949 6.48929e-05
4950 6.48929e-05
4951 6.48929e-05
4952 6.48929e-05
4953 6.48929e-05
4954 6.48929e-05
4955 6.48929e-05
4956 6.48929e-05
4957 6.48929e-05
4958 6.48929e-05
4959 6.48929e-05
4960 6.48929e-05
4961 6.48929e-05
4962 6.48929e-05
4963 6.48929e-05
4964 6.48929e-05
4965 6.48929e-05
4966 6.48929e-05
4967 6.48929e-05
4968 6.48929e-05
4969 6.48929e-05
4970 6.48929e-05
4971 6.48929e-05
4972 6.48929e-05
4973 6.48929e-05
4974 6.48929e-05
4975 6.48929e-05
4976 6.48929e-05
4977 6.48929e-05
4978 6.48929e-05
4979 6.48929e-05
4980 6.48929e-05
4981 6.48929e-05
4982 6.48929e-05
4983 6.48929e-05
4984 6.48929e-05
4985 6.48929e-05
4986 6.48929e-05
4987 6.48929e-05
4988 6.48929e-05
4989 6.48929e-05
4990 6.48929e-05
4991 6.48929e-05
4992 6.48929e-05
4993 6.48929e-05
4994 6.48929e-05
4995 6.48929e-05
4996 6.48929e-05
4997 6.48929e-05
4998 6.48929e-05
4999 6.48929e-05
5000 6.48929e-05
5001 6.48929e-05
5002 6.48929e-05
5003 6.48929e-05
5004 6.48929e-05
5005 6.48929e-05
5006 6.48929e-05
5007 6.48929e-05
5008 6.48929e-05
5009 6.48929e-05
5010 6.48929e-05
5011 6.48929e-05
5012 6.48929e-05
5013 6.48929e-05
5014 6.48929e-05
5015 6.48929e-05
5016 6.48929e-05
5017 6.48929e-05
5018 6.48929e-05
5019 6.48929e-05
5020 6.48929e-05
5021 6.48929e-05
5022 6.48929e-05
5023 6.48929e-05
5024 6.48929e-05
5025 6.48929e-05
5026 6.48929e-05
5027 6.48929e-05
5028 6.48929e-05
5029 6.48929e-05
5030 6.48929e-05
5031 6.48929e-05
5032 6.48929e-05
5033 6.48929e-05
5034 6.48929e-05
5035 6.48929e-05
5036 6.48929e-05
5037 6.48929e-05
5038 6.48929e-05
5039 6.48929e-05
5040 6.48929e-05
5041 6.48929e-05
5042 6.48929e-05
5043 6.48929e-05
5044 6.48929e-05
5045 6.48929e-05
5046 6.48929e-05
5047 6.48929e-05
5048 6.48929e-05
5049 6.48929e-05
5050 6.48929e-05
5051 6.48929e-05
5052 6.48929e-05
5053 6.48929e-05
5054 6.48929e-05
5055 6.48929e-05
5056 6.48929e-05
5057 6.48929e-05
5058 6.48929e-05
5059 6.48929e-05
5060 6.48929e-05
5061 6.48929e-05
5062 6.48929e-05
5063 6.48929e-05
5064 6.48929e-05
5065 6.48929e-05
5066 6.48929e-05
5067 6.48929e-05
5068 6.48929e-05
5069 6.48929e-05
5070 6.48929e-05
5071 6.48929e-05
5072 6.48929e-05
5073 6.48929e-05
5074 6.48929e-05
5075 6.48929e-05
5076 6.48929e-05
5077 6.48929e-05
5078 6.48929e-05
5079 6.48929e-05
5080 6.48929e-05
5081 6.48929e-05
5082 6.48929e-05
5083 6.48929e-05
5084 6.48929e-05
5085 6.48929e-05
5086 6.48929e-05
5087 6.48929e-05
5088 6.48929e-05
5089 6.48929e-05
5090 6.48929e-05
5091 6.48929e-05
5092 6.48929e-05
5093 6.48929e-05
5094 6.48929e-05
5095 6.48929e-05
5096 6.48929e-05
5097 6.48929e-05
5098 6.48929e-05
5099 6.48929e-05
5100 6.48929e-05
5101 6.48929e-05
5102 6.48929e-05
5103 6.48929e-05
5104 6.48929e-05
5105 6.48929e-05
5106 6.48929e-05
5107 6.48929e-05
5108 6.48929e-05
5109 6.48929e-05
5110 6.48929e-05
5111 6.48929e-05
5112 6.48929e-05
5113 6.48929e-05
5114 6.48929e-05
5115 6.48929e-05
5116 6.48929e-05
5117 6.48929e-05
5118 6.48929e-05
5119 6.48929e-05
5120 6.48929e-05
5121 6.48929e-05
5122 6.48929e-05
5123 6.48929e-05
5124 6.48929e-05
5125 6.48929e-05
5126 6.48929e-05
5127 6.48929e-05
5128 6.48929e-05
5129 6.48929e-05
5130 6.48929e-05
5131 6.48929e-05
5132 6.48929e-05
5133 6.48929e-05
5134 6.48929e-05
5135 6.48929e-05
5136 6.48929e-05
5137 6.48929e-05
5138 6.48929e-05
5139 6.48929e-05
5140 6.48929e-05
5141 6.48929e-05
5142 6.48929e-05
5143 6.48929e-05
5144 6.48929e-05
5145 6.48929e-05
5146 6.48929e-05
5147 6.48929e-05
5148 6.48929e-05
5149 6.48929e-05
5150 6.48929e-05
5151 6.48929e-05
5152 6.48929e-05
5153 6.48929e-05
5154 6.48929e-05
5155 6.48929e-05
5156 6.48929e-05
5157 6.48929e-05
5158 6.48929e-05
5159 6.48929e-05
5160 6.48929e-05
5161 6.48929e-05
5162 6.48929e-05
5163 6.48929e-05
5164 6.48929e-05
5165 6.48929e-05
5166 6.48929e-05
5167 6.48929e-05
5168 6.48929e-05
5169 3.24465e-05
5170 3.24465e-05
5171 3.24465e-05
5172 3.24465e-05
5173 3.24465e-05
5174 3.24465e-05
5175 3.24465e-05
5176 3.24465e-05
5177 3.24465e-05
5178 3.24465e-05
5179 3.24465e-05
5180 3.24465e-05
5181 3.24465e-05
5182 3.24465e-05
5183 3.24465e-05
5184 3.24465e-05
5185 3.24465e-05
5186 3.24465e-05
5187 3.24465e-05
5188 3.24465e-05
5189 3.24465e-05
5190 3.24465e-05
5191 3.24465e-05
5192 3.24465e-05
5193 3.24465e-05
5194 3.24465e-05
5195 3.24465e-05
5196 3.24465e-05
5197 3.24465e-05
5198 3.24465e-05
5199 3.24465e-05
5200 3.24465e-05
5201 3.24465e-05
5202 3.24465e-05
5203 3.24465e-05
5204 3.24465e-05
5205 3.24465e-05
5206 3.24465e-05
5207 3.24465e-05
5208 3.24465e-05
5209 3.24465e-05
5210 3.24465e-05
5211 3.24465e-05
5212 3.24465e-05
5213 3.24465e-05
5214 3.24465e-05
5215 3.24465e-05
5216 3.24465e-05
5217 3.24465e-05
5218 3.24465e-05
5219 3.24465e-05
5220 3.24465e-05
5221 3.24465e-05
5222 3.24465e-05
5223 3.24465e-05
5224 3.24465e-05
5225 3.24465e-05
5226 3.24465e-05
5227 3.24465e-05
5228 3.24465e-05
5229 3.24465e-05
5230 3.24465e-05
5231 3.24465e-05
5232 3.24465e-05
5233 3.24465e-05
5234 3.24465e-05
5235 3.24465e-05
5236 3.24465e-05
5237 3.24465e-05
5238 3.24465e-05
5239 3.24465e-05
5240 3.24465e-05
5241 3.24465e-05
5242 3.24465e-05
5243 3.24465e-05
5244 3.24465e-05
5245 3.24465e-05
5246 3.24465e-05
5247 3.24465e-05
5248 3.24465e-05
5249 3.24465e-05
5250 3.24465e-05
5251 3.24465e-05
5252 3.24465e-05
5253 3.24465e-05
5254 3.24465e-05
5255 3.24465e-05
5256 3.24465e-05
5257 3.24465e-05
5258 3.24465e-05
5259 3.24465e-05
5260 3.24465e-05
5261 3.24465e-05
5262 3.24465e-05
5263 3.24465e-05
5264 3.24465e-05
5265 3.24465e-05
5266 3.24465e-05
5267 3.24465e-05
5268 3.24465e-05
5269 3.24465e-05
5270 3.24465e-05
5271 3.24465e-05
5272 3.24465e-05
5273 3.24465e-05
5274 3.24465e-05
5275 3.24465e-05
5276 3.24465e-05
5277 3.24465e-05
5278 3.24465e-05
5279 3.24465e-05
5280 3.24465e-05
5281 3.24465e-05
5282 3.24465e-05
5283 3.24465e-05
5284 3.24465e-05
5285 3.24465e-05
5286 3.24465e-05
5287 3.24465e-05
5288 3.24465e-05
5289 3.24465e-05
5290 3.24465e-05
5291 3.24465e-05
5292 3.24465e-05
5293 3.24465e-05
5294 3.24465e-05
5295 3.24465e-05
5296 3.24465e-05
5297 3.24465e-05
5298 3.24465e-05
5299 3.24465e-05
5300 3.24465e-05
5301 3.24465e-05
5302 3.24465e-05
5303 3.24465e-05
5304 3.24465e-05
5305 3.24465e-05
5306 3.24465e-05
5307 3.24465e-05
5308 3.24465e-05
5309 3.24465e-05
5310 3.24465e-05
5311 3.24465e-05
5312 3.24465e-05
5313 3.24465e-05
5314 3.24465e-05
5315 3.24465e-05
5316 3.24465e-05
5317 3.24465e-05
5318 3.24465e-05
5319 3.24465e-05
5320 3.24465e-05
5321 3.24465e-05
5322 3.24465e-05
5323 3.24465e-05
5324 3.24465e-05
5325 3.24465e-05
5326 3.24465e-05
5327 3.24465e-05
5328 3.24465e-05
5329 3.24465e-05
5330 3.24465e-05
5331 3.24465e-05
5332 3.24465e-05
5333 3.24465e-05
5334 3.24465e-05
5335 3.24465e-05
5336 3.24465e-05
5337 3.24465e-05
5338 3.24465e-05
5339 3.24465e-05
5340 3.24465e-05
5341 3.24465e-05
5342 3.24465e-05
5343 3.24465e-05
5344 3.24465e-05
5345 3.24465e-05
5346 3.24465e-05
5347 3.24465e-05
5348 3.24465e-05
5349 3.24465e-05
5350 3.24465e-05
5351 3.24465e-05
5352 3.24465e-05
5353 3.24465e-05
5354 3.24465e-05
5355 3.24465e-05
5356 3.24465e-05
5357 3.24465e-05
5358 3.24465e-05
5359 3.24465e-05
5360 3.24465e-05
5361 3.24465e-05
5362 3.24465e-05
5363 3.24465e-05
5364 3.24465e-05
5365 3.24465e-05
5366 3.24465e-05
5367 3.24465e-05
5368 3.24465e-05
5369 3.24465e-05
5370 3.24465e-05
5371 3.24465e-05
5372 3.24465e-05
5373 3.24465e-05
5374 3.24465e-05
5375 3.24465e-05
5376 3.24465e-05
5377 3.24465e-05
5378 3.24465e-05
5379 3.24465e-05
5380 3.24465e-05
5381 3.24465e-05
5382 3.24465e-05
5383 3.24465e-05
5384 3.24465e-05
5385 3.24465e-05
5386 3.24465e-05
5387 3.24465e-05
5388 3.24465e-05
5389 3.24465e-05
5390 3.24465e-05
5391 3.24465e-05
5392 3.24465e-05
5393 3.24465e-05
5394 3.24465e-05
5395 3.24465e-05
5396 3.24465e-05
5397 3.24465e-05
5398 3.24465e-05
5399 3.24465e-05
5400 3.24465e-05
5401 3.24465e-05
5402 3.24465e-05
5403 3.24465e-05
5404 3.24465e-05
5405 3.24465e-05
5406 3.24465e-05
5407 3.24465e-05
5408 3.24465e-05
5409 3.24465e-05
5410 3.24465e-05
5411 3.24465e-05
5412 3.24465e-05
5413 3.24465e-05
5414 3.24465e-05
5415 3.24465e-05
5416 3.24465e-05
5417 3.24465e-05
5418 3.24465e-05
5419 3.24465e-05
5420 3.24465e-05
5421 3.24465e-05
5422 3.24465e-05
5423 3.24465e-05
5424 3.24465e-05
5425 3.24465e-05
5426 3.24465e-05
5427 3.24465e-05
5428 3.24465e-05
5429 3.24465e-05
5430 3.24465e-05
5431 3.24465e-05
5432 3.24465e-05
5433 3.24465e-05
5434 3.24465e-05
5435 3.24465e-05
5436 3.24465e-05
5437 3.24465e-05
5438 3.24465e-05
5439 3.24465e-05
5440 3.24465e-05
5441 3.24465e-05
5442 3.24465e-05
5443 3.24465e-05
5444 3.24465e-05
5445 3.24465e-05
5446 3.24465e-05
5447 3.24465e-05
5448 3.24465e-05
5449 3.24465e-05
5450 3.24465e-05
5451 3.24465e-05
5452 3.24465e-05
5453 3.24465e-05
5454 3.24465e-05
5455 3.24465e-05
5456 3.24465e-05
5457 3.24465e-05
5458 3.24465e-05
5459 3.24465e-05
5460 3.24465e-05
5461 3.24465e-05
5462 3.24465e-05
5463 3.24465e-05
5464 3.24465e-05
5465 3.24465e-05
5466 3.24465e-05
5467 3.24465e-05
5468 3.24465e-05
5469 3.24465e-05
5470 3.24465e-05
5471 3.24465e-05
5472 3.24465e-05
5473 3.24465e-05
5474 3.24465e-05
5475 3.24465e-05
5476 3.24465e-05
5477 3.24465e-05
5478 3.24465e-05
5479 3.24465e-05
5480 3.24465e-05
5481 3.24465e-05
5482 3.24465e-05
5483 3.24465e-05
5484 3.24465e-05
5485 3.24465e-05
5486 3.24465e-05
5487 3.24465e-05
5488 3.24465e-05
5489 3.24465e-05
5490 3.24465e-05
5491 3.24465e-05
5492 3.24465e-05
5493 3.24465e-05
5494 3.24465e-05
5495 3.24465e-05
5496 3.24465e-05
5497 3.24465e-05
5498 3.24465e-05
5499 3.24465e-05
5500 3.24465e-05
5501 3.24465e-05
5502 3.24465e-05
5503 3.24465e-05
5504 3.24465e-05
5505 3.24465e-05
5506 3.24465e-05
5507 3.24465e-05
5508 3.24465e-05
5509 3.24465e-05
5510 3.24465e-05
5511 3.24465e-05
5512 3.24465e-05
5513 3.24465e-05
5514 3.24465e-05
5515 3.24465e-05
5516 3.24465e-05
5517 3.24465e-05
5518 3.24465e-05
5519 3.24465e-05
5520 3.24465e-05
5521 3.24465e-05
5522 3.24465e-05
5523 3.24465e-05
5524 3.24465e-05
5525 3.24465e-05
5526 3.24465e-05
5527 3.24465e-05
5528 3.24465e-05
5529 3.24465e-05
5530 3.24465e-05
5531 3.24465e-05
5532 3.24465e-05
5533 3.24465e-05
5534 3.24465e-05
5535 3.24465e-05
5536 3.24465e-05
