0 1
1 1
2 1
3 1
4 1
5 1
6 1
7 1
8 1
9 1
10 1
11 1
12 1
13 1
14 1
15 1
16 1
17 1
18 1
19 1
20 1
21 1
22 1
23 1
24 1
25 0.980259
26 0.980259
27 0.980259
28 0.980259
29 0.980259
30 0.980259
31 0.980225
32 0.980225
33 0.961833
34 0.961833
35 0.961833
36 0.961833
37 0.961833
38 0.961833
39 0.961799
40 0.961799
41 0.946512
42 0.946512
43 0.946512
44 0.946512
45 0.946512
46 0.946512
47 0.946445
48 0.946445
49 0.933689
50 0.933689
51 0.933689
52 0.933689
53 0.933689
54 0.933689
55 0.933554
56 0.933554
57 0.922485
58 0.922485
59 0.922485
60 0.922485
61 0.922485
62 0.922485
63 0.922485
64 0.922485
65 0.910876
66 0.910876
67 0.910876
68 0.910876
69 0.910876
70 0.910876
71 0.910775
72 0.910775
73 0.901394
74 0.901394
75 0.901394
76 0.901394
77 0.901394
78 0.901394
79 0.90136
80 0.90136
81 0.89073
82 0.89073
83 0.89073
84 0.89073
85 0.89073
86 0.89073
87 0.890696
88 0.890696
89 0.881112
90 0.881112
91 0.881112
92 0.881112
93 0.881112
94 0.881112
95 0.880944
96 0.880944
97 0.872338
98 0.872338
99 0.872338
100 0.872338
101 0.872338
102 0.872338
103 0.872338
104 0.872338
105 0.861708
106 0.861708
107 0.861708
108 0.861708
109 0.861708
110 0.861708
111 0.861641
112 0.861641
113 0.851686
114 0.851686
115 0.851686
116 0.851686
117 0.851686
118 0.851686
119 0.851618
120 0.851618
121 0.841123
122 0.841123
123 0.841123
124 0.841123
125 0.841123
126 0.841123
127 0.841089
128 0.841089
129 0.830223
130 0.830223
131 0.830223
132 0.830223
133 0.830223
134 0.830223
135 0.830054
136 0.830054
137 0.819458
138 0.819458
139 0.819458
140 0.819458
141 0.819458
142 0.819458
143 0.819391
144 0.819391
145 0.808862
146 0.808862
147 0.808862
148 0.808862
149 0.808862
150 0.808862
151 0.808761
152 0.808761
153 0.79894
154 0.79894
155 0.79894
156 0.79894
157 0.79894
158 0.79894
159 0.798805
160 0.798805
161 0.787838
162 0.787838
163 0.787838
164 0.787838
165 0.787838
166 0.787838
167 0.78777
168 0.78777
169 0.777579
170 0.777579
171 0.777579
172 0.777579
173 0.777579
174 0.777579
175 0.777478
176 0.777478
177 0.767455
178 0.767455
179 0.767455
180 0.767455
181 0.767455
182 0.767455
183 0.767354
184 0.767354
185 0.75885
186 0.75885
187 0.75885
188 0.75885
189 0.75885
190 0.75885
191 0.758782
192 0.758782
193 0.749232
194 0.749232
195 0.749232
196 0.749232
197 0.749232
198 0.749232
199 0.749165
200 0.749165
201 0.739075
202 0.739075
203 0.739075
204 0.739075
205 0.739075
206 0.739075
207 0.738973
208 0.738973
209 0.728276
210 0.728276
211 0.728276
212 0.728276
213 0.728276
214 0.728276
215 0.728141
216 0.728141
217 0.718186
218 0.718186
219 0.718186
220 0.718186
221 0.718186
222 0.718186
223 0.718051
224 0.718051
225 0.709007
226 0.709007
227 0.709007
228 0.709007
229 0.709007
230 0.709007
231 0.709007
232 0.709007
233 0.700199
234 0.700199
235 0.700199
236 0.700199
237 0.700199
238 0.700199
239 0.700165
240 0.700165
241 0.690919
242 0.690919
243 0.690919
244 0.690919
245 0.690919
246 0.690919
247 0.690919
248 0.690919
249 0.681537
250 0.681537
251 0.681537
252 0.681537
253 0.681537
254 0.681537
255 0.681504
256 0.681504
257 0.673101
258 0.673101
259 0.673101
260 0.673101
261 0.673101
262 0.673101
263 0.672966
264 0.672966
265 0.664698
266 0.664698
267 0.664698
268 0.664698
269 0.664698
270 0.664698
271 0.664597
272 0.664597
273 0.656093
274 0.656093
275 0.656093
276 0.656093
277 0.656093
278 0.656093
279 0.656059
280 0.656059
281 0.647555
282 0.647555
283 0.647555
284 0.647555
285 0.647555
286 0.647555
287 0.647488
288 0.647488
289 0.638882
290 0.638882
291 0.638882
292 0.638882
293 0.638882
294 0.638882
295 0.638815
296 0.638815
297 0.629535
298 0.629535
299 0.629535
300 0.629535
301 0.629535
302 0.629535
303 0.629433
304 0.629433
305 0.621334
306 0.621334
307 0.621334
308 0.621334
309 0.621334
310 0.621334
311 0.621199
312 0.621199
313 0.613505
314 0.613505
315 0.613505
316 0.613505
317 0.613505
318 0.613505
319 0.613438
320 0.613438
321 0.605305
322 0.605305
323 0.605305
324 0.605305
325 0.605305
326 0.605305
327 0.605271
328 0.605271
329 0.597813
330 0.597813
331 0.597813
332 0.597813
333 0.597813
334 0.597813
335 0.597746
336 0.597746
337 0.589242
338 0.589242
339 0.589242
340 0.589242
341 0.589242
342 0.589242
343 0.589107
344 0.589107
345 0.580906
346 0.580906
347 0.580906
348 0.580906
349 0.580906
350 0.580906
351 0.580805
352 0.580805
353 0.574292
354 0.574292
355 0.574292
356 0.574292
357 0.574292
358 0.574292
359 0.574258
360 0.574258
361 0.567475
362 0.567475
363 0.567475
364 0.567475
365 0.567475
366 0.567475
367 0.567408
368 0.567408
369 0.559781
370 0.559781
371 0.559781
372 0.559781
373 0.559781
374 0.559781
375 0.55968
376 0.55968
377 0.552728
378 0.552728
379 0.552728
380 0.552728
381 0.552728
382 0.552728
383 0.55256
384 0.55256
385 0.545439
386 0.545439
387 0.545439
388 0.545439
389 0.545439
390 0.545439
391 0.545338
392 0.545338
393 0.537678
394 0.537678
395 0.537678
396 0.537678
397 0.537678
398 0.537678
399 0.537475
400 0.537475
401 0.530152
402 0.530152
403 0.530152
404 0.530152
405 0.530152
406 0.530152
407 0.529916
408 0.529916
409 0.522829
410 0.522829
411 0.522829
412 0.522829
413 0.522829
414 0.522829
415 0.522694
416 0.522694
417 0.516519
418 0.516519
419 0.516519
420 0.516519
421 0.516519
422 0.516519
423 0.516418
424 0.516418
425 0.509938
426 0.509938
427 0.509938
428 0.509938
429 0.509938
430 0.509938
431 0.509837
432 0.509837
433 0.503324
434 0.503324
435 0.503324
436 0.503324
437 0.503324
438 0.503324
439 0.503256
440 0.503256
441 0.496912
442 0.496912
443 0.496912
444 0.496912
445 0.496912
446 0.496912
447 0.496744
448 0.496744
449 0.491209
450 0.491209
451 0.491209
452 0.491209
453 0.491209
454 0.491209
455 0.491108
456 0.491108
457 0.484494
458 0.484494
459 0.484494
460 0.484494
461 0.484494
462 0.484494
463 0.48446
464 0.48446
465 0.477609
466 0.477609
467 0.477609
468 0.477609
469 0.477609
470 0.477609
471 0.477474
472 0.477474
473 0.4714
474 0.4714
475 0.4714
476 0.4714
477 0.4714
478 0.4714
479 0.471299
480 0.471299
481 0.465562
482 0.465562
483 0.465562
484 0.465562
485 0.465562
486 0.465562
487 0.465427
488 0.465427
489 0.460095
490 0.460095
491 0.460095
492 0.460095
493 0.460095
494 0.460095
495 0.459893
496 0.459893
497 0.454223
498 0.454223
499 0.454223
500 0.454223
501 0.454223
502 0.454223
503 0.454088
504 0.454088
505 0.448149
506 0.448149
507 0.448149
508 0.448149
509 0.448149
510 0.448149
511 0.448082
512 0.448082
513 0.442243
514 0.442243
515 0.442243
516 0.442243
517 0.442243
518 0.442243
519 0.442075
520 0.442075
521 0.43681
522 0.43681
523 0.43681
524 0.43681
525 0.43681
526 0.43681
527 0.436608
528 0.436608
529 0.431107
530 0.431107
531 0.431107
532 0.431107
533 0.431107
534 0.431107
535 0.431107
536 0.431107
537 0.42591
538 0.42591
539 0.42591
540 0.42591
541 0.42591
542 0.42591
543 0.425843
544 0.425843
545 0.419971
546 0.419971
547 0.419971
548 0.419971
549 0.419971
550 0.419971
551 0.419802
552 0.419802
553 0.414403
554 0.414403
555 0.414403
556 0.414403
557 0.414403
558 0.414403
559 0.414302
560 0.414302
561 0.409408
562 0.409408
563 0.409408
564 0.409408
565 0.409408
566 0.409408
567 0.409307
568 0.409307
569 0.404751
570 0.404751
571 0.404751
572 0.404751
573 0.404751
574 0.404751
575 0.404684
576 0.404684
577 0.400533
578 0.400533
579 0.400533
580 0.400533
581 0.400533
582 0.400533
583 0.400331
584 0.400331
585 0.395269
586 0.395269
587 0.395269
588 0.395269
589 0.395269
590 0.395269
591 0.395168
592 0.395168
593 0.390646
594 0.390646
595 0.390646
596 0.390646
597 0.390646
598 0.390646
599 0.390511
600 0.390511
601 0.385246
602 0.385246
603 0.385246
604 0.385246
605 0.385246
606 0.385246
607 0.385145
608 0.385145
609 0.378902
610 0.378902
611 0.378902
612 0.378902
613 0.378902
614 0.378902
615 0.378801
616 0.378801
617 0.37384
618 0.37384
619 0.37384
620 0.37384
621 0.37384
622 0.37384
623 0.373671
624 0.373671
625 0.368778
626 0.368778
627 0.368778
628 0.368778
629 0.368778
630 0.368778
631 0.368744
632 0.368744
633 0.36402
634 0.36402
635 0.36402
636 0.36402
637 0.36402
638 0.36402
639 0.363919
640 0.363919
641 0.359768
642 0.359768
643 0.359768
644 0.359768
645 0.359768
646 0.359768
647 0.359667
648 0.359667
649 0.355685
650 0.355685
651 0.355685
652 0.355685
653 0.355685
654 0.355685
655 0.355482
656 0.355482
657 0.351635
658 0.351635
659 0.351635
660 0.351635
661 0.351635
662 0.351635
663 0.3515
664 0.3515
665 0.347315
666 0.347315
667 0.347315
668 0.347315
669 0.347315
670 0.347315
671 0.347181
672 0.347181
673 0.342861
674 0.342861
675 0.342861
676 0.342861
677 0.342861
678 0.342861
679 0.342726
680 0.342726
681 0.338575
682 0.338575
683 0.338575
684 0.338575
685 0.338575
686 0.338575
687 0.338541
688 0.338541
689 0.334526
690 0.334526
691 0.334526
692 0.334526
693 0.334526
694 0.334526
695 0.334424
696 0.334424
697 0.329329
698 0.329329
699 0.329329
700 0.329329
701 0.329329
702 0.329329
703 0.329261
704 0.329261
705 0.325414
706 0.325414
707 0.325414
708 0.325414
709 0.325414
710 0.325414
711 0.325313
712 0.325313
713 0.321398
714 0.321398
715 0.321398
716 0.321398
717 0.321398
718 0.321398
719 0.321297
720 0.321297
721 0.317113
722 0.317113
723 0.317113
724 0.317113
725 0.317113
726 0.317113
727 0.316944
728 0.316944
729 0.312861
730 0.312861
731 0.312861
732 0.312861
733 0.312861
734 0.312861
735 0.312827
736 0.312827
737 0.309182
738 0.309182
739 0.309182
740 0.309182
741 0.309182
742 0.309182
743 0.308912
744 0.308912
745 0.304694
746 0.304694
747 0.304694
748 0.304694
749 0.304694
750 0.304694
751 0.304627
752 0.304627
753 0.300982
754 0.300982
755 0.300982
756 0.300982
757 0.300982
758 0.300982
759 0.300746
760 0.300746
761 0.296528
762 0.296528
763 0.296528
764 0.296528
765 0.296528
766 0.296528
767 0.296359
768 0.296359
769 0.293254
770 0.293254
771 0.293254
772 0.293254
773 0.293254
774 0.293254
775 0.293119
776 0.293119
777 0.289643
778 0.289643
779 0.289643
780 0.289643
781 0.289643
782 0.289643
783 0.289508
784 0.289508
785 0.286167
786 0.286167
787 0.286167
788 0.286167
789 0.286167
790 0.286167
791 0.2861
792 0.2861
793 0.282692
794 0.282692
795 0.282692
796 0.282692
797 0.282692
798 0.282692
799 0.28259
800 0.28259
801 0.279553
802 0.279553
803 0.279553
804 0.279553
805 0.279553
806 0.279553
807 0.279384
808 0.279384
809 0.275774
810 0.275774
811 0.275774
812 0.275774
813 0.275774
814 0.275774
815 0.275605
816 0.275605
817 0.272669
818 0.272669
819 0.272669
820 0.272669
821 0.272669
822 0.272669
823 0.272568
824 0.272568
825 0.269126
826 0.269126
827 0.269126
828 0.269126
829 0.269126
830 0.269126
831 0.269024
832 0.269024
833 0.265684
834 0.265684
835 0.265684
836 0.265684
837 0.265684
838 0.265684
839 0.265582
840 0.265582
841 0.262073
842 0.262073
843 0.262073
844 0.262073
845 0.262073
846 0.262073
847 0.262005
848 0.262005
849 0.259171
850 0.259171
851 0.259171
852 0.259171
853 0.259171
854 0.259171
855 0.259103
856 0.259103
857 0.255897
858 0.255897
859 0.255897
860 0.255897
861 0.255897
862 0.255897
863 0.25583
864 0.25583
865 0.252894
866 0.252894
867 0.252894
868 0.252894
869 0.252894
870 0.252894
871 0.252658
872 0.252658
873 0.249452
874 0.249452
875 0.249452
876 0.249452
877 0.249452
878 0.249452
879 0.249384
880 0.249384
881 0.246786
882 0.246786
883 0.246786
884 0.246786
885 0.246786
886 0.246786
887 0.246684
888 0.246684
889 0.244221
890 0.244221
891 0.244221
892 0.244221
893 0.244221
894 0.244221
895 0.244187
896 0.244187
897 0.241116
898 0.241116
899 0.241116
900 0.241116
901 0.241116
902 0.241116
903 0.241049
904 0.241049
905 0.238045
906 0.238045
907 0.238045
908 0.238045
909 0.238045
910 0.238045
911 0.237944
912 0.237944
913 0.234705
914 0.234705
915 0.234705
916 0.234705
917 0.234705
918 0.234705
919 0.234637
920 0.234637
921 0.231566
922 0.231566
923 0.231566
924 0.231566
925 0.231566
926 0.231566
927 0.231465
928 0.231465
929 0.228327
930 0.228327
931 0.228327
932 0.228327
933 0.228327
934 0.228327
935 0.228327
936 0.228327
937 0.225762
938 0.225762
939 0.225762
940 0.225762
941 0.225762
942 0.225762
943 0.225694
944 0.225694
945 0.222927
946 0.222927
947 0.222927
948 0.222927
949 0.222927
950 0.222927
951 0.222893
952 0.222893
953 0.220632
954 0.220632
955 0.220632
956 0.220632
957 0.220632
958 0.220632
959 0.220531
960 0.220531
961 0.218135
962 0.218135
963 0.218135
964 0.218135
965 0.218135
966 0.218135
967 0.218101
968 0.218101
969 0.215301
970 0.215301
971 0.215301
972 0.215301
973 0.215301
974 0.215301
975 0.215166
976 0.215166
977 0.212398
978 0.212398
979 0.212398
980 0.212398
981 0.212398
982 0.212398
983 0.212095
984 0.212095
985 0.209159
986 0.209159
987 0.209159
988 0.209159
989 0.209159
990 0.209159
991 0.208922
992 0.208922
993 0.205683
994 0.205683
995 0.205683
996 0.205683
997 0.205683
998 0.205683
999 0.205615
1000 0.205615
1001 0.202578
1002 0.202578
1003 0.202578
1004 0.202578
1005 0.202578
1006 0.202578
1007 0.202511
1008 0.202511
1009 0.200047
1010 0.200047
1011 0.200047
1012 0.200047
1013 0.200047
1014 0.200047
1015 0.200014
1016 0.200014
1017 0.197921
1018 0.197921
1019 0.197921
1020 0.197921
1021 0.197921
1022 0.197921
1023 0.197887
1024 0.197887
1025 0.195492
1026 0.195492
1027 0.195492
1028 0.195492
1029 0.195492
1030 0.195492
1031 0.19539
1032 0.19539
1033 0.192826
1034 0.192826
1035 0.192826
1036 0.192826
1037 0.192826
1038 0.192826
1039 0.192691
1040 0.192691
1041 0.190801
1042 0.190801
1043 0.190801
1044 0.190801
1045 0.190801
1046 0.190801
1047 0.190733
1048 0.190733
1049 0.18827
1050 0.18827
1051 0.18827
1052 0.18827
1053 0.18827
1054 0.18827
1055 0.188236
1056 0.188236
1057 0.186076
1058 0.186076
1059 0.186076
1060 0.186076
1061 0.186076
1062 0.186076
1063 0.186043
1064 0.186043
1065 0.18287
1066 0.18287
1067 0.18287
1068 0.18287
1069 0.18287
1070 0.18287
1071 0.182769
1072 0.182769
1073 0.180373
1074 0.180373
1075 0.180373
1076 0.180373
1077 0.180373
1078 0.180373
1079 0.180306
1080 0.180306
1081 0.177809
1082 0.177809
1083 0.177809
1084 0.177809
1085 0.177809
1086 0.177809
1087 0.177707
1088 0.177707
1089 0.175244
1090 0.175244
1091 0.175244
1092 0.175244
1093 0.175244
1094 0.175244
1095 0.175109
1096 0.175109
1097 0.17332
1098 0.17332
1099 0.17332
1100 0.17332
1101 0.17332
1102 0.17332
1103 0.173287
1104 0.173287
1105 0.171026
1106 0.171026
1107 0.171026
1108 0.171026
1109 0.171026
1110 0.171026
1111 0.171026
1112 0.171026
1113 0.168596
1114 0.168596
1115 0.168596
1116 0.168596
1117 0.168596
1118 0.168596
1119 0.168562
1120 0.168562
1121 0.166639
1122 0.166639
1123 0.166639
1124 0.166639
1125 0.166639
1126 0.166639
1127 0.16647
1128 0.16647
1129 0.164614
1130 0.164614
1131 0.164614
1132 0.164614
1133 0.164614
1134 0.164614
1135 0.164546
1136 0.164546
1137 0.162454
1138 0.162454
1139 0.162454
1140 0.162454
1141 0.162454
1142 0.162454
1143 0.162285
1144 0.162285
1145 0.160429
1146 0.160429
1147 0.160429
1148 0.160429
1149 0.160429
1150 0.160429
1151 0.160328
1152 0.160328
1153 0.158404
1154 0.158404
1155 0.158404
1156 0.158404
1157 0.158404
1158 0.158404
1159 0.158371
1160 0.158371
1161 0.156886
1162 0.156886
1163 0.156886
1164 0.156886
1165 0.156886
1166 0.156886
1167 0.156818
1168 0.156818
1169 0.154794
1170 0.154794
1171 0.154794
1172 0.154794
1173 0.154794
1174 0.154794
1175 0.154794
1176 0.154794
1177 0.152769
1178 0.152769
1179 0.152769
1180 0.152769
1181 0.152769
1182 0.152769
1183 0.152769
1184 0.152769
1185 0.150812
1186 0.150812
1187 0.150812
1188 0.150812
1189 0.150812
1190 0.150812
1191 0.15071
1192 0.15071
1193 0.149124
1194 0.149124
1195 0.149124
1196 0.149124
1197 0.149124
1198 0.149124
1199 0.149057
1200 0.149057
1201 0.147504
1202 0.147504
1203 0.147504
1204 0.147504
1205 0.147504
1206 0.147504
1207 0.147504
1208 0.147504
1209 0.145986
1210 0.145986
1211 0.145986
1212 0.145986
1213 0.145986
1214 0.145986
1215 0.145918
1216 0.145918
1217 0.144096
1218 0.144096
1219 0.144096
1220 0.144096
1221 0.144096
1222 0.144096
1223 0.144029
1224 0.144029
1225 0.142443
1226 0.142443
1227 0.142443
1228 0.142443
1229 0.142443
1230 0.142443
1231 0.142443
1232 0.142443
1233 0.140148
1234 0.140148
1235 0.140148
1236 0.140148
1237 0.140148
1238 0.140148
1239 0.140013
1240 0.140013
1241 0.137887
1242 0.137887
1243 0.137887
1244 0.137887
1245 0.137887
1246 0.137887
1247 0.137853
1248 0.137853
1249 0.136233
1250 0.136233
1251 0.136233
1252 0.136233
1253 0.136233
1254 0.136233
1255 0.136132
1256 0.136132
1257 0.13485
1258 0.13485
1259 0.13485
1260 0.13485
1261 0.13485
1262 0.13485
1263 0.134748
1264 0.134748
1265 0.133736
1266 0.133736
1267 0.133736
1268 0.133736
1269 0.133736
1270 0.133736
1271 0.133669
1272 0.133669
1273 0.132082
1274 0.132082
1275 0.132082
1276 0.132082
1277 0.132082
1278 0.132082
1279 0.132015
1280 0.132015
1281 0.130328
1282 0.130328
1283 0.130328
1284 0.130328
1285 0.130328
1286 0.130328
1287 0.130294
1288 0.130294
1289 0.128809
1290 0.128809
1291 0.128809
1292 0.128809
1293 0.128809
1294 0.128809
1295 0.128775
1296 0.128775
1297 0.127122
1298 0.127122
1299 0.127122
1300 0.127122
1301 0.127122
1302 0.127122
1303 0.127054
1304 0.127054
1305 0.125401
1306 0.125401
1307 0.125401
1308 0.125401
1309 0.125401
1310 0.125401
1311 0.125401
1312 0.125401
1313 0.124253
1314 0.124253
1315 0.124253
1316 0.124253
1317 0.124253
1318 0.124253
1319 0.12422
1320 0.12422
1321 0.121925
1322 0.121925
1323 0.121925
1324 0.121925
1325 0.121925
1326 0.121925
1327 0.121891
1328 0.121891
1329 0.120508
1330 0.120508
1331 0.120508
1332 0.120508
1333 0.120508
1334 0.120508
1335 0.120474
1336 0.120474
1337 0.119225
1338 0.119225
1339 0.119225
1340 0.119225
1341 0.119225
1342 0.119225
1343 0.119158
1344 0.119158
1345 0.117774
1346 0.117774
1347 0.117774
1348 0.117774
1349 0.117774
1350 0.117774
1351 0.117673
1352 0.117673
1353 0.116222
1354 0.116222
1355 0.116222
1356 0.116222
1357 0.116222
1358 0.116222
1359 0.116188
1360 0.116188
1361 0.114838
1362 0.114838
1363 0.114838
1364 0.114838
1365 0.114838
1366 0.114838
1367 0.114771
1368 0.114771
1369 0.113117
1370 0.113117
1371 0.113117
1372 0.113117
1373 0.113117
1374 0.113117
1375 0.112982
1376 0.112982
1377 0.111835
1378 0.111835
1379 0.111835
1380 0.111835
1381 0.111835
1382 0.111835
1383 0.111734
1384 0.111734
1385 0.110249
1386 0.110249
1387 0.110249
1388 0.110249
1389 0.110249
1390 0.110249
1391 0.110147
1392 0.110147
1393 0.108663
1394 0.108663
1395 0.108663
1396 0.108663
1397 0.108663
1398 0.108663
1399 0.108595
1400 0.108595
1401 0.107549
1402 0.107549
1403 0.107549
1404 0.107549
1405 0.107549
1406 0.107549
1407 0.107448
1408 0.107448
1409 0.106368
1410 0.106368
1411 0.106368
1412 0.106368
1413 0.106368
1414 0.106368
1415 0.106334
1416 0.106334
1417 0.105288
1418 0.105288
1419 0.105288
1420 0.105288
1421 0.105288
1422 0.105288
1423 0.105254
1424 0.105254
1425 0.103938
1426 0.103938
1427 0.103938
1428 0.103938
1429 0.103938
1430 0.103938
1431 0.103871
1432 0.103871
1433 0.102285
1434 0.102285
1435 0.102285
1436 0.102285
1437 0.102285
1438 0.102285
1439 0.102183
1440 0.102183
1441 0.101036
1442 0.101036
1443 0.101036
1444 0.101036
1445 0.101036
1446 0.101036
1447 0.100935
1448 0.100935
1449 0.0997199
1450 0.0997199
1451 0.0997199
1452 0.0997199
1453 0.0997199
1454 0.0997199
1455 0.0995849
1456 0.0995849
1457 0.0985725
1458 0.0985725
1459 0.0985725
1460 0.0985725
1461 0.0985725
1462 0.0985725
1463 0.0985725
1464 0.0985725
1465 0.0978301
1466 0.0978301
1467 0.0978301
1468 0.0978301
1469 0.0978301
1470 0.0978301
1471 0.0977289
1472 0.0977289
1473 0.096514
1474 0.096514
1475 0.096514
1476 0.096514
1477 0.096514
1478 0.096514
1479 0.0964803
1480 0.0964803
1481 0.0954341
1482 0.0954341
1483 0.0954341
1484 0.0954341
1485 0.0954341
1486 0.0954341
1487 0.0954004
1488 0.0954004
1489 0.0941855
1490 0.0941855
1491 0.0941855
1492 0.0941855
1493 0.0941855
1494 0.0941855
1495 0.0941518
1496 0.0941518
1497 0.0930044
1498 0.0930044
1499 0.0930044
1500 0.0930044
1501 0.0930044
1502 0.0930044
1503 0.0929369
1504 0.0929369
1505 0.0915196
1506 0.0915196
1507 0.0915196
1508 0.0915196
1509 0.0915196
1510 0.0915196
1511 0.0914183
1512 0.0914183
1513 0.0904397
1514 0.0904397
1515 0.0904397
1516 0.0904397
1517 0.0904397
1518 0.0904397
1519 0.090406
1520 0.090406
1521 0.0898323
1522 0.0898323
1523 0.0898323
1524 0.0898323
1525 0.0898323
1526 0.0898323
1527 0.0897985
1528 0.0897985
1529 0.0884487
1530 0.0884487
1531 0.0884487
1532 0.0884487
1533 0.0884487
1534 0.0884487
1535 0.0883812
1536 0.0883812
1537 0.0872676
1538 0.0872676
1539 0.0872676
1540 0.0872676
1541 0.0872676
1542 0.0872676
1543 0.0872676
1544 0.0872676
1545 0.0859852
1546 0.0859852
1547 0.0859852
1548 0.0859852
1549 0.0859852
1550 0.0859852
1551 0.0859177
1552 0.0859177
1553 0.0851078
1554 0.0851078
1555 0.0851078
1556 0.0851078
1557 0.0851078
1558 0.0851078
1559 0.0850403
1560 0.0850403
1561 0.0839942
1562 0.0839942
1563 0.0839942
1564 0.0839942
1565 0.0839942
1566 0.0839942
1567 0.0839942
1568 0.0839942
1569 0.0827793
1570 0.0827793
1571 0.0827793
1572 0.0827793
1573 0.0827793
1574 0.0827793
1575 0.0827456
1576 0.0827456
1577 0.0818682
1578 0.0818682
1579 0.0818682
1580 0.0818682
1581 0.0818682
1582 0.0818682
1583 0.0818682
1584 0.0818682
1585 0.0809233
1586 0.0809233
1587 0.0809233
1588 0.0809233
1589 0.0809233
1590 0.0809233
1591 0.0808221
1592 0.0808221
1593 0.0798434
1594 0.0798434
1595 0.0798434
1596 0.0798434
1597 0.0798434
1598 0.0798434
1599 0.0798434
1600 0.0798434
1601 0.0790673
1602 0.0790673
1603 0.0790673
1604 0.0790673
1605 0.0790673
1606 0.0790673
1607 0.0790673
1608 0.0790673
1609 0.0782911
1610 0.0782911
1611 0.0782911
1612 0.0782911
1613 0.0782911
1614 0.0782911
1615 0.0782911
1616 0.0782911
1617 0.0775149
1618 0.0775149
1619 0.0775149
1620 0.0775149
1621 0.0775149
1622 0.0775149
1623 0.0774474
1624 0.0774474
1625 0.0766038
1626 0.0766038
1627 0.0766038
1628 0.0766038
1629 0.0766038
1630 0.0766038
1631 0.0766038
1632 0.0766038
1633 0.0755914
1634 0.0755914
1635 0.0755914
1636 0.0755914
1637 0.0755914
1638 0.0755914
1639 0.0755577
1640 0.0755577
1641 0.0745453
1642 0.0745453
1643 0.0745453
1644 0.0745453
1645 0.0745453
1646 0.0745453
1647 0.0745115
1648 0.0745115
1649 0.0732967
1650 0.0732967
1651 0.0732967
1652 0.0732967
1653 0.0732967
1654 0.0732967
1655 0.0732629
1656 0.0732629
1657 0.0725205
1658 0.0725205
1659 0.0725205
1660 0.0725205
1661 0.0725205
1662 0.0725205
1663 0.0724868
1664 0.0724868
1665 0.0715419
1666 0.0715419
1667 0.0715419
1668 0.0715419
1669 0.0715419
1670 0.0715419
1671 0.0715419
1672 0.0715419
1673 0.0706982
1674 0.0706982
1675 0.0706982
1676 0.0706982
1677 0.0706982
1678 0.0706982
1679 0.0706982
1680 0.0706982
1681 0.0701583
1682 0.0701583
1683 0.0701583
1684 0.0701583
1685 0.0701583
1686 0.0701583
1687 0.0701245
1688 0.0701245
1689 0.0689772
1690 0.0689772
1691 0.0689772
1692 0.0689772
1693 0.0689772
1694 0.0689772
1695 0.0689434
1696 0.0689434
1697 0.0678298
1698 0.0678298
1699 0.0678298
1700 0.0678298
1701 0.0678298
1702 0.0678298
1703 0.0678298
1704 0.0678298
1705 0.0666824
1706 0.0666824
1707 0.0666824
1708 0.0666824
1709 0.0666824
1710 0.0666824
1711 0.0666824
1712 0.0666824
1713 0.0660075
1714 0.0660075
1715 0.0660075
1716 0.0660075
1717 0.0660075
1718 0.0660075
1719 0.0660075
1720 0.0660075
1721 0.0651638
1722 0.0651638
1723 0.0651638
1724 0.0651638
1725 0.0651638
1726 0.0651638
1727 0.0650963
1728 0.0650963
1729 0.0642527
1730 0.0642527
1731 0.0642527
1732 0.0642527
1733 0.0642527
1734 0.0642527
1735 0.0642189
1736 0.0642189
1737 0.063814
1738 0.063814
1739 0.063814
1740 0.063814
1741 0.063814
1742 0.063814
1743 0.0637802
1744 0.0637802
1745 0.0626329
1746 0.0626329
1747 0.0626329
1748 0.0626329
1749 0.0626329
1750 0.0626329
1751 0.0626329
1752 0.0626329
1753 0.0620929
1754 0.0620929
1755 0.0620929
1756 0.0620929
1757 0.0620929
1758 0.0620929
1759 0.0620592
1760 0.0620592
1761 0.0613843
1762 0.0613843
1763 0.0613843
1764 0.0613843
1765 0.0613843
1766 0.0613843
1767 0.0613843
1768 0.0613843
1769 0.0607093
1770 0.0607093
1771 0.0607093
1772 0.0607093
1773 0.0607093
1774 0.0607093
1775 0.0606756
1776 0.0606756
1777 0.0599332
1778 0.0599332
1779 0.0599332
1780 0.0599332
1781 0.0599332
1782 0.0599332
1783 0.0598994
1784 0.0598994
1785 0.0593258
1786 0.0593258
1787 0.0593258
1788 0.0593258
1789 0.0593258
1790 0.0593258
1791 0.059292
1792 0.059292
1793 0.0585496
1794 0.0585496
1795 0.0585496
1796 0.0585496
1797 0.0585496
1798 0.0585496
1799 0.0585158
1800 0.0585158
1801 0.0578747
1802 0.0578747
1803 0.0578747
1804 0.0578747
1805 0.0578747
1806 0.0578747
1807 0.0578409
1808 0.0578409
1809 0.0571997
1810 0.0571997
1811 0.0571997
1812 0.0571997
1813 0.0571997
1814 0.0571997
1815 0.0569973
1816 0.0569973
1817 0.0562549
1818 0.0562549
1819 0.0562549
1820 0.0562549
1821 0.0562549
1822 0.0562549
1823 0.0561874
1824 0.0561874
1825 0.0556812
1826 0.0556812
1827 0.0556812
1828 0.0556812
1829 0.0556812
1830 0.0556812
1831 0.0556474
1832 0.0556474
1833 0.0550737
1834 0.0550737
1835 0.0550737
1836 0.0550737
1837 0.0550737
1838 0.0550737
1839 0.0550062
1840 0.0550062
1841 0.0546013
1842 0.0546013
1843 0.0546013
1844 0.0546013
1845 0.0546013
1846 0.0546013
1847 0.0545675
1848 0.0545675
1849 0.0540613
1850 0.0540613
1851 0.0540613
1852 0.0540613
1853 0.0540613
1854 0.0540613
1855 0.0539601
1856 0.0539601
1857 0.0533864
1858 0.0533864
1859 0.0533864
1860 0.0533864
1861 0.0533864
1862 0.0533864
1863 0.0533527
1864 0.0533527
1865 0.0528465
1866 0.0528465
1867 0.0528465
1868 0.0528465
1869 0.0528465
1870 0.0528465
1871 0.0528127
1872 0.0528127
1873 0.0521041
1874 0.0521041
1875 0.0521041
1876 0.0521041
1877 0.0521041
1878 0.0521041
1879 0.0520703
1880 0.0520703
1881 0.0512942
1882 0.0512942
1883 0.0512942
1884 0.0512942
1885 0.0512942
1886 0.0512942
1887 0.0512942
1888 0.0512942
1889 0.0506867
1890 0.0506867
1891 0.0506867
1892 0.0506867
1893 0.0506867
1894 0.0506867
1895 0.0506867
1896 0.0506867
1897 0.0499443
1898 0.0499443
1899 0.0499443
1900 0.0499443
1901 0.0499443
1902 0.0499443
1903 0.0499106
1904 0.0499106
1905 0.0491682
1906 0.0491682
1907 0.0491682
1908 0.0491682
1909 0.0491682
1910 0.0491682
1911 0.0491344
1912 0.0491344
1913 0.0485607
1914 0.0485607
1915 0.0485607
1916 0.0485607
1917 0.0485607
1918 0.0485607
1919 0.048527
1920 0.048527
1921 0.0479195
1922 0.0479195
1923 0.0479195
1924 0.0479195
1925 0.0479195
1926 0.0479195
1927 0.0478521
1928 0.0478521
1929 0.0472784
1930 0.0472784
1931 0.0472784
1932 0.0472784
1933 0.0472784
1934 0.0472784
1935 0.0472446
1936 0.0472446
1937 0.046401
1938 0.046401
1939 0.046401
1940 0.046401
1941 0.046401
1942 0.046401
1943 0.046401
1944 0.046401
1945 0.0457935
1946 0.0457935
1947 0.0457935
1948 0.0457935
1949 0.0457935
1950 0.0457935
1951 0.0457935
1952 0.0457935
1953 0.0454223
1954 0.0454223
1955 0.0454223
1956 0.0454223
1957 0.0454223
1958 0.0454223
1959 0.0454223
1960 0.0454223
1961 0.0449161
1962 0.0449161
1963 0.0449161
1964 0.0449161
1965 0.0449161
1966 0.0449161
1967 0.0449161
1968 0.0449161
1969 0.0444437
1970 0.0444437
1971 0.0444437
1972 0.0444437
1973 0.0444437
1974 0.0444437
1975 0.0444099
1976 0.0444099
1977 0.044005
1978 0.044005
1979 0.044005
1980 0.044005
1981 0.044005
1982 0.044005
1983 0.0439712
1984 0.0439712
1985 0.0433638
1986 0.0433638
1987 0.0433638
1988 0.0433638
1989 0.0433638
1990 0.0433638
1991 0.0433638
1992 0.0433638
1993 0.0428239
1994 0.0428239
1995 0.0428239
1996 0.0428239
1997 0.0428239
1998 0.0428239
1999 0.0427564
2000 0.0427564
2001 0.0421827
2002 0.0421827
2003 0.0421827
2004 0.0421827
2005 0.0421827
2006 0.0421827
2007 0.042149
2008 0.042149
2009 0.041474
2010 0.041474
2011 0.041474
2012 0.041474
2013 0.041474
2014 0.041474
2015 0.041474
2016 0.041474
2017 0.0409003
2018 0.0409003
2019 0.0409003
2020 0.0409003
2021 0.0409003
2022 0.0409003
2023 0.0409003
2024 0.0409003
2025 0.0403267
2026 0.0403267
2027 0.0403267
2028 0.0403267
2029 0.0403267
2030 0.0403267
2031 0.0403267
2032 0.0403267
2033 0.0397867
2034 0.0397867
2035 0.0397867
2036 0.0397867
2037 0.0397867
2038 0.0397867
2039 0.039753
2040 0.039753
2041 0.0396517
2042 0.0396517
2043 0.0396517
2044 0.0396517
2045 0.0396517
2046 0.0396517
2047 0.039618
2048 0.039618
2049 0.0392805
2050 0.0392805
2051 0.0392805
2052 0.0392805
2053 0.0392805
2054 0.0392805
2055 0.0392468
2056 0.0392468
2057 0.0385719
2058 0.0385719
2059 0.0385719
2060 0.0385719
2061 0.0385719
2062 0.0385719
2063 0.0385719
2064 0.0385719
2065 0.0380657
2066 0.0380657
2067 0.0380657
2068 0.0380657
2069 0.0380657
2070 0.0380657
2071 0.0380657
2072 0.0380657
2073 0.0375257
2074 0.0375257
2075 0.0375257
2076 0.0375257
2077 0.0375257
2078 0.0375257
2079 0.0373907
2080 0.0373907
2081 0.0369858
2082 0.0369858
2083 0.0369858
2084 0.0369858
2085 0.0369858
2086 0.0369858
2087 0.0369183
2088 0.0369183
2089 0.0364121
2090 0.0364121
2091 0.0364121
2092 0.0364121
2093 0.0364121
2094 0.0364121
2095 0.0363446
2096 0.0363446
2097 0.0358722
2098 0.0358722
2099 0.0358722
2100 0.0358722
2101 0.0358722
2102 0.0358722
2103 0.0358384
2104 0.0358384
2105 0.0355347
2106 0.0355347
2107 0.0355347
2108 0.0355347
2109 0.0355347
2110 0.0355347
2111 0.035501
2112 0.035501
2113 0.035231
2114 0.035231
2115 0.035231
2116 0.035231
2117 0.035231
2118 0.035231
2119 0.035231
2120 0.035231
2121 0.0348598
2122 0.0348598
2123 0.0348598
2124 0.0348598
2125 0.0348598
2126 0.0348598
2127 0.0348598
2128 0.0348598
2129 0.0343536
2130 0.0343536
2131 0.0343536
2132 0.0343536
2133 0.0343536
2134 0.0343536
2135 0.0343198
2136 0.0343198
2137 0.0340836
2138 0.0340836
2139 0.0340836
2140 0.0340836
2141 0.0340836
2142 0.0340836
2143 0.0340499
2144 0.0340499
2145 0.0337799
2146 0.0337799
2147 0.0337799
2148 0.0337799
2149 0.0337799
2150 0.0337799
2151 0.0337799
2152 0.0337799
2153 0.033375
2154 0.033375
2155 0.033375
2156 0.033375
2157 0.033375
2158 0.033375
2159 0.0333075
2160 0.0333075
2161 0.0329363
2162 0.0329363
2163 0.0329363
2164 0.0329363
2165 0.0329363
2166 0.0329363
2167 0.0329363
2168 0.0329363
2169 0.0327
2170 0.0327
2171 0.0327
2172 0.0327
2173 0.0327
2174 0.0327
2175 0.0327
2176 0.0327
2177 0.0323626
2178 0.0323626
2179 0.0323626
2180 0.0323626
2181 0.0323626
2182 0.0323626
2183 0.0322951
2184 0.0322951
2185 0.0320251
2186 0.0320251
2187 0.0320251
2188 0.0320251
2189 0.0320251
2190 0.0320251
2191 0.0320251
2192 0.0320251
2193 0.0316202
2194 0.0316202
2195 0.0316202
2196 0.0316202
2197 0.0316202
2198 0.0316202
2199 0.0315864
2200 0.0315864
2201 0.0312827
2202 0.0312827
2203 0.0312827
2204 0.0312827
2205 0.0312827
2206 0.0312827
2207 0.0312489
2208 0.0312489
2209 0.0310127
2210 0.0310127
2211 0.0310127
2212 0.0310127
2213 0.0310127
2214 0.0310127
2215 0.0310127
2216 0.0310127
2217 0.030574
2218 0.030574
2219 0.030574
2220 0.030574
2221 0.030574
2222 0.030574
2223 0.0305403
2224 0.0305403
2225 0.0301691
2226 0.0301691
2227 0.0301691
2228 0.0301691
2229 0.0301691
2230 0.0301691
2231 0.0301016
2232 0.0301016
2233 0.0297641
2234 0.0297641
2235 0.0297641
2236 0.0297641
2237 0.0297641
2238 0.0297641
2239 0.0297304
2240 0.0297304
2241 0.0293929
2242 0.0293929
2243 0.0293929
2244 0.0293929
2245 0.0293929
2246 0.0293929
2247 0.0293929
2248 0.0293929
2249 0.0290217
2250 0.0290217
2251 0.0290217
2252 0.0290217
2253 0.0290217
2254 0.0290217
2255 0.0290217
2256 0.0290217
2257 0.0288192
2258 0.0288192
2259 0.0288192
2260 0.0288192
2261 0.0288192
2262 0.0288192
2263 0.0288192
2264 0.0288192
2265 0.0284818
2266 0.0284818
2267 0.0284818
2268 0.0284818
2269 0.0284818
2270 0.0284818
2271 0.0284818
2272 0.0284818
2273 0.028313
2274 0.028313
2275 0.028313
2276 0.028313
2277 0.028313
2278 0.028313
2279 0.0282793
2280 0.0282793
2281 0.0278743
2282 0.0278743
2283 0.0278743
2284 0.0278743
2285 0.0278743
2286 0.0278743
2287 0.0278406
2288 0.0278406
2289 0.0275031
2290 0.0275031
2291 0.0275031
2292 0.0275031
2293 0.0275031
2294 0.0275031
2295 0.0274694
2296 0.0274694
2297 0.0272332
2298 0.0272332
2299 0.0272332
2300 0.0272332
2301 0.0272332
2302 0.0272332
2303 0.0271657
2304 0.0271657
2305 0.0268957
2306 0.0268957
2307 0.0268957
2308 0.0268957
2309 0.0268957
2310 0.0268957
2311 0.0268282
2312 0.0268282
2313 0.0263895
2314 0.0263895
2315 0.0263895
2316 0.0263895
2317 0.0263895
2318 0.0263895
2319 0.0263895
2320 0.0263895
2321 0.0261533
2322 0.0261533
2323 0.0261533
2324 0.0261533
2325 0.0261533
2326 0.0261533
2327 0.0261533
2328 0.0261533
2329 0.0258833
2330 0.0258833
2331 0.0258833
2332 0.0258833
2333 0.0258833
2334 0.0258833
2335 0.0258833
2336 0.0258833
2337 0.0254446
2338 0.0254446
2339 0.0254446
2340 0.0254446
2341 0.0254446
2342 0.0254446
2343 0.0253771
2344 0.0253771
2345 0.0250397
2346 0.0250397
2347 0.0250397
2348 0.0250397
2349 0.0250397
2350 0.0250397
2351 0.0250397
2352 0.0250397
2353 0.0249047
2354 0.0249047
2355 0.0249047
2356 0.0249047
2357 0.0249047
2358 0.0249047
2359 0.0248709
2360 0.0248709
2361 0.0246347
2362 0.0246347
2363 0.0246347
2364 0.0246347
2365 0.0246347
2366 0.0246347
2367 0.024601
2368 0.024601
2369 0.0242635
2370 0.0242635
2371 0.0242635
2372 0.0242635
2373 0.0242635
2374 0.0242635
2375 0.0242297
2376 0.0242297
2377 0.0239935
2378 0.0239935
2379 0.0239935
2380 0.0239935
2381 0.0239935
2382 0.0239935
2383 0.0239598
2384 0.0239598
2385 0.0237236
2386 0.0237236
2387 0.0237236
2388 0.0237236
2389 0.0237236
2390 0.0237236
2391 0.0236898
2392 0.0236898
2393 0.0235548
2394 0.0235548
2395 0.0235548
2396 0.0235548
2397 0.0235548
2398 0.0235548
2399 0.0235211
2400 0.0235211
2401 0.0232174
2402 0.0232174
2403 0.0232174
2404 0.0232174
2405 0.0232174
2406 0.0232174
2407 0.0231836
2408 0.0231836
2409 0.0229811
2410 0.0229811
2411 0.0229811
2412 0.0229811
2413 0.0229811
2414 0.0229811
2415 0.0229474
2416 0.0229474
2417 0.0225424
2418 0.0225424
2419 0.0225424
2420 0.0225424
2421 0.0225424
2422 0.0225424
2423 0.0225424
2424 0.0225424
2425 0.0222387
2426 0.0222387
2427 0.0222387
2428 0.0222387
2429 0.0222387
2430 0.0222387
2431 0.0222387
2432 0.0222387
2433 0.0220362
2434 0.0220362
2435 0.0220362
2436 0.0220362
2437 0.0220362
2438 0.0220362
2439 0.0220362
2440 0.0220362
2441 0.0218675
2442 0.0218675
2443 0.0218675
2444 0.0218675
2445 0.0218675
2446 0.0218675
2447 0.0218
2448 0.0218
2449 0.0214963
2450 0.0214963
2451 0.0214963
2452 0.0214963
2453 0.0214963
2454 0.0214963
2455 0.0214963
2456 0.0214963
2457 0.0212601
2458 0.0212601
2459 0.0212601
2460 0.0212601
2461 0.0212601
2462 0.0212601
2463 0.0212601
2464 0.0212601
2465 0.0209226
2466 0.0209226
2467 0.0209226
2468 0.0209226
2469 0.0209226
2470 0.0209226
2471 0.0208889
2472 0.0208889
2473 0.0205514
2474 0.0205514
2475 0.0205514
2476 0.0205514
2477 0.0205514
2478 0.0205514
2479 0.0204839
2480 0.0204839
2481 0.0202814
2482 0.0202814
2483 0.0202814
2484 0.0202814
2485 0.0202814
2486 0.0202814
2487 0.0202477
2488 0.0202477
2489 0.019944
2490 0.019944
2491 0.019944
2492 0.019944
2493 0.019944
2494 0.019944
2495 0.019944
2496 0.019944
2497 0.0199102
2498 0.0199102
2499 0.0199102
2500 0.0199102
2501 0.0199102
2502 0.0199102
2503 0.0199102
2504 0.0199102
2505 0.0197415
2506 0.0197415
2507 0.0197415
2508 0.0197415
2509 0.0197415
2510 0.0197415
2511 0.0197415
2512 0.0197415
2513 0.0195728
2514 0.0195728
2515 0.0195728
2516 0.0195728
2517 0.0195728
2518 0.0195728
2519 0.0195728
2520 0.0195728
2521 0.0191341
2522 0.0191341
2523 0.0191341
2524 0.0191341
2525 0.0191341
2526 0.0191341
2527 0.0191341
2528 0.0191341
2529 0.0187629
2530 0.0187629
2531 0.0187629
2532 0.0187629
2533 0.0187629
2534 0.0187629
2535 0.0187291
2536 0.0187291
2537 0.0184929
2538 0.0184929
2539 0.0184929
2540 0.0184929
2541 0.0184929
2542 0.0184929
2543 0.0184929
2544 0.0184929
2545 0.0182567
2546 0.0182567
2547 0.0182567
2548 0.0182567
2549 0.0182567
2550 0.0182567
2551 0.0182229
2552 0.0182229
2553 0.0180205
2554 0.0180205
2555 0.0180205
2556 0.0180205
2557 0.0180205
2558 0.0180205
2559 0.0179867
2560 0.0179867
2561 0.017818
2562 0.017818
2563 0.017818
2564 0.017818
2565 0.017818
2566 0.017818
2567 0.0177842
2568 0.0177842
2569 0.017413
2570 0.017413
2571 0.017413
2572 0.017413
2573 0.017413
2574 0.017413
2575 0.017413
2576 0.017413
2577 0.0170418
2578 0.0170418
2579 0.0170418
2580 0.0170418
2581 0.0170418
2582 0.0170418
2583 0.0170081
2584 0.0170081
2585 0.0166706
2586 0.0166706
2587 0.0166706
2588 0.0166706
2589 0.0166706
2590 0.0166706
2591 0.0166031
2592 0.0166031
2593 0.0164006
2594 0.0164006
2595 0.0164006
2596 0.0164006
2597 0.0164006
2598 0.0164006
2599 0.0164006
2600 0.0164006
2601 0.0161644
2602 0.0161644
2603 0.0161644
2604 0.0161644
2605 0.0161644
2606 0.0161644
2607 0.0161307
2608 0.0161307
2609 0.0158607
2610 0.0158607
2611 0.0158607
2612 0.0158607
2613 0.0158607
2614 0.0158607
2615 0.0158607
2616 0.0158607
2617 0.0155232
2618 0.0155232
2619 0.0155232
2620 0.0155232
2621 0.0155232
2622 0.0155232
2623 0.0154895
2624 0.0154895
2625 0.0151858
2626 0.0151858
2627 0.0151858
2628 0.0151858
2629 0.0151858
2630 0.0151858
2631 0.0151858
2632 0.0151858
2633 0.015017
2634 0.015017
2635 0.015017
2636 0.015017
2637 0.015017
2638 0.015017
2639 0.0149833
2640 0.0149833
2641 0.0147133
2642 0.0147133
2643 0.0147133
2644 0.0147133
2645 0.0147133
2646 0.0147133
2647 0.0147133
2648 0.0147133
2649 0.0145446
2650 0.0145446
2651 0.0145446
2652 0.0145446
2653 0.0145446
2654 0.0145446
2655 0.0145446
2656 0.0145446
2657 0.0143759
2658 0.0143759
2659 0.0143759
2660 0.0143759
2661 0.0143759
2662 0.0143759
2663 0.0143421
2664 0.0143421
2665 0.0141734
2666 0.0141734
2667 0.0141734
2668 0.0141734
2669 0.0141734
2670 0.0141734
2671 0.0141734
2672 0.0141734
2673 0.0139034
2674 0.0139034
2675 0.0139034
2676 0.0139034
2677 0.0139034
2678 0.0139034
2679 0.0138697
2680 0.0138697
2681 0.0136672
2682 0.0136672
2683 0.0136672
2684 0.0136672
2685 0.0136672
2686 0.0136672
2687 0.0136672
2688 0.0136672
2689 0.013566
2690 0.013566
2691 0.013566
2692 0.013566
2693 0.013566
2694 0.013566
2695 0.013566
2696 0.013566
2697 0.0134985
2698 0.0134985
2699 0.0134985
2700 0.0134985
2701 0.0134985
2702 0.0134985
2703 0.0134985
2704 0.0134985
2705 0.013431
2706 0.013431
2707 0.013431
2708 0.013431
2709 0.013431
2710 0.013431
2711 0.0133297
2712 0.0133297
2713 0.013161
2714 0.013161
2715 0.013161
2716 0.013161
2717 0.013161
2718 0.013161
2719 0.013026
2720 0.013026
2721 0.0126548
2722 0.0126548
2723 0.0126548
2724 0.0126548
2725 0.0126548
2726 0.0126548
2727 0.0126548
2728 0.0126548
2729 0.0124523
2730 0.0124523
2731 0.0124523
2732 0.0124523
2733 0.0124523
2734 0.0124523
2735 0.0124186
2736 0.0124186
2737 0.0122499
2738 0.0122499
2739 0.0122499
2740 0.0122499
2741 0.0122499
2742 0.0122499
2743 0.0122499
2744 0.0122499
2745 0.0120811
2746 0.0120811
2747 0.0120811
2748 0.0120811
2749 0.0120811
2750 0.0120811
2751 0.0120474
2752 0.0120474
2753 0.0118449
2754 0.0118449
2755 0.0118449
2756 0.0118449
2757 0.0118449
2758 0.0118449
2759 0.0118449
2760 0.0118449
2761 0.0116762
2762 0.0116762
2763 0.0116762
2764 0.0116762
2765 0.0116762
2766 0.0116762
2767 0.0116762
2768 0.0116762
2769 0.0115412
2770 0.0115412
2771 0.0115412
2772 0.0115412
2773 0.0115412
2774 0.0115412
2775 0.0115074
2776 0.0115074
2777 0.0114399
2778 0.0114399
2779 0.0114399
2780 0.0114399
2781 0.0114399
2782 0.0114399
2783 0.0114399
2784 0.0114399
2785 0.0113725
2786 0.0113725
2787 0.0113725
2788 0.0113725
2789 0.0113725
2790 0.0113725
2791 0.0113725
2792 0.0113725
2793 0.0110687
2794 0.0110687
2795 0.0110687
2796 0.0110687
2797 0.0110687
2798 0.0110687
2799 0.0110687
2800 0.0110687
2801 0.0109675
2802 0.0109675
2803 0.0109675
2804 0.0109675
2805 0.0109675
2806 0.0109675
2807 0.0109675
2808 0.0109675
2809 0.0109
2810 0.0109
2811 0.0109
2812 0.0109
2813 0.0109
2814 0.0109
2815 0.0109
2816 0.0109
2817 0.0107988
2818 0.0107988
2819 0.0107988
2820 0.0107988
2821 0.0107988
2822 0.0107988
2823 0.0107988
2824 0.0107988
2825 0.0107313
2826 0.0107313
2827 0.0107313
2828 0.0107313
2829 0.0107313
2830 0.0107313
2831 0.0107313
2832 0.0107313
2833 0.0106975
2834 0.0106975
2835 0.0106975
2836 0.0106975
2837 0.0106975
2838 0.0106975
2839 0.0106638
2840 0.0106638
2841 0.0104951
2842 0.0104951
2843 0.0104951
2844 0.0104951
2845 0.0104951
2846 0.0104951
2847 0.0104951
2848 0.0104951
2849 0.0104276
2850 0.0104276
2851 0.0104276
2852 0.0104276
2853 0.0104276
2854 0.0104276
2855 0.0104276
2856 0.0104276
2857 0.0102926
2858 0.0102926
2859 0.0102926
2860 0.0102926
2861 0.0102926
2862 0.0102926
2863 0.0102588
2864 0.0102588
2865 0.0101913
2866 0.0101913
2867 0.0101913
2868 0.0101913
2869 0.0101913
2870 0.0101913
2871 0.0101913
2872 0.0101913
2873 0.0101913
2874 0.0101913
2875 0.0101913
2876 0.0101913
2877 0.0101913
2878 0.0101913
2879 0.0101913
2880 0.0101913
2881 0.0101238
2882 0.0101238
2883 0.0101238
2884 0.0101238
2885 0.0101238
2886 0.0101238
2887 0.0101238
2888 0.0101238
2889 0.0100226
2890 0.0100226
2891 0.0100226
2892 0.0100226
2893 0.0100226
2894 0.0100226
2895 0.0100226
2896 0.0100226
2897 0.00995512
2898 0.00995512
2899 0.00995512
2900 0.00995512
2901 0.00995512
2902 0.00995512
2903 0.00995512
2904 0.00995512
2905 0.00985388
2906 0.00985388
2907 0.00985388
2908 0.00985388
2909 0.00985388
2910 0.00985388
2911 0.00985388
2912 0.00985388
2913 0.00975264
2914 0.00975264
2915 0.00975264
2916 0.00975264
2917 0.00975264
2918 0.00975264
2919 0.00971889
2920 0.00971889
2921 0.00968515
2922 0.00968515
2923 0.00968515
2924 0.00968515
2925 0.00968515
2926 0.00968515
2927 0.00968515
2928 0.00968515
2929 0.00955016
2930 0.00955016
2931 0.00955016
2932 0.00955016
2933 0.00955016
2934 0.00955016
2935 0.00951642
2936 0.00951642
2937 0.00944893
2938 0.00944893
2939 0.00944893
2940 0.00944893
2941 0.00944893
2942 0.00944893
2943 0.00938143
2944 0.00938143
2945 0.00931394
2946 0.00931394
2947 0.00931394
2948 0.00931394
2949 0.00931394
2950 0.00931394
2951 0.00931394
2952 0.00931394
2953 0.00924645
2954 0.00924645
2955 0.00924645
2956 0.00924645
2957 0.00924645
2958 0.00924645
2959 0.00924645
2960 0.00924645
2961 0.00917896
2962 0.00917896
2963 0.00917896
2964 0.00917896
2965 0.00917896
2966 0.00917896
2967 0.00917896
2968 0.00917896
2969 0.00904397
2970 0.00904397
2971 0.00904397
2972 0.00904397
2973 0.00904397
2974 0.00904397
2975 0.00904397
2976 0.00904397
2977 0.00897648
2978 0.00897648
2979 0.00897648
2980 0.00897648
2981 0.00897648
2982 0.00897648
2983 0.00897648
2984 0.00897648
2985 0.00890899
2986 0.00890899
2987 0.00890899
2988 0.00890899
2989 0.00890899
2990 0.00890899
2991 0.00890899
2992 0.00890899
2993 0.00880775
2994 0.00880775
2995 0.00880775
2996 0.00880775
2997 0.00880775
2998 0.00880775
2999 0.00880775
3000 0.00880775
3001 0.00860527
3002 0.00860527
3003 0.00860527
3004 0.00860527
3005 0.00860527
3006 0.00860527
3007 0.00860527
3008 0.00860527
3009 0.00850403
3010 0.00850403
3011 0.00850403
3012 0.00850403
3013 0.00850403
3014 0.00850403
3015 0.00850403
3016 0.00850403
3017 0.00843654
3018 0.00843654
3019 0.00843654
3020 0.00843654
3021 0.00843654
3022 0.00843654
3023 0.00843654
3024 0.00843654
3025 0.00830156
3026 0.00830156
3027 0.00830156
3028 0.00830156
3029 0.00830156
3030 0.00830156
3031 0.00826781
3032 0.00826781
3033 0.00823406
3034 0.00823406
3035 0.00823406
3036 0.00823406
3037 0.00823406
3038 0.00823406
3039 0.00823406
3040 0.00823406
3041 0.00816657
3042 0.00816657
3043 0.00816657
3044 0.00816657
3045 0.00816657
3046 0.00816657
3047 0.00816657
3048 0.00816657
3049 0.00809908
3050 0.00809908
3051 0.00809908
3052 0.00809908
3053 0.00809908
3054 0.00809908
3055 0.00809908
3056 0.00809908
3057 0.00803159
3058 0.00803159
3059 0.00803159
3060 0.00803159
3061 0.00803159
3062 0.00803159
3063 0.00803159
3064 0.00803159
3065 0.0078966
3066 0.0078966
3067 0.0078966
3068 0.0078966
3069 0.0078966
3070 0.0078966
3071 0.0078966
3072 0.0078966
3073 0.00786286
3074 0.00786286
3075 0.00786286
3076 0.00786286
3077 0.00786286
3078 0.00786286
3079 0.00786286
3080 0.00786286
3081 0.00779536
3082 0.00779536
3083 0.00779536
3084 0.00779536
3085 0.00779536
3086 0.00779536
3087 0.00779536
3088 0.00779536
3089 0.00772787
3090 0.00772787
3091 0.00772787
3092 0.00772787
3093 0.00772787
3094 0.00772787
3095 0.00772787
3096 0.00772787
3097 0.00766038
3098 0.00766038
3099 0.00766038
3100 0.00766038
3101 0.00766038
3102 0.00766038
3103 0.00759289
3104 0.00759289
3105 0.0074579
3106 0.0074579
3107 0.0074579
3108 0.0074579
3109 0.0074579
3110 0.0074579
3111 0.0074579
3112 0.0074579
3113 0.00728917
3114 0.00728917
3115 0.00728917
3116 0.00728917
3117 0.00728917
3118 0.00728917
3119 0.00725542
3120 0.00725542
3121 0.00712044
3122 0.00712044
3123 0.00712044
3124 0.00712044
3125 0.00712044
3126 0.00712044
3127 0.00705295
3128 0.00705295
3129 0.0070192
3130 0.0070192
3131 0.0070192
3132 0.0070192
3133 0.0070192
3134 0.0070192
3135 0.0070192
3136 0.0070192
3137 0.00698546
3138 0.00698546
3139 0.00698546
3140 0.00698546
3141 0.00698546
3142 0.00698546
3143 0.00698546
3144 0.00698546
3145 0.00688422
3146 0.00688422
3147 0.00688422
3148 0.00688422
3149 0.00688422
3150 0.00688422
3151 0.00688422
3152 0.00688422
3153 0.00678298
3154 0.00678298
3155 0.00678298
3156 0.00678298
3157 0.00678298
3158 0.00678298
3159 0.00674923
3160 0.00674923
3161 0.00671549
3162 0.00671549
3163 0.00671549
3164 0.00671549
3165 0.00671549
3166 0.00671549
3167 0.00671549
3168 0.00671549
3169 0.00664799
3170 0.00664799
3171 0.00664799
3172 0.00664799
3173 0.00664799
3174 0.00664799
3175 0.00664799
3176 0.00664799
3177 0.00651301
3178 0.00651301
3179 0.00651301
3180 0.00651301
3181 0.00651301
3182 0.00651301
3183 0.00647926
3184 0.00647926
3185 0.00644552
3186 0.00644552
3187 0.00644552
3188 0.00644552
3189 0.00644552
3190 0.00644552
3191 0.00644552
3192 0.00644552
3193 0.00641177
3194 0.00641177
3195 0.00641177
3196 0.00641177
3197 0.00641177
3198 0.00641177
3199 0.00641177
3200 0.00641177
3201 0.00631053
3202 0.00631053
3203 0.00631053
3204 0.00631053
3205 0.00631053
3206 0.00631053
3207 0.00627679
3208 0.00627679
3209 0.00617555
3210 0.00617555
3211 0.00617555
3212 0.00617555
3213 0.00617555
3214 0.00617555
3215 0.00617555
3216 0.00617555
3217 0.00610806
3218 0.00610806
3219 0.00610806
3220 0.00610806
3221 0.00610806
3222 0.00610806
3223 0.00610806
3224 0.00610806
3225 0.00600682
3226 0.00600682
3227 0.00600682
3228 0.00600682
3229 0.00600682
3230 0.00600682
3231 0.00600682
3232 0.00600682
3233 0.00600682
3234 0.00600682
3235 0.00600682
3236 0.00600682
3237 0.00600682
3238 0.00600682
3239 0.00600682
3240 0.00600682
3241 0.00590558
3242 0.00590558
3243 0.00590558
3244 0.00590558
3245 0.00590558
3246 0.00590558
3247 0.00590558
3248 0.00590558
3249 0.00583809
3250 0.00583809
3251 0.00583809
3252 0.00583809
3253 0.00583809
3254 0.00583809
3255 0.00580434
3256 0.00580434
3257 0.00580434
3258 0.00580434
3259 0.00580434
3260 0.00580434
3261 0.00580434
3262 0.00580434
3263 0.00580434
3264 0.00580434
3265 0.00577059
3266 0.00577059
3267 0.00577059
3268 0.00577059
3269 0.00577059
3270 0.00577059
3271 0.00577059
3272 0.00577059
3273 0.0057031
3274 0.0057031
3275 0.0057031
3276 0.0057031
3277 0.0057031
3278 0.0057031
3279 0.00566935
3280 0.00566935
3281 0.00560186
3282 0.00560186
3283 0.00560186
3284 0.00560186
3285 0.00560186
3286 0.00560186
3287 0.00560186
3288 0.00560186
3289 0.00553437
3290 0.00553437
3291 0.00553437
3292 0.00553437
3293 0.00553437
3294 0.00553437
3295 0.00553437
3296 0.00553437
3297 0.00550062
3298 0.00550062
3299 0.00550062
3300 0.00550062
3301 0.00550062
3302 0.00550062
3303 0.00546688
3304 0.00546688
3305 0.00533189
3306 0.00533189
3307 0.00533189
3308 0.00533189
3309 0.00533189
3310 0.00533189
3311 0.00533189
3312 0.00533189
3313 0.00529815
3314 0.00529815
3315 0.00529815
3316 0.00529815
3317 0.00529815
3318 0.00529815
3319 0.00529815
3320 0.00529815
3321 0.00516316
3322 0.00516316
3323 0.00516316
3324 0.00516316
3325 0.00516316
3326 0.00516316
3327 0.00516316
3328 0.00516316
3329 0.00516316
3330 0.00516316
3331 0.00516316
3332 0.00516316
3333 0.00516316
3334 0.00516316
3335 0.00516316
3336 0.00516316
3337 0.00512942
3338 0.00512942
3339 0.00512942
3340 0.00512942
3341 0.00512942
3342 0.00512942
3343 0.00512942
3344 0.00512942
3345 0.00512942
3346 0.00512942
3347 0.00512942
3348 0.00512942
3349 0.00512942
3350 0.00512942
3351 0.00512942
3352 0.00512942
3353 0.00509567
3354 0.00509567
3355 0.00509567
3356 0.00509567
3357 0.00509567
3358 0.00509567
3359 0.00509567
3360 0.00509567
3361 0.00502818
3362 0.00502818
3363 0.00502818
3364 0.00502818
3365 0.00502818
3366 0.00502818
3367 0.00502818
3368 0.00502818
3369 0.00499443
3370 0.00499443
3371 0.00499443
3372 0.00499443
3373 0.00499443
3374 0.00499443
3375 0.00499443
3376 0.00499443
3377 0.00489319
3378 0.00489319
3379 0.00489319
3380 0.00489319
3381 0.00489319
3382 0.00489319
3383 0.00489319
3384 0.00489319
3385 0.0048257
3386 0.0048257
3387 0.0048257
3388 0.0048257
3389 0.0048257
3390 0.0048257
3391 0.00479195
3392 0.00479195
3393 0.00472446
3394 0.00472446
3395 0.00472446
3396 0.00472446
3397 0.00472446
3398 0.00472446
3399 0.00472446
3400 0.00472446
3401 0.00455573
3402 0.00455573
3403 0.00455573
3404 0.00455573
3405 0.00455573
3406 0.00455573
3407 0.00452199
3408 0.00452199
3409 0.00435326
3410 0.00435326
3411 0.00435326
3412 0.00435326
3413 0.00435326
3414 0.00435326
3415 0.00435326
3416 0.00435326
3417 0.00425202
3418 0.00425202
3419 0.00425202
3420 0.00425202
3421 0.00425202
3422 0.00425202
3423 0.00421827
3424 0.00421827
3425 0.00418452
3426 0.00418452
3427 0.00418452
3428 0.00418452
3429 0.00418452
3430 0.00418452
3431 0.00415078
3432 0.00415078
3433 0.00415078
3434 0.00415078
3435 0.00415078
3436 0.00415078
3437 0.00415078
3438 0.00415078
3439 0.00415078
3440 0.00415078
3441 0.00411703
3442 0.00411703
3443 0.00411703
3444 0.00411703
3445 0.00411703
3446 0.00411703
3447 0.00411703
3448 0.00411703
3449 0.00411703
3450 0.00411703
3451 0.00411703
3452 0.00411703
3453 0.00411703
3454 0.00411703
3455 0.00411703
3456 0.00411703
3457 0.00404954
3458 0.00404954
3459 0.00404954
3460 0.00404954
3461 0.00404954
3462 0.00404954
3463 0.00404954
3464 0.00404954
3465 0.00398205
3466 0.00398205
3467 0.00398205
3468 0.00398205
3469 0.00398205
3470 0.00398205
3471 0.00398205
3472 0.00398205
3473 0.00398205
3474 0.00398205
3475 0.00398205
3476 0.00398205
3477 0.00398205
3478 0.00398205
3479 0.00398205
3480 0.00398205
3481 0.0039483
3482 0.0039483
3483 0.0039483
3484 0.0039483
3485 0.0039483
3486 0.0039483
3487 0.0039483
3488 0.0039483
3489 0.00384706
3490 0.00384706
3491 0.00384706
3492 0.00384706
3493 0.00384706
3494 0.00384706
3495 0.00384706
3496 0.00384706
3497 0.00384706
3498 0.00384706
3499 0.00384706
3500 0.00384706
3501 0.00384706
3502 0.00384706
3503 0.00381332
3504 0.00381332
3505 0.00371208
3506 0.00371208
3507 0.00371208
3508 0.00371208
3509 0.00371208
3510 0.00371208
3511 0.00371208
3512 0.00371208
3513 0.00367833
3514 0.00367833
3515 0.00367833
3516 0.00367833
3517 0.00367833
3518 0.00367833
3519 0.00367833
3520 0.00367833
3521 0.00361084
3522 0.00361084
3523 0.00361084
3524 0.00361084
3525 0.00361084
3526 0.00361084
3527 0.00361084
3528 0.00361084
3529 0.00354335
3530 0.00354335
3531 0.00354335
3532 0.00354335
3533 0.00354335
3534 0.00354335
3535 0.00354335
3536 0.00354335
3537 0.0035096
3538 0.0035096
3539 0.0035096
3540 0.0035096
3541 0.0035096
3542 0.0035096
3543 0.0035096
3544 0.0035096
3545 0.0035096
3546 0.0035096
3547 0.0035096
3548 0.0035096
3549 0.0035096
3550 0.0035096
3551 0.0035096
3552 0.0035096
3553 0.00347585
3554 0.00347585
3555 0.00347585
3556 0.00347585
3557 0.00347585
3558 0.00347585
3559 0.00347585
3560 0.00347585
3561 0.00344211
3562 0.00344211
3563 0.00344211
3564 0.00344211
3565 0.00344211
3566 0.00344211
3567 0.00344211
3568 0.00344211
3569 0.00337462
3570 0.00337462
3571 0.00337462
3572 0.00337462
3573 0.00337462
3574 0.00337462
3575 0.00337462
3576 0.00337462
3577 0.00337462
3578 0.00337462
3579 0.00337462
3580 0.00337462
3581 0.00337462
3582 0.00337462
3583 0.00337462
3584 0.00337462
3585 0.00337462
3586 0.00337462
3587 0.00337462
3588 0.00337462
3589 0.00337462
3590 0.00337462
3591 0.00337462
3592 0.00337462
3593 0.00323963
3594 0.00323963
3595 0.00323963
3596 0.00323963
3597 0.00323963
3598 0.00323963
3599 0.00323963
3600 0.00323963
3601 0.00317214
3602 0.00317214
3603 0.00317214
3604 0.00317214
3605 0.00317214
3606 0.00317214
3607 0.00317214
3608 0.00317214
3609 0.0030709
3610 0.0030709
3611 0.0030709
3612 0.0030709
3613 0.0030709
3614 0.0030709
3615 0.0030709
3616 0.0030709
3617 0.00303715
3618 0.00303715
3619 0.00303715
3620 0.00303715
3621 0.00303715
3622 0.00303715
3623 0.00303715
3624 0.00303715
3625 0.00296966
3626 0.00296966
3627 0.00296966
3628 0.00296966
3629 0.00296966
3630 0.00296966
3631 0.00296966
3632 0.00296966
3633 0.00293592
3634 0.00293592
3635 0.00293592
3636 0.00293592
3637 0.00293592
3638 0.00293592
3639 0.00293592
3640 0.00293592
3641 0.00293592
3642 0.00293592
3643 0.00293592
3644 0.00293592
3645 0.00293592
3646 0.00293592
3647 0.00293592
3648 0.00293592
3649 0.00286842
3650 0.00286842
3651 0.00286842
3652 0.00286842
3653 0.00286842
3654 0.00286842
3655 0.00283468
3656 0.00283468
3657 0.00283468
3658 0.00283468
3659 0.00283468
3660 0.00283468
3661 0.00283468
3662 0.00283468
3663 0.00283468
3664 0.00283468
3665 0.00283468
3666 0.00283468
3667 0.00283468
3668 0.00283468
3669 0.00283468
3670 0.00283468
3671 0.00283468
3672 0.00283468
3673 0.00276719
3674 0.00276719
3675 0.00276719
3676 0.00276719
3677 0.00276719
3678 0.00276719
3679 0.00276719
3680 0.00276719
3681 0.00269969
3682 0.00269969
3683 0.00269969
3684 0.00269969
3685 0.00269969
3686 0.00269969
3687 0.00269969
3688 0.00269969
3689 0.00266595
3690 0.00266595
3691 0.00266595
3692 0.00266595
3693 0.00266595
3694 0.00266595
3695 0.00266595
3696 0.00266595
3697 0.0026322
3698 0.0026322
3699 0.0026322
3700 0.0026322
3701 0.0026322
3702 0.0026322
3703 0.0026322
3704 0.0026322
3705 0.00259845
3706 0.00259845
3707 0.00259845
3708 0.00259845
3709 0.00259845
3710 0.00259845
3711 0.00259845
3712 0.00259845
3713 0.00249722
3714 0.00249722
3715 0.00249722
3716 0.00249722
3717 0.00249722
3718 0.00249722
3719 0.00249722
3720 0.00249722
3721 0.00242972
3722 0.00242972
3723 0.00242972
3724 0.00242972
3725 0.00242972
3726 0.00242972
3727 0.00242972
3728 0.00242972
3729 0.00242972
3730 0.00242972
3731 0.00242972
3732 0.00242972
3733 0.00242972
3734 0.00242972
3735 0.00242972
3736 0.00242972
3737 0.00242972
3738 0.00242972
3739 0.00242972
3740 0.00242972
3741 0.00242972
3742 0.00242972
3743 0.00242972
3744 0.00242972
3745 0.00236223
3746 0.00236223
3747 0.00236223
3748 0.00236223
3749 0.00236223
3750 0.00236223
3751 0.00236223
3752 0.00236223
3753 0.00232849
3754 0.00232849
3755 0.00232849
3756 0.00232849
3757 0.00232849
3758 0.00232849
3759 0.00232849
3760 0.00232849
3761 0.00229474
3762 0.00229474
3763 0.00229474
3764 0.00229474
3765 0.00229474
3766 0.00229474
3767 0.00229474
3768 0.00229474
3769 0.00226099
3770 0.00226099
3771 0.00226099
3772 0.00226099
3773 0.00226099
3774 0.00226099
3775 0.00226099
3776 0.00226099
3777 0.00222725
3778 0.00222725
3779 0.00222725
3780 0.00222725
3781 0.00222725
3782 0.00222725
3783 0.00222725
3784 0.00222725
3785 0.00222725
3786 0.00222725
3787 0.00222725
3788 0.00222725
3789 0.00222725
3790 0.00222725
3791 0.00222725
3792 0.00222725
3793 0.00222725
3794 0.00222725
3795 0.00222725
3796 0.00222725
3797 0.00222725
3798 0.00222725
3799 0.00222725
3800 0.00222725
3801 0.0021935
3802 0.0021935
3803 0.0021935
3804 0.0021935
3805 0.0021935
3806 0.0021935
3807 0.0021935
3808 0.0021935
3809 0.0021935
3810 0.0021935
3811 0.0021935
3812 0.0021935
3813 0.0021935
3814 0.0021935
3815 0.0021935
3816 0.0021935
3817 0.00212601
3818 0.00212601
3819 0.00212601
3820 0.00212601
3821 0.00212601
3822 0.00212601
3823 0.00212601
3824 0.00212601
3825 0.00205852
3826 0.00205852
3827 0.00205852
3828 0.00205852
3829 0.00205852
3830 0.00205852
3831 0.00205852
3832 0.00205852
3833 0.00199102
3834 0.00199102
3835 0.00199102
3836 0.00199102
3837 0.00199102
3838 0.00199102
3839 0.00199102
3840 0.00199102
3841 0.00195728
3842 0.00195728
3843 0.00195728
3844 0.00195728
3845 0.00195728
3846 0.00195728
3847 0.00195728
3848 0.00195728
3849 0.00192353
3850 0.00192353
3851 0.00192353
3852 0.00192353
3853 0.00192353
3854 0.00192353
3855 0.00192353
3856 0.00192353
3857 0.00192353
3858 0.00192353
3859 0.00192353
3860 0.00192353
3861 0.00192353
3862 0.00192353
3863 0.00192353
3864 0.00192353
3865 0.00192353
3866 0.00192353
3867 0.00192353
3868 0.00192353
3869 0.00192353
3870 0.00192353
3871 0.00192353
3872 0.00192353
3873 0.00192353
3874 0.00192353
3875 0.00192353
3876 0.00192353
3877 0.00192353
3878 0.00192353
3879 0.00192353
3880 0.00192353
3881 0.00188979
3882 0.00188979
3883 0.00188979
3884 0.00188979
3885 0.00188979
3886 0.00188979
3887 0.00188979
3888 0.00188979
3889 0.00188979
3890 0.00188979
3891 0.00188979
3892 0.00188979
3893 0.00188979
3894 0.00188979
3895 0.00185604
3896 0.00185604
3897 0.00185604
3898 0.00185604
3899 0.00185604
3900 0.00185604
3901 0.00185604
3902 0.00185604
3903 0.00185604
3904 0.00185604
3905 0.00185604
3906 0.00185604
3907 0.00185604
3908 0.00185604
3909 0.00185604
3910 0.00185604
3911 0.00185604
3912 0.00185604
3913 0.00185604
3914 0.00185604
3915 0.00185604
3916 0.00185604
3917 0.00185604
3918 0.00185604
3919 0.00185604
3920 0.00185604
3921 0.00185604
3922 0.00185604
3923 0.00185604
3924 0.00185604
3925 0.00185604
3926 0.00185604
3927 0.00185604
3928 0.00185604
3929 0.00178855
3930 0.00178855
3931 0.00178855
3932 0.00178855
3933 0.00178855
3934 0.00178855
3935 0.00178855
3936 0.00178855
3937 0.0017548
3938 0.0017548
3939 0.0017548
3940 0.0017548
3941 0.0017548
3942 0.0017548
3943 0.0017548
3944 0.0017548
3945 0.00172105
3946 0.00172105
3947 0.00172105
3948 0.00172105
3949 0.00172105
3950 0.00172105
3951 0.00172105
3952 0.00172105
3953 0.00168731
3954 0.00168731
3955 0.00168731
3956 0.00168731
3957 0.00168731
3958 0.00168731
3959 0.00168731
3960 0.00168731
3961 0.00168731
3962 0.00168731
3963 0.00168731
3964 0.00168731
3965 0.00168731
3966 0.00168731
3967 0.00168731
3968 0.00168731
3969 0.00168731
3970 0.00168731
3971 0.00168731
3972 0.00168731
3973 0.00168731
3974 0.00168731
3975 0.00168731
3976 0.00168731
3977 0.00168731
3978 0.00168731
3979 0.00168731
3980 0.00168731
3981 0.00168731
3982 0.00168731
3983 0.00168731
3984 0.00168731
3985 0.00165356
3986 0.00165356
3987 0.00165356
3988 0.00165356
3989 0.00165356
3990 0.00165356
3991 0.00165356
3992 0.00165356
3993 0.00165356
3994 0.00165356
3995 0.00165356
3996 0.00165356
3997 0.00165356
3998 0.00165356
3999 0.00165356
4000 0.00165356
4001 0.00161982
4002 0.00161982
4003 0.00161982
4004 0.00161982
4005 0.00161982
4006 0.00161982
4007 0.00161982
4008 0.00161982
4009 0.00158607
4010 0.00158607
4011 0.00158607
4012 0.00158607
4013 0.00158607
4014 0.00158607
4015 0.00158607
4016 0.00158607
4017 0.00158607
4018 0.00158607
4019 0.00158607
4020 0.00158607
4021 0.00158607
4022 0.00158607
4023 0.00158607
4024 0.00158607
4025 0.00155232
4026 0.00155232
4027 0.00155232
4028 0.00155232
4029 0.00155232
4030 0.00155232
4031 0.00155232
4032 0.00155232
4033 0.00155232
4034 0.00155232
4035 0.00155232
4036 0.00155232
4037 0.00155232
4038 0.00155232
4039 0.00155232
4040 0.00155232
4041 0.00155232
4042 0.00155232
4043 0.00155232
4044 0.00155232
4045 0.00155232
4046 0.00155232
4047 0.00155232
4048 0.00155232
4049 0.00151858
4050 0.00151858
4051 0.00151858
4052 0.00151858
4053 0.00151858
4054 0.00151858
4055 0.00151858
4056 0.00151858
4057 0.00145108
4058 0.00145108
4059 0.00145108
4060 0.00145108
4061 0.00145108
4062 0.00145108
4063 0.00145108
4064 0.00145108
4065 0.00141734
4066 0.00141734
4067 0.00141734
4068 0.00141734
4069 0.00141734
4070 0.00141734
4071 0.00141734
4072 0.00141734
4073 0.00138359
4074 0.00138359
4075 0.00138359
4076 0.00138359
4077 0.00138359
4078 0.00138359
4079 0.00138359
4080 0.00138359
4081 0.00138359
4082 0.00138359
4083 0.00138359
4084 0.00138359
4085 0.00138359
4086 0.00138359
4087 0.00138359
4088 0.00138359
4089 0.00138359
4090 0.00138359
4091 0.00138359
4092 0.00138359
4093 0.00138359
4094 0.00138359
4095 0.00138359
4096 0.00138359
4097 0.00138359
4098 0.00138359
4099 0.00138359
4100 0.00138359
4101 0.00138359
4102 0.00138359
4103 0.00138359
4104 0.00138359
4105 0.00138359
4106 0.00138359
4107 0.00138359
4108 0.00138359
4109 0.00138359
4110 0.00138359
4111 0.00138359
4112 0.00138359
4113 0.00138359
4114 0.00138359
4115 0.00138359
4116 0.00138359
4117 0.00138359
4118 0.00138359
4119 0.00138359
4120 0.00138359
4121 0.00138359
4122 0.00138359
4123 0.00138359
4124 0.00138359
4125 0.00138359
4126 0.00138359
4127 0.00138359
4128 0.00138359
4129 0.00138359
4130 0.00138359
4131 0.00138359
4132 0.00138359
4133 0.00138359
4134 0.00138359
4135 0.00138359
4136 0.00138359
4137 0.00138359
4138 0.00138359
4139 0.00138359
4140 0.00138359
4141 0.00138359
4142 0.00138359
4143 0.00138359
4144 0.00138359
4145 0.00138359
4146 0.00138359
4147 0.00138359
4148 0.00138359
4149 0.00138359
4150 0.00138359
4151 0.00138359
4152 0.00138359
4153 0.00138359
4154 0.00138359
4155 0.00138359
4156 0.00138359
4157 0.00138359
4158 0.00138359
4159 0.00134985
4160 0.00134985
4161 0.0013161
4162 0.0013161
4163 0.0013161
4164 0.0013161
4165 0.0013161
4166 0.0013161
4167 0.0013161
4168 0.0013161
4169 0.00124861
4170 0.00124861
4171 0.00124861
4172 0.00124861
4173 0.00124861
4174 0.00124861
4175 0.00124861
4176 0.00124861
4177 0.00121486
4178 0.00121486
4179 0.00121486
4180 0.00121486
4181 0.00121486
4182 0.00121486
4183 0.00121486
4184 0.00121486
4185 0.00121486
4186 0.00121486
4187 0.00121486
4188 0.00121486
4189 0.00121486
4190 0.00121486
4191 0.00121486
4192 0.00121486
4193 0.00121486
4194 0.00121486
4195 0.00121486
4196 0.00121486
4197 0.00121486
4198 0.00121486
4199 0.00121486
4200 0.00121486
4201 0.00121486
4202 0.00121486
4203 0.00121486
4204 0.00121486
4205 0.00121486
4206 0.00121486
4207 0.00121486
4208 0.00121486
4209 0.00121486
4210 0.00121486
4211 0.00121486
4212 0.00121486
4213 0.00121486
4214 0.00121486
4215 0.00121486
4216 0.00121486
4217 0.00118112
4218 0.00118112
4219 0.00118112
4220 0.00118112
4221 0.00118112
4222 0.00118112
4223 0.00118112
4224 0.00118112
4225 0.00118112
4226 0.00118112
4227 0.00118112
4228 0.00118112
4229 0.00118112
4230 0.00118112
4231 0.00118112
4232 0.00118112
4233 0.00118112
4234 0.00118112
4235 0.00118112
4236 0.00118112
4237 0.00118112
4238 0.00118112
4239 0.00118112
4240 0.00118112
4241 0.00118112
4242 0.00118112
4243 0.00118112
4244 0.00118112
4245 0.00118112
4246 0.00118112
4247 0.00118112
4248 0.00118112
4249 0.00118112
4250 0.00118112
4251 0.00118112
4252 0.00118112
4253 0.00118112
4254 0.00118112
4255 0.00118112
4256 0.00118112
4257 0.00118112
4258 0.00118112
4259 0.00118112
4260 0.00118112
4261 0.00118112
4262 0.00118112
4263 0.00118112
4264 0.00118112
4265 0.00118112
4266 0.00118112
4267 0.00118112
4268 0.00118112
4269 0.00118112
4270 0.00118112
4271 0.00118112
4272 0.00118112
4273 0.00118112
4274 0.00118112
4275 0.00118112
4276 0.00118112
4277 0.00118112
4278 0.00118112
4279 0.00118112
4280 0.00118112
4281 0.00118112
4282 0.00118112
4283 0.00118112
4284 0.00118112
4285 0.00118112
4286 0.00118112
4287 0.00118112
4288 0.00118112
4289 0.00118112
4290 0.00118112
4291 0.00118112
4292 0.00118112
4293 0.00118112
4294 0.00118112
4295 0.00118112
4296 0.00118112
4297 0.00118112
4298 0.00118112
4299 0.00118112
4300 0.00118112
4301 0.00118112
4302 0.00118112
4303 0.00118112
4304 0.00118112
4305 0.00118112
4306 0.00118112
4307 0.00118112
4308 0.00118112
4309 0.00118112
4310 0.00118112
4311 0.00118112
4312 0.00118112
4313 0.00118112
4314 0.00118112
4315 0.00118112
4316 0.00118112
4317 0.00118112
4318 0.00118112
4319 0.00118112
4320 0.00118112
4321 0.00118112
4322 0.00118112
4323 0.00118112
4324 0.00118112
4325 0.00118112
4326 0.00118112
4327 0.00118112
4328 0.00118112
4329 0.00118112
4330 0.00118112
4331 0.00118112
4332 0.00118112
4333 0.00118112
4334 0.00118112
4335 0.00118112
4336 0.00118112
4337 0.00118112
4338 0.00118112
4339 0.00118112
4340 0.00118112
4341 0.00118112
4342 0.00118112
4343 0.00118112
4344 0.00118112
4345 0.00114737
4346 0.00114737
4347 0.00114737
4348 0.00114737
4349 0.00114737
4350 0.00114737
4351 0.00114737
4352 0.00114737
4353 0.00114737
4354 0.00114737
4355 0.00114737
4356 0.00114737
4357 0.00114737
4358 0.00114737
4359 0.00111362
4360 0.00111362
4361 0.00111362
4362 0.00111362
4363 0.00111362
4364 0.00111362
4365 0.00111362
4366 0.00111362
4367 0.00111362
4368 0.00111362
4369 0.00111362
4370 0.00111362
4371 0.00111362
4372 0.00111362
4373 0.00111362
4374 0.00111362
4375 0.00111362
4376 0.00111362
4377 0.00107988
4378 0.00107988
4379 0.00107988
4380 0.00107988
4381 0.00107988
4382 0.00107988
4383 0.00104613
4384 0.00104613
4385 0.00104613
4386 0.00104613
4387 0.00104613
4388 0.00104613
4389 0.00104613
4390 0.00104613
4391 0.00104613
4392 0.00104613
4393 0.00104613
4394 0.00104613
4395 0.00104613
4396 0.00104613
4397 0.00104613
4398 0.00104613
4399 0.00104613
4400 0.00104613
4401 0.00104613
4402 0.00104613
4403 0.00104613
4404 0.00104613
4405 0.00104613
4406 0.00104613
4407 0.00104613
4408 0.00104613
4409 0.00104613
4410 0.00104613
4411 0.00104613
4412 0.00104613
4413 0.00104613
4414 0.00104613
4415 0.00104613
4416 0.00104613
4417 0.00104613
4418 0.00104613
4419 0.00104613
4420 0.00104613
4421 0.00104613
4422 0.00104613
4423 0.00104613
4424 0.00104613
4425 0.000978639
4426 0.000978639
4427 0.000978639
4428 0.000978639
4429 0.000978639
4430 0.000978639
4431 0.000978639
4432 0.000978639
4433 0.000978639
4434 0.000978639
4435 0.000978639
4436 0.000978639
4437 0.000978639
4438 0.000978639
4439 0.000978639
4440 0.000978639
4441 0.000978639
4442 0.000978639
4443 0.000978639
4444 0.000978639
4445 0.000978639
4446 0.000978639
4447 0.000978639
4448 0.000978639
4449 0.000978639
4450 0.000978639
4451 0.000978639
4452 0.000978639
4453 0.000978639
4454 0.000978639
4455 0.000978639
4456 0.000978639
4457 0.000978639
4458 0.000978639
4459 0.000978639
4460 0.000978639
4461 0.000978639
4462 0.000978639
4463 0.000978639
4464 0.000978639
4465 0.000944893
4466 0.000944893
4467 0.000944893
4468 0.000944893
4469 0.000944893
4470 0.000944893
4471 0.000944893
4472 0.000944893
4473 0.000944893
4474 0.000944893
4475 0.000944893
4476 0.000944893
4477 0.000944893
4478 0.000944893
4479 0.000944893
4480 0.000944893
4481 0.000944893
4482 0.000944893
4483 0.000944893
4484 0.000944893
4485 0.000944893
4486 0.000944893
4487 0.000944893
4488 0.000944893
4489 0.000944893
4490 0.000944893
4491 0.000944893
4492 0.000944893
4493 0.000944893
4494 0.000944893
4495 0.000944893
4496 0.000944893
4497 0.000911146
4498 0.000911146
4499 0.000911146
4500 0.000911146
4501 0.000911146
4502 0.000911146
4503 0.000911146
4504 0.000911146
4505 0.000911146
4506 0.000911146
4507 0.000911146
4508 0.000911146
4509 0.000911146
4510 0.000911146
4511 0.000911146
4512 0.000911146
4513 0.000911146
4514 0.000911146
4515 0.000911146
4516 0.000911146
4517 0.000911146
4518 0.000911146
4519 0.000911146
4520 0.000911146
4521 0.0008774
4522 0.0008774
4523 0.0008774
4524 0.0008774
4525 0.0008774
4526 0.0008774
4527 0.0008774
4528 0.0008774
4529 0.0008774
4530 0.0008774
4531 0.0008774
4532 0.0008774
4533 0.0008774
4534 0.0008774
4535 0.0008774
4536 0.0008774
4537 0.0008774
4538 0.0008774
4539 0.0008774
4540 0.0008774
4541 0.0008774
4542 0.0008774
4543 0.000843654
4544 0.000843654
4545 0.000809908
4546 0.000809908
4547 0.000809908
4548 0.000809908
4549 0.000809908
4550 0.000809908
4551 0.000809908
4552 0.000809908
4553 0.000809908
4554 0.000809908
4555 0.000809908
4556 0.000809908
4557 0.000809908
4558 0.000809908
4559 0.000809908
4560 0.000809908
4561 0.000809908
4562 0.000809908
4563 0.000809908
4564 0.000809908
4565 0.000809908
4566 0.000809908
4567 0.000809908
4568 0.000809908
4569 0.000776162
4570 0.000776162
4571 0.000776162
4572 0.000776162
4573 0.000776162
4574 0.000776162
4575 0.000776162
4576 0.000776162
4577 0.000776162
4578 0.000776162
4579 0.000776162
4580 0.000776162
4581 0.000776162
4582 0.000776162
4583 0.000776162
4584 0.000776162
4585 0.000776162
4586 0.000776162
4587 0.000776162
4588 0.000776162
4589 0.000776162
4590 0.000776162
4591 0.000776162
4592 0.000776162
4593 0.000776162
4594 0.000776162
4595 0.000776162
4596 0.000776162
4597 0.000776162
4598 0.000776162
4599 0.000776162
4600 0.000776162
4601 0.000776162
4602 0.000776162
4603 0.000776162
4604 0.000776162
4605 0.000776162
4606 0.000776162
4607 0.000776162
4608 0.000776162
4609 0.000776162
4610 0.000776162
4611 0.000776162
4612 0.000776162
4613 0.000776162
4614 0.000776162
4615 0.000776162
4616 0.000776162
4617 0.000776162
4618 0.000776162
4619 0.000776162
4620 0.000776162
4621 0.000776162
4622 0.000776162
4623 0.000742416
4624 0.000742416
4625 0.000742416
4626 0.000742416
4627 0.000742416
4628 0.000742416
4629 0.000742416
4630 0.000742416
4631 0.000742416
4632 0.000742416
4633 0.000742416
4634 0.000742416
4635 0.000742416
4636 0.000742416
4637 0.000742416
4638 0.000742416
4639 0.000742416
4640 0.000742416
4641 0.000708669
4642 0.000708669
4643 0.000708669
4644 0.000708669
4645 0.000708669
4646 0.000708669
4647 0.000708669
4648 0.000708669
4649 0.000708669
4650 0.000708669
4651 0.000708669
4652 0.000708669
4653 0.000708669
4654 0.000708669
4655 0.000674923
4656 0.000674923
4657 0.000641177
4658 0.000641177
4659 0.000641177
4660 0.000641177
4661 0.000641177
4662 0.000641177
4663 0.000641177
4664 0.000641177
4665 0.000641177
4666 0.000641177
4667 0.000641177
4668 0.000641177
4669 0.000641177
4670 0.000641177
4671 0.000641177
4672 0.000641177
4673 0.000641177
4674 0.000641177
4675 0.000641177
4676 0.000641177
4677 0.000641177
4678 0.000641177
4679 0.000641177
4680 0.000641177
4681 0.000641177
4682 0.000641177
4683 0.000641177
4684 0.000641177
4685 0.000641177
4686 0.000641177
4687 0.000641177
4688 0.000641177
4689 0.000641177
4690 0.000641177
4691 0.000641177
4692 0.000641177
4693 0.000641177
4694 0.000641177
4695 0.000641177
4696 0.000641177
4697 0.000641177
4698 0.000641177
4699 0.000641177
4700 0.000641177
4701 0.000641177
4702 0.000641177
4703 0.000641177
4704 0.000641177
4705 0.000641177
4706 0.000641177
4707 0.000641177
4708 0.000641177
4709 0.000641177
4710 0.000641177
4711 0.000641177
4712 0.000641177
4713 0.000641177
4714 0.000641177
4715 0.000641177
4716 0.000641177
4717 0.000641177
4718 0.000641177
4719 0.000641177
4720 0.000641177
4721 0.000641177
4722 0.000641177
4723 0.000641177
4724 0.000641177
4725 0.000641177
4726 0.000641177
4727 0.000641177
4728 0.000641177
4729 0.000641177
4730 0.000641177
4731 0.000641177
4732 0.000641177
4733 0.000641177
4734 0.000641177
4735 0.000641177
4736 0.000641177
4737 0.000641177
4738 0.000641177
4739 0.000641177
4740 0.000641177
4741 0.000641177
4742 0.000641177
4743 0.000641177
4744 0.000641177
4745 0.000641177
4746 0.000641177
4747 0.000641177
4748 0.000641177
4749 0.000641177
4750 0.000641177
4751 0.000641177
4752 0.000641177
4753 0.000641177
4754 0.000641177
4755 0.000641177
4756 0.000641177
4757 0.000641177
4758 0.000641177
4759 0.000641177
4760 0.000641177
4761 0.000641177
4762 0.000641177
4763 0.000641177
4764 0.000641177
4765 0.000641177
4766 0.000641177
4767 0.000641177
4768 0.000641177
4769 0.000641177
4770 0.000641177
4771 0.000641177
4772 0.000641177
4773 0.000641177
4774 0.000641177
4775 0.000641177
4776 0.000641177
4777 0.000607431
4778 0.000607431
4779 0.000607431
4780 0.000607431
4781 0.000607431
4782 0.000607431
4783 0.000607431
4784 0.000607431
4785 0.000573685
4786 0.000573685
4787 0.000573685
4788 0.000573685
4789 0.000573685
4790 0.000573685
4791 0.000573685
4792 0.000573685
4793 0.000573685
4794 0.000573685
4795 0.000573685
4796 0.000573685
4797 0.000573685
4798 0.000573685
4799 0.000573685
4800 0.000573685
4801 0.000573685
4802 0.000573685
4803 0.000573685
4804 0.000573685
4805 0.000573685
4806 0.000573685
4807 0.000573685
4808 0.000573685
4809 0.000506192
4810 0.000506192
4811 0.000506192
4812 0.000506192
4813 0.000506192
4814 0.000506192
4815 0.000506192
4816 0.000506192
4817 0.000506192
4818 0.000506192
4819 0.000506192
4820 0.000506192
4821 0.000506192
4822 0.000506192
4823 0.000472446
4824 0.000472446
4825 0.0004387
4826 0.0004387
4827 0.0004387
4828 0.0004387
4829 0.0004387
4830 0.0004387
4831 0.0004387
4832 0.0004387
4833 0.000404954
4834 0.000404954
4835 0.000404954
4836 0.000404954
4837 0.000404954
4838 0.000404954
4839 0.000404954
4840 0.000404954
4841 0.000404954
4842 0.000404954
4843 0.000404954
4844 0.000404954
4845 0.000404954
4846 0.000404954
4847 0.000404954
4848 0.000404954
4849 0.000371208
4850 0.000371208
4851 0.000371208
4852 0.000371208
4853 0.000371208
4854 0.000371208
4855 0.000371208
4856 0.000371208
4857 0.000371208
4858 0.000371208
4859 0.000371208
4860 0.000371208
4861 0.000371208
4862 0.000371208
4863 0.000371208
4864 0.000371208
4865 0.000371208
4866 0.000371208
4867 0.000371208
4868 0.000371208
4869 0.000371208
4870 0.000371208
4871 0.000371208
4872 0.000371208
4873 0.000371208
4874 0.000371208
4875 0.000371208
4876 0.000371208
4877 0.000371208
4878 0.000371208
4879 0.000371208
4880 0.000371208
4881 0.000371208
4882 0.000371208
4883 0.000371208
4884 0.000371208
4885 0.000371208
4886 0.000371208
4887 0.000371208
4888 0.000371208
4889 0.000371208
4890 0.000371208
4891 0.000371208
4892 0.000371208
4893 0.000371208
4894 0.000371208
4895 0.000371208
4896 0.000371208
4897 0.000371208
4898 0.000371208
4899 0.000371208
4900 0.000371208
4901 0.000371208
4902 0.000371208
4903 0.000371208
4904 0.000371208
4905 0.000371208
4906 0.000371208
4907 0.000371208
4908 0.000371208
4909 0.000371208
4910 0.000371208
4911 0.000371208
4912 0.000371208
4913 0.000371208
4914 0.000371208
4915 0.000371208
4916 0.000371208
4917 0.000371208
4918 0.000371208
4919 0.000371208
4920 0.000371208
4921 0.000371208
4922 0.000371208
4923 0.000371208
4924 0.000371208
4925 0.000371208
4926 0.000371208
4927 0.000337462
4928 0.000337462
4929 0.000337462
4930 0.000337462
4931 0.000337462
4932 0.000337462
4933 0.000337462
4934 0.000337462
4935 0.000337462
4936 0.000337462
4937 0.000303715
4938 0.000303715
4939 0.000303715
4940 0.000303715
4941 0.000303715
4942 0.000303715
4943 0.000269969
4944 0.000269969
4945 0.000269969
4946 0.000269969
4947 0.000269969
4948 0.000269969
4949 0.000269969
4950 0.000269969
4951 0.000269969
4952 0.000269969
4953 0.000269969
4954 0.000269969
4955 0.000269969
4956 0.000269969
4957 0.000269969
4958 0.000269969
4959 0.000269969
4960 0.000269969
4961 0.000269969
4962 0.000269969
4963 0.000269969
4964 0.000269969
4965 0.000269969
4966 0.000269969
4967 0.000269969
4968 0.000269969
4969 0.000269969
4970 0.000269969
4971 0.000269969
4972 0.000269969
4973 0.000269969
4974 0.000269969
4975 0.000269969
4976 0.000269969
4977 0.000269969
4978 0.000269969
4979 0.000269969
4980 0.000269969
4981 0.000269969
4982 0.000269969
4983 0.000269969
4984 0.000269969
4985 0.000269969
4986 0.000269969
4987 0.000269969
4988 0.000269969
4989 0.000269969
4990 0.000269969
4991 0.000269969
4992 0.000269969
4993 0.000269969
4994 0.000269969
4995 0.000269969
4996 0.000269969
4997 0.000269969
4998 0.000269969
4999 0.000269969
5000 0.000269969
5001 0.000269969
5002 0.000269969
5003 0.000269969
5004 0.000269969
5005 0.000269969
5006 0.000269969
5007 0.000269969
5008 0.000269969
5009 0.000269969
5010 0.000269969
5011 0.000269969
5012 0.000269969
5013 0.000269969
5014 0.000269969
5015 0.000269969
5016 0.000269969
5017 0.000269969
5018 0.000269969
5019 0.000269969
5020 0.000269969
5021 0.000269969
5022 0.000269969
5023 0.000269969
5024 0.000269969
5025 0.000269969
5026 0.000269969
5027 0.000269969
5028 0.000269969
5029 0.000269969
5030 0.000269969
5031 0.000269969
5032 0.000269969
5033 0.000269969
5034 0.000269969
5035 0.000269969
5036 0.000269969
5037 0.000269969
5038 0.000269969
5039 0.000269969
5040 0.000269969
5041 0.000269969
5042 0.000269969
5043 0.000269969
5044 0.000269969
5045 0.000269969
5046 0.000269969
5047 0.000269969
5048 0.000269969
5049 0.000269969
5050 0.000269969
5051 0.000269969
5052 0.000269969
5053 0.000269969
5054 0.000269969
5055 0.000269969
5056 0.000269969
5057 0.000269969
5058 0.000269969
5059 0.000269969
5060 0.000269969
5061 0.000269969
5062 0.000269969
5063 0.000269969
5064 0.000269969
5065 0.000269969
5066 0.000269969
5067 0.000269969
5068 0.000269969
5069 0.000269969
5070 0.000269969
5071 0.000269969
5072 0.000269969
5073 0.000269969
5074 0.000269969
5075 0.000269969
5076 0.000269969
5077 0.000269969
5078 0.000269969
5079 0.000269969
5080 0.000269969
5081 0.000236223
5082 0.000236223
5083 0.000236223
5084 0.000236223
5085 0.000236223
5086 0.000236223
5087 0.000236223
5088 0.000236223
5089 0.000236223
5090 0.000236223
5091 0.000236223
5092 0.000236223
5093 0.000236223
5094 0.000236223
5095 0.000236223
5096 0.000236223
5097 0.000236223
5098 0.000236223
5099 0.000236223
5100 0.000236223
5101 0.000236223
5102 0.000236223
5103 0.000236223
5104 0.000236223
5105 0.000236223
5106 0.000236223
5107 0.000236223
5108 0.000236223
5109 0.000236223
5110 0.000236223
5111 0.000236223
5112 0.000236223
5113 0.000236223
5114 0.000236223
5115 0.000236223
5116 0.000236223
5117 0.000236223
5118 0.000236223
5119 0.000236223
5120 0.000236223
5121 0.000236223
5122 0.000236223
5123 0.000236223
5124 0.000236223
5125 0.000236223
5126 0.000236223
5127 0.000236223
5128 0.000236223
5129 0.000236223
5130 0.000236223
5131 0.000236223
5132 0.000236223
5133 0.000236223
5134 0.000236223
5135 0.000236223
5136 0.000236223
5137 0.000236223
5138 0.000236223
5139 0.000236223
5140 0.000236223
5141 0.000236223
5142 0.000236223
5143 0.000236223
5144 0.000236223
5145 0.000236223
5146 0.000236223
5147 0.000236223
5148 0.000236223
5149 0.000236223
5150 0.000236223
5151 0.000236223
5152 0.000236223
5153 0.000236223
5154 0.000236223
5155 0.000236223
5156 0.000236223
5157 0.000236223
5158 0.000236223
5159 0.000236223
5160 0.000236223
5161 0.000236223
5162 0.000236223
5163 0.000236223
5164 0.000236223
5165 0.000236223
5166 0.000236223
5167 0.000236223
5168 0.000236223
5169 0.000236223
5170 0.000236223
5171 0.000236223
5172 0.000236223
5173 0.000236223
5174 0.000236223
5175 0.000236223
5176 0.000236223
5177 0.000236223
5178 0.000236223
5179 0.000236223
5180 0.000236223
5181 0.000236223
5182 0.000236223
5183 0.000236223
5184 0.000236223
5185 0.000236223
5186 0.000236223
5187 0.000236223
5188 0.000236223
5189 0.000236223
5190 0.000236223
5191 0.000236223
5192 0.000236223
5193 0.000236223
5194 0.000236223
5195 0.000236223
5196 0.000236223
5197 0.000236223
5198 0.000236223
5199 0.000236223
5200 0.000236223
5201 0.000236223
5202 0.000236223
5203 0.000236223
5204 0.000236223
5205 0.000236223
5206 0.000236223
5207 0.000236223
5208 0.000236223
5209 0.000236223
5210 0.000236223
5211 0.000236223
5212 0.000236223
5213 0.000236223
5214 0.000236223
5215 0.000236223
5216 0.000236223
5217 0.000236223
5218 0.000236223
5219 0.000236223
5220 0.000236223
5221 0.000236223
5222 0.000236223
5223 0.000236223
5224 0.000236223
5225 0.000236223
5226 0.000236223
5227 0.000236223
5228 0.000236223
5229 0.000236223
5230 0.000236223
5231 0.000236223
5232 0.000236223
5233 0.000236223
5234 0.000236223
5235 0.000236223
5236 0.000236223
5237 0.000236223
5238 0.000236223
5239 0.000236223
5240 0.000236223
5241 0.000236223
5242 0.000236223
5243 0.000236223
5244 0.000236223
5245 0.000236223
5246 0.000236223
5247 0.000236223
5248 0.000236223
5249 0.000236223
5250 0.000236223
5251 0.000236223
5252 0.000236223
5253 0.000236223
5254 0.000236223
5255 0.000236223
5256 0.000236223
5257 0.000236223
5258 0.000236223
5259 0.000236223
5260 0.000236223
5261 0.000236223
5262 0.000236223
5263 0.000236223
5264 0.000236223
5265 0.000236223
5266 0.000236223
5267 0.000236223
5268 0.000236223
5269 0.000236223
5270 0.000236223
5271 0.000202477
5272 0.000202477
5273 0.000168731
5274 0.000168731
5275 0.000168731
5276 0.000168731
5277 0.000168731
5278 0.000168731
5279 0.000168731
5280 0.000168731
5281 0.000168731
5282 0.000168731
5283 0.000168731
5284 0.000168731
5285 0.000168731
5286 0.000168731
5287 0.000168731
5288 0.000168731
5289 0.000168731
5290 0.000168731
5291 0.000168731
5292 0.000168731
5293 0.000168731
5294 0.000168731
5295 0.000168731
5296 0.000168731
5297 0.000168731
5298 0.000168731
5299 0.000168731
5300 0.000168731
5301 0.000168731
5302 0.000168731
5303 0.000168731
5304 0.000168731
5305 0.000168731
5306 0.000168731
5307 0.000168731
5308 0.000168731
5309 0.000168731
5310 0.000168731
5311 0.000168731
5312 0.000168731
5313 0.000168731
5314 0.000168731
5315 0.000168731
5316 0.000168731
5317 0.000168731
5318 0.000168731
5319 0.000168731
5320 0.000168731
5321 0.000168731
5322 0.000168731
5323 0.000168731
5324 0.000168731
5325 0.000168731
5326 0.000168731
5327 0.000168731
5328 0.000168731
5329 0.000168731
5330 0.000168731
5331 0.000168731
5332 0.000168731
5333 0.000168731
5334 0.000168731
5335 0.000168731
5336 0.000168731
5337 0.000168731
5338 0.000168731
5339 0.000168731
5340 0.000168731
5341 0.000168731
5342 0.000168731
5343 0.000168731
5344 0.000168731
5345 0.000168731
5346 0.000168731
5347 0.000168731
5348 0.000168731
5349 0.000168731
5350 0.000168731
5351 0.000168731
5352 0.000168731
5353 0.000168731
5354 0.000168731
5355 0.000168731
5356 0.000168731
5357 0.000168731
5358 0.000168731
5359 0.000168731
5360 0.000168731
5361 0.000168731
5362 0.000168731
5363 0.000168731
5364 0.000168731
5365 0.000168731
5366 0.000168731
5367 0.000168731
5368 0.000168731
5369 0.000168731
5370 0.000168731
5371 0.000168731
5372 0.000168731
5373 0.000168731
5374 0.000168731
5375 0.000168731
5376 0.000168731
5377 0.000168731
5378 0.000168731
5379 0.000168731
5380 0.000168731
5381 0.000168731
5382 0.000168731
5383 0.000168731
5384 0.000168731
5385 0.000168731
5386 0.000168731
5387 0.000168731
5388 0.000168731
5389 0.000168731
5390 0.000168731
5391 0.000168731
5392 0.000168731
5393 0.000168731
5394 0.000168731
5395 0.000168731
5396 0.000168731
5397 0.000168731
5398 0.000168731
5399 0.000168731
5400 0.000168731
5401 0.000168731
5402 0.000168731
5403 0.000168731
5404 0.000168731
5405 0.000168731
5406 0.000168731
5407 0.000168731
5408 0.000168731
5409 0.000168731
5410 0.000168731
5411 0.000168731
5412 0.000168731
5413 0.000168731
5414 0.000168731
5415 0.000168731
5416 0.000168731
5417 0.000168731
5418 0.000168731
5419 0.000168731
5420 0.000168731
5421 0.000168731
5422 0.000168731
5423 0.000168731
5424 0.000168731
5425 0.000168731
5426 0.000168731
5427 0.000168731
5428 0.000168731
5429 0.000168731
5430 0.000168731
5431 0.000134985
5432 0.000134985
5433 0.000134985
5434 0.000134985
5435 0.000134985
5436 0.000134985
5437 0.000134985
5438 0.000134985
5439 0.000134985
5440 0.000134985
5441 0.000134985
5442 0.000134985
5443 0.000134985
5444 0.000134985
5445 0.000134985
5446 0.000134985
5447 0.000134985
5448 0.000134985
5449 0.000134985
5450 0.000134985
5451 0.000134985
5452 0.000134985
5453 0.000134985
5454 0.000134985
5455 0.000134985
5456 0.000134985
5457 0.000134985
5458 0.000134985
5459 0.000134985
5460 0.000134985
5461 0.000134985
5462 0.000134985
5463 0.000134985
5464 0.000134985
5465 0.000134985
5466 0.000134985
5467 0.000134985
5468 0.000134985
5469 0.000134985
5470 0.000134985
5471 0.000134985
5472 0.000134985
5473 0.000134985
5474 0.000134985
5475 0.000134985
5476 0.000134985
5477 0.000134985
5478 0.000134985
5479 0.000134985
5480 0.000134985
5481 0.000134985
5482 0.000134985
5483 0.000134985
5484 0.000134985
5485 0.000134985
5486 0.000134985
5487 0.000134985
5488 0.000134985
5489 0.000134985
5490 0.000134985
5491 0.000134985
5492 0.000134985
5493 0.000134985
5494 0.000134985
5495 0.000134985
5496 0.000134985
5497 0.000134985
5498 0.000134985
5499 0.000134985
5500 0.000134985
5501 0.000134985
5502 0.000134985
5503 0.000134985
5504 0.000134985
5505 0.000101238
5506 0.000101238
5507 0.000101238
5508 0.000101238
5509 0.000101238
5510 0.000101238
5511 0.000101238
5512 0.000101238
5513 0.000101238
5514 0.000101238
5515 0.000101238
5516 0.000101238
5517 0.000101238
5518 0.000101238
5519 0.000101238
5520 0.000101238
5521 0.000101238
5522 0.000101238
5523 0.000101238
5524 0.000101238
5525 0.000101238
5526 0.000101238
5527 0.000101238
5528 0.000101238
5529 0.000101238
5530 0.000101238
5531 0.000101238
5532 0.000101238
5533 0.000101238
5534 0.000101238
5535 0.000101238
5536 0.000101238
5537 0.000101238
5538 0.000101238
5539 0.000101238
5540 0.000101238
5541 0.000101238
5542 0.000101238
5543 0.000101238
5544 0.000101238
5545 0.000101238
5546 0.000101238
5547 0.000101238
5548 0.000101238
5549 0.000101238
5550 0.000101238
5551 0.000101238
5552 0.000101238
5553 6.74923e-05
5554 6.74923e-05
5555 6.74923e-05
5556 6.74923e-05
5557 6.74923e-05
5558 6.74923e-05
5559 6.74923e-05
5560 6.74923e-05
5561 6.74923e-05
5562 6.74923e-05
5563 6.74923e-05
5564 6.74923e-05
5565 6.74923e-05
5566 6.74923e-05
5567 6.74923e-05
5568 6.74923e-05
5569 6.74923e-05
5570 6.74923e-05
5571 6.74923e-05
5572 6.74923e-05
5573 6.74923e-05
5574 6.74923e-05
5575 6.74923e-05
5576 6.74923e-05
5577 6.74923e-05
5578 6.74923e-05
5579 6.74923e-05
5580 6.74923e-05
5581 6.74923e-05
5582 6.74923e-05
5583 6.74923e-05
5584 6.74923e-05
5585 6.74923e-05
5586 6.74923e-05
5587 6.74923e-05
5588 6.74923e-05
5589 6.74923e-05
5590 6.74923e-05
5591 6.74923e-05
5592 6.74923e-05
5593 6.74923e-05
5594 6.74923e-05
5595 6.74923e-05
5596 6.74923e-05
5597 6.74923e-05
5598 6.74923e-05
5599 6.74923e-05
5600 6.74923e-05
5601 6.74923e-05
5602 6.74923e-05
5603 6.74923e-05
5604 6.74923e-05
5605 6.74923e-05
5606 6.74923e-05
5607 6.74923e-05
5608 6.74923e-05
5609 6.74923e-05
5610 6.74923e-05
5611 6.74923e-05
5612 6.74923e-05
5613 6.74923e-05
5614 6.74923e-05
5615 6.74923e-05
5616 6.74923e-05
5617 6.74923e-05
5618 6.74923e-05
5619 6.74923e-05
5620 6.74923e-05
5621 6.74923e-05
5622 6.74923e-05
5623 6.74923e-05
5624 6.74923e-05
5625 6.74923e-05
5626 6.74923e-05
5627 6.74923e-05
5628 6.74923e-05
5629 6.74923e-05
5630 6.74923e-05
5631 6.74923e-05
5632 6.74923e-05
5633 6.74923e-05
5634 6.74923e-05
5635 6.74923e-05
5636 6.74923e-05
5637 6.74923e-05
5638 6.74923e-05
5639 6.74923e-05
5640 6.74923e-05
5641 6.74923e-05
5642 6.74923e-05
5643 6.74923e-05
5644 6.74923e-05
5645 6.74923e-05
5646 6.74923e-05
5647 6.74923e-05
5648 6.74923e-05
5649 6.74923e-05
5650 6.74923e-05
5651 6.74923e-05
5652 6.74923e-05
5653 6.74923e-05
5654 6.74923e-05
5655 6.74923e-05
5656 6.74923e-05
5657 6.74923e-05
5658 6.74923e-05
5659 6.74923e-05
5660 6.74923e-05
5661 6.74923e-05
5662 6.74923e-05
5663 6.74923e-05
5664 6.74923e-05
5665 6.74923e-05
5666 6.74923e-05
5667 6.74923e-05
5668 6.74923e-05
5669 6.74923e-05
5670 6.74923e-05
5671 6.74923e-05
5672 6.74923e-05
5673 6.74923e-05
5674 6.74923e-05
5675 6.74923e-05
5676 6.74923e-05
5677 6.74923e-05
5678 6.74923e-05
5679 6.74923e-05
5680 6.74923e-05
5681 6.74923e-05
5682 6.74923e-05
5683 6.74923e-05
5684 6.74923e-05
5685 6.74923e-05
5686 6.74923e-05
5687 6.74923e-05
5688 6.74923e-05
5689 6.74923e-05
5690 6.74923e-05
5691 6.74923e-05
5692 6.74923e-05
5693 6.74923e-05
5694 6.74923e-05
5695 6.74923e-05
5696 6.74923e-05
5697 6.74923e-05
5698 6.74923e-05
5699 6.74923e-05
5700 6.74923e-05
5701 6.74923e-05
5702 6.74923e-05
5703 6.74923e-05
5704 6.74923e-05
5705 6.74923e-05
5706 6.74923e-05
5707 6.74923e-05
5708 6.74923e-05
5709 6.74923e-05
5710 6.74923e-05
5711 6.74923e-05
5712 6.74923e-05
5713 6.74923e-05
5714 6.74923e-05
5715 6.74923e-05
5716 6.74923e-05
5717 6.74923e-05
5718 6.74923e-05
5719 6.74923e-05
5720 6.74923e-05
5721 6.74923e-05
5722 6.74923e-05
5723 6.74923e-05
5724 6.74923e-05
5725 6.74923e-05
5726 6.74923e-05
5727 6.74923e-05
5728 6.74923e-05
5729 6.74923e-05
5730 6.74923e-05
5731 6.74923e-05
5732 6.74923e-05
5733 6.74923e-05
5734 6.74923e-05
5735 6.74923e-05
5736 6.74923e-05
5737 6.74923e-05
5738 6.74923e-05
5739 6.74923e-05
5740 6.74923e-05
5741 6.74923e-05
5742 6.74923e-05
5743 6.74923e-05
5744 6.74923e-05
5745 6.74923e-05
5746 6.74923e-05
5747 6.74923e-05
5748 6.74923e-05
5749 6.74923e-05
5750 6.74923e-05
5751 6.74923e-05
5752 6.74923e-05
5753 6.74923e-05
5754 6.74923e-05
5755 6.74923e-05
5756 6.74923e-05
5757 6.74923e-05
5758 6.74923e-05
5759 6.74923e-05
5760 6.74923e-05
5761 6.74923e-05
5762 6.74923e-05
5763 6.74923e-05
5764 6.74923e-05
5765 6.74923e-05
5766 6.74923e-05
5767 6.74923e-05
5768 6.74923e-05
5769 6.74923e-05
5770 6.74923e-05
5771 6.74923e-05
5772 6.74923e-05
5773 6.74923e-05
5774 6.74923e-05
5775 6.74923e-05
5776 6.74923e-05
5777 6.74923e-05
5778 6.74923e-05
5779 6.74923e-05
5780 6.74923e-05
5781 6.74923e-05
5782 6.74923e-05
5783 6.74923e-05
5784 6.74923e-05
5785 6.74923e-05
5786 6.74923e-05
5787 6.74923e-05
5788 6.74923e-05
5789 6.74923e-05
5790 6.74923e-05
5791 6.74923e-05
5792 6.74923e-05
5793 6.74923e-05
5794 6.74923e-05
5795 6.74923e-05
5796 6.74923e-05
5797 6.74923e-05
5798 6.74923e-05
5799 6.74923e-05
5800 6.74923e-05
5801 6.74923e-05
5802 6.74923e-05
5803 6.74923e-05
5804 6.74923e-05
5805 6.74923e-05
5806 6.74923e-05
5807 6.74923e-05
5808 6.74923e-05
5809 6.74923e-05
5810 6.74923e-05
5811 6.74923e-05
5812 6.74923e-05
5813 6.74923e-05
5814 6.74923e-05
5815 6.74923e-05
5816 6.74923e-05
5817 6.74923e-05
5818 6.74923e-05
5819 6.74923e-05
5820 6.74923e-05
5821 6.74923e-05
5822 6.74923e-05
5823 6.74923e-05
5824 6.74923e-05
5825 6.74923e-05
5826 6.74923e-05
5827 6.74923e-05
5828 6.74923e-05
5829 6.74923e-05
5830 6.74923e-05
5831 6.74923e-05
5832 6.74923e-05
5833 6.74923e-05
5834 6.74923e-05
5835 6.74923e-05
5836 6.74923e-05
5837 6.74923e-05
5838 6.74923e-05
5839 6.74923e-05
5840 6.74923e-05
5841 6.74923e-05
5842 6.74923e-05
5843 6.74923e-05
5844 6.74923e-05
5845 6.74923e-05
5846 6.74923e-05
5847 6.74923e-05
5848 6.74923e-05
5849 3.37462e-05
5850 3.37462e-05
5851 3.37462e-05
5852 3.37462e-05
5853 3.37462e-05
5854 3.37462e-05
5855 3.37462e-05
5856 3.37462e-05
5857 3.37462e-05
5858 3.37462e-05
5859 3.37462e-05
5860 3.37462e-05
5861 3.37462e-05
5862 3.37462e-05
5863 3.37462e-05
5864 3.37462e-05
5865 3.37462e-05
5866 3.37462e-05
5867 3.37462e-05
5868 3.37462e-05
5869 3.37462e-05
5870 3.37462e-05
5871 3.37462e-05
5872 3.37462e-05
5873 3.37462e-05
5874 3.37462e-05
5875 3.37462e-05
5876 3.37462e-05
5877 3.37462e-05
5878 3.37462e-05
5879 3.37462e-05
5880 3.37462e-05
5881 3.37462e-05
5882 3.37462e-05
5883 3.37462e-05
5884 3.37462e-05
5885 3.37462e-05
5886 3.37462e-05
5887 3.37462e-05
5888 3.37462e-05
5889 3.37462e-05
5890 3.37462e-05
5891 3.37462e-05
5892 3.37462e-05
5893 3.37462e-05
5894 3.37462e-05
5895 3.37462e-05
5896 3.37462e-05
5897 3.37462e-05
5898 3.37462e-05
5899 3.37462e-05
5900 3.37462e-05
5901 3.37462e-05
5902 3.37462e-05
5903 3.37462e-05
5904 3.37462e-05
5905 3.37462e-05
5906 3.37462e-05
5907 3.37462e-05
5908 3.37462e-05
5909 3.37462e-05
5910 3.37462e-05
5911 3.37462e-05
5912 3.37462e-05
5913 3.37462e-05
5914 3.37462e-05
5915 3.37462e-05
5916 3.37462e-05
5917 3.37462e-05
5918 3.37462e-05
5919 3.37462e-05
5920 3.37462e-05
5921 3.37462e-05
5922 3.37462e-05
5923 3.37462e-05
5924 3.37462e-05
5925 3.37462e-05
5926 3.37462e-05
5927 3.37462e-05
5928 3.37462e-05
5929 3.37462e-05
5930 3.37462e-05
5931 3.37462e-05
5932 3.37462e-05
5933 3.37462e-05
5934 3.37462e-05
5935 3.37462e-05
5936 3.37462e-05
5937 3.37462e-05
5938 3.37462e-05
5939 3.37462e-05
5940 3.37462e-05
5941 3.37462e-05
5942 3.37462e-05
5943 3.37462e-05
5944 3.37462e-05
5945 3.37462e-05
5946 3.37462e-05
5947 3.37462e-05
5948 3.37462e-05
5949 3.37462e-05
5950 3.37462e-05
5951 3.37462e-05
5952 3.37462e-05
