0 1
1 1
2 1
3 1
4 1
5 1
6 1
7 1
8 1
9 1
10 1
11 1
12 1
13 1
14 1
15 0.999926
16 0.999926
17 0.999926
18 0.999926
19 0.999926
20 0.999926
21 0.999926
22 0.999926
23 0.999926
24 0.999926
25 0.999926
26 0.999926
27 0.999926
28 0.999926
29 0.999926
30 0.999926
31 0.999703
32 0.999703
33 0.999703
34 0.999703
35 0.999703
36 0.999703
37 0.999703
38 0.999703
39 0.999629
40 0.999629
41 0.999629
42 0.999629
43 0.999629
44 0.999629
45 0.999629
46 0.999629
47 0.999555
48 0.999555
49 0.964699
50 0.964699
51 0.964699
52 0.964699
53 0.964699
54 0.964699
55 0.964625
56 0.964625
57 0.926506
58 0.926506
59 0.926506
60 0.926506
61 0.926506
62 0.926506
63 0.926357
64 0.926357
65 0.888238
66 0.888238
67 0.888238
68 0.888238
69 0.888238
70 0.888238
71 0.888015
72 0.888015
73 0.850044
74 0.850044
75 0.850044
76 0.850044
77 0.850044
78 0.850044
79 0.849896
80 0.849896
81 0.810368
82 0.810368
83 0.810368
84 0.810368
85 0.810368
86 0.810368
87 0.810145
88 0.810145
89 0.76995
90 0.76995
91 0.76995
92 0.76995
93 0.76995
94 0.76995
95 0.769727
96 0.769727
97 0.731608
98 0.731608
99 0.731608
100 0.731608
101 0.731608
102 0.731608
103 0.731534
104 0.731534
105 0.693266
106 0.693266
107 0.693266
108 0.693266
109 0.693266
110 0.693266
111 0.693118
112 0.693118
113 0.657668
114 0.657668
115 0.657668
116 0.657668
117 0.657668
118 0.657668
119 0.657372
120 0.657372
121 0.622812
122 0.622812
123 0.622812
124 0.622812
125 0.622812
126 0.622812
127 0.622664
128 0.622664
129 0.587511
130 0.587511
131 0.587511
132 0.587511
133 0.587511
134 0.587511
135 0.587511
136 0.587511
137 0.55881
138 0.55881
139 0.55881
140 0.55881
141 0.55881
142 0.55881
143 0.558736
144 0.558736
145 0.530851
146 0.530851
147 0.530851
148 0.530851
149 0.530851
150 0.530851
151 0.530851
152 0.530851
153 0.503931
154 0.503931
155 0.503931
156 0.503931
157 0.503931
158 0.503931
159 0.503782
160 0.503782
161 0.477603
162 0.477603
163 0.477603
164 0.477603
165 0.477603
166 0.477603
167 0.477603
168 0.477603
169 0.450311
170 0.450311
171 0.450311
172 0.450311
173 0.450311
174 0.450311
175 0.450237
176 0.450237
177 0.42784
178 0.42784
179 0.42784
180 0.42784
181 0.42784
182 0.42784
183 0.427766
184 0.427766
185 0.406408
186 0.406408
187 0.406408
188 0.406408
189 0.406408
190 0.406408
191 0.406259
192 0.406259
193 0.384159
194 0.384159
195 0.384159
196 0.384159
197 0.384159
198 0.384159
199 0.384085
200 0.384085
201 0.365396
202 0.365396
203 0.365396
204 0.365396
205 0.365396
206 0.365396
207 0.365396
208 0.365396
209 0.34819
210 0.34819
211 0.34819
212 0.34819
213 0.34819
214 0.34819
215 0.34819
216 0.34819
217 0.330169
218 0.330169
219 0.330169
220 0.330169
221 0.330169
222 0.330169
223 0.330021
224 0.330021
225 0.312074
226 0.312074
227 0.312074
228 0.312074
229 0.312074
230 0.312074
231 0.312074
232 0.312074
233 0.295758
234 0.295758
235 0.295758
236 0.295758
237 0.295758
238 0.295758
239 0.295758
240 0.295758
241 0.278923
242 0.278923
243 0.278923
244 0.278923
245 0.278923
246 0.278923
247 0.278627
248 0.278627
249 0.2655
250 0.2655
251 0.2655
252 0.2655
253 0.2655
254 0.2655
255 0.265426
256 0.265426
257 0.252299
258 0.252299
259 0.252299
260 0.252299
261 0.252299
262 0.252299
263 0.252077
264 0.252077
265 0.241397
266 0.241397
267 0.241397
268 0.241397
269 0.241397
270 0.241397
271 0.241249
272 0.241249
273 0.230347
274 0.230347
275 0.230347
276 0.230347
277 0.230347
278 0.230347
279 0.230273
280 0.230273
281 0.218333
282 0.218333
283 0.218333
284 0.218333
285 0.218333
286 0.218333
287 0.218185
288 0.218185
289 0.208098
290 0.208098
291 0.208098
292 0.208098
293 0.208098
294 0.208098
295 0.208098
296 0.208098
297 0.198161
298 0.198161
299 0.198161
300 0.198161
301 0.198161
302 0.198161
303 0.198087
304 0.198087
305 0.18941
306 0.18941
307 0.18941
308 0.18941
309 0.18941
310 0.18941
311 0.18941
312 0.18941
313 0.179917
314 0.179917
315 0.179917
316 0.179917
317 0.179917
318 0.179917
319 0.179917
320 0.179917
321 0.171685
322 0.171685
323 0.171685
324 0.171685
325 0.171685
326 0.171685
327 0.171685
328 0.171685
329 0.163675
330 0.163675
331 0.163675
332 0.163675
333 0.163675
334 0.163675
335 0.163601
336 0.163601
337 0.157298
338 0.157298
339 0.157298
340 0.157298
341 0.157298
342 0.157298
343 0.157298
344 0.157298
345 0.150697
346 0.150697
347 0.150697
348 0.150697
349 0.150697
350 0.150697
351 0.150549
352 0.150549
353 0.143133
354 0.143133
355 0.143133
356 0.143133
357 0.143133
358 0.143133
359 0.143133
360 0.143133
361 0.138386
362 0.138386
363 0.138386
364 0.138386
365 0.138386
366 0.138386
367 0.138238
368 0.138238
369 0.131193
370 0.131193
371 0.131193
372 0.131193
373 0.131193
374 0.131193
375 0.131193
376 0.131193
377 0.125111
378 0.125111
379 0.125111
380 0.125111
381 0.125111
382 0.125111
383 0.125037
384 0.125037
385 0.118882
386 0.118882
387 0.118882
388 0.118882
389 0.118882
390 0.118882
391 0.118807
392 0.118807
393 0.113913
394 0.113913
395 0.113913
396 0.113913
397 0.113913
398 0.113913
399 0.113913
400 0.113913
401 0.10976
402 0.10976
403 0.10976
404 0.10976
405 0.10976
406 0.10976
407 0.109611
408 0.109611
409 0.105384
410 0.105384
411 0.105384
412 0.105384
413 0.105384
414 0.105384
415 0.105384
416 0.105384
417 0.100934
418 0.100934
419 0.100934
420 0.100934
421 0.100934
422 0.100934
423 0.10086
424 0.10086
425 0.0957431
426 0.0957431
427 0.0957431
428 0.0957431
429 0.0957431
430 0.0957431
431 0.0957431
432 0.0957431
433 0.09159
434 0.09159
435 0.09159
436 0.09159
437 0.09159
438 0.09159
439 0.09159
440 0.09159
441 0.0878819
442 0.0878819
443 0.0878819
444 0.0878819
445 0.0878819
446 0.0878819
447 0.0878078
448 0.0878078
449 0.0840255
450 0.0840255
451 0.0840255
452 0.0840255
453 0.0840255
454 0.0840255
455 0.0840255
456 0.0840255
457 0.07965
458 0.07965
459 0.07965
460 0.07965
461 0.07965
462 0.07965
463 0.0795758
464 0.0795758
465 0.0758677
466 0.0758677
467 0.0758677
468 0.0758677
469 0.0758677
470 0.0758677
471 0.0758677
472 0.0758677
473 0.0725304
474 0.0725304
475 0.0725304
476 0.0725304
477 0.0725304
478 0.0725304
479 0.0724562
480 0.0724562
481 0.0699347
482 0.0699347
483 0.0699347
484 0.0699347
485 0.0699347
486 0.0699347
487 0.0699347
488 0.0699347
489 0.0671166
490 0.0671166
491 0.0671166
492 0.0671166
493 0.0671166
494 0.0671166
495 0.0671166
496 0.0671166
497 0.0640018
498 0.0640018
499 0.0640018
500 0.0640018
501 0.0640018
502 0.0640018
503 0.0640018
504 0.0640018
505 0.0614803
506 0.0614803
507 0.0614803
508 0.0614803
509 0.0614803
510 0.0614803
511 0.0614803
512 0.0614803
513 0.0582913
514 0.0582913
515 0.0582913
516 0.0582913
517 0.0582913
518 0.0582913
519 0.0582913
520 0.0582913
521 0.0553248
522 0.0553248
523 0.0553248
524 0.0553248
525 0.0553248
526 0.0553248
527 0.0553248
528 0.0553248
529 0.0528775
530 0.0528775
531 0.0528775
532 0.0528775
533 0.0528775
534 0.0528775
535 0.0528775
536 0.0528775
537 0.0500593
538 0.0500593
539 0.0500593
540 0.0500593
541 0.0500593
542 0.0500593
543 0.0500593
544 0.0500593
545 0.0477603
546 0.0477603
547 0.0477603
548 0.0477603
549 0.0477603
550 0.0477603
551 0.0476861
552 0.0476861
553 0.0462771
554 0.0462771
555 0.0462771
556 0.0462771
557 0.0462771
558 0.0462771
559 0.0462029
560 0.0462029
561 0.0444972
562 0.0444972
563 0.0444972
564 0.0444972
565 0.0444972
566 0.0444972
567 0.044423
568 0.044423
569 0.042569
570 0.042569
571 0.042569
572 0.042569
573 0.042569
574 0.042569
575 0.042569
576 0.042569
577 0.0401958
578 0.0401958
579 0.0401958
580 0.0401958
581 0.0401958
582 0.0401958
583 0.0401958
584 0.0401958
585 0.0384901
586 0.0384901
587 0.0384901
588 0.0384901
589 0.0384901
590 0.0384901
591 0.0384901
592 0.0384901
593 0.037081
594 0.037081
595 0.037081
596 0.037081
597 0.037081
598 0.037081
599 0.037081
600 0.037081
601 0.0353753
602 0.0353753
603 0.0353753
604 0.0353753
605 0.0353753
606 0.0353753
607 0.0353753
608 0.0353753
609 0.0344853
610 0.0344853
611 0.0344853
612 0.0344853
613 0.0344853
614 0.0344853
615 0.0344853
616 0.0344853
617 0.0330021
618 0.0330021
619 0.0330021
620 0.0330021
621 0.0330021
622 0.0330021
623 0.0330021
624 0.0330021
625 0.0318896
626 0.0318896
627 0.0318896
628 0.0318896
629 0.0318896
630 0.0318896
631 0.0318155
632 0.0318155
633 0.0308514
634 0.0308514
635 0.0308514
636 0.0308514
637 0.0308514
638 0.0308514
639 0.0307772
640 0.0307772
641 0.028849
642 0.028849
643 0.028849
644 0.028849
645 0.028849
646 0.028849
647 0.028849
648 0.028849
649 0.0275141
650 0.0275141
651 0.0275141
652 0.0275141
653 0.0275141
654 0.0275141
655 0.0275141
656 0.0275141
657 0.0262533
658 0.0262533
659 0.0262533
660 0.0262533
661 0.0262533
662 0.0262533
663 0.0262533
664 0.0262533
665 0.0252892
666 0.0252892
667 0.0252892
668 0.0252892
669 0.0252892
670 0.0252892
671 0.0252892
672 0.0252892
673 0.0241026
674 0.0241026
675 0.0241026
676 0.0241026
677 0.0241026
678 0.0241026
679 0.0241026
680 0.0241026
681 0.0226936
682 0.0226936
683 0.0226936
684 0.0226936
685 0.0226936
686 0.0226936
687 0.0226936
688 0.0226936
689 0.0218778
690 0.0218778
691 0.0218778
692 0.0218778
693 0.0218778
694 0.0218778
695 0.0218778
696 0.0218778
697 0.021062
698 0.021062
699 0.021062
700 0.021062
701 0.021062
702 0.021062
703 0.021062
704 0.021062
705 0.0202462
706 0.0202462
707 0.0202462
708 0.0202462
709 0.0202462
710 0.0202462
711 0.0202462
712 0.0202462
713 0.0194304
714 0.0194304
715 0.0194304
716 0.0194304
717 0.0194304
718 0.0194304
719 0.0194304
720 0.0194304
721 0.0186888
722 0.0186888
723 0.0186888
724 0.0186888
725 0.0186888
726 0.0186888
727 0.0186888
728 0.0186888
729 0.0179472
730 0.0179472
731 0.0179472
732 0.0179472
733 0.0179472
734 0.0179472
735 0.0179472
736 0.0179472
737 0.0175764
738 0.0175764
739 0.0175764
740 0.0175764
741 0.0175764
742 0.0175764
743 0.0175764
744 0.0175764
745 0.0169089
746 0.0169089
747 0.0169089
748 0.0169089
749 0.0169089
750 0.0169089
751 0.0169089
752 0.0169089
753 0.0163156
754 0.0163156
755 0.0163156
756 0.0163156
757 0.0163156
758 0.0163156
759 0.0163156
760 0.0163156
761 0.0157223
762 0.0157223
763 0.0157223
764 0.0157223
765 0.0157223
766 0.0157223
767 0.0157223
768 0.0157223
769 0.0153515
770 0.0153515
771 0.0153515
772 0.0153515
773 0.0153515
774 0.0153515
775 0.0153515
776 0.0153515
777 0.0149066
778 0.0149066
779 0.0149066
780 0.0149066
781 0.0149066
782 0.0149066
783 0.0149066
784 0.0149066
785 0.0140166
786 0.0140166
787 0.0140166
788 0.0140166
789 0.0140166
790 0.0140166
791 0.0140166
792 0.0140166
793 0.0136458
794 0.0136458
795 0.0136458
796 0.0136458
797 0.0136458
798 0.0136458
799 0.0135716
800 0.0135716
801 0.0129783
802 0.0129783
803 0.0129783
804 0.0129783
805 0.0129783
806 0.0129783
807 0.0129783
808 0.0129783
809 0.0123109
810 0.0123109
811 0.0123109
812 0.0123109
813 0.0123109
814 0.0123109
815 0.0123109
816 0.0123109
817 0.0117176
818 0.0117176
819 0.0117176
820 0.0117176
821 0.0117176
822 0.0117176
823 0.0117176
824 0.0117176
825 0.0116434
826 0.0116434
827 0.0116434
828 0.0116434
829 0.0116434
830 0.0116434
831 0.0116434
832 0.0116434
833 0.0113468
834 0.0113468
835 0.0113468
836 0.0113468
837 0.0113468
838 0.0113468
839 0.0113468
840 0.0113468
841 0.010976
842 0.010976
843 0.010976
844 0.010976
845 0.010976
846 0.010976
847 0.010976
848 0.010976
849 0.0106793
850 0.0106793
851 0.0106793
852 0.0106793
853 0.0106793
854 0.0106793
855 0.0106793
856 0.0106793
857 0.0102344
858 0.0102344
859 0.0102344
860 0.0102344
861 0.0102344
862 0.0102344
863 0.0101602
864 0.0101602
865 0.00949273
866 0.00949273
867 0.00949273
868 0.00949273
869 0.00949273
870 0.00949273
871 0.00949273
872 0.00949273
873 0.00919608
874 0.00919608
875 0.00919608
876 0.00919608
877 0.00919608
878 0.00919608
879 0.00919608
880 0.00919608
881 0.00889944
882 0.00889944
883 0.00889944
884 0.00889944
885 0.00889944
886 0.00889944
887 0.00889944
888 0.00889944
889 0.00860279
890 0.00860279
891 0.00860279
892 0.00860279
893 0.00860279
894 0.00860279
895 0.00860279
896 0.00860279
897 0.00852863
898 0.00852863
899 0.00852863
900 0.00852863
901 0.00852863
902 0.00852863
903 0.00852863
904 0.00852863
905 0.00823198
906 0.00823198
907 0.00823198
908 0.00823198
909 0.00823198
910 0.00823198
911 0.00823198
912 0.00823198
913 0.00786117
914 0.00786117
915 0.00786117
916 0.00786117
917 0.00786117
918 0.00786117
919 0.00786117
920 0.00786117
921 0.00771284
922 0.00771284
923 0.00771284
924 0.00771284
925 0.00771284
926 0.00771284
927 0.00771284
928 0.00771284
929 0.00726787
930 0.00726787
931 0.00726787
932 0.00726787
933 0.00726787
934 0.00726787
935 0.00726787
936 0.00726787
937 0.00697123
938 0.00697123
939 0.00697123
940 0.00697123
941 0.00697123
942 0.00697123
943 0.00697123
944 0.00697123
945 0.0068229
946 0.0068229
947 0.0068229
948 0.0068229
949 0.0068229
950 0.0068229
951 0.0068229
952 0.0068229
953 0.00674874
954 0.00674874
955 0.00674874
956 0.00674874
957 0.00674874
958 0.00674874
959 0.00674874
960 0.00674874
961 0.00660042
962 0.00660042
963 0.00660042
964 0.00660042
965 0.00660042
966 0.00660042
967 0.00660042
968 0.00660042
969 0.00637793
970 0.00637793
971 0.00637793
972 0.00637793
973 0.00637793
974 0.00637793
975 0.00637793
976 0.00637793
977 0.00630377
978 0.00630377
979 0.00630377
980 0.00630377
981 0.00630377
982 0.00630377
983 0.00630377
984 0.00630377
985 0.00608128
986 0.00608128
987 0.00608128
988 0.00608128
989 0.00608128
990 0.00608128
991 0.00608128
992 0.00608128
993 0.00608128
994 0.00608128
995 0.00608128
996 0.00608128
997 0.00608128
998 0.00608128
999 0.00608128
1000 0.00608128
1001 0.00593296
1002 0.00593296
1003 0.00593296
1004 0.00593296
1005 0.00593296
1006 0.00593296
1007 0.00593296
1008 0.00593296
1009 0.00556215
1010 0.00556215
1011 0.00556215
1012 0.00556215
1013 0.00556215
1014 0.00556215
1015 0.00556215
1016 0.00556215
1017 0.0052655
1018 0.0052655
1019 0.0052655
1020 0.0052655
1021 0.0052655
1022 0.0052655
1023 0.0052655
1024 0.0052655
1025 0.00511718
1026 0.00511718
1027 0.00511718
1028 0.00511718
1029 0.00511718
1030 0.00511718
1031 0.00511718
1032 0.00511718
1033 0.00496885
1034 0.00496885
1035 0.00496885
1036 0.00496885
1037 0.00496885
1038 0.00496885
1039 0.00496885
1040 0.00496885
1041 0.00489469
1042 0.00489469
1043 0.00489469
1044 0.00489469
1045 0.00489469
1046 0.00489469
1047 0.00489469
1048 0.00489469
1049 0.00482053
1050 0.00482053
1051 0.00482053
1052 0.00482053
1053 0.00482053
1054 0.00482053
1055 0.00482053
1056 0.00482053
1057 0.00459804
1058 0.00459804
1059 0.00459804
1060 0.00459804
1061 0.00459804
1062 0.00459804
1063 0.00459804
1064 0.00459804
1065 0.00459804
1066 0.00459804
1067 0.00459804
1068 0.00459804
1069 0.00459804
1070 0.00459804
1071 0.00459804
1072 0.00459804
1073 0.00430139
1074 0.00430139
1075 0.00430139
1076 0.00430139
1077 0.00430139
1078 0.00430139
1079 0.00430139
1080 0.00430139
1081 0.00415307
1082 0.00415307
1083 0.00415307
1084 0.00415307
1085 0.00415307
1086 0.00415307
1087 0.00415307
1088 0.00415307
1089 0.00415307
1090 0.00415307
1091 0.00415307
1092 0.00415307
1093 0.00415307
1094 0.00415307
1095 0.00415307
1096 0.00415307
1097 0.00393058
1098 0.00393058
1099 0.00393058
1100 0.00393058
1101 0.00393058
1102 0.00393058
1103 0.00393058
1104 0.00393058
1105 0.00385642
1106 0.00385642
1107 0.00385642
1108 0.00385642
1109 0.00385642
1110 0.00385642
1111 0.00385642
1112 0.00385642
1113 0.00378226
1114 0.00378226
1115 0.00378226
1116 0.00378226
1117 0.00378226
1118 0.00378226
1119 0.00378226
1120 0.00378226
1121 0.00363394
1122 0.00363394
1123 0.00363394
1124 0.00363394
1125 0.00363394
1126 0.00363394
1127 0.00363394
1128 0.00363394
1129 0.00355977
1130 0.00355977
1131 0.00355977
1132 0.00355977
1133 0.00355977
1134 0.00355977
1135 0.00355977
1136 0.00355977
1137 0.00341145
1138 0.00341145
1139 0.00341145
1140 0.00341145
1141 0.00341145
1142 0.00341145
1143 0.00341145
1144 0.00341145
1145 0.00341145
1146 0.00341145
1147 0.00341145
1148 0.00341145
1149 0.00341145
1150 0.00341145
1151 0.00341145
1152 0.00341145
1153 0.00341145
1154 0.00341145
1155 0.00341145
1156 0.00341145
1157 0.00341145
1158 0.00341145
1159 0.00341145
1160 0.00341145
1161 0.00341145
1162 0.00341145
1163 0.00341145
1164 0.00341145
1165 0.00341145
1166 0.00341145
1167 0.00341145
1168 0.00341145
1169 0.00326313
1170 0.00326313
1171 0.00326313
1172 0.00326313
1173 0.00326313
1174 0.00326313
1175 0.00326313
1176 0.00326313
1177 0.0031148
1178 0.0031148
1179 0.0031148
1180 0.0031148
1181 0.0031148
1182 0.0031148
1183 0.0031148
1184 0.0031148
1185 0.00274399
1186 0.00274399
1187 0.00274399
1188 0.00274399
1189 0.00274399
1190 0.00274399
1191 0.00274399
1192 0.00274399
1193 0.00266983
1194 0.00266983
1195 0.00266983
1196 0.00266983
1197 0.00266983
1198 0.00266983
1199 0.00266983
1200 0.00266983
1201 0.00266983
1202 0.00266983
1203 0.00266983
1204 0.00266983
1205 0.00266983
1206 0.00266983
1207 0.00266983
1208 0.00266983
1209 0.00266983
1210 0.00266983
1211 0.00266983
1212 0.00266983
1213 0.00266983
1214 0.00266983
1215 0.00266983
1216 0.00266983
1217 0.00266983
1218 0.00266983
1219 0.00266983
1220 0.00266983
1221 0.00266983
1222 0.00266983
1223 0.00266983
1224 0.00266983
1225 0.00252151
1226 0.00252151
1227 0.00252151
1228 0.00252151
1229 0.00252151
1230 0.00252151
1231 0.00252151
1232 0.00252151
1233 0.00244735
1234 0.00244735
1235 0.00244735
1236 0.00244735
1237 0.00244735
1238 0.00244735
1239 0.00244735
1240 0.00244735
1241 0.00244735
1242 0.00244735
1243 0.00244735
1244 0.00244735
1245 0.00244735
1246 0.00244735
1247 0.00244735
1248 0.00244735
1249 0.00229902
1250 0.00229902
1251 0.00229902
1252 0.00229902
1253 0.00229902
1254 0.00229902
1255 0.00229902
1256 0.00229902
1257 0.00222486
1258 0.00222486
1259 0.00222486
1260 0.00222486
1261 0.00222486
1262 0.00222486
1263 0.00222486
1264 0.00222486
1265 0.0021507
1266 0.0021507
1267 0.0021507
1268 0.0021507
1269 0.0021507
1270 0.0021507
1271 0.0021507
1272 0.0021507
1273 0.0021507
1274 0.0021507
1275 0.0021507
1276 0.0021507
1277 0.0021507
1278 0.0021507
1279 0.0021507
1280 0.0021507
1281 0.0021507
1282 0.0021507
1283 0.0021507
1284 0.0021507
1285 0.0021507
1286 0.0021507
1287 0.0021507
1288 0.0021507
1289 0.00200237
1290 0.00200237
1291 0.00200237
1292 0.00200237
1293 0.00200237
1294 0.00200237
1295 0.00200237
1296 0.00200237
1297 0.00192821
1298 0.00192821
1299 0.00192821
1300 0.00192821
1301 0.00192821
1302 0.00192821
1303 0.00192821
1304 0.00192821
1305 0.00192821
1306 0.00192821
1307 0.00192821
1308 0.00192821
1309 0.00192821
1310 0.00192821
1311 0.00192821
1312 0.00192821
1313 0.00192821
1314 0.00192821
1315 0.00192821
1316 0.00192821
1317 0.00192821
1318 0.00192821
1319 0.00192821
1320 0.00192821
1321 0.00185405
1322 0.00185405
1323 0.00185405
1324 0.00185405
1325 0.00185405
1326 0.00185405
1327 0.00185405
1328 0.00185405
1329 0.00185405
1330 0.00185405
1331 0.00185405
1332 0.00185405
1333 0.00185405
1334 0.00185405
1335 0.00185405
1336 0.00185405
1337 0.00185405
1338 0.00185405
1339 0.00185405
1340 0.00185405
1341 0.00185405
1342 0.00185405
1343 0.00185405
1344 0.00185405
1345 0.00170573
1346 0.00170573
1347 0.00170573
1348 0.00170573
1349 0.00170573
1350 0.00170573
1351 0.00170573
1352 0.00170573
1353 0.00170573
1354 0.00170573
1355 0.00170573
1356 0.00170573
1357 0.00170573
1358 0.00170573
1359 0.00170573
1360 0.00170573
1361 0.00170573
1362 0.00170573
1363 0.00170573
1364 0.00170573
1365 0.00170573
1366 0.00170573
1367 0.00170573
1368 0.00170573
1369 0.00140908
1370 0.00140908
1371 0.00140908
1372 0.00140908
1373 0.00140908
1374 0.00140908
1375 0.00140908
1376 0.00140908
1377 0.00140908
1378 0.00140908
1379 0.00140908
1380 0.00140908
1381 0.00140908
1382 0.00140908
1383 0.00140908
1384 0.00140908
1385 0.00140908
1386 0.00140908
1387 0.00140908
1388 0.00140908
1389 0.00140908
1390 0.00140908
1391 0.00140908
1392 0.00140908
1393 0.00140908
1394 0.00140908
1395 0.00140908
1396 0.00140908
1397 0.00140908
1398 0.00140908
1399 0.00140908
1400 0.00140908
1401 0.00140908
1402 0.00140908
1403 0.00140908
1404 0.00140908
1405 0.00140908
1406 0.00140908
1407 0.00140908
1408 0.00140908
1409 0.00140908
1410 0.00140908
1411 0.00140908
1412 0.00140908
1413 0.00140908
1414 0.00140908
1415 0.00140908
1416 0.00140908
1417 0.00133492
1418 0.00133492
1419 0.00133492
1420 0.00133492
1421 0.00133492
1422 0.00133492
1423 0.00133492
1424 0.00133492
1425 0.00111243
1426 0.00111243
1427 0.00111243
1428 0.00111243
1429 0.00111243
1430 0.00111243
1431 0.00111243
1432 0.00111243
1433 0.00111243
1434 0.00111243
1435 0.00111243
1436 0.00111243
1437 0.00111243
1438 0.00111243
1439 0.00111243
1440 0.00111243
1441 0.000964106
1442 0.000964106
1443 0.000964106
1444 0.000964106
1445 0.000964106
1446 0.000964106
1447 0.000964106
1448 0.000964106
1449 0.000964106
1450 0.000964106
1451 0.000964106
1452 0.000964106
1453 0.000964106
1454 0.000964106
1455 0.000964106
1456 0.000964106
1457 0.000815782
1458 0.000815782
1459 0.000815782
1460 0.000815782
1461 0.000815782
1462 0.000815782
1463 0.000815782
1464 0.000815782
1465 0.000815782
1466 0.000815782
1467 0.000815782
1468 0.000815782
1469 0.000815782
1470 0.000815782
1471 0.000815782
1472 0.000815782
1473 0.00074162
1474 0.00074162
1475 0.00074162
1476 0.00074162
1477 0.00074162
1478 0.00074162
1479 0.00074162
1480 0.00074162
1481 0.00074162
1482 0.00074162
1483 0.00074162
1484 0.00074162
1485 0.00074162
1486 0.00074162
1487 0.00074162
1488 0.00074162
1489 0.000667458
1490 0.000667458
1491 0.000667458
1492 0.000667458
1493 0.000667458
1494 0.000667458
1495 0.000667458
1496 0.000667458
1497 0.000667458
1498 0.000667458
1499 0.000667458
1500 0.000667458
1501 0.000667458
1502 0.000667458
1503 0.000667458
1504 0.000667458
1505 0.000667458
1506 0.000667458
1507 0.000667458
1508 0.000667458
1509 0.000667458
1510 0.000667458
1511 0.000667458
1512 0.000667458
1513 0.000519134
1514 0.000519134
1515 0.000519134
1516 0.000519134
1517 0.000519134
1518 0.000519134
1519 0.000519134
1520 0.000519134
1521 0.000519134
1522 0.000519134
1523 0.000519134
1524 0.000519134
1525 0.000519134
1526 0.000519134
1527 0.000519134
1528 0.000519134
1529 0.000519134
1530 0.000519134
1531 0.000519134
1532 0.000519134
1533 0.000519134
1534 0.000519134
1535 0.000519134
1536 0.000519134
1537 0.000519134
1538 0.000519134
1539 0.000519134
1540 0.000519134
1541 0.000519134
1542 0.000519134
1543 0.000519134
1544 0.000519134
1545 0.000519134
1546 0.000519134
1547 0.000519134
1548 0.000519134
1549 0.000519134
1550 0.000519134
1551 0.000519134
1552 0.000519134
1553 0.000519134
1554 0.000519134
1555 0.000519134
1556 0.000519134
1557 0.000519134
1558 0.000519134
1559 0.000519134
1560 0.000519134
1561 0.000444972
1562 0.000444972
1563 0.000444972
1564 0.000444972
1565 0.000444972
1566 0.000444972
1567 0.000444972
1568 0.000444972
1569 0.000444972
1570 0.000444972
1571 0.000444972
1572 0.000444972
1573 0.000444972
1574 0.000444972
1575 0.000444972
1576 0.000444972
1577 0.000444972
1578 0.000444972
1579 0.000444972
1580 0.000444972
1581 0.000444972
1582 0.000444972
1583 0.000444972
1584 0.000444972
1585 0.000444972
1586 0.000444972
1587 0.000444972
1588 0.000444972
1589 0.000444972
1590 0.000444972
1591 0.000444972
1592 0.000444972
1593 0.00037081
1594 0.00037081
1595 0.00037081
1596 0.00037081
1597 0.00037081
1598 0.00037081
1599 0.00037081
1600 0.00037081
1601 0.00037081
1602 0.00037081
1603 0.00037081
1604 0.00037081
1605 0.00037081
1606 0.00037081
1607 0.00037081
1608 0.00037081
1609 0.00037081
1610 0.00037081
1611 0.00037081
1612 0.00037081
1613 0.00037081
1614 0.00037081
1615 0.00037081
1616 0.00037081
1617 0.00037081
1618 0.00037081
1619 0.00037081
1620 0.00037081
1621 0.00037081
1622 0.00037081
1623 0.00037081
1624 0.00037081
1625 0.00037081
1626 0.00037081
1627 0.00037081
1628 0.00037081
1629 0.00037081
1630 0.00037081
1631 0.00037081
1632 0.00037081
1633 0.00037081
1634 0.00037081
1635 0.00037081
1636 0.00037081
1637 0.00037081
1638 0.00037081
1639 0.00037081
1640 0.00037081
1641 0.00037081
1642 0.00037081
1643 0.00037081
1644 0.00037081
1645 0.00037081
1646 0.00037081
1647 0.00037081
1648 0.00037081
1649 0.00037081
1650 0.00037081
1651 0.00037081
1652 0.00037081
1653 0.00037081
1654 0.00037081
1655 0.00037081
1656 0.00037081
1657 0.000296648
1658 0.000296648
1659 0.000296648
1660 0.000296648
1661 0.000296648
1662 0.000296648
1663 0.000296648
1664 0.000296648
1665 0.000296648
1666 0.000296648
1667 0.000296648
1668 0.000296648
1669 0.000296648
1670 0.000296648
1671 0.000296648
1672 0.000296648
1673 0.000296648
1674 0.000296648
1675 0.000296648
1676 0.000296648
1677 0.000296648
1678 0.000296648
1679 0.000296648
1680 0.000296648
1681 0.000296648
1682 0.000296648
1683 0.000296648
1684 0.000296648
1685 0.000296648
1686 0.000296648
1687 0.000296648
1688 0.000296648
1689 0.000296648
1690 0.000296648
1691 0.000296648
1692 0.000296648
1693 0.000296648
1694 0.000296648
1695 0.000296648
1696 0.000296648
1697 0.000296648
1698 0.000296648
1699 0.000296648
1700 0.000296648
1701 0.000296648
1702 0.000296648
1703 0.000296648
1704 0.000296648
1705 0.000222486
1706 0.000222486
1707 0.000222486
1708 0.000222486
1709 0.000222486
1710 0.000222486
1711 0.000222486
1712 0.000222486
1713 0.000222486
1714 0.000222486
1715 0.000222486
1716 0.000222486
1717 0.000222486
1718 0.000222486
1719 0.000222486
1720 0.000222486
1721 0.000222486
1722 0.000222486
1723 0.000222486
1724 0.000222486
1725 0.000222486
1726 0.000222486
1727 0.000222486
1728 0.000222486
1729 0.000222486
1730 0.000222486
1731 0.000222486
1732 0.000222486
1733 0.000222486
1734 0.000222486
1735 0.000222486
1736 0.000222486
1737 0.000148324
1738 0.000148324
1739 0.000148324
1740 0.000148324
1741 0.000148324
1742 0.000148324
1743 0.000148324
1744 0.000148324
1745 0.000148324
1746 0.000148324
1747 0.000148324
1748 0.000148324
1749 0.000148324
1750 0.000148324
1751 0.000148324
1752 0.000148324
1753 0.000148324
1754 0.000148324
1755 0.000148324
1756 0.000148324
1757 0.000148324
1758 0.000148324
1759 0.000148324
1760 0.000148324
1761 0.000148324
1762 0.000148324
1763 0.000148324
1764 0.000148324
1765 0.000148324
1766 0.000148324
1767 0.000148324
1768 0.000148324
1769 0.000148324
1770 0.000148324
1771 0.000148324
1772 0.000148324
1773 0.000148324
1774 0.000148324
1775 0.000148324
1776 0.000148324
1777 0.000148324
1778 0.000148324
1779 0.000148324
1780 0.000148324
1781 0.000148324
1782 0.000148324
1783 0.000148324
1784 0.000148324
1785 0.000148324
1786 0.000148324
1787 0.000148324
1788 0.000148324
1789 0.000148324
1790 0.000148324
1791 0.000148324
1792 0.000148324
1793 0.000148324
1794 0.000148324
1795 0.000148324
1796 0.000148324
1797 0.000148324
1798 0.000148324
1799 0.000148324
1800 0.000148324
1801 0.000148324
1802 0.000148324
1803 0.000148324
1804 0.000148324
1805 0.000148324
1806 0.000148324
1807 0.000148324
1808 0.000148324
1809 0.000148324
1810 0.000148324
1811 0.000148324
1812 0.000148324
1813 0.000148324
1814 0.000148324
1815 0.000148324
1816 0.000148324
1817 0.000148324
1818 0.000148324
1819 0.000148324
1820 0.000148324
1821 0.000148324
1822 0.000148324
1823 0.000148324
1824 0.000148324
1825 0.000148324
1826 0.000148324
1827 0.000148324
1828 0.000148324
1829 0.000148324
1830 0.000148324
1831 0.000148324
1832 0.000148324
1833 0.000148324
1834 0.000148324
1835 0.000148324
1836 0.000148324
1837 0.000148324
1838 0.000148324
1839 0.000148324
1840 0.000148324
1841 0.000148324
1842 0.000148324
1843 0.000148324
1844 0.000148324
1845 0.000148324
1846 0.000148324
1847 0.000148324
1848 0.000148324
1849 0.000148324
1850 0.000148324
1851 0.000148324
1852 0.000148324
1853 0.000148324
1854 0.000148324
1855 0.000148324
1856 0.000148324
1857 0.000148324
1858 0.000148324
1859 0.000148324
1860 0.000148324
1861 0.000148324
1862 0.000148324
1863 0.000148324
1864 0.000148324
1865 0.000148324
1866 0.000148324
1867 0.000148324
1868 0.000148324
1869 0.000148324
1870 0.000148324
1871 0.000148324
1872 0.000148324
1873 0.000148324
1874 0.000148324
1875 0.000148324
1876 0.000148324
1877 0.000148324
1878 0.000148324
1879 0.000148324
1880 0.000148324
1881 0.000148324
1882 0.000148324
1883 0.000148324
1884 0.000148324
1885 0.000148324
1886 0.000148324
1887 0.000148324
1888 0.000148324
1889 0.000148324
1890 0.000148324
1891 0.000148324
1892 0.000148324
1893 0.000148324
1894 0.000148324
1895 0.000148324
1896 0.000148324
1897 0.000148324
1898 0.000148324
1899 0.000148324
1900 0.000148324
1901 0.000148324
1902 0.000148324
1903 0.000148324
1904 0.000148324
1905 0.000148324
1906 0.000148324
1907 0.000148324
1908 0.000148324
1909 0.000148324
1910 0.000148324
1911 0.000148324
1912 0.000148324
1913 0.000148324
1914 0.000148324
1915 0.000148324
1916 0.000148324
1917 0.000148324
1918 0.000148324
1919 0.000148324
1920 0.000148324
1921 0.000148324
1922 0.000148324
1923 0.000148324
1924 0.000148324
1925 0.000148324
1926 0.000148324
1927 0.000148324
1928 0.000148324
1929 0.000148324
1930 0.000148324
1931 0.000148324
1932 0.000148324
1933 0.000148324
1934 0.000148324
1935 0.000148324
1936 0.000148324
1937 0.000148324
1938 0.000148324
1939 0.000148324
1940 0.000148324
1941 0.000148324
1942 0.000148324
1943 0.000148324
1944 0.000148324
1945 7.4162e-05
1946 7.4162e-05
1947 7.4162e-05
1948 7.4162e-05
1949 7.4162e-05
1950 7.4162e-05
1951 7.4162e-05
1952 7.4162e-05
1953 7.4162e-05
1954 7.4162e-05
1955 7.4162e-05
1956 7.4162e-05
1957 7.4162e-05
1958 7.4162e-05
1959 7.4162e-05
1960 7.4162e-05
1961 7.4162e-05
1962 7.4162e-05
1963 7.4162e-05
1964 7.4162e-05
1965 7.4162e-05
1966 7.4162e-05
1967 7.4162e-05
1968 7.4162e-05
1969 7.4162e-05
1970 7.4162e-05
1971 7.4162e-05
1972 7.4162e-05
1973 7.4162e-05
1974 7.4162e-05
1975 7.4162e-05
1976 7.4162e-05
1977 7.4162e-05
1978 7.4162e-05
1979 7.4162e-05
1980 7.4162e-05
1981 7.4162e-05
1982 7.4162e-05
1983 7.4162e-05
1984 7.4162e-05
1985 7.4162e-05
1986 7.4162e-05
1987 7.4162e-05
1988 7.4162e-05
1989 7.4162e-05
1990 7.4162e-05
1991 7.4162e-05
1992 7.4162e-05
