0 1
1 1
2 1
3 1
4 1
5 1
6 1
7 1
8 1
9 1
10 1
11 1
12 1
13 1
14 1
15 0.999864
16 0.999864
17 0.999864
18 0.999864
19 0.999864
20 0.999864
21 0.999864
22 0.999864
23 0.999728
24 0.999728
25 0.999728
26 0.999728
27 0.999728
28 0.999728
29 0.999728
30 0.999728
31 0.999321
32 0.999321
33 0.999321
34 0.999321
35 0.999321
36 0.999321
37 0.999321
38 0.999321
39 0.999185
40 0.999185
41 0.999185
42 0.999185
43 0.999185
44 0.999185
45 0.999185
46 0.999185
47 0.998981
48 0.998981
49 0.950974
50 0.950974
51 0.950974
52 0.950974
53 0.950974
54 0.950974
55 0.950703
56 0.950703
57 0.899844
58 0.899844
59 0.899844
60 0.899844
61 0.899844
62 0.899844
63 0.899504
64 0.899504
65 0.851905
66 0.851905
67 0.851905
68 0.851905
69 0.851905
70 0.851905
71 0.851565
72 0.851565
73 0.80383
74 0.80383
75 0.80383
76 0.80383
77 0.80383
78 0.80383
79 0.803762
80 0.803762
81 0.756909
82 0.756909
83 0.756909
84 0.756909
85 0.756909
86 0.756909
87 0.756773
88 0.756773
89 0.706729
90 0.706729
91 0.706729
92 0.706729
93 0.706729
94 0.706729
95 0.706593
96 0.706593
97 0.663747
98 0.663747
99 0.663747
100 0.663747
101 0.663747
102 0.663747
103 0.663679
104 0.663679
105 0.624024
106 0.624024
107 0.624024
108 0.624024
109 0.624024
110 0.624024
111 0.623888
112 0.623888
113 0.589665
114 0.589665
115 0.589665
116 0.589665
117 0.589665
118 0.589665
119 0.589462
120 0.589462
121 0.554288
122 0.554288
123 0.554288
124 0.554288
125 0.554288
126 0.554288
127 0.553949
128 0.553949
129 0.522374
130 0.522374
131 0.522374
132 0.522374
133 0.522374
134 0.522374
135 0.522306
136 0.522306
137 0.49141
138 0.49141
139 0.49141
140 0.49141
141 0.49141
142 0.49141
143 0.491342
144 0.491342
145 0.462416
146 0.462416
147 0.462416
148 0.462416
149 0.462416
150 0.462416
151 0.46228
152 0.46228
153 0.435187
154 0.435187
155 0.435187
156 0.435187
157 0.435187
158 0.435187
159 0.435119
160 0.435119
161 0.41115
162 0.41115
163 0.41115
164 0.41115
165 0.41115
166 0.41115
167 0.410878
168 0.410878
169 0.38589
170 0.38589
171 0.38589
172 0.38589
173 0.38589
174 0.38589
175 0.385754
176 0.385754
177 0.362939
178 0.362939
179 0.362939
180 0.362939
181 0.362939
182 0.362939
183 0.362871
184 0.362871
185 0.343111
186 0.343111
187 0.343111
188 0.343111
189 0.343111
190 0.343111
191 0.34284
192 0.34284
193 0.323691
194 0.323691
195 0.323691
196 0.323691
197 0.323691
198 0.323691
199 0.323555
200 0.323555
201 0.305358
202 0.305358
203 0.305358
204 0.305358
205 0.305358
206 0.305358
207 0.30529
208 0.30529
209 0.290215
210 0.290215
211 0.290215
212 0.290215
213 0.290215
214 0.290215
215 0.290147
216 0.290147
217 0.275548
218 0.275548
219 0.275548
220 0.275548
221 0.275548
222 0.275548
223 0.275548
224 0.275548
225 0.260881
226 0.260881
227 0.260881
228 0.260881
229 0.260881
230 0.260881
231 0.260813
232 0.260813
233 0.24669
234 0.24669
235 0.24669
236 0.24669
237 0.24669
238 0.24669
239 0.246622
240 0.246622
241 0.233041
242 0.233041
243 0.233041
244 0.233041
245 0.233041
246 0.233041
247 0.232973
248 0.232973
249 0.22177
250 0.22177
251 0.22177
252 0.22177
253 0.22177
254 0.22177
255 0.221634
256 0.221634
257 0.210498
258 0.210498
259 0.210498
260 0.210498
261 0.210498
262 0.210498
263 0.210498
264 0.210498
265 0.200109
266 0.200109
267 0.200109
268 0.200109
269 0.200109
270 0.200109
271 0.200109
272 0.200109
273 0.189041
274 0.189041
275 0.189041
276 0.189041
277 0.189041
278 0.189041
279 0.188973
280 0.188973
281 0.179534
282 0.179534
283 0.179534
284 0.179534
285 0.179534
286 0.179534
287 0.179534
288 0.179534
289 0.170571
290 0.170571
291 0.170571
292 0.170571
293 0.170571
294 0.170571
295 0.170571
296 0.170571
297 0.16283
298 0.16283
299 0.16283
300 0.16283
301 0.16283
302 0.16283
303 0.162626
304 0.162626
305 0.155429
306 0.155429
307 0.155429
308 0.155429
309 0.155429
310 0.155429
311 0.155361
312 0.155361
313 0.147348
314 0.147348
315 0.147348
316 0.147348
317 0.147348
318 0.147348
319 0.14728
320 0.14728
321 0.141237
322 0.141237
323 0.141237
324 0.141237
325 0.141237
326 0.141237
327 0.141169
328 0.141169
329 0.135194
330 0.135194
331 0.135194
332 0.135194
333 0.135194
334 0.135194
335 0.135194
336 0.135194
337 0.129015
338 0.129015
339 0.129015
340 0.129015
341 0.129015
342 0.129015
343 0.129015
344 0.129015
345 0.124669
346 0.124669
347 0.124669
348 0.124669
349 0.124669
350 0.124669
351 0.124669
352 0.124669
353 0.119373
354 0.119373
355 0.119373
356 0.119373
357 0.119373
358 0.119373
359 0.119305
360 0.119305
361 0.114619
362 0.114619
363 0.114619
364 0.114619
365 0.114619
366 0.114619
367 0.114619
368 0.114619
369 0.109866
370 0.109866
371 0.109866
372 0.109866
373 0.109866
374 0.109866
375 0.109866
376 0.109866
377 0.105385
378 0.105385
379 0.105385
380 0.105385
381 0.105385
382 0.105385
383 0.105385
384 0.105385
385 0.101378
386 0.101378
387 0.101378
388 0.101378
389 0.101378
390 0.101378
391 0.101378
392 0.101378
393 0.0965573
394 0.0965573
395 0.0965573
396 0.0965573
397 0.0965573
398 0.0965573
399 0.0964894
400 0.0964894
401 0.0922795
402 0.0922795
403 0.0922795
404 0.0922795
405 0.0922795
406 0.0922795
407 0.0921437
408 0.0921437
409 0.0880016
410 0.0880016
411 0.0880016
412 0.0880016
413 0.0880016
414 0.0880016
415 0.0880016
416 0.0880016
417 0.0844028
418 0.0844028
419 0.0844028
420 0.0844028
421 0.0844028
422 0.0844028
423 0.0843349
424 0.0843349
425 0.0802607
426 0.0802607
427 0.0802607
428 0.0802607
429 0.0802607
430 0.0802607
431 0.0801928
432 0.0801928
433 0.0764582
434 0.0764582
435 0.0764582
436 0.0764582
437 0.0764582
438 0.0764582
439 0.0764582
440 0.0764582
441 0.0731989
442 0.0731989
443 0.0731989
444 0.0731989
445 0.0731989
446 0.0731989
447 0.073131
448 0.073131
449 0.0698038
450 0.0698038
451 0.0698038
452 0.0698038
453 0.0698038
454 0.0698038
455 0.0698038
456 0.0698038
457 0.0673593
458 0.0673593
459 0.0673593
460 0.0673593
461 0.0673593
462 0.0673593
463 0.0673593
464 0.0673593
465 0.0647111
466 0.0647111
467 0.0647111
468 0.0647111
469 0.0647111
470 0.0647111
471 0.0647111
472 0.0647111
473 0.0622666
474 0.0622666
475 0.0622666
476 0.0622666
477 0.0622666
478 0.0622666
479 0.0622666
480 0.0622666
481 0.05989
482 0.05989
483 0.05989
484 0.05989
485 0.05989
486 0.05989
487 0.05989
488 0.05989
489 0.0580566
490 0.0580566
491 0.0580566
492 0.0580566
493 0.0580566
494 0.0580566
495 0.0580566
496 0.0580566
497 0.0562233
498 0.0562233
499 0.0562233
500 0.0562233
501 0.0562233
502 0.0562233
503 0.0561554
504 0.0561554
505 0.0541862
506 0.0541862
507 0.0541862
508 0.0541862
509 0.0541862
510 0.0541862
511 0.0541862
512 0.0541862
513 0.0520133
514 0.0520133
515 0.0520133
516 0.0520133
517 0.0520133
518 0.0520133
519 0.0519454
520 0.0519454
521 0.0501799
522 0.0501799
523 0.0501799
524 0.0501799
525 0.0501799
526 0.0501799
527 0.0501799
528 0.0501799
529 0.0479392
530 0.0479392
531 0.0479392
532 0.0479392
533 0.0479392
534 0.0479392
535 0.0479392
536 0.0479392
537 0.0461058
538 0.0461058
539 0.0461058
540 0.0461058
541 0.0461058
542 0.0461058
543 0.0461058
544 0.0461058
545 0.0447477
546 0.0447477
547 0.0447477
548 0.0447477
549 0.0447477
550 0.0447477
551 0.0447477
552 0.0447477
553 0.0428465
554 0.0428465
555 0.0428465
556 0.0428465
557 0.0428465
558 0.0428465
559 0.0428465
560 0.0428465
561 0.0416242
562 0.0416242
563 0.0416242
564 0.0416242
565 0.0416242
566 0.0416242
567 0.0416242
568 0.0416242
569 0.0401304
570 0.0401304
571 0.0401304
572 0.0401304
573 0.0401304
574 0.0401304
575 0.0401304
576 0.0401304
577 0.0384328
578 0.0384328
579 0.0384328
580 0.0384328
581 0.0384328
582 0.0384328
583 0.0384328
584 0.0384328
585 0.0375501
586 0.0375501
587 0.0375501
588 0.0375501
589 0.0375501
590 0.0375501
591 0.0375501
592 0.0375501
593 0.0365315
594 0.0365315
595 0.0365315
596 0.0365315
597 0.0365315
598 0.0365315
599 0.0365315
600 0.0365315
601 0.0351735
602 0.0351735
603 0.0351735
604 0.0351735
605 0.0351735
606 0.0351735
607 0.0351735
608 0.0351735
609 0.0344945
610 0.0344945
611 0.0344945
612 0.0344945
613 0.0344945
614 0.0344945
615 0.0344945
616 0.0344945
617 0.0331364
618 0.0331364
619 0.0331364
620 0.0331364
621 0.0331364
622 0.0331364
623 0.0331364
624 0.0331364
625 0.0324574
626 0.0324574
627 0.0324574
628 0.0324574
629 0.0324574
630 0.0324574
631 0.0324574
632 0.0324574
633 0.0316426
634 0.0316426
635 0.0316426
636 0.0316426
637 0.0316426
638 0.0316426
639 0.0316426
640 0.0316426
641 0.0311672
642 0.0311672
643 0.0311672
644 0.0311672
645 0.0311672
646 0.0311672
647 0.0311672
648 0.0311672
649 0.029945
650 0.029945
651 0.029945
652 0.029945
653 0.029945
654 0.029945
655 0.0298771
656 0.0298771
657 0.0284511
658 0.0284511
659 0.0284511
660 0.0284511
661 0.0284511
662 0.0284511
663 0.0283832
664 0.0283832
665 0.0274326
666 0.0274326
667 0.0274326
668 0.0274326
669 0.0274326
670 0.0274326
671 0.0274326
672 0.0274326
673 0.0264141
674 0.0264141
675 0.0264141
676 0.0264141
677 0.0264141
678 0.0264141
679 0.0264141
680 0.0264141
681 0.0251239
682 0.0251239
683 0.0251239
684 0.0251239
685 0.0251239
686 0.0251239
687 0.0251239
688 0.0251239
689 0.0243091
690 0.0243091
691 0.0243091
692 0.0243091
693 0.0243091
694 0.0243091
695 0.0243091
696 0.0243091
697 0.0232906
698 0.0232906
699 0.0232906
700 0.0232906
701 0.0232906
702 0.0232906
703 0.0232906
704 0.0232906
705 0.0224757
706 0.0224757
707 0.0224757
708 0.0224757
709 0.0224757
710 0.0224757
711 0.0224757
712 0.0224757
713 0.0219325
714 0.0219325
715 0.0219325
716 0.0219325
717 0.0219325
718 0.0219325
719 0.0219325
720 0.0219325
721 0.0212535
722 0.0212535
723 0.0212535
724 0.0212535
725 0.0212535
726 0.0212535
727 0.0212535
728 0.0212535
729 0.0207782
730 0.0207782
731 0.0207782
732 0.0207782
733 0.0207782
734 0.0207782
735 0.0207782
736 0.0207782
737 0.0200991
738 0.0200991
739 0.0200991
740 0.0200991
741 0.0200991
742 0.0200991
743 0.0200312
744 0.0200312
745 0.0192843
746 0.0192843
747 0.0192843
748 0.0192843
749 0.0192843
750 0.0192843
751 0.0192843
752 0.0192843
753 0.018809
754 0.018809
755 0.018809
756 0.018809
757 0.018809
758 0.018809
759 0.018809
760 0.018809
761 0.0183337
762 0.0183337
763 0.0183337
764 0.0183337
765 0.0183337
766 0.0183337
767 0.0183337
768 0.0183337
769 0.017383
770 0.017383
771 0.017383
772 0.017383
773 0.017383
774 0.017383
775 0.017383
776 0.017383
777 0.0171793
778 0.0171793
779 0.0171793
780 0.0171793
781 0.0171793
782 0.0171793
783 0.0171793
784 0.0171793
785 0.0163645
786 0.0163645
787 0.0163645
788 0.0163645
789 0.0163645
790 0.0163645
791 0.0163645
792 0.0163645
793 0.0156855
794 0.0156855
795 0.0156855
796 0.0156855
797 0.0156855
798 0.0156855
799 0.0156176
800 0.0156176
801 0.0149385
802 0.0149385
803 0.0149385
804 0.0149385
805 0.0149385
806 0.0149385
807 0.0149385
808 0.0149385
809 0.0142595
810 0.0142595
811 0.0142595
812 0.0142595
813 0.0142595
814 0.0142595
815 0.0142595
816 0.0142595
817 0.01392
818 0.01392
819 0.01392
820 0.01392
821 0.01392
822 0.01392
823 0.01392
824 0.01392
825 0.0133768
826 0.0133768
827 0.0133768
828 0.0133768
829 0.0133768
830 0.0133768
831 0.0133768
832 0.0133768
833 0.0129015
834 0.0129015
835 0.0129015
836 0.0129015
837 0.0129015
838 0.0129015
839 0.0129015
840 0.0129015
841 0.0122904
842 0.0122904
843 0.0122904
844 0.0122904
845 0.0122904
846 0.0122904
847 0.0122904
848 0.0122904
849 0.0121545
850 0.0121545
851 0.0121545
852 0.0121545
853 0.0121545
854 0.0121545
855 0.0121545
856 0.0121545
857 0.0118829
858 0.0118829
859 0.0118829
860 0.0118829
861 0.0118829
862 0.0118829
863 0.0118829
864 0.0118829
865 0.0115434
866 0.0115434
867 0.0115434
868 0.0115434
869 0.0115434
870 0.0115434
871 0.0115434
872 0.0115434
873 0.0114076
874 0.0114076
875 0.0114076
876 0.0114076
877 0.0114076
878 0.0114076
879 0.0114076
880 0.0114076
881 0.011136
882 0.011136
883 0.011136
884 0.011136
885 0.011136
886 0.011136
887 0.011136
888 0.011136
889 0.010457
890 0.010457
891 0.010457
892 0.010457
893 0.010457
894 0.010457
895 0.010457
896 0.010457
897 0.0101175
898 0.0101175
899 0.0101175
900 0.0101175
901 0.0101175
902 0.0101175
903 0.0101175
904 0.0101175
905 0.00957425
906 0.00957425
907 0.00957425
908 0.00957425
909 0.00957425
910 0.00957425
911 0.00957425
912 0.00957425
913 0.00923474
914 0.00923474
915 0.00923474
916 0.00923474
917 0.00923474
918 0.00923474
919 0.00923474
920 0.00923474
921 0.00882732
922 0.00882732
923 0.00882732
924 0.00882732
925 0.00882732
926 0.00882732
927 0.00875942
928 0.00875942
929 0.00855571
930 0.00855571
931 0.00855571
932 0.00855571
933 0.00855571
934 0.00855571
935 0.00855571
936 0.00855571
937 0.0082162
938 0.0082162
939 0.0082162
940 0.0082162
941 0.0082162
942 0.0082162
943 0.0082162
944 0.0082162
945 0.00787669
946 0.00787669
947 0.00787669
948 0.00787669
949 0.00787669
950 0.00787669
951 0.00787669
952 0.00787669
953 0.00746927
954 0.00746927
955 0.00746927
956 0.00746927
957 0.00746927
958 0.00746927
959 0.00746927
960 0.00746927
961 0.00699396
962 0.00699396
963 0.00699396
964 0.00699396
965 0.00699396
966 0.00699396
967 0.00699396
968 0.00699396
969 0.00679025
970 0.00679025
971 0.00679025
972 0.00679025
973 0.00679025
974 0.00679025
975 0.00679025
976 0.00679025
977 0.00665444
978 0.00665444
979 0.00665444
980 0.00665444
981 0.00665444
982 0.00665444
983 0.00665444
984 0.00665444
985 0.00624703
986 0.00624703
987 0.00624703
988 0.00624703
989 0.00624703
990 0.00624703
991 0.00624703
992 0.00624703
993 0.00604332
994 0.00604332
995 0.00604332
996 0.00604332
997 0.00604332
998 0.00604332
999 0.00604332
1000 0.00604332
1001 0.00577171
1002 0.00577171
1003 0.00577171
1004 0.00577171
1005 0.00577171
1006 0.00577171
1007 0.00577171
1008 0.00577171
1009 0.005568
1010 0.005568
1011 0.005568
1012 0.005568
1013 0.005568
1014 0.005568
1015 0.005568
1016 0.005568
1017 0.0054322
1018 0.0054322
1019 0.0054322
1020 0.0054322
1021 0.0054322
1022 0.0054322
1023 0.0054322
1024 0.0054322
1025 0.00529639
1026 0.00529639
1027 0.00529639
1028 0.00529639
1029 0.00529639
1030 0.00529639
1031 0.00529639
1032 0.00529639
1033 0.00502478
1034 0.00502478
1035 0.00502478
1036 0.00502478
1037 0.00502478
1038 0.00502478
1039 0.00502478
1040 0.00502478
1041 0.00475317
1042 0.00475317
1043 0.00475317
1044 0.00475317
1045 0.00475317
1046 0.00475317
1047 0.00475317
1048 0.00475317
1049 0.00468527
1050 0.00468527
1051 0.00468527
1052 0.00468527
1053 0.00468527
1054 0.00468527
1055 0.00468527
1056 0.00468527
1057 0.00448156
1058 0.00448156
1059 0.00448156
1060 0.00448156
1061 0.00448156
1062 0.00448156
1063 0.00448156
1064 0.00448156
1065 0.00420995
1066 0.00420995
1067 0.00420995
1068 0.00420995
1069 0.00420995
1070 0.00420995
1071 0.00420995
1072 0.00420995
1073 0.00414205
1074 0.00414205
1075 0.00414205
1076 0.00414205
1077 0.00414205
1078 0.00414205
1079 0.00414205
1080 0.00414205
1081 0.00400625
1082 0.00400625
1083 0.00400625
1084 0.00400625
1085 0.00400625
1086 0.00400625
1087 0.00400625
1088 0.00400625
1089 0.00400625
1090 0.00400625
1091 0.00400625
1092 0.00400625
1093 0.00400625
1094 0.00400625
1095 0.00400625
1096 0.00400625
1097 0.00400625
1098 0.00400625
1099 0.00400625
1100 0.00400625
1101 0.00400625
1102 0.00400625
1103 0.00400625
1104 0.00400625
1105 0.00400625
1106 0.00400625
1107 0.00400625
1108 0.00400625
1109 0.00400625
1110 0.00400625
1111 0.00400625
1112 0.00400625
1113 0.00400625
1114 0.00400625
1115 0.00400625
1116 0.00400625
1117 0.00400625
1118 0.00400625
1119 0.00400625
1120 0.00400625
1121 0.00393834
1122 0.00393834
1123 0.00393834
1124 0.00393834
1125 0.00393834
1126 0.00393834
1127 0.00393834
1128 0.00393834
1129 0.00393834
1130 0.00393834
1131 0.00393834
1132 0.00393834
1133 0.00393834
1134 0.00393834
1135 0.00387044
1136 0.00387044
1137 0.00380254
1138 0.00380254
1139 0.00380254
1140 0.00380254
1141 0.00380254
1142 0.00380254
1143 0.00380254
1144 0.00380254
1145 0.00373464
1146 0.00373464
1147 0.00373464
1148 0.00373464
1149 0.00373464
1150 0.00373464
1151 0.00373464
1152 0.00373464
1153 0.00353093
1154 0.00353093
1155 0.00353093
1156 0.00353093
1157 0.00353093
1158 0.00353093
1159 0.00353093
1160 0.00353093
1161 0.00339512
1162 0.00339512
1163 0.00339512
1164 0.00339512
1165 0.00339512
1166 0.00339512
1167 0.00339512
1168 0.00339512
1169 0.00325932
1170 0.00325932
1171 0.00325932
1172 0.00325932
1173 0.00325932
1174 0.00325932
1175 0.00325932
1176 0.00325932
1177 0.00312351
1178 0.00312351
1179 0.00312351
1180 0.00312351
1181 0.00312351
1182 0.00312351
1183 0.00312351
1184 0.00312351
1185 0.00312351
1186 0.00312351
1187 0.00312351
1188 0.00312351
1189 0.00312351
1190 0.00312351
1191 0.00312351
1192 0.00312351
1193 0.00298771
1194 0.00298771
1195 0.00298771
1196 0.00298771
1197 0.00298771
1198 0.00298771
1199 0.00298771
1200 0.00298771
1201 0.00298771
1202 0.00298771
1203 0.00298771
1204 0.00298771
1205 0.00298771
1206 0.00298771
1207 0.00298771
1208 0.00298771
1209 0.0028519
1210 0.0028519
1211 0.0028519
1212 0.0028519
1213 0.0028519
1214 0.0028519
1215 0.0028519
1216 0.0028519
1217 0.002784
1218 0.002784
1219 0.002784
1220 0.002784
1221 0.002784
1222 0.002784
1223 0.002784
1224 0.002784
1225 0.002784
1226 0.002784
1227 0.002784
1228 0.002784
1229 0.002784
1230 0.002784
1231 0.002784
1232 0.002784
1233 0.0026482
1234 0.0026482
1235 0.0026482
1236 0.0026482
1237 0.0026482
1238 0.0026482
1239 0.0026482
1240 0.0026482
1241 0.00251239
1242 0.00251239
1243 0.00251239
1244 0.00251239
1245 0.00251239
1246 0.00251239
1247 0.00251239
1248 0.00251239
1249 0.00251239
1250 0.00251239
1251 0.00251239
1252 0.00251239
1253 0.00251239
1254 0.00251239
1255 0.00251239
1256 0.00251239
1257 0.00230868
1258 0.00230868
1259 0.00230868
1260 0.00230868
1261 0.00230868
1262 0.00230868
1263 0.00230868
1264 0.00230868
1265 0.00230868
1266 0.00230868
1267 0.00230868
1268 0.00230868
1269 0.00230868
1270 0.00230868
1271 0.00230868
1272 0.00230868
1273 0.00230868
1274 0.00230868
1275 0.00230868
1276 0.00230868
1277 0.00230868
1278 0.00230868
1279 0.00230868
1280 0.00230868
1281 0.00217288
1282 0.00217288
1283 0.00217288
1284 0.00217288
1285 0.00217288
1286 0.00217288
1287 0.00217288
1288 0.00217288
1289 0.00203707
1290 0.00203707
1291 0.00203707
1292 0.00203707
1293 0.00203707
1294 0.00203707
1295 0.00203707
1296 0.00203707
1297 0.00190127
1298 0.00190127
1299 0.00190127
1300 0.00190127
1301 0.00190127
1302 0.00190127
1303 0.00190127
1304 0.00190127
1305 0.00183337
1306 0.00183337
1307 0.00183337
1308 0.00183337
1309 0.00183337
1310 0.00183337
1311 0.00183337
1312 0.00183337
1313 0.00183337
1314 0.00183337
1315 0.00183337
1316 0.00183337
1317 0.00183337
1318 0.00183337
1319 0.00183337
1320 0.00183337
1321 0.00162966
1322 0.00162966
1323 0.00162966
1324 0.00162966
1325 0.00162966
1326 0.00162966
1327 0.00162966
1328 0.00162966
1329 0.00162966
1330 0.00162966
1331 0.00162966
1332 0.00162966
1333 0.00162966
1334 0.00162966
1335 0.00162966
1336 0.00162966
1337 0.00156176
1338 0.00156176
1339 0.00156176
1340 0.00156176
1341 0.00156176
1342 0.00156176
1343 0.00156176
1344 0.00156176
1345 0.00142595
1346 0.00142595
1347 0.00142595
1348 0.00142595
1349 0.00142595
1350 0.00142595
1351 0.00142595
1352 0.00142595
1353 0.00135805
1354 0.00135805
1355 0.00135805
1356 0.00135805
1357 0.00135805
1358 0.00135805
1359 0.00135805
1360 0.00135805
1361 0.00129015
1362 0.00129015
1363 0.00129015
1364 0.00129015
1365 0.00129015
1366 0.00129015
1367 0.00129015
1368 0.00129015
1369 0.00122224
1370 0.00122224
1371 0.00122224
1372 0.00122224
1373 0.00122224
1374 0.00122224
1375 0.00122224
1376 0.00122224
1377 0.00122224
1378 0.00122224
1379 0.00122224
1380 0.00122224
1381 0.00122224
1382 0.00122224
1383 0.00122224
1384 0.00122224
1385 0.00122224
1386 0.00122224
1387 0.00122224
1388 0.00122224
1389 0.00122224
1390 0.00122224
1391 0.00122224
1392 0.00122224
1393 0.00115434
1394 0.00115434
1395 0.00115434
1396 0.00115434
1397 0.00115434
1398 0.00115434
1399 0.00115434
1400 0.00115434
1401 0.00108644
1402 0.00108644
1403 0.00108644
1404 0.00108644
1405 0.00108644
1406 0.00108644
1407 0.00101854
1408 0.00101854
1409 0.00101854
1410 0.00101854
1411 0.00101854
1412 0.00101854
1413 0.00101854
1414 0.00101854
1415 0.00101854
1416 0.00101854
1417 0.00101854
1418 0.00101854
1419 0.00101854
1420 0.00101854
1421 0.00101854
1422 0.00101854
1423 0.00101854
1424 0.00101854
1425 0.00101854
1426 0.00101854
1427 0.00101854
1428 0.00101854
1429 0.00101854
1430 0.00101854
1431 0.00101854
1432 0.00101854
1433 0.000950635
1434 0.000950635
1435 0.000950635
1436 0.000950635
1437 0.000950635
1438 0.000950635
1439 0.000950635
1440 0.000950635
1441 0.000882732
1442 0.000882732
1443 0.000882732
1444 0.000882732
1445 0.000882732
1446 0.000882732
1447 0.000882732
1448 0.000882732
1449 0.000882732
1450 0.000882732
1451 0.000882732
1452 0.000882732
1453 0.000882732
1454 0.000882732
1455 0.000882732
1456 0.000882732
1457 0.000882732
1458 0.000882732
1459 0.000882732
1460 0.000882732
1461 0.000882732
1462 0.000882732
1463 0.000882732
1464 0.000882732
1465 0.00081483
1466 0.00081483
1467 0.00081483
1468 0.00081483
1469 0.00081483
1470 0.00081483
1471 0.00081483
1472 0.00081483
1473 0.00081483
1474 0.00081483
1475 0.00081483
1476 0.00081483
1477 0.00081483
1478 0.00081483
1479 0.00081483
1480 0.00081483
1481 0.00081483
1482 0.00081483
1483 0.00081483
1484 0.00081483
1485 0.00081483
1486 0.00081483
1487 0.00081483
1488 0.00081483
1489 0.00081483
1490 0.00081483
1491 0.00081483
1492 0.00081483
1493 0.00081483
1494 0.00081483
1495 0.00081483
1496 0.00081483
1497 0.00081483
1498 0.00081483
1499 0.00081483
1500 0.00081483
1501 0.00081483
1502 0.00081483
1503 0.00081483
1504 0.00081483
1505 0.00081483
1506 0.00081483
1507 0.00081483
1508 0.00081483
1509 0.00081483
1510 0.00081483
1511 0.00081483
1512 0.00081483
1513 0.00081483
1514 0.00081483
1515 0.00081483
1516 0.00081483
1517 0.00081483
1518 0.00081483
1519 0.00081483
1520 0.00081483
1521 0.00081483
1522 0.00081483
1523 0.00081483
1524 0.00081483
1525 0.00081483
1526 0.00081483
1527 0.00081483
1528 0.00081483
1529 0.000746927
1530 0.000746927
1531 0.000746927
1532 0.000746927
1533 0.000746927
1534 0.000746927
1535 0.000746927
1536 0.000746927
1537 0.000746927
1538 0.000746927
1539 0.000746927
1540 0.000746927
1541 0.000746927
1542 0.000746927
1543 0.000746927
1544 0.000746927
1545 0.000746927
1546 0.000746927
1547 0.000746927
1548 0.000746927
1549 0.000746927
1550 0.000746927
1551 0.000746927
1552 0.000746927
1553 0.000746927
1554 0.000746927
1555 0.000746927
1556 0.000746927
1557 0.000746927
1558 0.000746927
1559 0.000746927
1560 0.000746927
1561 0.000746927
1562 0.000746927
1563 0.000746927
1564 0.000746927
1565 0.000746927
1566 0.000746927
1567 0.000746927
1568 0.000746927
1569 0.000746927
1570 0.000746927
1571 0.000746927
1572 0.000746927
1573 0.000746927
1574 0.000746927
1575 0.000746927
1576 0.000746927
1577 0.000746927
1578 0.000746927
1579 0.000746927
1580 0.000746927
1581 0.000746927
1582 0.000746927
1583 0.000746927
1584 0.000746927
1585 0.000746927
1586 0.000746927
1587 0.000746927
1588 0.000746927
1589 0.000746927
1590 0.000746927
1591 0.000746927
1592 0.000746927
1593 0.000746927
1594 0.000746927
1595 0.000746927
1596 0.000746927
1597 0.000746927
1598 0.000746927
1599 0.000746927
1600 0.000746927
1601 0.000746927
1602 0.000746927
1603 0.000746927
1604 0.000746927
1605 0.000746927
1606 0.000746927
1607 0.000746927
1608 0.000746927
1609 0.000746927
1610 0.000746927
1611 0.000746927
1612 0.000746927
1613 0.000746927
1614 0.000746927
1615 0.000746927
1616 0.000746927
1617 0.000746927
1618 0.000746927
1619 0.000746927
1620 0.000746927
1621 0.000746927
1622 0.000746927
1623 0.000746927
1624 0.000746927
1625 0.000746927
1626 0.000746927
1627 0.000746927
1628 0.000746927
1629 0.000746927
1630 0.000746927
1631 0.000746927
1632 0.000746927
1633 0.000746927
1634 0.000746927
1635 0.000746927
1636 0.000746927
1637 0.000746927
1638 0.000746927
1639 0.000746927
1640 0.000746927
1641 0.000679025
1642 0.000679025
1643 0.000679025
1644 0.000679025
1645 0.000679025
1646 0.000679025
1647 0.000679025
1648 0.000679025
1649 0.000611122
1650 0.000611122
1651 0.000611122
1652 0.000611122
1653 0.000611122
1654 0.000611122
1655 0.000611122
1656 0.000611122
1657 0.00054322
1658 0.00054322
1659 0.00054322
1660 0.00054322
1661 0.00054322
1662 0.00054322
1663 0.00054322
1664 0.00054322
1665 0.00054322
1666 0.00054322
1667 0.00054322
1668 0.00054322
1669 0.00054322
1670 0.00054322
1671 0.00054322
1672 0.00054322
1673 0.00054322
1674 0.00054322
1675 0.00054322
1676 0.00054322
1677 0.00054322
1678 0.00054322
1679 0.00054322
1680 0.00054322
1681 0.000475317
1682 0.000475317
1683 0.000475317
1684 0.000475317
1685 0.000475317
1686 0.000475317
1687 0.000475317
1688 0.000475317
1689 0.000475317
1690 0.000475317
1691 0.000475317
1692 0.000475317
1693 0.000475317
1694 0.000475317
1695 0.000475317
1696 0.000475317
1697 0.000475317
1698 0.000475317
1699 0.000475317
1700 0.000475317
1701 0.000475317
1702 0.000475317
1703 0.000475317
1704 0.000475317
1705 0.000475317
1706 0.000475317
1707 0.000475317
1708 0.000475317
1709 0.000475317
1710 0.000475317
1711 0.000475317
1712 0.000475317
1713 0.000407415
1714 0.000407415
1715 0.000407415
1716 0.000407415
1717 0.000407415
1718 0.000407415
1719 0.000407415
1720 0.000407415
1721 0.000407415
1722 0.000407415
1723 0.000407415
1724 0.000407415
1725 0.000407415
1726 0.000407415
1727 0.000407415
1728 0.000407415
1729 0.000407415
1730 0.000407415
1731 0.000407415
1732 0.000407415
1733 0.000407415
1734 0.000407415
1735 0.000407415
1736 0.000407415
1737 0.000407415
1738 0.000407415
1739 0.000407415
1740 0.000407415
1741 0.000407415
1742 0.000407415
1743 0.000407415
1744 0.000407415
1745 0.000407415
1746 0.000407415
1747 0.000407415
1748 0.000407415
1749 0.000407415
1750 0.000407415
1751 0.000407415
1752 0.000407415
1753 0.000407415
1754 0.000407415
1755 0.000407415
1756 0.000407415
1757 0.000407415
1758 0.000407415
1759 0.000407415
1760 0.000407415
1761 0.000407415
1762 0.000407415
1763 0.000407415
1764 0.000407415
1765 0.000407415
1766 0.000407415
1767 0.000407415
1768 0.000407415
1769 0.000407415
1770 0.000407415
1771 0.000407415
1772 0.000407415
1773 0.000407415
1774 0.000407415
1775 0.000407415
1776 0.000407415
1777 0.000339512
1778 0.000339512
1779 0.000339512
1780 0.000339512
1781 0.000339512
1782 0.000339512
1783 0.000339512
1784 0.000339512
1785 0.00027161
1786 0.00027161
1787 0.00027161
1788 0.00027161
1789 0.00027161
1790 0.00027161
1791 0.00027161
1792 0.00027161
1793 0.00027161
1794 0.00027161
1795 0.00027161
1796 0.00027161
1797 0.00027161
1798 0.00027161
1799 0.00027161
1800 0.00027161
1801 0.00027161
1802 0.00027161
1803 0.00027161
1804 0.00027161
1805 0.00027161
1806 0.00027161
1807 0.00027161
1808 0.00027161
1809 0.00027161
1810 0.00027161
1811 0.00027161
1812 0.00027161
1813 0.00027161
1814 0.00027161
1815 0.00027161
1816 0.00027161
1817 0.00027161
1818 0.00027161
1819 0.00027161
1820 0.00027161
1821 0.00027161
1822 0.00027161
1823 0.00027161
1824 0.00027161
1825 0.00027161
1826 0.00027161
1827 0.00027161
1828 0.00027161
1829 0.00027161
1830 0.00027161
1831 0.00027161
1832 0.00027161
1833 0.00027161
1834 0.00027161
1835 0.00027161
1836 0.00027161
1837 0.00027161
1838 0.00027161
1839 0.00027161
1840 0.00027161
1841 0.00027161
1842 0.00027161
1843 0.00027161
1844 0.00027161
1845 0.00027161
1846 0.00027161
1847 0.00027161
1848 0.00027161
1849 0.00027161
1850 0.00027161
1851 0.00027161
1852 0.00027161
1853 0.00027161
1854 0.00027161
1855 0.00027161
1856 0.00027161
1857 0.00027161
1858 0.00027161
1859 0.00027161
1860 0.00027161
1861 0.00027161
1862 0.00027161
1863 0.00027161
1864 0.00027161
1865 0.00027161
1866 0.00027161
1867 0.00027161
1868 0.00027161
1869 0.00027161
1870 0.00027161
1871 0.00027161
1872 0.00027161
1873 0.00027161
1874 0.00027161
1875 0.00027161
1876 0.00027161
1877 0.00027161
1878 0.00027161
1879 0.000203707
1880 0.000203707
1881 0.000203707
1882 0.000203707
1883 0.000203707
1884 0.000203707
1885 0.000203707
1886 0.000203707
1887 0.000203707
1888 0.000203707
1889 0.000203707
1890 0.000203707
1891 0.000203707
1892 0.000203707
1893 0.000203707
1894 0.000203707
1895 0.000203707
1896 0.000203707
1897 0.000203707
1898 0.000203707
1899 0.000203707
1900 0.000203707
1901 0.000203707
1902 0.000203707
1903 0.000203707
1904 0.000203707
1905 0.000135805
1906 0.000135805
1907 0.000135805
1908 0.000135805
1909 0.000135805
1910 0.000135805
1911 0.000135805
1912 0.000135805
1913 0.000135805
1914 0.000135805
1915 0.000135805
1916 0.000135805
1917 0.000135805
1918 0.000135805
1919 0.000135805
1920 0.000135805
1921 0.000135805
1922 0.000135805
1923 0.000135805
1924 0.000135805
1925 0.000135805
1926 0.000135805
1927 0.000135805
1928 0.000135805
1929 0.000135805
1930 0.000135805
1931 0.000135805
1932 0.000135805
1933 0.000135805
1934 0.000135805
1935 0.000135805
1936 0.000135805
1937 0.000135805
1938 0.000135805
1939 0.000135805
1940 0.000135805
1941 0.000135805
1942 0.000135805
1943 0.000135805
1944 0.000135805
1945 6.79025e-05
1946 6.79025e-05
1947 6.79025e-05
1948 6.79025e-05
1949 6.79025e-05
1950 6.79025e-05
1951 6.79025e-05
1952 6.79025e-05
1953 6.79025e-05
1954 6.79025e-05
1955 6.79025e-05
1956 6.79025e-05
1957 6.79025e-05
1958 6.79025e-05
1959 6.79025e-05
1960 6.79025e-05
1961 6.79025e-05
1962 6.79025e-05
1963 6.79025e-05
1964 6.79025e-05
1965 6.79025e-05
1966 6.79025e-05
1967 6.79025e-05
1968 6.79025e-05
1969 6.79025e-05
1970 6.79025e-05
1971 6.79025e-05
1972 6.79025e-05
1973 6.79025e-05
1974 6.79025e-05
1975 6.79025e-05
1976 6.79025e-05
1977 6.79025e-05
1978 6.79025e-05
1979 6.79025e-05
1980 6.79025e-05
1981 6.79025e-05
1982 6.79025e-05
1983 6.79025e-05
1984 6.79025e-05
1985 6.79025e-05
1986 6.79025e-05
1987 6.79025e-05
1988 6.79025e-05
1989 6.79025e-05
1990 6.79025e-05
1991 6.79025e-05
1992 6.79025e-05
1993 6.79025e-05
1994 6.79025e-05
1995 6.79025e-05
1996 6.79025e-05
1997 6.79025e-05
1998 6.79025e-05
1999 6.79025e-05
2000 6.79025e-05
2001 6.79025e-05
2002 6.79025e-05
2003 6.79025e-05
2004 6.79025e-05
2005 6.79025e-05
2006 6.79025e-05
2007 6.79025e-05
2008 6.79025e-05
2009 6.79025e-05
2010 6.79025e-05
2011 6.79025e-05
2012 6.79025e-05
2013 6.79025e-05
2014 6.79025e-05
2015 6.79025e-05
2016 6.79025e-05
2017 6.79025e-05
2018 6.79025e-05
2019 6.79025e-05
2020 6.79025e-05
2021 6.79025e-05
2022 6.79025e-05
2023 6.79025e-05
2024 6.79025e-05
2025 6.79025e-05
2026 6.79025e-05
2027 6.79025e-05
2028 6.79025e-05
2029 6.79025e-05
2030 6.79025e-05
2031 6.79025e-05
2032 6.79025e-05
2033 6.79025e-05
2034 6.79025e-05
2035 6.79025e-05
2036 6.79025e-05
2037 6.79025e-05
2038 6.79025e-05
2039 6.79025e-05
2040 6.79025e-05
2041 6.79025e-05
2042 6.79025e-05
2043 6.79025e-05
2044 6.79025e-05
2045 6.79025e-05
2046 6.79025e-05
2047 6.79025e-05
2048 6.79025e-05
2049 6.79025e-05
2050 6.79025e-05
2051 6.79025e-05
2052 6.79025e-05
2053 6.79025e-05
2054 6.79025e-05
2055 6.79025e-05
2056 6.79025e-05
2057 6.79025e-05
2058 6.79025e-05
2059 6.79025e-05
2060 6.79025e-05
2061 6.79025e-05
2062 6.79025e-05
2063 6.79025e-05
2064 6.79025e-05
2065 6.79025e-05
2066 6.79025e-05
2067 6.79025e-05
2068 6.79025e-05
2069 6.79025e-05
2070 6.79025e-05
2071 6.79025e-05
2072 6.79025e-05
2073 6.79025e-05
2074 6.79025e-05
2075 6.79025e-05
2076 6.79025e-05
2077 6.79025e-05
2078 6.79025e-05
2079 6.79025e-05
2080 6.79025e-05
2081 6.79025e-05
2082 6.79025e-05
2083 6.79025e-05
2084 6.79025e-05
2085 6.79025e-05
2086 6.79025e-05
2087 6.79025e-05
2088 6.79025e-05
2089 6.79025e-05
2090 6.79025e-05
2091 6.79025e-05
2092 6.79025e-05
2093 6.79025e-05
2094 6.79025e-05
2095 6.79025e-05
2096 6.79025e-05
2097 6.79025e-05
2098 6.79025e-05
2099 6.79025e-05
2100 6.79025e-05
2101 6.79025e-05
2102 6.79025e-05
2103 6.79025e-05
2104 6.79025e-05
2105 6.79025e-05
2106 6.79025e-05
2107 6.79025e-05
2108 6.79025e-05
2109 6.79025e-05
2110 6.79025e-05
2111 6.79025e-05
2112 6.79025e-05
2113 6.79025e-05
2114 6.79025e-05
2115 6.79025e-05
2116 6.79025e-05
2117 6.79025e-05
2118 6.79025e-05
2119 6.79025e-05
2120 6.79025e-05
2121 6.79025e-05
2122 6.79025e-05
2123 6.79025e-05
2124 6.79025e-05
2125 6.79025e-05
2126 6.79025e-05
2127 6.79025e-05
2128 6.79025e-05
2129 6.79025e-05
2130 6.79025e-05
2131 6.79025e-05
2132 6.79025e-05
2133 6.79025e-05
2134 6.79025e-05
2135 6.79025e-05
2136 6.79025e-05
2137 6.79025e-05
2138 6.79025e-05
2139 6.79025e-05
2140 6.79025e-05
2141 6.79025e-05
2142 6.79025e-05
2143 6.79025e-05
2144 6.79025e-05
2145 6.79025e-05
2146 6.79025e-05
2147 6.79025e-05
2148 6.79025e-05
2149 6.79025e-05
2150 6.79025e-05
2151 6.79025e-05
2152 6.79025e-05
2153 6.79025e-05
2154 6.79025e-05
2155 6.79025e-05
2156 6.79025e-05
2157 6.79025e-05
2158 6.79025e-05
2159 6.79025e-05
2160 6.79025e-05
2161 6.79025e-05
2162 6.79025e-05
2163 6.79025e-05
2164 6.79025e-05
2165 6.79025e-05
2166 6.79025e-05
2167 6.79025e-05
2168 6.79025e-05
2169 6.79025e-05
2170 6.79025e-05
2171 6.79025e-05
2172 6.79025e-05
2173 6.79025e-05
2174 6.79025e-05
2175 6.79025e-05
2176 6.79025e-05
2177 6.79025e-05
2178 6.79025e-05
2179 6.79025e-05
2180 6.79025e-05
2181 6.79025e-05
2182 6.79025e-05
2183 6.79025e-05
2184 6.79025e-05
2185 6.79025e-05
2186 6.79025e-05
2187 6.79025e-05
2188 6.79025e-05
2189 6.79025e-05
2190 6.79025e-05
2191 6.79025e-05
2192 6.79025e-05
2193 6.79025e-05
2194 6.79025e-05
2195 6.79025e-05
2196 6.79025e-05
2197 6.79025e-05
2198 6.79025e-05
2199 6.79025e-05
2200 6.79025e-05
2201 6.79025e-05
2202 6.79025e-05
2203 6.79025e-05
2204 6.79025e-05
2205 6.79025e-05
2206 6.79025e-05
2207 6.79025e-05
2208 6.79025e-05
2209 6.79025e-05
2210 6.79025e-05
2211 6.79025e-05
2212 6.79025e-05
2213 6.79025e-05
2214 6.79025e-05
2215 6.79025e-05
2216 6.79025e-05
2217 6.79025e-05
2218 6.79025e-05
2219 6.79025e-05
2220 6.79025e-05
2221 6.79025e-05
2222 6.79025e-05
2223 6.79025e-05
2224 6.79025e-05
2225 6.79025e-05
2226 6.79025e-05
2227 6.79025e-05
2228 6.79025e-05
2229 6.79025e-05
2230 6.79025e-05
2231 6.79025e-05
2232 6.79025e-05
2233 6.79025e-05
2234 6.79025e-05
2235 6.79025e-05
2236 6.79025e-05
2237 6.79025e-05
2238 6.79025e-05
2239 6.79025e-05
2240 6.79025e-05
2241 6.79025e-05
2242 6.79025e-05
2243 6.79025e-05
2244 6.79025e-05
2245 6.79025e-05
2246 6.79025e-05
2247 6.79025e-05
2248 6.79025e-05
2249 6.79025e-05
2250 6.79025e-05
2251 6.79025e-05
2252 6.79025e-05
2253 6.79025e-05
2254 6.79025e-05
2255 6.79025e-05
2256 6.79025e-05
2257 6.79025e-05
2258 6.79025e-05
2259 6.79025e-05
2260 6.79025e-05
2261 6.79025e-05
2262 6.79025e-05
2263 6.79025e-05
2264 6.79025e-05
2265 6.79025e-05
2266 6.79025e-05
2267 6.79025e-05
2268 6.79025e-05
2269 6.79025e-05
2270 6.79025e-05
2271 6.79025e-05
2272 6.79025e-05
2273 6.79025e-05
2274 6.79025e-05
2275 6.79025e-05
2276 6.79025e-05
2277 6.79025e-05
2278 6.79025e-05
2279 6.79025e-05
2280 6.79025e-05
2281 6.79025e-05
2282 6.79025e-05
2283 6.79025e-05
2284 6.79025e-05
2285 6.79025e-05
2286 6.79025e-05
2287 6.79025e-05
2288 6.79025e-05
2289 6.79025e-05
2290 6.79025e-05
2291 6.79025e-05
2292 6.79025e-05
2293 6.79025e-05
2294 6.79025e-05
2295 6.79025e-05
2296 6.79025e-05
2297 6.79025e-05
2298 6.79025e-05
2299 6.79025e-05
2300 6.79025e-05
2301 6.79025e-05
2302 6.79025e-05
2303 6.79025e-05
2304 6.79025e-05
2305 6.79025e-05
2306 6.79025e-05
2307 6.79025e-05
2308 6.79025e-05
2309 6.79025e-05
2310 6.79025e-05
2311 6.79025e-05
2312 6.79025e-05
2313 6.79025e-05
2314 6.79025e-05
2315 6.79025e-05
2316 6.79025e-05
2317 6.79025e-05
2318 6.79025e-05
2319 6.79025e-05
2320 6.79025e-05
2321 6.79025e-05
2322 6.79025e-05
2323 6.79025e-05
2324 6.79025e-05
2325 6.79025e-05
2326 6.79025e-05
2327 6.79025e-05
2328 6.79025e-05
2329 6.79025e-05
2330 6.79025e-05
2331 6.79025e-05
2332 6.79025e-05
2333 6.79025e-05
2334 6.79025e-05
2335 6.79025e-05
2336 6.79025e-05
2337 6.79025e-05
2338 6.79025e-05
2339 6.79025e-05
2340 6.79025e-05
2341 6.79025e-05
2342 6.79025e-05
2343 6.79025e-05
2344 6.79025e-05
2345 6.79025e-05
2346 6.79025e-05
2347 6.79025e-05
2348 6.79025e-05
2349 6.79025e-05
2350 6.79025e-05
2351 6.79025e-05
2352 6.79025e-05
2353 6.79025e-05
2354 6.79025e-05
2355 6.79025e-05
2356 6.79025e-05
2357 6.79025e-05
2358 6.79025e-05
2359 6.79025e-05
2360 6.79025e-05
2361 6.79025e-05
2362 6.79025e-05
2363 6.79025e-05
2364 6.79025e-05
2365 6.79025e-05
2366 6.79025e-05
2367 6.79025e-05
2368 6.79025e-05
2369 6.79025e-05
2370 6.79025e-05
2371 6.79025e-05
2372 6.79025e-05
2373 6.79025e-05
2374 6.79025e-05
2375 6.79025e-05
2376 6.79025e-05
2377 6.79025e-05
2378 6.79025e-05
2379 6.79025e-05
2380 6.79025e-05
2381 6.79025e-05
2382 6.79025e-05
2383 6.79025e-05
2384 6.79025e-05
2385 6.79025e-05
2386 6.79025e-05
2387 6.79025e-05
2388 6.79025e-05
2389 6.79025e-05
2390 6.79025e-05
2391 6.79025e-05
2392 6.79025e-05
2393 6.79025e-05
2394 6.79025e-05
2395 6.79025e-05
2396 6.79025e-05
2397 6.79025e-05
2398 6.79025e-05
2399 6.79025e-05
2400 6.79025e-05
2401 6.79025e-05
2402 6.79025e-05
2403 6.79025e-05
2404 6.79025e-05
2405 6.79025e-05
2406 6.79025e-05
2407 6.79025e-05
2408 6.79025e-05
2409 6.79025e-05
2410 6.79025e-05
2411 6.79025e-05
2412 6.79025e-05
2413 6.79025e-05
2414 6.79025e-05
2415 6.79025e-05
2416 6.79025e-05
2417 6.79025e-05
2418 6.79025e-05
2419 6.79025e-05
2420 6.79025e-05
2421 6.79025e-05
2422 6.79025e-05
2423 6.79025e-05
2424 6.79025e-05
2425 6.79025e-05
2426 6.79025e-05
2427 6.79025e-05
2428 6.79025e-05
2429 6.79025e-05
2430 6.79025e-05
2431 6.79025e-05
2432 6.79025e-05
2433 6.79025e-05
2434 6.79025e-05
2435 6.79025e-05
2436 6.79025e-05
2437 6.79025e-05
2438 6.79025e-05
2439 6.79025e-05
2440 6.79025e-05
2441 6.79025e-05
2442 6.79025e-05
2443 6.79025e-05
2444 6.79025e-05
2445 6.79025e-05
2446 6.79025e-05
2447 6.79025e-05
2448 6.79025e-05
2449 6.79025e-05
2450 6.79025e-05
2451 6.79025e-05
2452 6.79025e-05
2453 6.79025e-05
2454 6.79025e-05
2455 6.79025e-05
2456 6.79025e-05
2457 6.79025e-05
2458 6.79025e-05
2459 6.79025e-05
2460 6.79025e-05
2461 6.79025e-05
2462 6.79025e-05
2463 6.79025e-05
2464 6.79025e-05
2465 6.79025e-05
2466 6.79025e-05
2467 6.79025e-05
2468 6.79025e-05
2469 6.79025e-05
2470 6.79025e-05
2471 6.79025e-05
2472 6.79025e-05
2473 6.79025e-05
2474 6.79025e-05
2475 6.79025e-05
2476 6.79025e-05
2477 6.79025e-05
2478 6.79025e-05
2479 6.79025e-05
2480 6.79025e-05
2481 6.79025e-05
2482 6.79025e-05
2483 6.79025e-05
2484 6.79025e-05
2485 6.79025e-05
2486 6.79025e-05
2487 6.79025e-05
2488 6.79025e-05
2489 6.79025e-05
2490 6.79025e-05
2491 6.79025e-05
2492 6.79025e-05
2493 6.79025e-05
2494 6.79025e-05
2495 6.79025e-05
2496 6.79025e-05
2497 6.79025e-05
2498 6.79025e-05
2499 6.79025e-05
2500 6.79025e-05
2501 6.79025e-05
2502 6.79025e-05
2503 6.79025e-05
2504 6.79025e-05
2505 6.79025e-05
2506 6.79025e-05
2507 6.79025e-05
2508 6.79025e-05
2509 6.79025e-05
2510 6.79025e-05
2511 6.79025e-05
2512 6.79025e-05
2513 6.79025e-05
2514 6.79025e-05
2515 6.79025e-05
2516 6.79025e-05
2517 6.79025e-05
2518 6.79025e-05
2519 6.79025e-05
2520 6.79025e-05
2521 6.79025e-05
2522 6.79025e-05
2523 6.79025e-05
2524 6.79025e-05
2525 6.79025e-05
2526 6.79025e-05
2527 6.79025e-05
2528 6.79025e-05
2529 6.79025e-05
2530 6.79025e-05
2531 6.79025e-05
2532 6.79025e-05
2533 6.79025e-05
2534 6.79025e-05
2535 6.79025e-05
2536 6.79025e-05
2537 6.79025e-05
2538 6.79025e-05
2539 6.79025e-05
2540 6.79025e-05
2541 6.79025e-05
2542 6.79025e-05
2543 6.79025e-05
2544 6.79025e-05
2545 6.79025e-05
2546 6.79025e-05
2547 6.79025e-05
2548 6.79025e-05
2549 6.79025e-05
2550 6.79025e-05
2551 6.79025e-05
2552 6.79025e-05
2553 6.79025e-05
2554 6.79025e-05
2555 6.79025e-05
2556 6.79025e-05
2557 6.79025e-05
2558 6.79025e-05
2559 6.79025e-05
2560 6.79025e-05
2561 6.79025e-05
2562 6.79025e-05
2563 6.79025e-05
2564 6.79025e-05
2565 6.79025e-05
2566 6.79025e-05
2567 6.79025e-05
2568 6.79025e-05
2569 6.79025e-05
2570 6.79025e-05
2571 6.79025e-05
2572 6.79025e-05
2573 6.79025e-05
2574 6.79025e-05
2575 6.79025e-05
2576 6.79025e-05
2577 6.79025e-05
2578 6.79025e-05
2579 6.79025e-05
2580 6.79025e-05
2581 6.79025e-05
2582 6.79025e-05
2583 6.79025e-05
2584 6.79025e-05
2585 6.79025e-05
2586 6.79025e-05
2587 6.79025e-05
2588 6.79025e-05
2589 6.79025e-05
2590 6.79025e-05
2591 6.79025e-05
2592 6.79025e-05
2593 6.79025e-05
2594 6.79025e-05
2595 6.79025e-05
2596 6.79025e-05
2597 6.79025e-05
2598 6.79025e-05
2599 6.79025e-05
2600 6.79025e-05
2601 6.79025e-05
2602 6.79025e-05
2603 6.79025e-05
2604 6.79025e-05
2605 6.79025e-05
2606 6.79025e-05
2607 6.79025e-05
2608 6.79025e-05
2609 6.79025e-05
2610 6.79025e-05
2611 6.79025e-05
2612 6.79025e-05
2613 6.79025e-05
2614 6.79025e-05
2615 6.79025e-05
2616 6.79025e-05
2617 6.79025e-05
2618 6.79025e-05
2619 6.79025e-05
2620 6.79025e-05
2621 6.79025e-05
2622 6.79025e-05
2623 6.79025e-05
2624 6.79025e-05
2625 6.79025e-05
2626 6.79025e-05
2627 6.79025e-05
2628 6.79025e-05
2629 6.79025e-05
2630 6.79025e-05
2631 6.79025e-05
2632 6.79025e-05
2633 6.79025e-05
2634 6.79025e-05
2635 6.79025e-05
2636 6.79025e-05
2637 6.79025e-05
2638 6.79025e-05
2639 6.79025e-05
2640 6.79025e-05
2641 6.79025e-05
2642 6.79025e-05
2643 6.79025e-05
2644 6.79025e-05
2645 6.79025e-05
2646 6.79025e-05
2647 6.79025e-05
2648 6.79025e-05
2649 6.79025e-05
2650 6.79025e-05
2651 6.79025e-05
2652 6.79025e-05
2653 6.79025e-05
2654 6.79025e-05
2655 6.79025e-05
2656 6.79025e-05
2657 6.79025e-05
2658 6.79025e-05
2659 6.79025e-05
2660 6.79025e-05
2661 6.79025e-05
2662 6.79025e-05
2663 6.79025e-05
2664 6.79025e-05
2665 6.79025e-05
2666 6.79025e-05
2667 6.79025e-05
2668 6.79025e-05
2669 6.79025e-05
2670 6.79025e-05
2671 6.79025e-05
2672 6.79025e-05
2673 6.79025e-05
2674 6.79025e-05
2675 6.79025e-05
2676 6.79025e-05
2677 6.79025e-05
2678 6.79025e-05
2679 6.79025e-05
2680 6.79025e-05
2681 6.79025e-05
2682 6.79025e-05
2683 6.79025e-05
2684 6.79025e-05
2685 6.79025e-05
2686 6.79025e-05
2687 6.79025e-05
2688 6.79025e-05
2689 6.79025e-05
2690 6.79025e-05
2691 6.79025e-05
2692 6.79025e-05
2693 6.79025e-05
2694 6.79025e-05
2695 6.79025e-05
2696 6.79025e-05
2697 6.79025e-05
2698 6.79025e-05
2699 6.79025e-05
2700 6.79025e-05
2701 6.79025e-05
2702 6.79025e-05
2703 6.79025e-05
2704 6.79025e-05
2705 6.79025e-05
2706 6.79025e-05
2707 6.79025e-05
2708 6.79025e-05
2709 6.79025e-05
2710 6.79025e-05
2711 6.79025e-05
2712 6.79025e-05
2713 6.79025e-05
2714 6.79025e-05
2715 6.79025e-05
2716 6.79025e-05
2717 6.79025e-05
2718 6.79025e-05
2719 6.79025e-05
2720 6.79025e-05
2721 6.79025e-05
2722 6.79025e-05
2723 6.79025e-05
2724 6.79025e-05
2725 6.79025e-05
2726 6.79025e-05
2727 6.79025e-05
2728 6.79025e-05
2729 6.79025e-05
2730 6.79025e-05
2731 6.79025e-05
2732 6.79025e-05
2733 6.79025e-05
2734 6.79025e-05
2735 6.79025e-05
2736 6.79025e-05
2737 6.79025e-05
2738 6.79025e-05
2739 6.79025e-05
2740 6.79025e-05
2741 6.79025e-05
2742 6.79025e-05
2743 6.79025e-05
2744 6.79025e-05
2745 6.79025e-05
2746 6.79025e-05
2747 6.79025e-05
2748 6.79025e-05
2749 6.79025e-05
2750 6.79025e-05
2751 6.79025e-05
2752 6.79025e-05
2753 6.79025e-05
2754 6.79025e-05
2755 6.79025e-05
2756 6.79025e-05
2757 6.79025e-05
2758 6.79025e-05
2759 6.79025e-05
2760 6.79025e-05
2761 6.79025e-05
2762 6.79025e-05
2763 6.79025e-05
2764 6.79025e-05
2765 6.79025e-05
2766 6.79025e-05
2767 6.79025e-05
2768 6.79025e-05
2769 6.79025e-05
2770 6.79025e-05
2771 6.79025e-05
2772 6.79025e-05
2773 6.79025e-05
2774 6.79025e-05
2775 6.79025e-05
2776 6.79025e-05
2777 6.79025e-05
2778 6.79025e-05
2779 6.79025e-05
2780 6.79025e-05
2781 6.79025e-05
2782 6.79025e-05
2783 6.79025e-05
2784 6.79025e-05
2785 6.79025e-05
2786 6.79025e-05
2787 6.79025e-05
2788 6.79025e-05
2789 6.79025e-05
2790 6.79025e-05
2791 6.79025e-05
2792 6.79025e-05
2793 6.79025e-05
2794 6.79025e-05
2795 6.79025e-05
2796 6.79025e-05
2797 6.79025e-05
2798 6.79025e-05
2799 6.79025e-05
2800 6.79025e-05
2801 6.79025e-05
2802 6.79025e-05
2803 6.79025e-05
2804 6.79025e-05
2805 6.79025e-05
2806 6.79025e-05
2807 6.79025e-05
2808 6.79025e-05
2809 6.79025e-05
2810 6.79025e-05
2811 6.79025e-05
2812 6.79025e-05
2813 6.79025e-05
2814 6.79025e-05
2815 6.79025e-05
2816 6.79025e-05
2817 6.79025e-05
2818 6.79025e-05
2819 6.79025e-05
2820 6.79025e-05
2821 6.79025e-05
2822 6.79025e-05
2823 6.79025e-05
2824 6.79025e-05
2825 6.79025e-05
2826 6.79025e-05
2827 6.79025e-05
2828 6.79025e-05
2829 6.79025e-05
2830 6.79025e-05
2831 6.79025e-05
2832 6.79025e-05
2833 6.79025e-05
2834 6.79025e-05
2835 6.79025e-05
2836 6.79025e-05
2837 6.79025e-05
2838 6.79025e-05
2839 6.79025e-05
2840 6.79025e-05
2841 6.79025e-05
2842 6.79025e-05
2843 6.79025e-05
2844 6.79025e-05
2845 6.79025e-05
2846 6.79025e-05
2847 6.79025e-05
2848 6.79025e-05
2849 6.79025e-05
2850 6.79025e-05
2851 6.79025e-05
2852 6.79025e-05
2853 6.79025e-05
2854 6.79025e-05
2855 6.79025e-05
2856 6.79025e-05
2857 6.79025e-05
2858 6.79025e-05
2859 6.79025e-05
2860 6.79025e-05
2861 6.79025e-05
2862 6.79025e-05
2863 6.79025e-05
2864 6.79025e-05
