0 1
1 1
2 1
3 1
4 1
5 1
6 1
7 0.99991
8 0.99991
9 0.99991
10 0.99991
11 0.99991
12 0.99991
13 0.99991
14 0.99991
15 0.999551
16 0.999551
17 0.999551
18 0.999551
19 0.999551
20 0.999551
21 0.999551
22 0.999551
23 0.999371
24 0.999371
25 0.999371
26 0.999371
27 0.999371
28 0.999371
29 0.999371
30 0.999371
31 0.999192
32 0.999192
33 0.999192
34 0.999192
35 0.999192
36 0.999192
37 0.999192
38 0.999192
39 0.998922
40 0.998922
41 0.998922
42 0.998922
43 0.998922
44 0.998922
45 0.998922
46 0.998922
47 0.998742
48 0.998742
49 0.958322
50 0.958322
51 0.958322
52 0.958322
53 0.958322
54 0.958322
55 0.957963
56 0.957963
57 0.910357
58 0.910357
59 0.910357
60 0.910357
61 0.910357
62 0.910357
63 0.909818
64 0.909818
65 0.863379
66 0.863379
67 0.863379
68 0.863379
69 0.863379
70 0.863379
71 0.86302
72 0.86302
73 0.81739
74 0.81739
75 0.81739
76 0.81739
77 0.81739
78 0.81739
79 0.8173
80 0.8173
81 0.770322
82 0.770322
83 0.770322
84 0.770322
85 0.770322
86 0.770322
87 0.770053
88 0.770053
89 0.724064
90 0.724064
91 0.724064
92 0.724064
93 0.724064
94 0.724064
95 0.723884
96 0.723884
97 0.677984
98 0.677984
99 0.677984
100 0.677984
101 0.677984
102 0.677984
103 0.677895
104 0.677895
105 0.633342
106 0.633342
107 0.633342
108 0.633342
109 0.633342
110 0.633342
111 0.633163
112 0.633163
113 0.59373
114 0.59373
115 0.59373
116 0.59373
117 0.59373
118 0.59373
119 0.593641
120 0.593641
121 0.553579
122 0.553579
123 0.553579
124 0.553579
125 0.553579
126 0.553579
127 0.55349
128 0.55349
129 0.519806
130 0.519806
131 0.519806
132 0.519806
133 0.519806
134 0.519806
135 0.519626
136 0.519626
137 0.485673
138 0.485673
139 0.485673
140 0.485673
141 0.485673
142 0.485673
143 0.485583
144 0.485583
145 0.456301
146 0.456301
147 0.456301
148 0.456301
149 0.456301
150 0.456301
151 0.456211
152 0.456211
153 0.428366
154 0.428366
155 0.428366
156 0.428366
157 0.428366
158 0.428366
159 0.428186
160 0.428186
161 0.399174
162 0.399174
163 0.399174
164 0.399174
165 0.399174
166 0.399174
167 0.399084
168 0.399084
169 0.374023
170 0.374023
171 0.374023
172 0.374023
173 0.374023
174 0.374023
175 0.374023
176 0.374023
177 0.349232
178 0.349232
179 0.349232
180 0.349232
181 0.349232
182 0.349232
183 0.348873
184 0.348873
185 0.327585
186 0.327585
187 0.327585
188 0.327585
189 0.327585
190 0.327585
191 0.327405
192 0.327405
193 0.305488
194 0.305488
195 0.305488
196 0.305488
197 0.305488
198 0.305488
199 0.305219
200 0.305219
201 0.284739
202 0.284739
203 0.284739
204 0.284739
205 0.284739
206 0.284739
207 0.284739
208 0.284739
209 0.266505
210 0.266505
211 0.266505
212 0.266505
213 0.266505
214 0.266505
215 0.266505
216 0.266505
217 0.24854
218 0.24854
219 0.24854
220 0.24854
221 0.24854
222 0.24854
223 0.248451
224 0.248451
225 0.232282
226 0.232282
227 0.232282
228 0.232282
229 0.232282
230 0.232282
231 0.232282
232 0.232282
233 0.217911
234 0.217911
235 0.217911
236 0.217911
237 0.217911
238 0.217911
239 0.217821
240 0.217821
241 0.204168
242 0.204168
243 0.204168
244 0.204168
245 0.204168
246 0.204168
247 0.204168
248 0.204168
249 0.191413
250 0.191413
251 0.191413
252 0.191413
253 0.191413
254 0.191413
255 0.191413
256 0.191413
257 0.179377
258 0.179377
259 0.179377
260 0.179377
261 0.179377
262 0.179377
263 0.179377
264 0.179377
265 0.169406
266 0.169406
267 0.169406
268 0.169406
269 0.169406
270 0.169406
271 0.169406
272 0.169406
273 0.158897
274 0.158897
275 0.158897
276 0.158897
277 0.158897
278 0.158897
279 0.158897
280 0.158897
281 0.149555
282 0.149555
283 0.149555
284 0.149555
285 0.149555
286 0.149555
287 0.149466
288 0.149466
289 0.14201
290 0.14201
291 0.14201
292 0.14201
293 0.14201
294 0.14201
295 0.14201
296 0.14201
297 0.134196
298 0.134196
299 0.134196
300 0.134196
301 0.134196
302 0.134196
303 0.134106
304 0.134106
305 0.126561
306 0.126561
307 0.126561
308 0.126561
309 0.126561
310 0.126561
311 0.126561
312 0.126561
313 0.119195
314 0.119195
315 0.119195
316 0.119195
317 0.119195
318 0.119195
319 0.119195
320 0.119195
321 0.112009
322 0.112009
323 0.112009
324 0.112009
325 0.112009
326 0.112009
327 0.11192
328 0.11192
329 0.104105
330 0.104105
331 0.104105
332 0.104105
333 0.104105
334 0.104105
335 0.104105
336 0.104105
337 0.0987155
338 0.0987155
339 0.0987155
340 0.0987155
341 0.0987155
342 0.0987155
343 0.0986257
344 0.0986257
345 0.0923381
346 0.0923381
347 0.0923381
348 0.0923381
349 0.0923381
350 0.0923381
351 0.0922483
352 0.0922483
353 0.0882062
354 0.0882062
355 0.0882062
356 0.0882062
357 0.0882062
358 0.0882062
359 0.0881164
360 0.0881164
361 0.0826372
362 0.0826372
363 0.0826372
364 0.0826372
365 0.0826372
366 0.0826372
367 0.0826372
368 0.0826372
369 0.0784155
370 0.0784155
371 0.0784155
372 0.0784155
373 0.0784155
374 0.0784155
375 0.0784155
376 0.0784155
377 0.0741938
378 0.0741938
379 0.0741938
380 0.0741938
381 0.0741938
382 0.0741938
383 0.0741938
384 0.0741938
385 0.0706009
386 0.0706009
387 0.0706009
388 0.0706009
389 0.0706009
390 0.0706009
391 0.0706009
392 0.0706009
393 0.0671876
394 0.0671876
395 0.0671876
396 0.0671876
397 0.0671876
398 0.0671876
399 0.0671876
400 0.0671876
401 0.0641337
402 0.0641337
403 0.0641337
404 0.0641337
405 0.0641337
406 0.0641337
407 0.0641337
408 0.0641337
409 0.0610797
410 0.0610797
411 0.0610797
412 0.0610797
413 0.0610797
414 0.0610797
415 0.0609898
416 0.0609898
417 0.0573969
418 0.0573969
419 0.0573969
420 0.0573969
421 0.0573969
422 0.0573969
423 0.0573969
424 0.0573969
425 0.0536244
426 0.0536244
427 0.0536244
428 0.0536244
429 0.0536244
430 0.0536244
431 0.0536244
432 0.0536244
433 0.0506602
434 0.0506602
435 0.0506602
436 0.0506602
437 0.0506602
438 0.0506602
439 0.0506602
440 0.0506602
441 0.0477859
442 0.0477859
443 0.0477859
444 0.0477859
445 0.0477859
446 0.0477859
447 0.0477859
448 0.0477859
449 0.0456301
450 0.0456301
451 0.0456301
452 0.0456301
453 0.0456301
454 0.0456301
455 0.0456301
456 0.0456301
457 0.0439235
458 0.0439235
459 0.0439235
460 0.0439235
461 0.0439235
462 0.0439235
463 0.0439235
464 0.0439235
465 0.0420372
466 0.0420372
467 0.0420372
468 0.0420372
469 0.0420372
470 0.0420372
471 0.0420372
472 0.0420372
473 0.0406
474 0.0406
475 0.0406
476 0.0406
477 0.0406
478 0.0406
479 0.0406
480 0.0406
481 0.0382646
482 0.0382646
483 0.0382646
484 0.0382646
485 0.0382646
486 0.0382646
487 0.0381748
488 0.0381748
489 0.0361987
490 0.0361987
491 0.0361987
492 0.0361987
493 0.0361987
494 0.0361987
495 0.0361987
496 0.0361987
497 0.0344022
498 0.0344022
499 0.0344022
500 0.0344022
501 0.0344022
502 0.0344022
503 0.0344022
504 0.0344022
505 0.0329651
506 0.0329651
507 0.0329651
508 0.0329651
509 0.0329651
510 0.0329651
511 0.0329651
512 0.0329651
513 0.0314381
514 0.0314381
515 0.0314381
516 0.0314381
517 0.0314381
518 0.0314381
519 0.0314381
520 0.0314381
521 0.0301805
522 0.0301805
523 0.0301805
524 0.0301805
525 0.0301805
526 0.0301805
527 0.0301805
528 0.0301805
529 0.0282044
530 0.0282044
531 0.0282044
532 0.0282044
533 0.0282044
534 0.0282044
535 0.0282044
536 0.0282044
537 0.0264978
538 0.0264978
539 0.0264978
540 0.0264978
541 0.0264978
542 0.0264978
543 0.0264978
544 0.0264978
545 0.0255097
546 0.0255097
547 0.0255097
548 0.0255097
549 0.0255097
550 0.0255097
551 0.0255097
552 0.0255097
553 0.0232642
554 0.0232642
555 0.0232642
556 0.0232642
557 0.0232642
558 0.0232642
559 0.0232642
560 0.0232642
561 0.021827
562 0.021827
563 0.021827
564 0.021827
565 0.021827
566 0.021827
567 0.021827
568 0.021827
569 0.0209288
570 0.0209288
571 0.0209288
572 0.0209288
573 0.0209288
574 0.0209288
575 0.0209288
576 0.0209288
577 0.0206593
578 0.0206593
579 0.0206593
580 0.0206593
581 0.0206593
582 0.0206593
583 0.0206593
584 0.0206593
585 0.0203
586 0.0203
587 0.0203
588 0.0203
589 0.0203
590 0.0203
591 0.0203
592 0.0203
593 0.0195814
594 0.0195814
595 0.0195814
596 0.0195814
597 0.0195814
598 0.0195814
599 0.0195814
600 0.0195814
601 0.0185934
602 0.0185934
603 0.0185934
604 0.0185934
605 0.0185934
606 0.0185934
607 0.0185934
608 0.0185934
609 0.0176951
610 0.0176951
611 0.0176951
612 0.0176951
613 0.0176951
614 0.0176951
615 0.0176053
616 0.0176053
617 0.017246
618 0.017246
619 0.017246
620 0.017246
621 0.017246
622 0.017246
623 0.017246
624 0.017246
625 0.0166173
626 0.0166173
627 0.0166173
628 0.0166173
629 0.0166173
630 0.0166173
631 0.0166173
632 0.0166173
633 0.0154496
634 0.0154496
635 0.0154496
636 0.0154496
637 0.0154496
638 0.0154496
639 0.0154496
640 0.0154496
641 0.0148208
642 0.0148208
643 0.0148208
644 0.0148208
645 0.0148208
646 0.0148208
647 0.0148208
648 0.0148208
649 0.0141022
650 0.0141022
651 0.0141022
652 0.0141022
653 0.0141022
654 0.0141022
655 0.0141022
656 0.0141022
657 0.0126651
658 0.0126651
659 0.0126651
660 0.0126651
661 0.0126651
662 0.0126651
663 0.0126651
664 0.0126651
665 0.0120363
666 0.0120363
667 0.0120363
668 0.0120363
669 0.0120363
670 0.0120363
671 0.0120363
672 0.0120363
673 0.0114974
674 0.0114974
675 0.0114974
676 0.0114974
677 0.0114974
678 0.0114974
679 0.0114974
680 0.0114974
681 0.0106889
682 0.0106889
683 0.0106889
684 0.0106889
685 0.0106889
686 0.0106889
687 0.0106889
688 0.0106889
689 0.00988054
690 0.00988054
691 0.00988054
692 0.00988054
693 0.00988054
694 0.00988054
695 0.00988054
696 0.00988054
697 0.00952124
698 0.00952124
699 0.00952124
700 0.00952124
701 0.00952124
702 0.00952124
703 0.00952124
704 0.00952124
705 0.0089823
706 0.0089823
707 0.0089823
708 0.0089823
709 0.0089823
710 0.0089823
711 0.0089823
712 0.0089823
713 0.00880266
714 0.00880266
715 0.00880266
716 0.00880266
717 0.00880266
718 0.00880266
719 0.00880266
720 0.00880266
721 0.00826372
722 0.00826372
723 0.00826372
724 0.00826372
725 0.00826372
726 0.00826372
727 0.00826372
728 0.00826372
729 0.00790443
730 0.00790443
731 0.00790443
732 0.00790443
733 0.00790443
734 0.00790443
735 0.00790443
736 0.00790443
737 0.00745531
738 0.00745531
739 0.00745531
740 0.00745531
741 0.00745531
742 0.00745531
743 0.00745531
744 0.00745531
745 0.0070062
746 0.0070062
747 0.0070062
748 0.0070062
749 0.0070062
750 0.0070062
751 0.0070062
752 0.0070062
753 0.00655708
754 0.00655708
755 0.00655708
756 0.00655708
757 0.00655708
758 0.00655708
759 0.00655708
760 0.00655708
761 0.00646726
762 0.00646726
763 0.00646726
764 0.00646726
765 0.00646726
766 0.00646726
767 0.00646726
768 0.00646726
769 0.00628761
770 0.00628761
771 0.00628761
772 0.00628761
773 0.00628761
774 0.00628761
775 0.00628761
776 0.00628761
777 0.00619779
778 0.00619779
779 0.00619779
780 0.00619779
781 0.00619779
782 0.00619779
783 0.00619779
784 0.00619779
785 0.00574868
786 0.00574868
787 0.00574868
788 0.00574868
789 0.00574868
790 0.00574868
791 0.00574868
792 0.00574868
793 0.00556903
794 0.00556903
795 0.00556903
796 0.00556903
797 0.00556903
798 0.00556903
799 0.00556903
800 0.00556903
801 0.00511991
802 0.00511991
803 0.00511991
804 0.00511991
805 0.00511991
806 0.00511991
807 0.00511991
808 0.00511991
809 0.00511991
810 0.00511991
811 0.00511991
812 0.00511991
813 0.00511991
814 0.00511991
815 0.00511991
816 0.00511991
817 0.00503009
818 0.00503009
819 0.00503009
820 0.00503009
821 0.00503009
822 0.00503009
823 0.00503009
824 0.00503009
825 0.00503009
826 0.00503009
827 0.00503009
828 0.00503009
829 0.00503009
830 0.00503009
831 0.00503009
832 0.00503009
833 0.00485044
834 0.00485044
835 0.00485044
836 0.00485044
837 0.00485044
838 0.00485044
839 0.00485044
840 0.00485044
841 0.00449115
842 0.00449115
843 0.00449115
844 0.00449115
845 0.00449115
846 0.00449115
847 0.00449115
848 0.00449115
849 0.00413186
850 0.00413186
851 0.00413186
852 0.00413186
853 0.00413186
854 0.00413186
855 0.00413186
856 0.00413186
857 0.00404204
858 0.00404204
859 0.00404204
860 0.00404204
861 0.00404204
862 0.00404204
863 0.00404204
864 0.00404204
865 0.00395221
866 0.00395221
867 0.00395221
868 0.00395221
869 0.00395221
870 0.00395221
871 0.00395221
872 0.00395221
873 0.00377257
874 0.00377257
875 0.00377257
876 0.00377257
877 0.00377257
878 0.00377257
879 0.00368274
880 0.00368274
881 0.00359292
882 0.00359292
883 0.00359292
884 0.00359292
885 0.00359292
886 0.00359292
887 0.00359292
888 0.00359292
889 0.00359292
890 0.00359292
891 0.00359292
892 0.00359292
893 0.00359292
894 0.00359292
895 0.00359292
896 0.00359292
897 0.0035031
898 0.0035031
899 0.0035031
900 0.0035031
901 0.0035031
902 0.0035031
903 0.0035031
904 0.0035031
905 0.00332345
906 0.00332345
907 0.00332345
908 0.00332345
909 0.00332345
910 0.00332345
911 0.00332345
912 0.00332345
913 0.00314381
914 0.00314381
915 0.00314381
916 0.00314381
917 0.00314381
918 0.00314381
919 0.00314381
920 0.00314381
921 0.00314381
922 0.00314381
923 0.00314381
924 0.00314381
925 0.00314381
926 0.00314381
927 0.00314381
928 0.00314381
929 0.00314381
930 0.00314381
931 0.00314381
932 0.00314381
933 0.00314381
934 0.00314381
935 0.00314381
936 0.00314381
937 0.00305398
938 0.00305398
939 0.00305398
940 0.00305398
941 0.00305398
942 0.00305398
943 0.00305398
944 0.00305398
945 0.00287434
946 0.00287434
947 0.00287434
948 0.00287434
949 0.00287434
950 0.00287434
951 0.00287434
952 0.00287434
953 0.00287434
954 0.00287434
955 0.00287434
956 0.00287434
957 0.00287434
958 0.00287434
959 0.00287434
960 0.00287434
961 0.00287434
962 0.00287434
963 0.00287434
964 0.00287434
965 0.00287434
966 0.00287434
967 0.00287434
968 0.00287434
969 0.00278451
970 0.00278451
971 0.00278451
972 0.00278451
973 0.00278451
974 0.00278451
975 0.00278451
976 0.00278451
977 0.00242522
978 0.00242522
979 0.00242522
980 0.00242522
981 0.00242522
982 0.00242522
983 0.00242522
984 0.00242522
985 0.00242522
986 0.00242522
987 0.00242522
988 0.00242522
989 0.00242522
990 0.00242522
991 0.00242522
992 0.00242522
993 0.0023354
994 0.0023354
995 0.0023354
996 0.0023354
997 0.0023354
998 0.0023354
999 0.0023354
1000 0.0023354
1001 0.00215575
1002 0.00215575
1003 0.00215575
1004 0.00215575
1005 0.00215575
1006 0.00215575
1007 0.00215575
1008 0.00215575
1009 0.00206593
1010 0.00206593
1011 0.00206593
1012 0.00206593
1013 0.00206593
1014 0.00206593
1015 0.00206593
1016 0.00206593
1017 0.00206593
1018 0.00206593
1019 0.00206593
1020 0.00206593
1021 0.00206593
1022 0.00206593
1023 0.00206593
1024 0.00206593
1025 0.00206593
1026 0.00206593
1027 0.00206593
1028 0.00206593
1029 0.00206593
1030 0.00206593
1031 0.00206593
1032 0.00206593
1033 0.00197611
1034 0.00197611
1035 0.00197611
1036 0.00197611
1037 0.00197611
1038 0.00197611
1039 0.00197611
1040 0.00197611
1041 0.00170664
1042 0.00170664
1043 0.00170664
1044 0.00170664
1045 0.00170664
1046 0.00170664
1047 0.00170664
1048 0.00170664
1049 0.00170664
1050 0.00170664
1051 0.00170664
1052 0.00170664
1053 0.00170664
1054 0.00170664
1055 0.00170664
1056 0.00170664
1057 0.00170664
1058 0.00170664
1059 0.00170664
1060 0.00170664
1061 0.00170664
1062 0.00170664
1063 0.00170664
1064 0.00170664
1065 0.00152699
1066 0.00152699
1067 0.00152699
1068 0.00152699
1069 0.00152699
1070 0.00152699
1071 0.00152699
1072 0.00152699
1073 0.00143717
1074 0.00143717
1075 0.00143717
1076 0.00143717
1077 0.00143717
1078 0.00143717
1079 0.00143717
1080 0.00143717
1081 0.00134735
1082 0.00134735
1083 0.00134735
1084 0.00134735
1085 0.00134735
1086 0.00134735
1087 0.00134735
1088 0.00134735
1089 0.00134735
1090 0.00134735
1091 0.00134735
1092 0.00134735
1093 0.00134735
1094 0.00134735
1095 0.00134735
1096 0.00134735
1097 0.00125752
1098 0.00125752
1099 0.00125752
1100 0.00125752
1101 0.00125752
1102 0.00125752
1103 0.00125752
1104 0.00125752
1105 0.0011677
1106 0.0011677
1107 0.0011677
1108 0.0011677
1109 0.0011677
1110 0.0011677
1111 0.0011677
1112 0.0011677
1113 0.0011677
1114 0.0011677
1115 0.0011677
1116 0.0011677
1117 0.0011677
1118 0.0011677
1119 0.0011677
1120 0.0011677
1121 0.0011677
1122 0.0011677
1123 0.0011677
1124 0.0011677
1125 0.0011677
1126 0.0011677
1127 0.0011677
1128 0.0011677
1129 0.0011677
1130 0.0011677
1131 0.0011677
1132 0.0011677
1133 0.0011677
1134 0.0011677
1135 0.0011677
1136 0.0011677
1137 0.0011677
1138 0.0011677
1139 0.0011677
1140 0.0011677
1141 0.0011677
1142 0.0011677
1143 0.0011677
1144 0.0011677
1145 0.0011677
1146 0.0011677
1147 0.0011677
1148 0.0011677
1149 0.0011677
1150 0.0011677
1151 0.0011677
1152 0.0011677
1153 0.0011677
1154 0.0011677
1155 0.0011677
1156 0.0011677
1157 0.0011677
1158 0.0011677
1159 0.0011677
1160 0.0011677
1161 0.00107788
1162 0.00107788
1163 0.00107788
1164 0.00107788
1165 0.00107788
1166 0.00107788
1167 0.00107788
1168 0.00107788
1169 0.000988054
1170 0.000988054
1171 0.000988054
1172 0.000988054
1173 0.000988054
1174 0.000988054
1175 0.000988054
1176 0.000988054
1177 0.000988054
1178 0.000988054
1179 0.000988054
1180 0.000988054
1181 0.000988054
1182 0.000988054
1183 0.000988054
1184 0.000988054
1185 0.000988054
1186 0.000988054
1187 0.000988054
1188 0.000988054
1189 0.000988054
1190 0.000988054
1191 0.000988054
1192 0.000988054
1193 0.000988054
1194 0.000988054
1195 0.000988054
1196 0.000988054
1197 0.000988054
1198 0.000988054
1199 0.000988054
1200 0.000988054
1201 0.00089823
1202 0.00089823
1203 0.00089823
1204 0.00089823
1205 0.00089823
1206 0.00089823
1207 0.00089823
1208 0.00089823
1209 0.00089823
1210 0.00089823
1211 0.00089823
1212 0.00089823
1213 0.00089823
1214 0.00089823
1215 0.00089823
1216 0.00089823
1217 0.00089823
1218 0.00089823
1219 0.00089823
1220 0.00089823
1221 0.00089823
1222 0.00089823
1223 0.00089823
1224 0.00089823
1225 0.00089823
1226 0.00089823
1227 0.00089823
1228 0.00089823
1229 0.00089823
1230 0.00089823
1231 0.00089823
1232 0.00089823
1233 0.00089823
1234 0.00089823
1235 0.00089823
1236 0.00089823
1237 0.00089823
1238 0.00089823
1239 0.00089823
1240 0.00089823
1241 0.00089823
1242 0.00089823
1243 0.00089823
1244 0.00089823
1245 0.00089823
1246 0.00089823
1247 0.00089823
1248 0.00089823
1249 0.00089823
1250 0.00089823
1251 0.00089823
1252 0.00089823
1253 0.00089823
1254 0.00089823
1255 0.00089823
1256 0.00089823
1257 0.000808407
1258 0.000808407
1259 0.000808407
1260 0.000808407
1261 0.000808407
1262 0.000808407
1263 0.000808407
1264 0.000808407
1265 0.000808407
1266 0.000808407
1267 0.000808407
1268 0.000808407
1269 0.000808407
1270 0.000808407
1271 0.000808407
1272 0.000808407
1273 0.000718584
1274 0.000718584
1275 0.000718584
1276 0.000718584
1277 0.000718584
1278 0.000718584
1279 0.000718584
1280 0.000718584
1281 0.000718584
1282 0.000718584
1283 0.000718584
1284 0.000718584
1285 0.000718584
1286 0.000718584
1287 0.000718584
1288 0.000718584
1289 0.000718584
1290 0.000718584
1291 0.000718584
1292 0.000718584
1293 0.000718584
1294 0.000718584
1295 0.000718584
1296 0.000718584
1297 0.000718584
1298 0.000718584
1299 0.000718584
1300 0.000718584
1301 0.000718584
1302 0.000718584
1303 0.000718584
1304 0.000718584
1305 0.000718584
1306 0.000718584
1307 0.000718584
1308 0.000718584
1309 0.000718584
1310 0.000718584
1311 0.000718584
1312 0.000718584
1313 0.000628761
1314 0.000628761
1315 0.000628761
1316 0.000628761
1317 0.000628761
1318 0.000628761
1319 0.000628761
1320 0.000628761
1321 0.000628761
1322 0.000628761
1323 0.000628761
1324 0.000628761
1325 0.000628761
1326 0.000628761
1327 0.000628761
1328 0.000628761
1329 0.000538938
1330 0.000538938
1331 0.000538938
1332 0.000538938
1333 0.000538938
1334 0.000538938
1335 0.000538938
1336 0.000538938
1337 0.000449115
1338 0.000449115
1339 0.000449115
1340 0.000449115
1341 0.000449115
1342 0.000449115
1343 0.000449115
1344 0.000449115
1345 0.000449115
1346 0.000449115
1347 0.000449115
1348 0.000449115
1349 0.000449115
1350 0.000449115
1351 0.000449115
1352 0.000449115
1353 0.000449115
1354 0.000449115
1355 0.000449115
1356 0.000449115
1357 0.000449115
1358 0.000449115
1359 0.000449115
1360 0.000449115
1361 0.000449115
1362 0.000449115
1363 0.000449115
1364 0.000449115
1365 0.000449115
1366 0.000449115
1367 0.000449115
1368 0.000449115
1369 0.000449115
1370 0.000449115
1371 0.000449115
1372 0.000449115
1373 0.000449115
1374 0.000449115
1375 0.000449115
1376 0.000449115
1377 0.000449115
1378 0.000449115
1379 0.000449115
1380 0.000449115
1381 0.000449115
1382 0.000449115
1383 0.000449115
1384 0.000449115
1385 0.000449115
1386 0.000449115
1387 0.000449115
1388 0.000449115
1389 0.000449115
1390 0.000449115
1391 0.000449115
1392 0.000449115
1393 0.000449115
1394 0.000449115
1395 0.000449115
1396 0.000449115
1397 0.000449115
1398 0.000449115
1399 0.000449115
1400 0.000449115
1401 0.000449115
1402 0.000449115
1403 0.000449115
1404 0.000449115
1405 0.000449115
1406 0.000449115
1407 0.000449115
1408 0.000449115
1409 0.000449115
1410 0.000449115
1411 0.000449115
1412 0.000449115
1413 0.000449115
1414 0.000449115
1415 0.000449115
1416 0.000449115
1417 0.000359292
1418 0.000359292
1419 0.000359292
1420 0.000359292
1421 0.000359292
1422 0.000359292
1423 0.000359292
1424 0.000359292
1425 0.000269469
1426 0.000269469
1427 0.000269469
1428 0.000269469
1429 0.000269469
1430 0.000269469
1431 0.000269469
1432 0.000269469
1433 0.000269469
1434 0.000269469
1435 0.000269469
1436 0.000269469
1437 0.000269469
1438 0.000269469
1439 0.000269469
1440 0.000269469
1441 0.000269469
1442 0.000269469
1443 0.000269469
1444 0.000269469
1445 0.000269469
1446 0.000269469
1447 0.000269469
1448 0.000269469
1449 0.000269469
1450 0.000269469
1451 0.000269469
1452 0.000269469
1453 0.000269469
1454 0.000269469
1455 0.000269469
1456 0.000269469
1457 0.000179646
1458 0.000179646
1459 0.000179646
1460 0.000179646
1461 0.000179646
1462 0.000179646
1463 0.000179646
1464 0.000179646
1465 0.000179646
1466 0.000179646
1467 0.000179646
1468 0.000179646
1469 0.000179646
1470 0.000179646
1471 0.000179646
1472 0.000179646
1473 0.000179646
1474 0.000179646
1475 0.000179646
1476 0.000179646
1477 0.000179646
1478 0.000179646
1479 0.000179646
1480 0.000179646
1481 0.000179646
1482 0.000179646
1483 0.000179646
1484 0.000179646
1485 0.000179646
1486 0.000179646
1487 0.000179646
1488 0.000179646
1489 0.000179646
1490 0.000179646
1491 0.000179646
1492 0.000179646
1493 0.000179646
1494 0.000179646
1495 0.000179646
1496 0.000179646
1497 0.000179646
1498 0.000179646
1499 0.000179646
1500 0.000179646
1501 0.000179646
1502 0.000179646
1503 0.000179646
1504 0.000179646
1505 0.000179646
1506 0.000179646
1507 0.000179646
1508 0.000179646
1509 0.000179646
1510 0.000179646
1511 0.000179646
1512 0.000179646
1513 0.000179646
1514 0.000179646
1515 0.000179646
1516 0.000179646
1517 0.000179646
1518 0.000179646
1519 0.000179646
1520 0.000179646
1521 0.000179646
1522 0.000179646
1523 0.000179646
1524 0.000179646
1525 0.000179646
1526 0.000179646
1527 0.000179646
1528 0.000179646
1529 0.000179646
1530 0.000179646
1531 0.000179646
1532 0.000179646
1533 0.000179646
1534 0.000179646
1535 0.000179646
1536 0.000179646
1537 0.000179646
1538 0.000179646
1539 0.000179646
1540 0.000179646
1541 0.000179646
1542 0.000179646
1543 0.000179646
1544 0.000179646
1545 0.000179646
1546 0.000179646
1547 0.000179646
1548 0.000179646
1549 0.000179646
1550 0.000179646
1551 0.000179646
1552 0.000179646
1553 0.000179646
1554 0.000179646
1555 0.000179646
1556 0.000179646
1557 0.000179646
1558 0.000179646
1559 0.000179646
1560 0.000179646
1561 0.000179646
1562 0.000179646
1563 0.000179646
1564 0.000179646
1565 0.000179646
1566 0.000179646
1567 0.000179646
1568 0.000179646
1569 0.000179646
1570 0.000179646
1571 0.000179646
1572 0.000179646
1573 0.000179646
1574 0.000179646
1575 0.000179646
1576 0.000179646
1577 0.000179646
1578 0.000179646
1579 0.000179646
1580 0.000179646
1581 0.000179646
1582 0.000179646
1583 0.000179646
1584 0.000179646
1585 0.000179646
1586 0.000179646
1587 0.000179646
1588 0.000179646
1589 0.000179646
1590 0.000179646
1591 0.000179646
1592 0.000179646
1593 0.000179646
1594 0.000179646
1595 0.000179646
1596 0.000179646
1597 0.000179646
1598 0.000179646
1599 0.000179646
1600 0.000179646
1601 0.000179646
1602 0.000179646
1603 0.000179646
1604 0.000179646
1605 0.000179646
1606 0.000179646
1607 0.000179646
1608 0.000179646
1609 0.000179646
1610 0.000179646
1611 0.000179646
1612 0.000179646
1613 0.000179646
1614 0.000179646
1615 0.000179646
1616 0.000179646
1617 0.000179646
1618 0.000179646
1619 0.000179646
1620 0.000179646
1621 0.000179646
1622 0.000179646
1623 0.000179646
1624 0.000179646
1625 0.000179646
1626 0.000179646
1627 0.000179646
1628 0.000179646
1629 0.000179646
1630 0.000179646
1631 0.000179646
1632 0.000179646
1633 0.000179646
1634 0.000179646
1635 0.000179646
1636 0.000179646
1637 0.000179646
1638 0.000179646
1639 0.000179646
1640 0.000179646
1641 8.98231e-05
1642 8.98231e-05
1643 8.98231e-05
1644 8.98231e-05
1645 8.98231e-05
1646 8.98231e-05
1647 8.98231e-05
1648 8.98231e-05
1649 8.98231e-05
1650 8.98231e-05
1651 8.98231e-05
1652 8.98231e-05
1653 8.98231e-05
1654 8.98231e-05
1655 8.98231e-05
1656 8.98231e-05
1657 8.98231e-05
1658 8.98231e-05
1659 8.98231e-05
1660 8.98231e-05
1661 8.98231e-05
1662 8.98231e-05
1663 8.98231e-05
1664 8.98231e-05
1665 8.98231e-05
1666 8.98231e-05
1667 8.98231e-05
1668 8.98231e-05
1669 8.98231e-05
1670 8.98231e-05
1671 8.98231e-05
1672 8.98231e-05
1673 8.98231e-05
1674 8.98231e-05
1675 8.98231e-05
1676 8.98231e-05
1677 8.98231e-05
1678 8.98231e-05
1679 8.98231e-05
1680 8.98231e-05
1681 8.98231e-05
1682 8.98231e-05
1683 8.98231e-05
1684 8.98231e-05
1685 8.98231e-05
1686 8.98231e-05
1687 8.98231e-05
1688 8.98231e-05
1689 8.98231e-05
1690 8.98231e-05
1691 8.98231e-05
1692 8.98231e-05
1693 8.98231e-05
1694 8.98231e-05
1695 8.98231e-05
1696 8.98231e-05
1697 8.98231e-05
1698 8.98231e-05
1699 8.98231e-05
1700 8.98231e-05
1701 8.98231e-05
1702 8.98231e-05
1703 8.98231e-05
1704 8.98231e-05
1705 8.98231e-05
1706 8.98231e-05
1707 8.98231e-05
1708 8.98231e-05
1709 8.98231e-05
1710 8.98231e-05
1711 8.98231e-05
1712 8.98231e-05
1713 8.98231e-05
1714 8.98231e-05
1715 8.98231e-05
1716 8.98231e-05
1717 8.98231e-05
1718 8.98231e-05
1719 8.98231e-05
1720 8.98231e-05
1721 8.98231e-05
1722 8.98231e-05
1723 8.98231e-05
1724 8.98231e-05
1725 8.98231e-05
1726 8.98231e-05
1727 8.98231e-05
1728 8.98231e-05
1729 8.98231e-05
1730 8.98231e-05
1731 8.98231e-05
1732 8.98231e-05
1733 8.98231e-05
1734 8.98231e-05
1735 8.98231e-05
1736 8.98231e-05
1737 8.98231e-05
1738 8.98231e-05
1739 8.98231e-05
1740 8.98231e-05
1741 8.98231e-05
1742 8.98231e-05
1743 8.98231e-05
1744 8.98231e-05
1745 8.98231e-05
1746 8.98231e-05
1747 8.98231e-05
1748 8.98231e-05
1749 8.98231e-05
1750 8.98231e-05
1751 8.98231e-05
1752 8.98231e-05
1753 8.98231e-05
1754 8.98231e-05
1755 8.98231e-05
1756 8.98231e-05
1757 8.98231e-05
1758 8.98231e-05
1759 8.98231e-05
1760 8.98231e-05
1761 8.98231e-05
1762 8.98231e-05
1763 8.98231e-05
1764 8.98231e-05
1765 8.98231e-05
1766 8.98231e-05
1767 8.98231e-05
1768 8.98231e-05
1769 8.98231e-05
1770 8.98231e-05
1771 8.98231e-05
1772 8.98231e-05
1773 8.98231e-05
1774 8.98231e-05
1775 8.98231e-05
1776 8.98231e-05
1777 8.98231e-05
1778 8.98231e-05
1779 8.98231e-05
1780 8.98231e-05
1781 8.98231e-05
1782 8.98231e-05
1783 8.98231e-05
1784 8.98231e-05
1785 8.98231e-05
1786 8.98231e-05
1787 8.98231e-05
1788 8.98231e-05
1789 8.98231e-05
1790 8.98231e-05
1791 8.98231e-05
1792 8.98231e-05
1793 8.98231e-05
1794 8.98231e-05
1795 8.98231e-05
1796 8.98231e-05
1797 8.98231e-05
1798 8.98231e-05
1799 8.98231e-05
1800 8.98231e-05
1801 8.98231e-05
1802 8.98231e-05
1803 8.98231e-05
1804 8.98231e-05
1805 8.98231e-05
1806 8.98231e-05
1807 8.98231e-05
1808 8.98231e-05
1809 8.98231e-05
1810 8.98231e-05
1811 8.98231e-05
1812 8.98231e-05
1813 8.98231e-05
1814 8.98231e-05
1815 8.98231e-05
1816 8.98231e-05
1817 8.98231e-05
1818 8.98231e-05
1819 8.98231e-05
1820 8.98231e-05
1821 8.98231e-05
1822 8.98231e-05
1823 8.98231e-05
1824 8.98231e-05
1825 8.98231e-05
1826 8.98231e-05
1827 8.98231e-05
1828 8.98231e-05
1829 8.98231e-05
1830 8.98231e-05
1831 8.98231e-05
1832 8.98231e-05
1833 8.98231e-05
1834 8.98231e-05
1835 8.98231e-05
1836 8.98231e-05
1837 8.98231e-05
1838 8.98231e-05
1839 8.98231e-05
1840 8.98231e-05
1841 8.98231e-05
1842 8.98231e-05
1843 8.98231e-05
1844 8.98231e-05
1845 8.98231e-05
1846 8.98231e-05
1847 8.98231e-05
1848 8.98231e-05
1849 8.98231e-05
1850 8.98231e-05
1851 8.98231e-05
1852 8.98231e-05
1853 8.98231e-05
1854 8.98231e-05
1855 8.98231e-05
1856 8.98231e-05
1857 8.98231e-05
1858 8.98231e-05
1859 8.98231e-05
1860 8.98231e-05
1861 8.98231e-05
1862 8.98231e-05
1863 8.98231e-05
1864 8.98231e-05
1865 8.98231e-05
1866 8.98231e-05
1867 8.98231e-05
1868 8.98231e-05
1869 8.98231e-05
1870 8.98231e-05
1871 8.98231e-05
1872 8.98231e-05
1873 8.98231e-05
1874 8.98231e-05
1875 8.98231e-05
1876 8.98231e-05
1877 8.98231e-05
1878 8.98231e-05
1879 8.98231e-05
1880 8.98231e-05
1881 8.98231e-05
1882 8.98231e-05
1883 8.98231e-05
1884 8.98231e-05
1885 8.98231e-05
1886 8.98231e-05
1887 8.98231e-05
1888 8.98231e-05
1889 8.98231e-05
1890 8.98231e-05
1891 8.98231e-05
1892 8.98231e-05
1893 8.98231e-05
1894 8.98231e-05
1895 8.98231e-05
1896 8.98231e-05
1897 8.98231e-05
1898 8.98231e-05
1899 8.98231e-05
1900 8.98231e-05
1901 8.98231e-05
1902 8.98231e-05
1903 8.98231e-05
1904 8.98231e-05
1905 8.98231e-05
1906 8.98231e-05
1907 8.98231e-05
1908 8.98231e-05
1909 8.98231e-05
1910 8.98231e-05
1911 8.98231e-05
1912 8.98231e-05
1913 8.98231e-05
1914 8.98231e-05
1915 8.98231e-05
1916 8.98231e-05
1917 8.98231e-05
1918 8.98231e-05
1919 8.98231e-05
1920 8.98231e-05
1921 8.98231e-05
1922 8.98231e-05
1923 8.98231e-05
1924 8.98231e-05
1925 8.98231e-05
1926 8.98231e-05
1927 8.98231e-05
1928 8.98231e-05
1929 8.98231e-05
1930 8.98231e-05
1931 8.98231e-05
1932 8.98231e-05
1933 8.98231e-05
1934 8.98231e-05
1935 8.98231e-05
1936 8.98231e-05
1937 8.98231e-05
1938 8.98231e-05
1939 8.98231e-05
1940 8.98231e-05
1941 8.98231e-05
1942 8.98231e-05
1943 8.98231e-05
1944 8.98231e-05
1945 8.98231e-05
1946 8.98231e-05
1947 8.98231e-05
1948 8.98231e-05
1949 8.98231e-05
1950 8.98231e-05
1951 8.98231e-05
1952 8.98231e-05
1953 8.98231e-05
1954 8.98231e-05
1955 8.98231e-05
1956 8.98231e-05
1957 8.98231e-05
1958 8.98231e-05
1959 8.98231e-05
1960 8.98231e-05
1961 8.98231e-05
1962 8.98231e-05
1963 8.98231e-05
1964 8.98231e-05
1965 8.98231e-05
1966 8.98231e-05
1967 8.98231e-05
1968 8.98231e-05
1969 8.98231e-05
1970 8.98231e-05
1971 8.98231e-05
1972 8.98231e-05
1973 8.98231e-05
1974 8.98231e-05
1975 8.98231e-05
1976 8.98231e-05
1977 8.98231e-05
1978 8.98231e-05
1979 8.98231e-05
1980 8.98231e-05
1981 8.98231e-05
1982 8.98231e-05
1983 8.98231e-05
1984 8.98231e-05
1985 8.98231e-05
1986 8.98231e-05
1987 8.98231e-05
1988 8.98231e-05
1989 8.98231e-05
1990 8.98231e-05
1991 8.98231e-05
1992 8.98231e-05
1993 8.98231e-05
1994 8.98231e-05
1995 8.98231e-05
1996 8.98231e-05
1997 8.98231e-05
1998 8.98231e-05
1999 8.98231e-05
2000 8.98231e-05
2001 8.98231e-05
2002 8.98231e-05
2003 8.98231e-05
2004 8.98231e-05
2005 8.98231e-05
2006 8.98231e-05
2007 8.98231e-05
2008 8.98231e-05
2009 8.98231e-05
2010 8.98231e-05
2011 8.98231e-05
2012 8.98231e-05
2013 8.98231e-05
2014 8.98231e-05
2015 8.98231e-05
2016 8.98231e-05
