0 1
1 1
2 1
3 1
4 1
5 1
6 1
7 0.999694
8 0.999694
9 0.999694
10 0.999694
11 0.999694
12 0.999694
13 0.999694
14 0.999694
15 0.99965
16 0.99965
17 0.99965
18 0.99965
19 0.99965
20 0.99965
21 0.99965
22 0.99965
23 0.999607
24 0.999607
25 0.999607
26 0.999607
27 0.999607
28 0.999607
29 0.999607
30 0.999607
31 0.999519
32 0.999519
33 0.999519
34 0.999519
35 0.999519
36 0.999519
37 0.999519
38 0.999519
39 0.999344
40 0.999344
41 0.999344
42 0.999344
43 0.999344
44 0.999344
45 0.999344
46 0.999344
47 0.999038
48 0.999038
49 0.953971
50 0.953971
51 0.953971
52 0.953971
53 0.953971
54 0.953971
55 0.953753
56 0.953753
57 0.905626
58 0.905626
59 0.905626
60 0.905626
61 0.905626
62 0.905626
63 0.905451
64 0.905451
65 0.85763
66 0.85763
67 0.85763
68 0.85763
69 0.85763
70 0.85763
71 0.857455
72 0.857455
73 0.813087
74 0.813087
75 0.813087
76 0.813087
77 0.813087
78 0.813087
79 0.812825
80 0.812825
81 0.769113
82 0.769113
83 0.769113
84 0.769113
85 0.769113
86 0.769113
87 0.768938
88 0.768938
89 0.724265
90 0.724265
91 0.724265
92 0.724265
93 0.724265
94 0.724265
95 0.724221
96 0.724221
97 0.684836
98 0.684836
99 0.684836
100 0.684836
101 0.684836
102 0.684836
103 0.684705
104 0.684705
105 0.644709
106 0.644709
107 0.644709
108 0.644709
109 0.644709
110 0.644709
111 0.644621
112 0.644621
113 0.607073
114 0.607073
115 0.607073
116 0.607073
117 0.607073
118 0.607073
119 0.606854
120 0.606854
121 0.568868
122 0.568868
123 0.568868
124 0.568868
125 0.568868
126 0.568868
127 0.568693
128 0.568693
129 0.533768
130 0.533768
131 0.533768
132 0.533768
133 0.533768
134 0.533768
135 0.533462
136 0.533462
137 0.500546
138 0.500546
139 0.500546
140 0.500546
141 0.500546
142 0.500546
143 0.50024
144 0.50024
145 0.469904
146 0.469904
147 0.469904
148 0.469904
149 0.469904
150 0.469904
151 0.469686
152 0.469686
153 0.442147
154 0.442147
155 0.442147
156 0.442147
157 0.442147
158 0.442147
159 0.442016
160 0.442016
161 0.415832
162 0.415832
163 0.415832
164 0.415832
165 0.415832
166 0.415832
167 0.415789
168 0.415789
169 0.389649
170 0.389649
171 0.389649
172 0.389649
173 0.389649
174 0.389649
175 0.38943
176 0.38943
177 0.363553
178 0.363553
179 0.363553
180 0.363553
181 0.363553
182 0.363553
183 0.363291
184 0.363291
185 0.339555
186 0.339555
187 0.339555
188 0.339555
189 0.339555
190 0.339555
191 0.339555
192 0.339555
193 0.318835
194 0.318835
195 0.318835
196 0.318835
197 0.318835
198 0.318835
199 0.318792
200 0.318792
201 0.299952
202 0.299952
203 0.299952
204 0.299952
205 0.299952
206 0.299952
207 0.299865
208 0.299865
209 0.27967
210 0.27967
211 0.27967
212 0.27967
213 0.27967
214 0.27967
215 0.27967
216 0.27967
217 0.264676
218 0.264676
219 0.264676
220 0.264676
221 0.264676
222 0.264676
223 0.264545
224 0.264545
225 0.247672
226 0.247672
227 0.247672
228 0.247672
229 0.247672
230 0.247672
231 0.247585
232 0.247585
233 0.231805
234 0.231805
235 0.231805
236 0.231805
237 0.231805
238 0.231805
239 0.231761
240 0.231761
241 0.216593
242 0.216593
243 0.216593
244 0.216593
245 0.216593
246 0.216593
247 0.216549
248 0.216549
249 0.204966
250 0.204966
251 0.204966
252 0.204966
253 0.204966
254 0.204966
255 0.204878
256 0.204878
257 0.19242
258 0.19242
259 0.19242
260 0.19242
261 0.19242
262 0.19242
263 0.192333
264 0.192333
265 0.181929
266 0.181929
267 0.181929
268 0.181929
269 0.181929
270 0.181929
271 0.181886
272 0.181886
273 0.171745
274 0.171745
275 0.171745
276 0.171745
277 0.171745
278 0.171745
279 0.171701
280 0.171701
281 0.162128
282 0.162128
283 0.162128
284 0.162128
285 0.162128
286 0.162128
287 0.162128
288 0.162128
289 0.153385
290 0.153385
291 0.153385
292 0.153385
293 0.153385
294 0.153385
295 0.153342
296 0.153342
297 0.144643
298 0.144643
299 0.144643
300 0.144643
301 0.144643
302 0.144643
303 0.144599
304 0.144599
305 0.13577
306 0.13577
307 0.13577
308 0.13577
309 0.13577
310 0.13577
311 0.13577
312 0.13577
313 0.127377
314 0.127377
315 0.127377
316 0.127377
317 0.127377
318 0.127377
319 0.127333
320 0.127333
321 0.119727
322 0.119727
323 0.119727
324 0.119727
325 0.119727
326 0.119727
327 0.119727
328 0.119727
329 0.111641
330 0.111641
331 0.111641
332 0.111641
333 0.111641
334 0.111641
335 0.111597
336 0.111597
337 0.104821
338 0.104821
339 0.104821
340 0.104821
341 0.104821
342 0.104821
343 0.104821
344 0.104821
345 0.0985269
346 0.0985269
347 0.0985269
348 0.0985269
349 0.0985269
350 0.0985269
351 0.0985269
352 0.0985269
353 0.093194
354 0.093194
355 0.093194
356 0.093194
357 0.093194
358 0.093194
359 0.0931503
360 0.0931503
361 0.0882109
362 0.0882109
363 0.0882109
364 0.0882109
365 0.0882109
366 0.0882109
367 0.0881672
368 0.0881672
369 0.0830091
370 0.0830091
371 0.0830091
372 0.0830091
373 0.0830091
374 0.0830091
375 0.0829654
376 0.0829654
377 0.0784194
378 0.0784194
379 0.0784194
380 0.0784194
381 0.0784194
382 0.0784194
383 0.0784194
384 0.0784194
385 0.0729554
386 0.0729554
387 0.0729554
388 0.0729554
389 0.0729554
390 0.0729554
391 0.0729554
392 0.0729554
393 0.0688902
394 0.0688902
395 0.0688902
396 0.0688902
397 0.0688902
398 0.0688902
399 0.0688464
400 0.0688464
401 0.0644752
402 0.0644752
403 0.0644752
404 0.0644752
405 0.0644752
406 0.0644752
407 0.0644752
408 0.0644752
409 0.0608471
410 0.0608471
411 0.0608471
412 0.0608471
413 0.0608471
414 0.0608471
415 0.0607597
416 0.0607597
417 0.0574376
418 0.0574376
419 0.0574376
420 0.0574376
421 0.0574376
422 0.0574376
423 0.0573939
424 0.0573939
425 0.0547712
426 0.0547712
427 0.0547712
428 0.0547712
429 0.0547712
430 0.0547712
431 0.0547712
432 0.0547712
433 0.051755
434 0.051755
435 0.051755
436 0.051755
437 0.051755
438 0.051755
439 0.051755
440 0.051755
441 0.0486952
442 0.0486952
443 0.0486952
444 0.0486952
445 0.0486952
446 0.0486952
447 0.0484766
448 0.0484766
449 0.0457228
450 0.0457228
451 0.0457228
452 0.0457228
453 0.0457228
454 0.0457228
455 0.0456791
456 0.0456791
457 0.0426192
458 0.0426192
459 0.0426192
460 0.0426192
461 0.0426192
462 0.0426192
463 0.0426192
464 0.0426192
465 0.0402588
466 0.0402588
467 0.0402588
468 0.0402588
469 0.0402588
470 0.0402588
471 0.0402588
472 0.0402588
473 0.0371989
474 0.0371989
475 0.0371989
476 0.0371989
477 0.0371989
478 0.0371989
479 0.0371989
480 0.0371989
481 0.0353193
482 0.0353193
483 0.0353193
484 0.0353193
485 0.0353193
486 0.0353193
487 0.0352756
488 0.0352756
489 0.0331774
490 0.0331774
491 0.0331774
492 0.0331774
493 0.0331774
494 0.0331774
495 0.0331774
496 0.0331774
497 0.0312978
498 0.0312978
499 0.0312978
500 0.0312978
501 0.0312978
502 0.0312978
503 0.0312541
504 0.0312541
505 0.0295493
506 0.0295493
507 0.0295493
508 0.0295493
509 0.0295493
510 0.0295493
511 0.0295493
512 0.0295493
513 0.0279757
514 0.0279757
515 0.0279757
516 0.0279757
517 0.0279757
518 0.0279757
519 0.0279757
520 0.0279757
521 0.0266643
522 0.0266643
523 0.0266643
524 0.0266643
525 0.0266643
526 0.0266643
527 0.0266643
528 0.0266643
529 0.0252218
530 0.0252218
531 0.0252218
532 0.0252218
533 0.0252218
534 0.0252218
535 0.0252218
536 0.0252218
537 0.0236482
538 0.0236482
539 0.0236482
540 0.0236482
541 0.0236482
542 0.0236482
543 0.0236482
544 0.0236482
545 0.0226428
546 0.0226428
547 0.0226428
548 0.0226428
549 0.0226428
550 0.0226428
551 0.0226428
552 0.0226428
553 0.0215937
554 0.0215937
555 0.0215937
556 0.0215937
557 0.0215937
558 0.0215937
559 0.02155
560 0.02155
561 0.0206758
562 0.0206758
563 0.0206758
564 0.0206758
565 0.0206758
566 0.0206758
567 0.0206758
568 0.0206758
569 0.0194956
570 0.0194956
571 0.0194956
572 0.0194956
573 0.0194956
574 0.0194956
575 0.0194956
576 0.0194956
577 0.0182279
578 0.0182279
579 0.0182279
580 0.0182279
581 0.0182279
582 0.0182279
583 0.0182279
584 0.0182279
585 0.017004
586 0.017004
587 0.017004
588 0.017004
589 0.017004
590 0.017004
591 0.017004
592 0.017004
593 0.0161734
594 0.0161734
595 0.0161734
596 0.0161734
597 0.0161734
598 0.0161734
599 0.0161734
600 0.0161734
601 0.0152992
602 0.0152992
603 0.0152992
604 0.0152992
605 0.0152992
606 0.0152992
607 0.0152992
608 0.0152992
609 0.0145998
610 0.0145998
611 0.0145998
612 0.0145998
613 0.0145998
614 0.0145998
615 0.0145998
616 0.0145998
617 0.0139878
618 0.0139878
619 0.0139878
620 0.0139878
621 0.0139878
622 0.0139878
623 0.0139878
624 0.0139878
625 0.0132447
626 0.0132447
627 0.0132447
628 0.0132447
629 0.0132447
630 0.0132447
631 0.0132447
632 0.0132447
633 0.0125016
634 0.0125016
635 0.0125016
636 0.0125016
637 0.0125016
638 0.0125016
639 0.0125016
640 0.0125016
641 0.0118022
642 0.0118022
643 0.0118022
644 0.0118022
645 0.0118022
646 0.0118022
647 0.0118022
648 0.0118022
649 0.010928
650 0.010928
651 0.010928
652 0.010928
653 0.010928
654 0.010928
655 0.010928
656 0.010928
657 0.0100975
658 0.0100975
659 0.0100975
660 0.0100975
661 0.0100975
662 0.0100975
663 0.0100975
664 0.0100975
665 0.00970407
666 0.00970407
667 0.00970407
668 0.00970407
669 0.00970407
670 0.00970407
671 0.00966036
672 0.00966036
673 0.00926695
674 0.00926695
675 0.00926695
676 0.00926695
677 0.00926695
678 0.00926695
679 0.00926695
680 0.00926695
681 0.00852385
682 0.00852385
683 0.00852385
684 0.00852385
685 0.00852385
686 0.00852385
687 0.00852385
688 0.00852385
689 0.00821786
690 0.00821786
691 0.00821786
692 0.00821786
693 0.00821786
694 0.00821786
695 0.00821786
696 0.00821786
697 0.00738733
698 0.00738733
699 0.00738733
700 0.00738733
701 0.00738733
702 0.00738733
703 0.00738733
704 0.00738733
705 0.00681908
706 0.00681908
707 0.00681908
708 0.00681908
709 0.00681908
710 0.00681908
711 0.00681908
712 0.00681908
713 0.00642567
714 0.00642567
715 0.00642567
716 0.00642567
717 0.00642567
718 0.00642567
719 0.00642567
720 0.00642567
721 0.00603226
722 0.00603226
723 0.00603226
724 0.00603226
725 0.00603226
726 0.00603226
727 0.00603226
728 0.00603226
729 0.00555143
730 0.00555143
731 0.00555143
732 0.00555143
733 0.00555143
734 0.00555143
735 0.00555143
736 0.00555143
737 0.00533287
738 0.00533287
739 0.00533287
740 0.00533287
741 0.00533287
742 0.00533287
743 0.00533287
744 0.00533287
745 0.00515802
746 0.00515802
747 0.00515802
748 0.00515802
749 0.00515802
750 0.00515802
751 0.00515802
752 0.00515802
753 0.00493946
754 0.00493946
755 0.00493946
756 0.00493946
757 0.00493946
758 0.00493946
759 0.00493946
760 0.00493946
761 0.00485203
762 0.00485203
763 0.00485203
764 0.00485203
765 0.00485203
766 0.00485203
767 0.00485203
768 0.00485203
769 0.00454605
770 0.00454605
771 0.00454605
772 0.00454605
773 0.00454605
774 0.00454605
775 0.00454605
776 0.00454605
777 0.00432749
778 0.00432749
779 0.00432749
780 0.00432749
781 0.00432749
782 0.00432749
783 0.00432749
784 0.00432749
785 0.00410893
786 0.00410893
787 0.00410893
788 0.00410893
789 0.00410893
790 0.00410893
791 0.00410893
792 0.00410893
793 0.00367181
794 0.00367181
795 0.00367181
796 0.00367181
797 0.00367181
798 0.00367181
799 0.00367181
800 0.00367181
801 0.00349696
802 0.00349696
803 0.00349696
804 0.00349696
805 0.00349696
806 0.00349696
807 0.00349696
808 0.00349696
809 0.00323469
810 0.00323469
811 0.00323469
812 0.00323469
813 0.00323469
814 0.00323469
815 0.00323469
816 0.00323469
817 0.00297242
818 0.00297242
819 0.00297242
820 0.00297242
821 0.00297242
822 0.00297242
823 0.00297242
824 0.00297242
825 0.00292871
826 0.00292871
827 0.00292871
828 0.00292871
829 0.00292871
830 0.00292871
831 0.00292871
832 0.00292871
833 0.00284128
834 0.00284128
835 0.00284128
836 0.00284128
837 0.00284128
838 0.00284128
839 0.00279757
840 0.00279757
841 0.00262272
842 0.00262272
843 0.00262272
844 0.00262272
845 0.00262272
846 0.00262272
847 0.00262272
848 0.00262272
849 0.00240416
850 0.00240416
851 0.00240416
852 0.00240416
853 0.00240416
854 0.00240416
855 0.00240416
856 0.00240416
857 0.00227303
858 0.00227303
859 0.00227303
860 0.00227303
861 0.00227303
862 0.00227303
863 0.00227303
864 0.00227303
865 0.0021856
866 0.0021856
867 0.0021856
868 0.0021856
869 0.0021856
870 0.0021856
871 0.0021856
872 0.0021856
873 0.00201075
874 0.00201075
875 0.00201075
876 0.00201075
877 0.00201075
878 0.00201075
879 0.00201075
880 0.00201075
881 0.00201075
882 0.00201075
883 0.00201075
884 0.00201075
885 0.00201075
886 0.00201075
887 0.00201075
888 0.00201075
889 0.00179219
890 0.00179219
891 0.00179219
892 0.00179219
893 0.00179219
894 0.00179219
895 0.00179219
896 0.00179219
897 0.00166106
898 0.00166106
899 0.00166106
900 0.00166106
901 0.00166106
902 0.00166106
903 0.00166106
904 0.00166106
905 0.00166106
906 0.00166106
907 0.00166106
908 0.00166106
909 0.00166106
910 0.00166106
911 0.00166106
912 0.00166106
913 0.00157363
914 0.00157363
915 0.00157363
916 0.00157363
917 0.00157363
918 0.00157363
919 0.00157363
920 0.00157363
921 0.00139878
922 0.00139878
923 0.00139878
924 0.00139878
925 0.00139878
926 0.00139878
927 0.00139878
928 0.00139878
929 0.00131136
930 0.00131136
931 0.00131136
932 0.00131136
933 0.00131136
934 0.00131136
935 0.00131136
936 0.00131136
937 0.00122394
938 0.00122394
939 0.00122394
940 0.00122394
941 0.00122394
942 0.00122394
943 0.00122394
944 0.00122394
945 0.00113651
946 0.00113651
947 0.00113651
948 0.00113651
949 0.00113651
950 0.00113651
951 0.00113651
952 0.00113651
953 0.00113651
954 0.00113651
955 0.00113651
956 0.00113651
957 0.00113651
958 0.00113651
959 0.00113651
960 0.00113651
961 0.00100538
962 0.00100538
963 0.00100538
964 0.00100538
965 0.00100538
966 0.00100538
967 0.00100538
968 0.00100538
969 0.00087424
970 0.00087424
971 0.00087424
972 0.00087424
973 0.00087424
974 0.00087424
975 0.00087424
976 0.00087424
977 0.000830529
978 0.000830529
979 0.000830529
980 0.000830529
981 0.000830529
982 0.000830529
983 0.000830529
984 0.000830529
985 0.000830529
986 0.000830529
987 0.000830529
988 0.000830529
989 0.000830529
990 0.000830529
991 0.000830529
992 0.000830529
993 0.000786816
994 0.000786816
995 0.000786816
996 0.000786816
997 0.000786816
998 0.000786816
999 0.000786816
1000 0.000786816
1001 0.000743104
1002 0.000743104
1003 0.000743104
1004 0.000743104
1005 0.000743104
1006 0.000743104
1007 0.000743104
1008 0.000743104
1009 0.000611968
1010 0.000611968
1011 0.000611968
1012 0.000611968
1013 0.000611968
1014 0.000611968
1015 0.000611968
1016 0.000611968
1017 0.000568256
1018 0.000568256
1019 0.000568256
1020 0.000568256
1021 0.000568256
1022 0.000568256
1023 0.000524544
1024 0.000524544
1025 0.000524544
1026 0.000524544
1027 0.000524544
1028 0.000524544
1029 0.000524544
1030 0.000524544
1031 0.000524544
1032 0.000524544
1033 0.00043712
1034 0.00043712
1035 0.00043712
1036 0.00043712
1037 0.00043712
1038 0.00043712
1039 0.00043712
1040 0.00043712
1041 0.00043712
1042 0.00043712
1043 0.00043712
1044 0.00043712
1045 0.00043712
1046 0.00043712
1047 0.00043712
1048 0.00043712
1049 0.00043712
1050 0.00043712
1051 0.00043712
1052 0.00043712
1053 0.00043712
1054 0.00043712
1055 0.00043712
1056 0.00043712
1057 0.00043712
1058 0.00043712
1059 0.00043712
1060 0.00043712
1061 0.00043712
1062 0.00043712
1063 0.00043712
1064 0.00043712
1065 0.000393408
1066 0.000393408
1067 0.000393408
1068 0.000393408
1069 0.000393408
1070 0.000393408
1071 0.000393408
1072 0.000393408
1073 0.000393408
1074 0.000393408
1075 0.000393408
1076 0.000393408
1077 0.000393408
1078 0.000393408
1079 0.000393408
1080 0.000393408
1081 0.000393408
1082 0.000393408
1083 0.000393408
1084 0.000393408
1085 0.000393408
1086 0.000393408
1087 0.000393408
1088 0.000393408
1089 0.000393408
1090 0.000393408
1091 0.000393408
1092 0.000393408
1093 0.000393408
1094 0.000393408
1095 0.000393408
1096 0.000393408
1097 0.000349696
1098 0.000349696
1099 0.000349696
1100 0.000349696
1101 0.000349696
1102 0.000349696
1103 0.000349696
1104 0.000349696
1105 0.000349696
1106 0.000349696
1107 0.000349696
1108 0.000349696
1109 0.000349696
1110 0.000349696
1111 0.000349696
1112 0.000349696
1113 0.000262272
1114 0.000262272
1115 0.000262272
1116 0.000262272
1117 0.000262272
1118 0.000262272
1119 0.000262272
1120 0.000262272
1121 0.000262272
1122 0.000262272
1123 0.000262272
1124 0.000262272
1125 0.000262272
1126 0.000262272
1127 0.000262272
1128 0.000262272
1129 0.000262272
1130 0.000262272
1131 0.000262272
1132 0.000262272
1133 0.000262272
1134 0.000262272
1135 0.000262272
1136 0.000262272
1137 0.00021856
1138 0.00021856
1139 0.00021856
1140 0.00021856
1141 0.00021856
1142 0.00021856
1143 0.00021856
1144 0.00021856
1145 0.000174848
1146 0.000174848
1147 0.000174848
1148 0.000174848
1149 0.000174848
1150 0.000174848
1151 0.000174848
1152 0.000174848
1153 0.000174848
1154 0.000174848
1155 0.000174848
1156 0.000174848
1157 0.000174848
1158 0.000174848
1159 0.000174848
1160 0.000174848
1161 0.000174848
1162 0.000174848
1163 0.000174848
1164 0.000174848
1165 0.000174848
1166 0.000174848
1167 0.000174848
1168 0.000174848
1169 0.000174848
1170 0.000174848
1171 0.000174848
1172 0.000174848
1173 0.000174848
1174 0.000174848
1175 0.000174848
1176 0.000174848
1177 0.000131136
1178 0.000131136
1179 0.000131136
1180 0.000131136
1181 0.000131136
1182 0.000131136
1183 0.000131136
1184 0.000131136
1185 0.000131136
1186 0.000131136
1187 0.000131136
1188 0.000131136
1189 0.000131136
1190 0.000131136
1191 0.000131136
1192 0.000131136
1193 0.000131136
1194 0.000131136
1195 0.000131136
1196 0.000131136
1197 0.000131136
1198 0.000131136
1199 0.000131136
1200 0.000131136
1201 0.000131136
1202 0.000131136
1203 0.000131136
1204 0.000131136
1205 0.000131136
1206 0.000131136
1207 0.000131136
1208 0.000131136
1209 8.74241e-05
1210 8.74241e-05
1211 8.74241e-05
1212 8.74241e-05
1213 8.74241e-05
1214 8.74241e-05
1215 8.74241e-05
1216 8.74241e-05
1217 8.74241e-05
1218 8.74241e-05
1219 8.74241e-05
1220 8.74241e-05
1221 8.74241e-05
1222 8.74241e-05
1223 8.74241e-05
1224 8.74241e-05
1225 4.3712e-05
1226 4.3712e-05
1227 4.3712e-05
1228 4.3712e-05
1229 4.3712e-05
1230 4.3712e-05
1231 4.3712e-05
1232 4.3712e-05
1233 4.3712e-05
1234 4.3712e-05
1235 4.3712e-05
1236 4.3712e-05
1237 4.3712e-05
1238 4.3712e-05
1239 4.3712e-05
1240 4.3712e-05
1241 4.3712e-05
1242 4.3712e-05
1243 4.3712e-05
1244 4.3712e-05
1245 4.3712e-05
1246 4.3712e-05
1247 4.3712e-05
1248 4.3712e-05
1249 4.3712e-05
1250 4.3712e-05
1251 4.3712e-05
1252 4.3712e-05
1253 4.3712e-05
1254 4.3712e-05
1255 4.3712e-05
1256 4.3712e-05
1257 4.3712e-05
1258 4.3712e-05
1259 4.3712e-05
1260 4.3712e-05
1261 4.3712e-05
1262 4.3712e-05
1263 4.3712e-05
1264 4.3712e-05
1265 4.3712e-05
1266 4.3712e-05
1267 4.3712e-05
1268 4.3712e-05
1269 4.3712e-05
1270 4.3712e-05
1271 4.3712e-05
1272 4.3712e-05
1273 4.3712e-05
1274 4.3712e-05
1275 4.3712e-05
1276 4.3712e-05
1277 4.3712e-05
1278 4.3712e-05
1279 4.3712e-05
1280 4.3712e-05
1281 4.3712e-05
1282 4.3712e-05
1283 4.3712e-05
1284 4.3712e-05
1285 4.3712e-05
1286 4.3712e-05
1287 4.3712e-05
1288 4.3712e-05
1289 4.3712e-05
1290 4.3712e-05
1291 4.3712e-05
1292 4.3712e-05
1293 4.3712e-05
1294 4.3712e-05
1295 4.3712e-05
1296 4.3712e-05
1297 4.3712e-05
1298 4.3712e-05
1299 4.3712e-05
1300 4.3712e-05
1301 4.3712e-05
1302 4.3712e-05
1303 4.3712e-05
1304 4.3712e-05
1305 4.3712e-05
1306 4.3712e-05
1307 4.3712e-05
1308 4.3712e-05
1309 4.3712e-05
1310 4.3712e-05
1311 4.3712e-05
1312 4.3712e-05
1313 4.3712e-05
1314 4.3712e-05
1315 4.3712e-05
1316 4.3712e-05
1317 4.3712e-05
1318 4.3712e-05
1319 4.3712e-05
1320 4.3712e-05
1321 4.3712e-05
1322 4.3712e-05
1323 4.3712e-05
1324 4.3712e-05
1325 4.3712e-05
1326 4.3712e-05
1327 4.3712e-05
1328 4.3712e-05
1329 4.3712e-05
1330 4.3712e-05
1331 4.3712e-05
1332 4.3712e-05
1333 4.3712e-05
1334 4.3712e-05
1335 4.3712e-05
1336 4.3712e-05
1337 4.3712e-05
1338 4.3712e-05
1339 4.3712e-05
1340 4.3712e-05
1341 4.3712e-05
1342 4.3712e-05
1343 4.3712e-05
1344 4.3712e-05
1345 4.3712e-05
1346 4.3712e-05
1347 4.3712e-05
1348 4.3712e-05
1349 4.3712e-05
1350 4.3712e-05
1351 4.3712e-05
1352 4.3712e-05
1353 4.3712e-05
1354 4.3712e-05
1355 4.3712e-05
1356 4.3712e-05
1357 4.3712e-05
1358 4.3712e-05
1359 4.3712e-05
1360 4.3712e-05
1361 4.3712e-05
1362 4.3712e-05
1363 4.3712e-05
1364 4.3712e-05
1365 4.3712e-05
1366 4.3712e-05
1367 4.3712e-05
1368 4.3712e-05
1369 4.3712e-05
1370 4.3712e-05
1371 4.3712e-05
1372 4.3712e-05
1373 4.3712e-05
1374 4.3712e-05
1375 4.3712e-05
1376 4.3712e-05
1377 4.3712e-05
1378 4.3712e-05
1379 4.3712e-05
1380 4.3712e-05
1381 4.3712e-05
1382 4.3712e-05
1383 4.3712e-05
1384 4.3712e-05
1385 4.3712e-05
1386 4.3712e-05
1387 4.3712e-05
1388 4.3712e-05
1389 4.3712e-05
1390 4.3712e-05
1391 4.3712e-05
1392 4.3712e-05
1393 4.3712e-05
1394 4.3712e-05
1395 4.3712e-05
1396 4.3712e-05
1397 4.3712e-05
1398 4.3712e-05
1399 4.3712e-05
1400 4.3712e-05
1401 4.3712e-05
1402 4.3712e-05
1403 4.3712e-05
1404 4.3712e-05
1405 4.3712e-05
1406 4.3712e-05
1407 4.3712e-05
1408 4.3712e-05
1409 4.3712e-05
1410 4.3712e-05
1411 4.3712e-05
1412 4.3712e-05
1413 4.3712e-05
1414 4.3712e-05
1415 4.3712e-05
1416 4.3712e-05
