0 1
1 1
2 1
3 1
4 1
5 1
6 1
7 1
8 1
9 1
10 1
11 1
12 1
13 1
14 1
15 0.999947
16 0.999947
17 0.999947
18 0.999947
19 0.999947
20 0.999947
21 0.999947
22 0.999947
23 0.999868
24 0.999868
25 0.999868
26 0.999868
27 0.999868
28 0.999868
29 0.999868
30 0.999868
31 0.999841
32 0.999841
33 0.999841
34 0.999841
35 0.999841
36 0.999841
37 0.999841
38 0.999841
39 0.999762
40 0.999762
41 0.999762
42 0.999762
43 0.999762
44 0.999762
45 0.999762
46 0.999762
47 0.999656
48 0.999656
49 0.972083
50 0.972083
51 0.972083
52 0.972083
53 0.972083
54 0.972083
55 0.972004
56 0.972004
57 0.944643
58 0.944643
59 0.944643
60 0.944643
61 0.944643
62 0.944643
63 0.944484
64 0.944484
65 0.917097
66 0.917097
67 0.917097
68 0.917097
69 0.917097
70 0.917097
71 0.916885
72 0.916885
73 0.890609
74 0.890609
75 0.890609
76 0.890609
77 0.890609
78 0.890609
79 0.890424
80 0.890424
81 0.862692
82 0.862692
83 0.862692
84 0.862692
85 0.862692
86 0.862692
87 0.862666
88 0.862666
89 0.835807
90 0.835807
91 0.835807
92 0.835807
93 0.835807
94 0.835807
95 0.835463
96 0.835463
97 0.809478
98 0.809478
99 0.809478
100 0.809478
101 0.809478
102 0.809478
103 0.809187
104 0.809187
105 0.784155
106 0.784155
107 0.784155
108 0.784155
109 0.784155
110 0.784155
111 0.784023
112 0.784023
113 0.758382
114 0.758382
115 0.758382
116 0.758382
117 0.758382
118 0.758382
119 0.75817
120 0.75817
121 0.733826
122 0.733826
123 0.733826
124 0.733826
125 0.733826
126 0.733826
127 0.733746
128 0.733746
129 0.710275
130 0.710275
131 0.710275
132 0.710275
133 0.710275
134 0.710275
135 0.710143
136 0.710143
137 0.687386
138 0.687386
139 0.687386
140 0.687386
141 0.687386
142 0.687386
143 0.687227
144 0.687227
145 0.664761
146 0.664761
147 0.664761
148 0.664761
149 0.664761
150 0.664761
151 0.66455
152 0.66455
153 0.642984
154 0.642984
155 0.642984
156 0.642984
157 0.642984
158 0.642984
159 0.642931
160 0.642931
161 0.620942
162 0.620942
163 0.620942
164 0.620942
165 0.620942
166 0.620942
167 0.620783
168 0.620783
169 0.600699
170 0.600699
171 0.600699
172 0.600699
173 0.600699
174 0.600699
175 0.600593
176 0.600593
177 0.580509
178 0.580509
179 0.580509
180 0.580509
181 0.580509
182 0.580509
183 0.580403
184 0.580403
185 0.562753
186 0.562753
187 0.562753
188 0.562753
189 0.562753
190 0.562753
191 0.562621
192 0.562621
193 0.544971
194 0.544971
195 0.544971
196 0.544971
197 0.544971
198 0.544971
199 0.544759
200 0.544759
201 0.526845
202 0.526845
203 0.526845
204 0.526845
205 0.526845
206 0.526845
207 0.52666
208 0.52666
209 0.509619
210 0.509619
211 0.509619
212 0.509619
213 0.509619
214 0.509619
215 0.509486
216 0.509486
217 0.494298
218 0.494298
219 0.494298
220 0.494298
221 0.494298
222 0.494298
223 0.494192
224 0.494192
225 0.478606
226 0.478606
227 0.478606
228 0.478606
229 0.478606
230 0.478606
231 0.478474
232 0.478474
233 0.463391
234 0.463391
235 0.463391
236 0.463391
237 0.463391
238 0.463391
239 0.463311
240 0.463311
241 0.447567
242 0.447567
243 0.447567
244 0.447567
245 0.447567
246 0.447567
247 0.447408
248 0.447408
249 0.431981
250 0.431981
251 0.431981
252 0.431981
253 0.431981
254 0.431981
255 0.431902
256 0.431902
257 0.418539
258 0.418539
259 0.418539
260 0.418539
261 0.418539
262 0.418539
263 0.418459
264 0.418459
265 0.40589
266 0.40589
267 0.40589
268 0.40589
269 0.40589
270 0.40589
271 0.405784
272 0.405784
273 0.392554
274 0.392554
275 0.392554
276 0.392554
277 0.392554
278 0.392554
279 0.392448
280 0.392448
281 0.380223
282 0.380223
283 0.380223
284 0.380223
285 0.380223
286 0.380223
287 0.380143
288 0.380143
289 0.368553
290 0.368553
291 0.368553
292 0.368553
293 0.368553
294 0.368553
295 0.368474
296 0.368474
297 0.357043
298 0.357043
299 0.357043
300 0.357043
301 0.357043
302 0.357043
303 0.356831
304 0.356831
305 0.346167
306 0.346167
307 0.346167
308 0.346167
309 0.346167
310 0.346167
311 0.346061
312 0.346061
313 0.336085
314 0.336085
315 0.336085
316 0.336085
317 0.336085
318 0.336085
319 0.335874
320 0.335874
321 0.325712
322 0.325712
323 0.325712
324 0.325712
325 0.325712
326 0.325712
327 0.325607
328 0.325607
329 0.314996
330 0.314996
331 0.314996
332 0.314996
333 0.314996
334 0.314996
335 0.314943
336 0.314943
337 0.305152
338 0.305152
339 0.305152
340 0.305152
341 0.305152
342 0.305152
343 0.304993
344 0.304993
345 0.296552
346 0.296552
347 0.296552
348 0.296552
349 0.296552
350 0.296552
351 0.296473
352 0.296473
353 0.287952
354 0.287952
355 0.287952
356 0.287952
357 0.287952
358 0.287952
359 0.287846
360 0.287846
361 0.279299
362 0.279299
363 0.279299
364 0.279299
365 0.279299
366 0.279299
367 0.279088
368 0.279088
369 0.270408
370 0.270408
371 0.270408
372 0.270408
373 0.270408
374 0.270408
375 0.270302
376 0.270302
377 0.26165
378 0.26165
379 0.26165
380 0.26165
381 0.26165
382 0.26165
383 0.261597
384 0.261597
385 0.253764
386 0.253764
387 0.253764
388 0.253764
389 0.253764
390 0.253764
391 0.253738
392 0.253738
393 0.246117
394 0.246117
395 0.246117
396 0.246117
397 0.246117
398 0.246117
399 0.246037
400 0.246037
401 0.238125
402 0.238125
403 0.238125
404 0.238125
405 0.238125
406 0.238125
407 0.237993
408 0.237993
409 0.230187
410 0.230187
411 0.230187
412 0.230187
413 0.230187
414 0.230187
415 0.230081
416 0.230081
417 0.223704
418 0.223704
419 0.223704
420 0.223704
421 0.223704
422 0.223704
423 0.223651
424 0.223651
425 0.216374
426 0.216374
427 0.216374
428 0.216374
429 0.216374
430 0.216374
431 0.216216
432 0.216216
433 0.210341
434 0.210341
435 0.210341
436 0.210341
437 0.210341
438 0.210341
439 0.210288
440 0.210288
441 0.204334
442 0.204334
443 0.204334
444 0.204334
445 0.204334
446 0.204334
447 0.204281
448 0.204281
449 0.198566
450 0.198566
451 0.198566
452 0.198566
453 0.198566
454 0.198566
455 0.198433
456 0.198433
457 0.192824
458 0.192824
459 0.192824
460 0.192824
461 0.192824
462 0.192824
463 0.192665
464 0.192665
465 0.186261
466 0.186261
467 0.186261
468 0.186261
469 0.186261
470 0.186261
471 0.186182
472 0.186182
473 0.180572
474 0.180572
475 0.180572
476 0.180572
477 0.180572
478 0.180572
479 0.180519
480 0.180519
481 0.175518
482 0.175518
483 0.175518
484 0.175518
485 0.175518
486 0.175518
487 0.175465
488 0.175465
489 0.170411
490 0.170411
491 0.170411
492 0.170411
493 0.170411
494 0.170411
495 0.170305
496 0.170305
497 0.164854
498 0.164854
499 0.164854
500 0.164854
501 0.164854
502 0.164854
503 0.164828
504 0.164828
505 0.160673
506 0.160673
507 0.160673
508 0.160673
509 0.160673
510 0.160673
511 0.16062
512 0.16062
513 0.156254
514 0.156254
515 0.156254
516 0.156254
517 0.156254
518 0.156254
519 0.156069
520 0.156069
521 0.151253
522 0.151253
523 0.151253
524 0.151253
525 0.151253
526 0.151253
527 0.151174
528 0.151174
529 0.147469
530 0.147469
531 0.147469
532 0.147469
533 0.147469
534 0.147469
535 0.14739
536 0.14739
537 0.143103
538 0.143103
539 0.143103
540 0.143103
541 0.143103
542 0.143103
543 0.143103
544 0.143103
545 0.139398
546 0.139398
547 0.139398
548 0.139398
549 0.139398
550 0.139398
551 0.139266
552 0.139266
553 0.136011
554 0.136011
555 0.136011
556 0.136011
557 0.136011
558 0.136011
559 0.135932
560 0.135932
561 0.132095
562 0.132095
563 0.132095
564 0.132095
565 0.132095
566 0.132095
567 0.132016
568 0.132016
569 0.127861
570 0.127861
571 0.127861
572 0.127861
573 0.127861
574 0.127861
575 0.127861
576 0.127861
577 0.124342
578 0.124342
579 0.124342
580 0.124342
581 0.124342
582 0.124342
583 0.124262
584 0.124262
585 0.120531
586 0.120531
587 0.120531
588 0.120531
589 0.120531
590 0.120531
591 0.120452
592 0.120452
593 0.116827
594 0.116827
595 0.116827
596 0.116827
597 0.116827
598 0.116827
599 0.1168
600 0.1168
601 0.113546
602 0.113546
603 0.113546
604 0.113546
605 0.113546
606 0.113546
607 0.113519
608 0.113519
609 0.110185
610 0.110185
611 0.110185
612 0.110185
613 0.110185
614 0.110185
615 0.110106
616 0.110106
617 0.106586
618 0.106586
619 0.106586
620 0.106586
621 0.106586
622 0.106586
623 0.106533
624 0.106533
625 0.103199
626 0.103199
627 0.103199
628 0.103199
629 0.103199
630 0.103199
631 0.103146
632 0.103146
633 0.100368
634 0.100368
635 0.100368
636 0.100368
637 0.100368
638 0.100368
639 0.100341
640 0.100341
641 0.0978011
642 0.0978011
643 0.0978011
644 0.0978011
645 0.0978011
646 0.0978011
647 0.0977746
648 0.0977746
649 0.0950755
650 0.0950755
651 0.0950755
652 0.0950755
653 0.0950755
654 0.0950755
655 0.0950491
656 0.0950491
657 0.0920325
658 0.0920325
659 0.0920325
660 0.0920325
661 0.0920325
662 0.0920325
663 0.0919796
664 0.0919796
665 0.0898891
666 0.0898891
667 0.0898891
668 0.0898891
669 0.0898891
670 0.0898891
671 0.0898362
672 0.0898362
673 0.0877987
674 0.0877987
675 0.0877987
676 0.0877987
677 0.0877987
678 0.0877987
679 0.0877458
680 0.0877458
681 0.0852584
682 0.0852584
683 0.0852584
684 0.0852584
685 0.0852584
686 0.0852584
687 0.0851526
688 0.0851526
689 0.0825329
690 0.0825329
691 0.0825329
692 0.0825329
693 0.0825329
694 0.0825329
695 0.0825064
696 0.0825064
697 0.0802572
698 0.0802572
699 0.0802572
700 0.0802572
701 0.0802572
702 0.0802572
703 0.0802043
704 0.0802043
705 0.0779551
706 0.0779551
707 0.0779551
708 0.0779551
709 0.0779551
710 0.0779551
711 0.0778757
712 0.0778757
713 0.0754942
714 0.0754942
715 0.0754942
716 0.0754942
717 0.0754942
718 0.0754942
719 0.0754677
720 0.0754677
721 0.0733773
722 0.0733773
723 0.0733773
724 0.0733773
725 0.0733773
726 0.0733773
727 0.0733508
728 0.0733508
729 0.0711545
730 0.0711545
731 0.0711545
732 0.0711545
733 0.0711545
734 0.0711545
735 0.0711545
736 0.0711545
737 0.0687995
738 0.0687995
739 0.0687995
740 0.0687995
741 0.0687995
742 0.0687995
743 0.068773
744 0.068773
745 0.0669472
746 0.0669472
747 0.0669472
748 0.0669472
749 0.0669472
750 0.0669472
751 0.0668942
752 0.0668942
753 0.0652272
754 0.0652272
755 0.0652272
756 0.0652272
757 0.0652272
758 0.0652272
759 0.0652007
760 0.0652007
761 0.0632426
762 0.0632426
763 0.0632426
764 0.0632426
765 0.0632426
766 0.0632426
767 0.0631367
768 0.0631367
769 0.0615755
770 0.0615755
771 0.0615755
772 0.0615755
773 0.0615755
774 0.0615755
775 0.0614697
776 0.0614697
777 0.0598555
778 0.0598555
779 0.0598555
780 0.0598555
781 0.0598555
782 0.0598555
783 0.0598555
784 0.0598555
785 0.0580826
786 0.0580826
787 0.0580826
788 0.0580826
789 0.0580826
790 0.0580826
791 0.0580297
792 0.0580297
793 0.0562039
794 0.0562039
795 0.0562039
796 0.0562039
797 0.0562039
798 0.0562039
799 0.0561774
800 0.0561774
801 0.0544574
802 0.0544574
803 0.0544574
804 0.0544574
805 0.0544574
806 0.0544574
807 0.0544574
808 0.0544574
809 0.0527374
810 0.0527374
811 0.0527374
812 0.0527374
813 0.0527374
814 0.0527374
815 0.052711
816 0.052711
817 0.0515996
818 0.0515996
819 0.0515996
820 0.0515996
821 0.0515996
822 0.0515996
823 0.0515467
824 0.0515467
825 0.0500913
826 0.0500913
827 0.0500913
828 0.0500913
829 0.0500913
830 0.0500913
831 0.0500913
832 0.0500913
833 0.0486095
834 0.0486095
835 0.0486095
836 0.0486095
837 0.0486095
838 0.0486095
839 0.0486095
840 0.0486095
841 0.0473658
842 0.0473658
843 0.0473658
844 0.0473658
845 0.0473658
846 0.0473658
847 0.0473658
848 0.0473658
849 0.0463602
850 0.0463602
851 0.0463602
852 0.0463602
853 0.0463602
854 0.0463602
855 0.0463602
856 0.0463602
857 0.0450372
858 0.0450372
859 0.0450372
860 0.0450372
861 0.0450372
862 0.0450372
863 0.0450372
864 0.0450372
865 0.0435024
866 0.0435024
867 0.0435024
868 0.0435024
869 0.0435024
870 0.0435024
871 0.0435024
872 0.0435024
873 0.0427615
874 0.0427615
875 0.0427615
876 0.0427615
877 0.0427615
878 0.0427615
879 0.0427615
880 0.0427615
881 0.0417824
882 0.0417824
883 0.0417824
884 0.0417824
885 0.0417824
886 0.0417824
887 0.0417295
888 0.0417295
889 0.0409357
890 0.0409357
891 0.0409357
892 0.0409357
893 0.0409357
894 0.0409357
895 0.0409092
896 0.0409092
897 0.0400095
898 0.0400095
899 0.0400095
900 0.0400095
901 0.0400095
902 0.0400095
903 0.0399831
904 0.0399831
905 0.0388982
906 0.0388982
907 0.0388982
908 0.0388982
909 0.0388982
910 0.0388982
911 0.0388717
912 0.0388717
913 0.0378926
914 0.0378926
915 0.0378926
916 0.0378926
917 0.0378926
918 0.0378926
919 0.0378926
920 0.0378926
921 0.03694
922 0.03694
923 0.03694
924 0.03694
925 0.03694
926 0.03694
927 0.0369136
928 0.0369136
929 0.0360932
930 0.0360932
931 0.0360932
932 0.0360932
933 0.0360932
934 0.0360932
935 0.0360668
936 0.0360668
937 0.0352729
938 0.0352729
939 0.0352729
940 0.0352729
941 0.0352729
942 0.0352729
943 0.0352465
944 0.0352465
945 0.0342674
946 0.0342674
947 0.0342674
948 0.0342674
949 0.0342674
950 0.0342674
951 0.034241
952 0.034241
953 0.0333413
954 0.0333413
955 0.0333413
956 0.0333413
957 0.0333413
958 0.0333413
959 0.0333148
960 0.0333148
961 0.0325474
962 0.0325474
963 0.0325474
964 0.0325474
965 0.0325474
966 0.0325474
967 0.0325474
968 0.0325474
969 0.031833
970 0.031833
971 0.031833
972 0.031833
973 0.031833
974 0.031833
975 0.0317271
976 0.0317271
977 0.0308539
978 0.0308539
979 0.0308539
980 0.0308539
981 0.0308539
982 0.0308539
983 0.0308274
984 0.0308274
985 0.0299013
986 0.0299013
987 0.0299013
988 0.0299013
989 0.0299013
990 0.0299013
991 0.0298748
992 0.0298748
993 0.0288164
994 0.0288164
995 0.0288164
996 0.0288164
997 0.0288164
998 0.0288164
999 0.0288164
1000 0.0288164
1001 0.0282872
1002 0.0282872
1003 0.0282872
1004 0.0282872
1005 0.0282872
1006 0.0282872
1007 0.0282342
1008 0.0282342
1009 0.0275992
1010 0.0275992
1011 0.0275992
1012 0.0275992
1013 0.0275992
1014 0.0275992
1015 0.0275727
1016 0.0275727
1017 0.0265142
1018 0.0265142
1019 0.0265142
1020 0.0265142
1021 0.0265142
1022 0.0265142
1023 0.0265142
1024 0.0265142
1025 0.0257733
1026 0.0257733
1027 0.0257733
1028 0.0257733
1029 0.0257733
1030 0.0257733
1031 0.0257469
1032 0.0257469
1033 0.024953
1034 0.024953
1035 0.024953
1036 0.024953
1037 0.024953
1038 0.024953
1039 0.024953
1040 0.024953
1041 0.024265
1042 0.024265
1043 0.024265
1044 0.024265
1045 0.024265
1046 0.024265
1047 0.024265
1048 0.024265
1049 0.0235241
1050 0.0235241
1051 0.0235241
1052 0.0235241
1053 0.0235241
1054 0.0235241
1055 0.0235241
1056 0.0235241
1057 0.0227303
1058 0.0227303
1059 0.0227303
1060 0.0227303
1061 0.0227303
1062 0.0227303
1063 0.0226774
1064 0.0226774
1065 0.0221481
1066 0.0221481
1067 0.0221481
1068 0.0221481
1069 0.0221481
1070 0.0221481
1071 0.0221217
1072 0.0221217
1073 0.0215924
1074 0.0215924
1075 0.0215924
1076 0.0215924
1077 0.0215924
1078 0.0215924
1079 0.021566
1080 0.021566
1081 0.0209309
1082 0.0209309
1083 0.0209309
1084 0.0209309
1085 0.0209309
1086 0.0209309
1087 0.0209044
1088 0.0209044
1089 0.0203752
1090 0.0203752
1091 0.0203752
1092 0.0203752
1093 0.0203752
1094 0.0203752
1095 0.0203752
1096 0.0203752
1097 0.0197137
1098 0.0197137
1099 0.0197137
1100 0.0197137
1101 0.0197137
1102 0.0197137
1103 0.0197137
1104 0.0197137
1105 0.0193697
1106 0.0193697
1107 0.0193697
1108 0.0193697
1109 0.0193697
1110 0.0193697
1111 0.0193697
1112 0.0193697
1113 0.0187082
1114 0.0187082
1115 0.0187082
1116 0.0187082
1117 0.0187082
1118 0.0187082
1119 0.0187082
1120 0.0187082
1121 0.0183377
1122 0.0183377
1123 0.0183377
1124 0.0183377
1125 0.0183377
1126 0.0183377
1127 0.0183377
1128 0.0183377
1129 0.0179408
1130 0.0179408
1131 0.0179408
1132 0.0179408
1133 0.0179408
1134 0.0179408
1135 0.0179408
1136 0.0179408
1137 0.0174645
1138 0.0174645
1139 0.0174645
1140 0.0174645
1141 0.0174645
1142 0.0174645
1143 0.0174645
1144 0.0174645
1145 0.0170146
1146 0.0170146
1147 0.0170146
1148 0.0170146
1149 0.0170146
1150 0.0170146
1151 0.0170146
1152 0.0170146
1153 0.0166177
1154 0.0166177
1155 0.0166177
1156 0.0166177
1157 0.0166177
1158 0.0166177
1159 0.0165913
1160 0.0165913
1161 0.0161149
1162 0.0161149
1163 0.0161149
1164 0.0161149
1165 0.0161149
1166 0.0161149
1167 0.0160885
1168 0.0160885
1169 0.0156916
1170 0.0156916
1171 0.0156916
1172 0.0156916
1173 0.0156916
1174 0.0156916
1175 0.0156651
1176 0.0156651
1177 0.015427
1178 0.015427
1179 0.015427
1180 0.015427
1181 0.015427
1182 0.015427
1183 0.0154005
1184 0.0154005
1185 0.0150565
1186 0.0150565
1187 0.0150565
1188 0.0150565
1189 0.0150565
1190 0.0150565
1191 0.01503
1192 0.01503
1193 0.0147654
1194 0.0147654
1195 0.0147654
1196 0.0147654
1197 0.0147654
1198 0.0147654
1199 0.0147654
1200 0.0147654
1201 0.014395
1202 0.014395
1203 0.014395
1204 0.014395
1205 0.014395
1206 0.014395
1207 0.014395
1208 0.014395
1209 0.013998
1210 0.013998
1211 0.013998
1212 0.013998
1213 0.013998
1214 0.013998
1215 0.013998
1216 0.013998
1217 0.0134688
1218 0.0134688
1219 0.0134688
1220 0.0134688
1221 0.0134688
1222 0.0134688
1223 0.0134159
1224 0.0134159
1225 0.0129925
1226 0.0129925
1227 0.0129925
1228 0.0129925
1229 0.0129925
1230 0.0129925
1231 0.0129925
1232 0.0129925
1233 0.0125691
1234 0.0125691
1235 0.0125691
1236 0.0125691
1237 0.0125691
1238 0.0125691
1239 0.0125691
1240 0.0125691
1241 0.0123045
1242 0.0123045
1243 0.0123045
1244 0.0123045
1245 0.0123045
1246 0.0123045
1247 0.0123045
1248 0.0123045
1249 0.011987
1250 0.011987
1251 0.011987
1252 0.011987
1253 0.011987
1254 0.011987
1255 0.0119605
1256 0.0119605
1257 0.0115901
1258 0.0115901
1259 0.0115901
1260 0.0115901
1261 0.0115901
1262 0.0115901
1263 0.0115636
1264 0.0115636
1265 0.0113784
1266 0.0113784
1267 0.0113784
1268 0.0113784
1269 0.0113784
1270 0.0113784
1271 0.0113519
1272 0.0113519
1273 0.0110608
1274 0.0110608
1275 0.0110608
1276 0.0110608
1277 0.0110608
1278 0.0110608
1279 0.0110608
1280 0.0110608
1281 0.0107962
1282 0.0107962
1283 0.0107962
1284 0.0107962
1285 0.0107962
1286 0.0107962
1287 0.0107962
1288 0.0107962
1289 0.0105051
1290 0.0105051
1291 0.0105051
1292 0.0105051
1293 0.0105051
1294 0.0105051
1295 0.0104787
1296 0.0104787
1297 0.0102141
1298 0.0102141
1299 0.0102141
1300 0.0102141
1301 0.0102141
1302 0.0102141
1303 0.0101876
1304 0.0101876
1305 0.0100288
1306 0.0100288
1307 0.0100288
1308 0.0100288
1309 0.0100288
1310 0.0100288
1311 0.0100288
1312 0.0100288
1313 0.00971131
1314 0.00971131
1315 0.00971131
1316 0.00971131
1317 0.00971131
1318 0.00971131
1319 0.00971131
1320 0.00971131
1321 0.00931439
1322 0.00931439
1323 0.00931439
1324 0.00931439
1325 0.00931439
1326 0.00931439
1327 0.00931439
1328 0.00931439
1329 0.00918208
1330 0.00918208
1331 0.00918208
1332 0.00918208
1333 0.00918208
1334 0.00918208
1335 0.00918208
1336 0.00918208
1337 0.00889101
1338 0.00889101
1339 0.00889101
1340 0.00889101
1341 0.00889101
1342 0.00889101
1343 0.00889101
1344 0.00889101
1345 0.00852055
1346 0.00852055
1347 0.00852055
1348 0.00852055
1349 0.00852055
1350 0.00852055
1351 0.00852055
1352 0.00852055
1353 0.00836178
1354 0.00836178
1355 0.00836178
1356 0.00836178
1357 0.00836178
1358 0.00836178
1359 0.00836178
1360 0.00836178
1361 0.00809717
1362 0.00809717
1363 0.00809717
1364 0.00809717
1365 0.00809717
1366 0.00809717
1367 0.00809717
1368 0.00809717
1369 0.00780609
1370 0.00780609
1371 0.00780609
1372 0.00780609
1373 0.00780609
1374 0.00780609
1375 0.00780609
1376 0.00780609
1377 0.00762086
1378 0.00762086
1379 0.00762086
1380 0.00762086
1381 0.00762086
1382 0.00762086
1383 0.0075944
1384 0.0075944
1385 0.00746209
1386 0.00746209
1387 0.00746209
1388 0.00746209
1389 0.00746209
1390 0.00746209
1391 0.00746209
1392 0.00746209
1393 0.00722394
1394 0.00722394
1395 0.00722394
1396 0.00722394
1397 0.00722394
1398 0.00722394
1399 0.00722394
1400 0.00722394
1401 0.00703871
1402 0.00703871
1403 0.00703871
1404 0.00703871
1405 0.00703871
1406 0.00703871
1407 0.00701225
1408 0.00701225
1409 0.00672118
1410 0.00672118
1411 0.00672118
1412 0.00672118
1413 0.00672118
1414 0.00672118
1415 0.00672118
1416 0.00672118
1417 0.00661533
1418 0.00661533
1419 0.00661533
1420 0.00661533
1421 0.00661533
1422 0.00661533
1423 0.00661533
1424 0.00661533
1425 0.00653595
1426 0.00653595
1427 0.00653595
1428 0.00653595
1429 0.00653595
1430 0.00653595
1431 0.00653595
1432 0.00653595
1433 0.00640364
1434 0.00640364
1435 0.00640364
1436 0.00640364
1437 0.00640364
1438 0.00640364
1439 0.00637718
1440 0.00637718
1441 0.00627133
1442 0.00627133
1443 0.00627133
1444 0.00627133
1445 0.00627133
1446 0.00627133
1447 0.00627133
1448 0.00627133
1449 0.00598026
1450 0.00598026
1451 0.00598026
1452 0.00598026
1453 0.00598026
1454 0.00598026
1455 0.00598026
1456 0.00598026
1457 0.00579503
1458 0.00579503
1459 0.00579503
1460 0.00579503
1461 0.00579503
1462 0.00579503
1463 0.00579503
1464 0.00579503
1465 0.00568919
1466 0.00568919
1467 0.00568919
1468 0.00568919
1469 0.00568919
1470 0.00568919
1471 0.00568919
1472 0.00568919
1473 0.00553042
1474 0.00553042
1475 0.00553042
1476 0.00553042
1477 0.00553042
1478 0.00553042
1479 0.00553042
1480 0.00553042
1481 0.00531873
1482 0.00531873
1483 0.00531873
1484 0.00531873
1485 0.00531873
1486 0.00531873
1487 0.00531873
1488 0.00531873
1489 0.00515996
1490 0.00515996
1491 0.00515996
1492 0.00515996
1493 0.00515996
1494 0.00515996
1495 0.00515996
1496 0.00515996
1497 0.00505411
1498 0.00505411
1499 0.00505411
1500 0.00505411
1501 0.00505411
1502 0.00505411
1503 0.00500119
1504 0.00500119
1505 0.00492181
1506 0.00492181
1507 0.00492181
1508 0.00492181
1509 0.00492181
1510 0.00492181
1511 0.00492181
1512 0.00492181
1513 0.00486888
1514 0.00486888
1515 0.00486888
1516 0.00486888
1517 0.00486888
1518 0.00486888
1519 0.00486888
1520 0.00486888
1521 0.0047895
1522 0.0047895
1523 0.0047895
1524 0.0047895
1525 0.0047895
1526 0.0047895
1527 0.0047895
1528 0.0047895
1529 0.00465719
1530 0.00465719
1531 0.00465719
1532 0.00465719
1533 0.00465719
1534 0.00465719
1535 0.00465719
1536 0.00465719
1537 0.00457781
1538 0.00457781
1539 0.00457781
1540 0.00457781
1541 0.00457781
1542 0.00457781
1543 0.00457781
1544 0.00457781
1545 0.00439258
1546 0.00439258
1547 0.00439258
1548 0.00439258
1549 0.00439258
1550 0.00439258
1551 0.00436612
1552 0.00436612
1553 0.00423381
1554 0.00423381
1555 0.00423381
1556 0.00423381
1557 0.00423381
1558 0.00423381
1559 0.00423381
1560 0.00423381
1561 0.00407504
1562 0.00407504
1563 0.00407504
1564 0.00407504
1565 0.00407504
1566 0.00407504
1567 0.00407504
1568 0.00407504
1569 0.00402212
1570 0.00402212
1571 0.00402212
1572 0.00402212
1573 0.00402212
1574 0.00402212
1575 0.00402212
1576 0.00402212
1577 0.00391628
1578 0.00391628
1579 0.00391628
1580 0.00391628
1581 0.00391628
1582 0.00391628
1583 0.00391628
1584 0.00391628
1585 0.00383689
1586 0.00383689
1587 0.00383689
1588 0.00383689
1589 0.00383689
1590 0.00383689
1591 0.00383689
1592 0.00383689
1593 0.00375751
1594 0.00375751
1595 0.00375751
1596 0.00375751
1597 0.00375751
1598 0.00375751
1599 0.00373105
1600 0.00373105
1601 0.00365166
1602 0.00365166
1603 0.00365166
1604 0.00365166
1605 0.00365166
1606 0.00365166
1607 0.00365166
1608 0.00365166
1609 0.00357228
1610 0.00357228
1611 0.00357228
1612 0.00357228
1613 0.00357228
1614 0.00357228
1615 0.00357228
1616 0.00357228
1617 0.00351936
1618 0.00351936
1619 0.00351936
1620 0.00351936
1621 0.00351936
1622 0.00351936
1623 0.00351936
1624 0.00351936
1625 0.00338705
1626 0.00338705
1627 0.00338705
1628 0.00338705
1629 0.00338705
1630 0.00338705
1631 0.00336059
1632 0.00336059
1633 0.00325474
1634 0.00325474
1635 0.00325474
1636 0.00325474
1637 0.00325474
1638 0.00325474
1639 0.00325474
1640 0.00325474
1641 0.00317536
1642 0.00317536
1643 0.00317536
1644 0.00317536
1645 0.00317536
1646 0.00317536
1647 0.00317536
1648 0.00317536
1649 0.00309598
1650 0.00309598
1651 0.00309598
1652 0.00309598
1653 0.00309598
1654 0.00309598
1655 0.00309598
1656 0.00309598
1657 0.00296367
1658 0.00296367
1659 0.00296367
1660 0.00296367
1661 0.00296367
1662 0.00296367
1663 0.00296367
1664 0.00296367
1665 0.00285782
1666 0.00285782
1667 0.00285782
1668 0.00285782
1669 0.00285782
1670 0.00285782
1671 0.00283136
1672 0.00283136
1673 0.00272552
1674 0.00272552
1675 0.00272552
1676 0.00272552
1677 0.00272552
1678 0.00272552
1679 0.00272552
1680 0.00272552
1681 0.00261967
1682 0.00261967
1683 0.00261967
1684 0.00261967
1685 0.00261967
1686 0.00261967
1687 0.00261967
1688 0.00261967
1689 0.00251383
1690 0.00251383
1691 0.00251383
1692 0.00251383
1693 0.00251383
1694 0.00251383
1695 0.00251383
1696 0.00251383
1697 0.00243444
1698 0.00243444
1699 0.00243444
1700 0.00243444
1701 0.00243444
1702 0.00243444
1703 0.00243444
1704 0.00243444
1705 0.00230214
1706 0.00230214
1707 0.00230214
1708 0.00230214
1709 0.00230214
1710 0.00230214
1711 0.00230214
1712 0.00230214
1713 0.00230214
1714 0.00230214
1715 0.00230214
1716 0.00230214
1717 0.00230214
1718 0.00230214
1719 0.00230214
1720 0.00230214
1721 0.00227567
1722 0.00227567
1723 0.00227567
1724 0.00227567
1725 0.00227567
1726 0.00227567
1727 0.00227567
1728 0.00227567
1729 0.00224921
1730 0.00224921
1731 0.00224921
1732 0.00224921
1733 0.00224921
1734 0.00224921
1735 0.00224921
1736 0.00224921
1737 0.00222275
1738 0.00222275
1739 0.00222275
1740 0.00222275
1741 0.00222275
1742 0.00222275
1743 0.00222275
1744 0.00222275
1745 0.00214337
1746 0.00214337
1747 0.00214337
1748 0.00214337
1749 0.00214337
1750 0.00214337
1751 0.00214337
1752 0.00214337
1753 0.00209044
1754 0.00209044
1755 0.00209044
1756 0.00209044
1757 0.00209044
1758 0.00209044
1759 0.00209044
1760 0.00209044
1761 0.00203752
1762 0.00203752
1763 0.00203752
1764 0.00203752
1765 0.00203752
1766 0.00203752
1767 0.00203752
1768 0.00203752
1769 0.00195814
1770 0.00195814
1771 0.00195814
1772 0.00195814
1773 0.00195814
1774 0.00195814
1775 0.00195814
1776 0.00195814
1777 0.00195814
1778 0.00195814
1779 0.00195814
1780 0.00195814
1781 0.00195814
1782 0.00195814
1783 0.00195814
1784 0.00195814
1785 0.00193168
1786 0.00193168
1787 0.00193168
1788 0.00193168
1789 0.00193168
1790 0.00193168
1791 0.00193168
1792 0.00193168
1793 0.00190522
1794 0.00190522
1795 0.00190522
1796 0.00190522
1797 0.00190522
1798 0.00190522
1799 0.00190522
1800 0.00190522
1801 0.00185229
1802 0.00185229
1803 0.00185229
1804 0.00185229
1805 0.00185229
1806 0.00185229
1807 0.00185229
1808 0.00185229
1809 0.00185229
1810 0.00185229
1811 0.00185229
1812 0.00185229
1813 0.00185229
1814 0.00185229
1815 0.00185229
1816 0.00185229
1817 0.00177291
1818 0.00177291
1819 0.00177291
1820 0.00177291
1821 0.00177291
1822 0.00177291
1823 0.00177291
1824 0.00177291
1825 0.00169352
1826 0.00169352
1827 0.00169352
1828 0.00169352
1829 0.00169352
1830 0.00169352
1831 0.00169352
1832 0.00169352
1833 0.00161414
1834 0.00161414
1835 0.00161414
1836 0.00161414
1837 0.00161414
1838 0.00161414
1839 0.00161414
1840 0.00161414
1841 0.00158768
1842 0.00158768
1843 0.00158768
1844 0.00158768
1845 0.00158768
1846 0.00158768
1847 0.00156122
1848 0.00156122
1849 0.0015083
1850 0.0015083
1851 0.0015083
1852 0.0015083
1853 0.0015083
1854 0.0015083
1855 0.0015083
1856 0.0015083
1857 0.00148183
1858 0.00148183
1859 0.00148183
1860 0.00148183
1861 0.00148183
1862 0.00148183
1863 0.00148183
1864 0.00148183
1865 0.00142891
1866 0.00142891
1867 0.00142891
1868 0.00142891
1869 0.00142891
1870 0.00142891
1871 0.00142891
1872 0.00142891
1873 0.00134953
1874 0.00134953
1875 0.00134953
1876 0.00134953
1877 0.00134953
1878 0.00134953
1879 0.00134953
1880 0.00134953
1881 0.0012966
1882 0.0012966
1883 0.0012966
1884 0.0012966
1885 0.0012966
1886 0.0012966
1887 0.0012966
1888 0.0012966
1889 0.00127014
1890 0.00127014
1891 0.00127014
1892 0.00127014
1893 0.00127014
1894 0.00127014
1895 0.00127014
1896 0.00127014
1897 0.00127014
1898 0.00127014
1899 0.00127014
1900 0.00127014
1901 0.00127014
1902 0.00127014
1903 0.00127014
1904 0.00127014
1905 0.00127014
1906 0.00127014
1907 0.00127014
1908 0.00127014
1909 0.00127014
1910 0.00127014
1911 0.00127014
1912 0.00127014
1913 0.00127014
1914 0.00127014
1915 0.00127014
1916 0.00127014
1917 0.00127014
1918 0.00127014
1919 0.00124368
1920 0.00124368
1921 0.00121722
1922 0.00121722
1923 0.00121722
1924 0.00121722
1925 0.00121722
1926 0.00121722
1927 0.00121722
1928 0.00121722
1929 0.00113784
1930 0.00113784
1931 0.00113784
1932 0.00113784
1933 0.00113784
1934 0.00113784
1935 0.00113784
1936 0.00113784
1937 0.00113784
1938 0.00113784
1939 0.00113784
1940 0.00113784
1941 0.00113784
1942 0.00113784
1943 0.00113784
1944 0.00113784
1945 0.00113784
1946 0.00113784
1947 0.00113784
1948 0.00113784
1949 0.00113784
1950 0.00113784
1951 0.00113784
1952 0.00113784
1953 0.00113784
1954 0.00113784
1955 0.00113784
1956 0.00113784
1957 0.00113784
1958 0.00113784
1959 0.00113784
1960 0.00113784
1961 0.00111138
1962 0.00111138
1963 0.00111138
1964 0.00111138
1965 0.00111138
1966 0.00111138
1967 0.00111138
1968 0.00111138
1969 0.00103199
1970 0.00103199
1971 0.00103199
1972 0.00103199
1973 0.00103199
1974 0.00103199
1975 0.00103199
1976 0.00103199
1977 0.000926146
1978 0.000926146
1979 0.000926146
1980 0.000926146
1981 0.000926146
1982 0.000926146
1983 0.000926146
1984 0.000926146
1985 0.000899685
1986 0.000899685
1987 0.000899685
1988 0.000899685
1989 0.000899685
1990 0.000899685
1991 0.000899685
1992 0.000899685
1993 0.000873224
1994 0.000873224
1995 0.000873224
1996 0.000873224
1997 0.000873224
1998 0.000873224
1999 0.000873224
2000 0.000873224
2001 0.000846762
2002 0.000846762
2003 0.000846762
2004 0.000846762
2005 0.000846762
2006 0.000846762
2007 0.000846762
2008 0.000846762
2009 0.000846762
2010 0.000846762
2011 0.000846762
2012 0.000846762
2013 0.000846762
2014 0.000846762
2015 0.000846762
2016 0.000846762
2017 0.00079384
2018 0.00079384
2019 0.00079384
2020 0.00079384
2021 0.00079384
2022 0.00079384
2023 0.00079384
2024 0.00079384
2025 0.00079384
2026 0.00079384
2027 0.00079384
2028 0.00079384
2029 0.00079384
2030 0.00079384
2031 0.00079384
2032 0.00079384
2033 0.00079384
2034 0.00079384
2035 0.00079384
2036 0.00079384
2037 0.00079384
2038 0.00079384
2039 0.00079384
2040 0.00079384
2041 0.00079384
2042 0.00079384
2043 0.00079384
2044 0.00079384
2045 0.00079384
2046 0.00079384
2047 0.00079384
2048 0.00079384
2049 0.000767378
2050 0.000767378
2051 0.000767378
2052 0.000767378
2053 0.000767378
2054 0.000767378
2055 0.000767378
2056 0.000767378
2057 0.000767378
2058 0.000767378
2059 0.000767378
2060 0.000767378
2061 0.000767378
2062 0.000767378
2063 0.000767378
2064 0.000767378
2065 0.000740917
2066 0.000740917
2067 0.000740917
2068 0.000740917
2069 0.000740917
2070 0.000740917
2071 0.000740917
2072 0.000740917
2073 0.000714456
2074 0.000714456
2075 0.000714456
2076 0.000714456
2077 0.000714456
2078 0.000714456
2079 0.000714456
2080 0.000714456
2081 0.000661533
2082 0.000661533
2083 0.000661533
2084 0.000661533
2085 0.000661533
2086 0.000661533
2087 0.000661533
2088 0.000661533
2089 0.000635072
2090 0.000635072
2091 0.000635072
2092 0.000635072
2093 0.000635072
2094 0.000635072
2095 0.000635072
2096 0.000635072
2097 0.000608611
2098 0.000608611
2099 0.000608611
2100 0.000608611
2101 0.000608611
2102 0.000608611
2103 0.000608611
2104 0.000608611
2105 0.000608611
2106 0.000608611
2107 0.000608611
2108 0.000608611
2109 0.000608611
2110 0.000608611
2111 0.000608611
2112 0.000608611
2113 0.000608611
2114 0.000608611
2115 0.000608611
2116 0.000608611
2117 0.000608611
2118 0.000608611
2119 0.000608611
2120 0.000608611
2121 0.000582149
2122 0.000582149
2123 0.000582149
2124 0.000582149
2125 0.000582149
2126 0.000582149
2127 0.000582149
2128 0.000582149
2129 0.000582149
2130 0.000582149
2131 0.000582149
2132 0.000582149
2133 0.000582149
2134 0.000582149
2135 0.000582149
2136 0.000582149
2137 0.000582149
2138 0.000582149
2139 0.000582149
2140 0.000582149
2141 0.000582149
2142 0.000582149
2143 0.000582149
2144 0.000582149
2145 0.000582149
2146 0.000582149
2147 0.000582149
2148 0.000582149
2149 0.000582149
2150 0.000582149
2151 0.000582149
2152 0.000582149
2153 0.000555688
2154 0.000555688
2155 0.000555688
2156 0.000555688
2157 0.000555688
2158 0.000555688
2159 0.000555688
2160 0.000555688
2161 0.000555688
2162 0.000555688
2163 0.000555688
2164 0.000555688
2165 0.000555688
2166 0.000555688
2167 0.000555688
2168 0.000555688
2169 0.000529227
2170 0.000529227
2171 0.000529227
2172 0.000529227
2173 0.000529227
2174 0.000529227
2175 0.000529227
2176 0.000529227
2177 0.000502765
2178 0.000502765
2179 0.000502765
2180 0.000502765
2181 0.000502765
2182 0.000502765
2183 0.000502765
2184 0.000502765
2185 0.000502765
2186 0.000502765
2187 0.000502765
2188 0.000502765
2189 0.000502765
2190 0.000502765
2191 0.000502765
2192 0.000502765
2193 0.000502765
2194 0.000502765
2195 0.000502765
2196 0.000502765
2197 0.000502765
2198 0.000502765
2199 0.000502765
2200 0.000502765
2201 0.000476304
2202 0.000476304
2203 0.000476304
2204 0.000476304
2205 0.000476304
2206 0.000476304
2207 0.000476304
2208 0.000476304
2209 0.000476304
2210 0.000476304
2211 0.000476304
2212 0.000476304
2213 0.000476304
2214 0.000476304
2215 0.000476304
2216 0.000476304
2217 0.000476304
2218 0.000476304
2219 0.000476304
2220 0.000476304
2221 0.000476304
2222 0.000476304
2223 0.000476304
2224 0.000476304
2225 0.000423381
2226 0.000423381
2227 0.000423381
2228 0.000423381
2229 0.000423381
2230 0.000423381
2231 0.000423381
2232 0.000423381
2233 0.000423381
2234 0.000423381
2235 0.000423381
2236 0.000423381
2237 0.000423381
2238 0.000423381
2239 0.000423381
2240 0.000423381
2241 0.000423381
2242 0.000423381
2243 0.000423381
2244 0.000423381
2245 0.000423381
2246 0.000423381
2247 0.000423381
2248 0.000423381
2249 0.00039692
2250 0.00039692
2251 0.00039692
2252 0.00039692
2253 0.00039692
2254 0.00039692
2255 0.00039692
2256 0.00039692
2257 0.00039692
2258 0.00039692
2259 0.00039692
2260 0.00039692
2261 0.00039692
2262 0.00039692
2263 0.00039692
2264 0.00039692
2265 0.000370459
2266 0.000370459
2267 0.000370459
2268 0.000370459
2269 0.000370459
2270 0.000370459
2271 0.000370459
2272 0.000370459
2273 0.000317536
2274 0.000317536
2275 0.000317536
2276 0.000317536
2277 0.000317536
2278 0.000317536
2279 0.000317536
2280 0.000317536
2281 0.000317536
2282 0.000317536
2283 0.000317536
2284 0.000317536
2285 0.000317536
2286 0.000317536
2287 0.000317536
2288 0.000317536
2289 0.000291075
2290 0.000291075
2291 0.000291075
2292 0.000291075
2293 0.000291075
2294 0.000291075
2295 0.000291075
2296 0.000291075
2297 0.000291075
2298 0.000291075
2299 0.000291075
2300 0.000291075
2301 0.000291075
2302 0.000291075
2303 0.000291075
2304 0.000291075
2305 0.000264613
2306 0.000264613
2307 0.000264613
2308 0.000264613
2309 0.000264613
2310 0.000264613
2311 0.000264613
2312 0.000264613
2313 0.000264613
2314 0.000264613
2315 0.000264613
2316 0.000264613
2317 0.000264613
2318 0.000264613
2319 0.000264613
2320 0.000264613
2321 0.000238152
2322 0.000238152
2323 0.000238152
2324 0.000238152
2325 0.000238152
2326 0.000238152
2327 0.000238152
2328 0.000238152
2329 0.000238152
2330 0.000238152
2331 0.000238152
2332 0.000238152
2333 0.000238152
2334 0.000238152
2335 0.000238152
2336 0.000238152
2337 0.000238152
2338 0.000238152
2339 0.000238152
2340 0.000238152
2341 0.000238152
2342 0.000238152
2343 0.000238152
2344 0.000238152
2345 0.000238152
2346 0.000238152
2347 0.000238152
2348 0.000238152
2349 0.000238152
2350 0.000238152
2351 0.000238152
2352 0.000238152
2353 0.000238152
2354 0.000238152
2355 0.000238152
2356 0.000238152
2357 0.000238152
2358 0.000238152
2359 0.000238152
2360 0.000238152
2361 0.000238152
2362 0.000238152
2363 0.000238152
2364 0.000238152
2365 0.000238152
2366 0.000238152
2367 0.000238152
2368 0.000238152
2369 0.000238152
2370 0.000238152
2371 0.000238152
2372 0.000238152
2373 0.000238152
2374 0.000238152
2375 0.000238152
2376 0.000238152
2377 0.000238152
2378 0.000238152
2379 0.000238152
2380 0.000238152
2381 0.000238152
2382 0.000238152
2383 0.000238152
2384 0.000238152
2385 0.000211691
2386 0.000211691
2387 0.000211691
2388 0.000211691
2389 0.000211691
2390 0.000211691
2391 0.000211691
2392 0.000211691
2393 0.000211691
2394 0.000211691
2395 0.000211691
2396 0.000211691
2397 0.000211691
2398 0.000211691
2399 0.000211691
2400 0.000211691
2401 0.000211691
2402 0.000211691
2403 0.000211691
2404 0.000211691
2405 0.000211691
2406 0.000211691
2407 0.000211691
2408 0.000211691
2409 0.000211691
2410 0.000211691
2411 0.000211691
2412 0.000211691
2413 0.000211691
2414 0.000211691
2415 0.000211691
2416 0.000211691
2417 0.000211691
2418 0.000211691
2419 0.000211691
2420 0.000211691
2421 0.000211691
2422 0.000211691
2423 0.000211691
2424 0.000211691
2425 0.000211691
2426 0.000211691
2427 0.000211691
2428 0.000211691
2429 0.000211691
2430 0.000211691
2431 0.000211691
2432 0.000211691
2433 0.000211691
2434 0.000211691
2435 0.000211691
2436 0.000211691
2437 0.000211691
2438 0.000211691
2439 0.000211691
2440 0.000211691
2441 0.000211691
2442 0.000211691
2443 0.000211691
2444 0.000211691
2445 0.000211691
2446 0.000211691
2447 0.000211691
2448 0.000211691
2449 0.000211691
2450 0.000211691
2451 0.000211691
2452 0.000211691
2453 0.000211691
2454 0.000211691
2455 0.000211691
2456 0.000211691
2457 0.000211691
2458 0.000211691
2459 0.000211691
2460 0.000211691
2461 0.000211691
2462 0.000211691
2463 0.000211691
2464 0.000211691
2465 0.000211691
2466 0.000211691
2467 0.000211691
2468 0.000211691
2469 0.000211691
2470 0.000211691
2471 0.000211691
2472 0.000211691
2473 0.000211691
2474 0.000211691
2475 0.000211691
2476 0.000211691
2477 0.000211691
2478 0.000211691
2479 0.000211691
2480 0.000211691
2481 0.000211691
2482 0.000211691
2483 0.000211691
2484 0.000211691
2485 0.000211691
2486 0.000211691
2487 0.000211691
2488 0.000211691
2489 0.000211691
2490 0.000211691
2491 0.000211691
2492 0.000211691
2493 0.000211691
2494 0.000211691
2495 0.000211691
2496 0.000211691
2497 0.000211691
2498 0.000211691
2499 0.000211691
2500 0.000211691
2501 0.000211691
2502 0.000211691
2503 0.000211691
2504 0.000211691
2505 0.000211691
2506 0.000211691
2507 0.000211691
2508 0.000211691
2509 0.000211691
2510 0.000211691
2511 0.000211691
2512 0.000211691
2513 0.000211691
2514 0.000211691
2515 0.000211691
2516 0.000211691
2517 0.000211691
2518 0.000211691
2519 0.000211691
2520 0.000211691
2521 0.000185229
2522 0.000185229
2523 0.000185229
2524 0.000185229
2525 0.000185229
2526 0.000185229
2527 0.000185229
2528 0.000185229
2529 0.000185229
2530 0.000185229
2531 0.000185229
2532 0.000185229
2533 0.000185229
2534 0.000185229
2535 0.000185229
2536 0.000185229
2537 0.000185229
2538 0.000185229
2539 0.000185229
2540 0.000185229
2541 0.000185229
2542 0.000185229
2543 0.000185229
2544 0.000185229
2545 0.000185229
2546 0.000185229
2547 0.000185229
2548 0.000185229
2549 0.000185229
2550 0.000185229
2551 0.000185229
2552 0.000185229
2553 0.000185229
2554 0.000185229
2555 0.000185229
2556 0.000185229
2557 0.000185229
2558 0.000185229
2559 0.000185229
2560 0.000185229
2561 0.000185229
2562 0.000185229
2563 0.000185229
2564 0.000185229
2565 0.000185229
2566 0.000185229
2567 0.000185229
2568 0.000185229
2569 0.000158768
2570 0.000158768
2571 0.000158768
2572 0.000158768
2573 0.000158768
2574 0.000158768
2575 0.000158768
2576 0.000158768
2577 0.000158768
2578 0.000158768
2579 0.000158768
2580 0.000158768
2581 0.000158768
2582 0.000158768
2583 0.000158768
2584 0.000158768
2585 0.000158768
2586 0.000158768
2587 0.000158768
2588 0.000158768
2589 0.000158768
2590 0.000158768
2591 0.000158768
2592 0.000158768
2593 0.000158768
2594 0.000158768
2595 0.000158768
2596 0.000158768
2597 0.000158768
2598 0.000158768
2599 0.000158768
2600 0.000158768
2601 0.000158768
2602 0.000158768
2603 0.000158768
2604 0.000158768
2605 0.000158768
2606 0.000158768
2607 0.000158768
2608 0.000158768
2609 0.000158768
2610 0.000158768
2611 0.000158768
2612 0.000158768
2613 0.000158768
2614 0.000158768
2615 0.000158768
2616 0.000158768
2617 0.000158768
2618 0.000158768
2619 0.000158768
2620 0.000158768
2621 0.000158768
2622 0.000158768
2623 0.000158768
2624 0.000158768
2625 0.000158768
2626 0.000158768
2627 0.000158768
2628 0.000158768
2629 0.000158768
2630 0.000158768
2631 0.000158768
2632 0.000158768
2633 0.000158768
2634 0.000158768
2635 0.000158768
2636 0.000158768
2637 0.000158768
2638 0.000158768
2639 0.000158768
2640 0.000158768
2641 0.000158768
2642 0.000158768
2643 0.000158768
2644 0.000158768
2645 0.000158768
2646 0.000158768
2647 0.000158768
2648 0.000158768
2649 0.000158768
2650 0.000158768
2651 0.000158768
2652 0.000158768
2653 0.000158768
2654 0.000158768
2655 0.000158768
2656 0.000158768
2657 0.000158768
2658 0.000158768
2659 0.000158768
2660 0.000158768
2661 0.000158768
2662 0.000158768
2663 0.000158768
2664 0.000158768
2665 0.000158768
2666 0.000158768
2667 0.000158768
2668 0.000158768
2669 0.000158768
2670 0.000158768
2671 0.000158768
2672 0.000158768
2673 0.000158768
2674 0.000158768
2675 0.000158768
2676 0.000158768
2677 0.000158768
2678 0.000158768
2679 0.000158768
2680 0.000158768
2681 0.000158768
2682 0.000158768
2683 0.000158768
2684 0.000158768
2685 0.000158768
2686 0.000158768
2687 0.000158768
2688 0.000158768
2689 0.000158768
2690 0.000158768
2691 0.000158768
2692 0.000158768
2693 0.000158768
2694 0.000158768
2695 0.000158768
2696 0.000158768
2697 0.000158768
2698 0.000158768
2699 0.000158768
2700 0.000158768
2701 0.000158768
2702 0.000158768
2703 0.000158768
2704 0.000158768
2705 0.000158768
2706 0.000158768
2707 0.000158768
2708 0.000158768
2709 0.000158768
2710 0.000158768
2711 0.000158768
2712 0.000158768
2713 0.000158768
2714 0.000158768
2715 0.000158768
2716 0.000158768
2717 0.000158768
2718 0.000158768
2719 0.000158768
2720 0.000158768
2721 0.000158768
2722 0.000158768
2723 0.000158768
2724 0.000158768
2725 0.000158768
2726 0.000158768
2727 0.000158768
2728 0.000158768
2729 0.000158768
2730 0.000158768
2731 0.000158768
2732 0.000158768
2733 0.000158768
2734 0.000158768
2735 0.000158768
2736 0.000158768
2737 0.000158768
2738 0.000158768
2739 0.000158768
2740 0.000158768
2741 0.000158768
2742 0.000158768
2743 0.000158768
2744 0.000158768
2745 0.000158768
2746 0.000158768
2747 0.000158768
2748 0.000158768
2749 0.000158768
2750 0.000158768
2751 0.000158768
2752 0.000158768
2753 0.000158768
2754 0.000158768
2755 0.000158768
2756 0.000158768
2757 0.000158768
2758 0.000158768
2759 0.000158768
2760 0.000158768
2761 0.000158768
2762 0.000158768
2763 0.000158768
2764 0.000158768
2765 0.000158768
2766 0.000158768
2767 0.000158768
2768 0.000158768
2769 0.000132307
2770 0.000132307
2771 0.000132307
2772 0.000132307
2773 0.000132307
2774 0.000132307
2775 0.000132307
2776 0.000132307
2777 0.000105845
2778 0.000105845
2779 0.000105845
2780 0.000105845
2781 0.000105845
2782 0.000105845
2783 0.000105845
2784 0.000105845
2785 0.000105845
2786 0.000105845
2787 0.000105845
2788 0.000105845
2789 0.000105845
2790 0.000105845
2791 7.9384e-05
2792 7.9384e-05
2793 7.9384e-05
2794 7.9384e-05
2795 7.9384e-05
2796 7.9384e-05
2797 7.9384e-05
2798 7.9384e-05
2799 7.9384e-05
2800 7.9384e-05
2801 7.9384e-05
2802 7.9384e-05
2803 7.9384e-05
2804 7.9384e-05
2805 7.9384e-05
2806 7.9384e-05
2807 7.9384e-05
2808 7.9384e-05
2809 7.9384e-05
2810 7.9384e-05
2811 7.9384e-05
2812 7.9384e-05
2813 7.9384e-05
2814 7.9384e-05
2815 7.9384e-05
2816 7.9384e-05
2817 7.9384e-05
2818 7.9384e-05
2819 7.9384e-05
2820 7.9384e-05
2821 7.9384e-05
2822 7.9384e-05
2823 7.9384e-05
2824 7.9384e-05
2825 7.9384e-05
2826 7.9384e-05
2827 7.9384e-05
2828 7.9384e-05
2829 7.9384e-05
2830 7.9384e-05
2831 7.9384e-05
2832 7.9384e-05
2833 7.9384e-05
2834 7.9384e-05
2835 7.9384e-05
2836 7.9384e-05
2837 7.9384e-05
2838 7.9384e-05
2839 7.9384e-05
2840 7.9384e-05
2841 7.9384e-05
2842 7.9384e-05
2843 7.9384e-05
2844 7.9384e-05
2845 7.9384e-05
2846 7.9384e-05
2847 7.9384e-05
2848 7.9384e-05
2849 7.9384e-05
2850 7.9384e-05
2851 7.9384e-05
2852 7.9384e-05
2853 7.9384e-05
2854 7.9384e-05
2855 7.9384e-05
2856 7.9384e-05
2857 7.9384e-05
2858 7.9384e-05
2859 7.9384e-05
2860 7.9384e-05
2861 7.9384e-05
2862 7.9384e-05
2863 7.9384e-05
2864 7.9384e-05
2865 7.9384e-05
2866 7.9384e-05
2867 7.9384e-05
2868 7.9384e-05
2869 7.9384e-05
2870 7.9384e-05
2871 7.9384e-05
2872 7.9384e-05
2873 7.9384e-05
2874 7.9384e-05
2875 7.9384e-05
2876 7.9384e-05
2877 7.9384e-05
2878 7.9384e-05
2879 7.9384e-05
2880 7.9384e-05
2881 7.9384e-05
2882 7.9384e-05
2883 7.9384e-05
2884 7.9384e-05
2885 7.9384e-05
2886 7.9384e-05
2887 7.9384e-05
2888 7.9384e-05
2889 7.9384e-05
2890 7.9384e-05
2891 7.9384e-05
2892 7.9384e-05
2893 7.9384e-05
2894 7.9384e-05
2895 7.9384e-05
2896 7.9384e-05
2897 7.9384e-05
2898 7.9384e-05
2899 7.9384e-05
2900 7.9384e-05
2901 7.9384e-05
2902 7.9384e-05
2903 7.9384e-05
2904 7.9384e-05
2905 7.9384e-05
2906 7.9384e-05
2907 7.9384e-05
2908 7.9384e-05
2909 7.9384e-05
2910 7.9384e-05
2911 7.9384e-05
2912 7.9384e-05
2913 7.9384e-05
2914 7.9384e-05
2915 7.9384e-05
2916 7.9384e-05
2917 7.9384e-05
2918 7.9384e-05
2919 7.9384e-05
2920 7.9384e-05
2921 7.9384e-05
2922 7.9384e-05
2923 7.9384e-05
2924 7.9384e-05
2925 7.9384e-05
2926 7.9384e-05
2927 7.9384e-05
2928 7.9384e-05
2929 7.9384e-05
2930 7.9384e-05
2931 7.9384e-05
2932 7.9384e-05
2933 7.9384e-05
2934 7.9384e-05
2935 7.9384e-05
2936 7.9384e-05
2937 7.9384e-05
2938 7.9384e-05
2939 7.9384e-05
2940 7.9384e-05
2941 7.9384e-05
2942 7.9384e-05
2943 7.9384e-05
2944 7.9384e-05
2945 7.9384e-05
2946 7.9384e-05
2947 7.9384e-05
2948 7.9384e-05
2949 7.9384e-05
2950 7.9384e-05
2951 7.9384e-05
2952 7.9384e-05
2953 5.29227e-05
2954 5.29227e-05
2955 5.29227e-05
2956 5.29227e-05
2957 5.29227e-05
2958 5.29227e-05
2959 5.29227e-05
2960 5.29227e-05
2961 5.29227e-05
2962 5.29227e-05
2963 5.29227e-05
2964 5.29227e-05
2965 5.29227e-05
2966 5.29227e-05
2967 5.29227e-05
2968 5.29227e-05
2969 5.29227e-05
2970 5.29227e-05
2971 5.29227e-05
2972 5.29227e-05
2973 5.29227e-05
2974 5.29227e-05
2975 5.29227e-05
2976 5.29227e-05
2977 5.29227e-05
2978 5.29227e-05
2979 5.29227e-05
2980 5.29227e-05
2981 5.29227e-05
2982 5.29227e-05
2983 5.29227e-05
2984 5.29227e-05
2985 5.29227e-05
2986 5.29227e-05
2987 5.29227e-05
2988 5.29227e-05
2989 5.29227e-05
2990 5.29227e-05
2991 5.29227e-05
2992 5.29227e-05
2993 5.29227e-05
2994 5.29227e-05
2995 5.29227e-05
2996 5.29227e-05
2997 5.29227e-05
2998 5.29227e-05
2999 5.29227e-05
3000 5.29227e-05
3001 5.29227e-05
3002 5.29227e-05
3003 5.29227e-05
3004 5.29227e-05
3005 5.29227e-05
3006 5.29227e-05
3007 5.29227e-05
3008 5.29227e-05
3009 5.29227e-05
3010 5.29227e-05
3011 5.29227e-05
3012 5.29227e-05
3013 5.29227e-05
3014 5.29227e-05
3015 5.29227e-05
3016 5.29227e-05
3017 5.29227e-05
3018 5.29227e-05
3019 5.29227e-05
3020 5.29227e-05
3021 5.29227e-05
3022 5.29227e-05
3023 5.29227e-05
3024 5.29227e-05
3025 5.29227e-05
3026 5.29227e-05
3027 5.29227e-05
3028 5.29227e-05
3029 5.29227e-05
3030 5.29227e-05
3031 5.29227e-05
3032 5.29227e-05
3033 5.29227e-05
3034 5.29227e-05
3035 5.29227e-05
3036 5.29227e-05
3037 5.29227e-05
3038 5.29227e-05
3039 5.29227e-05
3040 5.29227e-05
3041 5.29227e-05
3042 5.29227e-05
3043 5.29227e-05
3044 5.29227e-05
3045 5.29227e-05
3046 5.29227e-05
3047 5.29227e-05
3048 5.29227e-05
3049 5.29227e-05
3050 5.29227e-05
3051 5.29227e-05
3052 5.29227e-05
3053 5.29227e-05
3054 5.29227e-05
3055 5.29227e-05
3056 5.29227e-05
3057 5.29227e-05
3058 5.29227e-05
3059 5.29227e-05
3060 5.29227e-05
3061 5.29227e-05
3062 5.29227e-05
3063 5.29227e-05
3064 5.29227e-05
3065 5.29227e-05
3066 5.29227e-05
3067 5.29227e-05
3068 5.29227e-05
3069 5.29227e-05
3070 5.29227e-05
3071 5.29227e-05
3072 5.29227e-05
3073 5.29227e-05
3074 5.29227e-05
3075 5.29227e-05
3076 5.29227e-05
3077 5.29227e-05
3078 5.29227e-05
3079 5.29227e-05
3080 5.29227e-05
3081 2.64613e-05
3082 2.64613e-05
3083 2.64613e-05
3084 2.64613e-05
3085 2.64613e-05
3086 2.64613e-05
3087 2.64613e-05
3088 2.64613e-05
3089 2.64613e-05
3090 2.64613e-05
3091 2.64613e-05
3092 2.64613e-05
3093 2.64613e-05
3094 2.64613e-05
3095 2.64613e-05
3096 2.64613e-05
3097 2.64613e-05
3098 2.64613e-05
3099 2.64613e-05
3100 2.64613e-05
3101 2.64613e-05
3102 2.64613e-05
3103 2.64613e-05
3104 2.64613e-05
3105 2.64613e-05
3106 2.64613e-05
3107 2.64613e-05
3108 2.64613e-05
3109 2.64613e-05
3110 2.64613e-05
3111 2.64613e-05
3112 2.64613e-05
3113 2.64613e-05
3114 2.64613e-05
3115 2.64613e-05
3116 2.64613e-05
3117 2.64613e-05
3118 2.64613e-05
3119 2.64613e-05
3120 2.64613e-05
3121 2.64613e-05
3122 2.64613e-05
3123 2.64613e-05
3124 2.64613e-05
3125 2.64613e-05
3126 2.64613e-05
3127 2.64613e-05
3128 2.64613e-05
3129 2.64613e-05
3130 2.64613e-05
3131 2.64613e-05
3132 2.64613e-05
3133 2.64613e-05
3134 2.64613e-05
3135 2.64613e-05
3136 2.64613e-05
3137 2.64613e-05
3138 2.64613e-05
3139 2.64613e-05
3140 2.64613e-05
3141 2.64613e-05
3142 2.64613e-05
3143 2.64613e-05
3144 2.64613e-05
