0 1
1 1
2 1
3 1
4 1
5 1
6 1
7 0.999724
8 0.999724
9 0.999724
10 0.999724
11 0.999724
12 0.999724
13 0.999724
14 0.999724
15 0.999693
16 0.999693
17 0.93034
18 0.93034
19 0.93034
20 0.93034
21 0.93034
22 0.93034
23 0.930309
24 0.930309
25 0.863992
26 0.863992
27 0.863992
28 0.863992
29 0.863992
30 0.863992
31 0.8639
32 0.8639
33 0.805773
34 0.805773
35 0.805773
36 0.805773
37 0.805773
38 0.805773
39 0.80565
40 0.80565
41 0.748566
42 0.748566
43 0.748566
44 0.748566
45 0.748566
46 0.748566
47 0.748382
48 0.748382
49 0.699518
50 0.699518
51 0.699518
52 0.699518
53 0.699518
54 0.699518
55 0.699304
56 0.699304
57 0.652066
58 0.652066
59 0.652066
60 0.652066
61 0.652066
62 0.652066
63 0.651913
64 0.651913
65 0.606577
66 0.606577
67 0.606577
68 0.606577
69 0.606577
70 0.606577
71 0.606484
72 0.606484
73 0.566731
74 0.566731
75 0.566731
76 0.566731
77 0.566731
78 0.566731
79 0.566547
80 0.566547
81 0.53026
82 0.53026
83 0.53026
84 0.53026
85 0.53026
86 0.53026
87 0.530168
88 0.530168
89 0.494709
90 0.494709
91 0.494709
92 0.494709
93 0.494709
94 0.494709
95 0.494678
96 0.494678
97 0.46244
98 0.46244
99 0.46244
100 0.46244
101 0.46244
102 0.46244
103 0.462286
104 0.462286
105 0.429895
106 0.429895
107 0.429895
108 0.429895
109 0.429895
110 0.429895
111 0.429833
112 0.429833
113 0.400693
114 0.400693
115 0.400693
116 0.400693
117 0.400693
118 0.400693
119 0.400448
120 0.400448
121 0.373025
122 0.373025
123 0.373025
124 0.373025
125 0.373025
126 0.373025
127 0.372933
128 0.372933
129 0.345204
130 0.345204
131 0.345204
132 0.345204
133 0.345204
134 0.345204
135 0.345051
136 0.345051
137 0.3218
138 0.3218
139 0.3218
140 0.3218
141 0.3218
142 0.3218
143 0.321616
144 0.321616
145 0.300144
146 0.300144
147 0.300144
148 0.300144
149 0.300144
150 0.300144
151 0.299991
152 0.299991
153 0.280973
154 0.280973
155 0.280973
156 0.280973
157 0.280973
158 0.280973
159 0.280881
160 0.280881
161 0.26352
162 0.26352
163 0.26352
164 0.26352
165 0.26352
166 0.26352
167 0.263489
168 0.263489
169 0.24579
170 0.24579
171 0.24579
172 0.24579
173 0.24579
174 0.24579
175 0.245698
176 0.245698
177 0.22806
178 0.22806
179 0.22806
180 0.22806
181 0.22806
182 0.22806
183 0.227876
184 0.227876
185 0.211619
186 0.211619
187 0.211619
188 0.211619
189 0.211619
190 0.211619
191 0.211619
192 0.211619
193 0.197172
194 0.197172
195 0.197172
196 0.197172
197 0.197172
198 0.197172
199 0.197111
200 0.197111
201 0.183859
202 0.183859
203 0.183859
204 0.183859
205 0.183859
206 0.183859
207 0.183767
208 0.183767
209 0.171436
210 0.171436
211 0.171436
212 0.171436
213 0.171436
214 0.171436
215 0.171436
216 0.171436
217 0.160793
218 0.160793
219 0.160793
220 0.160793
221 0.160793
222 0.160793
223 0.160762
224 0.160762
225 0.149781
226 0.149781
227 0.149781
228 0.149781
229 0.149781
230 0.149781
231 0.149719
232 0.149719
233 0.139689
234 0.139689
235 0.139689
236 0.139689
237 0.139689
238 0.139689
239 0.139658
240 0.139658
241 0.130517
242 0.130517
243 0.130517
244 0.130517
245 0.130517
246 0.130517
247 0.130487
248 0.130487
249 0.122788
250 0.122788
251 0.122788
252 0.122788
253 0.122788
254 0.122788
255 0.122726
256 0.122726
257 0.114199
258 0.114199
259 0.114199
260 0.114199
261 0.114199
262 0.114199
263 0.114107
264 0.114107
265 0.106776
266 0.106776
267 0.106776
268 0.106776
269 0.106776
270 0.106776
271 0.106745
272 0.106745
273 0.100518
274 0.100518
275 0.100518
276 0.100518
277 0.100518
278 0.100518
279 0.100488
280 0.100488
281 0.0943223
282 0.0943223
283 0.0943223
284 0.0943223
285 0.0943223
286 0.0943223
287 0.0943223
288 0.0943223
289 0.0889237
290 0.0889237
291 0.0889237
292 0.0889237
293 0.0889237
294 0.0889237
295 0.0889237
296 0.0889237
297 0.0835864
298 0.0835864
299 0.0835864
300 0.0835864
301 0.0835864
302 0.0835864
303 0.083525
304 0.083525
305 0.0779117
306 0.0779117
307 0.0779117
308 0.0779117
309 0.0779117
310 0.0779117
311 0.0779117
312 0.0779117
313 0.0732493
314 0.0732493
315 0.0732493
316 0.0732493
317 0.0732493
318 0.0732493
319 0.0732186
320 0.0732186
321 0.0682494
322 0.0682494
323 0.0682494
324 0.0682494
325 0.0682494
326 0.0682494
327 0.0682494
328 0.0682494
329 0.0632496
330 0.0632496
331 0.0632496
332 0.0632496
333 0.0632496
334 0.0632496
335 0.0632496
336 0.0632496
337 0.0593847
338 0.0593847
339 0.0593847
340 0.0593847
341 0.0593847
342 0.0593847
343 0.0593847
344 0.0593847
345 0.0561332
346 0.0561332
347 0.0561332
348 0.0561332
349 0.0561332
350 0.0561332
351 0.0561332
352 0.0561332
353 0.0530659
354 0.0530659
355 0.0530659
356 0.0530659
357 0.0530659
358 0.0530659
359 0.0530352
360 0.0530352
361 0.0500905
362 0.0500905
363 0.0500905
364 0.0500905
365 0.0500905
366 0.0500905
367 0.0500598
368 0.0500598
369 0.0469004
370 0.0469004
371 0.0469004
372 0.0469004
373 0.0469004
374 0.0469004
375 0.0468697
376 0.0468697
377 0.0438944
378 0.0438944
379 0.0438944
380 0.0438944
381 0.0438944
382 0.0438944
383 0.0438944
384 0.0438944
385 0.0407963
386 0.0407963
387 0.0407963
388 0.0407963
389 0.0407963
390 0.0407963
391 0.0407656
392 0.0407656
393 0.0383117
394 0.0383117
395 0.0383117
396 0.0383117
397 0.0383117
398 0.0383117
399 0.0383117
400 0.0383117
401 0.0356431
402 0.0356431
403 0.0356431
404 0.0356431
405 0.0356431
406 0.0356431
407 0.0356431
408 0.0356431
409 0.0334346
410 0.0334346
411 0.0334346
412 0.0334346
413 0.0334346
414 0.0334346
415 0.0333732
416 0.0333732
417 0.0315021
418 0.0315021
419 0.0315021
420 0.0315021
421 0.0315021
422 0.0315021
423 0.0315021
424 0.0315021
425 0.0296003
426 0.0296003
427 0.0296003
428 0.0296003
429 0.0296003
430 0.0296003
431 0.0296003
432 0.0296003
433 0.0280053
434 0.0280053
435 0.0280053
436 0.0280053
437 0.0280053
438 0.0280053
439 0.0280053
440 0.0280053
441 0.0264409
442 0.0264409
443 0.0264409
444 0.0264409
445 0.0264409
446 0.0264409
447 0.0263182
448 0.0263182
449 0.0248152
450 0.0248152
451 0.0248152
452 0.0248152
453 0.0248152
454 0.0248152
455 0.0247845
456 0.0247845
457 0.0231281
458 0.0231281
459 0.0231281
460 0.0231281
461 0.0231281
462 0.0231281
463 0.0231281
464 0.0231281
465 0.0218705
466 0.0218705
467 0.0218705
468 0.0218705
469 0.0218705
470 0.0218705
471 0.0218705
472 0.0218705
473 0.0204595
474 0.0204595
475 0.0204595
476 0.0204595
477 0.0204595
478 0.0204595
479 0.0204595
480 0.0204595
481 0.0191405
482 0.0191405
483 0.0191405
484 0.0191405
485 0.0191405
486 0.0191405
487 0.0191098
488 0.0191098
489 0.0177909
490 0.0177909
491 0.0177909
492 0.0177909
493 0.0177909
494 0.0177909
495 0.0177909
496 0.0177909
497 0.0168706
498 0.0168706
499 0.0168706
500 0.0168706
501 0.0168706
502 0.0168706
503 0.01684
504 0.01684
505 0.0158277
506 0.0158277
507 0.0158277
508 0.0158277
509 0.0158277
510 0.0158277
511 0.0158277
512 0.0158277
513 0.0148462
514 0.0148462
515 0.0148462
516 0.0148462
517 0.0148462
518 0.0148462
519 0.0148462
520 0.0148462
521 0.0141407
522 0.0141407
523 0.0141407
524 0.0141407
525 0.0141407
526 0.0141407
527 0.0141407
528 0.0141407
529 0.0132511
530 0.0132511
531 0.0132511
532 0.0132511
533 0.0132511
534 0.0132511
535 0.0132511
536 0.0132511
537 0.0123923
538 0.0123923
539 0.0123923
540 0.0123923
541 0.0123923
542 0.0123923
543 0.0123923
544 0.0123923
545 0.0118401
546 0.0118401
547 0.0118401
548 0.0118401
549 0.0118401
550 0.0118401
551 0.0118401
552 0.0118401
553 0.0113187
554 0.0113187
555 0.0113187
556 0.0113187
557 0.0113187
558 0.0113187
559 0.011288
560 0.011288
561 0.0107052
562 0.0107052
563 0.0107052
564 0.0107052
565 0.0107052
566 0.0107052
567 0.0107052
568 0.0107052
569 0.00996902
570 0.00996902
571 0.00996902
572 0.00996902
573 0.00996902
574 0.00996902
575 0.00996902
576 0.00996902
577 0.00926352
578 0.00926352
579 0.00926352
580 0.00926352
581 0.00926352
582 0.00926352
583 0.00926352
584 0.00926352
585 0.00868072
586 0.00868072
587 0.00868072
588 0.00868072
589 0.00868072
590 0.00868072
591 0.00868072
592 0.00868072
593 0.00831263
594 0.00831263
595 0.00831263
596 0.00831263
597 0.00831263
598 0.00831263
599 0.00831263
600 0.00831263
601 0.00794454
602 0.00794454
603 0.00794454
604 0.00794454
605 0.00794454
606 0.00794454
607 0.00794454
608 0.00794454
609 0.00754578
610 0.00754578
611 0.00754578
612 0.00754578
613 0.00754578
614 0.00754578
615 0.00754578
616 0.00754578
617 0.00717769
618 0.00717769
619 0.00717769
620 0.00717769
621 0.00717769
622 0.00717769
623 0.00717769
624 0.00717769
625 0.00677893
626 0.00677893
627 0.00677893
628 0.00677893
629 0.00677893
630 0.00677893
631 0.00677893
632 0.00677893
633 0.00638017
634 0.00638017
635 0.00638017
636 0.00638017
637 0.00638017
638 0.00638017
639 0.00638017
640 0.00638017
641 0.00592006
642 0.00592006
643 0.00592006
644 0.00592006
645 0.00592006
646 0.00592006
647 0.00588939
648 0.00588939
649 0.00549063
650 0.00549063
651 0.00549063
652 0.00549063
653 0.00549063
654 0.00549063
655 0.00549063
656 0.00549063
657 0.00506119
658 0.00506119
659 0.00506119
660 0.00506119
661 0.00506119
662 0.00506119
663 0.00506119
664 0.00506119
665 0.00478513
666 0.00478513
667 0.00478513
668 0.00478513
669 0.00478513
670 0.00478513
671 0.00478513
672 0.00478513
673 0.00463176
674 0.00463176
675 0.00463176
676 0.00463176
677 0.00463176
678 0.00463176
679 0.00463176
680 0.00463176
681 0.00426367
682 0.00426367
683 0.00426367
684 0.00426367
685 0.00426367
686 0.00426367
687 0.00426367
688 0.00426367
689 0.00414098
690 0.00414098
691 0.00414098
692 0.00414098
693 0.00414098
694 0.00414098
695 0.00414098
696 0.00414098
697 0.00365019
698 0.00365019
699 0.00365019
700 0.00365019
701 0.00365019
702 0.00365019
703 0.00365019
704 0.00365019
705 0.0034048
706 0.0034048
707 0.0034048
708 0.0034048
709 0.0034048
710 0.0034048
711 0.0034048
712 0.0034048
713 0.00306739
714 0.00306739
715 0.00306739
716 0.00306739
717 0.00306739
718 0.00306739
719 0.00306739
720 0.00306739
721 0.00291402
722 0.00291402
723 0.00291402
724 0.00291402
725 0.00291402
726 0.00291402
727 0.00291402
728 0.00291402
729 0.0026993
730 0.0026993
731 0.0026993
732 0.0026993
733 0.0026993
734 0.0026993
735 0.0026993
736 0.0026993
737 0.00254593
738 0.00254593
739 0.00254593
740 0.00254593
741 0.00254593
742 0.00254593
743 0.00254593
744 0.00254593
745 0.00242324
746 0.00242324
747 0.00242324
748 0.00242324
749 0.00242324
750 0.00242324
751 0.00242324
752 0.00242324
753 0.00236189
754 0.00236189
755 0.00236189
756 0.00236189
757 0.00236189
758 0.00236189
759 0.00236189
760 0.00236189
761 0.0022392
762 0.0022392
763 0.0022392
764 0.0022392
765 0.0022392
766 0.0022392
767 0.0022392
768 0.0022392
769 0.00214717
770 0.00214717
771 0.00214717
772 0.00214717
773 0.00214717
774 0.00214717
775 0.00214717
776 0.00214717
777 0.0019938
778 0.0019938
779 0.0019938
780 0.0019938
781 0.0019938
782 0.0019938
783 0.0019938
784 0.0019938
785 0.00190178
786 0.00190178
787 0.00190178
788 0.00190178
789 0.00190178
790 0.00190178
791 0.00190178
792 0.00190178
793 0.00174841
794 0.00174841
795 0.00174841
796 0.00174841
797 0.00174841
798 0.00174841
799 0.00174841
800 0.00174841
801 0.00168706
802 0.00168706
803 0.00168706
804 0.00168706
805 0.00168706
806 0.00168706
807 0.00168706
808 0.00168706
809 0.00159504
810 0.00159504
811 0.00159504
812 0.00159504
813 0.00159504
814 0.00159504
815 0.00159504
816 0.00159504
817 0.00150302
818 0.00150302
819 0.00150302
820 0.00150302
821 0.00150302
822 0.00150302
823 0.00150302
824 0.00150302
825 0.00147235
826 0.00147235
827 0.00147235
828 0.00147235
829 0.00147235
830 0.00147235
831 0.00147235
832 0.00147235
833 0.00144167
834 0.00144167
835 0.00144167
836 0.00144167
837 0.00144167
838 0.00144167
839 0.001411
840 0.001411
841 0.0012883
842 0.0012883
843 0.0012883
844 0.0012883
845 0.0012883
846 0.0012883
847 0.0012883
848 0.0012883
849 0.00110426
850 0.00110426
851 0.00110426
852 0.00110426
853 0.00110426
854 0.00110426
855 0.00110426
856 0.00110426
857 0.00107359
858 0.00107359
859 0.00107359
860 0.00107359
861 0.00107359
862 0.00107359
863 0.00107359
864 0.00107359
865 0.00101224
866 0.00101224
867 0.00101224
868 0.00101224
869 0.00101224
870 0.00101224
871 0.00101224
872 0.00101224
873 0.000889543
874 0.000889543
875 0.000889543
876 0.000889543
877 0.000889543
878 0.000889543
879 0.000889543
880 0.000889543
881 0.000889543
882 0.000889543
883 0.000889543
884 0.000889543
885 0.000889543
886 0.000889543
887 0.000889543
888 0.000889543
889 0.000828195
890 0.000828195
891 0.000828195
892 0.000828195
893 0.000828195
894 0.000828195
895 0.000828195
896 0.000828195
897 0.000736174
898 0.000736174
899 0.000736174
900 0.000736174
901 0.000736174
902 0.000736174
903 0.000736174
904 0.000736174
905 0.000736174
906 0.000736174
907 0.000736174
908 0.000736174
909 0.000736174
910 0.000736174
911 0.000736174
912 0.000736174
913 0.0007055
914 0.0007055
915 0.0007055
916 0.0007055
917 0.0007055
918 0.0007055
919 0.0007055
920 0.0007055
921 0.000644152
922 0.000644152
923 0.000644152
924 0.000644152
925 0.000644152
926 0.000644152
927 0.000644152
928 0.000644152
929 0.000613478
930 0.000613478
931 0.000613478
932 0.000613478
933 0.000613478
934 0.000613478
935 0.000613478
936 0.000613478
937 0.000613478
938 0.000613478
939 0.000613478
940 0.000613478
941 0.000613478
942 0.000613478
943 0.000613478
944 0.000613478
945 0.000582804
946 0.000582804
947 0.000582804
948 0.000582804
949 0.000582804
950 0.000582804
951 0.000582804
952 0.000582804
953 0.000582804
954 0.000582804
955 0.000582804
956 0.000582804
957 0.000582804
958 0.000582804
959 0.000582804
960 0.000582804
961 0.000521456
962 0.000521456
963 0.000521456
964 0.000521456
965 0.000521456
966 0.000521456
967 0.000521456
968 0.000521456
969 0.000429435
970 0.000429435
971 0.000429435
972 0.000429435
973 0.000429435
974 0.000429435
975 0.000429435
976 0.000429435
977 0.000398761
978 0.000398761
979 0.000398761
980 0.000398761
981 0.000398761
982 0.000398761
983 0.000398761
984 0.000398761
985 0.000398761
986 0.000398761
987 0.000398761
988 0.000398761
989 0.000398761
990 0.000398761
991 0.000398761
992 0.000398761
993 0.000368087
994 0.000368087
995 0.000368087
996 0.000368087
997 0.000368087
998 0.000368087
999 0.000368087
1000 0.000368087
1001 0.000368087
1002 0.000368087
1003 0.000368087
1004 0.000368087
1005 0.000368087
1006 0.000368087
1007 0.000368087
1008 0.000368087
1009 0.000306739
1010 0.000306739
1011 0.000306739
1012 0.000306739
1013 0.000306739
1014 0.000306739
1015 0.000306739
1016 0.000306739
1017 0.000306739
1018 0.000306739
1019 0.000306739
1020 0.000306739
1021 0.000306739
1022 0.000306739
1023 0.000276065
1024 0.000276065
1025 0.000276065
1026 0.000276065
1027 0.000276065
1028 0.000276065
1029 0.000276065
1030 0.000276065
1031 0.000276065
1032 0.000276065
1033 0.000184043
1034 0.000184043
1035 0.000184043
1036 0.000184043
1037 0.000184043
1038 0.000184043
1039 0.000184043
1040 0.000184043
1041 0.000184043
1042 0.000184043
1043 0.000184043
1044 0.000184043
1045 0.000184043
1046 0.000184043
1047 0.000184043
1048 0.000184043
1049 0.000184043
1050 0.000184043
1051 0.000184043
1052 0.000184043
1053 0.000184043
1054 0.000184043
1055 0.000184043
1056 0.000184043
1057 0.000184043
1058 0.000184043
1059 0.000184043
1060 0.000184043
1061 0.000184043
1062 0.000184043
1063 0.000184043
1064 0.000184043
1065 0.00015337
1066 0.00015337
1067 0.00015337
1068 0.00015337
1069 0.00015337
1070 0.00015337
1071 0.00015337
1072 0.00015337
1073 0.00015337
1074 0.00015337
1075 0.00015337
1076 0.00015337
1077 0.00015337
1078 0.00015337
1079 0.00015337
1080 0.00015337
1081 0.00015337
1082 0.00015337
1083 0.00015337
1084 0.00015337
1085 0.00015337
1086 0.00015337
1087 0.00015337
1088 0.00015337
1089 0.00015337
1090 0.00015337
1091 0.00015337
1092 0.00015337
1093 0.00015337
1094 0.00015337
1095 0.00015337
1096 0.00015337
1097 0.000122696
1098 0.000122696
1099 0.000122696
1100 0.000122696
1101 0.000122696
1102 0.000122696
1103 0.000122696
1104 0.000122696
1105 0.000122696
1106 0.000122696
1107 0.000122696
1108 0.000122696
1109 0.000122696
1110 0.000122696
1111 0.000122696
1112 0.000122696
1113 9.20217e-05
1114 9.20217e-05
1115 9.20217e-05
1116 9.20217e-05
1117 9.20217e-05
1118 9.20217e-05
1119 9.20217e-05
1120 9.20217e-05
1121 9.20217e-05
1122 9.20217e-05
1123 9.20217e-05
1124 9.20217e-05
1125 9.20217e-05
1126 9.20217e-05
1127 9.20217e-05
1128 9.20217e-05
1129 9.20217e-05
1130 9.20217e-05
1131 9.20217e-05
1132 9.20217e-05
1133 9.20217e-05
1134 9.20217e-05
1135 9.20217e-05
1136 9.20217e-05
1137 9.20217e-05
1138 9.20217e-05
1139 9.20217e-05
1140 9.20217e-05
1141 9.20217e-05
1142 9.20217e-05
1143 9.20217e-05
1144 9.20217e-05
1145 6.13478e-05
1146 6.13478e-05
1147 6.13478e-05
1148 6.13478e-05
1149 6.13478e-05
1150 6.13478e-05
1151 6.13478e-05
1152 6.13478e-05
1153 6.13478e-05
1154 6.13478e-05
1155 6.13478e-05
1156 6.13478e-05
1157 6.13478e-05
1158 6.13478e-05
1159 6.13478e-05
1160 6.13478e-05
1161 6.13478e-05
1162 6.13478e-05
1163 6.13478e-05
1164 6.13478e-05
1165 6.13478e-05
1166 6.13478e-05
1167 6.13478e-05
1168 6.13478e-05
1169 6.13478e-05
1170 6.13478e-05
1171 6.13478e-05
1172 6.13478e-05
1173 6.13478e-05
1174 6.13478e-05
1175 6.13478e-05
1176 6.13478e-05
1177 6.13478e-05
1178 6.13478e-05
1179 6.13478e-05
1180 6.13478e-05
1181 6.13478e-05
1182 6.13478e-05
1183 6.13478e-05
1184 6.13478e-05
1185 6.13478e-05
1186 6.13478e-05
1187 6.13478e-05
1188 6.13478e-05
1189 6.13478e-05
1190 6.13478e-05
1191 6.13478e-05
1192 6.13478e-05
1193 6.13478e-05
1194 6.13478e-05
1195 6.13478e-05
1196 6.13478e-05
1197 6.13478e-05
1198 6.13478e-05
1199 6.13478e-05
1200 6.13478e-05
1201 6.13478e-05
1202 6.13478e-05
1203 6.13478e-05
1204 6.13478e-05
1205 6.13478e-05
1206 6.13478e-05
1207 6.13478e-05
1208 6.13478e-05
