0 1
1 1
2 1
3 1
4 1
5 1
6 1
7 0.999976
8 0.999976
9 0.999952
10 0.999952
11 0.999952
12 0.999952
13 0.999952
14 0.999952
15 0.999952
16 0.999952
17 0.952213
18 0.952213
19 0.952213
20 0.952213
21 0.952213
22 0.952213
23 0.952142
24 0.952142
25 0.909048
26 0.909048
27 0.909048
28 0.909048
29 0.909048
30 0.909048
31 0.908952
32 0.908952
33 0.864596
34 0.864596
35 0.864596
36 0.864596
37 0.864596
38 0.864596
39 0.8645
40 0.8645
41 0.823217
42 0.823217
43 0.823217
44 0.823217
45 0.823217
46 0.823217
47 0.823003
48 0.823003
49 0.781243
50 0.781243
51 0.781243
52 0.781243
53 0.781243
54 0.781243
55 0.781147
56 0.781147
57 0.739173
58 0.739173
59 0.739173
60 0.739173
61 0.739173
62 0.739173
63 0.73903
64 0.73903
65 0.698604
66 0.698604
67 0.698604
68 0.698604
69 0.698604
70 0.698604
71 0.698461
72 0.698461
73 0.660751
74 0.660751
75 0.660751
76 0.660751
77 0.660751
78 0.660751
79 0.660536
80 0.660536
81 0.623589
82 0.623589
83 0.623589
84 0.623589
85 0.623589
86 0.623589
87 0.623374
88 0.623374
89 0.588665
90 0.588665
91 0.588665
92 0.588665
93 0.588665
94 0.588665
95 0.588499
96 0.588499
97 0.556196
98 0.556196
99 0.556196
100 0.556196
101 0.556196
102 0.556196
103 0.556101
104 0.556101
105 0.525918
106 0.525918
107 0.525918
108 0.525918
109 0.525918
110 0.525918
111 0.525823
112 0.525823
113 0.495807
114 0.495807
115 0.495807
116 0.495807
117 0.495807
118 0.495807
119 0.495664
120 0.495664
121 0.468317
122 0.468317
123 0.468317
124 0.468317
125 0.468317
126 0.468317
127 0.468102
128 0.468102
129 0.442565
130 0.442565
131 0.442565
132 0.442565
133 0.442565
134 0.442565
135 0.44247
136 0.44247
137 0.417123
138 0.417123
139 0.417123
140 0.417123
141 0.417123
142 0.417123
143 0.416957
144 0.416957
145 0.394611
146 0.394611
147 0.394611
148 0.394611
149 0.394611
150 0.394611
151 0.39454
152 0.39454
153 0.373648
154 0.373648
155 0.373648
156 0.373648
157 0.373648
158 0.373648
159 0.373505
160 0.373505
161 0.354019
162 0.354019
163 0.354019
164 0.354019
165 0.354019
166 0.354019
167 0.353923
168 0.353923
169 0.335819
170 0.335819
171 0.335819
172 0.335819
173 0.335819
174 0.335819
175 0.335676
176 0.335676
177 0.318119
178 0.318119
179 0.318119
180 0.318119
181 0.318119
182 0.318119
183 0.318024
184 0.318024
185 0.30223
186 0.30223
187 0.30223
188 0.30223
189 0.30223
190 0.30223
191 0.302182
192 0.302182
193 0.285673
194 0.285673
195 0.285673
196 0.285673
197 0.285673
198 0.285673
199 0.285578
200 0.285578
201 0.271547
202 0.271547
203 0.271547
204 0.271547
205 0.271547
206 0.271547
207 0.27138
208 0.27138
209 0.256896
210 0.256896
211 0.256896
212 0.256896
213 0.256896
214 0.256896
215 0.256777
216 0.256777
217 0.242246
218 0.242246
219 0.242246
220 0.242246
221 0.242246
222 0.242246
223 0.242127
224 0.242127
225 0.229215
226 0.229215
227 0.229215
228 0.229215
229 0.229215
230 0.229215
231 0.229215
232 0.229215
233 0.217447
234 0.217447
235 0.217447
236 0.217447
237 0.217447
238 0.217447
239 0.2174
240 0.2174
241 0.206132
242 0.206132
243 0.206132
244 0.206132
245 0.206132
246 0.206132
247 0.206108
248 0.206108
249 0.196341
250 0.196341
251 0.196341
252 0.196341
253 0.196341
254 0.196341
255 0.196269
256 0.196269
257 0.186741
258 0.186741
259 0.186741
260 0.186741
261 0.186741
262 0.186741
263 0.186669
264 0.186669
265 0.177474
266 0.177474
267 0.177474
268 0.177474
269 0.177474
270 0.177474
271 0.177379
272 0.177379
273 0.168517
274 0.168517
275 0.168517
276 0.168517
277 0.168517
278 0.168517
279 0.168469
280 0.168469
281 0.160012
282 0.160012
283 0.160012
284 0.160012
285 0.160012
286 0.160012
287 0.159989
288 0.159989
289 0.151532
290 0.151532
291 0.151532
292 0.151532
293 0.151532
294 0.151532
295 0.151532
296 0.151532
297 0.144433
298 0.144433
299 0.144433
300 0.144433
301 0.144433
302 0.144433
303 0.144361
304 0.144361
305 0.137739
306 0.137739
307 0.137739
308 0.137739
309 0.137739
310 0.137739
311 0.137715
312 0.137715
313 0.130926
314 0.130926
315 0.130926
316 0.130926
317 0.130926
318 0.130926
319 0.130878
320 0.130878
321 0.124017
322 0.124017
323 0.124017
324 0.124017
325 0.124017
326 0.124017
327 0.12397
328 0.12397
329 0.118038
330 0.118038
331 0.118038
332 0.118038
333 0.118038
334 0.118038
335 0.118014
336 0.118014
337 0.112154
338 0.112154
339 0.112154
340 0.112154
341 0.112154
342 0.112154
343 0.11213
344 0.11213
345 0.107175
346 0.107175
347 0.107175
348 0.107175
349 0.107175
350 0.107175
351 0.107151
352 0.107151
353 0.101863
354 0.101863
355 0.101863
356 0.101863
357 0.101863
358 0.101863
359 0.101815
360 0.101815
361 0.0970985
362 0.0970985
363 0.0970985
364 0.0970985
365 0.0970985
366 0.0970985
367 0.0970032
368 0.0970032
369 0.092477
370 0.092477
371 0.092477
372 0.092477
373 0.092477
374 0.092477
375 0.0924532
376 0.0924532
377 0.0884749
378 0.0884749
379 0.0884749
380 0.0884749
381 0.0884749
382 0.0884749
383 0.0884511
384 0.0884511
385 0.0839726
386 0.0839726
387 0.0839726
388 0.0839726
389 0.0839726
390 0.0839726
391 0.0838534
392 0.0838534
393 0.0797561
394 0.0797561
395 0.0797561
396 0.0797561
397 0.0797561
398 0.0797561
399 0.0797322
400 0.0797322
401 0.0760637
402 0.0760637
403 0.0760637
404 0.0760637
405 0.0760637
406 0.0760637
407 0.076016
408 0.076016
409 0.0723951
410 0.0723951
411 0.0723951
412 0.0723951
413 0.0723951
414 0.0723951
415 0.0723474
416 0.0723474
417 0.0681309
418 0.0681309
419 0.0681309
420 0.0681309
421 0.0681309
422 0.0681309
423 0.0681309
424 0.0681309
425 0.0650102
426 0.0650102
427 0.0650102
428 0.0650102
429 0.0650102
430 0.0650102
431 0.0649864
432 0.0649864
433 0.0618419
434 0.0618419
435 0.0618419
436 0.0618419
437 0.0618419
438 0.0618419
439 0.0618181
440 0.0618181
441 0.0588165
442 0.0588165
443 0.0588165
444 0.0588165
445 0.0588165
446 0.0588165
447 0.0587927
448 0.0587927
449 0.0564105
450 0.0564105
451 0.0564105
452 0.0564105
453 0.0564105
454 0.0564105
455 0.0564105
456 0.0564105
457 0.0540045
458 0.0540045
459 0.0540045
460 0.0540045
461 0.0540045
462 0.0540045
463 0.0539807
464 0.0539807
465 0.0511458
466 0.0511458
467 0.0511458
468 0.0511458
469 0.0511458
470 0.0511458
471 0.051122
472 0.051122
473 0.0490733
474 0.0490733
475 0.0490733
476 0.0490733
477 0.0490733
478 0.0490733
479 0.0490495
480 0.0490495
481 0.0467864
482 0.0467864
483 0.0467864
484 0.0467864
485 0.0467864
486 0.0467864
487 0.0467864
488 0.0467864
489 0.0447854
490 0.0447854
491 0.0447854
492 0.0447854
493 0.0447854
494 0.0447854
495 0.0447615
496 0.0447615
497 0.0428558
498 0.0428558
499 0.0428558
500 0.0428558
501 0.0428558
502 0.0428558
503 0.0428558
504 0.0428558
505 0.0411644
506 0.0411644
507 0.0411644
508 0.0411644
509 0.0411644
510 0.0411644
511 0.0411644
512 0.0411644
513 0.0395683
514 0.0395683
515 0.0395683
516 0.0395683
517 0.0395683
518 0.0395683
519 0.0395445
520 0.0395445
521 0.0375911
522 0.0375911
523 0.0375911
524 0.0375911
525 0.0375911
526 0.0375911
527 0.037472
528 0.037472
529 0.0356377
530 0.0356377
531 0.0356377
532 0.0356377
533 0.0356377
534 0.0356377
535 0.0356377
536 0.0356377
537 0.0339702
538 0.0339702
539 0.0339702
540 0.0339702
541 0.0339702
542 0.0339702
543 0.0339464
544 0.0339464
545 0.0322788
546 0.0322788
547 0.0322788
548 0.0322788
549 0.0322788
550 0.0322788
551 0.032255
552 0.032255
553 0.0305874
554 0.0305874
555 0.0305874
556 0.0305874
557 0.0305874
558 0.0305874
559 0.0305398
560 0.0305398
561 0.0292296
562 0.0292296
563 0.0292296
564 0.0292296
565 0.0292296
566 0.0292296
567 0.029182
568 0.029182
569 0.027705
570 0.027705
571 0.027705
572 0.027705
573 0.027705
574 0.027705
575 0.027705
576 0.027705
577 0.0262995
578 0.0262995
579 0.0262995
580 0.0262995
581 0.0262995
582 0.0262995
583 0.0262995
584 0.0262995
585 0.0250131
586 0.0250131
587 0.0250131
588 0.0250131
589 0.0250131
590 0.0250131
591 0.0249416
592 0.0249416
593 0.0240364
594 0.0240364
595 0.0240364
596 0.0240364
597 0.0240364
598 0.0240364
599 0.0240126
600 0.0240126
601 0.0231788
602 0.0231788
603 0.0231788
604 0.0231788
605 0.0231788
606 0.0231788
607 0.0231788
608 0.0231788
609 0.022083
610 0.022083
611 0.022083
612 0.022083
613 0.022083
614 0.022083
615 0.0220592
616 0.0220592
617 0.0209157
618 0.0209157
619 0.0209157
620 0.0209157
621 0.0209157
622 0.0209157
623 0.0208919
624 0.0208919
625 0.0197008
626 0.0197008
627 0.0197008
628 0.0197008
629 0.0197008
630 0.0197008
631 0.0196532
632 0.0196532
633 0.0188908
634 0.0188908
635 0.0188908
636 0.0188908
637 0.0188908
638 0.0188908
639 0.0188432
640 0.0188432
641 0.0180571
642 0.0180571
643 0.0180571
644 0.0180571
645 0.0180571
646 0.0180571
647 0.0180571
648 0.0180571
649 0.0171042
650 0.0171042
651 0.0171042
652 0.0171042
653 0.0171042
654 0.0171042
655 0.0170804
656 0.0170804
657 0.0162228
658 0.0162228
659 0.0162228
660 0.0162228
661 0.0162228
662 0.0162228
663 0.0162228
664 0.0162228
665 0.0155319
666 0.0155319
667 0.0155319
668 0.0155319
669 0.0155319
670 0.0155319
671 0.0155081
672 0.0155081
673 0.0147696
674 0.0147696
675 0.0147696
676 0.0147696
677 0.0147696
678 0.0147696
679 0.0147696
680 0.0147696
681 0.014055
682 0.014055
683 0.014055
684 0.014055
685 0.014055
686 0.014055
687 0.014055
688 0.014055
689 0.0136738
690 0.0136738
691 0.0136738
692 0.0136738
693 0.0136738
694 0.0136738
695 0.01365
696 0.01365
697 0.0129353
698 0.0129353
699 0.0129353
700 0.0129353
701 0.0129353
702 0.0129353
703 0.0129353
704 0.0129353
705 0.012316
706 0.012316
707 0.012316
708 0.012316
709 0.012316
710 0.012316
711 0.0122922
712 0.0122922
713 0.0117919
714 0.0117919
715 0.0117919
716 0.0117919
717 0.0117919
718 0.0117919
719 0.0117919
720 0.0117919
721 0.0112202
722 0.0112202
723 0.0112202
724 0.0112202
725 0.0112202
726 0.0112202
727 0.0112202
728 0.0112202
729 0.0107914
730 0.0107914
731 0.0107914
732 0.0107914
733 0.0107914
734 0.0107914
735 0.0107914
736 0.0107914
737 0.0103149
738 0.0103149
739 0.0103149
740 0.0103149
741 0.0103149
742 0.0103149
743 0.0102911
744 0.0102911
745 0.00971938
746 0.00971938
747 0.00971938
748 0.00971938
749 0.00971938
750 0.00971938
751 0.00971938
752 0.00971938
753 0.00921911
754 0.00921911
755 0.00921911
756 0.00921911
757 0.00921911
758 0.00921911
759 0.00919529
760 0.00919529
761 0.00886178
762 0.00886178
763 0.00886178
764 0.00886178
765 0.00886178
766 0.00886178
767 0.00883796
768 0.00883796
769 0.00850445
770 0.00850445
771 0.00850445
772 0.00850445
773 0.00850445
774 0.00850445
775 0.00850445
776 0.00850445
777 0.00817095
778 0.00817095
779 0.00817095
780 0.00817095
781 0.00817095
782 0.00817095
783 0.00817095
784 0.00817095
785 0.00795655
786 0.00795655
787 0.00795655
788 0.00795655
789 0.00795655
790 0.00795655
791 0.00793273
792 0.00793273
793 0.0075754
794 0.0075754
795 0.0075754
796 0.0075754
797 0.0075754
798 0.0075754
799 0.0075754
800 0.0075754
801 0.0071466
802 0.0071466
803 0.0071466
804 0.0071466
805 0.0071466
806 0.0071466
807 0.00712278
808 0.00712278
809 0.00678927
810 0.00678927
811 0.00678927
812 0.00678927
813 0.00678927
814 0.00678927
815 0.00678927
816 0.00678927
817 0.00643194
818 0.00643194
819 0.00643194
820 0.00643194
821 0.00643194
822 0.00643194
823 0.00643194
824 0.00643194
825 0.00621754
826 0.00621754
827 0.00621754
828 0.00621754
829 0.00621754
830 0.00621754
831 0.00621754
832 0.00621754
833 0.00597932
834 0.00597932
835 0.00597932
836 0.00597932
837 0.00597932
838 0.00597932
839 0.00597932
840 0.00597932
841 0.0057411
842 0.0057411
843 0.0057411
844 0.0057411
845 0.0057411
846 0.0057411
847 0.0057411
848 0.0057411
849 0.00557435
850 0.00557435
851 0.00557435
852 0.00557435
853 0.00557435
854 0.00557435
855 0.00557435
856 0.00557435
857 0.00528848
858 0.00528848
859 0.00528848
860 0.00528848
861 0.00528848
862 0.00528848
863 0.00528848
864 0.00528848
865 0.00505026
866 0.00505026
867 0.00505026
868 0.00505026
869 0.00505026
870 0.00505026
871 0.00505026
872 0.00505026
873 0.00483587
874 0.00483587
875 0.00483587
876 0.00483587
877 0.00483587
878 0.00483587
879 0.00483587
880 0.00483587
881 0.00455
882 0.00455
883 0.00455
884 0.00455
885 0.00455
886 0.00455
887 0.00452618
888 0.00452618
889 0.0043356
890 0.0043356
891 0.0043356
892 0.0043356
893 0.0043356
894 0.0043356
895 0.0043356
896 0.0043356
897 0.00414503
898 0.00414503
899 0.00414503
900 0.00414503
901 0.00414503
902 0.00414503
903 0.00414503
904 0.00414503
905 0.00393063
906 0.00393063
907 0.00393063
908 0.00393063
909 0.00393063
910 0.00393063
911 0.00393063
912 0.00393063
913 0.00383534
914 0.00383534
915 0.00383534
916 0.00383534
917 0.00383534
918 0.00383534
919 0.00383534
920 0.00383534
921 0.00364477
922 0.00364477
923 0.00364477
924 0.00364477
925 0.00364477
926 0.00364477
927 0.00364477
928 0.00364477
929 0.00350183
930 0.00350183
931 0.00350183
932 0.00350183
933 0.00350183
934 0.00350183
935 0.00350183
936 0.00350183
937 0.00343037
938 0.00343037
939 0.00343037
940 0.00343037
941 0.00343037
942 0.00343037
943 0.00343037
944 0.00343037
945 0.00321597
946 0.00321597
947 0.00321597
948 0.00321597
949 0.00321597
950 0.00321597
951 0.00321597
952 0.00321597
953 0.00300157
954 0.00300157
955 0.00300157
956 0.00300157
957 0.00300157
958 0.00300157
959 0.00300157
960 0.00300157
961 0.00278717
962 0.00278717
963 0.00278717
964 0.00278717
965 0.00278717
966 0.00278717
967 0.00278717
968 0.00278717
969 0.00262042
970 0.00262042
971 0.00262042
972 0.00262042
973 0.00262042
974 0.00262042
975 0.00262042
976 0.00262042
977 0.00254895
978 0.00254895
979 0.00254895
980 0.00254895
981 0.00254895
982 0.00254895
983 0.00254895
984 0.00254895
985 0.00250131
986 0.00250131
987 0.00250131
988 0.00250131
989 0.00250131
990 0.00250131
991 0.00247749
992 0.00247749
993 0.00231073
994 0.00231073
995 0.00231073
996 0.00231073
997 0.00231073
998 0.00231073
999 0.00231073
1000 0.00231073
1001 0.0021678
1002 0.0021678
1003 0.0021678
1004 0.0021678
1005 0.0021678
1006 0.0021678
1007 0.0021678
1008 0.0021678
1009 0.00209634
1010 0.00209634
1011 0.00209634
1012 0.00209634
1013 0.00209634
1014 0.00209634
1015 0.00209634
1016 0.00209634
1017 0.00204869
1018 0.00204869
1019 0.00204869
1020 0.00204869
1021 0.00204869
1022 0.00204869
1023 0.00204869
1024 0.00204869
1025 0.0019534
1026 0.0019534
1027 0.0019534
1028 0.0019534
1029 0.0019534
1030 0.0019534
1031 0.0019534
1032 0.0019534
1033 0.00192958
1034 0.00192958
1035 0.00192958
1036 0.00192958
1037 0.00192958
1038 0.00192958
1039 0.00192958
1040 0.00192958
1041 0.00185812
1042 0.00185812
1043 0.00185812
1044 0.00185812
1045 0.00185812
1046 0.00185812
1047 0.00185812
1048 0.00185812
1049 0.00181047
1050 0.00181047
1051 0.00181047
1052 0.00181047
1053 0.00181047
1054 0.00181047
1055 0.00181047
1056 0.00181047
1057 0.00181047
1058 0.00181047
1059 0.00181047
1060 0.00181047
1061 0.00181047
1062 0.00181047
1063 0.00181047
1064 0.00181047
1065 0.00181047
1066 0.00181047
1067 0.00181047
1068 0.00181047
1069 0.00181047
1070 0.00181047
1071 0.00181047
1072 0.00181047
1073 0.00171518
1074 0.00171518
1075 0.00171518
1076 0.00171518
1077 0.00171518
1078 0.00171518
1079 0.00171518
1080 0.00171518
1081 0.00166754
1082 0.00166754
1083 0.00166754
1084 0.00166754
1085 0.00166754
1086 0.00166754
1087 0.00166754
1088 0.00166754
1089 0.00159607
1090 0.00159607
1091 0.00159607
1092 0.00159607
1093 0.00159607
1094 0.00159607
1095 0.00159607
1096 0.00159607
1097 0.00157225
1098 0.00157225
1099 0.00157225
1100 0.00157225
1101 0.00157225
1102 0.00157225
1103 0.00157225
1104 0.00157225
1105 0.00150079
1106 0.00150079
1107 0.00150079
1108 0.00150079
1109 0.00150079
1110 0.00150079
1111 0.00150079
1112 0.00150079
1113 0.00145314
1114 0.00145314
1115 0.00145314
1116 0.00145314
1117 0.00145314
1118 0.00145314
1119 0.00145314
1120 0.00145314
1121 0.00142932
1122 0.00142932
1123 0.00142932
1124 0.00142932
1125 0.00142932
1126 0.00142932
1127 0.00142932
1128 0.00142932
1129 0.00133403
1130 0.00133403
1131 0.00133403
1132 0.00133403
1133 0.00133403
1134 0.00133403
1135 0.00133403
1136 0.00133403
1137 0.00133403
1138 0.00133403
1139 0.00133403
1140 0.00133403
1141 0.00133403
1142 0.00133403
1143 0.00133403
1144 0.00133403
1145 0.00123874
1146 0.00123874
1147 0.00123874
1148 0.00123874
1149 0.00123874
1150 0.00123874
1151 0.00123874
1152 0.00123874
1153 0.00121492
1154 0.00121492
1155 0.00121492
1156 0.00121492
1157 0.00121492
1158 0.00121492
1159 0.00121492
1160 0.00121492
1161 0.00116728
1162 0.00116728
1163 0.00116728
1164 0.00116728
1165 0.00116728
1166 0.00116728
1167 0.00116728
1168 0.00116728
1169 0.00109581
1170 0.00109581
1171 0.00109581
1172 0.00109581
1173 0.00109581
1174 0.00109581
1175 0.00109581
1176 0.00109581
1177 0.00107199
1178 0.00107199
1179 0.00107199
1180 0.00107199
1181 0.00107199
1182 0.00107199
1183 0.00107199
1184 0.00107199
1185 0.00104817
1186 0.00104817
1187 0.00104817
1188 0.00104817
1189 0.00104817
1190 0.00104817
1191 0.00104817
1192 0.00104817
1193 0.00104817
1194 0.00104817
1195 0.00104817
1196 0.00104817
1197 0.00104817
1198 0.00104817
1199 0.00104817
1200 0.00104817
1201 0.000976702
1202 0.000976702
1203 0.000976702
1204 0.000976702
1205 0.000976702
1206 0.000976702
1207 0.000976702
1208 0.000976702
1209 0.00095288
1210 0.00095288
1211 0.00095288
1212 0.00095288
1213 0.00095288
1214 0.00095288
1215 0.00095288
1216 0.00095288
1217 0.000929058
1218 0.000929058
1219 0.000929058
1220 0.000929058
1221 0.000929058
1222 0.000929058
1223 0.000929058
1224 0.000929058
1225 0.000857592
1226 0.000857592
1227 0.000857592
1228 0.000857592
1229 0.000857592
1230 0.000857592
1231 0.000857592
1232 0.000857592
1233 0.000857592
1234 0.000857592
1235 0.000857592
1236 0.000857592
1237 0.000857592
1238 0.000857592
1239 0.000857592
1240 0.000857592
1241 0.00083377
1242 0.00083377
1243 0.00083377
1244 0.00083377
1245 0.00083377
1246 0.00083377
1247 0.00083377
1248 0.00083377
1249 0.000786126
1250 0.000786126
1251 0.000786126
1252 0.000786126
1253 0.000786126
1254 0.000786126
1255 0.000786126
1256 0.000786126
1257 0.000786126
1258 0.000786126
1259 0.000786126
1260 0.000786126
1261 0.000786126
1262 0.000786126
1263 0.000786126
1264 0.000786126
1265 0.000762304
1266 0.000762304
1267 0.000762304
1268 0.000762304
1269 0.000762304
1270 0.000762304
1271 0.000762304
1272 0.000762304
1273 0.000738482
1274 0.000738482
1275 0.000738482
1276 0.000738482
1277 0.000738482
1278 0.000738482
1279 0.000738482
1280 0.000738482
1281 0.000738482
1282 0.000738482
1283 0.000738482
1284 0.000738482
1285 0.000738482
1286 0.000738482
1287 0.000738482
1288 0.000738482
1289 0.00071466
1290 0.00071466
1291 0.00071466
1292 0.00071466
1293 0.00071466
1294 0.00071466
1295 0.00071466
1296 0.00071466
1297 0.000690838
1298 0.000690838
1299 0.000690838
1300 0.000690838
1301 0.000690838
1302 0.000690838
1303 0.000690838
1304 0.000690838
1305 0.000667016
1306 0.000667016
1307 0.000667016
1308 0.000667016
1309 0.000667016
1310 0.000667016
1311 0.000667016
1312 0.000667016
1313 0.000643194
1314 0.000643194
1315 0.000643194
1316 0.000643194
1317 0.000643194
1318 0.000643194
1319 0.000643194
1320 0.000643194
1321 0.000619372
1322 0.000619372
1323 0.000619372
1324 0.000619372
1325 0.000619372
1326 0.000619372
1327 0.000619372
1328 0.000619372
1329 0.000619372
1330 0.000619372
1331 0.000619372
1332 0.000619372
1333 0.000619372
1334 0.000619372
1335 0.000619372
1336 0.000619372
1337 0.00059555
1338 0.00059555
1339 0.00059555
1340 0.00059555
1341 0.00059555
1342 0.00059555
1343 0.00059555
1344 0.00059555
1345 0.00059555
1346 0.00059555
1347 0.00059555
1348 0.00059555
1349 0.00059555
1350 0.00059555
1351 0.00059555
1352 0.00059555
1353 0.00059555
1354 0.00059555
1355 0.00059555
1356 0.00059555
1357 0.00059555
1358 0.00059555
1359 0.00059555
1360 0.00059555
1361 0.000547906
1362 0.000547906
1363 0.000547906
1364 0.000547906
1365 0.000547906
1366 0.000547906
1367 0.000547906
1368 0.000547906
1369 0.000547906
1370 0.000547906
1371 0.000547906
1372 0.000547906
1373 0.000547906
1374 0.000547906
1375 0.000547906
1376 0.000547906
1377 0.000524084
1378 0.000524084
1379 0.000524084
1380 0.000524084
1381 0.000524084
1382 0.000524084
1383 0.000524084
1384 0.000524084
1385 0.000500262
1386 0.000500262
1387 0.000500262
1388 0.000500262
1389 0.000500262
1390 0.000500262
1391 0.000500262
1392 0.000500262
1393 0.000500262
1394 0.000500262
1395 0.000500262
1396 0.000500262
1397 0.000500262
1398 0.000500262
1399 0.000500262
1400 0.000500262
1401 0.00047644
1402 0.00047644
1403 0.00047644
1404 0.00047644
1405 0.00047644
1406 0.00047644
1407 0.00047644
1408 0.00047644
1409 0.00047644
1410 0.00047644
1411 0.00047644
1412 0.00047644
1413 0.00047644
1414 0.00047644
1415 0.00047644
1416 0.00047644
1417 0.00047644
1418 0.00047644
1419 0.00047644
1420 0.00047644
1421 0.00047644
1422 0.00047644
1423 0.00047644
1424 0.00047644
1425 0.00047644
1426 0.00047644
1427 0.00047644
1428 0.00047644
1429 0.00047644
1430 0.00047644
1431 0.00047644
1432 0.00047644
1433 0.000452618
1434 0.000452618
1435 0.000452618
1436 0.000452618
1437 0.000452618
1438 0.000452618
1439 0.000452618
1440 0.000452618
1441 0.000452618
1442 0.000452618
1443 0.000452618
1444 0.000452618
1445 0.000452618
1446 0.000452618
1447 0.000452618
1448 0.000452618
1449 0.000428796
1450 0.000428796
1451 0.000428796
1452 0.000428796
1453 0.000428796
1454 0.000428796
1455 0.000428796
1456 0.000428796
1457 0.000428796
1458 0.000428796
1459 0.000428796
1460 0.000428796
1461 0.000428796
1462 0.000428796
1463 0.000428796
1464 0.000428796
1465 0.000428796
1466 0.000428796
1467 0.000428796
1468 0.000428796
1469 0.000428796
1470 0.000428796
1471 0.000428796
1472 0.000428796
1473 0.000428796
1474 0.000428796
1475 0.000428796
1476 0.000428796
1477 0.000428796
1478 0.000428796
1479 0.000428796
1480 0.000428796
1481 0.000404974
1482 0.000404974
1483 0.000404974
1484 0.000404974
1485 0.000404974
1486 0.000404974
1487 0.000404974
1488 0.000404974
1489 0.000404974
1490 0.000404974
1491 0.000404974
1492 0.000404974
1493 0.000404974
1494 0.000404974
1495 0.000404974
1496 0.000404974
1497 0.00035733
1498 0.00035733
1499 0.00035733
1500 0.00035733
1501 0.00035733
1502 0.00035733
1503 0.00035733
1504 0.00035733
1505 0.000333508
1506 0.000333508
1507 0.000333508
1508 0.000333508
1509 0.000333508
1510 0.000333508
1511 0.000333508
1512 0.000333508
1513 0.000333508
1514 0.000333508
1515 0.000333508
1516 0.000333508
1517 0.000333508
1518 0.000333508
1519 0.000333508
1520 0.000333508
1521 0.000285864
1522 0.000285864
1523 0.000285864
1524 0.000285864
1525 0.000285864
1526 0.000285864
1527 0.000285864
1528 0.000285864
1529 0.00023822
1530 0.00023822
1531 0.00023822
1532 0.00023822
1533 0.00023822
1534 0.00023822
1535 0.00023822
1536 0.00023822
1537 0.000214398
1538 0.000214398
1539 0.000214398
1540 0.000214398
1541 0.000214398
1542 0.000214398
1543 0.000214398
1544 0.000214398
1545 0.000214398
1546 0.000214398
1547 0.000214398
1548 0.000214398
1549 0.000214398
1550 0.000214398
1551 0.000214398
1552 0.000214398
1553 0.000214398
1554 0.000214398
1555 0.000214398
1556 0.000214398
1557 0.000214398
1558 0.000214398
1559 0.000214398
1560 0.000214398
1561 0.000214398
1562 0.000214398
1563 0.000214398
1564 0.000214398
1565 0.000214398
1566 0.000214398
1567 0.000214398
1568 0.000214398
1569 0.000214398
1570 0.000214398
1571 0.000214398
1572 0.000214398
1573 0.000214398
1574 0.000214398
1575 0.000214398
1576 0.000214398
1577 0.000214398
1578 0.000214398
1579 0.000214398
1580 0.000214398
1581 0.000214398
1582 0.000214398
1583 0.000214398
1584 0.000214398
1585 0.000190576
1586 0.000190576
1587 0.000190576
1588 0.000190576
1589 0.000190576
1590 0.000190576
1591 0.000190576
1592 0.000190576
1593 0.000190576
1594 0.000190576
1595 0.000190576
1596 0.000190576
1597 0.000190576
1598 0.000190576
1599 0.000190576
1600 0.000190576
1601 0.000166754
1602 0.000166754
1603 0.000166754
1604 0.000166754
1605 0.000166754
1606 0.000166754
1607 0.000166754
1608 0.000166754
1609 0.000166754
1610 0.000166754
1611 0.000166754
1612 0.000166754
1613 0.000166754
1614 0.000166754
1615 0.000166754
1616 0.000166754
1617 0.000166754
1618 0.000166754
1619 0.000166754
1620 0.000166754
1621 0.000166754
1622 0.000166754
1623 0.000166754
1624 0.000166754
1625 0.000142932
1626 0.000142932
1627 0.000142932
1628 0.000142932
1629 0.000142932
1630 0.000142932
1631 0.000142932
1632 0.000142932
1633 0.000142932
1634 0.000142932
1635 0.000142932
1636 0.000142932
1637 0.000142932
1638 0.000142932
1639 0.000142932
1640 0.000142932
1641 0.00011911
1642 0.00011911
1643 0.00011911
1644 0.00011911
1645 0.00011911
1646 0.00011911
1647 0.00011911
1648 0.00011911
1649 0.00011911
1650 0.00011911
1651 0.00011911
1652 0.00011911
1653 0.00011911
1654 0.00011911
1655 0.00011911
1656 0.00011911
1657 0.00011911
1658 0.00011911
1659 0.00011911
1660 0.00011911
1661 0.00011911
1662 0.00011911
1663 0.00011911
1664 0.00011911
1665 0.00011911
1666 0.00011911
1667 0.00011911
1668 0.00011911
1669 0.00011911
1670 0.00011911
1671 0.00011911
1672 0.00011911
1673 9.5288e-05
1674 9.5288e-05
1675 9.5288e-05
1676 9.5288e-05
1677 9.5288e-05
1678 9.5288e-05
1679 9.5288e-05
1680 9.5288e-05
1681 9.5288e-05
1682 9.5288e-05
1683 9.5288e-05
1684 9.5288e-05
1685 9.5288e-05
1686 9.5288e-05
1687 9.5288e-05
1688 9.5288e-05
1689 9.5288e-05
1690 9.5288e-05
1691 9.5288e-05
1692 9.5288e-05
1693 9.5288e-05
1694 9.5288e-05
1695 9.5288e-05
1696 9.5288e-05
1697 9.5288e-05
1698 9.5288e-05
1699 9.5288e-05
1700 9.5288e-05
1701 9.5288e-05
1702 9.5288e-05
1703 9.5288e-05
1704 9.5288e-05
1705 9.5288e-05
1706 9.5288e-05
1707 9.5288e-05
1708 9.5288e-05
1709 9.5288e-05
1710 9.5288e-05
1711 9.5288e-05
1712 9.5288e-05
1713 9.5288e-05
1714 9.5288e-05
1715 9.5288e-05
1716 9.5288e-05
1717 9.5288e-05
1718 9.5288e-05
1719 9.5288e-05
1720 9.5288e-05
1721 9.5288e-05
1722 9.5288e-05
1723 9.5288e-05
1724 9.5288e-05
1725 9.5288e-05
1726 9.5288e-05
1727 9.5288e-05
1728 9.5288e-05
1729 9.5288e-05
1730 9.5288e-05
1731 9.5288e-05
1732 9.5288e-05
1733 9.5288e-05
1734 9.5288e-05
1735 9.5288e-05
1736 9.5288e-05
1737 9.5288e-05
1738 9.5288e-05
1739 9.5288e-05
1740 9.5288e-05
1741 9.5288e-05
1742 9.5288e-05
1743 9.5288e-05
1744 9.5288e-05
1745 9.5288e-05
1746 9.5288e-05
1747 9.5288e-05
1748 9.5288e-05
1749 9.5288e-05
1750 9.5288e-05
1751 9.5288e-05
1752 9.5288e-05
1753 9.5288e-05
1754 9.5288e-05
1755 9.5288e-05
1756 9.5288e-05
1757 9.5288e-05
1758 9.5288e-05
1759 9.5288e-05
1760 9.5288e-05
1761 7.1466e-05
1762 7.1466e-05
1763 7.1466e-05
1764 7.1466e-05
1765 7.1466e-05
1766 7.1466e-05
1767 7.1466e-05
1768 7.1466e-05
1769 7.1466e-05
1770 7.1466e-05
1771 7.1466e-05
1772 7.1466e-05
1773 7.1466e-05
1774 7.1466e-05
1775 7.1466e-05
1776 7.1466e-05
1777 7.1466e-05
1778 7.1466e-05
1779 7.1466e-05
1780 7.1466e-05
1781 7.1466e-05
1782 7.1466e-05
1783 7.1466e-05
1784 7.1466e-05
1785 7.1466e-05
1786 7.1466e-05
1787 7.1466e-05
1788 7.1466e-05
1789 7.1466e-05
1790 7.1466e-05
1791 7.1466e-05
1792 7.1466e-05
1793 7.1466e-05
1794 7.1466e-05
1795 7.1466e-05
1796 7.1466e-05
1797 7.1466e-05
1798 7.1466e-05
1799 7.1466e-05
1800 7.1466e-05
1801 7.1466e-05
1802 7.1466e-05
1803 7.1466e-05
1804 7.1466e-05
1805 7.1466e-05
1806 7.1466e-05
1807 7.1466e-05
1808 7.1466e-05
1809 7.1466e-05
1810 7.1466e-05
1811 7.1466e-05
1812 7.1466e-05
1813 7.1466e-05
1814 7.1466e-05
1815 7.1466e-05
1816 7.1466e-05
1817 7.1466e-05
1818 7.1466e-05
1819 7.1466e-05
1820 7.1466e-05
1821 7.1466e-05
1822 7.1466e-05
1823 7.1466e-05
1824 7.1466e-05
1825 7.1466e-05
1826 7.1466e-05
1827 7.1466e-05
1828 7.1466e-05
1829 7.1466e-05
1830 7.1466e-05
1831 7.1466e-05
1832 7.1466e-05
1833 7.1466e-05
1834 7.1466e-05
1835 7.1466e-05
1836 7.1466e-05
1837 7.1466e-05
1838 7.1466e-05
1839 7.1466e-05
1840 7.1466e-05
1841 7.1466e-05
1842 7.1466e-05
1843 7.1466e-05
1844 7.1466e-05
1845 7.1466e-05
1846 7.1466e-05
1847 7.1466e-05
1848 7.1466e-05
1849 7.1466e-05
1850 7.1466e-05
1851 7.1466e-05
1852 7.1466e-05
1853 7.1466e-05
1854 7.1466e-05
1855 7.1466e-05
1856 7.1466e-05
1857 7.1466e-05
1858 7.1466e-05
1859 7.1466e-05
1860 7.1466e-05
1861 7.1466e-05
1862 7.1466e-05
1863 7.1466e-05
1864 7.1466e-05
1865 7.1466e-05
1866 7.1466e-05
1867 7.1466e-05
1868 7.1466e-05
1869 7.1466e-05
1870 7.1466e-05
1871 7.1466e-05
1872 7.1466e-05
1873 7.1466e-05
1874 7.1466e-05
1875 7.1466e-05
1876 7.1466e-05
1877 7.1466e-05
1878 7.1466e-05
1879 7.1466e-05
1880 7.1466e-05
1881 7.1466e-05
1882 7.1466e-05
1883 7.1466e-05
1884 7.1466e-05
1885 7.1466e-05
1886 7.1466e-05
1887 7.1466e-05
1888 7.1466e-05
1889 7.1466e-05
1890 7.1466e-05
1891 7.1466e-05
1892 7.1466e-05
1893 7.1466e-05
1894 7.1466e-05
1895 7.1466e-05
1896 7.1466e-05
1897 7.1466e-05
1898 7.1466e-05
1899 7.1466e-05
1900 7.1466e-05
1901 7.1466e-05
1902 7.1466e-05
1903 7.1466e-05
1904 7.1466e-05
1905 7.1466e-05
1906 7.1466e-05
1907 7.1466e-05
1908 7.1466e-05
1909 7.1466e-05
1910 7.1466e-05
1911 7.1466e-05
1912 7.1466e-05
1913 7.1466e-05
1914 7.1466e-05
1915 7.1466e-05
1916 7.1466e-05
1917 7.1466e-05
1918 7.1466e-05
1919 7.1466e-05
1920 7.1466e-05
1921 7.1466e-05
1922 7.1466e-05
1923 7.1466e-05
1924 7.1466e-05
1925 7.1466e-05
1926 7.1466e-05
1927 7.1466e-05
1928 7.1466e-05
1929 7.1466e-05
1930 7.1466e-05
1931 7.1466e-05
1932 7.1466e-05
1933 7.1466e-05
1934 7.1466e-05
1935 7.1466e-05
1936 7.1466e-05
1937 7.1466e-05
1938 7.1466e-05
1939 7.1466e-05
1940 7.1466e-05
1941 7.1466e-05
1942 7.1466e-05
1943 7.1466e-05
1944 7.1466e-05
1945 7.1466e-05
1946 7.1466e-05
1947 7.1466e-05
1948 7.1466e-05
1949 7.1466e-05
1950 7.1466e-05
1951 7.1466e-05
1952 7.1466e-05
1953 7.1466e-05
1954 7.1466e-05
1955 7.1466e-05
1956 7.1466e-05
1957 7.1466e-05
1958 7.1466e-05
1959 7.1466e-05
1960 7.1466e-05
1961 7.1466e-05
1962 7.1466e-05
1963 7.1466e-05
1964 7.1466e-05
1965 7.1466e-05
1966 7.1466e-05
1967 7.1466e-05
1968 7.1466e-05
1969 7.1466e-05
1970 7.1466e-05
1971 7.1466e-05
1972 7.1466e-05
1973 7.1466e-05
1974 7.1466e-05
1975 7.1466e-05
1976 7.1466e-05
1977 7.1466e-05
1978 7.1466e-05
1979 7.1466e-05
1980 7.1466e-05
1981 7.1466e-05
1982 7.1466e-05
1983 7.1466e-05
1984 7.1466e-05
1985 7.1466e-05
1986 7.1466e-05
1987 7.1466e-05
1988 7.1466e-05
1989 7.1466e-05
1990 7.1466e-05
1991 7.1466e-05
1992 7.1466e-05
1993 7.1466e-05
1994 7.1466e-05
1995 7.1466e-05
1996 7.1466e-05
1997 7.1466e-05
1998 7.1466e-05
1999 7.1466e-05
2000 7.1466e-05
2001 7.1466e-05
2002 7.1466e-05
2003 7.1466e-05
2004 7.1466e-05
2005 7.1466e-05
2006 7.1466e-05
2007 7.1466e-05
2008 7.1466e-05
2009 7.1466e-05
2010 7.1466e-05
2011 7.1466e-05
2012 7.1466e-05
2013 7.1466e-05
2014 7.1466e-05
2015 7.1466e-05
2016 7.1466e-05
2017 7.1466e-05
2018 7.1466e-05
2019 7.1466e-05
2020 7.1466e-05
2021 7.1466e-05
2022 7.1466e-05
2023 7.1466e-05
2024 7.1466e-05
2025 7.1466e-05
2026 7.1466e-05
2027 7.1466e-05
2028 7.1466e-05
2029 7.1466e-05
2030 7.1466e-05
2031 7.1466e-05
2032 7.1466e-05
2033 7.1466e-05
2034 7.1466e-05
2035 7.1466e-05
2036 7.1466e-05
2037 7.1466e-05
2038 7.1466e-05
2039 7.1466e-05
2040 7.1466e-05
2041 7.1466e-05
2042 7.1466e-05
2043 7.1466e-05
2044 7.1466e-05
2045 7.1466e-05
2046 7.1466e-05
2047 7.1466e-05
2048 7.1466e-05
2049 7.1466e-05
2050 7.1466e-05
2051 7.1466e-05
2052 7.1466e-05
2053 7.1466e-05
2054 7.1466e-05
2055 7.1466e-05
2056 7.1466e-05
2057 7.1466e-05
2058 7.1466e-05
2059 7.1466e-05
2060 7.1466e-05
2061 7.1466e-05
2062 7.1466e-05
2063 7.1466e-05
2064 7.1466e-05
2065 7.1466e-05
2066 7.1466e-05
2067 7.1466e-05
2068 7.1466e-05
2069 7.1466e-05
2070 7.1466e-05
2071 7.1466e-05
2072 7.1466e-05
2073 7.1466e-05
2074 7.1466e-05
2075 7.1466e-05
2076 7.1466e-05
2077 7.1466e-05
2078 7.1466e-05
2079 7.1466e-05
2080 7.1466e-05
2081 7.1466e-05
2082 7.1466e-05
2083 7.1466e-05
2084 7.1466e-05
2085 7.1466e-05
2086 7.1466e-05
2087 7.1466e-05
2088 7.1466e-05
2089 7.1466e-05
2090 7.1466e-05
2091 7.1466e-05
2092 7.1466e-05
2093 7.1466e-05
2094 7.1466e-05
2095 7.1466e-05
2096 7.1466e-05
2097 7.1466e-05
2098 7.1466e-05
2099 7.1466e-05
2100 7.1466e-05
2101 7.1466e-05
2102 7.1466e-05
2103 7.1466e-05
2104 7.1466e-05
2105 7.1466e-05
2106 7.1466e-05
2107 7.1466e-05
2108 7.1466e-05
2109 7.1466e-05
2110 7.1466e-05
2111 7.1466e-05
2112 7.1466e-05
2113 7.1466e-05
2114 7.1466e-05
2115 7.1466e-05
2116 7.1466e-05
2117 7.1466e-05
2118 7.1466e-05
2119 7.1466e-05
2120 7.1466e-05
2121 7.1466e-05
2122 7.1466e-05
2123 7.1466e-05
2124 7.1466e-05
2125 7.1466e-05
2126 7.1466e-05
2127 7.1466e-05
2128 7.1466e-05
2129 4.7644e-05
2130 4.7644e-05
2131 4.7644e-05
2132 4.7644e-05
2133 4.7644e-05
2134 4.7644e-05
2135 4.7644e-05
2136 4.7644e-05
2137 4.7644e-05
2138 4.7644e-05
2139 4.7644e-05
2140 4.7644e-05
2141 4.7644e-05
2142 4.7644e-05
2143 4.7644e-05
2144 4.7644e-05
2145 4.7644e-05
2146 4.7644e-05
2147 4.7644e-05
2148 4.7644e-05
2149 4.7644e-05
2150 4.7644e-05
2151 4.7644e-05
2152 4.7644e-05
2153 4.7644e-05
2154 4.7644e-05
2155 4.7644e-05
2156 4.7644e-05
2157 4.7644e-05
2158 4.7644e-05
2159 4.7644e-05
2160 4.7644e-05
2161 4.7644e-05
2162 4.7644e-05
2163 4.7644e-05
2164 4.7644e-05
2165 4.7644e-05
2166 4.7644e-05
2167 4.7644e-05
2168 4.7644e-05
2169 4.7644e-05
2170 4.7644e-05
2171 4.7644e-05
2172 4.7644e-05
2173 4.7644e-05
2174 4.7644e-05
2175 4.7644e-05
2176 4.7644e-05
2177 2.3822e-05
2178 2.3822e-05
2179 2.3822e-05
2180 2.3822e-05
2181 2.3822e-05
2182 2.3822e-05
2183 2.3822e-05
2184 2.3822e-05
2185 2.3822e-05
2186 2.3822e-05
2187 2.3822e-05
2188 2.3822e-05
2189 2.3822e-05
2190 2.3822e-05
2191 2.3822e-05
2192 2.3822e-05
2193 2.3822e-05
2194 2.3822e-05
2195 2.3822e-05
2196 2.3822e-05
2197 2.3822e-05
2198 2.3822e-05
2199 2.3822e-05
2200 2.3822e-05
2201 2.3822e-05
2202 2.3822e-05
2203 2.3822e-05
2204 2.3822e-05
2205 2.3822e-05
2206 2.3822e-05
2207 2.3822e-05
2208 2.3822e-05
2209 2.3822e-05
2210 2.3822e-05
2211 2.3822e-05
2212 2.3822e-05
2213 2.3822e-05
2214 2.3822e-05
2215 2.3822e-05
2216 2.3822e-05
2217 2.3822e-05
2218 2.3822e-05
2219 2.3822e-05
2220 2.3822e-05
2221 2.3822e-05
2222 2.3822e-05
2223 2.3822e-05
2224 2.3822e-05
2225 2.3822e-05
2226 2.3822e-05
2227 2.3822e-05
2228 2.3822e-05
2229 2.3822e-05
2230 2.3822e-05
2231 2.3822e-05
2232 2.3822e-05
2233 2.3822e-05
2234 2.3822e-05
2235 2.3822e-05
2236 2.3822e-05
2237 2.3822e-05
2238 2.3822e-05
2239 2.3822e-05
2240 2.3822e-05
2241 2.3822e-05
2242 2.3822e-05
2243 2.3822e-05
2244 2.3822e-05
2245 2.3822e-05
2246 2.3822e-05
2247 2.3822e-05
2248 2.3822e-05
2249 2.3822e-05
2250 2.3822e-05
2251 2.3822e-05
2252 2.3822e-05
2253 2.3822e-05
2254 2.3822e-05
2255 2.3822e-05
2256 2.3822e-05
2257 2.3822e-05
2258 2.3822e-05
2259 2.3822e-05
2260 2.3822e-05
2261 2.3822e-05
2262 2.3822e-05
2263 2.3822e-05
2264 2.3822e-05
2265 2.3822e-05
2266 2.3822e-05
2267 2.3822e-05
2268 2.3822e-05
2269 2.3822e-05
2270 2.3822e-05
2271 2.3822e-05
2272 2.3822e-05
2273 2.3822e-05
2274 2.3822e-05
2275 2.3822e-05
2276 2.3822e-05
2277 2.3822e-05
2278 2.3822e-05
2279 2.3822e-05
2280 2.3822e-05
2281 2.3822e-05
2282 2.3822e-05
2283 2.3822e-05
2284 2.3822e-05
2285 2.3822e-05
2286 2.3822e-05
2287 2.3822e-05
2288 2.3822e-05
2289 2.3822e-05
2290 2.3822e-05
2291 2.3822e-05
2292 2.3822e-05
2293 2.3822e-05
2294 2.3822e-05
2295 2.3822e-05
2296 2.3822e-05
2297 2.3822e-05
2298 2.3822e-05
2299 2.3822e-05
2300 2.3822e-05
2301 2.3822e-05
2302 2.3822e-05
2303 2.3822e-05
2304 2.3822e-05
2305 2.3822e-05
2306 2.3822e-05
2307 2.3822e-05
2308 2.3822e-05
2309 2.3822e-05
2310 2.3822e-05
2311 2.3822e-05
2312 2.3822e-05
2313 2.3822e-05
2314 2.3822e-05
2315 2.3822e-05
2316 2.3822e-05
2317 2.3822e-05
2318 2.3822e-05
2319 2.3822e-05
2320 2.3822e-05
2321 2.3822e-05
2322 2.3822e-05
2323 2.3822e-05
2324 2.3822e-05
2325 2.3822e-05
2326 2.3822e-05
2327 2.3822e-05
2328 2.3822e-05
2329 2.3822e-05
2330 2.3822e-05
2331 2.3822e-05
2332 2.3822e-05
2333 2.3822e-05
2334 2.3822e-05
2335 2.3822e-05
2336 2.3822e-05
2337 2.3822e-05
2338 2.3822e-05
2339 2.3822e-05
2340 2.3822e-05
2341 2.3822e-05
2342 2.3822e-05
2343 2.3822e-05
2344 2.3822e-05
2345 2.3822e-05
2346 2.3822e-05
2347 2.3822e-05
2348 2.3822e-05
2349 2.3822e-05
2350 2.3822e-05
2351 2.3822e-05
2352 2.3822e-05
2353 2.3822e-05
2354 2.3822e-05
2355 2.3822e-05
2356 2.3822e-05
2357 2.3822e-05
2358 2.3822e-05
2359 2.3822e-05
2360 2.3822e-05
2361 2.3822e-05
2362 2.3822e-05
2363 2.3822e-05
2364 2.3822e-05
2365 2.3822e-05
2366 2.3822e-05
2367 2.3822e-05
2368 2.3822e-05
2369 2.3822e-05
2370 2.3822e-05
2371 2.3822e-05
2372 2.3822e-05
2373 2.3822e-05
2374 2.3822e-05
2375 2.3822e-05
2376 2.3822e-05
2377 2.3822e-05
2378 2.3822e-05
2379 2.3822e-05
2380 2.3822e-05
2381 2.3822e-05
2382 2.3822e-05
2383 2.3822e-05
2384 2.3822e-05
2385 2.3822e-05
2386 2.3822e-05
2387 2.3822e-05
2388 2.3822e-05
2389 2.3822e-05
2390 2.3822e-05
2391 2.3822e-05
2392 2.3822e-05
2393 2.3822e-05
2394 2.3822e-05
2395 2.3822e-05
2396 2.3822e-05
2397 2.3822e-05
2398 2.3822e-05
2399 2.3822e-05
2400 2.3822e-05
2401 2.3822e-05
2402 2.3822e-05
2403 2.3822e-05
2404 2.3822e-05
2405 2.3822e-05
2406 2.3822e-05
2407 2.3822e-05
2408 2.3822e-05
2409 2.3822e-05
2410 2.3822e-05
2411 2.3822e-05
2412 2.3822e-05
2413 2.3822e-05
2414 2.3822e-05
2415 2.3822e-05
2416 2.3822e-05
2417 2.3822e-05
2418 2.3822e-05
2419 2.3822e-05
2420 2.3822e-05
2421 2.3822e-05
2422 2.3822e-05
2423 2.3822e-05
2424 2.3822e-05
2425 2.3822e-05
2426 2.3822e-05
2427 2.3822e-05
2428 2.3822e-05
2429 2.3822e-05
2430 2.3822e-05
2431 2.3822e-05
2432 2.3822e-05
2433 2.3822e-05
2434 2.3822e-05
2435 2.3822e-05
2436 2.3822e-05
2437 2.3822e-05
2438 2.3822e-05
2439 2.3822e-05
2440 2.3822e-05
2441 2.3822e-05
2442 2.3822e-05
2443 2.3822e-05
2444 2.3822e-05
2445 2.3822e-05
2446 2.3822e-05
2447 2.3822e-05
2448 2.3822e-05
2449 2.3822e-05
2450 2.3822e-05
2451 2.3822e-05
2452 2.3822e-05
2453 2.3822e-05
2454 2.3822e-05
2455 2.3822e-05
2456 2.3822e-05
2457 2.3822e-05
2458 2.3822e-05
2459 2.3822e-05
2460 2.3822e-05
2461 2.3822e-05
2462 2.3822e-05
2463 2.3822e-05
2464 2.3822e-05
2465 2.3822e-05
2466 2.3822e-05
2467 2.3822e-05
2468 2.3822e-05
2469 2.3822e-05
2470 2.3822e-05
2471 2.3822e-05
2472 2.3822e-05
2473 2.3822e-05
2474 2.3822e-05
2475 2.3822e-05
2476 2.3822e-05
2477 2.3822e-05
2478 2.3822e-05
2479 2.3822e-05
2480 2.3822e-05
2481 2.3822e-05
2482 2.3822e-05
2483 2.3822e-05
2484 2.3822e-05
2485 2.3822e-05
2486 2.3822e-05
2487 2.3822e-05
2488 2.3822e-05
2489 2.3822e-05
2490 2.3822e-05
2491 2.3822e-05
2492 2.3822e-05
2493 2.3822e-05
2494 2.3822e-05
2495 2.3822e-05
2496 2.3822e-05
2497 2.3822e-05
2498 2.3822e-05
2499 2.3822e-05
2500 2.3822e-05
2501 2.3822e-05
2502 2.3822e-05
2503 2.3822e-05
2504 2.3822e-05
2505 2.3822e-05
2506 2.3822e-05
2507 2.3822e-05
2508 2.3822e-05
2509 2.3822e-05
2510 2.3822e-05
2511 2.3822e-05
2512 2.3822e-05
2513 2.3822e-05
2514 2.3822e-05
2515 2.3822e-05
2516 2.3822e-05
2517 2.3822e-05
2518 2.3822e-05
2519 2.3822e-05
2520 2.3822e-05
2521 2.3822e-05
2522 2.3822e-05
2523 2.3822e-05
2524 2.3822e-05
2525 2.3822e-05
2526 2.3822e-05
2527 2.3822e-05
2528 2.3822e-05
2529 2.3822e-05
2530 2.3822e-05
2531 2.3822e-05
2532 2.3822e-05
2533 2.3822e-05
2534 2.3822e-05
2535 2.3822e-05
2536 2.3822e-05
2537 2.3822e-05
2538 2.3822e-05
2539 2.3822e-05
2540 2.3822e-05
2541 2.3822e-05
2542 2.3822e-05
2543 2.3822e-05
2544 2.3822e-05
2545 2.3822e-05
2546 2.3822e-05
2547 2.3822e-05
2548 2.3822e-05
2549 2.3822e-05
2550 2.3822e-05
2551 2.3822e-05
2552 2.3822e-05
2553 2.3822e-05
2554 2.3822e-05
2555 2.3822e-05
2556 2.3822e-05
2557 2.3822e-05
2558 2.3822e-05
2559 2.3822e-05
2560 2.3822e-05
2561 2.3822e-05
2562 2.3822e-05
2563 2.3822e-05
2564 2.3822e-05
2565 2.3822e-05
2566 2.3822e-05
2567 2.3822e-05
2568 2.3822e-05
2569 2.3822e-05
2570 2.3822e-05
2571 2.3822e-05
2572 2.3822e-05
2573 2.3822e-05
2574 2.3822e-05
2575 2.3822e-05
2576 2.3822e-05
2577 2.3822e-05
2578 2.3822e-05
2579 2.3822e-05
2580 2.3822e-05
2581 2.3822e-05
2582 2.3822e-05
2583 2.3822e-05
2584 2.3822e-05
2585 2.3822e-05
2586 2.3822e-05
2587 2.3822e-05
2588 2.3822e-05
2589 2.3822e-05
2590 2.3822e-05
2591 2.3822e-05
2592 2.3822e-05
2593 2.3822e-05
2594 2.3822e-05
2595 2.3822e-05
2596 2.3822e-05
2597 2.3822e-05
2598 2.3822e-05
2599 2.3822e-05
2600 2.3822e-05
2601 2.3822e-05
2602 2.3822e-05
2603 2.3822e-05
2604 2.3822e-05
2605 2.3822e-05
2606 2.3822e-05
2607 2.3822e-05
2608 2.3822e-05
2609 2.3822e-05
2610 2.3822e-05
2611 2.3822e-05
2612 2.3822e-05
2613 2.3822e-05
2614 2.3822e-05
2615 2.3822e-05
2616 2.3822e-05
2617 2.3822e-05
2618 2.3822e-05
2619 2.3822e-05
2620 2.3822e-05
2621 2.3822e-05
2622 2.3822e-05
2623 2.3822e-05
2624 2.3822e-05
2625 2.3822e-05
2626 2.3822e-05
2627 2.3822e-05
2628 2.3822e-05
2629 2.3822e-05
2630 2.3822e-05
2631 2.3822e-05
2632 2.3822e-05
2633 2.3822e-05
2634 2.3822e-05
2635 2.3822e-05
2636 2.3822e-05
2637 2.3822e-05
2638 2.3822e-05
2639 2.3822e-05
2640 2.3822e-05
2641 2.3822e-05
2642 2.3822e-05
2643 2.3822e-05
2644 2.3822e-05
2645 2.3822e-05
2646 2.3822e-05
2647 2.3822e-05
2648 2.3822e-05
2649 2.3822e-05
2650 2.3822e-05
2651 2.3822e-05
2652 2.3822e-05
2653 2.3822e-05
2654 2.3822e-05
2655 2.3822e-05
2656 2.3822e-05
2657 2.3822e-05
2658 2.3822e-05
2659 2.3822e-05
2660 2.3822e-05
2661 2.3822e-05
2662 2.3822e-05
2663 2.3822e-05
2664 2.3822e-05
2665 2.3822e-05
2666 2.3822e-05
2667 2.3822e-05
2668 2.3822e-05
2669 2.3822e-05
2670 2.3822e-05
2671 2.3822e-05
2672 2.3822e-05
2673 2.3822e-05
2674 2.3822e-05
2675 2.3822e-05
2676 2.3822e-05
2677 2.3822e-05
2678 2.3822e-05
2679 2.3822e-05
2680 2.3822e-05
2681 2.3822e-05
2682 2.3822e-05
2683 2.3822e-05
2684 2.3822e-05
2685 2.3822e-05
2686 2.3822e-05
2687 2.3822e-05
2688 2.3822e-05
2689 2.3822e-05
2690 2.3822e-05
2691 2.3822e-05
2692 2.3822e-05
2693 2.3822e-05
2694 2.3822e-05
2695 2.3822e-05
2696 2.3822e-05
2697 2.3822e-05
2698 2.3822e-05
2699 2.3822e-05
2700 2.3822e-05
2701 2.3822e-05
2702 2.3822e-05
2703 2.3822e-05
2704 2.3822e-05
2705 2.3822e-05
2706 2.3822e-05
2707 2.3822e-05
2708 2.3822e-05
2709 2.3822e-05
2710 2.3822e-05
2711 2.3822e-05
2712 2.3822e-05
2713 2.3822e-05
2714 2.3822e-05
2715 2.3822e-05
2716 2.3822e-05
2717 2.3822e-05
2718 2.3822e-05
2719 2.3822e-05
2720 2.3822e-05
2721 2.3822e-05
2722 2.3822e-05
2723 2.3822e-05
2724 2.3822e-05
2725 2.3822e-05
2726 2.3822e-05
2727 2.3822e-05
2728 2.3822e-05
2729 2.3822e-05
2730 2.3822e-05
2731 2.3822e-05
2732 2.3822e-05
2733 2.3822e-05
2734 2.3822e-05
2735 2.3822e-05
2736 2.3822e-05
2737 2.3822e-05
2738 2.3822e-05
2739 2.3822e-05
2740 2.3822e-05
2741 2.3822e-05
2742 2.3822e-05
2743 2.3822e-05
2744 2.3822e-05
2745 2.3822e-05
2746 2.3822e-05
2747 2.3822e-05
2748 2.3822e-05
2749 2.3822e-05
2750 2.3822e-05
2751 2.3822e-05
2752 2.3822e-05
2753 2.3822e-05
2754 2.3822e-05
2755 2.3822e-05
2756 2.3822e-05
2757 2.3822e-05
2758 2.3822e-05
2759 2.3822e-05
2760 2.3822e-05
2761 2.3822e-05
2762 2.3822e-05
2763 2.3822e-05
2764 2.3822e-05
2765 2.3822e-05
2766 2.3822e-05
2767 2.3822e-05
2768 2.3822e-05
2769 2.3822e-05
2770 2.3822e-05
2771 2.3822e-05
2772 2.3822e-05
2773 2.3822e-05
2774 2.3822e-05
2775 2.3822e-05
2776 2.3822e-05
2777 2.3822e-05
2778 2.3822e-05
2779 2.3822e-05
2780 2.3822e-05
2781 2.3822e-05
2782 2.3822e-05
2783 2.3822e-05
2784 2.3822e-05
2785 2.3822e-05
2786 2.3822e-05
2787 2.3822e-05
2788 2.3822e-05
2789 2.3822e-05
2790 2.3822e-05
2791 2.3822e-05
2792 2.3822e-05
2793 2.3822e-05
2794 2.3822e-05
2795 2.3822e-05
2796 2.3822e-05
2797 2.3822e-05
2798 2.3822e-05
2799 2.3822e-05
2800 2.3822e-05
2801 2.3822e-05
2802 2.3822e-05
2803 2.3822e-05
2804 2.3822e-05
2805 2.3822e-05
2806 2.3822e-05
2807 2.3822e-05
2808 2.3822e-05
2809 2.3822e-05
2810 2.3822e-05
2811 2.3822e-05
2812 2.3822e-05
2813 2.3822e-05
2814 2.3822e-05
2815 2.3822e-05
2816 2.3822e-05
2817 2.3822e-05
2818 2.3822e-05
2819 2.3822e-05
2820 2.3822e-05
2821 2.3822e-05
2822 2.3822e-05
2823 2.3822e-05
2824 2.3822e-05
2825 2.3822e-05
2826 2.3822e-05
2827 2.3822e-05
2828 2.3822e-05
2829 2.3822e-05
2830 2.3822e-05
2831 2.3822e-05
2832 2.3822e-05
2833 2.3822e-05
2834 2.3822e-05
2835 2.3822e-05
2836 2.3822e-05
2837 2.3822e-05
2838 2.3822e-05
2839 2.3822e-05
2840 2.3822e-05
2841 2.3822e-05
2842 2.3822e-05
2843 2.3822e-05
2844 2.3822e-05
2845 2.3822e-05
2846 2.3822e-05
2847 2.3822e-05
2848 2.3822e-05
2849 2.3822e-05
2850 2.3822e-05
2851 2.3822e-05
2852 2.3822e-05
2853 2.3822e-05
2854 2.3822e-05
2855 2.3822e-05
2856 2.3822e-05
2857 2.3822e-05
2858 2.3822e-05
2859 2.3822e-05
2860 2.3822e-05
2861 2.3822e-05
2862 2.3822e-05
2863 2.3822e-05
2864 2.3822e-05
2865 2.3822e-05
2866 2.3822e-05
2867 2.3822e-05
2868 2.3822e-05
2869 2.3822e-05
2870 2.3822e-05
2871 2.3822e-05
2872 2.3822e-05
2873 2.3822e-05
2874 2.3822e-05
2875 2.3822e-05
2876 2.3822e-05
2877 2.3822e-05
2878 2.3822e-05
2879 2.3822e-05
2880 2.3822e-05
2881 2.3822e-05
2882 2.3822e-05
2883 2.3822e-05
2884 2.3822e-05
2885 2.3822e-05
2886 2.3822e-05
2887 2.3822e-05
2888 2.3822e-05
2889 2.3822e-05
2890 2.3822e-05
2891 2.3822e-05
2892 2.3822e-05
2893 2.3822e-05
2894 2.3822e-05
2895 2.3822e-05
2896 2.3822e-05
2897 2.3822e-05
2898 2.3822e-05
2899 2.3822e-05
2900 2.3822e-05
2901 2.3822e-05
2902 2.3822e-05
2903 2.3822e-05
2904 2.3822e-05
2905 2.3822e-05
2906 2.3822e-05
2907 2.3822e-05
2908 2.3822e-05
2909 2.3822e-05
2910 2.3822e-05
2911 2.3822e-05
2912 2.3822e-05
2913 2.3822e-05
2914 2.3822e-05
2915 2.3822e-05
2916 2.3822e-05
2917 2.3822e-05
2918 2.3822e-05
2919 2.3822e-05
2920 2.3822e-05
2921 2.3822e-05
2922 2.3822e-05
2923 2.3822e-05
2924 2.3822e-05
2925 2.3822e-05
2926 2.3822e-05
2927 2.3822e-05
2928 2.3822e-05
2929 2.3822e-05
2930 2.3822e-05
2931 2.3822e-05
2932 2.3822e-05
2933 2.3822e-05
2934 2.3822e-05
2935 2.3822e-05
2936 2.3822e-05
2937 2.3822e-05
2938 2.3822e-05
2939 2.3822e-05
2940 2.3822e-05
2941 2.3822e-05
2942 2.3822e-05
2943 2.3822e-05
2944 2.3822e-05
2945 2.3822e-05
2946 2.3822e-05
2947 2.3822e-05
2948 2.3822e-05
2949 2.3822e-05
2950 2.3822e-05
2951 2.3822e-05
2952 2.3822e-05
2953 2.3822e-05
2954 2.3822e-05
2955 2.3822e-05
2956 2.3822e-05
2957 2.3822e-05
2958 2.3822e-05
2959 2.3822e-05
2960 2.3822e-05
2961 2.3822e-05
2962 2.3822e-05
2963 2.3822e-05
2964 2.3822e-05
2965 2.3822e-05
2966 2.3822e-05
2967 2.3822e-05
2968 2.3822e-05
2969 2.3822e-05
2970 2.3822e-05
2971 2.3822e-05
2972 2.3822e-05
2973 2.3822e-05
2974 2.3822e-05
2975 2.3822e-05
2976 2.3822e-05
2977 2.3822e-05
2978 2.3822e-05
2979 2.3822e-05
2980 2.3822e-05
2981 2.3822e-05
2982 2.3822e-05
2983 2.3822e-05
2984 2.3822e-05
2985 2.3822e-05
2986 2.3822e-05
2987 2.3822e-05
2988 2.3822e-05
2989 2.3822e-05
2990 2.3822e-05
2991 2.3822e-05
2992 2.3822e-05
2993 2.3822e-05
2994 2.3822e-05
2995 2.3822e-05
2996 2.3822e-05
2997 2.3822e-05
2998 2.3822e-05
2999 2.3822e-05
3000 2.3822e-05
3001 2.3822e-05
3002 2.3822e-05
3003 2.3822e-05
3004 2.3822e-05
3005 2.3822e-05
3006 2.3822e-05
3007 2.3822e-05
3008 2.3822e-05
3009 2.3822e-05
3010 2.3822e-05
3011 2.3822e-05
3012 2.3822e-05
3013 2.3822e-05
3014 2.3822e-05
3015 2.3822e-05
3016 2.3822e-05
3017 2.3822e-05
3018 2.3822e-05
3019 2.3822e-05
3020 2.3822e-05
3021 2.3822e-05
3022 2.3822e-05
3023 2.3822e-05
3024 2.3822e-05
3025 2.3822e-05
3026 2.3822e-05
3027 2.3822e-05
3028 2.3822e-05
3029 2.3822e-05
3030 2.3822e-05
3031 2.3822e-05
3032 2.3822e-05
3033 2.3822e-05
3034 2.3822e-05
3035 2.3822e-05
3036 2.3822e-05
3037 2.3822e-05
3038 2.3822e-05
3039 2.3822e-05
3040 2.3822e-05
3041 2.3822e-05
3042 2.3822e-05
3043 2.3822e-05
3044 2.3822e-05
3045 2.3822e-05
3046 2.3822e-05
3047 2.3822e-05
3048 2.3822e-05
3049 2.3822e-05
3050 2.3822e-05
3051 2.3822e-05
3052 2.3822e-05
3053 2.3822e-05
3054 2.3822e-05
3055 2.3822e-05
3056 2.3822e-05
3057 2.3822e-05
3058 2.3822e-05
3059 2.3822e-05
3060 2.3822e-05
3061 2.3822e-05
3062 2.3822e-05
3063 2.3822e-05
3064 2.3822e-05
3065 2.3822e-05
3066 2.3822e-05
3067 2.3822e-05
3068 2.3822e-05
3069 2.3822e-05
3070 2.3822e-05
3071 2.3822e-05
3072 2.3822e-05
3073 2.3822e-05
3074 2.3822e-05
3075 2.3822e-05
3076 2.3822e-05
3077 2.3822e-05
3078 2.3822e-05
3079 2.3822e-05
3080 2.3822e-05
3081 2.3822e-05
3082 2.3822e-05
3083 2.3822e-05
3084 2.3822e-05
3085 2.3822e-05
3086 2.3822e-05
3087 2.3822e-05
3088 2.3822e-05
3089 2.3822e-05
3090 2.3822e-05
3091 2.3822e-05
3092 2.3822e-05
3093 2.3822e-05
3094 2.3822e-05
3095 2.3822e-05
3096 2.3822e-05
3097 2.3822e-05
3098 2.3822e-05
3099 2.3822e-05
3100 2.3822e-05
3101 2.3822e-05
3102 2.3822e-05
3103 2.3822e-05
3104 2.3822e-05
3105 2.3822e-05
3106 2.3822e-05
3107 2.3822e-05
3108 2.3822e-05
3109 2.3822e-05
3110 2.3822e-05
3111 2.3822e-05
3112 2.3822e-05
3113 2.3822e-05
3114 2.3822e-05
3115 2.3822e-05
3116 2.3822e-05
3117 2.3822e-05
3118 2.3822e-05
3119 2.3822e-05
3120 2.3822e-05
3121 2.3822e-05
3122 2.3822e-05
3123 2.3822e-05
3124 2.3822e-05
3125 2.3822e-05
3126 2.3822e-05
3127 2.3822e-05
3128 2.3822e-05
3129 2.3822e-05
3130 2.3822e-05
3131 2.3822e-05
3132 2.3822e-05
3133 2.3822e-05
3134 2.3822e-05
3135 2.3822e-05
3136 2.3822e-05
3137 2.3822e-05
3138 2.3822e-05
3139 2.3822e-05
3140 2.3822e-05
3141 2.3822e-05
3142 2.3822e-05
3143 2.3822e-05
3144 2.3822e-05
3145 2.3822e-05
3146 2.3822e-05
3147 2.3822e-05
3148 2.3822e-05
3149 2.3822e-05
3150 2.3822e-05
3151 2.3822e-05
3152 2.3822e-05
3153 2.3822e-05
3154 2.3822e-05
3155 2.3822e-05
3156 2.3822e-05
3157 2.3822e-05
3158 2.3822e-05
3159 2.3822e-05
3160 2.3822e-05
3161 2.3822e-05
3162 2.3822e-05
3163 2.3822e-05
3164 2.3822e-05
3165 2.3822e-05
3166 2.3822e-05
3167 2.3822e-05
3168 2.3822e-05
3169 2.3822e-05
3170 2.3822e-05
3171 2.3822e-05
3172 2.3822e-05
3173 2.3822e-05
3174 2.3822e-05
3175 2.3822e-05
3176 2.3822e-05
3177 2.3822e-05
3178 2.3822e-05
3179 2.3822e-05
3180 2.3822e-05
3181 2.3822e-05
3182 2.3822e-05
3183 2.3822e-05
3184 2.3822e-05
3185 2.3822e-05
3186 2.3822e-05
3187 2.3822e-05
3188 2.3822e-05
3189 2.3822e-05
3190 2.3822e-05
3191 2.3822e-05
3192 2.3822e-05
3193 2.3822e-05
3194 2.3822e-05
3195 2.3822e-05
3196 2.3822e-05
3197 2.3822e-05
3198 2.3822e-05
3199 2.3822e-05
3200 2.3822e-05
3201 2.3822e-05
3202 2.3822e-05
3203 2.3822e-05
3204 2.3822e-05
3205 2.3822e-05
3206 2.3822e-05
3207 2.3822e-05
3208 2.3822e-05
