0 1
1 1
2 1
3 1
4 1
5 1
6 1
7 0.999965
8 0.999965
9 0.999965
10 0.999965
11 0.999965
12 0.999965
13 0.999965
14 0.999965
15 0.999965
16 0.999965
17 0.999965
18 0.999965
19 0.999965
20 0.999965
21 0.999965
22 0.999965
23 0.999895
24 0.999895
25 0.999895
26 0.999895
27 0.999895
28 0.999895
29 0.999895
30 0.999895
31 0.99979
32 0.99979
33 0.99979
34 0.99979
35 0.99979
36 0.99979
37 0.99979
38 0.99979
39 0.99965
40 0.99965
41 0.984796
42 0.984796
43 0.984796
44 0.984796
45 0.984796
46 0.984796
47 0.984656
48 0.984656
49 0.970083
50 0.970083
51 0.970083
52 0.970083
53 0.970083
54 0.970083
55 0.970048
56 0.970048
57 0.955756
58 0.955756
59 0.955756
60 0.955756
61 0.955756
62 0.955756
63 0.95551
64 0.95551
65 0.938625
66 0.938625
67 0.938625
68 0.938625
69 0.938625
70 0.938625
71 0.938485
72 0.938485
73 0.921565
74 0.921565
75 0.921565
76 0.921565
77 0.921565
78 0.921565
79 0.921355
80 0.921355
81 0.902929
82 0.902929
83 0.902929
84 0.902929
85 0.902929
86 0.902929
87 0.902648
88 0.902648
89 0.883101
90 0.883101
91 0.883101
92 0.883101
93 0.883101
94 0.883101
95 0.883066
96 0.883066
97 0.862783
98 0.862783
99 0.862783
100 0.862783
101 0.862783
102 0.862783
103 0.862713
104 0.862713
105 0.841799
106 0.841799
107 0.841799
108 0.841799
109 0.841799
110 0.841799
111 0.841589
112 0.841589
113 0.822007
114 0.822007
115 0.822007
116 0.822007
117 0.822007
118 0.822007
119 0.821691
120 0.821691
121 0.800953
122 0.800953
123 0.800953
124 0.800953
125 0.800953
126 0.800953
127 0.800638
128 0.800638
129 0.779339
130 0.779339
131 0.779339
132 0.779339
133 0.779339
134 0.779339
135 0.779198
136 0.779198
137 0.760071
138 0.760071
139 0.760071
140 0.760071
141 0.760071
142 0.760071
143 0.759931
144 0.759931
145 0.739438
146 0.739438
147 0.739438
148 0.739438
149 0.739438
150 0.739438
151 0.739333
152 0.739333
153 0.720731
154 0.720731
155 0.720731
156 0.720731
157 0.720731
158 0.720731
159 0.720521
160 0.720521
161 0.701604
162 0.701604
163 0.701604
164 0.701604
165 0.701604
166 0.701604
167 0.701464
168 0.701464
169 0.683493
170 0.683493
171 0.683493
172 0.683493
173 0.683493
174 0.683493
175 0.683388
176 0.683388
177 0.665137
178 0.665137
179 0.665137
180 0.665137
181 0.665137
182 0.665137
183 0.664997
184 0.664997
185 0.646535
186 0.646535
187 0.646535
188 0.646535
189 0.646535
190 0.646535
191 0.64643
192 0.64643
193 0.629405
194 0.629405
195 0.629405
196 0.629405
197 0.629405
198 0.629405
199 0.62923
200 0.62923
201 0.612135
202 0.612135
203 0.612135
204 0.612135
205 0.612135
206 0.612135
207 0.6121
208 0.6121
209 0.595005
210 0.595005
211 0.595005
212 0.595005
213 0.595005
214 0.595005
215 0.594864
216 0.594864
217 0.579451
218 0.579451
219 0.579451
220 0.579451
221 0.579451
222 0.579451
223 0.579346
224 0.579346
225 0.563266
226 0.563266
227 0.563266
228 0.563266
229 0.563266
230 0.563266
231 0.563161
232 0.563161
233 0.547607
234 0.547607
235 0.547607
236 0.547607
237 0.547607
238 0.547607
239 0.547537
240 0.547537
241 0.53384
242 0.53384
243 0.53384
244 0.53384
245 0.53384
246 0.53384
247 0.533805
248 0.533805
249 0.519898
250 0.519898
251 0.519898
252 0.519898
253 0.519898
254 0.519898
255 0.519758
256 0.519758
257 0.50585
258 0.50585
259 0.50585
260 0.50585
261 0.50585
262 0.50585
263 0.505815
264 0.505815
265 0.492854
266 0.492854
267 0.492854
268 0.492854
269 0.492854
270 0.492854
271 0.492749
272 0.492749
273 0.479472
274 0.479472
275 0.479472
276 0.479472
277 0.479472
278 0.479472
279 0.479367
280 0.479367
281 0.466896
282 0.466896
283 0.466896
284 0.466896
285 0.466896
286 0.466896
287 0.466861
288 0.466861
289 0.455125
290 0.455125
291 0.455125
292 0.455125
293 0.455125
294 0.455125
295 0.455055
296 0.455055
297 0.442724
298 0.442724
299 0.442724
300 0.442724
301 0.442724
302 0.442724
303 0.442549
304 0.442549
305 0.431514
306 0.431514
307 0.431514
308 0.431514
309 0.431514
310 0.431514
311 0.431374
312 0.431374
313 0.419638
314 0.419638
315 0.419638
316 0.419638
317 0.419638
318 0.419638
319 0.419568
320 0.419568
321 0.407973
322 0.407973
323 0.407973
324 0.407973
325 0.407973
326 0.407973
327 0.407868
328 0.407868
329 0.396728
330 0.396728
331 0.396728
332 0.396728
333 0.396728
334 0.396728
335 0.396658
336 0.396658
337 0.386254
338 0.386254
339 0.386254
340 0.386254
341 0.386254
342 0.386254
343 0.386114
344 0.386114
345 0.377181
346 0.377181
347 0.377181
348 0.377181
349 0.377181
350 0.377181
351 0.37697
352 0.37697
353 0.367687
354 0.367687
355 0.367687
356 0.367687
357 0.367687
358 0.367687
359 0.367617
360 0.367617
361 0.357493
362 0.357493
363 0.357493
364 0.357493
365 0.357493
366 0.357493
367 0.357318
368 0.357318
369 0.34828
370 0.34828
371 0.34828
372 0.34828
373 0.34828
374 0.34828
375 0.348245
376 0.348245
377 0.339837
378 0.339837
379 0.339837
380 0.339837
381 0.339837
382 0.339837
383 0.339767
384 0.339767
385 0.33136
386 0.33136
387 0.33136
388 0.33136
389 0.33136
390 0.33136
391 0.331255
392 0.331255
393 0.322882
394 0.322882
395 0.322882
396 0.322882
397 0.322882
398 0.322882
399 0.322847
400 0.322847
401 0.315666
402 0.315666
403 0.315666
404 0.315666
405 0.315666
406 0.315666
407 0.315491
408 0.315491
409 0.308134
410 0.308134
411 0.308134
412 0.308134
413 0.308134
414 0.308134
415 0.308064
416 0.308064
417 0.301899
418 0.301899
419 0.301899
420 0.301899
421 0.301899
422 0.301899
423 0.301759
424 0.301759
425 0.294367
426 0.294367
427 0.294367
428 0.294367
429 0.294367
430 0.294367
431 0.294227
432 0.294227
433 0.287501
434 0.287501
435 0.287501
436 0.287501
437 0.287501
438 0.287501
439 0.287431
440 0.287431
441 0.279759
442 0.279759
443 0.279759
444 0.279759
445 0.279759
446 0.279759
447 0.279619
448 0.279619
449 0.272613
450 0.272613
451 0.272613
452 0.272613
453 0.272613
454 0.272613
455 0.272402
456 0.272402
457 0.265676
458 0.265676
459 0.265676
460 0.265676
461 0.265676
462 0.265676
463 0.265606
464 0.265606
465 0.259511
466 0.259511
467 0.259511
468 0.259511
469 0.259511
470 0.259511
471 0.259441
472 0.259441
473 0.25324
474 0.25324
475 0.25324
476 0.25324
477 0.25324
478 0.25324
479 0.25303
480 0.25303
481 0.248056
482 0.248056
483 0.248056
484 0.248056
485 0.248056
486 0.248056
487 0.248021
488 0.248021
489 0.242451
490 0.242451
491 0.242451
492 0.242451
493 0.242451
494 0.242451
495 0.242416
496 0.242416
497 0.236531
498 0.236531
499 0.236531
500 0.236531
501 0.236531
502 0.236531
503 0.236495
504 0.236495
505 0.231731
506 0.231731
507 0.231731
508 0.231731
509 0.231731
510 0.231731
511 0.231731
512 0.231731
513 0.226897
514 0.226897
515 0.226897
516 0.226897
517 0.226897
518 0.226897
519 0.226792
520 0.226792
521 0.221432
522 0.221432
523 0.221432
524 0.221432
525 0.221432
526 0.221432
527 0.221292
528 0.221292
529 0.216247
530 0.216247
531 0.216247
532 0.216247
533 0.216247
534 0.216247
535 0.216177
536 0.216177
537 0.212044
538 0.212044
539 0.212044
540 0.212044
541 0.212044
542 0.212044
543 0.212044
544 0.212044
545 0.207139
546 0.207139
547 0.207139
548 0.207139
549 0.207139
550 0.207139
551 0.207139
552 0.207139
553 0.202095
554 0.202095
555 0.202095
556 0.202095
557 0.202095
558 0.202095
559 0.202025
560 0.202025
561 0.197471
562 0.197471
563 0.197471
564 0.197471
565 0.197471
566 0.197471
567 0.197401
568 0.197401
569 0.193582
570 0.193582
571 0.193582
572 0.193582
573 0.193582
574 0.193582
575 0.193477
576 0.193477
577 0.189554
578 0.189554
579 0.189554
580 0.189554
581 0.189554
582 0.189554
583 0.189484
584 0.189484
585 0.184895
586 0.184895
587 0.184895
588 0.184895
589 0.184895
590 0.184895
591 0.184895
592 0.184895
593 0.18006
594 0.18006
595 0.18006
596 0.18006
597 0.18006
598 0.18006
599 0.18006
600 0.18006
601 0.175681
602 0.175681
603 0.175681
604 0.175681
605 0.175681
606 0.175681
607 0.175681
608 0.175681
609 0.171793
610 0.171793
611 0.171793
612 0.171793
613 0.171793
614 0.171793
615 0.171723
616 0.171723
617 0.168395
618 0.168395
619 0.168395
620 0.168395
621 0.168395
622 0.168395
623 0.16829
624 0.16829
625 0.164787
626 0.164787
627 0.164787
628 0.164787
629 0.164787
630 0.164787
631 0.164682
632 0.164682
633 0.161354
634 0.161354
635 0.161354
636 0.161354
637 0.161354
638 0.161354
639 0.161354
640 0.161354
641 0.158166
642 0.158166
643 0.158166
644 0.158166
645 0.158166
646 0.158166
647 0.158096
648 0.158096
649 0.154628
650 0.154628
651 0.154628
652 0.154628
653 0.154628
654 0.154628
655 0.154593
656 0.154593
657 0.15165
658 0.15165
659 0.15165
660 0.15165
661 0.15165
662 0.15165
663 0.151545
664 0.151545
665 0.148392
666 0.148392
667 0.148392
668 0.148392
669 0.148392
670 0.148392
671 0.148287
672 0.148287
673 0.144679
674 0.144679
675 0.144679
676 0.144679
677 0.144679
678 0.144679
679 0.144644
680 0.144644
681 0.141281
682 0.141281
683 0.141281
684 0.141281
685 0.141281
686 0.141281
687 0.141246
688 0.141246
689 0.138128
690 0.138128
691 0.138128
692 0.138128
693 0.138128
694 0.138128
695 0.138128
696 0.138128
697 0.13529
698 0.13529
699 0.13529
700 0.13529
701 0.13529
702 0.13529
703 0.135255
704 0.135255
705 0.132103
706 0.132103
707 0.132103
708 0.132103
709 0.132103
710 0.132103
711 0.132068
712 0.132068
713 0.129475
714 0.129475
715 0.129475
716 0.129475
717 0.129475
718 0.129475
719 0.129475
720 0.129475
721 0.126953
722 0.126953
723 0.126953
724 0.126953
725 0.126953
726 0.126953
727 0.126953
728 0.126953
729 0.12408
730 0.12408
731 0.12408
732 0.12408
733 0.12408
734 0.12408
735 0.124045
736 0.124045
737 0.121733
738 0.121733
739 0.121733
740 0.121733
741 0.121733
742 0.121733
743 0.121733
744 0.121733
745 0.118791
746 0.118791
747 0.118791
748 0.118791
749 0.118791
750 0.118791
751 0.118721
752 0.118721
753 0.116409
754 0.116409
755 0.116409
756 0.116409
757 0.116409
758 0.116409
759 0.116409
760 0.116409
761 0.114026
762 0.114026
763 0.114026
764 0.114026
765 0.114026
766 0.114026
767 0.113991
768 0.113991
769 0.111644
770 0.111644
771 0.111644
772 0.111644
773 0.111644
774 0.111644
775 0.111574
776 0.111574
777 0.109402
778 0.109402
779 0.109402
780 0.109402
781 0.109402
782 0.109402
783 0.109367
784 0.109367
785 0.107125
786 0.107125
787 0.107125
788 0.107125
789 0.107125
790 0.107125
791 0.107125
792 0.107125
793 0.104708
794 0.104708
795 0.104708
796 0.104708
797 0.104708
798 0.104708
799 0.104638
800 0.104638
801 0.102291
802 0.102291
803 0.102291
804 0.102291
805 0.102291
806 0.102291
807 0.102291
808 0.102291
809 0.10061
810 0.10061
811 0.10061
812 0.10061
813 0.10061
814 0.10061
815 0.10061
816 0.10061
817 0.0984026
818 0.0984026
819 0.0984026
820 0.0984026
821 0.0984026
822 0.0984026
823 0.0983675
824 0.0983675
825 0.0964058
826 0.0964058
827 0.0964058
828 0.0964058
829 0.0964058
830 0.0964058
831 0.0963708
832 0.0963708
833 0.0944791
834 0.0944791
835 0.0944791
836 0.0944791
837 0.0944791
838 0.0944791
839 0.0944791
840 0.0944791
841 0.0922371
842 0.0922371
843 0.0922371
844 0.0922371
845 0.0922371
846 0.0922371
847 0.0922021
848 0.0922021
849 0.0904855
850 0.0904855
851 0.0904855
852 0.0904855
853 0.0904855
854 0.0904855
855 0.0904155
856 0.0904155
857 0.0885938
858 0.0885938
859 0.0885938
860 0.0885938
861 0.0885938
862 0.0885938
863 0.0884888
864 0.0884888
865 0.0869123
866 0.0869123
867 0.0869123
868 0.0869123
869 0.0869123
870 0.0869123
871 0.0868423
872 0.0868423
873 0.0849156
874 0.0849156
875 0.0849156
876 0.0849156
877 0.0849156
878 0.0849156
879 0.0849156
880 0.0849156
881 0.083094
882 0.083094
883 0.083094
884 0.083094
885 0.083094
886 0.083094
887 0.083094
888 0.083094
889 0.0816226
890 0.0816226
891 0.0816226
892 0.0816226
893 0.0816226
894 0.0816226
895 0.0816226
896 0.0816226
897 0.0800813
898 0.0800813
899 0.0800813
900 0.0800813
901 0.0800813
902 0.0800813
903 0.0800462
904 0.0800462
905 0.0781546
906 0.0781546
907 0.0781546
908 0.0781546
909 0.0781546
910 0.0781546
911 0.0781195
912 0.0781195
913 0.0768934
914 0.0768934
915 0.0768934
916 0.0768934
917 0.0768934
918 0.0768934
919 0.0768234
920 0.0768234
921 0.0752119
922 0.0752119
923 0.0752119
924 0.0752119
925 0.0752119
926 0.0752119
927 0.0750368
928 0.0750368
929 0.0733903
930 0.0733903
931 0.0733903
932 0.0733903
933 0.0733903
934 0.0733903
935 0.0733553
936 0.0733553
937 0.0717789
938 0.0717789
939 0.0717789
940 0.0717789
941 0.0717789
942 0.0717789
943 0.0717439
944 0.0717439
945 0.0699923
946 0.0699923
947 0.0699923
948 0.0699923
949 0.0699923
950 0.0699923
951 0.0699923
952 0.0699923
953 0.068486
954 0.068486
955 0.068486
956 0.068486
957 0.068486
958 0.068486
959 0.0684159
960 0.0684159
961 0.0671197
962 0.0671197
963 0.0671197
964 0.0671197
965 0.0671197
966 0.0671197
967 0.0671197
968 0.0671197
969 0.0657535
970 0.0657535
971 0.0657535
972 0.0657535
973 0.0657535
974 0.0657535
975 0.0657185
976 0.0657185
977 0.0644574
978 0.0644574
979 0.0644574
980 0.0644574
981 0.0644574
982 0.0644574
983 0.0644574
984 0.0644574
985 0.0630211
986 0.0630211
987 0.0630211
988 0.0630211
989 0.0630211
990 0.0630211
991 0.0630211
992 0.0630211
993 0.0620402
994 0.0620402
995 0.0620402
996 0.0620402
997 0.0620402
998 0.0620402
999 0.0620402
1000 0.0620402
1001 0.0608141
1002 0.0608141
1003 0.0608141
1004 0.0608141
1005 0.0608141
1006 0.0608141
1007 0.0607791
1008 0.0607791
1009 0.059518
1010 0.059518
1011 0.059518
1012 0.059518
1013 0.059518
1014 0.059518
1015 0.0594479
1016 0.0594479
1017 0.0582218
1018 0.0582218
1019 0.0582218
1020 0.0582218
1021 0.0582218
1022 0.0582218
1023 0.0582218
1024 0.0582218
1025 0.0572059
1026 0.0572059
1027 0.0572059
1028 0.0572059
1029 0.0572059
1030 0.0572059
1031 0.0572059
1032 0.0572059
1033 0.0560499
1034 0.0560499
1035 0.0560499
1036 0.0560499
1037 0.0560499
1038 0.0560499
1039 0.0560499
1040 0.0560499
1041 0.055034
1042 0.055034
1043 0.055034
1044 0.055034
1045 0.055034
1046 0.055034
1047 0.0549989
1048 0.0549989
1049 0.0538779
1050 0.0538779
1051 0.0538779
1052 0.0538779
1053 0.0538779
1054 0.0538779
1055 0.0538779
1056 0.0538779
1057 0.0526869
1058 0.0526869
1059 0.0526869
1060 0.0526869
1061 0.0526869
1062 0.0526869
1063 0.0526519
1064 0.0526519
1065 0.0518461
1066 0.0518461
1067 0.0518461
1068 0.0518461
1069 0.0518461
1070 0.0518461
1071 0.0517761
1072 0.0517761
1073 0.0507602
1074 0.0507602
1075 0.0507602
1076 0.0507602
1077 0.0507602
1078 0.0507602
1079 0.0507251
1080 0.0507251
1081 0.0500245
1082 0.0500245
1083 0.0500245
1084 0.0500245
1085 0.0500245
1086 0.0500245
1087 0.0500245
1088 0.0500245
1089 0.0491838
1090 0.0491838
1091 0.0491838
1092 0.0491838
1093 0.0491838
1094 0.0491838
1095 0.0491487
1096 0.0491487
1097 0.0480628
1098 0.0480628
1099 0.0480628
1100 0.0480628
1101 0.0480628
1102 0.0480628
1103 0.0480628
1104 0.0480628
1105 0.0470819
1106 0.0470819
1107 0.0470819
1108 0.0470819
1109 0.0470819
1110 0.0470819
1111 0.0470819
1112 0.0470819
1113 0.046101
1114 0.046101
1115 0.046101
1116 0.046101
1117 0.046101
1118 0.046101
1119 0.046066
1120 0.046066
1121 0.0452953
1122 0.0452953
1123 0.0452953
1124 0.0452953
1125 0.0452953
1126 0.0452953
1127 0.0452603
1128 0.0452603
1129 0.0444546
1130 0.0444546
1131 0.0444546
1132 0.0444546
1133 0.0444546
1134 0.0444546
1135 0.0444195
1136 0.0444195
1137 0.0437539
1138 0.0437539
1139 0.0437539
1140 0.0437539
1141 0.0437539
1142 0.0437539
1143 0.0436839
1144 0.0436839
1145 0.0428782
1146 0.0428782
1147 0.0428782
1148 0.0428782
1149 0.0428782
1150 0.0428782
1151 0.0428782
1152 0.0428782
1153 0.0421425
1154 0.0421425
1155 0.0421425
1156 0.0421425
1157 0.0421425
1158 0.0421425
1159 0.0421425
1160 0.0421425
1161 0.0413368
1162 0.0413368
1163 0.0413368
1164 0.0413368
1165 0.0413368
1166 0.0413368
1167 0.0413018
1168 0.0413018
1169 0.040426
1170 0.040426
1171 0.040426
1172 0.040426
1173 0.040426
1174 0.040426
1175 0.040426
1176 0.040426
1177 0.0397604
1178 0.0397604
1179 0.0397604
1180 0.0397604
1181 0.0397604
1182 0.0397604
1183 0.0397254
1184 0.0397254
1185 0.0389897
1186 0.0389897
1187 0.0389897
1188 0.0389897
1189 0.0389897
1190 0.0389897
1191 0.0389897
1192 0.0389897
1193 0.0383241
1194 0.0383241
1195 0.0383241
1196 0.0383241
1197 0.0383241
1198 0.0383241
1199 0.0383241
1200 0.0383241
1201 0.0373432
1202 0.0373432
1203 0.0373432
1204 0.0373432
1205 0.0373432
1206 0.0373432
1207 0.0373432
1208 0.0373432
1209 0.0366776
1210 0.0366776
1211 0.0366776
1212 0.0366776
1213 0.0366776
1214 0.0366776
1215 0.0366776
1216 0.0366776
1217 0.035977
1218 0.035977
1219 0.035977
1220 0.035977
1221 0.035977
1222 0.035977
1223 0.035977
1224 0.035977
1225 0.0354866
1226 0.0354866
1227 0.0354866
1228 0.0354866
1229 0.0354866
1230 0.0354866
1231 0.0354866
1232 0.0354866
1233 0.034786
1234 0.034786
1235 0.034786
1236 0.034786
1237 0.034786
1238 0.034786
1239 0.034786
1240 0.034786
1241 0.0341204
1242 0.0341204
1243 0.0341204
1244 0.0341204
1245 0.0341204
1246 0.0341204
1247 0.0341204
1248 0.0341204
1249 0.0333847
1250 0.0333847
1251 0.0333847
1252 0.0333847
1253 0.0333847
1254 0.0333847
1255 0.0333847
1256 0.0333847
1257 0.0328943
1258 0.0328943
1259 0.0328943
1260 0.0328943
1261 0.0328943
1262 0.0328943
1263 0.0328592
1264 0.0328592
1265 0.0322987
1266 0.0322987
1267 0.0322987
1268 0.0322987
1269 0.0322987
1270 0.0322987
1271 0.0322637
1272 0.0322637
1273 0.0316682
1274 0.0316682
1275 0.0316682
1276 0.0316682
1277 0.0316682
1278 0.0316682
1279 0.0316682
1280 0.0316682
1281 0.0310026
1282 0.0310026
1283 0.0310026
1284 0.0310026
1285 0.0310026
1286 0.0310026
1287 0.0309325
1288 0.0309325
1289 0.0304421
1290 0.0304421
1291 0.0304421
1292 0.0304421
1293 0.0304421
1294 0.0304421
1295 0.0304071
1296 0.0304071
1297 0.0298816
1298 0.0298816
1299 0.0298816
1300 0.0298816
1301 0.0298816
1302 0.0298816
1303 0.0298466
1304 0.0298466
1305 0.029181
1306 0.029181
1307 0.029181
1308 0.029181
1309 0.029181
1310 0.029181
1311 0.0291459
1312 0.0291459
1313 0.0284103
1314 0.0284103
1315 0.0284103
1316 0.0284103
1317 0.0284103
1318 0.0284103
1319 0.0284103
1320 0.0284103
1321 0.0278848
1322 0.0278848
1323 0.0278848
1324 0.0278848
1325 0.0278848
1326 0.0278848
1327 0.0278498
1328 0.0278498
1329 0.0275345
1330 0.0275345
1331 0.0275345
1332 0.0275345
1333 0.0275345
1334 0.0275345
1335 0.0274294
1336 0.0274294
1337 0.0268689
1338 0.0268689
1339 0.0268689
1340 0.0268689
1341 0.0268689
1342 0.0268689
1343 0.0268689
1344 0.0268689
1345 0.0261333
1346 0.0261333
1347 0.0261333
1348 0.0261333
1349 0.0261333
1350 0.0261333
1351 0.0260982
1352 0.0260982
1353 0.0257129
1354 0.0257129
1355 0.0257129
1356 0.0257129
1357 0.0257129
1358 0.0257129
1359 0.0257129
1360 0.0257129
1361 0.0251174
1362 0.0251174
1363 0.0251174
1364 0.0251174
1365 0.0251174
1366 0.0251174
1367 0.0250473
1368 0.0250473
1369 0.0244868
1370 0.0244868
1371 0.0244868
1372 0.0244868
1373 0.0244868
1374 0.0244868
1375 0.0244868
1376 0.0244868
1377 0.0239613
1378 0.0239613
1379 0.0239613
1380 0.0239613
1381 0.0239613
1382 0.0239613
1383 0.0239613
1384 0.0239613
1385 0.0234709
1386 0.0234709
1387 0.0234709
1388 0.0234709
1389 0.0234709
1390 0.0234709
1391 0.0234359
1392 0.0234359
1393 0.0229104
1394 0.0229104
1395 0.0229104
1396 0.0229104
1397 0.0229104
1398 0.0229104
1399 0.0229104
1400 0.0229104
1401 0.02249
1402 0.02249
1403 0.02249
1404 0.02249
1405 0.02249
1406 0.02249
1407 0.022455
1408 0.022455
1409 0.0222448
1410 0.0222448
1411 0.0222448
1412 0.0222448
1413 0.0222448
1414 0.0222448
1415 0.0222448
1416 0.0222448
1417 0.0220346
1418 0.0220346
1419 0.0220346
1420 0.0220346
1421 0.0220346
1422 0.0220346
1423 0.0220346
1424 0.0220346
1425 0.0214741
1426 0.0214741
1427 0.0214741
1428 0.0214741
1429 0.0214741
1430 0.0214741
1431 0.0214041
1432 0.0214041
1433 0.0208436
1434 0.0208436
1435 0.0208436
1436 0.0208436
1437 0.0208436
1438 0.0208436
1439 0.0208436
1440 0.0208436
1441 0.0206684
1442 0.0206684
1443 0.0206684
1444 0.0206684
1445 0.0206684
1446 0.0206684
1447 0.0206684
1448 0.0206684
1449 0.0204232
1450 0.0204232
1451 0.0204232
1452 0.0204232
1453 0.0204232
1454 0.0204232
1455 0.0203881
1456 0.0203881
1457 0.0199327
1458 0.0199327
1459 0.0199327
1460 0.0199327
1461 0.0199327
1462 0.0199327
1463 0.0199327
1464 0.0199327
1465 0.0196875
1466 0.0196875
1467 0.0196875
1468 0.0196875
1469 0.0196875
1470 0.0196875
1471 0.0196525
1472 0.0196525
1473 0.0194423
1474 0.0194423
1475 0.0194423
1476 0.0194423
1477 0.0194423
1478 0.0194423
1479 0.0194423
1480 0.0194423
1481 0.0193022
1482 0.0193022
1483 0.0193022
1484 0.0193022
1485 0.0193022
1486 0.0193022
1487 0.0193022
1488 0.0193022
1489 0.0189519
1490 0.0189519
1491 0.0189519
1492 0.0189519
1493 0.0189519
1494 0.0189519
1495 0.0189519
1496 0.0189519
1497 0.0186366
1498 0.0186366
1499 0.0186366
1500 0.0186366
1501 0.0186366
1502 0.0186366
1503 0.0186366
1504 0.0186366
1505 0.0182162
1506 0.0182162
1507 0.0182162
1508 0.0182162
1509 0.0182162
1510 0.0182162
1511 0.0182162
1512 0.0182162
1513 0.0179009
1514 0.0179009
1515 0.0179009
1516 0.0179009
1517 0.0179009
1518 0.0179009
1519 0.0179009
1520 0.0179009
1521 0.0173755
1522 0.0173755
1523 0.0173755
1524 0.0173755
1525 0.0173755
1526 0.0173755
1527 0.0173404
1528 0.0173404
1529 0.0169901
1530 0.0169901
1531 0.0169901
1532 0.0169901
1533 0.0169901
1534 0.0169901
1535 0.0169901
1536 0.0169901
1537 0.0166748
1538 0.0166748
1539 0.0166748
1540 0.0166748
1541 0.0166748
1542 0.0166748
1543 0.0166398
1544 0.0166398
1545 0.0164296
1546 0.0164296
1547 0.0164296
1548 0.0164296
1549 0.0164296
1550 0.0164296
1551 0.0164296
1552 0.0164296
1553 0.0159742
1554 0.0159742
1555 0.0159742
1556 0.0159742
1557 0.0159742
1558 0.0159742
1559 0.0159742
1560 0.0159742
1561 0.015729
1562 0.015729
1563 0.015729
1564 0.015729
1565 0.015729
1566 0.015729
1567 0.015729
1568 0.015729
1569 0.0154137
1570 0.0154137
1571 0.0154137
1572 0.0154137
1573 0.0154137
1574 0.0154137
1575 0.0154137
1576 0.0154137
1577 0.0151335
1578 0.0151335
1579 0.0151335
1580 0.0151335
1581 0.0151335
1582 0.0151335
1583 0.0150984
1584 0.0150984
1585 0.0148883
1586 0.0148883
1587 0.0148883
1588 0.0148883
1589 0.0148883
1590 0.0148883
1591 0.0148883
1592 0.0148883
1593 0.014643
1594 0.014643
1595 0.014643
1596 0.014643
1597 0.014643
1598 0.014643
1599 0.014643
1600 0.014643
1601 0.0143978
1602 0.0143978
1603 0.0143978
1604 0.0143978
1605 0.0143978
1606 0.0143978
1607 0.0143978
1608 0.0143978
1609 0.0142227
1610 0.0142227
1611 0.0142227
1612 0.0142227
1613 0.0142227
1614 0.0142227
1615 0.0142227
1616 0.0142227
1617 0.0140475
1618 0.0140475
1619 0.0140475
1620 0.0140475
1621 0.0140475
1622 0.0140475
1623 0.0140475
1624 0.0140475
1625 0.0137673
1626 0.0137673
1627 0.0137673
1628 0.0137673
1629 0.0137673
1630 0.0137673
1631 0.0137322
1632 0.0137322
1633 0.0135571
1634 0.0135571
1635 0.0135571
1636 0.0135571
1637 0.0135571
1638 0.0135571
1639 0.0135571
1640 0.0135571
1641 0.0133118
1642 0.0133118
1643 0.0133118
1644 0.0133118
1645 0.0133118
1646 0.0133118
1647 0.0133118
1648 0.0133118
1649 0.0130666
1650 0.0130666
1651 0.0130666
1652 0.0130666
1653 0.0130666
1654 0.0130666
1655 0.0130666
1656 0.0130666
1657 0.0129615
1658 0.0129615
1659 0.0129615
1660 0.0129615
1661 0.0129615
1662 0.0129615
1663 0.0129615
1664 0.0129615
1665 0.0126813
1666 0.0126813
1667 0.0126813
1668 0.0126813
1669 0.0126813
1670 0.0126813
1671 0.0126463
1672 0.0126463
1673 0.0122959
1674 0.0122959
1675 0.0122959
1676 0.0122959
1677 0.0122959
1678 0.0122959
1679 0.0122959
1680 0.0122959
1681 0.0121208
1682 0.0121208
1683 0.0121208
1684 0.0121208
1685 0.0121208
1686 0.0121208
1687 0.0121208
1688 0.0121208
1689 0.0119807
1690 0.0119807
1691 0.0119807
1692 0.0119807
1693 0.0119807
1694 0.0119807
1695 0.0119807
1696 0.0119807
1697 0.0114902
1698 0.0114902
1699 0.0114902
1700 0.0114902
1701 0.0114902
1702 0.0114902
1703 0.0114902
1704 0.0114902
1705 0.0114202
1706 0.0114202
1707 0.0114202
1708 0.0114202
1709 0.0114202
1710 0.0114202
1711 0.0114202
1712 0.0114202
1713 0.0111749
1714 0.0111749
1715 0.0111749
1716 0.0111749
1717 0.0111749
1718 0.0111749
1719 0.0111749
1720 0.0111749
1721 0.0110699
1722 0.0110699
1723 0.0110699
1724 0.0110699
1725 0.0110699
1726 0.0110699
1727 0.0110699
1728 0.0110699
1729 0.0109297
1730 0.0109297
1731 0.0109297
1732 0.0109297
1733 0.0109297
1734 0.0109297
1735 0.0108947
1736 0.0108947
1737 0.0107195
1738 0.0107195
1739 0.0107195
1740 0.0107195
1741 0.0107195
1742 0.0107195
1743 0.0107195
1744 0.0107195
1745 0.0104393
1746 0.0104393
1747 0.0104393
1748 0.0104393
1749 0.0104393
1750 0.0104393
1751 0.0104393
1752 0.0104393
1753 0.0102641
1754 0.0102641
1755 0.0102641
1756 0.0102641
1757 0.0102641
1758 0.0102641
1759 0.0102291
1760 0.0102291
1761 0.00987879
1762 0.00987879
1763 0.00987879
1764 0.00987879
1765 0.00987879
1766 0.00987879
1767 0.00987879
1768 0.00987879
1769 0.00963357
1770 0.00963357
1771 0.00963357
1772 0.00963357
1773 0.00963357
1774 0.00963357
1775 0.00963357
1776 0.00963357
1777 0.00942339
1778 0.00942339
1779 0.00942339
1780 0.00942339
1781 0.00942339
1782 0.00942339
1783 0.00942339
1784 0.00942339
1785 0.0092132
1786 0.0092132
1787 0.0092132
1788 0.0092132
1789 0.0092132
1790 0.0092132
1791 0.00917817
1792 0.00917817
1793 0.00875779
1794 0.00875779
1795 0.00875779
1796 0.00875779
1797 0.00875779
1798 0.00875779
1799 0.00875779
1800 0.00875779
1801 0.00844251
1802 0.00844251
1803 0.00844251
1804 0.00844251
1805 0.00844251
1806 0.00844251
1807 0.00844251
1808 0.00844251
1809 0.00823233
1810 0.00823233
1811 0.00823233
1812 0.00823233
1813 0.00823233
1814 0.00823233
1815 0.00823233
1816 0.00823233
1817 0.00802214
1818 0.00802214
1819 0.00802214
1820 0.00802214
1821 0.00802214
1822 0.00802214
1823 0.00802214
1824 0.00802214
1825 0.00791705
1826 0.00791705
1827 0.00791705
1828 0.00791705
1829 0.00791705
1830 0.00791705
1831 0.00791705
1832 0.00791705
1833 0.00774189
1834 0.00774189
1835 0.00774189
1836 0.00774189
1837 0.00774189
1838 0.00774189
1839 0.00774189
1840 0.00774189
1841 0.00756673
1842 0.00756673
1843 0.00756673
1844 0.00756673
1845 0.00756673
1846 0.00756673
1847 0.00756673
1848 0.00756673
1849 0.0075317
1850 0.0075317
1851 0.0075317
1852 0.0075317
1853 0.0075317
1854 0.0075317
1855 0.0075317
1856 0.0075317
1857 0.00735655
1858 0.00735655
1859 0.00735655
1860 0.00735655
1861 0.00735655
1862 0.00735655
1863 0.00735655
1864 0.00735655
1865 0.00728648
1866 0.00728648
1867 0.00728648
1868 0.00728648
1869 0.00728648
1870 0.00728648
1871 0.00728648
1872 0.00728648
1873 0.00718139
1874 0.00718139
1875 0.00718139
1876 0.00718139
1877 0.00718139
1878 0.00718139
1879 0.00718139
1880 0.00718139
1881 0.00714636
1882 0.00714636
1883 0.00714636
1884 0.00714636
1885 0.00714636
1886 0.00714636
1887 0.00714636
1888 0.00714636
1889 0.00704127
1890 0.00704127
1891 0.00704127
1892 0.00704127
1893 0.00704127
1894 0.00704127
1895 0.00700624
1896 0.00700624
1897 0.00686611
1898 0.00686611
1899 0.00686611
1900 0.00686611
1901 0.00686611
1902 0.00686611
1903 0.00686611
1904 0.00686611
1905 0.00669095
1906 0.00669095
1907 0.00669095
1908 0.00669095
1909 0.00669095
1910 0.00669095
1911 0.00669095
1912 0.00669095
1913 0.00658586
1914 0.00658586
1915 0.00658586
1916 0.00658586
1917 0.00658586
1918 0.00658586
1919 0.00658586
1920 0.00658586
1921 0.00648077
1922 0.00648077
1923 0.00648077
1924 0.00648077
1925 0.00648077
1926 0.00648077
1927 0.00648077
1928 0.00648077
1929 0.00644574
1930 0.00644574
1931 0.00644574
1932 0.00644574
1933 0.00644574
1934 0.00644574
1935 0.00644574
1936 0.00644574
1937 0.00637567
1938 0.00637567
1939 0.00637567
1940 0.00637567
1941 0.00637567
1942 0.00637567
1943 0.00637567
1944 0.00637567
1945 0.00627058
1946 0.00627058
1947 0.00627058
1948 0.00627058
1949 0.00627058
1950 0.00627058
1951 0.00627058
1952 0.00627058
1953 0.00620052
1954 0.00620052
1955 0.00620052
1956 0.00620052
1957 0.00620052
1958 0.00620052
1959 0.00620052
1960 0.00620052
1961 0.00609542
1962 0.00609542
1963 0.00609542
1964 0.00609542
1965 0.00609542
1966 0.00609542
1967 0.00606039
1968 0.00606039
1969 0.0059553
1970 0.0059553
1971 0.0059553
1972 0.0059553
1973 0.0059553
1974 0.0059553
1975 0.0059553
1976 0.0059553
1977 0.00592027
1978 0.00592027
1979 0.00592027
1980 0.00592027
1981 0.00592027
1982 0.00592027
1983 0.00592027
1984 0.00592027
1985 0.00578014
1986 0.00578014
1987 0.00578014
1988 0.00578014
1989 0.00578014
1990 0.00578014
1991 0.00578014
1992 0.00578014
1993 0.00571008
1994 0.00571008
1995 0.00571008
1996 0.00571008
1997 0.00571008
1998 0.00571008
1999 0.00571008
2000 0.00571008
2001 0.00553493
2002 0.00553493
2003 0.00553493
2004 0.00553493
2005 0.00553493
2006 0.00553493
2007 0.00553493
2008 0.00553493
2009 0.0053948
2010 0.0053948
2011 0.0053948
2012 0.0053948
2013 0.0053948
2014 0.0053948
2015 0.0053948
2016 0.0053948
2017 0.00535977
2018 0.00535977
2019 0.00535977
2020 0.00535977
2021 0.00535977
2022 0.00535977
2023 0.00535977
2024 0.00535977
2025 0.00521965
2026 0.00521965
2027 0.00521965
2028 0.00521965
2029 0.00521965
2030 0.00521965
2031 0.00521965
2032 0.00521965
2033 0.00514958
2034 0.00514958
2035 0.00514958
2036 0.00514958
2037 0.00514958
2038 0.00514958
2039 0.00514958
2040 0.00514958
2041 0.00514958
2042 0.00514958
2043 0.00514958
2044 0.00514958
2045 0.00514958
2046 0.00514958
2047 0.00511455
2048 0.00511455
2049 0.00507952
2050 0.00507952
2051 0.00507952
2052 0.00507952
2053 0.00507952
2054 0.00507952
2055 0.00507952
2056 0.00507952
2057 0.00504449
2058 0.00504449
2059 0.00504449
2060 0.00504449
2061 0.00504449
2062 0.00504449
2063 0.00504449
2064 0.00504449
2065 0.0049394
2066 0.0049394
2067 0.0049394
2068 0.0049394
2069 0.0049394
2070 0.0049394
2071 0.0049394
2072 0.0049394
2073 0.00490436
2074 0.00490436
2075 0.00490436
2076 0.00490436
2077 0.00490436
2078 0.00490436
2079 0.00490436
2080 0.00490436
2081 0.0048343
2082 0.0048343
2083 0.0048343
2084 0.0048343
2085 0.0048343
2086 0.0048343
2087 0.0048343
2088 0.0048343
2089 0.00469418
2090 0.00469418
2091 0.00469418
2092 0.00469418
2093 0.00469418
2094 0.00469418
2095 0.00469418
2096 0.00469418
2097 0.00462412
2098 0.00462412
2099 0.00462412
2100 0.00462412
2101 0.00462412
2102 0.00462412
2103 0.00462412
2104 0.00462412
2105 0.00455405
2106 0.00455405
2107 0.00455405
2108 0.00455405
2109 0.00455405
2110 0.00455405
2111 0.00455405
2112 0.00455405
2113 0.00451902
2114 0.00451902
2115 0.00451902
2116 0.00451902
2117 0.00451902
2118 0.00451902
2119 0.00451902
2120 0.00451902
2121 0.0043789
2122 0.0043789
2123 0.0043789
2124 0.0043789
2125 0.0043789
2126 0.0043789
2127 0.0043789
2128 0.0043789
2129 0.00434387
2130 0.00434387
2131 0.00434387
2132 0.00434387
2133 0.00434387
2134 0.00434387
2135 0.00434387
2136 0.00434387
2137 0.00430883
2138 0.00430883
2139 0.00430883
2140 0.00430883
2141 0.00430883
2142 0.00430883
2143 0.00430883
2144 0.00430883
2145 0.00420374
2146 0.00420374
2147 0.00420374
2148 0.00420374
2149 0.00420374
2150 0.00420374
2151 0.00420374
2152 0.00420374
2153 0.00413368
2154 0.00413368
2155 0.00413368
2156 0.00413368
2157 0.00413368
2158 0.00413368
2159 0.00413368
2160 0.00413368
2161 0.00402859
2162 0.00402859
2163 0.00402859
2164 0.00402859
2165 0.00402859
2166 0.00402859
2167 0.00402859
2168 0.00402859
2169 0.00402859
2170 0.00402859
2171 0.00402859
2172 0.00402859
2173 0.00402859
2174 0.00402859
2175 0.00402859
2176 0.00402859
2177 0.00399355
2178 0.00399355
2179 0.00399355
2180 0.00399355
2181 0.00399355
2182 0.00399355
2183 0.00399355
2184 0.00399355
2185 0.00392349
2186 0.00392349
2187 0.00392349
2188 0.00392349
2189 0.00392349
2190 0.00392349
2191 0.00392349
2192 0.00392349
2193 0.0038184
2194 0.0038184
2195 0.0038184
2196 0.0038184
2197 0.0038184
2198 0.0038184
2199 0.0038184
2200 0.0038184
2201 0.00374834
2202 0.00374834
2203 0.00374834
2204 0.00374834
2205 0.00374834
2206 0.00374834
2207 0.00374834
2208 0.00374834
2209 0.00367827
2210 0.00367827
2211 0.00367827
2212 0.00367827
2213 0.00367827
2214 0.00367827
2215 0.00367827
2216 0.00367827
2217 0.00364324
2218 0.00364324
2219 0.00364324
2220 0.00364324
2221 0.00364324
2222 0.00364324
2223 0.00364324
2224 0.00364324
2225 0.00357318
2226 0.00357318
2227 0.00357318
2228 0.00357318
2229 0.00357318
2230 0.00357318
2231 0.00357318
2232 0.00357318
2233 0.00350312
2234 0.00350312
2235 0.00350312
2236 0.00350312
2237 0.00350312
2238 0.00350312
2239 0.00350312
2240 0.00350312
2241 0.00346809
2242 0.00346809
2243 0.00346809
2244 0.00346809
2245 0.00346809
2246 0.00346809
2247 0.00346809
2248 0.00346809
2249 0.00339802
2250 0.00339802
2251 0.00339802
2252 0.00339802
2253 0.00339802
2254 0.00339802
2255 0.00339802
2256 0.00339802
2257 0.00339802
2258 0.00339802
2259 0.00339802
2260 0.00339802
2261 0.00339802
2262 0.00339802
2263 0.00339802
2264 0.00339802
2265 0.0032579
2266 0.0032579
2267 0.0032579
2268 0.0032579
2269 0.0032579
2270 0.0032579
2271 0.0032579
2272 0.0032579
2273 0.00315281
2274 0.00315281
2275 0.00315281
2276 0.00315281
2277 0.00315281
2278 0.00315281
2279 0.00315281
2280 0.00315281
2281 0.00311777
2282 0.00311777
2283 0.00311777
2284 0.00311777
2285 0.00311777
2286 0.00311777
2287 0.00311777
2288 0.00311777
2289 0.00311777
2290 0.00311777
2291 0.00311777
2292 0.00311777
2293 0.00311777
2294 0.00311777
2295 0.00311777
2296 0.00311777
2297 0.00304771
2298 0.00304771
2299 0.00304771
2300 0.00304771
2301 0.00304771
2302 0.00304771
2303 0.00304771
2304 0.00304771
2305 0.00304771
2306 0.00304771
2307 0.00304771
2308 0.00304771
2309 0.00304771
2310 0.00304771
2311 0.00304771
2312 0.00304771
2313 0.00297765
2314 0.00297765
2315 0.00297765
2316 0.00297765
2317 0.00297765
2318 0.00297765
2319 0.00297765
2320 0.00297765
2321 0.00290759
2322 0.00290759
2323 0.00290759
2324 0.00290759
2325 0.00290759
2326 0.00290759
2327 0.00290759
2328 0.00290759
2329 0.00280249
2330 0.00280249
2331 0.00280249
2332 0.00280249
2333 0.00280249
2334 0.00280249
2335 0.00280249
2336 0.00280249
2337 0.00280249
2338 0.00280249
2339 0.00280249
2340 0.00280249
2341 0.00280249
2342 0.00280249
2343 0.00280249
2344 0.00280249
2345 0.00273243
2346 0.00273243
2347 0.00273243
2348 0.00273243
2349 0.00273243
2350 0.00273243
2351 0.00273243
2352 0.00273243
2353 0.00273243
2354 0.00273243
2355 0.00273243
2356 0.00273243
2357 0.00273243
2358 0.00273243
2359 0.00273243
2360 0.00273243
2361 0.0026974
2362 0.0026974
2363 0.0026974
2364 0.0026974
2365 0.0026974
2366 0.0026974
2367 0.0026974
2368 0.0026974
2369 0.00266237
2370 0.00266237
2371 0.00266237
2372 0.00266237
2373 0.00266237
2374 0.00266237
2375 0.00266237
2376 0.00266237
2377 0.00262734
2378 0.00262734
2379 0.00262734
2380 0.00262734
2381 0.00262734
2382 0.00262734
2383 0.00262734
2384 0.00262734
2385 0.00259231
2386 0.00259231
2387 0.00259231
2388 0.00259231
2389 0.00259231
2390 0.00259231
2391 0.00259231
2392 0.00259231
2393 0.00259231
2394 0.00259231
2395 0.00259231
2396 0.00259231
2397 0.00259231
2398 0.00259231
2399 0.00259231
2400 0.00259231
2401 0.00252224
2402 0.00252224
2403 0.00252224
2404 0.00252224
2405 0.00252224
2406 0.00252224
2407 0.00252224
2408 0.00252224
2409 0.00252224
2410 0.00252224
2411 0.00252224
2412 0.00252224
2413 0.00252224
2414 0.00252224
2415 0.00252224
2416 0.00252224
2417 0.00248721
2418 0.00248721
2419 0.00248721
2420 0.00248721
2421 0.00248721
2422 0.00248721
2423 0.00248721
2424 0.00248721
2425 0.00248721
2426 0.00248721
2427 0.00248721
2428 0.00248721
2429 0.00248721
2430 0.00248721
2431 0.00248721
2432 0.00248721
2433 0.00245218
2434 0.00245218
2435 0.00245218
2436 0.00245218
2437 0.00245218
2438 0.00245218
2439 0.00245218
2440 0.00245218
2441 0.00241715
2442 0.00241715
2443 0.00241715
2444 0.00241715
2445 0.00241715
2446 0.00241715
2447 0.00241715
2448 0.00241715
2449 0.00238212
2450 0.00238212
2451 0.00238212
2452 0.00238212
2453 0.00238212
2454 0.00238212
2455 0.00238212
2456 0.00238212
2457 0.00234709
2458 0.00234709
2459 0.00234709
2460 0.00234709
2461 0.00234709
2462 0.00234709
2463 0.00234709
2464 0.00234709
2465 0.00227703
2466 0.00227703
2467 0.00227703
2468 0.00227703
2469 0.00227703
2470 0.00227703
2471 0.00227703
2472 0.00227703
2473 0.00227703
2474 0.00227703
2475 0.00227703
2476 0.00227703
2477 0.00227703
2478 0.00227703
2479 0.00227703
2480 0.00227703
2481 0.00227703
2482 0.00227703
2483 0.00227703
2484 0.00227703
2485 0.00227703
2486 0.00227703
2487 0.00227703
2488 0.00227703
2489 0.00220696
2490 0.00220696
2491 0.00220696
2492 0.00220696
2493 0.00220696
2494 0.00220696
2495 0.00220696
2496 0.00220696
2497 0.00217193
2498 0.00217193
2499 0.00217193
2500 0.00217193
2501 0.00217193
2502 0.00217193
2503 0.00217193
2504 0.00217193
2505 0.00217193
2506 0.00217193
2507 0.00217193
2508 0.00217193
2509 0.00217193
2510 0.00217193
2511 0.00217193
2512 0.00217193
2513 0.00217193
2514 0.00217193
2515 0.00217193
2516 0.00217193
2517 0.00217193
2518 0.00217193
2519 0.0021369
2520 0.0021369
2521 0.00210187
2522 0.00210187
2523 0.00210187
2524 0.00210187
2525 0.00210187
2526 0.00210187
2527 0.00210187
2528 0.00210187
2529 0.00203181
2530 0.00203181
2531 0.00203181
2532 0.00203181
2533 0.00203181
2534 0.00203181
2535 0.00203181
2536 0.00203181
2537 0.00189168
2538 0.00189168
2539 0.00189168
2540 0.00189168
2541 0.00189168
2542 0.00189168
2543 0.00189168
2544 0.00189168
2545 0.00189168
2546 0.00189168
2547 0.00189168
2548 0.00189168
2549 0.00189168
2550 0.00189168
2551 0.00189168
2552 0.00189168
2553 0.00182162
2554 0.00182162
2555 0.00182162
2556 0.00182162
2557 0.00182162
2558 0.00182162
2559 0.00182162
2560 0.00182162
2561 0.00182162
2562 0.00182162
2563 0.00182162
2564 0.00182162
2565 0.00182162
2566 0.00182162
2567 0.00182162
2568 0.00182162
2569 0.00178659
2570 0.00178659
2571 0.00178659
2572 0.00178659
2573 0.00178659
2574 0.00178659
2575 0.00178659
2576 0.00178659
2577 0.00171653
2578 0.00171653
2579 0.00171653
2580 0.00171653
2581 0.00171653
2582 0.00171653
2583 0.00171653
2584 0.00171653
2585 0.0016815
2586 0.0016815
2587 0.0016815
2588 0.0016815
2589 0.0016815
2590 0.0016815
2591 0.0016815
2592 0.0016815
2593 0.00164647
2594 0.00164647
2595 0.00164647
2596 0.00164647
2597 0.00164647
2598 0.00164647
2599 0.00164647
2600 0.00164647
2601 0.00161143
2602 0.00161143
2603 0.00161143
2604 0.00161143
2605 0.00161143
2606 0.00161143
2607 0.00161143
2608 0.00161143
2609 0.0015764
2610 0.0015764
2611 0.0015764
2612 0.0015764
2613 0.0015764
2614 0.0015764
2615 0.0015764
2616 0.0015764
2617 0.00147131
2618 0.00147131
2619 0.00147131
2620 0.00147131
2621 0.00147131
2622 0.00147131
2623 0.00147131
2624 0.00147131
2625 0.00136622
2626 0.00136622
2627 0.00136622
2628 0.00136622
2629 0.00136622
2630 0.00136622
2631 0.00136622
2632 0.00136622
2633 0.00133118
2634 0.00133118
2635 0.00133118
2636 0.00133118
2637 0.00133118
2638 0.00133118
2639 0.00133118
2640 0.00133118
2641 0.00126112
2642 0.00126112
2643 0.00126112
2644 0.00126112
2645 0.00126112
2646 0.00126112
2647 0.00126112
2648 0.00126112
2649 0.00126112
2650 0.00126112
2651 0.00126112
2652 0.00126112
2653 0.00126112
2654 0.00126112
2655 0.00126112
2656 0.00126112
2657 0.00126112
2658 0.00126112
2659 0.00126112
2660 0.00126112
2661 0.00126112
2662 0.00126112
2663 0.00126112
2664 0.00126112
2665 0.00122609
2666 0.00122609
2667 0.00122609
2668 0.00122609
2669 0.00122609
2670 0.00122609
2671 0.00122609
2672 0.00122609
2673 0.00119106
2674 0.00119106
2675 0.00119106
2676 0.00119106
2677 0.00119106
2678 0.00119106
2679 0.00119106
2680 0.00119106
2681 0.00119106
2682 0.00119106
2683 0.00119106
2684 0.00119106
2685 0.00119106
2686 0.00119106
2687 0.00119106
2688 0.00119106
2689 0.00119106
2690 0.00119106
2691 0.00119106
2692 0.00119106
2693 0.00119106
2694 0.00119106
2695 0.00119106
2696 0.00119106
2697 0.00115603
2698 0.00115603
2699 0.00115603
2700 0.00115603
2701 0.00115603
2702 0.00115603
2703 0.00115603
2704 0.00115603
2705 0.00108597
2706 0.00108597
2707 0.00108597
2708 0.00108597
2709 0.00108597
2710 0.00108597
2711 0.00108597
2712 0.00108597
2713 0.00108597
2714 0.00108597
2715 0.00108597
2716 0.00108597
2717 0.00108597
2718 0.00108597
2719 0.00108597
2720 0.00108597
2721 0.0010159
2722 0.0010159
2723 0.0010159
2724 0.0010159
2725 0.0010159
2726 0.0010159
2727 0.0010159
2728 0.0010159
2729 0.0010159
2730 0.0010159
2731 0.0010159
2732 0.0010159
2733 0.0010159
2734 0.0010159
2735 0.0010159
2736 0.0010159
2737 0.0010159
2738 0.0010159
2739 0.0010159
2740 0.0010159
2741 0.0010159
2742 0.0010159
2743 0.0010159
2744 0.0010159
2745 0.000980873
2746 0.000980873
2747 0.000980873
2748 0.000980873
2749 0.000980873
2750 0.000980873
2751 0.000980873
2752 0.000980873
2753 0.000980873
2754 0.000980873
2755 0.000980873
2756 0.000980873
2757 0.000980873
2758 0.000980873
2759 0.000980873
2760 0.000980873
2761 0.000980873
2762 0.000980873
2763 0.000980873
2764 0.000980873
2765 0.000980873
2766 0.000980873
2767 0.000980873
2768 0.000980873
2769 0.000945842
2770 0.000945842
2771 0.000945842
2772 0.000945842
2773 0.000945842
2774 0.000945842
2775 0.000945842
2776 0.000945842
2777 0.000910811
2778 0.000910811
2779 0.000910811
2780 0.000910811
2781 0.000910811
2782 0.000910811
2783 0.000875779
2784 0.000875779
2785 0.000875779
2786 0.000875779
2787 0.000875779
2788 0.000875779
2789 0.000875779
2790 0.000875779
2791 0.000875779
2792 0.000875779
2793 0.000840748
2794 0.000840748
2795 0.000840748
2796 0.000840748
2797 0.000840748
2798 0.000840748
2799 0.000840748
2800 0.000840748
2801 0.000840748
2802 0.000840748
2803 0.000840748
2804 0.000840748
2805 0.000840748
2806 0.000840748
2807 0.000840748
2808 0.000840748
2809 0.000840748
2810 0.000840748
2811 0.000840748
2812 0.000840748
2813 0.000840748
2814 0.000840748
2815 0.000840748
2816 0.000840748
2817 0.000805717
2818 0.000805717
2819 0.000805717
2820 0.000805717
2821 0.000805717
2822 0.000805717
2823 0.000805717
2824 0.000805717
2825 0.000770686
2826 0.000770686
2827 0.000770686
2828 0.000770686
2829 0.000770686
2830 0.000770686
2831 0.000770686
2832 0.000770686
2833 0.000735655
2834 0.000735655
2835 0.000735655
2836 0.000735655
2837 0.000735655
2838 0.000735655
2839 0.000735655
2840 0.000735655
2841 0.000700624
2842 0.000700624
2843 0.000700624
2844 0.000700624
2845 0.000700624
2846 0.000700624
2847 0.000700624
2848 0.000700624
2849 0.000700624
2850 0.000700624
2851 0.000700624
2852 0.000700624
2853 0.000700624
2854 0.000700624
2855 0.000700624
2856 0.000700624
2857 0.000700624
2858 0.000700624
2859 0.000700624
2860 0.000700624
2861 0.000700624
2862 0.000700624
2863 0.000700624
2864 0.000700624
2865 0.000700624
2866 0.000700624
2867 0.000700624
2868 0.000700624
2869 0.000700624
2870 0.000700624
2871 0.000700624
2872 0.000700624
2873 0.000700624
2874 0.000700624
2875 0.000700624
2876 0.000700624
2877 0.000700624
2878 0.000700624
2879 0.000700624
2880 0.000700624
2881 0.000700624
2882 0.000700624
2883 0.000700624
2884 0.000700624
2885 0.000700624
2886 0.000700624
2887 0.000700624
2888 0.000700624
2889 0.000665592
2890 0.000665592
2891 0.000665592
2892 0.000665592
2893 0.000665592
2894 0.000665592
2895 0.000665592
2896 0.000665592
2897 0.000665592
2898 0.000665592
2899 0.000665592
2900 0.000665592
2901 0.000665592
2902 0.000665592
2903 0.000665592
2904 0.000665592
2905 0.000665592
2906 0.000665592
2907 0.000665592
2908 0.000665592
2909 0.000665592
2910 0.000665592
2911 0.000665592
2912 0.000665592
2913 0.000665592
2914 0.000665592
2915 0.000665592
2916 0.000665592
2917 0.000665592
2918 0.000665592
2919 0.000665592
2920 0.000665592
2921 0.000630561
2922 0.000630561
2923 0.000630561
2924 0.000630561
2925 0.000630561
2926 0.000630561
2927 0.00059553
2928 0.00059553
2929 0.000560499
2930 0.000560499
2931 0.000560499
2932 0.000560499
2933 0.000560499
2934 0.000560499
2935 0.000560499
2936 0.000560499
2937 0.000560499
2938 0.000560499
2939 0.000560499
2940 0.000560499
2941 0.000560499
2942 0.000560499
2943 0.000560499
2944 0.000560499
2945 0.000560499
2946 0.000560499
2947 0.000560499
2948 0.000560499
2949 0.000560499
2950 0.000560499
2951 0.000560499
2952 0.000560499
2953 0.000560499
2954 0.000560499
2955 0.000560499
2956 0.000560499
2957 0.000560499
2958 0.000560499
2959 0.000560499
2960 0.000560499
2961 0.000560499
2962 0.000560499
2963 0.000560499
2964 0.000560499
2965 0.000560499
2966 0.000560499
2967 0.000560499
2968 0.000560499
2969 0.000560499
2970 0.000560499
2971 0.000560499
2972 0.000560499
2973 0.000560499
2974 0.000560499
2975 0.000560499
2976 0.000560499
2977 0.000525468
2978 0.000525468
2979 0.000525468
2980 0.000525468
2981 0.000525468
2982 0.000525468
2983 0.000525468
2984 0.000525468
2985 0.000490437
2986 0.000490437
2987 0.000490437
2988 0.000490437
2989 0.000490437
2990 0.000490437
2991 0.000490437
2992 0.000490437
2993 0.000455405
2994 0.000455405
2995 0.000455405
2996 0.000455405
2997 0.000455405
2998 0.000455405
2999 0.000455405
3000 0.000455405
3001 0.000455405
3002 0.000455405
3003 0.000455405
3004 0.000455405
3005 0.000455405
3006 0.000455405
3007 0.000455405
3008 0.000455405
3009 0.000455405
3010 0.000455405
3011 0.000455405
3012 0.000455405
3013 0.000455405
3014 0.000455405
3015 0.000455405
3016 0.000455405
3017 0.000455405
3018 0.000455405
3019 0.000455405
3020 0.000455405
3021 0.000455405
3022 0.000455405
3023 0.000455405
3024 0.000455405
3025 0.000455405
3026 0.000455405
3027 0.000455405
3028 0.000455405
3029 0.000455405
3030 0.000455405
3031 0.000455405
3032 0.000455405
3033 0.000420374
3034 0.000420374
3035 0.000420374
3036 0.000420374
3037 0.000420374
3038 0.000420374
3039 0.000420374
3040 0.000420374
3041 0.000420374
3042 0.000420374
3043 0.000420374
3044 0.000420374
3045 0.000420374
3046 0.000420374
3047 0.000420374
3048 0.000420374
3049 0.000420374
3050 0.000420374
3051 0.000420374
3052 0.000420374
3053 0.000420374
3054 0.000420374
3055 0.000420374
3056 0.000420374
3057 0.000420374
3058 0.000420374
3059 0.000420374
3060 0.000420374
3061 0.000420374
3062 0.000420374
3063 0.000420374
3064 0.000420374
3065 0.000420374
3066 0.000420374
3067 0.000420374
3068 0.000420374
3069 0.000420374
3070 0.000420374
3071 0.000420374
3072 0.000420374
3073 0.000420374
3074 0.000420374
3075 0.000420374
3076 0.000420374
3077 0.000420374
3078 0.000420374
3079 0.000420374
3080 0.000420374
3081 0.000420374
3082 0.000420374
3083 0.000420374
3084 0.000420374
3085 0.000420374
3086 0.000420374
3087 0.000420374
3088 0.000420374
3089 0.000420374
3090 0.000420374
3091 0.000420374
3092 0.000420374
3093 0.000420374
3094 0.000420374
3095 0.000420374
3096 0.000420374
3097 0.000420374
3098 0.000420374
3099 0.000420374
3100 0.000420374
3101 0.000420374
3102 0.000420374
3103 0.000420374
3104 0.000420374
3105 0.000385343
3106 0.000385343
3107 0.000385343
3108 0.000385343
3109 0.000385343
3110 0.000385343
3111 0.000385343
3112 0.000385343
3113 0.000385343
3114 0.000385343
3115 0.000385343
3116 0.000385343
3117 0.000385343
3118 0.000385343
3119 0.000385343
3120 0.000385343
3121 0.000385343
3122 0.000385343
3123 0.000385343
3124 0.000385343
3125 0.000385343
3126 0.000385343
3127 0.000385343
3128 0.000385343
3129 0.000385343
3130 0.000385343
3131 0.000385343
3132 0.000385343
3133 0.000385343
3134 0.000385343
3135 0.000385343
3136 0.000385343
3137 0.000385343
3138 0.000385343
3139 0.000385343
3140 0.000385343
3141 0.000385343
3142 0.000385343
3143 0.000385343
3144 0.000385343
3145 0.000385343
3146 0.000385343
3147 0.000385343
3148 0.000385343
3149 0.000385343
3150 0.000385343
3151 0.000385343
3152 0.000385343
3153 0.000385343
3154 0.000385343
3155 0.000385343
3156 0.000385343
3157 0.000385343
3158 0.000385343
3159 0.000385343
3160 0.000385343
3161 0.000385343
3162 0.000385343
3163 0.000385343
3164 0.000385343
3165 0.000385343
3166 0.000385343
3167 0.000385343
3168 0.000385343
3169 0.000385343
3170 0.000385343
3171 0.000385343
3172 0.000385343
3173 0.000385343
3174 0.000385343
3175 0.000385343
3176 0.000385343
3177 0.000385343
3178 0.000385343
3179 0.000385343
3180 0.000385343
3181 0.000385343
3182 0.000385343
3183 0.000385343
3184 0.000385343
3185 0.000385343
3186 0.000385343
3187 0.000385343
3188 0.000385343
3189 0.000385343
3190 0.000385343
3191 0.000385343
3192 0.000385343
3193 0.000385343
3194 0.000385343
3195 0.000385343
3196 0.000385343
3197 0.000385343
3198 0.000385343
3199 0.000385343
3200 0.000385343
3201 0.000385343
3202 0.000385343
3203 0.000385343
3204 0.000385343
3205 0.000385343
3206 0.000385343
3207 0.000385343
3208 0.000385343
3209 0.000385343
3210 0.000385343
3211 0.000385343
3212 0.000385343
3213 0.000385343
3214 0.000385343
3215 0.000385343
3216 0.000385343
3217 0.000385343
3218 0.000385343
3219 0.000385343
3220 0.000385343
3221 0.000385343
3222 0.000385343
3223 0.000385343
3224 0.000385343
3225 0.000350312
3226 0.000350312
3227 0.000350312
3228 0.000350312
3229 0.000350312
3230 0.000350312
3231 0.000350312
3232 0.000350312
3233 0.000350312
3234 0.000350312
3235 0.000350312
3236 0.000350312
3237 0.000350312
3238 0.000350312
3239 0.000350312
3240 0.000350312
3241 0.000350312
3242 0.000350312
3243 0.000350312
3244 0.000350312
3245 0.000350312
3246 0.000350312
3247 0.000350312
3248 0.000350312
3249 0.000350312
3250 0.000350312
3251 0.000350312
3252 0.000350312
3253 0.000350312
3254 0.000350312
3255 0.000350312
3256 0.000350312
3257 0.000350312
3258 0.000350312
3259 0.000350312
3260 0.000350312
3261 0.000350312
3262 0.000350312
3263 0.000350312
3264 0.000350312
3265 0.000350312
3266 0.000350312
3267 0.000350312
3268 0.000350312
3269 0.000350312
3270 0.000350312
3271 0.000350312
3272 0.000350312
3273 0.000350312
3274 0.000350312
3275 0.000350312
3276 0.000350312
3277 0.000350312
3278 0.000350312
3279 0.000350312
3280 0.000350312
3281 0.000350312
3282 0.000350312
3283 0.000350312
3284 0.000350312
3285 0.000350312
3286 0.000350312
3287 0.000350312
3288 0.000350312
3289 0.000350312
3290 0.000350312
3291 0.000350312
3292 0.000350312
3293 0.000350312
3294 0.000350312
3295 0.000350312
3296 0.000350312
3297 0.000350312
3298 0.000350312
3299 0.000350312
3300 0.000350312
3301 0.000350312
3302 0.000350312
3303 0.000350312
3304 0.000350312
3305 0.000350312
3306 0.000350312
3307 0.000350312
3308 0.000350312
3309 0.000350312
3310 0.000350312
3311 0.000350312
3312 0.000350312
3313 0.000315281
3314 0.000315281
3315 0.000315281
3316 0.000315281
3317 0.000315281
3318 0.000315281
3319 0.000315281
3320 0.000315281
3321 0.000315281
3322 0.000315281
3323 0.000315281
3324 0.000315281
3325 0.000315281
3326 0.000315281
3327 0.000315281
3328 0.000315281
3329 0.000315281
3330 0.000315281
3331 0.000315281
3332 0.000315281
3333 0.000315281
3334 0.000315281
3335 0.000315281
3336 0.000315281
3337 0.000315281
3338 0.000315281
3339 0.000315281
3340 0.000315281
3341 0.000315281
3342 0.000315281
3343 0.000315281
3344 0.000315281
3345 0.000315281
3346 0.000315281
3347 0.000315281
3348 0.000315281
3349 0.000315281
3350 0.000315281
3351 0.000315281
3352 0.000315281
3353 0.000315281
3354 0.000315281
3355 0.000315281
3356 0.000315281
3357 0.000315281
3358 0.000315281
3359 0.000315281
3360 0.000315281
3361 0.000315281
3362 0.000315281
3363 0.000315281
3364 0.000315281
3365 0.000315281
3366 0.000315281
3367 0.000315281
3368 0.000315281
3369 0.000315281
3370 0.000315281
3371 0.000315281
3372 0.000315281
3373 0.000315281
3374 0.000315281
3375 0.000315281
3376 0.000315281
3377 0.000280249
3378 0.000280249
3379 0.000280249
3380 0.000280249
3381 0.000280249
3382 0.000280249
3383 0.000280249
3384 0.000280249
3385 0.000280249
3386 0.000280249
3387 0.000280249
3388 0.000280249
3389 0.000280249
3390 0.000280249
3391 0.000280249
3392 0.000280249
3393 0.000280249
3394 0.000280249
3395 0.000280249
3396 0.000280249
3397 0.000280249
3398 0.000280249
3399 0.000280249
3400 0.000280249
3401 0.000280249
3402 0.000280249
3403 0.000280249
3404 0.000280249
3405 0.000280249
3406 0.000280249
3407 0.000280249
3408 0.000280249
3409 0.000280249
3410 0.000280249
3411 0.000280249
3412 0.000280249
3413 0.000280249
3414 0.000280249
3415 0.000280249
3416 0.000280249
3417 0.000280249
3418 0.000280249
3419 0.000280249
3420 0.000280249
3421 0.000280249
3422 0.000280249
3423 0.000280249
3424 0.000280249
3425 0.000245218
3426 0.000245218
3427 0.000245218
3428 0.000245218
3429 0.000245218
3430 0.000245218
3431 0.000245218
3432 0.000245218
3433 0.000245218
3434 0.000245218
3435 0.000245218
3436 0.000245218
3437 0.000245218
3438 0.000245218
3439 0.000245218
3440 0.000245218
3441 0.000245218
3442 0.000245218
3443 0.000245218
3444 0.000245218
3445 0.000245218
3446 0.000245218
3447 0.000245218
3448 0.000245218
3449 0.000245218
3450 0.000245218
3451 0.000245218
3452 0.000245218
3453 0.000245218
3454 0.000245218
3455 0.000245218
3456 0.000245218
3457 0.000245218
3458 0.000245218
3459 0.000245218
3460 0.000245218
3461 0.000245218
3462 0.000245218
3463 0.000245218
3464 0.000245218
3465 0.000245218
3466 0.000245218
3467 0.000245218
3468 0.000245218
3469 0.000245218
3470 0.000245218
3471 0.000245218
3472 0.000245218
3473 0.000245218
3474 0.000245218
3475 0.000245218
3476 0.000245218
3477 0.000245218
3478 0.000245218
3479 0.000245218
3480 0.000245218
3481 0.000245218
3482 0.000245218
3483 0.000245218
3484 0.000245218
3485 0.000245218
3486 0.000245218
3487 0.000245218
3488 0.000245218
3489 0.000245218
3490 0.000245218
3491 0.000245218
3492 0.000245218
3493 0.000245218
3494 0.000245218
3495 0.000245218
3496 0.000245218
3497 0.000245218
3498 0.000245218
3499 0.000245218
3500 0.000245218
3501 0.000245218
3502 0.000245218
3503 0.000245218
3504 0.000245218
3505 0.000245218
3506 0.000245218
3507 0.000245218
3508 0.000245218
3509 0.000245218
3510 0.000245218
3511 0.000245218
3512 0.000245218
3513 0.000245218
3514 0.000245218
3515 0.000245218
3516 0.000245218
3517 0.000245218
3518 0.000245218
3519 0.000245218
3520 0.000245218
3521 0.000245218
3522 0.000245218
3523 0.000245218
3524 0.000245218
3525 0.000245218
3526 0.000245218
3527 0.000245218
3528 0.000245218
3529 0.000210187
3530 0.000210187
3531 0.000210187
3532 0.000210187
3533 0.000210187
3534 0.000210187
3535 0.000210187
3536 0.000210187
3537 0.000210187
3538 0.000210187
3539 0.000210187
3540 0.000210187
3541 0.000210187
3542 0.000210187
3543 0.000210187
3544 0.000210187
3545 0.000210187
3546 0.000210187
3547 0.000210187
3548 0.000210187
3549 0.000210187
3550 0.000210187
3551 0.000210187
3552 0.000210187
3553 0.000210187
3554 0.000210187
3555 0.000210187
3556 0.000210187
3557 0.000210187
3558 0.000210187
3559 0.000210187
3560 0.000210187
3561 0.000210187
3562 0.000210187
3563 0.000210187
3564 0.000210187
3565 0.000210187
3566 0.000210187
3567 0.000210187
3568 0.000210187
3569 0.000210187
3570 0.000210187
3571 0.000210187
3572 0.000210187
3573 0.000210187
3574 0.000210187
3575 0.000210187
3576 0.000210187
3577 0.000210187
3578 0.000210187
3579 0.000210187
3580 0.000210187
3581 0.000210187
3582 0.000210187
3583 0.000210187
3584 0.000210187
3585 0.000210187
3586 0.000210187
3587 0.000210187
3588 0.000210187
3589 0.000210187
3590 0.000210187
3591 0.000210187
3592 0.000210187
3593 0.000210187
3594 0.000210187
3595 0.000210187
3596 0.000210187
3597 0.000210187
3598 0.000210187
3599 0.000210187
3600 0.000210187
3601 0.000210187
3602 0.000210187
3603 0.000210187
3604 0.000210187
3605 0.000210187
3606 0.000210187
3607 0.000210187
3608 0.000210187
3609 0.000210187
3610 0.000210187
3611 0.000210187
3612 0.000210187
3613 0.000210187
3614 0.000210187
3615 0.000210187
3616 0.000210187
3617 0.000210187
3618 0.000210187
3619 0.000210187
3620 0.000210187
3621 0.000210187
3622 0.000210187
3623 0.000210187
3624 0.000210187
3625 0.000210187
3626 0.000210187
3627 0.000210187
3628 0.000210187
3629 0.000210187
3630 0.000210187
3631 0.000210187
3632 0.000210187
3633 0.000210187
3634 0.000210187
3635 0.000210187
3636 0.000210187
3637 0.000210187
3638 0.000210187
3639 0.000210187
3640 0.000210187
3641 0.000210187
3642 0.000210187
3643 0.000210187
3644 0.000210187
3645 0.000210187
3646 0.000210187
3647 0.000210187
3648 0.000210187
3649 0.000210187
3650 0.000210187
3651 0.000210187
3652 0.000210187
3653 0.000210187
3654 0.000210187
3655 0.000210187
3656 0.000210187
3657 0.000210187
3658 0.000210187
3659 0.000210187
3660 0.000210187
3661 0.000210187
3662 0.000210187
3663 0.000210187
3664 0.000210187
3665 0.000210187
3666 0.000210187
3667 0.000210187
3668 0.000210187
3669 0.000210187
3670 0.000210187
3671 0.000210187
3672 0.000210187
3673 0.000210187
3674 0.000210187
3675 0.000210187
3676 0.000210187
3677 0.000210187
3678 0.000210187
3679 0.000210187
3680 0.000210187
3681 0.000210187
3682 0.000210187
3683 0.000210187
3684 0.000210187
3685 0.000210187
3686 0.000210187
3687 0.000210187
3688 0.000210187
3689 0.000175156
3690 0.000175156
3691 0.000175156
3692 0.000175156
3693 0.000175156
3694 0.000175156
3695 0.000175156
3696 0.000175156
3697 0.000105094
3698 0.000105094
3699 0.000105094
3700 0.000105094
3701 0.000105094
3702 0.000105094
3703 0.000105094
3704 0.000105094
3705 0.000105094
3706 0.000105094
3707 0.000105094
3708 0.000105094
3709 0.000105094
3710 0.000105094
3711 0.000105094
3712 0.000105094
3713 0.000105094
3714 0.000105094
3715 0.000105094
3716 0.000105094
3717 0.000105094
3718 0.000105094
3719 0.000105094
3720 0.000105094
3721 0.000105094
3722 0.000105094
3723 0.000105094
3724 0.000105094
3725 0.000105094
3726 0.000105094
3727 0.000105094
3728 0.000105094
3729 0.000105094
3730 0.000105094
3731 0.000105094
3732 0.000105094
3733 0.000105094
3734 0.000105094
3735 0.000105094
3736 0.000105094
3737 0.000105094
3738 0.000105094
3739 0.000105094
3740 0.000105094
3741 0.000105094
3742 0.000105094
3743 0.000105094
3744 0.000105094
3745 0.000105094
3746 0.000105094
3747 0.000105094
3748 0.000105094
3749 0.000105094
3750 0.000105094
3751 0.000105094
3752 0.000105094
3753 0.000105094
3754 0.000105094
3755 0.000105094
3756 0.000105094
3757 0.000105094
3758 0.000105094
3759 0.000105094
3760 0.000105094
3761 0.000105094
3762 0.000105094
3763 0.000105094
3764 0.000105094
3765 0.000105094
3766 0.000105094
3767 0.000105094
3768 0.000105094
3769 0.000105094
3770 0.000105094
3771 0.000105094
3772 0.000105094
3773 0.000105094
3774 0.000105094
3775 0.000105094
3776 0.000105094
3777 0.000105094
3778 0.000105094
3779 0.000105094
3780 0.000105094
3781 0.000105094
3782 0.000105094
3783 0.000105094
3784 0.000105094
3785 0.000105094
3786 0.000105094
3787 0.000105094
3788 0.000105094
3789 0.000105094
3790 0.000105094
3791 0.000105094
3792 0.000105094
3793 0.000105094
3794 0.000105094
3795 0.000105094
3796 0.000105094
3797 0.000105094
3798 0.000105094
3799 0.000105094
3800 0.000105094
3801 0.000105094
3802 0.000105094
3803 0.000105094
3804 0.000105094
3805 0.000105094
3806 0.000105094
3807 0.000105094
3808 0.000105094
3809 0.000105094
3810 0.000105094
3811 0.000105094
3812 0.000105094
3813 0.000105094
3814 0.000105094
3815 0.000105094
3816 0.000105094
3817 0.000105094
3818 0.000105094
3819 0.000105094
3820 0.000105094
3821 0.000105094
3822 0.000105094
3823 0.000105094
3824 0.000105094
3825 0.000105094
3826 0.000105094
3827 0.000105094
3828 0.000105094
3829 0.000105094
3830 0.000105094
3831 0.000105094
3832 0.000105094
3833 0.000105094
3834 0.000105094
3835 0.000105094
3836 0.000105094
3837 0.000105094
3838 0.000105094
3839 0.000105094
3840 0.000105094
3841 0.000105094
3842 0.000105094
3843 0.000105094
3844 0.000105094
3845 0.000105094
3846 0.000105094
3847 0.000105094
3848 0.000105094
3849 0.000105094
3850 0.000105094
3851 0.000105094
3852 0.000105094
3853 0.000105094
3854 0.000105094
3855 0.000105094
3856 0.000105094
3857 0.000105094
3858 0.000105094
3859 0.000105094
3860 0.000105094
3861 0.000105094
3862 0.000105094
3863 0.000105094
3864 0.000105094
3865 0.000105094
3866 0.000105094
3867 0.000105094
3868 0.000105094
3869 0.000105094
3870 0.000105094
3871 0.000105094
3872 0.000105094
3873 0.000105094
3874 0.000105094
3875 0.000105094
3876 0.000105094
3877 0.000105094
3878 0.000105094
3879 0.000105094
3880 0.000105094
3881 0.000105094
3882 0.000105094
3883 0.000105094
3884 0.000105094
3885 0.000105094
3886 0.000105094
3887 0.000105094
3888 0.000105094
3889 0.000105094
3890 0.000105094
3891 0.000105094
3892 0.000105094
3893 0.000105094
3894 0.000105094
3895 0.000105094
3896 0.000105094
3897 0.000105094
3898 0.000105094
3899 0.000105094
3900 0.000105094
3901 0.000105094
3902 0.000105094
3903 0.000105094
3904 0.000105094
3905 0.000105094
3906 0.000105094
3907 0.000105094
3908 0.000105094
3909 0.000105094
3910 0.000105094
3911 0.000105094
3912 0.000105094
3913 0.000105094
3914 0.000105094
3915 0.000105094
3916 0.000105094
3917 0.000105094
3918 0.000105094
3919 0.000105094
3920 0.000105094
3921 0.000105094
3922 0.000105094
3923 0.000105094
3924 0.000105094
3925 0.000105094
3926 0.000105094
3927 0.000105094
3928 0.000105094
3929 0.000105094
3930 0.000105094
3931 0.000105094
3932 0.000105094
3933 0.000105094
3934 0.000105094
3935 0.000105094
3936 0.000105094
3937 0.000105094
3938 0.000105094
3939 0.000105094
3940 0.000105094
3941 0.000105094
3942 0.000105094
3943 0.000105094
3944 0.000105094
3945 0.000105094
3946 0.000105094
3947 0.000105094
3948 0.000105094
3949 0.000105094
3950 0.000105094
3951 0.000105094
3952 0.000105094
3953 0.000105094
3954 0.000105094
3955 0.000105094
3956 0.000105094
3957 0.000105094
3958 0.000105094
3959 0.000105094
3960 0.000105094
3961 0.000105094
3962 0.000105094
3963 0.000105094
3964 0.000105094
3965 0.000105094
3966 0.000105094
3967 0.000105094
3968 0.000105094
3969 0.000105094
3970 0.000105094
3971 0.000105094
3972 0.000105094
3973 0.000105094
3974 0.000105094
3975 0.000105094
3976 0.000105094
3977 0.000105094
3978 0.000105094
3979 0.000105094
3980 0.000105094
3981 0.000105094
3982 0.000105094
3983 0.000105094
3984 0.000105094
3985 0.000105094
3986 0.000105094
3987 0.000105094
3988 0.000105094
3989 0.000105094
3990 0.000105094
3991 0.000105094
3992 0.000105094
3993 0.000105094
3994 0.000105094
3995 0.000105094
3996 0.000105094
3997 0.000105094
3998 0.000105094
3999 0.000105094
4000 0.000105094
4001 0.000105094
4002 0.000105094
4003 0.000105094
4004 0.000105094
4005 0.000105094
4006 0.000105094
4007 0.000105094
4008 0.000105094
4009 0.000105094
4010 0.000105094
4011 0.000105094
4012 0.000105094
4013 0.000105094
4014 0.000105094
4015 0.000105094
4016 0.000105094
4017 0.000105094
4018 0.000105094
4019 0.000105094
4020 0.000105094
4021 0.000105094
4022 0.000105094
4023 0.000105094
4024 0.000105094
4025 0.000105094
4026 0.000105094
4027 0.000105094
4028 0.000105094
4029 0.000105094
4030 0.000105094
4031 0.000105094
4032 0.000105094
4033 0.000105094
4034 0.000105094
4035 0.000105094
4036 0.000105094
4037 0.000105094
4038 0.000105094
4039 0.000105094
4040 0.000105094
4041 0.000105094
4042 0.000105094
4043 0.000105094
4044 0.000105094
4045 0.000105094
4046 0.000105094
4047 0.000105094
4048 0.000105094
4049 0.000105094
4050 0.000105094
4051 0.000105094
4052 0.000105094
4053 0.000105094
4054 0.000105094
4055 0.000105094
4056 0.000105094
4057 0.000105094
4058 0.000105094
4059 0.000105094
4060 0.000105094
4061 0.000105094
4062 0.000105094
4063 0.000105094
4064 0.000105094
4065 0.000105094
4066 0.000105094
4067 0.000105094
4068 0.000105094
4069 0.000105094
4070 0.000105094
4071 0.000105094
4072 0.000105094
4073 0.000105094
4074 0.000105094
4075 0.000105094
4076 0.000105094
4077 0.000105094
4078 0.000105094
4079 0.000105094
4080 0.000105094
4081 0.000105094
4082 0.000105094
4083 0.000105094
4084 0.000105094
4085 0.000105094
4086 0.000105094
4087 0.000105094
4088 0.000105094
4089 0.000105094
4090 0.000105094
4091 0.000105094
4092 0.000105094
4093 0.000105094
4094 0.000105094
4095 0.000105094
4096 0.000105094
4097 0.000105094
4098 0.000105094
4099 0.000105094
4100 0.000105094
4101 0.000105094
4102 0.000105094
4103 0.000105094
4104 0.000105094
4105 0.000105094
4106 0.000105094
4107 0.000105094
4108 0.000105094
4109 0.000105094
4110 0.000105094
4111 0.000105094
4112 0.000105094
4113 0.000105094
4114 0.000105094
4115 0.000105094
4116 0.000105094
4117 0.000105094
4118 0.000105094
4119 0.000105094
4120 0.000105094
4121 0.000105094
4122 0.000105094
4123 0.000105094
4124 0.000105094
4125 0.000105094
4126 0.000105094
4127 0.000105094
4128 0.000105094
4129 0.000105094
4130 0.000105094
4131 0.000105094
4132 0.000105094
4133 0.000105094
4134 0.000105094
4135 0.000105094
4136 0.000105094
4137 0.000105094
4138 0.000105094
4139 0.000105094
4140 0.000105094
4141 0.000105094
4142 0.000105094
4143 0.000105094
4144 0.000105094
4145 0.000105094
4146 0.000105094
4147 0.000105094
4148 0.000105094
4149 0.000105094
4150 0.000105094
4151 0.000105094
4152 0.000105094
4153 0.000105094
4154 0.000105094
4155 0.000105094
4156 0.000105094
4157 0.000105094
4158 0.000105094
4159 0.000105094
4160 0.000105094
4161 0.000105094
4162 0.000105094
4163 0.000105094
4164 0.000105094
4165 0.000105094
4166 0.000105094
4167 0.000105094
4168 0.000105094
4169 0.000105094
4170 0.000105094
4171 0.000105094
4172 0.000105094
4173 0.000105094
4174 0.000105094
4175 0.000105094
4176 0.000105094
4177 0.000105094
4178 0.000105094
4179 0.000105094
4180 0.000105094
4181 0.000105094
4182 0.000105094
4183 0.000105094
4184 0.000105094
4185 0.000105094
4186 0.000105094
4187 0.000105094
4188 0.000105094
4189 0.000105094
4190 0.000105094
4191 0.000105094
4192 0.000105094
4193 0.000105094
4194 0.000105094
4195 0.000105094
4196 0.000105094
4197 0.000105094
4198 0.000105094
4199 0.000105094
4200 0.000105094
4201 0.000105094
4202 0.000105094
4203 0.000105094
4204 0.000105094
4205 0.000105094
4206 0.000105094
4207 0.000105094
4208 0.000105094
4209 0.000105094
4210 0.000105094
4211 0.000105094
4212 0.000105094
4213 0.000105094
4214 0.000105094
4215 0.000105094
4216 0.000105094
4217 0.000105094
4218 0.000105094
4219 0.000105094
4220 0.000105094
4221 0.000105094
4222 0.000105094
4223 0.000105094
4224 0.000105094
4225 0.000105094
4226 0.000105094
4227 0.000105094
4228 0.000105094
4229 0.000105094
4230 0.000105094
4231 0.000105094
4232 0.000105094
4233 0.000105094
4234 0.000105094
4235 0.000105094
4236 0.000105094
4237 0.000105094
4238 0.000105094
4239 0.000105094
4240 0.000105094
4241 0.000105094
4242 0.000105094
4243 0.000105094
4244 0.000105094
4245 0.000105094
4246 0.000105094
4247 0.000105094
4248 0.000105094
4249 0.000105094
4250 0.000105094
4251 0.000105094
4252 0.000105094
4253 0.000105094
4254 0.000105094
4255 0.000105094
4256 0.000105094
4257 0.000105094
4258 0.000105094
4259 0.000105094
4260 0.000105094
4261 0.000105094
4262 0.000105094
4263 0.000105094
4264 0.000105094
4265 0.000105094
4266 0.000105094
4267 0.000105094
4268 0.000105094
4269 0.000105094
4270 0.000105094
4271 0.000105094
4272 0.000105094
4273 0.000105094
4274 0.000105094
4275 0.000105094
4276 0.000105094
4277 0.000105094
4278 0.000105094
4279 0.000105094
4280 0.000105094
4281 0.000105094
4282 0.000105094
4283 0.000105094
4284 0.000105094
4285 0.000105094
4286 0.000105094
4287 0.000105094
4288 0.000105094
4289 0.000105094
4290 0.000105094
4291 0.000105094
4292 0.000105094
4293 0.000105094
4294 0.000105094
4295 0.000105094
4296 0.000105094
4297 0.000105094
4298 0.000105094
4299 0.000105094
4300 0.000105094
4301 0.000105094
4302 0.000105094
4303 0.000105094
4304 0.000105094
4305 0.000105094
4306 0.000105094
4307 0.000105094
4308 0.000105094
4309 0.000105094
4310 0.000105094
4311 0.000105094
4312 0.000105094
4313 0.000105094
4314 0.000105094
4315 0.000105094
4316 0.000105094
4317 0.000105094
4318 0.000105094
4319 0.000105094
4320 0.000105094
4321 0.000105094
4322 0.000105094
4323 0.000105094
4324 0.000105094
4325 0.000105094
4326 0.000105094
4327 0.000105094
4328 0.000105094
4329 0.000105094
4330 0.000105094
4331 0.000105094
4332 0.000105094
4333 0.000105094
4334 0.000105094
4335 0.000105094
4336 0.000105094
4337 0.000105094
4338 0.000105094
4339 0.000105094
4340 0.000105094
4341 0.000105094
4342 0.000105094
4343 0.000105094
4344 0.000105094
4345 0.000105094
4346 0.000105094
4347 0.000105094
4348 0.000105094
4349 0.000105094
4350 0.000105094
4351 0.000105094
4352 0.000105094
4353 0.000105094
4354 0.000105094
4355 0.000105094
4356 0.000105094
4357 0.000105094
4358 0.000105094
4359 0.000105094
4360 0.000105094
4361 0.000105094
4362 0.000105094
4363 0.000105094
4364 0.000105094
4365 0.000105094
4366 0.000105094
4367 0.000105094
4368 0.000105094
4369 0.000105094
4370 0.000105094
4371 0.000105094
4372 0.000105094
4373 0.000105094
4374 0.000105094
4375 0.000105094
4376 0.000105094
4377 0.000105094
4378 0.000105094
4379 0.000105094
4380 0.000105094
4381 0.000105094
4382 0.000105094
4383 0.000105094
4384 0.000105094
4385 0.000105094
4386 0.000105094
4387 0.000105094
4388 0.000105094
4389 0.000105094
4390 0.000105094
4391 0.000105094
4392 0.000105094
4393 0.000105094
4394 0.000105094
4395 0.000105094
4396 0.000105094
4397 0.000105094
4398 0.000105094
4399 0.000105094
4400 0.000105094
4401 0.000105094
4402 0.000105094
4403 0.000105094
4404 0.000105094
4405 0.000105094
4406 0.000105094
4407 0.000105094
4408 0.000105094
4409 0.000105094
4410 0.000105094
4411 0.000105094
4412 0.000105094
4413 0.000105094
4414 0.000105094
4415 0.000105094
4416 0.000105094
4417 0.000105094
4418 0.000105094
4419 0.000105094
4420 0.000105094
4421 0.000105094
4422 0.000105094
4423 0.000105094
4424 0.000105094
4425 0.000105094
4426 0.000105094
4427 0.000105094
4428 0.000105094
4429 0.000105094
4430 0.000105094
4431 0.000105094
4432 0.000105094
4433 0.000105094
4434 0.000105094
4435 0.000105094
4436 0.000105094
4437 0.000105094
4438 0.000105094
4439 0.000105094
4440 0.000105094
4441 0.000105094
4442 0.000105094
4443 0.000105094
4444 0.000105094
4445 0.000105094
4446 0.000105094
4447 0.000105094
4448 0.000105094
4449 0.000105094
4450 0.000105094
4451 0.000105094
4452 0.000105094
4453 0.000105094
4454 0.000105094
4455 0.000105094
4456 0.000105094
4457 0.000105094
4458 0.000105094
4459 0.000105094
4460 0.000105094
4461 0.000105094
4462 0.000105094
4463 0.000105094
4464 0.000105094
4465 0.000105094
4466 0.000105094
4467 0.000105094
4468 0.000105094
4469 0.000105094
4470 0.000105094
4471 0.000105094
4472 0.000105094
4473 0.000105094
4474 0.000105094
4475 0.000105094
4476 0.000105094
4477 0.000105094
4478 0.000105094
4479 0.000105094
4480 0.000105094
4481 0.000105094
4482 0.000105094
4483 0.000105094
4484 0.000105094
4485 0.000105094
4486 0.000105094
4487 0.000105094
4488 0.000105094
4489 0.000105094
4490 0.000105094
4491 0.000105094
4492 0.000105094
4493 0.000105094
4494 0.000105094
4495 0.000105094
4496 0.000105094
4497 0.000105094
4498 0.000105094
4499 0.000105094
4500 0.000105094
4501 0.000105094
4502 0.000105094
4503 0.000105094
4504 0.000105094
4505 0.000105094
4506 0.000105094
4507 0.000105094
4508 0.000105094
4509 0.000105094
4510 0.000105094
4511 0.000105094
4512 0.000105094
4513 0.000105094
4514 0.000105094
4515 0.000105094
4516 0.000105094
4517 0.000105094
4518 0.000105094
4519 0.000105094
4520 0.000105094
4521 0.000105094
4522 0.000105094
4523 0.000105094
4524 0.000105094
4525 0.000105094
4526 0.000105094
4527 0.000105094
4528 0.000105094
4529 0.000105094
4530 0.000105094
4531 0.000105094
4532 0.000105094
4533 0.000105094
4534 0.000105094
4535 0.000105094
4536 0.000105094
4537 0.000105094
4538 0.000105094
4539 0.000105094
4540 0.000105094
4541 0.000105094
4542 0.000105094
4543 0.000105094
4544 0.000105094
4545 0.000105094
4546 0.000105094
4547 0.000105094
4548 0.000105094
4549 0.000105094
4550 0.000105094
4551 0.000105094
4552 0.000105094
4553 0.000105094
4554 0.000105094
4555 0.000105094
4556 0.000105094
4557 0.000105094
4558 0.000105094
4559 0.000105094
4560 0.000105094
4561 0.000105094
4562 0.000105094
4563 0.000105094
4564 0.000105094
4565 0.000105094
4566 0.000105094
4567 0.000105094
4568 0.000105094
4569 0.000105094
4570 0.000105094
4571 0.000105094
4572 0.000105094
4573 0.000105094
4574 0.000105094
4575 0.000105094
4576 0.000105094
4577 0.000105094
4578 0.000105094
4579 0.000105094
4580 0.000105094
4581 0.000105094
4582 0.000105094
4583 0.000105094
4584 0.000105094
4585 0.000105094
4586 0.000105094
4587 0.000105094
4588 0.000105094
4589 0.000105094
4590 0.000105094
4591 0.000105094
4592 0.000105094
4593 0.000105094
4594 0.000105094
4595 0.000105094
4596 0.000105094
4597 0.000105094
4598 0.000105094
4599 0.000105094
4600 0.000105094
4601 0.000105094
4602 0.000105094
4603 0.000105094
4604 0.000105094
4605 0.000105094
4606 0.000105094
4607 0.000105094
4608 0.000105094
4609 0.000105094
4610 0.000105094
4611 0.000105094
4612 0.000105094
4613 0.000105094
4614 0.000105094
4615 0.000105094
4616 0.000105094
4617 0.000105094
4618 0.000105094
4619 0.000105094
4620 0.000105094
4621 0.000105094
4622 0.000105094
4623 0.000105094
4624 0.000105094
4625 0.000105094
4626 0.000105094
4627 0.000105094
4628 0.000105094
4629 0.000105094
4630 0.000105094
4631 0.000105094
4632 0.000105094
4633 0.000105094
4634 0.000105094
4635 0.000105094
4636 0.000105094
4637 0.000105094
4638 0.000105094
4639 0.000105094
4640 0.000105094
4641 0.000105094
4642 0.000105094
4643 0.000105094
4644 0.000105094
4645 0.000105094
4646 0.000105094
4647 0.000105094
4648 0.000105094
4649 0.000105094
4650 0.000105094
4651 0.000105094
4652 0.000105094
4653 0.000105094
4654 0.000105094
4655 0.000105094
4656 0.000105094
4657 0.000105094
4658 0.000105094
4659 0.000105094
4660 0.000105094
4661 0.000105094
4662 0.000105094
4663 0.000105094
4664 0.000105094
4665 0.000105094
4666 0.000105094
4667 0.000105094
4668 0.000105094
4669 0.000105094
4670 0.000105094
4671 0.000105094
4672 0.000105094
4673 0.000105094
4674 0.000105094
4675 0.000105094
4676 0.000105094
4677 0.000105094
4678 0.000105094
4679 0.000105094
4680 0.000105094
4681 0.000105094
4682 0.000105094
4683 0.000105094
4684 0.000105094
4685 0.000105094
4686 0.000105094
4687 0.000105094
4688 0.000105094
4689 0.000105094
4690 0.000105094
4691 0.000105094
4692 0.000105094
4693 0.000105094
4694 0.000105094
4695 0.000105094
4696 0.000105094
4697 0.000105094
4698 0.000105094
4699 0.000105094
4700 0.000105094
4701 0.000105094
4702 0.000105094
4703 0.000105094
4704 0.000105094
4705 0.000105094
4706 0.000105094
4707 0.000105094
4708 0.000105094
4709 0.000105094
4710 0.000105094
4711 0.000105094
4712 0.000105094
4713 0.000105094
4714 0.000105094
4715 0.000105094
4716 0.000105094
4717 0.000105094
4718 0.000105094
4719 0.000105094
4720 0.000105094
4721 0.000105094
4722 0.000105094
4723 0.000105094
4724 0.000105094
4725 0.000105094
4726 0.000105094
4727 0.000105094
4728 0.000105094
4729 0.000105094
4730 0.000105094
4731 0.000105094
4732 0.000105094
4733 0.000105094
4734 0.000105094
4735 0.000105094
4736 0.000105094
4737 0.000105094
4738 0.000105094
4739 0.000105094
4740 0.000105094
4741 0.000105094
4742 0.000105094
4743 0.000105094
4744 0.000105094
4745 0.000105094
4746 0.000105094
4747 0.000105094
4748 0.000105094
4749 0.000105094
4750 0.000105094
4751 0.000105094
4752 0.000105094
4753 0.000105094
4754 0.000105094
4755 0.000105094
4756 0.000105094
4757 0.000105094
4758 0.000105094
4759 0.000105094
4760 0.000105094
4761 0.000105094
4762 0.000105094
4763 0.000105094
4764 0.000105094
4765 0.000105094
4766 0.000105094
4767 0.000105094
4768 0.000105094
4769 0.000105094
4770 0.000105094
4771 0.000105094
4772 0.000105094
4773 0.000105094
4774 0.000105094
4775 0.000105094
4776 0.000105094
4777 0.000105094
4778 0.000105094
4779 0.000105094
4780 0.000105094
4781 0.000105094
4782 0.000105094
4783 0.000105094
4784 0.000105094
4785 0.000105094
4786 0.000105094
4787 0.000105094
4788 0.000105094
4789 0.000105094
4790 0.000105094
4791 0.000105094
4792 0.000105094
4793 7.00624e-05
4794 7.00624e-05
4795 7.00624e-05
4796 7.00624e-05
4797 7.00624e-05
4798 7.00624e-05
4799 7.00624e-05
4800 7.00624e-05
4801 7.00624e-05
4802 7.00624e-05
4803 7.00624e-05
4804 7.00624e-05
4805 7.00624e-05
4806 7.00624e-05
4807 7.00624e-05
4808 7.00624e-05
4809 7.00624e-05
4810 7.00624e-05
4811 7.00624e-05
4812 7.00624e-05
4813 7.00624e-05
4814 7.00624e-05
4815 7.00624e-05
4816 7.00624e-05
4817 7.00624e-05
4818 7.00624e-05
4819 7.00624e-05
4820 7.00624e-05
4821 7.00624e-05
4822 7.00624e-05
4823 7.00624e-05
4824 7.00624e-05
4825 7.00624e-05
4826 7.00624e-05
4827 7.00624e-05
4828 7.00624e-05
4829 7.00624e-05
4830 7.00624e-05
4831 7.00624e-05
4832 7.00624e-05
4833 7.00624e-05
4834 7.00624e-05
4835 7.00624e-05
4836 7.00624e-05
4837 7.00624e-05
4838 7.00624e-05
4839 7.00624e-05
4840 7.00624e-05
4841 7.00624e-05
4842 7.00624e-05
4843 7.00624e-05
4844 7.00624e-05
4845 7.00624e-05
4846 7.00624e-05
4847 7.00624e-05
4848 7.00624e-05
4849 7.00624e-05
4850 7.00624e-05
4851 7.00624e-05
4852 7.00624e-05
4853 7.00624e-05
4854 7.00624e-05
4855 7.00624e-05
4856 7.00624e-05
4857 7.00624e-05
4858 7.00624e-05
4859 7.00624e-05
4860 7.00624e-05
4861 7.00624e-05
4862 7.00624e-05
4863 7.00624e-05
4864 7.00624e-05
4865 7.00624e-05
4866 7.00624e-05
4867 7.00624e-05
4868 7.00624e-05
4869 7.00624e-05
4870 7.00624e-05
4871 7.00624e-05
4872 7.00624e-05
4873 7.00624e-05
4874 7.00624e-05
4875 7.00624e-05
4876 7.00624e-05
4877 7.00624e-05
4878 7.00624e-05
4879 7.00624e-05
4880 7.00624e-05
4881 7.00624e-05
4882 7.00624e-05
4883 7.00624e-05
4884 7.00624e-05
4885 7.00624e-05
4886 7.00624e-05
4887 7.00624e-05
4888 7.00624e-05
4889 7.00624e-05
4890 7.00624e-05
4891 7.00624e-05
4892 7.00624e-05
4893 7.00624e-05
4894 7.00624e-05
4895 7.00624e-05
4896 7.00624e-05
4897 7.00624e-05
4898 7.00624e-05
4899 7.00624e-05
4900 7.00624e-05
4901 7.00624e-05
4902 7.00624e-05
4903 7.00624e-05
4904 7.00624e-05
4905 7.00624e-05
4906 7.00624e-05
4907 7.00624e-05
4908 7.00624e-05
4909 7.00624e-05
4910 7.00624e-05
4911 7.00624e-05
4912 7.00624e-05
4913 7.00624e-05
4914 7.00624e-05
4915 7.00624e-05
4916 7.00624e-05
4917 7.00624e-05
4918 7.00624e-05
4919 7.00624e-05
4920 7.00624e-05
4921 7.00624e-05
4922 7.00624e-05
4923 7.00624e-05
4924 7.00624e-05
4925 7.00624e-05
4926 7.00624e-05
4927 7.00624e-05
4928 7.00624e-05
4929 7.00624e-05
4930 7.00624e-05
4931 7.00624e-05
4932 7.00624e-05
4933 7.00624e-05
4934 7.00624e-05
4935 7.00624e-05
4936 7.00624e-05
4937 7.00624e-05
4938 7.00624e-05
4939 7.00624e-05
4940 7.00624e-05
4941 7.00624e-05
4942 7.00624e-05
4943 7.00624e-05
4944 7.00624e-05
4945 7.00624e-05
4946 7.00624e-05
4947 7.00624e-05
4948 7.00624e-05
4949 7.00624e-05
4950 7.00624e-05
4951 7.00624e-05
4952 7.00624e-05
4953 7.00624e-05
4954 7.00624e-05
4955 7.00624e-05
4956 7.00624e-05
4957 7.00624e-05
4958 7.00624e-05
4959 7.00624e-05
4960 7.00624e-05
4961 7.00624e-05
4962 7.00624e-05
4963 7.00624e-05
4964 7.00624e-05
4965 7.00624e-05
4966 7.00624e-05
4967 7.00624e-05
4968 7.00624e-05
4969 7.00624e-05
4970 7.00624e-05
4971 7.00624e-05
4972 7.00624e-05
4973 7.00624e-05
4974 7.00624e-05
4975 7.00624e-05
4976 7.00624e-05
4977 7.00624e-05
4978 7.00624e-05
4979 7.00624e-05
4980 7.00624e-05
4981 7.00624e-05
4982 7.00624e-05
4983 7.00624e-05
4984 7.00624e-05
4985 7.00624e-05
4986 7.00624e-05
4987 7.00624e-05
4988 7.00624e-05
4989 7.00624e-05
4990 7.00624e-05
4991 7.00624e-05
4992 7.00624e-05
4993 7.00624e-05
4994 7.00624e-05
4995 7.00624e-05
4996 7.00624e-05
4997 7.00624e-05
4998 7.00624e-05
4999 7.00624e-05
5000 7.00624e-05
5001 7.00624e-05
5002 7.00624e-05
5003 7.00624e-05
5004 7.00624e-05
5005 7.00624e-05
5006 7.00624e-05
5007 7.00624e-05
5008 7.00624e-05
5009 7.00624e-05
5010 7.00624e-05
5011 7.00624e-05
5012 7.00624e-05
5013 7.00624e-05
5014 7.00624e-05
5015 7.00624e-05
5016 7.00624e-05
5017 7.00624e-05
5018 7.00624e-05
5019 7.00624e-05
5020 7.00624e-05
5021 7.00624e-05
5022 7.00624e-05
5023 7.00624e-05
5024 7.00624e-05
5025 7.00624e-05
5026 7.00624e-05
5027 7.00624e-05
5028 7.00624e-05
5029 7.00624e-05
5030 7.00624e-05
5031 7.00624e-05
5032 7.00624e-05
5033 7.00624e-05
5034 7.00624e-05
5035 7.00624e-05
5036 7.00624e-05
5037 7.00624e-05
5038 7.00624e-05
5039 7.00624e-05
5040 7.00624e-05
5041 7.00624e-05
5042 7.00624e-05
5043 7.00624e-05
5044 7.00624e-05
5045 7.00624e-05
5046 7.00624e-05
5047 7.00624e-05
5048 7.00624e-05
5049 7.00624e-05
5050 7.00624e-05
5051 7.00624e-05
5052 7.00624e-05
5053 7.00624e-05
5054 7.00624e-05
5055 7.00624e-05
5056 7.00624e-05
5057 7.00624e-05
5058 7.00624e-05
5059 7.00624e-05
5060 7.00624e-05
5061 7.00624e-05
5062 7.00624e-05
5063 7.00624e-05
5064 7.00624e-05
5065 7.00624e-05
5066 7.00624e-05
5067 7.00624e-05
5068 7.00624e-05
5069 7.00624e-05
5070 7.00624e-05
5071 7.00624e-05
5072 7.00624e-05
5073 7.00624e-05
5074 7.00624e-05
5075 7.00624e-05
5076 7.00624e-05
5077 7.00624e-05
5078 7.00624e-05
5079 7.00624e-05
5080 7.00624e-05
5081 7.00624e-05
5082 7.00624e-05
5083 7.00624e-05
5084 7.00624e-05
5085 7.00624e-05
5086 7.00624e-05
5087 7.00624e-05
5088 7.00624e-05
5089 7.00624e-05
5090 7.00624e-05
5091 7.00624e-05
5092 7.00624e-05
5093 7.00624e-05
5094 7.00624e-05
5095 7.00624e-05
5096 7.00624e-05
5097 7.00624e-05
5098 7.00624e-05
5099 7.00624e-05
5100 7.00624e-05
5101 7.00624e-05
5102 7.00624e-05
5103 7.00624e-05
5104 7.00624e-05
5105 7.00624e-05
5106 7.00624e-05
5107 7.00624e-05
5108 7.00624e-05
5109 7.00624e-05
5110 7.00624e-05
5111 7.00624e-05
5112 7.00624e-05
5113 7.00624e-05
5114 7.00624e-05
5115 7.00624e-05
5116 7.00624e-05
5117 7.00624e-05
5118 7.00624e-05
5119 7.00624e-05
5120 7.00624e-05
5121 7.00624e-05
5122 7.00624e-05
5123 7.00624e-05
5124 7.00624e-05
5125 7.00624e-05
5126 7.00624e-05
5127 7.00624e-05
5128 7.00624e-05
5129 7.00624e-05
5130 7.00624e-05
5131 7.00624e-05
5132 7.00624e-05
5133 7.00624e-05
5134 7.00624e-05
5135 7.00624e-05
5136 7.00624e-05
5137 7.00624e-05
5138 7.00624e-05
5139 7.00624e-05
5140 7.00624e-05
5141 7.00624e-05
5142 7.00624e-05
5143 7.00624e-05
5144 7.00624e-05
5145 7.00624e-05
5146 7.00624e-05
5147 7.00624e-05
5148 7.00624e-05
5149 7.00624e-05
5150 7.00624e-05
5151 7.00624e-05
5152 7.00624e-05
5153 7.00624e-05
5154 7.00624e-05
5155 7.00624e-05
5156 7.00624e-05
5157 7.00624e-05
5158 7.00624e-05
5159 7.00624e-05
5160 7.00624e-05
5161 7.00624e-05
5162 7.00624e-05
5163 7.00624e-05
5164 7.00624e-05
5165 7.00624e-05
5166 7.00624e-05
5167 7.00624e-05
5168 7.00624e-05
5169 3.50312e-05
5170 3.50312e-05
5171 3.50312e-05
5172 3.50312e-05
5173 3.50312e-05
5174 3.50312e-05
5175 3.50312e-05
5176 3.50312e-05
5177 3.50312e-05
5178 3.50312e-05
5179 3.50312e-05
5180 3.50312e-05
5181 3.50312e-05
5182 3.50312e-05
5183 3.50312e-05
5184 3.50312e-05
5185 3.50312e-05
5186 3.50312e-05
5187 3.50312e-05
5188 3.50312e-05
5189 3.50312e-05
5190 3.50312e-05
5191 3.50312e-05
5192 3.50312e-05
5193 3.50312e-05
5194 3.50312e-05
5195 3.50312e-05
5196 3.50312e-05
5197 3.50312e-05
5198 3.50312e-05
5199 3.50312e-05
5200 3.50312e-05
5201 3.50312e-05
5202 3.50312e-05
5203 3.50312e-05
5204 3.50312e-05
5205 3.50312e-05
5206 3.50312e-05
5207 3.50312e-05
5208 3.50312e-05
5209 3.50312e-05
5210 3.50312e-05
5211 3.50312e-05
5212 3.50312e-05
5213 3.50312e-05
5214 3.50312e-05
5215 3.50312e-05
5216 3.50312e-05
5217 3.50312e-05
5218 3.50312e-05
5219 3.50312e-05
5220 3.50312e-05
5221 3.50312e-05
5222 3.50312e-05
5223 3.50312e-05
5224 3.50312e-05
5225 3.50312e-05
5226 3.50312e-05
5227 3.50312e-05
5228 3.50312e-05
5229 3.50312e-05
5230 3.50312e-05
5231 3.50312e-05
5232 3.50312e-05
5233 3.50312e-05
5234 3.50312e-05
5235 3.50312e-05
5236 3.50312e-05
5237 3.50312e-05
5238 3.50312e-05
5239 3.50312e-05
5240 3.50312e-05
5241 3.50312e-05
5242 3.50312e-05
5243 3.50312e-05
5244 3.50312e-05
5245 3.50312e-05
5246 3.50312e-05
5247 3.50312e-05
5248 3.50312e-05
5249 3.50312e-05
5250 3.50312e-05
5251 3.50312e-05
5252 3.50312e-05
5253 3.50312e-05
5254 3.50312e-05
5255 3.50312e-05
5256 3.50312e-05
5257 3.50312e-05
5258 3.50312e-05
5259 3.50312e-05
5260 3.50312e-05
5261 3.50312e-05
5262 3.50312e-05
5263 3.50312e-05
5264 3.50312e-05
5265 3.50312e-05
5266 3.50312e-05
5267 3.50312e-05
5268 3.50312e-05
5269 3.50312e-05
5270 3.50312e-05
5271 3.50312e-05
5272 3.50312e-05
5273 3.50312e-05
5274 3.50312e-05
5275 3.50312e-05
5276 3.50312e-05
5277 3.50312e-05
5278 3.50312e-05
5279 3.50312e-05
5280 3.50312e-05
5281 3.50312e-05
5282 3.50312e-05
5283 3.50312e-05
5284 3.50312e-05
5285 3.50312e-05
5286 3.50312e-05
5287 3.50312e-05
5288 3.50312e-05
5289 3.50312e-05
5290 3.50312e-05
5291 3.50312e-05
5292 3.50312e-05
5293 3.50312e-05
5294 3.50312e-05
5295 3.50312e-05
5296 3.50312e-05
5297 3.50312e-05
5298 3.50312e-05
5299 3.50312e-05
5300 3.50312e-05
5301 3.50312e-05
5302 3.50312e-05
5303 3.50312e-05
5304 3.50312e-05
5305 3.50312e-05
5306 3.50312e-05
5307 3.50312e-05
5308 3.50312e-05
5309 3.50312e-05
5310 3.50312e-05
5311 3.50312e-05
5312 3.50312e-05
5313 3.50312e-05
5314 3.50312e-05
5315 3.50312e-05
5316 3.50312e-05
5317 3.50312e-05
5318 3.50312e-05
5319 3.50312e-05
5320 3.50312e-05
5321 3.50312e-05
5322 3.50312e-05
5323 3.50312e-05
5324 3.50312e-05
5325 3.50312e-05
5326 3.50312e-05
5327 3.50312e-05
5328 3.50312e-05
5329 3.50312e-05
5330 3.50312e-05
5331 3.50312e-05
5332 3.50312e-05
5333 3.50312e-05
5334 3.50312e-05
5335 3.50312e-05
5336 3.50312e-05
5337 3.50312e-05
5338 3.50312e-05
5339 3.50312e-05
5340 3.50312e-05
5341 3.50312e-05
5342 3.50312e-05
5343 3.50312e-05
5344 3.50312e-05
5345 3.50312e-05
5346 3.50312e-05
5347 3.50312e-05
5348 3.50312e-05
5349 3.50312e-05
5350 3.50312e-05
5351 3.50312e-05
5352 3.50312e-05
5353 3.50312e-05
5354 3.50312e-05
5355 3.50312e-05
5356 3.50312e-05
5357 3.50312e-05
5358 3.50312e-05
5359 3.50312e-05
5360 3.50312e-05
5361 3.50312e-05
5362 3.50312e-05
5363 3.50312e-05
5364 3.50312e-05
5365 3.50312e-05
5366 3.50312e-05
5367 3.50312e-05
5368 3.50312e-05
5369 3.50312e-05
5370 3.50312e-05
5371 3.50312e-05
5372 3.50312e-05
5373 3.50312e-05
5374 3.50312e-05
5375 3.50312e-05
5376 3.50312e-05
5377 3.50312e-05
5378 3.50312e-05
5379 3.50312e-05
5380 3.50312e-05
5381 3.50312e-05
5382 3.50312e-05
5383 3.50312e-05
5384 3.50312e-05
5385 3.50312e-05
5386 3.50312e-05
5387 3.50312e-05
5388 3.50312e-05
5389 3.50312e-05
5390 3.50312e-05
5391 3.50312e-05
5392 3.50312e-05
5393 3.50312e-05
5394 3.50312e-05
5395 3.50312e-05
5396 3.50312e-05
5397 3.50312e-05
5398 3.50312e-05
5399 3.50312e-05
5400 3.50312e-05
5401 3.50312e-05
5402 3.50312e-05
5403 3.50312e-05
5404 3.50312e-05
5405 3.50312e-05
5406 3.50312e-05
5407 3.50312e-05
5408 3.50312e-05
5409 3.50312e-05
5410 3.50312e-05
5411 3.50312e-05
5412 3.50312e-05
5413 3.50312e-05
5414 3.50312e-05
5415 3.50312e-05
5416 3.50312e-05
5417 3.50312e-05
5418 3.50312e-05
5419 3.50312e-05
5420 3.50312e-05
5421 3.50312e-05
5422 3.50312e-05
5423 3.50312e-05
5424 3.50312e-05
5425 3.50312e-05
5426 3.50312e-05
5427 3.50312e-05
5428 3.50312e-05
5429 3.50312e-05
5430 3.50312e-05
5431 3.50312e-05
5432 3.50312e-05
5433 3.50312e-05
5434 3.50312e-05
5435 3.50312e-05
5436 3.50312e-05
5437 3.50312e-05
5438 3.50312e-05
5439 3.50312e-05
5440 3.50312e-05
5441 3.50312e-05
5442 3.50312e-05
5443 3.50312e-05
5444 3.50312e-05
5445 3.50312e-05
5446 3.50312e-05
5447 3.50312e-05
5448 3.50312e-05
5449 3.50312e-05
5450 3.50312e-05
5451 3.50312e-05
5452 3.50312e-05
5453 3.50312e-05
5454 3.50312e-05
5455 3.50312e-05
5456 3.50312e-05
5457 3.50312e-05
5458 3.50312e-05
5459 3.50312e-05
5460 3.50312e-05
5461 3.50312e-05
5462 3.50312e-05
5463 3.50312e-05
5464 3.50312e-05
5465 3.50312e-05
5466 3.50312e-05
5467 3.50312e-05
5468 3.50312e-05
5469 3.50312e-05
5470 3.50312e-05
5471 3.50312e-05
5472 3.50312e-05
5473 3.50312e-05
5474 3.50312e-05
5475 3.50312e-05
5476 3.50312e-05
5477 3.50312e-05
5478 3.50312e-05
5479 3.50312e-05
5480 3.50312e-05
5481 3.50312e-05
5482 3.50312e-05
5483 3.50312e-05
5484 3.50312e-05
5485 3.50312e-05
5486 3.50312e-05
5487 3.50312e-05
5488 3.50312e-05
5489 3.50312e-05
5490 3.50312e-05
5491 3.50312e-05
5492 3.50312e-05
5493 3.50312e-05
5494 3.50312e-05
5495 3.50312e-05
5496 3.50312e-05
5497 3.50312e-05
5498 3.50312e-05
5499 3.50312e-05
5500 3.50312e-05
5501 3.50312e-05
5502 3.50312e-05
5503 3.50312e-05
5504 3.50312e-05
5505 3.50312e-05
5506 3.50312e-05
5507 3.50312e-05
5508 3.50312e-05
5509 3.50312e-05
5510 3.50312e-05
5511 3.50312e-05
5512 3.50312e-05
5513 3.50312e-05
5514 3.50312e-05
5515 3.50312e-05
5516 3.50312e-05
5517 3.50312e-05
5518 3.50312e-05
5519 3.50312e-05
5520 3.50312e-05
5521 3.50312e-05
5522 3.50312e-05
5523 3.50312e-05
5524 3.50312e-05
5525 3.50312e-05
5526 3.50312e-05
5527 3.50312e-05
5528 3.50312e-05
5529 3.50312e-05
5530 3.50312e-05
5531 3.50312e-05
5532 3.50312e-05
5533 3.50312e-05
5534 3.50312e-05
5535 3.50312e-05
5536 3.50312e-05
