0 1
1 1
2 1
3 1
4 1
5 1
6 1
7 1
8 1
9 1
10 1
11 1
12 1
13 1
14 1
15 1
16 1
17 1
18 1
19 1
20 1
21 1
22 1
23 0.999668
24 0.999668
25 0.999668
26 0.999668
27 0.999668
28 0.999668
29 0.999668
30 0.999668
31 0.999336
32 0.999336
33 0.999336
34 0.999336
35 0.999336
36 0.999336
37 0.999336
38 0.999336
39 0.999336
40 0.999336
41 0.91794
42 0.91794
43 0.91794
44 0.91794
45 0.91794
46 0.91794
47 0.91794
48 0.91794
49 0.836877
50 0.836877
51 0.836877
52 0.836877
53 0.836877
54 0.836877
55 0.836877
56 0.836877
57 0.763455
58 0.763455
59 0.763455
60 0.763455
61 0.763455
62 0.763455
63 0.763123
64 0.763123
65 0.697342
66 0.697342
67 0.697342
68 0.697342
69 0.697342
70 0.697342
71 0.69701
72 0.69701
73 0.625581
74 0.625581
75 0.625581
76 0.625581
77 0.625581
78 0.625581
79 0.625249
80 0.625249
81 0.565116
82 0.565116
83 0.565116
84 0.565116
85 0.565116
86 0.565116
87 0.564784
88 0.564784
89 0.513289
90 0.513289
91 0.513289
92 0.513289
93 0.513289
94 0.513289
95 0.513289
96 0.513289
97 0.457475
98 0.457475
99 0.457475
100 0.457475
101 0.457475
102 0.457475
103 0.457475
104 0.457475
105 0.414286
106 0.414286
107 0.414286
108 0.414286
109 0.414286
110 0.414286
111 0.414286
112 0.414286
113 0.372757
114 0.372757
115 0.372757
116 0.372757
117 0.372757
118 0.372757
119 0.372757
120 0.372757
121 0.333887
122 0.333887
123 0.333887
124 0.333887
125 0.333887
126 0.333887
127 0.333887
128 0.333887
129 0.297674
130 0.297674
131 0.297674
132 0.297674
133 0.297674
134 0.297674
135 0.297674
136 0.297674
137 0.268106
138 0.268106
139 0.268106
140 0.268106
141 0.268106
142 0.268106
143 0.268106
144 0.268106
145 0.243854
146 0.243854
147 0.243854
148 0.243854
149 0.243854
150 0.243854
151 0.243854
152 0.243854
153 0.218272
154 0.218272
155 0.218272
156 0.218272
157 0.218272
158 0.218272
159 0.218272
160 0.218272
161 0.191694
162 0.191694
163 0.191694
164 0.191694
165 0.191694
166 0.191694
167 0.191694
168 0.191694
169 0.176744
170 0.176744
171 0.176744
172 0.176744
173 0.176744
174 0.176744
175 0.176744
176 0.176744
177 0.161462
178 0.161462
179 0.161462
180 0.161462
181 0.161462
182 0.161462
183 0.161462
184 0.161462
185 0.146179
186 0.146179
187 0.146179
188 0.146179
189 0.146179
190 0.146179
191 0.146179
192 0.146179
193 0.134884
194 0.134884
195 0.134884
196 0.134884
197 0.134884
198 0.134884
199 0.134884
200 0.134884
201 0.122591
202 0.122591
203 0.122591
204 0.122591
205 0.122591
206 0.122591
207 0.122591
208 0.122591
209 0.115282
210 0.115282
211 0.115282
212 0.115282
213 0.115282
214 0.115282
215 0.115282
216 0.115282
217 0.106645
218 0.106645
219 0.106645
220 0.106645
221 0.106645
222 0.106645
223 0.106645
224 0.106645
225 0.1
226 0.1
227 0.1
228 0.1
229 0.1
230 0.1
231 0.1
232 0.1
233 0.0910299
234 0.0910299
235 0.0910299
236 0.0910299
237 0.0910299
238 0.0910299
239 0.0910299
240 0.0910299
241 0.0827243
242 0.0827243
243 0.0827243
244 0.0827243
245 0.0827243
246 0.0827243
247 0.0827243
248 0.0827243
249 0.0770764
250 0.0770764
251 0.0770764
252 0.0770764
253 0.0770764
254 0.0770764
255 0.0770764
256 0.0770764
257 0.0717608
258 0.0717608
259 0.0717608
260 0.0717608
261 0.0717608
262 0.0717608
263 0.0717608
264 0.0717608
265 0.0667774
266 0.0667774
267 0.0667774
268 0.0667774
269 0.0667774
270 0.0667774
271 0.0667774
272 0.0667774
273 0.0624585
274 0.0624585
275 0.0624585
276 0.0624585
277 0.0624585
278 0.0624585
279 0.0624585
280 0.0624585
281 0.0581395
282 0.0581395
283 0.0581395
284 0.0581395
285 0.0581395
286 0.0581395
287 0.0581395
288 0.0581395
289 0.0524917
290 0.0524917
291 0.0524917
292 0.0524917
293 0.0524917
294 0.0524917
295 0.0524917
296 0.0524917
297 0.0508306
298 0.0508306
299 0.0508306
300 0.0508306
301 0.0508306
302 0.0508306
303 0.0508306
304 0.0508306
305 0.0448505
306 0.0448505
307 0.0448505
308 0.0448505
309 0.0448505
310 0.0448505
311 0.0448505
312 0.0448505
313 0.0425249
314 0.0425249
315 0.0425249
316 0.0425249
317 0.0425249
318 0.0425249
319 0.0425249
320 0.0425249
321 0.0405316
322 0.0405316
323 0.0405316
324 0.0405316
325 0.0405316
326 0.0405316
327 0.0405316
328 0.0405316
329 0.0365449
330 0.0365449
331 0.0365449
332 0.0365449
333 0.0365449
334 0.0365449
335 0.0365449
336 0.0365449
337 0.0352159
338 0.0352159
339 0.0352159
340 0.0352159
341 0.0352159
342 0.0352159
343 0.0352159
344 0.0352159
345 0.0328904
346 0.0328904
347 0.0328904
348 0.0328904
349 0.0328904
350 0.0328904
351 0.0328904
352 0.0328904
353 0.0312292
354 0.0312292
355 0.0312292
356 0.0312292
357 0.0312292
358 0.0312292
359 0.0312292
360 0.0312292
361 0.0289037
362 0.0289037
363 0.0289037
364 0.0289037
365 0.0289037
366 0.0289037
367 0.0289037
368 0.0289037
369 0.0269103
370 0.0269103
371 0.0269103
372 0.0269103
373 0.0269103
374 0.0269103
375 0.0269103
376 0.0269103
377 0.0249169
378 0.0249169
379 0.0249169
380 0.0249169
381 0.0249169
382 0.0249169
383 0.0249169
384 0.0249169
385 0.0242525
386 0.0242525
387 0.0242525
388 0.0242525
389 0.0242525
390 0.0242525
391 0.0242525
392 0.0242525
393 0.0215947
394 0.0215947
395 0.0215947
396 0.0215947
397 0.0215947
398 0.0215947
399 0.0215947
400 0.0215947
401 0.0209302
402 0.0209302
403 0.0209302
404 0.0209302
405 0.0209302
406 0.0209302
407 0.0209302
408 0.0209302
409 0.0202658
410 0.0202658
411 0.0202658
412 0.0202658
413 0.0202658
414 0.0202658
415 0.0202658
416 0.0202658
417 0.0192691
418 0.0192691
419 0.0192691
420 0.0192691
421 0.0192691
422 0.0192691
423 0.0192691
424 0.0192691
425 0.0189369
426 0.0189369
427 0.0189369
428 0.0189369
429 0.0189369
430 0.0189369
431 0.0189369
432 0.0189369
433 0.017608
434 0.017608
435 0.017608
436 0.017608
437 0.017608
438 0.017608
439 0.017608
440 0.017608
441 0.0172757
442 0.0172757
443 0.0172757
444 0.0172757
445 0.0172757
446 0.0172757
447 0.0172757
448 0.0172757
449 0.0156146
450 0.0156146
451 0.0156146
452 0.0156146
453 0.0156146
454 0.0156146
455 0.0156146
456 0.0156146
457 0.0142857
458 0.0142857
459 0.0142857
460 0.0142857
461 0.0142857
462 0.0142857
463 0.0142857
464 0.0142857
465 0.0136213
466 0.0136213
467 0.0136213
468 0.0136213
469 0.0136213
470 0.0136213
471 0.0136213
472 0.0136213
473 0.0126246
474 0.0126246
475 0.0126246
476 0.0126246
477 0.0126246
478 0.0126246
479 0.0126246
480 0.0126246
481 0.0119601
482 0.0119601
483 0.0119601
484 0.0119601
485 0.0119601
486 0.0119601
487 0.0116279
488 0.0116279
489 0.0116279
490 0.0116279
491 0.0116279
492 0.0116279
493 0.0116279
494 0.0116279
495 0.0116279
496 0.0116279
497 0.0116279
498 0.0116279
499 0.0116279
500 0.0116279
501 0.0116279
502 0.0116279
503 0.0116279
504 0.0116279
505 0.0112957
506 0.0112957
507 0.0112957
508 0.0112957
509 0.0112957
510 0.0112957
511 0.0112957
512 0.0112957
513 0.0106312
514 0.0106312
515 0.0106312
516 0.0106312
517 0.0106312
518 0.0106312
519 0.0106312
520 0.0106312
521 0.00996678
522 0.00996678
523 0.00996678
524 0.00996678
525 0.00996678
526 0.00996678
527 0.00996678
528 0.00996678
529 0.0089701
530 0.0089701
531 0.0089701
532 0.0089701
533 0.0089701
534 0.0089701
535 0.0089701
536 0.0089701
537 0.00863787
538 0.00863787
539 0.00863787
540 0.00863787
541 0.00863787
542 0.00863787
543 0.00863787
544 0.00863787
545 0.00730897
546 0.00730897
547 0.00730897
548 0.00730897
549 0.00730897
550 0.00730897
551 0.00730897
552 0.00730897
553 0.00697674
554 0.00697674
555 0.00697674
556 0.00697674
557 0.00697674
558 0.00697674
559 0.00697674
560 0.00697674
561 0.00697674
562 0.00697674
563 0.00697674
564 0.00697674
565 0.00697674
566 0.00697674
567 0.00697674
568 0.00697674
569 0.00697674
570 0.00697674
571 0.00697674
572 0.00697674
573 0.00697674
574 0.00697674
575 0.00697674
576 0.00697674
577 0.00631229
578 0.00631229
579 0.00631229
580 0.00631229
581 0.00631229
582 0.00631229
583 0.00631229
584 0.00631229
585 0.00631229
586 0.00631229
587 0.00631229
588 0.00631229
589 0.00631229
590 0.00631229
591 0.00631229
592 0.00631229
593 0.00531561
594 0.00531561
595 0.00531561
596 0.00531561
597 0.00531561
598 0.00531561
599 0.00531561
600 0.00531561
601 0.00531561
602 0.00531561
603 0.00531561
604 0.00531561
605 0.00531561
606 0.00531561
607 0.00531561
608 0.00531561
609 0.00531561
610 0.00531561
611 0.00531561
612 0.00531561
613 0.00531561
614 0.00531561
615 0.00531561
616 0.00531561
617 0.00531561
618 0.00531561
619 0.00531561
620 0.00531561
621 0.00531561
622 0.00531561
623 0.00531561
624 0.00531561
625 0.00498339
626 0.00498339
627 0.00498339
628 0.00498339
629 0.00498339
630 0.00498339
631 0.00498339
632 0.00498339
633 0.00465116
634 0.00465116
635 0.00465116
636 0.00465116
637 0.00465116
638 0.00465116
639 0.00465116
640 0.00465116
641 0.00431894
642 0.00431894
643 0.00431894
644 0.00431894
645 0.00431894
646 0.00431894
647 0.00431894
648 0.00431894
649 0.00431894
650 0.00431894
651 0.00431894
652 0.00431894
653 0.00431894
654 0.00431894
655 0.00431894
656 0.00431894
657 0.00398671
658 0.00398671
659 0.00398671
660 0.00398671
661 0.00398671
662 0.00398671
663 0.00398671
664 0.00398671
665 0.00365449
666 0.00365449
667 0.00365449
668 0.00365449
669 0.00365449
670 0.00365449
671 0.00365449
672 0.00365449
673 0.00332226
674 0.00332226
675 0.00332226
676 0.00332226
677 0.00332226
678 0.00332226
679 0.00332226
680 0.00332226
681 0.00299003
682 0.00299003
683 0.00299003
684 0.00299003
685 0.00299003
686 0.00299003
687 0.00299003
688 0.00299003
689 0.00299003
690 0.00299003
691 0.00299003
692 0.00299003
693 0.00299003
694 0.00299003
695 0.00299003
696 0.00299003
697 0.00265781
698 0.00265781
699 0.00265781
700 0.00265781
701 0.00265781
702 0.00265781
703 0.00265781
704 0.00265781
705 0.00265781
706 0.00265781
707 0.00265781
708 0.00265781
709 0.00265781
710 0.00265781
711 0.00265781
712 0.00265781
713 0.00265781
714 0.00265781
715 0.00265781
716 0.00265781
717 0.00265781
718 0.00265781
719 0.00265781
720 0.00265781
721 0.00265781
722 0.00265781
723 0.00265781
724 0.00265781
725 0.00265781
726 0.00265781
727 0.00265781
728 0.00265781
729 0.00265781
730 0.00265781
731 0.00265781
732 0.00265781
733 0.00265781
734 0.00265781
735 0.00265781
736 0.00265781
737 0.00265781
738 0.00265781
739 0.00265781
740 0.00265781
741 0.00265781
742 0.00265781
743 0.00265781
744 0.00265781
745 0.00232558
746 0.00232558
747 0.00232558
748 0.00232558
749 0.00232558
750 0.00232558
751 0.00232558
752 0.00232558
753 0.00199336
754 0.00199336
755 0.00199336
756 0.00199336
757 0.00199336
758 0.00199336
759 0.00199336
760 0.00199336
761 0.00199336
762 0.00199336
763 0.00199336
764 0.00199336
765 0.00199336
766 0.00199336
767 0.00199336
768 0.00199336
769 0.00199336
770 0.00199336
771 0.00199336
772 0.00199336
773 0.00199336
774 0.00199336
775 0.00199336
776 0.00199336
777 0.00166113
778 0.00166113
779 0.00166113
780 0.00166113
781 0.00166113
782 0.00166113
783 0.00166113
784 0.00166113
785 0.00166113
786 0.00166113
787 0.00166113
788 0.00166113
789 0.00166113
790 0.00166113
791 0.00166113
792 0.00166113
793 0.00166113
794 0.00166113
795 0.00166113
796 0.00166113
797 0.00166113
798 0.00166113
799 0.00166113
800 0.00166113
801 0.00166113
802 0.00166113
803 0.00166113
804 0.00166113
805 0.00166113
806 0.00166113
807 0.00166113
808 0.00166113
809 0.00166113
810 0.00166113
811 0.00166113
812 0.00166113
813 0.00166113
814 0.00166113
815 0.00166113
816 0.00166113
817 0.00166113
818 0.00166113
819 0.00166113
820 0.00166113
821 0.00166113
822 0.00166113
823 0.00166113
824 0.00166113
825 0.0013289
826 0.0013289
827 0.0013289
828 0.0013289
829 0.0013289
830 0.0013289
831 0.0013289
832 0.0013289
833 0.0013289
834 0.0013289
835 0.0013289
836 0.0013289
837 0.0013289
838 0.0013289
839 0.0013289
840 0.0013289
841 0.0013289
842 0.0013289
843 0.0013289
844 0.0013289
845 0.0013289
846 0.0013289
847 0.0013289
848 0.0013289
849 0.0013289
850 0.0013289
851 0.0013289
852 0.0013289
853 0.0013289
854 0.0013289
855 0.0013289
856 0.0013289
857 0.0013289
858 0.0013289
859 0.0013289
860 0.0013289
861 0.0013289
862 0.0013289
863 0.0013289
864 0.0013289
865 0.0013289
866 0.0013289
867 0.0013289
868 0.0013289
869 0.0013289
870 0.0013289
871 0.0013289
872 0.0013289
873 0.0013289
874 0.0013289
875 0.0013289
876 0.0013289
877 0.0013289
878 0.0013289
879 0.0013289
880 0.0013289
881 0.0013289
882 0.0013289
883 0.0013289
884 0.0013289
885 0.0013289
886 0.0013289
887 0.0013289
888 0.0013289
889 0.0013289
890 0.0013289
891 0.0013289
892 0.0013289
893 0.0013289
894 0.0013289
895 0.0013289
896 0.0013289
897 0.0013289
898 0.0013289
899 0.0013289
900 0.0013289
901 0.0013289
902 0.0013289
903 0.0013289
904 0.0013289
905 0.0013289
906 0.0013289
907 0.0013289
908 0.0013289
909 0.0013289
910 0.0013289
911 0.0013289
912 0.0013289
913 0.0013289
914 0.0013289
915 0.0013289
916 0.0013289
917 0.0013289
918 0.0013289
919 0.0013289
920 0.0013289
921 0.0013289
922 0.0013289
923 0.0013289
924 0.0013289
925 0.0013289
926 0.0013289
927 0.0013289
928 0.0013289
929 0.0013289
930 0.0013289
931 0.0013289
932 0.0013289
933 0.0013289
934 0.0013289
935 0.0013289
936 0.0013289
937 0.0013289
938 0.0013289
939 0.0013289
940 0.0013289
941 0.0013289
942 0.0013289
943 0.0013289
944 0.0013289
945 0.000996678
946 0.000996678
947 0.000996678
948 0.000996678
949 0.000996678
950 0.000996678
951 0.000996678
952 0.000996678
953 0.000996678
954 0.000996678
955 0.000996678
956 0.000996678
957 0.000996678
958 0.000996678
959 0.000996678
960 0.000996678
961 0.000996678
962 0.000996678
963 0.000996678
964 0.000996678
965 0.000996678
966 0.000996678
967 0.000996678
968 0.000996678
969 0.000996678
970 0.000996678
971 0.000996678
972 0.000996678
973 0.000996678
974 0.000996678
975 0.000996678
976 0.000996678
977 0.000996678
978 0.000996678
979 0.000996678
980 0.000996678
981 0.000996678
982 0.000996678
983 0.000996678
984 0.000996678
985 0.000996678
986 0.000996678
987 0.000996678
988 0.000996678
989 0.000996678
990 0.000996678
991 0.000996678
992 0.000996678
993 0.000996678
994 0.000996678
995 0.000996678
996 0.000996678
997 0.000996678
998 0.000996678
999 0.000996678
1000 0.000996678
1001 0.000996678
1002 0.000996678
1003 0.000996678
1004 0.000996678
1005 0.000996678
1006 0.000996678
1007 0.000996678
1008 0.000996678
1009 0.000996678
1010 0.000996678
1011 0.000996678
1012 0.000996678
1013 0.000996678
1014 0.000996678
1015 0.000996678
1016 0.000996678
1017 0.000996678
1018 0.000996678
1019 0.000996678
1020 0.000996678
1021 0.000996678
1022 0.000996678
1023 0.000996678
1024 0.000996678
1025 0.000996678
1026 0.000996678
1027 0.000996678
1028 0.000996678
1029 0.000996678
1030 0.000996678
1031 0.000996678
1032 0.000996678
1033 0.000664452
1034 0.000664452
1035 0.000664452
1036 0.000664452
1037 0.000664452
1038 0.000664452
1039 0.000664452
1040 0.000664452
1041 0.000664452
1042 0.000664452
1043 0.000664452
1044 0.000664452
1045 0.000664452
1046 0.000664452
1047 0.000664452
1048 0.000664452
1049 0.000664452
1050 0.000664452
1051 0.000664452
1052 0.000664452
1053 0.000664452
1054 0.000664452
1055 0.000664452
1056 0.000664452
1057 0.000664452
1058 0.000664452
1059 0.000664452
1060 0.000664452
1061 0.000664452
1062 0.000664452
1063 0.000664452
1064 0.000664452
1065 0.000664452
1066 0.000664452
1067 0.000664452
1068 0.000664452
1069 0.000664452
1070 0.000664452
1071 0.000664452
1072 0.000664452
1073 0.000664452
1074 0.000664452
1075 0.000664452
1076 0.000664452
1077 0.000664452
1078 0.000664452
1079 0.000664452
1080 0.000664452
1081 0.000664452
1082 0.000664452
1083 0.000664452
1084 0.000664452
1085 0.000664452
1086 0.000664452
1087 0.000664452
1088 0.000664452
1089 0.000664452
1090 0.000664452
1091 0.000664452
1092 0.000664452
1093 0.000664452
1094 0.000664452
1095 0.000664452
1096 0.000664452
1097 0.000664452
1098 0.000664452
1099 0.000664452
1100 0.000664452
1101 0.000664452
1102 0.000664452
1103 0.000664452
1104 0.000664452
1105 0.000664452
1106 0.000664452
1107 0.000664452
1108 0.000664452
1109 0.000664452
1110 0.000664452
1111 0.000664452
1112 0.000664452
1113 0.000664452
1114 0.000664452
1115 0.000664452
1116 0.000664452
1117 0.000664452
1118 0.000664452
1119 0.000664452
1120 0.000664452
1121 0.000664452
1122 0.000664452
1123 0.000664452
1124 0.000664452
1125 0.000664452
1126 0.000664452
1127 0.000664452
1128 0.000664452
1129 0.000664452
1130 0.000664452
1131 0.000664452
1132 0.000664452
1133 0.000664452
1134 0.000664452
1135 0.000664452
1136 0.000664452
1137 0.000664452
1138 0.000664452
1139 0.000664452
1140 0.000664452
1141 0.000664452
1142 0.000664452
1143 0.000664452
1144 0.000664452
1145 0.000664452
1146 0.000664452
1147 0.000664452
1148 0.000664452
1149 0.000664452
1150 0.000664452
1151 0.000664452
1152 0.000664452
1153 0.000664452
1154 0.000664452
1155 0.000664452
1156 0.000664452
1157 0.000664452
1158 0.000664452
1159 0.000664452
1160 0.000664452
1161 0.000664452
1162 0.000664452
1163 0.000664452
1164 0.000664452
1165 0.000664452
1166 0.000664452
1167 0.000664452
1168 0.000664452
1169 0.000664452
1170 0.000664452
1171 0.000664452
1172 0.000664452
1173 0.000664452
1174 0.000664452
1175 0.000664452
1176 0.000664452
1177 0.000664452
1178 0.000664452
1179 0.000664452
1180 0.000664452
1181 0.000664452
1182 0.000664452
1183 0.000664452
1184 0.000664452
1185 0.000664452
1186 0.000664452
1187 0.000664452
1188 0.000664452
1189 0.000664452
1190 0.000664452
1191 0.000664452
1192 0.000664452
1193 0.000664452
1194 0.000664452
1195 0.000664452
1196 0.000664452
1197 0.000664452
1198 0.000664452
1199 0.000664452
1200 0.000664452
1201 0.000664452
1202 0.000664452
1203 0.000664452
1204 0.000664452
1205 0.000664452
1206 0.000664452
1207 0.000664452
1208 0.000664452
1209 0.000664452
1210 0.000664452
1211 0.000664452
1212 0.000664452
1213 0.000664452
1214 0.000664452
1215 0.000664452
1216 0.000664452
1217 0.000664452
1218 0.000664452
1219 0.000664452
1220 0.000664452
1221 0.000664452
1222 0.000664452
1223 0.000664452
1224 0.000664452
1225 0.000664452
1226 0.000664452
1227 0.000664452
1228 0.000664452
1229 0.000664452
1230 0.000664452
1231 0.000664452
1232 0.000664452
1233 0.000664452
1234 0.000664452
1235 0.000664452
1236 0.000664452
1237 0.000664452
1238 0.000664452
1239 0.000664452
1240 0.000664452
1241 0.000664452
1242 0.000664452
1243 0.000664452
1244 0.000664452
1245 0.000664452
1246 0.000664452
1247 0.000664452
1248 0.000664452
1249 0.000664452
1250 0.000664452
1251 0.000664452
1252 0.000664452
1253 0.000664452
1254 0.000664452
1255 0.000664452
1256 0.000664452
1257 0.000664452
1258 0.000664452
1259 0.000664452
1260 0.000664452
1261 0.000664452
1262 0.000664452
1263 0.000664452
1264 0.000664452
1265 0.000664452
1266 0.000664452
1267 0.000664452
1268 0.000664452
1269 0.000664452
1270 0.000664452
1271 0.000664452
1272 0.000664452
1273 0.000664452
1274 0.000664452
1275 0.000664452
1276 0.000664452
1277 0.000664452
1278 0.000664452
1279 0.000664452
1280 0.000664452
1281 0.000664452
1282 0.000664452
1283 0.000664452
1284 0.000664452
1285 0.000664452
1286 0.000664452
1287 0.000664452
1288 0.000664452
1289 0.000664452
1290 0.000664452
1291 0.000664452
1292 0.000664452
1293 0.000664452
1294 0.000664452
1295 0.000664452
1296 0.000664452
1297 0.000664452
1298 0.000664452
1299 0.000664452
1300 0.000664452
1301 0.000664452
1302 0.000664452
1303 0.000664452
1304 0.000664452
1305 0.000664452
1306 0.000664452
1307 0.000664452
1308 0.000664452
1309 0.000664452
1310 0.000664452
1311 0.000664452
1312 0.000664452
1313 0.000332226
1314 0.000332226
1315 0.000332226
1316 0.000332226
1317 0.000332226
1318 0.000332226
1319 0.000332226
1320 0.000332226
1321 0.000332226
1322 0.000332226
1323 0.000332226
1324 0.000332226
1325 0.000332226
1326 0.000332226
1327 0.000332226
1328 0.000332226
