0 1
1 1
2 1
3 1
4 1
5 1
6 1
7 1
8 1
9 1
10 1
11 1
12 1
13 1
14 1
15 1
16 1
17 1
18 1
19 1
20 1
21 1
22 1
23 1
24 1
25 1
26 1
27 1
28 1
29 1
30 1
31 0.999964
32 0.999964
33 0.999964
34 0.999964
35 0.999964
36 0.999964
37 0.999964
38 0.999964
39 0.999928
40 0.999928
41 0.987088
42 0.987088
43 0.987088
44 0.987088
45 0.987088
46 0.987088
47 0.987017
48 0.987017
49 0.976257
50 0.976257
51 0.976257
52 0.976257
53 0.976257
54 0.976257
55 0.976114
56 0.976114
57 0.966932
58 0.966932
59 0.966932
60 0.966932
61 0.966932
62 0.966932
63 0.966932
64 0.966932
65 0.956782
66 0.956782
67 0.956782
68 0.956782
69 0.956782
70 0.956782
71 0.956675
72 0.956675
73 0.948318
74 0.948318
75 0.948318
76 0.948318
77 0.948318
78 0.948318
79 0.948282
80 0.948282
81 0.938598
82 0.938598
83 0.938598
84 0.938598
85 0.938598
86 0.938598
87 0.938563
88 0.938563
89 0.929811
90 0.929811
91 0.929811
92 0.929811
93 0.929811
94 0.929811
95 0.929632
96 0.929632
97 0.921132
98 0.921132
99 0.921132
100 0.921132
101 0.921132
102 0.921132
103 0.921132
104 0.921132
105 0.910874
106 0.910874
107 0.910874
108 0.910874
109 0.910874
110 0.910874
111 0.910803
112 0.910803
113 0.901011
114 0.901011
115 0.901011
116 0.901011
117 0.901011
118 0.901011
119 0.90094
120 0.90094
121 0.89018
122 0.89018
123 0.89018
124 0.89018
125 0.89018
126 0.89018
127 0.890144
128 0.890144
129 0.879026
130 0.879026
131 0.879026
132 0.879026
133 0.879026
134 0.879026
135 0.878847
136 0.878847
137 0.867657
138 0.867657
139 0.867657
140 0.867657
141 0.867657
142 0.867657
143 0.867585
144 0.867585
145 0.856538
146 0.856538
147 0.856538
148 0.856538
149 0.856538
150 0.856538
151 0.856431
152 0.856431
153 0.846245
154 0.846245
155 0.846245
156 0.846245
157 0.846245
158 0.846245
159 0.846137
160 0.846137
161 0.834911
162 0.834911
163 0.834911
164 0.834911
165 0.834911
166 0.834911
167 0.83484
168 0.83484
169 0.824044
170 0.824044
171 0.824044
172 0.824044
173 0.824044
174 0.824044
175 0.823937
176 0.823937
177 0.813787
178 0.813787
179 0.813787
180 0.813787
181 0.813787
182 0.813787
183 0.813679
184 0.813679
185 0.804784
186 0.804784
187 0.804784
188 0.804784
189 0.804784
190 0.804784
191 0.804713
192 0.804713
193 0.794957
194 0.794957
195 0.794957
196 0.794957
197 0.794957
198 0.794957
199 0.794886
200 0.794886
201 0.784162
202 0.784162
203 0.784162
204 0.784162
205 0.784162
206 0.784162
207 0.784054
208 0.784054
209 0.772972
210 0.772972
211 0.772972
212 0.772972
213 0.772972
214 0.772972
215 0.772792
216 0.772792
217 0.762356
218 0.762356
219 0.762356
220 0.762356
221 0.762356
222 0.762356
223 0.762212
224 0.762212
225 0.752923
226 0.752923
227 0.752923
228 0.752923
229 0.752923
230 0.752923
231 0.752923
232 0.752923
233 0.743813
234 0.743813
235 0.743813
236 0.743813
237 0.743813
238 0.743813
239 0.743777
240 0.743777
241 0.733878
242 0.733878
243 0.733878
244 0.733878
245 0.733878
246 0.733878
247 0.733878
248 0.733878
249 0.723621
250 0.723621
251 0.723621
252 0.723621
253 0.723621
254 0.723621
255 0.723585
256 0.723585
257 0.714655
258 0.714655
259 0.714655
260 0.714655
261 0.714655
262 0.714655
263 0.714511
264 0.714511
265 0.705832
266 0.705832
267 0.705832
268 0.705832
269 0.705832
270 0.705832
271 0.705724
272 0.705724
273 0.696865
274 0.696865
275 0.696865
276 0.696865
277 0.696865
278 0.696865
279 0.696829
280 0.696829
281 0.687648
282 0.687648
283 0.687648
284 0.687648
285 0.687648
286 0.687648
287 0.687576
288 0.687576
289 0.67861
290 0.67861
291 0.67861
292 0.67861
293 0.67861
294 0.67861
295 0.678538
296 0.678538
297 0.668926
298 0.668926
299 0.668926
300 0.668926
301 0.668926
302 0.668926
303 0.668819
304 0.668819
305 0.660067
306 0.660067
307 0.660067
308 0.660067
309 0.660067
310 0.660067
311 0.65996
312 0.65996
313 0.651998
314 0.651998
315 0.651998
316 0.651998
317 0.651998
318 0.651998
319 0.651926
320 0.651926
321 0.643247
322 0.643247
323 0.643247
324 0.643247
325 0.643247
326 0.643247
327 0.643211
328 0.643211
329 0.6355
330 0.6355
331 0.6355
332 0.6355
333 0.6355
334 0.6355
335 0.635428
336 0.635428
337 0.626748
338 0.626748
339 0.626748
340 0.626748
341 0.626748
342 0.626748
343 0.626569
344 0.626569
345 0.617818
346 0.617818
347 0.617818
348 0.617818
349 0.617818
350 0.617818
351 0.61771
352 0.61771
353 0.61086
354 0.61086
355 0.61086
356 0.61086
357 0.61086
358 0.61086
359 0.610824
360 0.610824
361 0.603687
362 0.603687
363 0.603687
364 0.603687
365 0.603687
366 0.603687
367 0.603615
368 0.603615
369 0.595581
370 0.595581
371 0.595581
372 0.595581
373 0.595581
374 0.595581
375 0.595474
376 0.595474
377 0.588121
378 0.588121
379 0.588121
380 0.588121
381 0.588121
382 0.588121
383 0.587942
384 0.587942
385 0.580303
386 0.580303
387 0.580303
388 0.580303
389 0.580303
390 0.580303
391 0.580195
392 0.580195
393 0.571946
394 0.571946
395 0.571946
396 0.571946
397 0.571946
398 0.571946
399 0.571731
400 0.571731
401 0.563948
402 0.563948
403 0.563948
404 0.563948
405 0.563948
406 0.563948
407 0.563733
408 0.563733
409 0.556094
410 0.556094
411 0.556094
412 0.556094
413 0.556094
414 0.556094
415 0.55595
416 0.55595
417 0.549458
418 0.549458
419 0.549458
420 0.549458
421 0.549458
422 0.549458
423 0.549351
424 0.549351
425 0.542501
426 0.542501
427 0.542501
428 0.542501
429 0.542501
430 0.542501
431 0.542429
432 0.542429
433 0.535543
434 0.535543
435 0.535543
436 0.535543
437 0.535543
438 0.535543
439 0.535435
440 0.535435
441 0.528728
442 0.528728
443 0.528728
444 0.528728
445 0.528728
446 0.528728
447 0.528549
448 0.528549
449 0.52281
450 0.52281
451 0.52281
452 0.52281
453 0.52281
454 0.52281
455 0.522703
456 0.522703
457 0.51553
458 0.51553
459 0.51553
460 0.51553
461 0.51553
462 0.51553
463 0.515494
464 0.515494
465 0.508572
466 0.508572
467 0.508572
468 0.508572
469 0.508572
470 0.508572
471 0.508428
472 0.508428
473 0.501901
474 0.501901
475 0.501901
476 0.501901
477 0.501901
478 0.501901
479 0.501793
480 0.501793
481 0.495875
482 0.495875
483 0.495875
484 0.495875
485 0.495875
486 0.495875
487 0.495732
488 0.495732
489 0.489922
490 0.489922
491 0.489922
492 0.489922
493 0.489922
494 0.489922
495 0.489707
496 0.489707
497 0.483574
498 0.483574
499 0.483574
500 0.483574
501 0.483574
502 0.483574
503 0.48343
504 0.48343
505 0.477225
506 0.477225
507 0.477225
508 0.477225
509 0.477225
510 0.477225
511 0.477154
512 0.477154
513 0.471021
514 0.471021
515 0.471021
516 0.471021
517 0.471021
518 0.471021
519 0.470841
520 0.470841
521 0.465318
522 0.465318
523 0.465318
524 0.465318
525 0.465318
526 0.465318
527 0.465139
528 0.465139
529 0.459329
530 0.459329
531 0.459329
532 0.459329
533 0.459329
534 0.459329
535 0.459329
536 0.459329
537 0.453913
538 0.453913
539 0.453913
540 0.453913
541 0.453913
542 0.453913
543 0.453805
544 0.453805
545 0.44735
546 0.44735
547 0.44735
548 0.44735
549 0.44735
550 0.44735
551 0.44717
552 0.44717
553 0.441575
554 0.441575
555 0.441575
556 0.441575
557 0.441575
558 0.441575
559 0.441503
560 0.441503
561 0.436482
562 0.436482
563 0.436482
564 0.436482
565 0.436482
566 0.436482
567 0.436375
568 0.436375
569 0.431246
570 0.431246
571 0.431246
572 0.431246
573 0.431246
574 0.431246
575 0.431174
576 0.431174
577 0.426583
578 0.426583
579 0.426583
580 0.426583
581 0.426583
582 0.426583
583 0.42644
584 0.42644
585 0.421168
586 0.421168
587 0.421168
588 0.421168
589 0.421168
590 0.421168
591 0.42106
592 0.42106
593 0.41629
594 0.41629
595 0.41629
596 0.41629
597 0.41629
598 0.41629
599 0.416111
600 0.416111
601 0.410659
602 0.410659
603 0.410659
604 0.410659
605 0.410659
606 0.410659
607 0.410516
608 0.410516
609 0.40406
610 0.40406
611 0.40406
612 0.40406
613 0.40406
614 0.40406
615 0.403952
616 0.403952
617 0.398537
618 0.398537
619 0.398537
620 0.398537
621 0.398537
622 0.398537
623 0.398357
624 0.398357
625 0.393372
626 0.393372
627 0.393372
628 0.393372
629 0.393372
630 0.393372
631 0.393336
632 0.393336
633 0.388207
634 0.388207
635 0.388207
636 0.388207
637 0.388207
638 0.388207
639 0.3881
640 0.3881
641 0.383832
642 0.383832
643 0.383832
644 0.383832
645 0.383832
646 0.383832
647 0.383688
648 0.383688
649 0.37942
650 0.37942
651 0.37942
652 0.37942
653 0.37942
654 0.37942
655 0.379169
656 0.379169
657 0.375081
658 0.375081
659 0.375081
660 0.375081
661 0.375081
662 0.375081
663 0.374937
664 0.374937
665 0.370418
666 0.370418
667 0.370418
668 0.370418
669 0.370418
670 0.370418
671 0.370275
672 0.370275
673 0.365612
674 0.365612
675 0.365612
676 0.365612
677 0.365612
678 0.365612
679 0.365505
680 0.365505
681 0.361057
682 0.361057
683 0.361057
684 0.361057
685 0.361057
686 0.361057
687 0.361021
688 0.361021
689 0.356933
690 0.356933
691 0.356933
692 0.356933
693 0.356933
694 0.356933
695 0.356825
696 0.356825
697 0.351804
698 0.351804
699 0.351804
700 0.351804
701 0.351804
702 0.351804
703 0.351732
704 0.351732
705 0.3475
706 0.3475
707 0.3475
708 0.3475
709 0.3475
710 0.3475
711 0.347393
712 0.347393
713 0.343412
714 0.343412
715 0.343412
716 0.343412
717 0.343412
718 0.343412
719 0.34334
720 0.34334
721 0.338713
722 0.338713
723 0.338713
724 0.338713
725 0.338713
726 0.338713
727 0.338534
728 0.338534
729 0.333979
730 0.333979
731 0.333979
732 0.333979
733 0.333979
734 0.333979
735 0.333943
736 0.333943
737 0.33007
738 0.33007
739 0.33007
740 0.33007
741 0.33007
742 0.33007
743 0.329819
744 0.329819
745 0.325551
746 0.325551
747 0.325551
748 0.325551
749 0.325551
750 0.325551
751 0.325479
752 0.325479
753 0.321785
754 0.321785
755 0.321785
756 0.321785
757 0.321785
758 0.321785
759 0.321498
760 0.321498
761 0.317122
762 0.317122
763 0.317122
764 0.317122
765 0.317122
766 0.317122
767 0.316979
768 0.316979
769 0.313823
770 0.313823
771 0.313823
772 0.313823
773 0.313823
774 0.313823
775 0.313679
776 0.313679
777 0.30977
778 0.30977
779 0.30977
780 0.30977
781 0.30977
782 0.30977
783 0.309626
784 0.309626
785 0.30604
786 0.30604
787 0.30604
788 0.30604
789 0.30604
790 0.30604
791 0.306004
792 0.306004
793 0.30231
794 0.30231
795 0.30231
796 0.30231
797 0.30231
798 0.30231
799 0.302202
800 0.302202
801 0.298974
802 0.298974
803 0.298974
804 0.298974
805 0.298974
806 0.298974
807 0.298831
808 0.298831
809 0.29485
810 0.29485
811 0.29485
812 0.29485
813 0.29485
814 0.29485
815 0.294635
816 0.294635
817 0.291371
818 0.291371
819 0.291371
820 0.291371
821 0.291371
822 0.291371
823 0.291263
824 0.291263
825 0.287569
826 0.287569
827 0.287569
828 0.287569
829 0.287569
830 0.287569
831 0.287461
832 0.287461
833 0.283947
834 0.283947
835 0.283947
836 0.283947
837 0.283947
838 0.283947
839 0.283839
840 0.283839
841 0.279966
842 0.279966
843 0.279966
844 0.279966
845 0.279966
846 0.279966
847 0.279858
848 0.279858
849 0.276738
850 0.276738
851 0.276738
852 0.276738
853 0.276738
854 0.276738
855 0.276666
856 0.276666
857 0.273151
858 0.273151
859 0.273151
860 0.273151
861 0.273151
862 0.273151
863 0.273115
864 0.273115
865 0.269959
866 0.269959
867 0.269959
868 0.269959
869 0.269959
870 0.269959
871 0.269708
872 0.269708
873 0.266373
874 0.266373
875 0.266373
876 0.266373
877 0.266373
878 0.266373
879 0.266301
880 0.266301
881 0.263467
882 0.263467
883 0.263467
884 0.263467
885 0.263467
886 0.263467
887 0.26336
888 0.26336
889 0.260778
890 0.260778
891 0.260778
892 0.260778
893 0.260778
894 0.260778
895 0.260742
896 0.260742
897 0.257478
898 0.257478
899 0.257478
900 0.257478
901 0.257478
902 0.257478
903 0.257406
904 0.257406
905 0.254178
906 0.254178
907 0.254178
908 0.254178
909 0.254178
910 0.254178
911 0.254071
912 0.254071
913 0.250771
914 0.250771
915 0.250771
916 0.250771
917 0.250771
918 0.250771
919 0.250699
920 0.250699
921 0.247615
922 0.247615
923 0.247615
924 0.247615
925 0.247615
926 0.247615
927 0.247507
928 0.247507
929 0.244064
930 0.244064
931 0.244064
932 0.244064
933 0.244064
934 0.244064
935 0.244064
936 0.244064
937 0.241195
938 0.241195
939 0.241195
940 0.241195
941 0.241195
942 0.241195
943 0.241123
944 0.241123
945 0.238254
946 0.238254
947 0.238254
948 0.238254
949 0.238254
950 0.238254
951 0.238218
952 0.238218
953 0.235851
954 0.235851
955 0.235851
956 0.235851
957 0.235851
958 0.235851
959 0.235743
960 0.235743
961 0.233269
962 0.233269
963 0.233269
964 0.233269
965 0.233269
966 0.233269
967 0.233233
968 0.233233
969 0.230364
970 0.230364
971 0.230364
972 0.230364
973 0.230364
974 0.230364
975 0.23022
976 0.23022
977 0.227243
978 0.227243
979 0.227243
980 0.227243
981 0.227243
982 0.227243
983 0.226921
984 0.226921
985 0.2238
986 0.2238
987 0.2238
988 0.2238
989 0.2238
990 0.2238
991 0.223585
992 0.223585
993 0.220285
994 0.220285
995 0.220285
996 0.220285
997 0.220285
998 0.220285
999 0.220214
1000 0.220214
1001 0.217058
1002 0.217058
1003 0.217058
1004 0.217058
1005 0.217058
1006 0.217058
1007 0.21695
1008 0.21695
1009 0.214332
1010 0.214332
1011 0.214332
1012 0.214332
1013 0.214332
1014 0.214332
1015 0.214296
1016 0.214296
1017 0.211821
1018 0.211821
1019 0.211821
1020 0.211821
1021 0.211821
1022 0.211821
1023 0.211785
1024 0.211785
1025 0.20949
1026 0.20949
1027 0.20949
1028 0.20949
1029 0.20949
1030 0.20949
1031 0.209382
1032 0.209382
1033 0.206764
1034 0.206764
1035 0.206764
1036 0.206764
1037 0.206764
1038 0.206764
1039 0.206657
1040 0.206657
1041 0.204541
1042 0.204541
1043 0.204541
1044 0.204541
1045 0.204541
1046 0.204541
1047 0.204469
1048 0.204469
1049 0.201779
1050 0.201779
1051 0.201779
1052 0.201779
1053 0.201779
1054 0.201779
1055 0.201707
1056 0.201707
1057 0.199591
1058 0.199591
1059 0.199591
1060 0.199591
1061 0.199591
1062 0.199591
1063 0.199555
1064 0.199555
1065 0.196363
1066 0.196363
1067 0.196363
1068 0.196363
1069 0.196363
1070 0.196363
1071 0.19622
1072 0.19622
1073 0.193602
1074 0.193602
1075 0.193602
1076 0.193602
1077 0.193602
1078 0.193602
1079 0.19353
1080 0.19353
1081 0.190804
1082 0.190804
1083 0.190804
1084 0.190804
1085 0.190804
1086 0.190804
1087 0.190732
1088 0.190732
1089 0.18815
1090 0.18815
1091 0.18815
1092 0.18815
1093 0.18815
1094 0.18815
1095 0.188007
1096 0.188007
1097 0.186034
1098 0.186034
1099 0.186034
1100 0.186034
1101 0.186034
1102 0.186034
1103 0.185998
1104 0.185998
1105 0.183667
1106 0.183667
1107 0.183667
1108 0.183667
1109 0.183667
1110 0.183667
1111 0.183667
1112 0.183667
1113 0.181228
1114 0.181228
1115 0.181228
1116 0.181228
1117 0.181228
1118 0.181228
1119 0.181192
1120 0.181192
1121 0.179148
1122 0.179148
1123 0.179148
1124 0.179148
1125 0.179148
1126 0.179148
1127 0.17904
1128 0.17904
1129 0.177068
1130 0.177068
1131 0.177068
1132 0.177068
1133 0.177068
1134 0.177068
1135 0.176996
1136 0.176996
1137 0.174665
1138 0.174665
1139 0.174665
1140 0.174665
1141 0.174665
1142 0.174665
1143 0.174485
1144 0.174485
1145 0.172584
1146 0.172584
1147 0.172584
1148 0.172584
1149 0.172584
1150 0.172584
1151 0.172477
1152 0.172477
1153 0.170504
1154 0.170504
1155 0.170504
1156 0.170504
1157 0.170504
1158 0.170504
1159 0.170504
1160 0.170504
1161 0.168962
1162 0.168962
1163 0.168962
1164 0.168962
1165 0.168962
1166 0.168962
1167 0.16889
1168 0.16889
1169 0.166738
1170 0.166738
1171 0.166738
1172 0.166738
1173 0.166738
1174 0.166738
1175 0.166738
1176 0.166738
1177 0.164479
1178 0.164479
1179 0.164479
1180 0.164479
1181 0.164479
1182 0.164479
1183 0.164443
1184 0.164443
1185 0.162399
1186 0.162399
1187 0.162399
1188 0.162399
1189 0.162399
1190 0.162399
1191 0.162291
1192 0.162291
1193 0.160641
1194 0.160641
1195 0.160641
1196 0.160641
1197 0.160641
1198 0.160641
1199 0.16057
1200 0.16057
1201 0.158991
1202 0.158991
1203 0.158991
1204 0.158991
1205 0.158991
1206 0.158991
1207 0.158991
1208 0.158991
1209 0.157413
1210 0.157413
1211 0.157413
1212 0.157413
1213 0.157413
1214 0.157413
1215 0.157306
1216 0.157306
1217 0.155441
1218 0.155441
1219 0.155441
1220 0.155441
1221 0.155441
1222 0.155441
1223 0.155369
1224 0.155369
1225 0.153683
1226 0.153683
1227 0.153683
1228 0.153683
1229 0.153683
1230 0.153683
1231 0.153683
1232 0.153683
1233 0.151352
1234 0.151352
1235 0.151352
1236 0.151352
1237 0.151352
1238 0.151352
1239 0.151245
1240 0.151245
1241 0.148985
1242 0.148985
1243 0.148985
1244 0.148985
1245 0.148985
1246 0.148985
1247 0.148913
1248 0.148913
1249 0.147084
1250 0.147084
1251 0.147084
1252 0.147084
1253 0.147084
1254 0.147084
1255 0.146977
1256 0.146977
1257 0.145721
1258 0.145721
1259 0.145721
1260 0.145721
1261 0.145721
1262 0.145721
1263 0.145614
1264 0.145614
1265 0.144394
1266 0.144394
1267 0.144394
1268 0.144394
1269 0.144394
1270 0.144394
1271 0.144287
1272 0.144287
1273 0.142493
1274 0.142493
1275 0.142493
1276 0.142493
1277 0.142493
1278 0.142493
1279 0.142422
1280 0.142422
1281 0.140664
1282 0.140664
1283 0.140664
1284 0.140664
1285 0.140664
1286 0.140664
1287 0.140593
1288 0.140593
1289 0.138943
1290 0.138943
1291 0.138943
1292 0.138943
1293 0.138943
1294 0.138943
1295 0.138907
1296 0.138907
1297 0.137114
1298 0.137114
1299 0.137114
1300 0.137114
1301 0.137114
1302 0.137114
1303 0.137114
1304 0.137114
1305 0.135392
1306 0.135392
1307 0.135392
1308 0.135392
1309 0.135392
1310 0.135392
1311 0.135392
1312 0.135392
1313 0.134065
1314 0.134065
1315 0.134065
1316 0.134065
1317 0.134065
1318 0.134065
1319 0.134029
1320 0.134029
1321 0.13159
1322 0.13159
1323 0.13159
1324 0.13159
1325 0.13159
1326 0.13159
1327 0.13159
1328 0.13159
1329 0.129976
1330 0.129976
1331 0.129976
1332 0.129976
1333 0.129976
1334 0.129976
1335 0.12994
1336 0.12994
1337 0.128649
1338 0.128649
1339 0.128649
1340 0.128649
1341 0.128649
1342 0.128649
1343 0.128578
1344 0.128578
1345 0.127107
1346 0.127107
1347 0.127107
1348 0.127107
1349 0.127107
1350 0.127107
1351 0.126999
1352 0.126999
1353 0.125529
1354 0.125529
1355 0.125529
1356 0.125529
1357 0.125529
1358 0.125529
1359 0.125493
1360 0.125493
1361 0.124023
1362 0.124023
1363 0.124023
1364 0.124023
1365 0.124023
1366 0.124023
1367 0.123951
1368 0.123951
1369 0.12205
1370 0.12205
1371 0.12205
1372 0.12205
1373 0.12205
1374 0.12205
1375 0.121907
1376 0.121907
1377 0.12058
1378 0.12058
1379 0.12058
1380 0.12058
1381 0.12058
1382 0.12058
1383 0.120508
1384 0.120508
1385 0.118858
1386 0.118858
1387 0.118858
1388 0.118858
1389 0.118858
1390 0.118858
1391 0.118786
1392 0.118786
1393 0.11728
1394 0.11728
1395 0.11728
1396 0.11728
1397 0.11728
1398 0.11728
1399 0.117208
1400 0.117208
1401 0.116061
1402 0.116061
1403 0.116061
1404 0.116061
1405 0.116061
1406 0.116061
1407 0.115953
1408 0.115953
1409 0.114769
1410 0.114769
1411 0.114769
1412 0.114769
1413 0.114769
1414 0.114769
1415 0.114734
1416 0.114734
1417 0.113729
1418 0.113729
1419 0.113729
1420 0.113729
1421 0.113729
1422 0.113729
1423 0.113658
1424 0.113658
1425 0.112295
1426 0.112295
1427 0.112295
1428 0.112295
1429 0.112295
1430 0.112295
1431 0.112223
1432 0.112223
1433 0.110358
1434 0.110358
1435 0.110358
1436 0.110358
1437 0.110358
1438 0.110358
1439 0.11025
1440 0.11025
1441 0.108959
1442 0.108959
1443 0.108959
1444 0.108959
1445 0.108959
1446 0.108959
1447 0.108852
1448 0.108852
1449 0.107668
1450 0.107668
1451 0.107668
1452 0.107668
1453 0.107668
1454 0.107668
1455 0.10756
1456 0.10756
1457 0.106556
1458 0.106556
1459 0.106556
1460 0.106556
1461 0.106556
1462 0.106556
1463 0.106556
1464 0.106556
1465 0.105767
1466 0.105767
1467 0.105767
1468 0.105767
1469 0.105767
1470 0.105767
1471 0.10566
1472 0.10566
1473 0.104548
1474 0.104548
1475 0.104548
1476 0.104548
1477 0.104548
1478 0.104548
1479 0.104512
1480 0.104512
1481 0.103328
1482 0.103328
1483 0.103328
1484 0.103328
1485 0.103328
1486 0.103328
1487 0.103292
1488 0.103292
1489 0.101965
1490 0.101965
1491 0.101965
1492 0.101965
1493 0.101965
1494 0.101965
1495 0.10193
1496 0.10193
1497 0.100746
1498 0.100746
1499 0.100746
1500 0.100746
1501 0.100746
1502 0.100746
1503 0.100674
1504 0.100674
1505 0.0992038
1506 0.0992038
1507 0.0992038
1508 0.0992038
1509 0.0992038
1510 0.0992038
1511 0.0990962
1512 0.0990962
1513 0.0979485
1514 0.0979485
1515 0.0979485
1516 0.0979485
1517 0.0979485
1518 0.0979485
1519 0.0979126
1520 0.0979126
1521 0.0973388
1522 0.0973388
1523 0.0973388
1524 0.0973388
1525 0.0973388
1526 0.0973388
1527 0.0972671
1528 0.0972671
1529 0.0957607
1530 0.0957607
1531 0.0957607
1532 0.0957607
1533 0.0957607
1534 0.0957607
1535 0.0956531
1536 0.0956531
1537 0.0943978
1538 0.0943978
1539 0.0943978
1540 0.0943978
1541 0.0943978
1542 0.0943978
1543 0.0943978
1544 0.0943978
1545 0.0930708
1546 0.0930708
1547 0.0930708
1548 0.0930708
1549 0.0930708
1550 0.0930708
1551 0.0929991
1552 0.0929991
1553 0.0921742
1554 0.0921742
1555 0.0921742
1556 0.0921742
1557 0.0921742
1558 0.0921742
1559 0.0921024
1560 0.0921024
1561 0.0909189
1562 0.0909189
1563 0.0909189
1564 0.0909189
1565 0.0909189
1566 0.0909189
1567 0.0909189
1568 0.0909189
1569 0.0896277
1570 0.0896277
1571 0.0896277
1572 0.0896277
1573 0.0896277
1574 0.0896277
1575 0.0895919
1576 0.0895919
1577 0.0886952
1578 0.0886952
1579 0.0886952
1580 0.0886952
1581 0.0886952
1582 0.0886952
1583 0.0886952
1584 0.0886952
1585 0.0876193
1586 0.0876193
1587 0.0876193
1588 0.0876193
1589 0.0876193
1590 0.0876193
1591 0.0875117
1592 0.0875117
1593 0.0864716
1594 0.0864716
1595 0.0864716
1596 0.0864716
1597 0.0864716
1598 0.0864716
1599 0.0864716
1600 0.0864716
1601 0.0856467
1602 0.0856467
1603 0.0856467
1604 0.0856467
1605 0.0856467
1606 0.0856467
1607 0.0856467
1608 0.0856467
1609 0.0848935
1610 0.0848935
1611 0.0848935
1612 0.0848935
1613 0.0848935
1614 0.0848935
1615 0.0848935
1616 0.0848935
1617 0.083961
1618 0.083961
1619 0.083961
1620 0.083961
1621 0.083961
1622 0.083961
1623 0.0838892
1624 0.0838892
1625 0.0829926
1626 0.0829926
1627 0.0829926
1628 0.0829926
1629 0.0829926
1630 0.0829926
1631 0.0829567
1632 0.0829567
1633 0.0818449
1634 0.0818449
1635 0.0818449
1636 0.0818449
1637 0.0818449
1638 0.0818449
1639 0.0818091
1640 0.0818091
1641 0.0807331
1642 0.0807331
1643 0.0807331
1644 0.0807331
1645 0.0807331
1646 0.0807331
1647 0.0806972
1648 0.0806972
1649 0.0794419
1650 0.0794419
1651 0.0794419
1652 0.0794419
1653 0.0794419
1654 0.0794419
1655 0.0794061
1656 0.0794061
1657 0.078617
1658 0.078617
1659 0.078617
1660 0.078617
1661 0.078617
1662 0.078617
1663 0.078617
1664 0.078617
1665 0.0776128
1666 0.0776128
1667 0.0776128
1668 0.0776128
1669 0.0776128
1670 0.0776128
1671 0.0776128
1672 0.0776128
1673 0.0766086
1674 0.0766086
1675 0.0766086
1676 0.0766086
1677 0.0766086
1678 0.0766086
1679 0.0766086
1680 0.0766086
1681 0.075963
1682 0.075963
1683 0.075963
1684 0.075963
1685 0.075963
1686 0.075963
1687 0.0759271
1688 0.0759271
1689 0.074636
1690 0.074636
1691 0.074636
1692 0.074636
1693 0.074636
1694 0.074636
1695 0.0745642
1696 0.0745642
1697 0.0734165
1698 0.0734165
1699 0.0734165
1700 0.0734165
1701 0.0734165
1702 0.0734165
1703 0.0734165
1704 0.0734165
1705 0.0721254
1706 0.0721254
1707 0.0721254
1708 0.0721254
1709 0.0721254
1710 0.0721254
1711 0.0721254
1712 0.0721254
1713 0.0714439
1714 0.0714439
1715 0.0714439
1716 0.0714439
1717 0.0714439
1718 0.0714439
1719 0.0714081
1720 0.0714081
1721 0.0704397
1722 0.0704397
1723 0.0704397
1724 0.0704397
1725 0.0704397
1726 0.0704397
1727 0.070368
1728 0.070368
1729 0.0693996
1730 0.0693996
1731 0.0693996
1732 0.0693996
1733 0.0693996
1734 0.0693996
1735 0.0693638
1736 0.0693638
1737 0.0688975
1738 0.0688975
1739 0.0688975
1740 0.0688975
1741 0.0688975
1742 0.0688975
1743 0.0688616
1744 0.0688616
1745 0.0676422
1746 0.0676422
1747 0.0676422
1748 0.0676422
1749 0.0676422
1750 0.0676422
1751 0.0676422
1752 0.0676422
1753 0.0671042
1754 0.0671042
1755 0.0671042
1756 0.0671042
1757 0.0671042
1758 0.0671042
1759 0.0670684
1760 0.0670684
1761 0.0662793
1762 0.0662793
1763 0.0662793
1764 0.0662793
1765 0.0662793
1766 0.0662793
1767 0.0662435
1768 0.0662435
1769 0.0655261
1770 0.0655261
1771 0.0655261
1772 0.0655261
1773 0.0655261
1774 0.0655261
1775 0.0654903
1776 0.0654903
1777 0.0647012
1778 0.0647012
1779 0.0647012
1780 0.0647012
1781 0.0647012
1782 0.0647012
1783 0.0646654
1784 0.0646654
1785 0.0639839
1786 0.0639839
1787 0.0639839
1788 0.0639839
1789 0.0639839
1790 0.0639839
1791 0.0639481
1792 0.0639481
1793 0.0631232
1794 0.0631232
1795 0.0631232
1796 0.0631232
1797 0.0631232
1798 0.0631232
1799 0.0630873
1800 0.0630873
1801 0.0624059
1802 0.0624059
1803 0.0624059
1804 0.0624059
1805 0.0624059
1806 0.0624059
1807 0.06237
1808 0.06237
1809 0.0616885
1810 0.0616885
1811 0.0616885
1812 0.0616885
1813 0.0616885
1814 0.0616885
1815 0.0615451
1816 0.0615451
1817 0.0608278
1818 0.0608278
1819 0.0608278
1820 0.0608278
1821 0.0608278
1822 0.0608278
1823 0.0607919
1824 0.0607919
1825 0.0602898
1826 0.0602898
1827 0.0602898
1828 0.0602898
1829 0.0602898
1830 0.0602898
1831 0.0602898
1832 0.0602898
1833 0.0596801
1834 0.0596801
1835 0.0596801
1836 0.0596801
1837 0.0596801
1838 0.0596801
1839 0.0596442
1840 0.0596442
1841 0.0592138
1842 0.0592138
1843 0.0592138
1844 0.0592138
1845 0.0592138
1846 0.0592138
1847 0.059178
1848 0.059178
1849 0.0585683
1850 0.0585683
1851 0.0585683
1852 0.0585683
1853 0.0585683
1854 0.0585683
1855 0.0584607
1856 0.0584607
1857 0.0578509
1858 0.0578509
1859 0.0578509
1860 0.0578509
1861 0.0578509
1862 0.0578509
1863 0.0578151
1864 0.0578151
1865 0.0572771
1866 0.0572771
1867 0.0572771
1868 0.0572771
1869 0.0572771
1870 0.0572771
1871 0.0572412
1872 0.0572412
1873 0.0565598
1874 0.0565598
1875 0.0565598
1876 0.0565598
1877 0.0565598
1878 0.0565598
1879 0.0564881
1880 0.0564881
1881 0.0556273
1882 0.0556273
1883 0.0556273
1884 0.0556273
1885 0.0556273
1886 0.0556273
1887 0.0556273
1888 0.0556273
1889 0.0549458
1890 0.0549458
1891 0.0549458
1892 0.0549458
1893 0.0549458
1894 0.0549458
1895 0.0549458
1896 0.0549458
1897 0.0541209
1898 0.0541209
1899 0.0541209
1900 0.0541209
1901 0.0541209
1902 0.0541209
1903 0.0540492
1904 0.0540492
1905 0.0532602
1906 0.0532602
1907 0.0532602
1908 0.0532602
1909 0.0532602
1910 0.0532602
1911 0.0532243
1912 0.0532243
1913 0.0525787
1914 0.0525787
1915 0.0525787
1916 0.0525787
1917 0.0525787
1918 0.0525787
1919 0.0525429
1920 0.0525429
1921 0.0518614
1922 0.0518614
1923 0.0518614
1924 0.0518614
1925 0.0518614
1926 0.0518614
1927 0.0517897
1928 0.0517897
1929 0.05118
1930 0.05118
1931 0.05118
1932 0.05118
1933 0.05118
1934 0.05118
1935 0.0511441
1936 0.0511441
1937 0.0502116
1938 0.0502116
1939 0.0502116
1940 0.0502116
1941 0.0502116
1942 0.0502116
1943 0.0502116
1944 0.0502116
1945 0.0495302
1946 0.0495302
1947 0.0495302
1948 0.0495302
1949 0.0495302
1950 0.0495302
1951 0.0495302
1952 0.0495302
1953 0.0490998
1954 0.0490998
1955 0.0490998
1956 0.0490998
1957 0.0490998
1958 0.0490998
1959 0.0490998
1960 0.0490998
1961 0.0485618
1962 0.0485618
1963 0.0485618
1964 0.0485618
1965 0.0485618
1966 0.0485618
1967 0.0485618
1968 0.0485618
1969 0.0480955
1970 0.0480955
1971 0.0480955
1972 0.0480955
1973 0.0480955
1974 0.0480955
1975 0.0480597
1976 0.0480597
1977 0.0476652
1978 0.0476652
1979 0.0476652
1980 0.0476652
1981 0.0476652
1982 0.0476652
1983 0.0476293
1984 0.0476293
1985 0.0470913
1986 0.0470913
1987 0.0470913
1988 0.0470913
1989 0.0470913
1990 0.0470913
1991 0.0470913
1992 0.0470913
1993 0.0464816
1994 0.0464816
1995 0.0464816
1996 0.0464816
1997 0.0464816
1998 0.0464816
1999 0.0464099
2000 0.0464099
2001 0.0458002
2002 0.0458002
2003 0.0458002
2004 0.0458002
2005 0.0458002
2006 0.0458002
2007 0.0457643
2008 0.0457643
2009 0.0449394
2010 0.0449394
2011 0.0449394
2012 0.0449394
2013 0.0449394
2014 0.0449394
2015 0.0449035
2016 0.0449035
2017 0.0442221
2018 0.0442221
2019 0.0442221
2020 0.0442221
2021 0.0442221
2022 0.0442221
2023 0.0442221
2024 0.0442221
2025 0.0435765
2026 0.0435765
2027 0.0435765
2028 0.0435765
2029 0.0435765
2030 0.0435765
2031 0.0435406
2032 0.0435406
2033 0.0429668
2034 0.0429668
2035 0.0429668
2036 0.0429668
2037 0.0429668
2038 0.0429668
2039 0.0429309
2040 0.0429309
2041 0.0427875
2042 0.0427875
2043 0.0427875
2044 0.0427875
2045 0.0427875
2046 0.0427875
2047 0.0427516
2048 0.0427516
2049 0.0424288
2050 0.0424288
2051 0.0424288
2052 0.0424288
2053 0.0424288
2054 0.0424288
2055 0.0423929
2056 0.0423929
2057 0.0416756
2058 0.0416756
2059 0.0416756
2060 0.0416756
2061 0.0416756
2062 0.0416756
2063 0.0416756
2064 0.0416756
2065 0.0411735
2066 0.0411735
2067 0.0411735
2068 0.0411735
2069 0.0411735
2070 0.0411735
2071 0.0411735
2072 0.0411735
2073 0.0405997
2074 0.0405997
2075 0.0405997
2076 0.0405997
2077 0.0405997
2078 0.0405997
2079 0.0404562
2080 0.0404562
2081 0.0399541
2082 0.0399541
2083 0.0399541
2084 0.0399541
2085 0.0399541
2086 0.0399541
2087 0.0398824
2088 0.0398824
2089 0.0393802
2090 0.0393802
2091 0.0393802
2092 0.0393802
2093 0.0393802
2094 0.0393802
2095 0.0393444
2096 0.0393444
2097 0.0388423
2098 0.0388423
2099 0.0388423
2100 0.0388423
2101 0.0388423
2102 0.0388423
2103 0.0388064
2104 0.0388064
2105 0.0384836
2106 0.0384836
2107 0.0384836
2108 0.0384836
2109 0.0384836
2110 0.0384836
2111 0.0384477
2112 0.0384477
2113 0.038125
2114 0.038125
2115 0.038125
2116 0.038125
2117 0.038125
2118 0.038125
2119 0.038125
2120 0.038125
2121 0.0376946
2122 0.0376946
2123 0.0376946
2124 0.0376946
2125 0.0376946
2126 0.0376946
2127 0.0376587
2128 0.0376587
2129 0.0371566
2130 0.0371566
2131 0.0371566
2132 0.0371566
2133 0.0371566
2134 0.0371566
2135 0.0371207
2136 0.0371207
2137 0.0367979
2138 0.0367979
2139 0.0367979
2140 0.0367979
2141 0.0367979
2142 0.0367979
2143 0.0367621
2144 0.0367621
2145 0.036511
2146 0.036511
2147 0.036511
2148 0.036511
2149 0.036511
2150 0.036511
2151 0.036511
2152 0.036511
2153 0.0360089
2154 0.0360089
2155 0.0360089
2156 0.0360089
2157 0.0360089
2158 0.0360089
2159 0.0359372
2160 0.0359372
2161 0.0355426
2162 0.0355426
2163 0.0355426
2164 0.0355426
2165 0.0355426
2166 0.0355426
2167 0.0355426
2168 0.0355426
2169 0.0352199
2170 0.0352199
2171 0.0352199
2172 0.0352199
2173 0.0352199
2174 0.0352199
2175 0.0352199
2176 0.0352199
2177 0.0348612
2178 0.0348612
2179 0.0348612
2180 0.0348612
2181 0.0348612
2182 0.0348612
2183 0.0347895
2184 0.0347895
2185 0.0345384
2186 0.0345384
2187 0.0345384
2188 0.0345384
2189 0.0345384
2190 0.0345384
2191 0.0345384
2192 0.0345384
2193 0.034108
2194 0.034108
2195 0.034108
2196 0.034108
2197 0.034108
2198 0.034108
2199 0.034108
2200 0.034108
2201 0.0337852
2202 0.0337852
2203 0.0337852
2204 0.0337852
2205 0.0337852
2206 0.0337852
2207 0.0337494
2208 0.0337494
2209 0.0334983
2210 0.0334983
2211 0.0334983
2212 0.0334983
2213 0.0334983
2214 0.0334983
2215 0.0334983
2216 0.0334983
2217 0.0329603
2218 0.0329603
2219 0.0329603
2220 0.0329603
2221 0.0329603
2222 0.0329603
2223 0.0329603
2224 0.0329603
2225 0.0325299
2226 0.0325299
2227 0.0325299
2228 0.0325299
2229 0.0325299
2230 0.0325299
2231 0.0324941
2232 0.0324941
2233 0.0321713
2234 0.0321713
2235 0.0321713
2236 0.0321713
2237 0.0321713
2238 0.0321713
2239 0.0321354
2240 0.0321354
2241 0.0317768
2242 0.0317768
2243 0.0317768
2244 0.0317768
2245 0.0317768
2246 0.0317768
2247 0.0317409
2248 0.0317409
2249 0.0313464
2250 0.0313464
2251 0.0313464
2252 0.0313464
2253 0.0313464
2254 0.0313464
2255 0.0313464
2256 0.0313464
2257 0.0311671
2258 0.0311671
2259 0.0311671
2260 0.0311671
2261 0.0311671
2262 0.0311671
2263 0.0311312
2264 0.0311312
2265 0.0307725
2266 0.0307725
2267 0.0307725
2268 0.0307725
2269 0.0307725
2270 0.0307725
2271 0.0307725
2272 0.0307725
2273 0.0305932
2274 0.0305932
2275 0.0305932
2276 0.0305932
2277 0.0305932
2278 0.0305932
2279 0.0305573
2280 0.0305573
2281 0.0300911
2282 0.0300911
2283 0.0300911
2284 0.0300911
2285 0.0300911
2286 0.0300911
2287 0.0300552
2288 0.0300552
2289 0.0297324
2290 0.0297324
2291 0.0297324
2292 0.0297324
2293 0.0297324
2294 0.0297324
2295 0.0297324
2296 0.0297324
2297 0.0294814
2298 0.0294814
2299 0.0294814
2300 0.0294814
2301 0.0294814
2302 0.0294814
2303 0.0294455
2304 0.0294455
2305 0.0291586
2306 0.0291586
2307 0.0291586
2308 0.0291586
2309 0.0291586
2310 0.0291586
2311 0.0291227
2312 0.0291227
2313 0.0286565
2314 0.0286565
2315 0.0286565
2316 0.0286565
2317 0.0286565
2318 0.0286565
2319 0.0286565
2320 0.0286565
2321 0.0285489
2322 0.0285489
2323 0.0285489
2324 0.0285489
2325 0.0285489
2326 0.0285489
2327 0.028513
2328 0.028513
2329 0.0282261
2330 0.0282261
2331 0.0282261
2332 0.0282261
2333 0.0282261
2334 0.0282261
2335 0.0281902
2336 0.0281902
2337 0.0277957
2338 0.0277957
2339 0.0277957
2340 0.0277957
2341 0.0277957
2342 0.0277957
2343 0.027724
2344 0.027724
2345 0.0273653
2346 0.0273653
2347 0.0273653
2348 0.0273653
2349 0.0273653
2350 0.0273653
2351 0.0273653
2352 0.0273653
2353 0.0272219
2354 0.0272219
2355 0.0272219
2356 0.0272219
2357 0.0272219
2358 0.0272219
2359 0.027186
2360 0.027186
2361 0.0268991
2362 0.0268991
2363 0.0268991
2364 0.0268991
2365 0.0268991
2366 0.0268991
2367 0.0268632
2368 0.0268632
2369 0.0264687
2370 0.0264687
2371 0.0264687
2372 0.0264687
2373 0.0264687
2374 0.0264687
2375 0.0264328
2376 0.0264328
2377 0.0261818
2378 0.0261818
2379 0.0261818
2380 0.0261818
2381 0.0261818
2382 0.0261818
2383 0.0261459
2384 0.0261459
2385 0.0258948
2386 0.0258948
2387 0.0258948
2388 0.0258948
2389 0.0258948
2390 0.0258948
2391 0.025859
2392 0.025859
2393 0.0256438
2394 0.0256438
2395 0.0256438
2396 0.0256438
2397 0.0256438
2398 0.0256438
2399 0.0256079
2400 0.0256079
2401 0.025321
2402 0.025321
2403 0.025321
2404 0.025321
2405 0.025321
2406 0.025321
2407 0.0252851
2408 0.0252851
2409 0.0250341
2410 0.0250341
2411 0.0250341
2412 0.0250341
2413 0.0250341
2414 0.0250341
2415 0.0249982
2416 0.0249982
2417 0.024532
2418 0.024532
2419 0.024532
2420 0.024532
2421 0.024532
2422 0.024532
2423 0.024532
2424 0.024532
2425 0.0242809
2426 0.0242809
2427 0.0242809
2428 0.0242809
2429 0.0242809
2430 0.0242809
2431 0.0242809
2432 0.0242809
2433 0.0240657
2434 0.0240657
2435 0.0240657
2436 0.0240657
2437 0.0240657
2438 0.0240657
2439 0.0240657
2440 0.0240657
2441 0.0238864
2442 0.0238864
2443 0.0238864
2444 0.0238864
2445 0.0238864
2446 0.0238864
2447 0.0238146
2448 0.0238146
2449 0.0234919
2450 0.0234919
2451 0.0234919
2452 0.0234919
2453 0.0234919
2454 0.0234919
2455 0.0234919
2456 0.0234919
2457 0.0232049
2458 0.0232049
2459 0.0232049
2460 0.0232049
2461 0.0232049
2462 0.0232049
2463 0.0232049
2464 0.0232049
2465 0.0228463
2466 0.0228463
2467 0.0228463
2468 0.0228463
2469 0.0228463
2470 0.0228463
2471 0.0227745
2472 0.0227745
2473 0.0224159
2474 0.0224159
2475 0.0224159
2476 0.0224159
2477 0.0224159
2478 0.0224159
2479 0.0223442
2480 0.0223442
2481 0.022129
2482 0.022129
2483 0.022129
2484 0.022129
2485 0.022129
2486 0.022129
2487 0.0220931
2488 0.0220931
2489 0.0217703
2490 0.0217703
2491 0.0217703
2492 0.0217703
2493 0.0217703
2494 0.0217703
2495 0.0217345
2496 0.0217345
2497 0.0216627
2498 0.0216627
2499 0.0216627
2500 0.0216627
2501 0.0216627
2502 0.0216627
2503 0.0216269
2504 0.0216269
2505 0.0214475
2506 0.0214475
2507 0.0214475
2508 0.0214475
2509 0.0214475
2510 0.0214475
2511 0.0214475
2512 0.0214475
2513 0.0212682
2514 0.0212682
2515 0.0212682
2516 0.0212682
2517 0.0212682
2518 0.0212682
2519 0.0212682
2520 0.0212682
2521 0.020802
2522 0.020802
2523 0.020802
2524 0.020802
2525 0.020802
2526 0.020802
2527 0.020802
2528 0.020802
2529 0.0204792
2530 0.0204792
2531 0.0204792
2532 0.0204792
2533 0.0204792
2534 0.0204792
2535 0.0204433
2536 0.0204433
2537 0.0201922
2538 0.0201922
2539 0.0201922
2540 0.0201922
2541 0.0201922
2542 0.0201922
2543 0.0201922
2544 0.0201922
2545 0.0199412
2546 0.0199412
2547 0.0199412
2548 0.0199412
2549 0.0199412
2550 0.0199412
2551 0.0199053
2552 0.0199053
2553 0.0196901
2554 0.0196901
2555 0.0196901
2556 0.0196901
2557 0.0196901
2558 0.0196901
2559 0.0196543
2560 0.0196543
2561 0.0195108
2562 0.0195108
2563 0.0195108
2564 0.0195108
2565 0.0195108
2566 0.0195108
2567 0.0194749
2568 0.0194749
2569 0.0190804
2570 0.0190804
2571 0.0190804
2572 0.0190804
2573 0.0190804
2574 0.0190804
2575 0.0190804
2576 0.0190804
2577 0.0186859
2578 0.0186859
2579 0.0186859
2580 0.0186859
2581 0.0186859
2582 0.0186859
2583 0.01865
2584 0.01865
2585 0.0182914
2586 0.0182914
2587 0.0182914
2588 0.0182914
2589 0.0182914
2590 0.0182914
2591 0.0182196
2592 0.0182196
2593 0.0180403
2594 0.0180403
2595 0.0180403
2596 0.0180403
2597 0.0180403
2598 0.0180403
2599 0.0180403
2600 0.0180403
2601 0.0177893
2602 0.0177893
2603 0.0177893
2604 0.0177893
2605 0.0177893
2606 0.0177893
2607 0.0177534
2608 0.0177534
2609 0.0174665
2610 0.0174665
2611 0.0174665
2612 0.0174665
2613 0.0174665
2614 0.0174665
2615 0.0174665
2616 0.0174665
2617 0.0171078
2618 0.0171078
2619 0.0171078
2620 0.0171078
2621 0.0171078
2622 0.0171078
2623 0.0170719
2624 0.0170719
2625 0.0167492
2626 0.0167492
2627 0.0167492
2628 0.0167492
2629 0.0167492
2630 0.0167492
2631 0.0167492
2632 0.0167492
2633 0.0165698
2634 0.0165698
2635 0.0165698
2636 0.0165698
2637 0.0165698
2638 0.0165698
2639 0.016534
2640 0.016534
2641 0.0163188
2642 0.0163188
2643 0.0163188
2644 0.0163188
2645 0.0163188
2646 0.0163188
2647 0.0163188
2648 0.0163188
2649 0.0161394
2650 0.0161394
2651 0.0161394
2652 0.0161394
2653 0.0161394
2654 0.0161394
2655 0.0161036
2656 0.0161036
2657 0.0159601
2658 0.0159601
2659 0.0159601
2660 0.0159601
2661 0.0159601
2662 0.0159601
2663 0.0159601
2664 0.0159601
2665 0.0157808
2666 0.0157808
2667 0.0157808
2668 0.0157808
2669 0.0157808
2670 0.0157808
2671 0.0157808
2672 0.0157808
2673 0.015458
2674 0.015458
2675 0.015458
2676 0.015458
2677 0.015458
2678 0.015458
2679 0.0154221
2680 0.0154221
2681 0.0151711
2682 0.0151711
2683 0.0151711
2684 0.0151711
2685 0.0151711
2686 0.0151711
2687 0.0151711
2688 0.0151711
2689 0.0150276
2690 0.0150276
2691 0.0150276
2692 0.0150276
2693 0.0150276
2694 0.0150276
2695 0.0150276
2696 0.0150276
2697 0.0148842
2698 0.0148842
2699 0.0148842
2700 0.0148842
2701 0.0148842
2702 0.0148842
2703 0.0148842
2704 0.0148842
2705 0.0148483
2706 0.0148483
2707 0.0148483
2708 0.0148483
2709 0.0148483
2710 0.0148483
2711 0.0147766
2712 0.0147766
2713 0.0145972
2714 0.0145972
2715 0.0145972
2716 0.0145972
2717 0.0145972
2718 0.0145972
2719 0.0144179
2720 0.0144179
2721 0.0140234
2722 0.0140234
2723 0.0140234
2724 0.0140234
2725 0.0140234
2726 0.0140234
2727 0.0140234
2728 0.0140234
2729 0.0137723
2730 0.0137723
2731 0.0137723
2732 0.0137723
2733 0.0137723
2734 0.0137723
2735 0.0137365
2736 0.0137365
2737 0.0135571
2738 0.0135571
2739 0.0135571
2740 0.0135571
2741 0.0135571
2742 0.0135571
2743 0.0135571
2744 0.0135571
2745 0.0134495
2746 0.0134495
2747 0.0134495
2748 0.0134495
2749 0.0134495
2750 0.0134495
2751 0.0133778
2752 0.0133778
2753 0.0131267
2754 0.0131267
2755 0.0131267
2756 0.0131267
2757 0.0131267
2758 0.0131267
2759 0.0131267
2760 0.0131267
2761 0.0129116
2762 0.0129116
2763 0.0129116
2764 0.0129116
2765 0.0129116
2766 0.0129116
2767 0.0129116
2768 0.0129116
2769 0.012804
2770 0.012804
2771 0.012804
2772 0.012804
2773 0.012804
2774 0.012804
2775 0.0127681
2776 0.0127681
2777 0.0126964
2778 0.0126964
2779 0.0126964
2780 0.0126964
2781 0.0126964
2782 0.0126964
2783 0.0126964
2784 0.0126964
2785 0.0126246
2786 0.0126246
2787 0.0126246
2788 0.0126246
2789 0.0126246
2790 0.0126246
2791 0.0126246
2792 0.0126246
2793 0.0123018
2794 0.0123018
2795 0.0123018
2796 0.0123018
2797 0.0123018
2798 0.0123018
2799 0.0123018
2800 0.0123018
2801 0.0122301
2802 0.0122301
2803 0.0122301
2804 0.0122301
2805 0.0122301
2806 0.0122301
2807 0.0122301
2808 0.0122301
2809 0.0121225
2810 0.0121225
2811 0.0121225
2812 0.0121225
2813 0.0121225
2814 0.0121225
2815 0.0121225
2816 0.0121225
2817 0.0119791
2818 0.0119791
2819 0.0119791
2820 0.0119791
2821 0.0119791
2822 0.0119791
2823 0.0119791
2824 0.0119791
2825 0.0118715
2826 0.0118715
2827 0.0118715
2828 0.0118715
2829 0.0118715
2830 0.0118715
2831 0.0118715
2832 0.0118715
2833 0.0118356
2834 0.0118356
2835 0.0118356
2836 0.0118356
2837 0.0118356
2838 0.0118356
2839 0.0117997
2840 0.0117997
2841 0.0116204
2842 0.0116204
2843 0.0116204
2844 0.0116204
2845 0.0116204
2846 0.0116204
2847 0.0116204
2848 0.0116204
2849 0.0115487
2850 0.0115487
2851 0.0115487
2852 0.0115487
2853 0.0115487
2854 0.0115487
2855 0.0115487
2856 0.0115487
2857 0.0114052
2858 0.0114052
2859 0.0114052
2860 0.0114052
2861 0.0114052
2862 0.0114052
2863 0.0113693
2864 0.0113693
2865 0.0112976
2866 0.0112976
2867 0.0112976
2868 0.0112976
2869 0.0112976
2870 0.0112976
2871 0.0112976
2872 0.0112976
2873 0.0112976
2874 0.0112976
2875 0.0112976
2876 0.0112976
2877 0.0112976
2878 0.0112976
2879 0.0112976
2880 0.0112976
2881 0.01119
2882 0.01119
2883 0.01119
2884 0.01119
2885 0.01119
2886 0.01119
2887 0.01119
2888 0.01119
2889 0.0111183
2890 0.0111183
2891 0.0111183
2892 0.0111183
2893 0.0111183
2894 0.0111183
2895 0.0111183
2896 0.0111183
2897 0.0110824
2898 0.0110824
2899 0.0110824
2900 0.0110824
2901 0.0110824
2902 0.0110824
2903 0.0110824
2904 0.0110824
2905 0.0109748
2906 0.0109748
2907 0.0109748
2908 0.0109748
2909 0.0109748
2910 0.0109748
2911 0.0109748
2912 0.0109748
2913 0.0108672
2914 0.0108672
2915 0.0108672
2916 0.0108672
2917 0.0108672
2918 0.0108672
2919 0.0108314
2920 0.0108314
2921 0.0107955
2922 0.0107955
2923 0.0107955
2924 0.0107955
2925 0.0107955
2926 0.0107955
2927 0.0107955
2928 0.0107955
2929 0.0106162
2930 0.0106162
2931 0.0106162
2932 0.0106162
2933 0.0106162
2934 0.0106162
2935 0.0105803
2936 0.0105803
2937 0.0105086
2938 0.0105086
2939 0.0105086
2940 0.0105086
2941 0.0105086
2942 0.0105086
2943 0.0104368
2944 0.0104368
2945 0.0103651
2946 0.0103651
2947 0.0103651
2948 0.0103651
2949 0.0103651
2950 0.0103651
2951 0.0103651
2952 0.0103651
2953 0.0102934
2954 0.0102934
2955 0.0102934
2956 0.0102934
2957 0.0102934
2958 0.0102934
2959 0.0102934
2960 0.0102934
2961 0.0102216
2962 0.0102216
2963 0.0102216
2964 0.0102216
2965 0.0102216
2966 0.0102216
2967 0.0102216
2968 0.0102216
2969 0.0101141
2970 0.0101141
2971 0.0101141
2972 0.0101141
2973 0.0101141
2974 0.0101141
2975 0.0101141
2976 0.0101141
2977 0.0100423
2978 0.0100423
2979 0.0100423
2980 0.0100423
2981 0.0100423
2982 0.0100423
2983 0.0100423
2984 0.0100423
2985 0.00997059
2986 0.00997059
2987 0.00997059
2988 0.00997059
2989 0.00997059
2990 0.00997059
2991 0.00997059
2992 0.00997059
2993 0.00986299
2994 0.00986299
2995 0.00986299
2996 0.00986299
2997 0.00986299
2998 0.00986299
2999 0.00986299
3000 0.00986299
3001 0.00961194
3002 0.00961194
3003 0.00961194
3004 0.00961194
3005 0.00961194
3006 0.00961194
3007 0.00961194
3008 0.00961194
3009 0.00946847
3010 0.00946847
3011 0.00946847
3012 0.00946847
3013 0.00946847
3014 0.00946847
3015 0.00946847
3016 0.00946847
3017 0.00943261
3018 0.00943261
3019 0.00943261
3020 0.00943261
3021 0.00943261
3022 0.00943261
3023 0.00943261
3024 0.00943261
3025 0.00932501
3026 0.00932501
3027 0.00932501
3028 0.00932501
3029 0.00932501
3030 0.00932501
3031 0.00928915
3032 0.00928915
3033 0.00925328
3034 0.00925328
3035 0.00925328
3036 0.00925328
3037 0.00925328
3038 0.00925328
3039 0.00925328
3040 0.00925328
3041 0.00914569
3042 0.00914569
3043 0.00914569
3044 0.00914569
3045 0.00914569
3046 0.00914569
3047 0.00914569
3048 0.00914569
3049 0.00907395
3050 0.00907395
3051 0.00907395
3052 0.00907395
3053 0.00907395
3054 0.00907395
3055 0.00907395
3056 0.00907395
3057 0.00896636
3058 0.00896636
3059 0.00896636
3060 0.00896636
3061 0.00896636
3062 0.00896636
3063 0.00896636
3064 0.00896636
3065 0.00885876
3066 0.00885876
3067 0.00885876
3068 0.00885876
3069 0.00885876
3070 0.00885876
3071 0.00885876
3072 0.00885876
3073 0.00878703
3074 0.00878703
3075 0.00878703
3076 0.00878703
3077 0.00878703
3078 0.00878703
3079 0.00878703
3080 0.00878703
3081 0.0087153
3082 0.0087153
3083 0.0087153
3084 0.0087153
3085 0.0087153
3086 0.0087153
3087 0.0087153
3088 0.0087153
3089 0.00864357
3090 0.00864357
3091 0.00864357
3092 0.00864357
3093 0.00864357
3094 0.00864357
3095 0.00864357
3096 0.00864357
3097 0.00857184
3098 0.00857184
3099 0.00857184
3100 0.00857184
3101 0.00857184
3102 0.00857184
3103 0.00853597
3104 0.00853597
3105 0.00839251
3106 0.00839251
3107 0.00839251
3108 0.00839251
3109 0.00839251
3110 0.00839251
3111 0.00839251
3112 0.00839251
3113 0.00824905
3114 0.00824905
3115 0.00824905
3116 0.00824905
3117 0.00824905
3118 0.00824905
3119 0.00821318
3120 0.00821318
3121 0.00806972
3122 0.00806972
3123 0.00806972
3124 0.00806972
3125 0.00806972
3126 0.00806972
3127 0.00803386
3128 0.00803386
3129 0.00799799
3130 0.00799799
3131 0.00799799
3132 0.00799799
3133 0.00799799
3134 0.00799799
3135 0.00799799
3136 0.00799799
3137 0.00796213
3138 0.00796213
3139 0.00796213
3140 0.00796213
3141 0.00796213
3142 0.00796213
3143 0.00792626
3144 0.00792626
3145 0.00774693
3146 0.00774693
3147 0.00774693
3148 0.00774693
3149 0.00774693
3150 0.00774693
3151 0.0076752
3152 0.0076752
3153 0.00753174
3154 0.00753174
3155 0.00753174
3156 0.00753174
3157 0.00753174
3158 0.00753174
3159 0.00749588
3160 0.00749588
3161 0.00746001
3162 0.00746001
3163 0.00746001
3164 0.00746001
3165 0.00746001
3166 0.00746001
3167 0.00746001
3168 0.00746001
3169 0.00738828
3170 0.00738828
3171 0.00738828
3172 0.00738828
3173 0.00738828
3174 0.00738828
3175 0.00738828
3176 0.00738828
3177 0.00720895
3178 0.00720895
3179 0.00720895
3180 0.00720895
3181 0.00720895
3182 0.00720895
3183 0.00717309
3184 0.00717309
3185 0.00713722
3186 0.00713722
3187 0.00713722
3188 0.00713722
3189 0.00713722
3190 0.00713722
3191 0.00713722
3192 0.00713722
3193 0.00710136
3194 0.00710136
3195 0.00710136
3196 0.00710136
3197 0.00710136
3198 0.00710136
3199 0.00710136
3200 0.00710136
3201 0.00702962
3202 0.00702962
3203 0.00702962
3204 0.00702962
3205 0.00702962
3206 0.00702962
3207 0.00699376
3208 0.00699376
3209 0.0068503
3210 0.0068503
3211 0.0068503
3212 0.0068503
3213 0.0068503
3214 0.0068503
3215 0.0068503
3216 0.0068503
3217 0.00677857
3218 0.00677857
3219 0.00677857
3220 0.00677857
3221 0.00677857
3222 0.00677857
3223 0.00677857
3224 0.00677857
3225 0.00667097
3226 0.00667097
3227 0.00667097
3228 0.00667097
3229 0.00667097
3230 0.00667097
3231 0.00667097
3232 0.00667097
3233 0.00667097
3234 0.00667097
3235 0.00667097
3236 0.00667097
3237 0.00667097
3238 0.00667097
3239 0.00667097
3240 0.00667097
3241 0.00656337
3242 0.00656337
3243 0.00656337
3244 0.00656337
3245 0.00656337
3246 0.00656337
3247 0.00656337
3248 0.00656337
3249 0.00649164
3250 0.00649164
3251 0.00649164
3252 0.00649164
3253 0.00649164
3254 0.00649164
3255 0.00645578
3256 0.00645578
3257 0.00645578
3258 0.00645578
3259 0.00645578
3260 0.00645578
3261 0.00645578
3262 0.00645578
3263 0.00645578
3264 0.00645578
3265 0.00638405
3266 0.00638405
3267 0.00638405
3268 0.00638405
3269 0.00638405
3270 0.00638405
3271 0.00638405
3272 0.00638405
3273 0.00631232
3274 0.00631232
3275 0.00631232
3276 0.00631232
3277 0.00631232
3278 0.00631232
3279 0.00627645
3280 0.00627645
3281 0.00620472
3282 0.00620472
3283 0.00620472
3284 0.00620472
3285 0.00620472
3286 0.00620472
3287 0.00620472
3288 0.00620472
3289 0.00609712
3290 0.00609712
3291 0.00609712
3292 0.00609712
3293 0.00609712
3294 0.00609712
3295 0.00609712
3296 0.00609712
3297 0.00606126
3298 0.00606126
3299 0.00606126
3300 0.00606126
3301 0.00606126
3302 0.00606126
3303 0.00602539
3304 0.00602539
3305 0.00588193
3306 0.00588193
3307 0.00588193
3308 0.00588193
3309 0.00588193
3310 0.00588193
3311 0.00588193
3312 0.00588193
3313 0.00584607
3314 0.00584607
3315 0.00584607
3316 0.00584607
3317 0.00584607
3318 0.00584607
3319 0.00584607
3320 0.00584607
3321 0.0057026
3322 0.0057026
3323 0.0057026
3324 0.0057026
3325 0.0057026
3326 0.0057026
3327 0.0057026
3328 0.0057026
3329 0.0057026
3330 0.0057026
3331 0.0057026
3332 0.0057026
3333 0.0057026
3334 0.0057026
3335 0.0057026
3336 0.0057026
3337 0.00566674
3338 0.00566674
3339 0.00566674
3340 0.00566674
3341 0.00566674
3342 0.00566674
3343 0.00566674
3344 0.00566674
3345 0.00566674
3346 0.00566674
3347 0.00566674
3348 0.00566674
3349 0.00566674
3350 0.00566674
3351 0.00566674
3352 0.00566674
3353 0.00563087
3354 0.00563087
3355 0.00563087
3356 0.00563087
3357 0.00563087
3358 0.00563087
3359 0.00559501
3360 0.00559501
3361 0.00552328
3362 0.00552328
3363 0.00552328
3364 0.00552328
3365 0.00552328
3366 0.00552328
3367 0.00552328
3368 0.00552328
3369 0.00548741
3370 0.00548741
3371 0.00548741
3372 0.00548741
3373 0.00548741
3374 0.00548741
3375 0.00548741
3376 0.00548741
3377 0.00537982
3378 0.00537982
3379 0.00537982
3380 0.00537982
3381 0.00537982
3382 0.00537982
3383 0.00537982
3384 0.00537982
3385 0.00530808
3386 0.00530808
3387 0.00530808
3388 0.00530808
3389 0.00530808
3390 0.00530808
3391 0.00527222
3392 0.00527222
3393 0.00520049
3394 0.00520049
3395 0.00520049
3396 0.00520049
3397 0.00520049
3398 0.00520049
3399 0.00520049
3400 0.00520049
3401 0.00505703
3402 0.00505703
3403 0.00505703
3404 0.00505703
3405 0.00505703
3406 0.00505703
3407 0.00502116
3408 0.00502116
3409 0.00484183
3410 0.00484183
3411 0.00484183
3412 0.00484183
3413 0.00484183
3414 0.00484183
3415 0.00484183
3416 0.00484183
3417 0.00473424
3418 0.00473424
3419 0.00473424
3420 0.00473424
3421 0.00473424
3422 0.00473424
3423 0.00469837
3424 0.00469837
3425 0.00466251
3426 0.00466251
3427 0.00466251
3428 0.00466251
3429 0.00466251
3430 0.00466251
3431 0.00462664
3432 0.00462664
3433 0.00462664
3434 0.00462664
3435 0.00462664
3436 0.00462664
3437 0.00462664
3438 0.00462664
3439 0.00462664
3440 0.00462664
3441 0.00459078
3442 0.00459078
3443 0.00459078
3444 0.00459078
3445 0.00459078
3446 0.00459078
3447 0.00459078
3448 0.00459078
3449 0.00459078
3450 0.00459078
3451 0.00459078
3452 0.00459078
3453 0.00459078
3454 0.00459078
3455 0.00459078
3456 0.00459078
3457 0.00451904
3458 0.00451904
3459 0.00451904
3460 0.00451904
3461 0.00451904
3462 0.00451904
3463 0.00451904
3464 0.00451904
3465 0.00448318
3466 0.00448318
3467 0.00448318
3468 0.00448318
3469 0.00448318
3470 0.00448318
3471 0.00448318
3472 0.00448318
3473 0.00448318
3474 0.00448318
3475 0.00448318
3476 0.00448318
3477 0.00448318
3478 0.00448318
3479 0.00448318
3480 0.00448318
3481 0.00444731
3482 0.00444731
3483 0.00444731
3484 0.00444731
3485 0.00444731
3486 0.00444731
3487 0.00444731
3488 0.00444731
3489 0.00433972
3490 0.00433972
3491 0.00433972
3492 0.00433972
3493 0.00433972
3494 0.00433972
3495 0.00433972
3496 0.00433972
3497 0.00433972
3498 0.00433972
3499 0.00433972
3500 0.00433972
3501 0.00433972
3502 0.00433972
3503 0.00430385
3504 0.00430385
3505 0.00416039
3506 0.00416039
3507 0.00416039
3508 0.00416039
3509 0.00416039
3510 0.00416039
3511 0.00416039
3512 0.00416039
3513 0.00408866
3514 0.00408866
3515 0.00408866
3516 0.00408866
3517 0.00408866
3518 0.00408866
3519 0.00408866
3520 0.00408866
3521 0.00401693
3522 0.00401693
3523 0.00401693
3524 0.00401693
3525 0.00401693
3526 0.00401693
3527 0.00401693
3528 0.00401693
3529 0.0039452
3530 0.0039452
3531 0.0039452
3532 0.0039452
3533 0.0039452
3534 0.0039452
3535 0.0039452
3536 0.0039452
3537 0.00387347
3538 0.00387347
3539 0.00387347
3540 0.00387347
3541 0.00387347
3542 0.00387347
3543 0.00387347
3544 0.00387347
3545 0.00387347
3546 0.00387347
3547 0.00387347
3548 0.00387347
3549 0.00387347
3550 0.00387347
3551 0.00387347
3552 0.00387347
3553 0.0038376
3554 0.0038376
3555 0.0038376
3556 0.0038376
3557 0.0038376
3558 0.0038376
3559 0.0038376
3560 0.0038376
3561 0.00380174
3562 0.00380174
3563 0.00380174
3564 0.00380174
3565 0.00380174
3566 0.00380174
3567 0.00380174
3568 0.00380174
3569 0.00373001
3570 0.00373001
3571 0.00373001
3572 0.00373001
3573 0.00373001
3574 0.00373001
3575 0.00373001
3576 0.00373001
3577 0.00373001
3578 0.00373001
3579 0.00373001
3580 0.00373001
3581 0.00373001
3582 0.00373001
3583 0.00373001
3584 0.00373001
3585 0.00373001
3586 0.00373001
3587 0.00373001
3588 0.00373001
3589 0.00373001
3590 0.00373001
3591 0.00373001
3592 0.00373001
3593 0.00358654
3594 0.00358654
3595 0.00358654
3596 0.00358654
3597 0.00358654
3598 0.00358654
3599 0.00358654
3600 0.00358654
3601 0.00351481
3602 0.00351481
3603 0.00351481
3604 0.00351481
3605 0.00351481
3606 0.00351481
3607 0.00351481
3608 0.00351481
3609 0.00340722
3610 0.00340722
3611 0.00340722
3612 0.00340722
3613 0.00340722
3614 0.00340722
3615 0.00340722
3616 0.00340722
3617 0.00337135
3618 0.00337135
3619 0.00337135
3620 0.00337135
3621 0.00337135
3622 0.00337135
3623 0.00337135
3624 0.00337135
3625 0.00329962
3626 0.00329962
3627 0.00329962
3628 0.00329962
3629 0.00329962
3630 0.00329962
3631 0.00329962
3632 0.00329962
3633 0.00326375
3634 0.00326375
3635 0.00326375
3636 0.00326375
3637 0.00326375
3638 0.00326375
3639 0.00326375
3640 0.00326375
3641 0.00326375
3642 0.00326375
3643 0.00326375
3644 0.00326375
3645 0.00326375
3646 0.00326375
3647 0.00326375
3648 0.00326375
3649 0.00319202
3650 0.00319202
3651 0.00319202
3652 0.00319202
3653 0.00319202
3654 0.00319202
3655 0.00315616
3656 0.00315616
3657 0.00315616
3658 0.00315616
3659 0.00315616
3660 0.00315616
3661 0.00315616
3662 0.00315616
3663 0.00315616
3664 0.00315616
3665 0.00315616
3666 0.00315616
3667 0.00315616
3668 0.00315616
3669 0.00315616
3670 0.00315616
3671 0.00315616
3672 0.00315616
3673 0.00308443
3674 0.00308443
3675 0.00308443
3676 0.00308443
3677 0.00308443
3678 0.00308443
3679 0.00308443
3680 0.00308443
3681 0.0030127
3682 0.0030127
3683 0.0030127
3684 0.0030127
3685 0.0030127
3686 0.0030127
3687 0.0030127
3688 0.0030127
3689 0.00297683
3690 0.00297683
3691 0.00297683
3692 0.00297683
3693 0.00297683
3694 0.00297683
3695 0.00297683
3696 0.00297683
3697 0.00294097
3698 0.00294097
3699 0.00294097
3700 0.00294097
3701 0.00294097
3702 0.00294097
3703 0.00294097
3704 0.00294097
3705 0.0029051
3706 0.0029051
3707 0.0029051
3708 0.0029051
3709 0.0029051
3710 0.0029051
3711 0.0029051
3712 0.0029051
3713 0.0027975
3714 0.0027975
3715 0.0027975
3716 0.0027975
3717 0.0027975
3718 0.0027975
3719 0.0027975
3720 0.0027975
3721 0.00272577
3722 0.00272577
3723 0.00272577
3724 0.00272577
3725 0.00272577
3726 0.00272577
3727 0.00272577
3728 0.00272577
3729 0.00268991
3730 0.00268991
3731 0.00268991
3732 0.00268991
3733 0.00268991
3734 0.00268991
3735 0.00268991
3736 0.00268991
3737 0.00268991
3738 0.00268991
3739 0.00268991
3740 0.00268991
3741 0.00268991
3742 0.00268991
3743 0.00268991
3744 0.00268991
3745 0.00261818
3746 0.00261818
3747 0.00261818
3748 0.00261818
3749 0.00261818
3750 0.00261818
3751 0.00261818
3752 0.00261818
3753 0.00258231
3754 0.00258231
3755 0.00258231
3756 0.00258231
3757 0.00258231
3758 0.00258231
3759 0.00258231
3760 0.00258231
3761 0.00254645
3762 0.00254645
3763 0.00254645
3764 0.00254645
3765 0.00254645
3766 0.00254645
3767 0.00254645
3768 0.00254645
3769 0.00251058
3770 0.00251058
3771 0.00251058
3772 0.00251058
3773 0.00251058
3774 0.00251058
3775 0.00251058
3776 0.00251058
3777 0.00247471
3778 0.00247471
3779 0.00247471
3780 0.00247471
3781 0.00247471
3782 0.00247471
3783 0.00247471
3784 0.00247471
3785 0.00247471
3786 0.00247471
3787 0.00247471
3788 0.00247471
3789 0.00247471
3790 0.00247471
3791 0.00247471
3792 0.00247471
3793 0.00247471
3794 0.00247471
3795 0.00247471
3796 0.00247471
3797 0.00247471
3798 0.00247471
3799 0.00247471
3800 0.00247471
3801 0.00243885
3802 0.00243885
3803 0.00243885
3804 0.00243885
3805 0.00243885
3806 0.00243885
3807 0.00243885
3808 0.00243885
3809 0.00243885
3810 0.00243885
3811 0.00243885
3812 0.00243885
3813 0.00243885
3814 0.00243885
3815 0.00243885
3816 0.00243885
3817 0.00236712
3818 0.00236712
3819 0.00236712
3820 0.00236712
3821 0.00236712
3822 0.00236712
3823 0.00236712
3824 0.00236712
3825 0.00229539
3826 0.00229539
3827 0.00229539
3828 0.00229539
3829 0.00229539
3830 0.00229539
3831 0.00229539
3832 0.00229539
3833 0.00218779
3834 0.00218779
3835 0.00218779
3836 0.00218779
3837 0.00218779
3838 0.00218779
3839 0.00218779
3840 0.00218779
3841 0.00215193
3842 0.00215193
3843 0.00215193
3844 0.00215193
3845 0.00215193
3846 0.00215193
3847 0.00215193
3848 0.00215193
3849 0.00215193
3850 0.00215193
3851 0.00215193
3852 0.00215193
3853 0.00215193
3854 0.00215193
3855 0.00215193
3856 0.00215193
3857 0.00215193
3858 0.00215193
3859 0.00215193
3860 0.00215193
3861 0.00215193
3862 0.00215193
3863 0.00215193
3864 0.00215193
3865 0.00211606
3866 0.00211606
3867 0.00211606
3868 0.00211606
3869 0.00211606
3870 0.00211606
3871 0.00211606
3872 0.00211606
3873 0.00211606
3874 0.00211606
3875 0.00211606
3876 0.00211606
3877 0.00211606
3878 0.00211606
3879 0.00211606
3880 0.00211606
3881 0.00204433
3882 0.00204433
3883 0.00204433
3884 0.00204433
3885 0.00204433
3886 0.00204433
3887 0.00204433
3888 0.00204433
3889 0.00204433
3890 0.00204433
3891 0.00204433
3892 0.00204433
3893 0.00204433
3894 0.00204433
3895 0.00200846
3896 0.00200846
3897 0.00200846
3898 0.00200846
3899 0.00200846
3900 0.00200846
3901 0.00200846
3902 0.00200846
3903 0.00200846
3904 0.00200846
3905 0.00200846
3906 0.00200846
3907 0.00200846
3908 0.00200846
3909 0.00200846
3910 0.00200846
3911 0.00200846
3912 0.00200846
3913 0.00200846
3914 0.00200846
3915 0.00200846
3916 0.00200846
3917 0.00200846
3918 0.00200846
3919 0.00200846
3920 0.00200846
3921 0.00200846
3922 0.00200846
3923 0.00200846
3924 0.00200846
3925 0.00200846
3926 0.00200846
3927 0.00200846
3928 0.00200846
3929 0.00193673
3930 0.00193673
3931 0.00193673
3932 0.00193673
3933 0.00193673
3934 0.00193673
3935 0.00193673
3936 0.00193673
3937 0.00190087
3938 0.00190087
3939 0.00190087
3940 0.00190087
3941 0.00190087
3942 0.00190087
3943 0.00190087
3944 0.00190087
3945 0.00190087
3946 0.00190087
3947 0.00190087
3948 0.00190087
3949 0.00190087
3950 0.00190087
3951 0.00190087
3952 0.00190087
3953 0.001865
3954 0.001865
3955 0.001865
3956 0.001865
3957 0.001865
3958 0.001865
3959 0.001865
3960 0.001865
3961 0.001865
3962 0.001865
3963 0.001865
3964 0.001865
3965 0.001865
3966 0.001865
3967 0.001865
3968 0.001865
3969 0.001865
3970 0.001865
3971 0.001865
3972 0.001865
3973 0.001865
3974 0.001865
3975 0.001865
3976 0.001865
3977 0.001865
3978 0.001865
3979 0.001865
3980 0.001865
3981 0.001865
3982 0.001865
3983 0.001865
3984 0.001865
3985 0.00182914
3986 0.00182914
3987 0.00182914
3988 0.00182914
3989 0.00182914
3990 0.00182914
3991 0.00182914
3992 0.00182914
3993 0.00182914
3994 0.00182914
3995 0.00182914
3996 0.00182914
3997 0.00182914
3998 0.00182914
3999 0.00182914
4000 0.00182914
4001 0.00179327
4002 0.00179327
4003 0.00179327
4004 0.00179327
4005 0.00179327
4006 0.00179327
4007 0.00179327
4008 0.00179327
4009 0.00172154
4010 0.00172154
4011 0.00172154
4012 0.00172154
4013 0.00172154
4014 0.00172154
4015 0.00172154
4016 0.00172154
4017 0.00172154
4018 0.00172154
4019 0.00172154
4020 0.00172154
4021 0.00172154
4022 0.00172154
4023 0.00172154
4024 0.00172154
4025 0.00168568
4026 0.00168568
4027 0.00168568
4028 0.00168568
4029 0.00168568
4030 0.00168568
4031 0.00168568
4032 0.00168568
4033 0.00168568
4034 0.00168568
4035 0.00168568
4036 0.00168568
4037 0.00168568
4038 0.00168568
4039 0.00168568
4040 0.00168568
4041 0.00168568
4042 0.00168568
4043 0.00168568
4044 0.00168568
4045 0.00168568
4046 0.00168568
4047 0.00168568
4048 0.00168568
4049 0.00164981
4050 0.00164981
4051 0.00164981
4052 0.00164981
4053 0.00164981
4054 0.00164981
4055 0.00164981
4056 0.00164981
4057 0.00161394
4058 0.00161394
4059 0.00161394
4060 0.00161394
4061 0.00161394
4062 0.00161394
4063 0.00161394
4064 0.00161394
4065 0.00157808
4066 0.00157808
4067 0.00157808
4068 0.00157808
4069 0.00157808
4070 0.00157808
4071 0.00157808
4072 0.00157808
4073 0.00150635
4074 0.00150635
4075 0.00150635
4076 0.00150635
4077 0.00150635
4078 0.00150635
4079 0.00150635
4080 0.00150635
4081 0.00150635
4082 0.00150635
4083 0.00150635
4084 0.00150635
4085 0.00150635
4086 0.00150635
4087 0.00150635
4088 0.00150635
4089 0.00150635
4090 0.00150635
4091 0.00150635
4092 0.00150635
4093 0.00150635
4094 0.00150635
4095 0.00150635
4096 0.00150635
4097 0.00150635
4098 0.00150635
4099 0.00150635
4100 0.00150635
4101 0.00150635
4102 0.00150635
4103 0.00150635
4104 0.00150635
4105 0.00150635
4106 0.00150635
4107 0.00150635
4108 0.00150635
4109 0.00150635
4110 0.00150635
4111 0.00150635
4112 0.00150635
4113 0.00150635
4114 0.00150635
4115 0.00150635
4116 0.00150635
4117 0.00150635
4118 0.00150635
4119 0.00150635
4120 0.00150635
4121 0.00150635
4122 0.00150635
4123 0.00150635
4124 0.00150635
4125 0.00150635
4126 0.00150635
4127 0.00150635
4128 0.00150635
4129 0.00150635
4130 0.00150635
4131 0.00150635
4132 0.00150635
4133 0.00150635
4134 0.00150635
4135 0.00150635
4136 0.00150635
4137 0.00150635
4138 0.00150635
4139 0.00150635
4140 0.00150635
4141 0.00150635
4142 0.00150635
4143 0.00150635
4144 0.00150635
4145 0.00150635
4146 0.00150635
4147 0.00150635
4148 0.00150635
4149 0.00150635
4150 0.00150635
4151 0.00150635
4152 0.00150635
4153 0.00150635
4154 0.00150635
4155 0.00150635
4156 0.00150635
4157 0.00150635
4158 0.00150635
4159 0.00147048
4160 0.00147048
4161 0.00143462
4162 0.00143462
4163 0.00143462
4164 0.00143462
4165 0.00143462
4166 0.00143462
4167 0.00143462
4168 0.00143462
4169 0.00139875
4170 0.00139875
4171 0.00139875
4172 0.00139875
4173 0.00139875
4174 0.00139875
4175 0.00139875
4176 0.00139875
4177 0.00136289
4178 0.00136289
4179 0.00136289
4180 0.00136289
4181 0.00136289
4182 0.00136289
4183 0.00136289
4184 0.00136289
4185 0.00136289
4186 0.00136289
4187 0.00136289
4188 0.00136289
4189 0.00136289
4190 0.00136289
4191 0.00136289
4192 0.00136289
4193 0.00132702
4194 0.00132702
4195 0.00132702
4196 0.00132702
4197 0.00132702
4198 0.00132702
4199 0.00132702
4200 0.00132702
4201 0.00132702
4202 0.00132702
4203 0.00132702
4204 0.00132702
4205 0.00132702
4206 0.00132702
4207 0.00132702
4208 0.00132702
4209 0.00132702
4210 0.00132702
4211 0.00132702
4212 0.00132702
4213 0.00132702
4214 0.00132702
4215 0.00132702
4216 0.00132702
4217 0.00129116
4218 0.00129116
4219 0.00129116
4220 0.00129116
4221 0.00129116
4222 0.00129116
4223 0.00129116
4224 0.00129116
4225 0.00129116
4226 0.00129116
4227 0.00129116
4228 0.00129116
4229 0.00129116
4230 0.00129116
4231 0.00129116
4232 0.00129116
4233 0.00129116
4234 0.00129116
4235 0.00129116
4236 0.00129116
4237 0.00129116
4238 0.00129116
4239 0.00129116
4240 0.00129116
4241 0.00129116
4242 0.00129116
4243 0.00129116
4244 0.00129116
4245 0.00129116
4246 0.00129116
4247 0.00129116
4248 0.00129116
4249 0.00129116
4250 0.00129116
4251 0.00129116
4252 0.00129116
4253 0.00129116
4254 0.00129116
4255 0.00129116
4256 0.00129116
4257 0.00129116
4258 0.00129116
4259 0.00129116
4260 0.00129116
4261 0.00129116
4262 0.00129116
4263 0.00129116
4264 0.00129116
4265 0.00125529
4266 0.00125529
4267 0.00125529
4268 0.00125529
4269 0.00125529
4270 0.00125529
4271 0.00125529
4272 0.00125529
4273 0.00125529
4274 0.00125529
4275 0.00125529
4276 0.00125529
4277 0.00125529
4278 0.00125529
4279 0.00125529
4280 0.00125529
4281 0.00125529
4282 0.00125529
4283 0.00125529
4284 0.00125529
4285 0.00125529
4286 0.00125529
4287 0.00125529
4288 0.00125529
4289 0.00125529
4290 0.00125529
4291 0.00125529
4292 0.00125529
4293 0.00125529
4294 0.00125529
4295 0.00125529
4296 0.00125529
4297 0.00125529
4298 0.00125529
4299 0.00125529
4300 0.00125529
4301 0.00125529
4302 0.00125529
4303 0.00125529
4304 0.00125529
4305 0.00125529
4306 0.00125529
4307 0.00125529
4308 0.00125529
4309 0.00125529
4310 0.00125529
4311 0.00125529
4312 0.00125529
4313 0.00125529
4314 0.00125529
4315 0.00125529
4316 0.00125529
4317 0.00125529
4318 0.00125529
4319 0.00125529
4320 0.00125529
4321 0.00125529
4322 0.00125529
4323 0.00125529
4324 0.00125529
4325 0.00125529
4326 0.00125529
4327 0.00125529
4328 0.00125529
4329 0.00125529
4330 0.00125529
4331 0.00125529
4332 0.00125529
4333 0.00125529
4334 0.00125529
4335 0.00125529
4336 0.00125529
4337 0.00125529
4338 0.00125529
4339 0.00125529
4340 0.00125529
4341 0.00125529
4342 0.00125529
4343 0.00125529
4344 0.00125529
4345 0.00121942
4346 0.00121942
4347 0.00121942
4348 0.00121942
4349 0.00121942
4350 0.00121942
4351 0.00121942
4352 0.00121942
4353 0.00121942
4354 0.00121942
4355 0.00121942
4356 0.00121942
4357 0.00121942
4358 0.00121942
4359 0.00118356
4360 0.00118356
4361 0.00118356
4362 0.00118356
4363 0.00118356
4364 0.00118356
4365 0.00118356
4366 0.00118356
4367 0.00118356
4368 0.00118356
4369 0.00118356
4370 0.00118356
4371 0.00118356
4372 0.00118356
4373 0.00118356
4374 0.00118356
4375 0.00118356
4376 0.00118356
4377 0.00114769
4378 0.00114769
4379 0.00114769
4380 0.00114769
4381 0.00114769
4382 0.00114769
4383 0.00111183
4384 0.00111183
4385 0.00111183
4386 0.00111183
4387 0.00111183
4388 0.00111183
4389 0.00111183
4390 0.00111183
4391 0.00111183
4392 0.00111183
4393 0.00111183
4394 0.00111183
4395 0.00111183
4396 0.00111183
4397 0.00111183
4398 0.00111183
4399 0.00111183
4400 0.00111183
4401 0.00111183
4402 0.00111183
4403 0.00111183
4404 0.00111183
4405 0.00111183
4406 0.00111183
4407 0.00111183
4408 0.00111183
4409 0.00111183
4410 0.00111183
4411 0.00111183
4412 0.00111183
4413 0.00111183
4414 0.00111183
4415 0.00111183
4416 0.00111183
4417 0.00111183
4418 0.00111183
4419 0.00111183
4420 0.00111183
4421 0.00111183
4422 0.00111183
4423 0.00111183
4424 0.00111183
4425 0.0010401
4426 0.0010401
4427 0.0010401
4428 0.0010401
4429 0.0010401
4430 0.0010401
4431 0.0010401
4432 0.0010401
4433 0.0010401
4434 0.0010401
4435 0.0010401
4436 0.0010401
4437 0.0010401
4438 0.0010401
4439 0.0010401
4440 0.0010401
4441 0.0010401
4442 0.0010401
4443 0.0010401
4444 0.0010401
4445 0.0010401
4446 0.0010401
4447 0.0010401
4448 0.0010401
4449 0.0010401
4450 0.0010401
4451 0.0010401
4452 0.0010401
4453 0.0010401
4454 0.0010401
4455 0.0010401
4456 0.0010401
4457 0.0010401
4458 0.0010401
4459 0.0010401
4460 0.0010401
4461 0.0010401
4462 0.0010401
4463 0.0010401
4464 0.0010401
4465 0.00100423
4466 0.00100423
4467 0.00100423
4468 0.00100423
4469 0.00100423
4470 0.00100423
4471 0.00100423
4472 0.00100423
4473 0.00100423
4474 0.00100423
4475 0.00100423
4476 0.00100423
4477 0.00100423
4478 0.00100423
4479 0.00100423
4480 0.00100423
4481 0.00100423
4482 0.00100423
4483 0.00100423
4484 0.00100423
4485 0.00100423
4486 0.00100423
4487 0.00100423
4488 0.00100423
4489 0.00100423
4490 0.00100423
4491 0.00100423
4492 0.00100423
4493 0.00100423
4494 0.00100423
4495 0.00100423
4496 0.00100423
4497 0.000968367
4498 0.000968367
4499 0.000968367
4500 0.000968367
4501 0.000968367
4502 0.000968367
4503 0.000968367
4504 0.000968367
4505 0.000968367
4506 0.000968367
4507 0.000968367
4508 0.000968367
4509 0.000968367
4510 0.000968367
4511 0.000968367
4512 0.000968367
4513 0.000968367
4514 0.000968367
4515 0.000968367
4516 0.000968367
4517 0.000968367
4518 0.000968367
4519 0.000968367
4520 0.000968367
4521 0.000932501
4522 0.000932501
4523 0.000932501
4524 0.000932501
4525 0.000932501
4526 0.000932501
4527 0.000932501
4528 0.000932501
4529 0.000932501
4530 0.000932501
4531 0.000932501
4532 0.000932501
4533 0.000932501
4534 0.000932501
4535 0.000932501
4536 0.000932501
4537 0.000932501
4538 0.000932501
4539 0.000932501
4540 0.000932501
4541 0.000932501
4542 0.000932501
4543 0.000896636
4544 0.000896636
4545 0.000896636
4546 0.000896636
4547 0.000896636
4548 0.000896636
4549 0.000896636
4550 0.000896636
4551 0.000896636
4552 0.000896636
4553 0.000896636
4554 0.000896636
4555 0.000896636
4556 0.000896636
4557 0.000896636
4558 0.000896636
4559 0.000896636
4560 0.000896636
4561 0.000896636
4562 0.000896636
4563 0.000896636
4564 0.000896636
4565 0.000896636
4566 0.000896636
4567 0.000896636
4568 0.000896636
4569 0.00086077
4570 0.00086077
4571 0.00086077
4572 0.00086077
4573 0.00086077
4574 0.00086077
4575 0.00086077
4576 0.00086077
4577 0.00086077
4578 0.00086077
4579 0.00086077
4580 0.00086077
4581 0.00086077
4582 0.00086077
4583 0.00086077
4584 0.00086077
4585 0.00086077
4586 0.00086077
4587 0.00086077
4588 0.00086077
4589 0.00086077
4590 0.00086077
4591 0.00086077
4592 0.00086077
4593 0.00086077
4594 0.00086077
4595 0.00086077
4596 0.00086077
4597 0.00086077
4598 0.00086077
4599 0.00086077
4600 0.00086077
4601 0.00086077
4602 0.00086077
4603 0.00086077
4604 0.00086077
4605 0.00086077
4606 0.00086077
4607 0.00086077
4608 0.00086077
4609 0.00086077
4610 0.00086077
4611 0.00086077
4612 0.00086077
4613 0.00086077
4614 0.00086077
4615 0.00086077
4616 0.00086077
4617 0.00086077
4618 0.00086077
4619 0.00086077
4620 0.00086077
4621 0.00086077
4622 0.00086077
4623 0.000824905
4624 0.000824905
4625 0.000824905
4626 0.000824905
4627 0.000824905
4628 0.000824905
4629 0.000824905
4630 0.000824905
4631 0.000824905
4632 0.000824905
4633 0.000824905
4634 0.000824905
4635 0.000824905
4636 0.000824905
4637 0.000824905
4638 0.000824905
4639 0.000824905
4640 0.000824905
4641 0.00078904
4642 0.00078904
4643 0.00078904
4644 0.00078904
4645 0.00078904
4646 0.00078904
4647 0.00078904
4648 0.00078904
4649 0.000753174
4650 0.000753174
4651 0.000753174
4652 0.000753174
4653 0.000753174
4654 0.000753174
4655 0.000717309
4656 0.000717309
4657 0.000681443
4658 0.000681443
4659 0.000681443
4660 0.000681443
4661 0.000681443
4662 0.000681443
4663 0.000681443
4664 0.000681443
4665 0.000681443
4666 0.000681443
4667 0.000681443
4668 0.000681443
4669 0.000681443
4670 0.000681443
4671 0.000681443
4672 0.000681443
4673 0.000681443
4674 0.000681443
4675 0.000681443
4676 0.000681443
4677 0.000681443
4678 0.000681443
4679 0.000681443
4680 0.000681443
4681 0.000681443
4682 0.000681443
4683 0.000681443
4684 0.000681443
4685 0.000681443
4686 0.000681443
4687 0.000681443
4688 0.000681443
4689 0.000681443
4690 0.000681443
4691 0.000681443
4692 0.000681443
4693 0.000681443
4694 0.000681443
4695 0.000681443
4696 0.000681443
4697 0.000681443
4698 0.000681443
4699 0.000681443
4700 0.000681443
4701 0.000681443
4702 0.000681443
4703 0.000681443
4704 0.000681443
4705 0.000681443
4706 0.000681443
4707 0.000681443
4708 0.000681443
4709 0.000681443
4710 0.000681443
4711 0.000681443
4712 0.000681443
4713 0.000681443
4714 0.000681443
4715 0.000681443
4716 0.000681443
4717 0.000681443
4718 0.000681443
4719 0.000681443
4720 0.000681443
4721 0.000681443
4722 0.000681443
4723 0.000681443
4724 0.000681443
4725 0.000681443
4726 0.000681443
4727 0.000681443
4728 0.000681443
4729 0.000681443
4730 0.000681443
4731 0.000681443
4732 0.000681443
4733 0.000681443
4734 0.000681443
4735 0.000681443
4736 0.000681443
4737 0.000681443
4738 0.000681443
4739 0.000681443
4740 0.000681443
4741 0.000681443
4742 0.000681443
4743 0.000681443
4744 0.000681443
4745 0.000681443
4746 0.000681443
4747 0.000681443
4748 0.000681443
4749 0.000681443
4750 0.000681443
4751 0.000681443
4752 0.000681443
4753 0.000681443
4754 0.000681443
4755 0.000681443
4756 0.000681443
4757 0.000681443
4758 0.000681443
4759 0.000681443
4760 0.000681443
4761 0.000681443
4762 0.000681443
4763 0.000681443
4764 0.000681443
4765 0.000681443
4766 0.000681443
4767 0.000681443
4768 0.000681443
4769 0.000681443
4770 0.000681443
4771 0.000681443
4772 0.000681443
4773 0.000681443
4774 0.000681443
4775 0.000681443
4776 0.000681443
4777 0.000645578
4778 0.000645578
4779 0.000645578
4780 0.000645578
4781 0.000645578
4782 0.000645578
4783 0.000645578
4784 0.000645578
4785 0.000609712
4786 0.000609712
4787 0.000609712
4788 0.000609712
4789 0.000609712
4790 0.000609712
4791 0.000609712
4792 0.000609712
4793 0.000609712
4794 0.000609712
4795 0.000609712
4796 0.000609712
4797 0.000609712
4798 0.000609712
4799 0.000609712
4800 0.000609712
4801 0.000609712
4802 0.000609712
4803 0.000609712
4804 0.000609712
4805 0.000609712
4806 0.000609712
4807 0.000609712
4808 0.000609712
4809 0.000537982
4810 0.000537982
4811 0.000537982
4812 0.000537982
4813 0.000537982
4814 0.000537982
4815 0.000537982
4816 0.000537982
4817 0.000537982
4818 0.000537982
4819 0.000537982
4820 0.000537982
4821 0.000537982
4822 0.000537982
4823 0.000502116
4824 0.000502116
4825 0.000466251
4826 0.000466251
4827 0.000466251
4828 0.000466251
4829 0.000466251
4830 0.000466251
4831 0.000466251
4832 0.000466251
4833 0.000430385
4834 0.000430385
4835 0.000430385
4836 0.000430385
4837 0.000430385
4838 0.000430385
4839 0.000430385
4840 0.000430385
4841 0.000430385
4842 0.000430385
4843 0.000430385
4844 0.000430385
4845 0.000430385
4846 0.000430385
4847 0.000430385
4848 0.000430385
4849 0.00039452
4850 0.00039452
4851 0.00039452
4852 0.00039452
4853 0.00039452
4854 0.00039452
4855 0.00039452
4856 0.00039452
4857 0.00039452
4858 0.00039452
4859 0.00039452
4860 0.00039452
4861 0.00039452
4862 0.00039452
4863 0.00039452
4864 0.00039452
4865 0.00039452
4866 0.00039452
4867 0.00039452
4868 0.00039452
4869 0.00039452
4870 0.00039452
4871 0.00039452
4872 0.00039452
4873 0.00039452
4874 0.00039452
4875 0.00039452
4876 0.00039452
4877 0.00039452
4878 0.00039452
4879 0.00039452
4880 0.00039452
4881 0.00039452
4882 0.00039452
4883 0.00039452
4884 0.00039452
4885 0.00039452
4886 0.00039452
4887 0.00039452
4888 0.00039452
4889 0.00039452
4890 0.00039452
4891 0.00039452
4892 0.00039452
4893 0.00039452
4894 0.00039452
4895 0.00039452
4896 0.00039452
4897 0.00039452
4898 0.00039452
4899 0.00039452
4900 0.00039452
4901 0.00039452
4902 0.00039452
4903 0.00039452
4904 0.00039452
4905 0.00039452
4906 0.00039452
4907 0.00039452
4908 0.00039452
4909 0.00039452
4910 0.00039452
4911 0.00039452
4912 0.00039452
4913 0.00039452
4914 0.00039452
4915 0.00039452
4916 0.00039452
4917 0.00039452
4918 0.00039452
4919 0.00039452
4920 0.00039452
4921 0.00039452
4922 0.00039452
4923 0.00039452
4924 0.00039452
4925 0.00039452
4926 0.00039452
4927 0.000358654
4928 0.000358654
4929 0.000358654
4930 0.000358654
4931 0.000358654
4932 0.000358654
4933 0.000358654
4934 0.000358654
4935 0.000358654
4936 0.000358654
4937 0.000322789
4938 0.000322789
4939 0.000322789
4940 0.000322789
4941 0.000322789
4942 0.000322789
4943 0.000286923
4944 0.000286923
4945 0.000286923
4946 0.000286923
4947 0.000286923
4948 0.000286923
4949 0.000286923
4950 0.000286923
4951 0.000286923
4952 0.000286923
4953 0.000286923
4954 0.000286923
4955 0.000286923
4956 0.000286923
4957 0.000286923
4958 0.000286923
4959 0.000286923
4960 0.000286923
4961 0.000286923
4962 0.000286923
4963 0.000286923
4964 0.000286923
4965 0.000286923
4966 0.000286923
4967 0.000286923
4968 0.000286923
4969 0.000286923
4970 0.000286923
4971 0.000286923
4972 0.000286923
4973 0.000286923
4974 0.000286923
4975 0.000286923
4976 0.000286923
4977 0.000286923
4978 0.000286923
4979 0.000286923
4980 0.000286923
4981 0.000286923
4982 0.000286923
4983 0.000286923
4984 0.000286923
4985 0.000286923
4986 0.000286923
4987 0.000286923
4988 0.000286923
4989 0.000286923
4990 0.000286923
4991 0.000286923
4992 0.000286923
4993 0.000286923
4994 0.000286923
4995 0.000286923
4996 0.000286923
4997 0.000286923
4998 0.000286923
4999 0.000286923
5000 0.000286923
5001 0.000286923
5002 0.000286923
5003 0.000286923
5004 0.000286923
5005 0.000286923
5006 0.000286923
5007 0.000286923
5008 0.000286923
5009 0.000286923
5010 0.000286923
5011 0.000286923
5012 0.000286923
5013 0.000286923
5014 0.000286923
5015 0.000286923
5016 0.000286923
5017 0.000286923
5018 0.000286923
5019 0.000286923
5020 0.000286923
5021 0.000286923
5022 0.000286923
5023 0.000286923
5024 0.000286923
5025 0.000286923
5026 0.000286923
5027 0.000286923
5028 0.000286923
5029 0.000286923
5030 0.000286923
5031 0.000286923
5032 0.000286923
5033 0.000286923
5034 0.000286923
5035 0.000286923
5036 0.000286923
5037 0.000286923
5038 0.000286923
5039 0.000286923
5040 0.000286923
5041 0.000286923
5042 0.000286923
5043 0.000286923
5044 0.000286923
5045 0.000286923
5046 0.000286923
5047 0.000286923
5048 0.000286923
5049 0.000286923
5050 0.000286923
5051 0.000286923
5052 0.000286923
5053 0.000286923
5054 0.000286923
5055 0.000286923
5056 0.000286923
5057 0.000286923
5058 0.000286923
5059 0.000286923
5060 0.000286923
5061 0.000286923
5062 0.000286923
5063 0.000286923
5064 0.000286923
5065 0.000286923
5066 0.000286923
5067 0.000286923
5068 0.000286923
5069 0.000286923
5070 0.000286923
5071 0.000286923
5072 0.000286923
5073 0.000286923
5074 0.000286923
5075 0.000286923
5076 0.000286923
5077 0.000286923
5078 0.000286923
5079 0.000286923
5080 0.000286923
5081 0.000251058
5082 0.000251058
5083 0.000251058
5084 0.000251058
5085 0.000251058
5086 0.000251058
5087 0.000251058
5088 0.000251058
5089 0.000251058
5090 0.000251058
5091 0.000251058
5092 0.000251058
5093 0.000251058
5094 0.000251058
5095 0.000251058
5096 0.000251058
5097 0.000251058
5098 0.000251058
5099 0.000251058
5100 0.000251058
5101 0.000251058
5102 0.000251058
5103 0.000251058
5104 0.000251058
5105 0.000251058
5106 0.000251058
5107 0.000251058
5108 0.000251058
5109 0.000251058
5110 0.000251058
5111 0.000251058
5112 0.000251058
5113 0.000251058
5114 0.000251058
5115 0.000251058
5116 0.000251058
5117 0.000251058
5118 0.000251058
5119 0.000251058
5120 0.000251058
5121 0.000251058
5122 0.000251058
5123 0.000251058
5124 0.000251058
5125 0.000251058
5126 0.000251058
5127 0.000251058
5128 0.000251058
5129 0.000251058
5130 0.000251058
5131 0.000251058
5132 0.000251058
5133 0.000251058
5134 0.000251058
5135 0.000251058
5136 0.000251058
5137 0.000251058
5138 0.000251058
5139 0.000251058
5140 0.000251058
5141 0.000251058
5142 0.000251058
5143 0.000251058
5144 0.000251058
5145 0.000251058
5146 0.000251058
5147 0.000251058
5148 0.000251058
5149 0.000251058
5150 0.000251058
5151 0.000251058
5152 0.000251058
5153 0.000251058
5154 0.000251058
5155 0.000251058
5156 0.000251058
5157 0.000251058
5158 0.000251058
5159 0.000251058
5160 0.000251058
5161 0.000251058
5162 0.000251058
5163 0.000251058
5164 0.000251058
5165 0.000251058
5166 0.000251058
5167 0.000251058
5168 0.000251058
5169 0.000251058
5170 0.000251058
5171 0.000251058
5172 0.000251058
5173 0.000251058
5174 0.000251058
5175 0.000251058
5176 0.000251058
5177 0.000251058
5178 0.000251058
5179 0.000251058
5180 0.000251058
5181 0.000251058
5182 0.000251058
5183 0.000251058
5184 0.000251058
5185 0.000251058
5186 0.000251058
5187 0.000251058
5188 0.000251058
5189 0.000251058
5190 0.000251058
5191 0.000251058
5192 0.000251058
5193 0.000251058
5194 0.000251058
5195 0.000251058
5196 0.000251058
5197 0.000251058
5198 0.000251058
5199 0.000251058
5200 0.000251058
5201 0.000251058
5202 0.000251058
5203 0.000251058
5204 0.000251058
5205 0.000251058
5206 0.000251058
5207 0.000251058
5208 0.000251058
5209 0.000251058
5210 0.000251058
5211 0.000251058
5212 0.000251058
5213 0.000251058
5214 0.000251058
5215 0.000251058
5216 0.000251058
5217 0.000251058
5218 0.000251058
5219 0.000251058
5220 0.000251058
5221 0.000251058
5222 0.000251058
5223 0.000251058
5224 0.000251058
5225 0.000251058
5226 0.000251058
5227 0.000251058
5228 0.000251058
5229 0.000251058
5230 0.000251058
5231 0.000251058
5232 0.000251058
5233 0.000251058
5234 0.000251058
5235 0.000251058
5236 0.000251058
5237 0.000251058
5238 0.000251058
5239 0.000251058
5240 0.000251058
5241 0.000251058
5242 0.000251058
5243 0.000251058
5244 0.000251058
5245 0.000251058
5246 0.000251058
5247 0.000251058
5248 0.000251058
5249 0.000251058
5250 0.000251058
5251 0.000251058
5252 0.000251058
5253 0.000251058
5254 0.000251058
5255 0.000251058
5256 0.000251058
5257 0.000251058
5258 0.000251058
5259 0.000251058
5260 0.000251058
5261 0.000251058
5262 0.000251058
5263 0.000251058
5264 0.000251058
5265 0.000251058
5266 0.000251058
5267 0.000251058
5268 0.000251058
5269 0.000251058
5270 0.000251058
5271 0.000215193
5272 0.000215193
5273 0.000215193
5274 0.000215193
5275 0.000215193
5276 0.000215193
5277 0.000215193
5278 0.000215193
5279 0.000215193
5280 0.000215193
5281 0.000215193
5282 0.000215193
5283 0.000215193
5284 0.000215193
5285 0.000215193
5286 0.000215193
5287 0.000215193
5288 0.000215193
5289 0.000215193
5290 0.000215193
5291 0.000215193
5292 0.000215193
5293 0.000215193
5294 0.000215193
5295 0.000215193
5296 0.000215193
5297 0.000215193
5298 0.000215193
5299 0.000215193
5300 0.000215193
5301 0.000215193
5302 0.000215193
5303 0.000215193
5304 0.000215193
5305 0.000215193
5306 0.000215193
5307 0.000215193
5308 0.000215193
5309 0.000215193
5310 0.000215193
5311 0.000215193
5312 0.000215193
5313 0.000215193
5314 0.000215193
5315 0.000215193
5316 0.000215193
5317 0.000215193
5318 0.000215193
5319 0.000215193
5320 0.000215193
5321 0.000215193
5322 0.000215193
5323 0.000215193
5324 0.000215193
5325 0.000215193
5326 0.000215193
5327 0.000215193
5328 0.000215193
5329 0.000215193
5330 0.000215193
5331 0.000215193
5332 0.000215193
5333 0.000215193
5334 0.000215193
5335 0.000215193
5336 0.000215193
5337 0.000215193
5338 0.000215193
5339 0.000215193
5340 0.000215193
5341 0.000215193
5342 0.000215193
5343 0.000215193
5344 0.000215193
5345 0.000215193
5346 0.000215193
5347 0.000215193
5348 0.000215193
5349 0.000215193
5350 0.000215193
5351 0.000215193
5352 0.000215193
5353 0.000179327
5354 0.000179327
5355 0.000179327
5356 0.000179327
5357 0.000179327
5358 0.000179327
5359 0.000179327
5360 0.000179327
5361 0.000179327
5362 0.000179327
5363 0.000179327
5364 0.000179327
5365 0.000179327
5366 0.000179327
5367 0.000179327
5368 0.000179327
5369 0.000179327
5370 0.000179327
5371 0.000179327
5372 0.000179327
5373 0.000179327
5374 0.000179327
5375 0.000179327
5376 0.000179327
5377 0.000179327
5378 0.000179327
5379 0.000179327
5380 0.000179327
5381 0.000179327
5382 0.000179327
5383 0.000179327
5384 0.000179327
5385 0.000179327
5386 0.000179327
5387 0.000179327
5388 0.000179327
5389 0.000179327
5390 0.000179327
5391 0.000179327
5392 0.000179327
5393 0.000179327
5394 0.000179327
5395 0.000179327
5396 0.000179327
5397 0.000179327
5398 0.000179327
5399 0.000179327
5400 0.000179327
5401 0.000179327
5402 0.000179327
5403 0.000179327
5404 0.000179327
5405 0.000179327
5406 0.000179327
5407 0.000179327
5408 0.000179327
5409 0.000179327
5410 0.000179327
5411 0.000179327
5412 0.000179327
5413 0.000179327
5414 0.000179327
5415 0.000179327
5416 0.000179327
5417 0.000179327
5418 0.000179327
5419 0.000179327
5420 0.000179327
5421 0.000179327
5422 0.000179327
5423 0.000179327
5424 0.000179327
5425 0.000179327
5426 0.000179327
5427 0.000179327
5428 0.000179327
5429 0.000179327
5430 0.000179327
5431 0.000143462
5432 0.000143462
5433 0.000143462
5434 0.000143462
5435 0.000143462
5436 0.000143462
5437 0.000143462
5438 0.000143462
5439 0.000143462
5440 0.000143462
5441 0.000143462
5442 0.000143462
5443 0.000143462
5444 0.000143462
5445 0.000143462
5446 0.000143462
5447 0.000143462
5448 0.000143462
5449 0.000143462
5450 0.000143462
5451 0.000143462
5452 0.000143462
5453 0.000143462
5454 0.000143462
5455 0.000143462
5456 0.000143462
5457 0.000143462
5458 0.000143462
5459 0.000143462
5460 0.000143462
5461 0.000143462
5462 0.000143462
5463 0.000143462
5464 0.000143462
5465 0.000143462
5466 0.000143462
5467 0.000143462
5468 0.000143462
5469 0.000143462
5470 0.000143462
5471 0.000143462
5472 0.000143462
5473 0.000143462
5474 0.000143462
5475 0.000143462
5476 0.000143462
5477 0.000143462
5478 0.000143462
5479 0.000143462
5480 0.000143462
5481 0.000143462
5482 0.000143462
5483 0.000143462
5484 0.000143462
5485 0.000143462
5486 0.000143462
5487 0.000143462
5488 0.000143462
5489 0.000143462
5490 0.000143462
5491 0.000143462
5492 0.000143462
5493 0.000143462
5494 0.000143462
5495 0.000143462
5496 0.000143462
5497 0.000143462
5498 0.000143462
5499 0.000143462
5500 0.000143462
5501 0.000143462
5502 0.000143462
5503 0.000143462
5504 0.000143462
5505 0.000143462
5506 0.000143462
5507 0.000143462
5508 0.000143462
5509 0.000143462
5510 0.000143462
5511 0.000143462
5512 0.000143462
5513 0.000143462
5514 0.000143462
5515 0.000143462
5516 0.000143462
5517 0.000143462
5518 0.000143462
5519 0.000143462
5520 0.000143462
5521 0.000143462
5522 0.000143462
5523 0.000143462
5524 0.000143462
5525 0.000143462
5526 0.000143462
5527 0.000143462
5528 0.000143462
5529 0.000143462
5530 0.000143462
5531 0.000143462
5532 0.000143462
5533 0.000143462
5534 0.000143462
5535 0.000143462
5536 0.000143462
5537 0.000143462
5538 0.000143462
5539 0.000143462
5540 0.000143462
5541 0.000143462
5542 0.000143462
5543 0.000143462
5544 0.000143462
5545 0.000143462
5546 0.000143462
5547 0.000143462
5548 0.000143462
5549 0.000143462
5550 0.000143462
5551 0.000143462
5552 0.000143462
5553 0.000107596
5554 0.000107596
5555 0.000107596
5556 0.000107596
5557 0.000107596
5558 0.000107596
5559 0.000107596
5560 0.000107596
5561 0.000107596
5562 0.000107596
5563 0.000107596
5564 0.000107596
5565 0.000107596
5566 0.000107596
5567 0.000107596
5568 0.000107596
5569 0.000107596
5570 0.000107596
5571 0.000107596
5572 0.000107596
5573 0.000107596
5574 0.000107596
5575 0.000107596
5576 0.000107596
5577 0.000107596
5578 0.000107596
5579 0.000107596
5580 0.000107596
5581 0.000107596
5582 0.000107596
5583 0.000107596
5584 0.000107596
5585 0.000107596
5586 0.000107596
5587 0.000107596
5588 0.000107596
5589 0.000107596
5590 0.000107596
5591 0.000107596
5592 0.000107596
5593 0.000107596
5594 0.000107596
5595 0.000107596
5596 0.000107596
5597 0.000107596
5598 0.000107596
5599 0.000107596
5600 0.000107596
5601 0.000107596
5602 0.000107596
5603 0.000107596
5604 0.000107596
5605 0.000107596
5606 0.000107596
5607 0.000107596
5608 0.000107596
5609 0.000107596
5610 0.000107596
5611 0.000107596
5612 0.000107596
5613 0.000107596
5614 0.000107596
5615 0.000107596
5616 0.000107596
5617 0.000107596
5618 0.000107596
5619 0.000107596
5620 0.000107596
5621 0.000107596
5622 0.000107596
5623 0.000107596
5624 0.000107596
5625 0.000107596
5626 0.000107596
5627 0.000107596
5628 0.000107596
5629 0.000107596
5630 0.000107596
5631 0.000107596
5632 0.000107596
5633 0.000107596
5634 0.000107596
5635 0.000107596
5636 0.000107596
5637 0.000107596
5638 0.000107596
5639 0.000107596
5640 0.000107596
5641 0.000107596
5642 0.000107596
5643 0.000107596
5644 0.000107596
5645 0.000107596
5646 0.000107596
5647 0.000107596
5648 0.000107596
5649 0.000107596
5650 0.000107596
5651 0.000107596
5652 0.000107596
5653 0.000107596
5654 0.000107596
5655 0.000107596
5656 0.000107596
5657 0.000107596
5658 0.000107596
5659 0.000107596
5660 0.000107596
5661 0.000107596
5662 0.000107596
5663 0.000107596
5664 0.000107596
5665 0.000107596
5666 0.000107596
5667 0.000107596
5668 0.000107596
5669 0.000107596
5670 0.000107596
5671 0.000107596
5672 0.000107596
5673 0.000107596
5674 0.000107596
5675 0.000107596
5676 0.000107596
5677 0.000107596
5678 0.000107596
5679 0.000107596
5680 0.000107596
5681 0.000107596
5682 0.000107596
5683 0.000107596
5684 0.000107596
5685 0.000107596
5686 0.000107596
5687 0.000107596
5688 0.000107596
5689 0.000107596
5690 0.000107596
5691 0.000107596
5692 0.000107596
5693 0.000107596
5694 0.000107596
5695 0.000107596
5696 0.000107596
5697 0.000107596
5698 0.000107596
5699 0.000107596
5700 0.000107596
5701 0.000107596
5702 0.000107596
5703 0.000107596
5704 0.000107596
5705 0.000107596
5706 0.000107596
5707 0.000107596
5708 0.000107596
5709 0.000107596
5710 0.000107596
5711 0.000107596
5712 0.000107596
5713 0.000107596
5714 0.000107596
5715 0.000107596
5716 0.000107596
5717 0.000107596
5718 0.000107596
5719 0.000107596
5720 0.000107596
5721 0.000107596
5722 0.000107596
5723 0.000107596
5724 0.000107596
5725 0.000107596
5726 0.000107596
5727 0.000107596
5728 0.000107596
5729 0.000107596
5730 0.000107596
5731 0.000107596
5732 0.000107596
5733 0.000107596
5734 0.000107596
5735 0.000107596
5736 0.000107596
5737 0.000107596
5738 0.000107596
5739 0.000107596
5740 0.000107596
5741 0.000107596
5742 0.000107596
5743 0.000107596
5744 0.000107596
5745 0.000107596
5746 0.000107596
5747 0.000107596
5748 0.000107596
5749 0.000107596
5750 0.000107596
5751 0.000107596
5752 0.000107596
5753 0.000107596
5754 0.000107596
5755 0.000107596
5756 0.000107596
5757 0.000107596
5758 0.000107596
5759 0.000107596
5760 0.000107596
5761 0.000107596
5762 0.000107596
5763 0.000107596
5764 0.000107596
5765 0.000107596
5766 0.000107596
5767 0.000107596
5768 0.000107596
5769 0.000107596
5770 0.000107596
5771 0.000107596
5772 0.000107596
5773 0.000107596
5774 0.000107596
5775 0.000107596
5776 0.000107596
5777 0.000107596
5778 0.000107596
5779 0.000107596
5780 0.000107596
5781 0.000107596
5782 0.000107596
5783 0.000107596
5784 0.000107596
5785 0.000107596
5786 0.000107596
5787 0.000107596
5788 0.000107596
5789 0.000107596
5790 0.000107596
5791 0.000107596
5792 0.000107596
5793 0.000107596
5794 0.000107596
5795 0.000107596
5796 0.000107596
5797 0.000107596
5798 0.000107596
5799 0.000107596
5800 0.000107596
5801 0.000107596
5802 0.000107596
5803 0.000107596
5804 0.000107596
5805 0.000107596
5806 0.000107596
5807 0.000107596
5808 0.000107596
5809 0.000107596
5810 0.000107596
5811 0.000107596
5812 0.000107596
5813 0.000107596
5814 0.000107596
5815 0.000107596
5816 0.000107596
5817 0.000107596
5818 0.000107596
5819 0.000107596
5820 0.000107596
5821 0.000107596
5822 0.000107596
5823 0.000107596
5824 0.000107596
5825 0.000107596
5826 0.000107596
5827 0.000107596
5828 0.000107596
5829 0.000107596
5830 0.000107596
5831 0.000107596
5832 0.000107596
5833 0.000107596
5834 0.000107596
5835 0.000107596
5836 0.000107596
5837 0.000107596
5838 0.000107596
5839 0.000107596
5840 0.000107596
5841 0.000107596
5842 0.000107596
5843 0.000107596
5844 0.000107596
5845 0.000107596
5846 0.000107596
5847 0.000107596
5848 0.000107596
5849 7.17309e-05
5850 7.17309e-05
5851 7.17309e-05
5852 7.17309e-05
5853 7.17309e-05
5854 7.17309e-05
5855 7.17309e-05
5856 7.17309e-05
5857 7.17309e-05
5858 7.17309e-05
5859 7.17309e-05
5860 7.17309e-05
5861 7.17309e-05
5862 7.17309e-05
5863 7.17309e-05
5864 7.17309e-05
5865 7.17309e-05
5866 7.17309e-05
5867 7.17309e-05
5868 7.17309e-05
5869 7.17309e-05
5870 7.17309e-05
5871 7.17309e-05
5872 7.17309e-05
5873 7.17309e-05
5874 7.17309e-05
5875 7.17309e-05
5876 7.17309e-05
5877 7.17309e-05
5878 7.17309e-05
5879 7.17309e-05
5880 7.17309e-05
5881 7.17309e-05
5882 7.17309e-05
5883 7.17309e-05
5884 7.17309e-05
5885 7.17309e-05
5886 7.17309e-05
5887 7.17309e-05
5888 7.17309e-05
5889 7.17309e-05
5890 7.17309e-05
5891 7.17309e-05
5892 7.17309e-05
5893 7.17309e-05
5894 7.17309e-05
5895 7.17309e-05
5896 7.17309e-05
5897 7.17309e-05
5898 7.17309e-05
5899 7.17309e-05
5900 7.17309e-05
5901 7.17309e-05
5902 7.17309e-05
5903 7.17309e-05
5904 7.17309e-05
5905 7.17309e-05
5906 7.17309e-05
5907 7.17309e-05
5908 7.17309e-05
5909 7.17309e-05
5910 7.17309e-05
5911 7.17309e-05
5912 7.17309e-05
5913 7.17309e-05
5914 7.17309e-05
5915 7.17309e-05
5916 7.17309e-05
5917 7.17309e-05
5918 7.17309e-05
5919 7.17309e-05
5920 7.17309e-05
5921 7.17309e-05
5922 7.17309e-05
5923 7.17309e-05
5924 7.17309e-05
5925 7.17309e-05
5926 7.17309e-05
5927 7.17309e-05
5928 7.17309e-05
5929 7.17309e-05
5930 7.17309e-05
5931 7.17309e-05
5932 7.17309e-05
5933 7.17309e-05
5934 7.17309e-05
5935 7.17309e-05
5936 7.17309e-05
5937 7.17309e-05
5938 7.17309e-05
5939 7.17309e-05
5940 7.17309e-05
5941 7.17309e-05
5942 7.17309e-05
5943 7.17309e-05
5944 7.17309e-05
5945 7.17309e-05
5946 7.17309e-05
5947 7.17309e-05
5948 7.17309e-05
5949 7.17309e-05
5950 7.17309e-05
5951 7.17309e-05
5952 7.17309e-05
5953 3.58654e-05
5954 3.58654e-05
5955 3.58654e-05
5956 3.58654e-05
5957 3.58654e-05
5958 3.58654e-05
5959 3.58654e-05
5960 3.58654e-05
5961 3.58654e-05
5962 3.58654e-05
5963 3.58654e-05
5964 3.58654e-05
5965 3.58654e-05
5966 3.58654e-05
5967 3.58654e-05
5968 3.58654e-05
5969 3.58654e-05
5970 3.58654e-05
5971 3.58654e-05
5972 3.58654e-05
5973 3.58654e-05
5974 3.58654e-05
5975 3.58654e-05
5976 3.58654e-05
5977 3.58654e-05
5978 3.58654e-05
5979 3.58654e-05
5980 3.58654e-05
5981 3.58654e-05
5982 3.58654e-05
5983 3.58654e-05
5984 3.58654e-05
5985 3.58654e-05
5986 3.58654e-05
5987 3.58654e-05
5988 3.58654e-05
5989 3.58654e-05
5990 3.58654e-05
5991 3.58654e-05
5992 3.58654e-05
5993 3.58654e-05
5994 3.58654e-05
5995 3.58654e-05
5996 3.58654e-05
5997 3.58654e-05
5998 3.58654e-05
5999 3.58654e-05
6000 3.58654e-05
6001 3.58654e-05
6002 3.58654e-05
6003 3.58654e-05
6004 3.58654e-05
6005 3.58654e-05
6006 3.58654e-05
6007 3.58654e-05
6008 3.58654e-05
6009 3.58654e-05
6010 3.58654e-05
6011 3.58654e-05
6012 3.58654e-05
6013 3.58654e-05
6014 3.58654e-05
6015 3.58654e-05
6016 3.58654e-05
6017 3.58654e-05
6018 3.58654e-05
6019 3.58654e-05
6020 3.58654e-05
6021 3.58654e-05
6022 3.58654e-05
6023 3.58654e-05
6024 3.58654e-05
6025 3.58654e-05
6026 3.58654e-05
6027 3.58654e-05
6028 3.58654e-05
6029 3.58654e-05
6030 3.58654e-05
6031 3.58654e-05
6032 3.58654e-05
6033 3.58654e-05
6034 3.58654e-05
6035 3.58654e-05
6036 3.58654e-05
6037 3.58654e-05
6038 3.58654e-05
6039 3.58654e-05
6040 3.58654e-05
6041 3.58654e-05
6042 3.58654e-05
6043 3.58654e-05
6044 3.58654e-05
6045 3.58654e-05
6046 3.58654e-05
6047 3.58654e-05
6048 3.58654e-05
6049 3.58654e-05
6050 3.58654e-05
6051 3.58654e-05
6052 3.58654e-05
6053 3.58654e-05
6054 3.58654e-05
6055 3.58654e-05
6056 3.58654e-05
6057 3.58654e-05
6058 3.58654e-05
6059 3.58654e-05
6060 3.58654e-05
6061 3.58654e-05
6062 3.58654e-05
6063 3.58654e-05
6064 3.58654e-05
6065 3.58654e-05
6066 3.58654e-05
6067 3.58654e-05
6068 3.58654e-05
6069 3.58654e-05
6070 3.58654e-05
6071 3.58654e-05
6072 3.58654e-05
6073 3.58654e-05
6074 3.58654e-05
6075 3.58654e-05
6076 3.58654e-05
6077 3.58654e-05
6078 3.58654e-05
6079 3.58654e-05
6080 3.58654e-05
6081 3.58654e-05
6082 3.58654e-05
6083 3.58654e-05
6084 3.58654e-05
6085 3.58654e-05
6086 3.58654e-05
6087 3.58654e-05
6088 3.58654e-05
6089 3.58654e-05
6090 3.58654e-05
6091 3.58654e-05
6092 3.58654e-05
6093 3.58654e-05
6094 3.58654e-05
6095 3.58654e-05
6096 3.58654e-05
6097 3.58654e-05
6098 3.58654e-05
6099 3.58654e-05
6100 3.58654e-05
6101 3.58654e-05
6102 3.58654e-05
6103 3.58654e-05
6104 3.58654e-05
6105 3.58654e-05
6106 3.58654e-05
6107 3.58654e-05
6108 3.58654e-05
6109 3.58654e-05
6110 3.58654e-05
6111 3.58654e-05
6112 3.58654e-05
6113 3.58654e-05
6114 3.58654e-05
6115 3.58654e-05
6116 3.58654e-05
6117 3.58654e-05
6118 3.58654e-05
6119 3.58654e-05
6120 3.58654e-05
6121 3.58654e-05
6122 3.58654e-05
6123 3.58654e-05
6124 3.58654e-05
6125 3.58654e-05
6126 3.58654e-05
6127 3.58654e-05
6128 3.58654e-05
6129 3.58654e-05
6130 3.58654e-05
6131 3.58654e-05
6132 3.58654e-05
6133 3.58654e-05
6134 3.58654e-05
6135 3.58654e-05
6136 3.58654e-05
6137 3.58654e-05
6138 3.58654e-05
6139 3.58654e-05
6140 3.58654e-05
6141 3.58654e-05
6142 3.58654e-05
6143 3.58654e-05
6144 3.58654e-05
6145 3.58654e-05
6146 3.58654e-05
6147 3.58654e-05
6148 3.58654e-05
6149 3.58654e-05
6150 3.58654e-05
6151 3.58654e-05
6152 3.58654e-05
6153 3.58654e-05
6154 3.58654e-05
6155 3.58654e-05
6156 3.58654e-05
6157 3.58654e-05
6158 3.58654e-05
6159 3.58654e-05
6160 3.58654e-05
6161 3.58654e-05
6162 3.58654e-05
6163 3.58654e-05
6164 3.58654e-05
6165 3.58654e-05
6166 3.58654e-05
6167 3.58654e-05
6168 3.58654e-05
6169 3.58654e-05
6170 3.58654e-05
6171 3.58654e-05
6172 3.58654e-05
6173 3.58654e-05
6174 3.58654e-05
6175 3.58654e-05
6176 3.58654e-05
6177 3.58654e-05
6178 3.58654e-05
6179 3.58654e-05
6180 3.58654e-05
6181 3.58654e-05
6182 3.58654e-05
6183 3.58654e-05
6184 3.58654e-05
6185 3.58654e-05
6186 3.58654e-05
6187 3.58654e-05
6188 3.58654e-05
6189 3.58654e-05
6190 3.58654e-05
6191 3.58654e-05
6192 3.58654e-05
6193 3.58654e-05
6194 3.58654e-05
6195 3.58654e-05
6196 3.58654e-05
6197 3.58654e-05
6198 3.58654e-05
6199 3.58654e-05
6200 3.58654e-05
6201 3.58654e-05
6202 3.58654e-05
6203 3.58654e-05
6204 3.58654e-05
6205 3.58654e-05
6206 3.58654e-05
6207 3.58654e-05
6208 3.58654e-05
6209 3.58654e-05
6210 3.58654e-05
6211 3.58654e-05
6212 3.58654e-05
6213 3.58654e-05
6214 3.58654e-05
6215 3.58654e-05
6216 3.58654e-05
6217 3.58654e-05
6218 3.58654e-05
6219 3.58654e-05
6220 3.58654e-05
6221 3.58654e-05
6222 3.58654e-05
6223 3.58654e-05
6224 3.58654e-05
6225 3.58654e-05
6226 3.58654e-05
6227 3.58654e-05
6228 3.58654e-05
6229 3.58654e-05
6230 3.58654e-05
6231 3.58654e-05
6232 3.58654e-05
6233 3.58654e-05
6234 3.58654e-05
6235 3.58654e-05
6236 3.58654e-05
6237 3.58654e-05
6238 3.58654e-05
6239 3.58654e-05
6240 3.58654e-05
6241 3.58654e-05
6242 3.58654e-05
6243 3.58654e-05
6244 3.58654e-05
6245 3.58654e-05
6246 3.58654e-05
6247 3.58654e-05
6248 3.58654e-05
6249 3.58654e-05
6250 3.58654e-05
6251 3.58654e-05
6252 3.58654e-05
6253 3.58654e-05
6254 3.58654e-05
6255 3.58654e-05
6256 3.58654e-05
6257 3.58654e-05
6258 3.58654e-05
6259 3.58654e-05
6260 3.58654e-05
6261 3.58654e-05
6262 3.58654e-05
6263 3.58654e-05
6264 3.58654e-05
6265 3.58654e-05
6266 3.58654e-05
6267 3.58654e-05
6268 3.58654e-05
6269 3.58654e-05
6270 3.58654e-05
6271 3.58654e-05
6272 3.58654e-05
6273 3.58654e-05
6274 3.58654e-05
6275 3.58654e-05
6276 3.58654e-05
6277 3.58654e-05
6278 3.58654e-05
6279 3.58654e-05
6280 3.58654e-05
6281 3.58654e-05
6282 3.58654e-05
6283 3.58654e-05
6284 3.58654e-05
6285 3.58654e-05
6286 3.58654e-05
6287 3.58654e-05
6288 3.58654e-05
6289 3.58654e-05
6290 3.58654e-05
6291 3.58654e-05
6292 3.58654e-05
6293 3.58654e-05
6294 3.58654e-05
6295 3.58654e-05
6296 3.58654e-05
