0 1
1 1
2 1
3 0.945023
4 0.892994
5 0.846975
6 0.805837
7 0.767599
8 0.73193
9 0.699609
10 0.668466
11 0.639587
12 0.615116
13 0.590103
14 0.567707
15 0.54814
16 0.529728
17 0.511905
18 0.496299
19 0.481635
20 0.467679
21 0.452945
22 0.440709
23 0.429157
24 0.417653
25 0.407304
26 0.398086
27 0.388797
28 0.379909
29 0.37055
30 0.362063
31 0.354614
32 0.346716
33 0.339926
34 0.333184
35 0.327385
36 0.321279
37 0.314866
38 0.309515
39 0.303928
40 0.299
41 0.29372
42 0.288651
43 0.283747
44 0.278985
45 0.274648
46 0.27005
47 0.266703
48 0.263002
49 0.258829
50 0.254939
51 0.250884
52 0.247065
53 0.243034
54 0.239992
55 0.23648
56 0.233321
57 0.230327
58 0.227451
59 0.223985
60 0.220968
61 0.217455
62 0.214508
63 0.211679
64 0.208826
65 0.206115
66 0.20331
67 0.200976
68 0.198501
69 0.195978
70 0.194092
71 0.191664
72 0.189778
73 0.187868
74 0.185275
75 0.183271
76 0.181597
77 0.179429
78 0.17766
79 0.176034
80 0.174525
81 0.172521
82 0.170729
83 0.169103
84 0.167099
85 0.165213
86 0.16335
87 0.161653
88 0.160262
89 0.15873
90 0.157127
91 0.155641
92 0.15418
93 0.15293
94 0.151398
95 0.150031
96 0.14871
97 0.147697
98 0.146259
99 0.144844
100 0.143618
101 0.142227
102 0.141237
103 0.139964
104 0.138597
105 0.137135
106 0.136074
107 0.134542
108 0.13341
109 0.132444
110 0.131171
111 0.130039
112 0.128766
113 0.127941
114 0.126668
115 0.12556
116 0.124758
117 0.123627
118 0.122401
119 0.120892
120 0.119713
121 0.118794
122 0.118016
123 0.117214
124 0.116295
125 0.115658
126 0.114715
127 0.113772
128 0.112994
129 0.112287
130 0.111556
131 0.110731
132 0.110283
133 0.109317
134 0.108539
135 0.107902
136 0.106417
137 0.105568
138 0.104555
139 0.10347
140 0.102574
141 0.101726
142 0.100948
143 0.100358
144 0.0994153
145 0.0987081
146 0.098048
147 0.0971993
148 0.0966807
149 0.0962327
150 0.0954783
151 0.0947239
152 0.0939931
153 0.0935688
154 0.0927908
155 0.0920836
156 0.0913527
157 0.0905983
158 0.0900797
159 0.089561
160 0.0889952
161 0.0885237
162 0.0880051
163 0.0872743
164 0.0868028
165 0.086237
166 0.0855297
167 0.0848461
168 0.0844217
169 0.0838795
170 0.083408
171 0.0829129
172 0.0822528
173 0.0818049
174 0.0814041
175 0.0806262
176 0.0802254
177 0.0796124
178 0.0791174
179 0.0787166
180 0.0780565
181 0.0776086
182 0.0769956
183 0.076642
184 0.0763119
185 0.0756283
186 0.0752511
187 0.074756
188 0.0742845
189 0.0737423
190 0.0733179
191 0.0728936
192 0.07254
193 0.0721628
194 0.0717148
195 0.0712669
196 0.0709604
197 0.0706775
198 0.0702296
199 0.0697581
200 0.0694281
201 0.068933
202 0.0686737
203 0.0681315
204 0.0677778
205 0.0673299
206 0.066882
207 0.0665755
208 0.0661512
209 0.065774
210 0.0652789
211 0.0649253
212 0.0645952
213 0.064218
214 0.0637229
215 0.0632986
216 0.062945
217 0.0625442
218 0.0620256
219 0.0616955
220 0.0615069
221 0.061224
222 0.0610826
223 0.0606582
224 0.0603517
225 0.0600217
226 0.0596209
227 0.0592201
228 0.0588194
229 0.0584186
230 0.058065
231 0.0577349
232 0.057452
233 0.056957
234 0.0565326
235 0.0562497
236 0.0558961
237 0.0556132
238 0.0551888
239 0.0547409
240 0.0543637
241 0.0540101
242 0.0537743
243 0.0534679
244 0.0531142
245 0.0529492
246 0.0525956
247 0.0523363
248 0.0520534
249 0.051794
250 0.051629
251 0.0512518
252 0.0509925
253 0.0506389
254 0.0502381
255 0.0498609
256 0.049578
257 0.0492244
258 0.0489179
259 0.0487293
260 0.0484936
261 0.0482342
262 0.0479042
263 0.0475034
264 0.0472441
265 0.0469612
266 0.0466547
267 0.0463718
268 0.0461832
269 0.0459946
270 0.0456646
271 0.0454288
272 0.0452402
273 0.0448866
274 0.0445801
275 0.0442501
276 0.0440851
277 0.0438729
278 0.0434485
279 0.0430949
280 0.0426706
281 0.0425527
282 0.0423169
283 0.0420576
284 0.0418219
285 0.0416097
286 0.0413975
287 0.0411146
288 0.0408789
289 0.0407374
290 0.0404074
291 0.0402188
292 0.0400538
293 0.039818
294 0.0396294
295 0.0393937
296 0.0391343
297 0.0389693
298 0.0386393
299 0.0383328
300 0.0380735
301 0.0377906
302 0.0374841
303 0.0372012
304 0.0370597
305 0.0368476
306 0.0366354
307 0.0364232
308 0.0362346
309 0.0360696
310 0.0359281
311 0.035716
312 0.0355038
313 0.0353623
314 0.0351737
315 0.0350087
316 0.0348673
317 0.0347258
318 0.0344429
319 0.0341836
320 0.0341129
321 0.0339479
322 0.0335235
323 0.0333585
324 0.0331699
325 0.033052
326 0.0328398
327 0.0326748
328 0.0323212
329 0.0322033
330 0.032109
331 0.0318968
332 0.0318261
333 0.0315904
334 0.0314253
335 0.031166
336 0.031001
337 0.030836
338 0.0306474
339 0.0304588
340 0.0302937
341 0.0301759
342 0.0299165
343 0.0297751
344 0.0295865
345 0.0294215
346 0.0293036
347 0.0292093
348 0.0290914
349 0.0289264
350 0.0288557
351 0.0287378
352 0.0285492
353 0.028337
354 0.028172
355 0.028007
356 0.0278891
357 0.0277241
358 0.0275591
359 0.0275355
360 0.0273705
361 0.0271819
362 0.0270168
363 0.0268282
364 0.0267104
365 0.0265218
366 0.0263567
367 0.0262389
368 0.0260738
369 0.0259324
370 0.0258852
371 0.0256731
372 0.0255316
373 0.0253902
374 0.0252016
375 0.025013
376 0.0249187
377 0.0248244
378 0.0246122
379 0.0244
380 0.0243293
381 0.0242586
382 0.0241643
383 0.0239992
384 0.0239049
385 0.0237635
386 0.0236692
387 0.0234334
388 0.0232684
389 0.0230563
390 0.0229855
391 0.0227969
392 0.0226083
393 0.0224433
394 0.0223962
395 0.0222783
396 0.0222076
397 0.0220661
398 0.0218775
399 0.0218775
400 0.0218304
401 0.0217832
402 0.0217125
403 0.0215239
404 0.021406
405 0.0213353
406 0.021241
407 0.0210995
408 0.0209581
409 0.0208874
410 0.0208166
411 0.0207459
412 0.0205809
413 0.0205809
414 0.0205573
415 0.0203923
416 0.020298
417 0.0201565
418 0.0200387
419 0.0199915
420 0.0198501
421 0.0197086
422 0.0196379
423 0.0195436
424 0.0194964
425 0.0193314
426 0.0192607
427 0.0192135
428 0.0190957
429 0.0190014
430 0.0188599
431 0.018742
432 0.0186006
433 0.0184827
434 0.0184591
435 0.0182941
436 0.0182234
437 0.0181762
438 0.0181527
439 0.0179876
440 0.0179169
441 0.0178462
442 0.0177755
443 0.0176576
444 0.0176104
445 0.0175869
446 0.017469
447 0.0173747
448 0.0173511
449 0.0173275
450 0.0172804
451 0.0172568
452 0.0170447
453 0.0169504
454 0.0168796
455 0.0168089
456 0.0167382
457 0.0166675
458 0.0165496
459 0.0164317
460 0.0164081
461 0.0163846
462 0.0163138
463 0.0162903
464 0.0161724
465 0.0160781
466 0.0159838
467 0.0159366
468 0.0158423
469 0.0157952
470 0.0157245
471 0.0156302
472 0.0155594
473 0.0154887
474 0.0153944
475 0.0153944
476 0.0153001
477 0.015253
478 0.0152294
479 0.0152294
480 0.0151587
481 0.0151351
482 0.0151115
483 0.0150644
484 0.0149701
485 0.0148522
486 0.0147579
487 0.0147343
488 0.01464
489 0.0145221
490 0.0144514
491 0.0143807
492 0.0143335
493 0.0142864
494 0.0142628
495 0.0141214
496 0.0140742
497 0.0139563
498 0.013862
499 0.0137677
500 0.0137206
501 0.0136499
502 0.0134377
503 0.0133198
504 0.0132727
505 0.0130841
506 0.0129662
507 0.0128955
508 0.0128483
509 0.0128483
510 0.0127776
511 0.0127776
512 0.0126833
513 0.0126597
514 0.0126126
515 0.012589
516 0.0125418
517 0.0124711
518 0.0123768
519 0.0123297
520 0.0122589
521 0.0121882
522 0.0121175
523 0.0120232
524 0.0119996
525 0.0119525
526 0.0119289
527 0.0118582
528 0.0117403
529 0.011646
530 0.0115753
531 0.0115517
532 0.0115045
533 0.011481
534 0.0114338
535 0.0114103
536 0.011316
537 0.0112688
538 0.0111981
539 0.0111038
540 0.0110566
541 0.0109859
542 0.0109623
543 0.0108916
544 0.010868
545 0.0108209
546 0.0108209
547 0.0107973
548 0.0107737
549 0.0107502
550 0.0107266
551 0.0106087
552 0.0105851
553 0.010538
554 0.0105144
555 0.0105144
556 0.0104437
557 0.0103494
558 0.0103022
559 0.0103022
560 0.0102551
561 0.0101844
562 0.0101136
563 0.0100901
564 0.0100429
565 0.00992503
566 0.00990146
567 0.00980716
568 0.00978358
569 0.00973643
570 0.00968928
571 0.00961856
572 0.00954783
573 0.00954783
574 0.00950068
575 0.00945353
576 0.00945353
577 0.00933566
578 0.00933566
579 0.00931208
580 0.00928851
581 0.00928851
582 0.00928851
583 0.00919421
584 0.00917063
585 0.00912349
586 0.00905276
587 0.00898204
588 0.00898204
589 0.00886416
590 0.00886416
591 0.00884059
592 0.00874629
593 0.00865199
594 0.00858126
595 0.00848696
596 0.00846339
597 0.00843981
598 0.00843981
599 0.00832194
600 0.00827479
601 0.00827479
602 0.00827479
603 0.00827479
604 0.00827479
605 0.00820406
606 0.00818049
607 0.00815691
608 0.00810977
609 0.00803904
610 0.00803904
611 0.00803904
612 0.00799189
613 0.00789759
614 0.00785044
615 0.00780329
616 0.00775614
617 0.00770899
618 0.00768542
619 0.00761469
620 0.00754397
621 0.00749682
622 0.00749682
623 0.00747324
624 0.00740252
625 0.00737894
626 0.00733179
627 0.00730822
628 0.00730822
629 0.00728464
630 0.00726107
631 0.00723749
632 0.00721392
633 0.00719034
634 0.00716677
635 0.00714319
636 0.00711962
637 0.00704889
638 0.00704889
639 0.00700174
640 0.00690744
641 0.0068603
642 0.00683672
643 0.006766
644 0.006766
645 0.00674242
646 0.00671885
647 0.00669527
648 0.00669527
649 0.0066717
650 0.00660097
651 0.00655382
652 0.00650667
653 0.00643595
654 0.00643595
655 0.00641237
656 0.00636522
657 0.00634165
658 0.00634165
659 0.00631807
660 0.00624735
661 0.0062002
662 0.00612947
663 0.0061059
664 0.0061059
665 0.0061059
666 0.00608232
667 0.00603517
668 0.0060116
669 0.00598802
670 0.0059173
671 0.0059173
672 0.00589372
673 0.00587015
674 0.00579942
675 0.00577585
676 0.00575227
677 0.0057287
678 0.00570513
679 0.00568155
680 0.00568155
681 0.0056344
682 0.00556368
683 0.0055401
684 0.0055401
685 0.0055401
686 0.0055401
687 0.00546938
688 0.0054458
689 0.00539865
690 0.00537508
691 0.0053515
692 0.00532793
693 0.00532793
694 0.00532793
695 0.00530435
696 0.00523363
697 0.00521005
698 0.00518648
699 0.0051629
700 0.0051629
701 0.0051629
702 0.00513933
703 0.00513933
704 0.00511575
705 0.00509218
706 0.0050686
707 0.0050686
708 0.00502145
709 0.00502145
710 0.00499788
711 0.00499788
712 0.00495073
713 0.00492715
714 0.00492715
715 0.00490358
716 0.00488
717 0.00485643
718 0.00485643
719 0.00483285
720 0.0047857
721 0.00473855
722 0.0046914
723 0.0046914
724 0.00466783
725 0.00466783
726 0.00462068
727 0.00459711
728 0.00452638
729 0.00445566
730 0.00445566
731 0.00445566
732 0.00440851
733 0.00436136
734 0.00433778
735 0.00433778
736 0.00433778
737 0.00433778
738 0.00433778
739 0.00433778
740 0.00433778
741 0.00433778
742 0.00429063
743 0.00429063
744 0.00426706
745 0.00421991
746 0.00421991
747 0.00421991
748 0.00421991
749 0.00419633
750 0.00417276
751 0.00414918
752 0.00414918
753 0.00412561
754 0.00412561
755 0.00412561
756 0.00412561
757 0.00412561
758 0.00410203
759 0.00405488
760 0.00405488
761 0.00405488
762 0.00396058
763 0.00396058
764 0.00393701
765 0.00393701
766 0.00393701
767 0.00391343
768 0.00391343
769 0.00388986
770 0.00384271
771 0.00381913
772 0.00381913
773 0.00379556
774 0.00374841
775 0.00372483
776 0.00370126
777 0.00367768
778 0.00365411
779 0.00365411
780 0.00360696
781 0.00360696
782 0.00358338
783 0.00358338
784 0.00358338
785 0.00358338
786 0.00355981
787 0.00355981
788 0.00355981
789 0.00353623
790 0.00351266
791 0.00351266
792 0.00351266
793 0.00351266
794 0.00351266
795 0.00351266
796 0.00351266
797 0.00351266
798 0.00351266
799 0.00351266
800 0.00348908
801 0.00348908
802 0.00348908
803 0.00348908
804 0.00348908
805 0.00348908
806 0.00346551
807 0.00344193
808 0.00344193
809 0.00344193
810 0.00344193
811 0.00339479
812 0.00339479
813 0.00332406
814 0.00332406
815 0.00330049
816 0.00330049
817 0.00330049
818 0.00325334
819 0.00322976
820 0.00320619
821 0.00320619
822 0.00315904
823 0.00315904
824 0.00315904
825 0.00315904
826 0.00311189
827 0.00311189
828 0.00311189
829 0.00311189
830 0.00308831
831 0.00306474
832 0.00306474
833 0.00306474
834 0.00306474
835 0.00304116
836 0.00304116
837 0.00304116
838 0.00301759
839 0.00301759
840 0.00299401
841 0.00294686
842 0.00292329
843 0.00289971
844 0.00287614
845 0.00282899
846 0.00282899
847 0.00282899
848 0.00282899
849 0.00282899
850 0.00282899
851 0.00282899
852 0.00280541
853 0.00278184
854 0.00271111
855 0.00266396
856 0.00266396
857 0.00266396
858 0.00266396
859 0.00264039
860 0.00264039
861 0.00264039
862 0.00261681
863 0.00261681
864 0.00261681
865 0.00259324
866 0.00256966
867 0.00254609
868 0.00252251
869 0.00247536
870 0.00245179
871 0.00240464
872 0.00238106
873 0.00235749
874 0.00235749
875 0.00231034
876 0.00231034
877 0.00228677
878 0.00228677
879 0.00228677
880 0.00228677
881 0.00228677
882 0.00228677
883 0.00228677
884 0.00226319
885 0.00226319
886 0.00226319
887 0.00226319
888 0.00223962
889 0.00221604
890 0.00221604
891 0.00221604
892 0.00221604
893 0.00221604
894 0.00221604
895 0.00221604
896 0.00219247
897 0.00219247
898 0.00216889
899 0.00216889
900 0.00216889
901 0.00216889
902 0.00212174
903 0.00212174
904 0.00212174
905 0.00212174
906 0.00207459
907 0.00207459
908 0.00207459
909 0.00205102
910 0.00205102
911 0.00200387
912 0.00200387
913 0.00200387
914 0.00198029
915 0.00198029
916 0.00198029
917 0.00198029
918 0.00198029
919 0.00195672
920 0.00193314
921 0.00193314
922 0.00193314
923 0.00193314
924 0.00188599
925 0.00186242
926 0.00186242
927 0.00186242
928 0.00186242
929 0.00183884
930 0.00183884
931 0.00181527
932 0.00181527
933 0.00179169
934 0.00176812
935 0.00176812
936 0.00174454
937 0.00174454
938 0.00174454
939 0.00174454
940 0.00174454
941 0.00174454
942 0.00172097
943 0.00169739
944 0.00167382
945 0.00165024
946 0.00165024
947 0.00165024
948 0.00165024
949 0.00165024
950 0.00162667
951 0.00162667
952 0.00160309
953 0.00157952
954 0.00155594
955 0.00155594
956 0.00150879
957 0.00148522
958 0.00146164
959 0.00146164
960 0.00146164
961 0.00146164
962 0.00146164
963 0.00141449
964 0.00141449
965 0.00139092
966 0.00139092
967 0.00139092
968 0.00139092
969 0.00136734
970 0.00136734
971 0.00134377
972 0.00134377
973 0.00134377
974 0.00132019
975 0.00132019
976 0.00132019
977 0.00132019
978 0.00132019
979 0.00132019
980 0.00132019
981 0.00129662
982 0.00129662
983 0.00129662
984 0.00127304
985 0.00127304
986 0.00124947
987 0.00124947
988 0.00124947
989 0.00124947
990 0.00124947
991 0.00122589
992 0.00120232
993 0.00120232
994 0.00120232
995 0.00120232
996 0.00120232
997 0.00120232
998 0.00117874
999 0.00117874
1000 0.00117874
1001 0.00117874
1002 0.00117874
1003 0.00117874
1004 0.00117874
1005 0.00117874
1006 0.00117874
1007 0.00117874
1008 0.00117874
1009 0.00117874
1010 0.00117874
1011 0.00117874
1012 0.00117874
1013 0.00117874
1014 0.00115517
1015 0.0011316
1016 0.00110802
1017 0.00110802
1018 0.00108445
1019 0.00108445
1020 0.00108445
1021 0.00106087
1022 0.00106087
1023 0.000966571
1024 0.000966571
1025 0.000966571
1026 0.000966571
1027 0.000966571
1028 0.000966571
1029 0.000966571
1030 0.000966571
1031 0.000942996
1032 0.000919421
1033 0.000919421
1034 0.000919421
1035 0.000919421
1036 0.000919421
1037 0.000919421
1038 0.000919421
1039 0.000919421
1040 0.000919421
1041 0.000919421
1042 0.000895846
1043 0.000895846
1044 0.000895846
1045 0.000895846
1046 0.000895846
1047 0.000895846
1048 0.000872271
1049 0.000872271
1050 0.000872271
1051 0.000872271
1052 0.000872271
1053 0.000872271
1054 0.000872271
1055 0.000872271
1056 0.000872271
1057 0.000872271
1058 0.000872271
1059 0.000872271
1060 0.000872271
1061 0.000872271
1062 0.000872271
1063 0.000872271
1064 0.000848696
1065 0.000848696
1066 0.000848696
1067 0.000848696
1068 0.000848696
1069 0.000848696
1070 0.000825121
1071 0.000801546
1072 0.000801546
1073 0.000754397
1074 0.000754397
1075 0.000754397
1076 0.000754397
1077 0.000730822
1078 0.000730822
1079 0.000730822
1080 0.000707247
1081 0.000707247
1082 0.000707247
1083 0.000707247
1084 0.000707247
1085 0.000707247
1086 0.000683672
1087 0.000683672
1088 0.000683672
1089 0.000683672
1090 0.000683672
1091 0.000683672
1092 0.000683672
1093 0.000660097
1094 0.000660097
1095 0.000660097
1096 0.000636522
1097 0.000636522
1098 0.000636522
1099 0.000636522
1100 0.000636522
1101 0.000636522
1102 0.000636522
1103 0.000636522
1104 0.000636522
1105 0.000612947
1106 0.000612947
1107 0.000612947
1108 0.000612947
1109 0.000612947
1110 0.000612947
1111 0.000612947
1112 0.000612947
1113 0.000612947
1114 0.000612947
1115 0.000612947
1116 0.000612947
1117 0.000612947
1118 0.000612947
1119 0.000612947
1120 0.000612947
1121 0.000612947
1122 0.000612947
1123 0.000612947
1124 0.000612947
1125 0.000612947
1126 0.000612947
1127 0.000612947
1128 0.000612947
1129 0.000612947
1130 0.000612947
1131 0.000612947
1132 0.000612947
1133 0.000612947
1134 0.000612947
1135 0.000612947
1136 0.000612947
1137 0.000612947
1138 0.000612947
1139 0.000612947
1140 0.000612947
1141 0.000612947
1142 0.000612947
1143 0.000612947
1144 0.000612947
1145 0.000612947
1146 0.000612947
1147 0.000612947
1148 0.000589372
1149 0.000589372
1150 0.000565798
1151 0.000565798
1152 0.000565798
1153 0.000565798
1154 0.000565798
1155 0.000565798
1156 0.000565798
1157 0.000542223
1158 0.000542223
1159 0.000542223
1160 0.000542223
1161 0.000542223
1162 0.000542223
1163 0.000542223
1164 0.000542223
1165 0.000542223
1166 0.000542223
1167 0.000542223
1168 0.000542223
1169 0.000542223
1170 0.000542223
1171 0.000542223
1172 0.000518648
1173 0.000518648
1174 0.000518648
1175 0.000518648
1176 0.000518648
1177 0.000495073
1178 0.000495073
1179 0.000495073
1180 0.000495073
1181 0.000495073
1182 0.000495073
1183 0.000495073
1184 0.000495073
1185 0.000495073
1186 0.000495073
1187 0.000495073
1188 0.000495073
1189 0.000495073
1190 0.000495073
1191 0.000495073
1192 0.000495073
1193 0.000495073
1194 0.000495073
1195 0.000495073
1196 0.000495073
1197 0.000495073
1198 0.000495073
1199 0.000495073
1200 0.000495073
1201 0.000495073
1202 0.000495073
1203 0.000495073
1204 0.000495073
1205 0.000495073
1206 0.000495073
1207 0.000495073
1208 0.000495073
1209 0.000495073
1210 0.000495073
1211 0.000471498
1212 0.000471498
1213 0.000471498
1214 0.000471498
1215 0.000471498
1216 0.000471498
1217 0.000471498
1218 0.000471498
1219 0.000471498
1220 0.000471498
1221 0.000471498
1222 0.000471498
1223 0.000471498
1224 0.000471498
1225 0.000471498
1226 0.000471498
1227 0.000471498
1228 0.000471498
1229 0.000471498
1230 0.000424348
1231 0.000424348
1232 0.000424348
1233 0.000424348
1234 0.000400773
1235 0.000400773
1236 0.000400773
1237 0.000400773
1238 0.000400773
1239 0.000400773
1240 0.000400773
1241 0.000400773
1242 0.000400773
1243 0.000400773
1244 0.000400773
1245 0.000400773
1246 0.000400773
1247 0.000400773
1248 0.000400773
1249 0.000400773
1250 0.000377198
1251 0.000377198
1252 0.000377198
1253 0.000377198
1254 0.000377198
1255 0.000377198
1256 0.000377198
1257 0.000377198
1258 0.000377198
1259 0.000377198
1260 0.000377198
1261 0.000377198
1262 0.000377198
1263 0.000377198
1264 0.000377198
1265 0.000377198
1266 0.000377198
1267 0.000377198
1268 0.000377198
1269 0.000377198
1270 0.000377198
1271 0.000377198
1272 0.000377198
1273 0.000377198
1274 0.000377198
1275 0.000377198
1276 0.000377198
1277 0.000353623
1278 0.000353623
1279 0.000353623
1280 0.000353623
1281 0.000353623
1282 0.000330049
1283 0.000330049
1284 0.000330049
1285 0.000330049
1286 0.000330049
1287 0.000306474
1288 0.000306474
1289 0.000282899
1290 0.000282899
1291 0.000282899
1292 0.000259324
1293 0.000259324
1294 0.000259324
1295 0.000259324
1296 0.000259324
1297 0.000259324
1298 0.000259324
1299 0.000259324
1300 0.000259324
1301 0.000259324
1302 0.000259324
1303 0.000259324
1304 0.000259324
1305 0.000259324
1306 0.000235749
1307 0.000235749
1308 0.000235749
1309 0.000235749
1310 0.000235749
1311 0.000235749
1312 0.000212174
1313 0.000212174
1314 0.000212174
1315 0.000212174
1316 0.000212174
1317 0.000212174
1318 0.000212174
1319 0.000212174
1320 0.000212174
1321 0.000212174
1322 0.000212174
1323 0.000212174
1324 0.000212174
1325 0.000212174
1326 0.000212174
1327 0.000212174
1328 0.000212174
1329 0.000212174
1330 0.000212174
1331 0.000212174
1332 0.000212174
1333 0.000212174
1334 0.000212174
1335 0.000212174
1336 0.000212174
1337 0.000212174
1338 0.000212174
1339 0.000212174
1340 0.000212174
1341 0.000212174
1342 0.000212174
1343 0.000212174
1344 0.000212174
1345 0.000212174
1346 0.000212174
1347 0.000212174
1348 0.000212174
1349 0.000212174
1350 0.000212174
1351 0.000212174
1352 0.000212174
1353 0.000212174
1354 0.000212174
1355 0.000212174
1356 0.000212174
1357 0.000212174
1358 0.000188599
1359 0.000188599
1360 0.000188599
1361 0.000188599
1362 0.000188599
1363 0.000188599
1364 0.000188599
1365 0.000188599
1366 0.000188599
1367 0.000188599
1368 0.000188599
1369 0.000188599
1370 0.000188599
1371 0.000188599
1372 0.000188599
1373 0.000188599
1374 0.000188599
1375 0.000188599
1376 0.000165024
1377 0.000165024
1378 0.000165024
1379 0.000165024
1380 0.000165024
1381 0.000165024
1382 0.000165024
1383 0.000165024
1384 0.000165024
1385 0.000165024
1386 0.000165024
1387 0.000165024
1388 0.000165024
1389 0.000165024
1390 0.000165024
1391 0.000165024
1392 0.000165024
1393 0.000165024
1394 0.000165024
1395 0.000141449
1396 0.000141449
1397 0.000141449
1398 0.000141449
1399 0.000141449
1400 0.000141449
1401 0.000141449
1402 0.000141449
1403 0.000141449
1404 0.000141449
1405 0.000141449
1406 0.000141449
1407 0.000141449
1408 0.000141449
1409 0.000141449
1410 0.000141449
1411 0.000141449
1412 0.000141449
1413 0.000141449
1414 0.000141449
1415 0.000141449
1416 0.000141449
1417 0.000141449
1418 0.000141449
1419 0.000141449
1420 0.000141449
1421 0.000141449
1422 0.000141449
1423 0.000141449
1424 0.000141449
1425 0.000141449
1426 0.000141449
1427 0.000141449
1428 0.000141449
1429 0.000117874
1430 0.000117874
1431 0.000117874
1432 0.000117874
1433 0.000117874
1434 0.000117874
1435 0.000117874
1436 9.42996e-05
1437 9.42996e-05
1438 9.42996e-05
1439 9.42996e-05
1440 9.42996e-05
1441 9.42996e-05
1442 9.42996e-05
1443 9.42996e-05
1444 9.42996e-05
1445 9.42996e-05
1446 9.42996e-05
1447 9.42996e-05
1448 9.42996e-05
1449 9.42996e-05
1450 9.42996e-05
1451 9.42996e-05
1452 9.42996e-05
1453 9.42996e-05
1454 9.42996e-05
1455 9.42996e-05
1456 9.42996e-05
1457 9.42996e-05
1458 9.42996e-05
1459 9.42996e-05
1460 9.42996e-05
1461 9.42996e-05
1462 9.42996e-05
1463 9.42996e-05
1464 9.42996e-05
1465 9.42996e-05
1466 9.42996e-05
1467 9.42996e-05
1468 9.42996e-05
1469 9.42996e-05
1470 9.42996e-05
1471 9.42996e-05
1472 9.42996e-05
1473 9.42996e-05
1474 9.42996e-05
1475 9.42996e-05
1476 9.42996e-05
1477 9.42996e-05
1478 9.42996e-05
1479 9.42996e-05
1480 9.42996e-05
1481 9.42996e-05
1482 9.42996e-05
1483 9.42996e-05
1484 9.42996e-05
1485 9.42996e-05
1486 9.42996e-05
1487 9.42996e-05
1488 9.42996e-05
1489 9.42996e-05
1490 9.42996e-05
1491 9.42996e-05
1492 9.42996e-05
1493 9.42996e-05
1494 9.42996e-05
1495 9.42996e-05
1496 9.42996e-05
1497 9.42996e-05
1498 9.42996e-05
1499 9.42996e-05
1500 9.42996e-05
1501 9.42996e-05
1502 9.42996e-05
1503 9.42996e-05
1504 9.42996e-05
1505 9.42996e-05
1506 9.42996e-05
1507 9.42996e-05
1508 9.42996e-05
1509 9.42996e-05
1510 9.42996e-05
1511 9.42996e-05
1512 9.42996e-05
1513 9.42996e-05
1514 9.42996e-05
1515 9.42996e-05
1516 9.42996e-05
1517 9.42996e-05
1518 9.42996e-05
1519 9.42996e-05
1520 9.42996e-05
1521 9.42996e-05
1522 9.42996e-05
1523 9.42996e-05
1524 9.42996e-05
1525 9.42996e-05
1526 9.42996e-05
1527 9.42996e-05
1528 9.42996e-05
1529 9.42996e-05
1530 9.42996e-05
1531 9.42996e-05
1532 9.42996e-05
1533 9.42996e-05
1534 9.42996e-05
1535 9.42996e-05
1536 7.07247e-05
1537 7.07247e-05
1538 7.07247e-05
1539 7.07247e-05
1540 7.07247e-05
1541 7.07247e-05
1542 7.07247e-05
1543 7.07247e-05
1544 7.07247e-05
1545 7.07247e-05
1546 7.07247e-05
1547 7.07247e-05
1548 7.07247e-05
1549 7.07247e-05
1550 7.07247e-05
1551 7.07247e-05
1552 7.07247e-05
1553 7.07247e-05
1554 7.07247e-05
1555 7.07247e-05
1556 7.07247e-05
1557 7.07247e-05
1558 7.07247e-05
1559 7.07247e-05
1560 7.07247e-05
1561 7.07247e-05
1562 7.07247e-05
1563 7.07247e-05
1564 7.07247e-05
1565 7.07247e-05
1566 7.07247e-05
1567 7.07247e-05
1568 7.07247e-05
1569 7.07247e-05
1570 7.07247e-05
1571 7.07247e-05
1572 7.07247e-05
1573 7.07247e-05
1574 7.07247e-05
1575 7.07247e-05
1576 7.07247e-05
1577 7.07247e-05
1578 7.07247e-05
1579 7.07247e-05
1580 7.07247e-05
1581 7.07247e-05
1582 7.07247e-05
1583 7.07247e-05
1584 7.07247e-05
1585 7.07247e-05
1586 7.07247e-05
1587 7.07247e-05
1588 7.07247e-05
1589 7.07247e-05
1590 7.07247e-05
1591 7.07247e-05
1592 7.07247e-05
1593 7.07247e-05
1594 7.07247e-05
1595 7.07247e-05
1596 7.07247e-05
1597 7.07247e-05
1598 7.07247e-05
1599 7.07247e-05
1600 7.07247e-05
1601 7.07247e-05
1602 7.07247e-05
1603 7.07247e-05
1604 7.07247e-05
1605 7.07247e-05
1606 7.07247e-05
1607 7.07247e-05
1608 7.07247e-05
1609 7.07247e-05
1610 7.07247e-05
1611 7.07247e-05
1612 7.07247e-05
1613 7.07247e-05
1614 7.07247e-05
1615 7.07247e-05
1616 7.07247e-05
1617 7.07247e-05
1618 7.07247e-05
1619 7.07247e-05
1620 7.07247e-05
1621 7.07247e-05
1622 7.07247e-05
1623 7.07247e-05
1624 7.07247e-05
1625 7.07247e-05
1626 7.07247e-05
1627 7.07247e-05
1628 7.07247e-05
1629 7.07247e-05
1630 7.07247e-05
1631 7.07247e-05
1632 7.07247e-05
1633 7.07247e-05
1634 7.07247e-05
1635 7.07247e-05
1636 7.07247e-05
1637 7.07247e-05
1638 7.07247e-05
1639 7.07247e-05
1640 7.07247e-05
1641 7.07247e-05
1642 7.07247e-05
1643 7.07247e-05
1644 7.07247e-05
1645 7.07247e-05
1646 7.07247e-05
1647 7.07247e-05
1648 7.07247e-05
1649 7.07247e-05
1650 7.07247e-05
1651 7.07247e-05
1652 7.07247e-05
1653 7.07247e-05
1654 7.07247e-05
1655 7.07247e-05
1656 7.07247e-05
1657 7.07247e-05
1658 7.07247e-05
1659 7.07247e-05
1660 7.07247e-05
1661 7.07247e-05
1662 7.07247e-05
1663 7.07247e-05
1664 7.07247e-05
1665 7.07247e-05
1666 7.07247e-05
1667 7.07247e-05
1668 7.07247e-05
1669 7.07247e-05
1670 7.07247e-05
1671 7.07247e-05
1672 7.07247e-05
1673 7.07247e-05
1674 4.71498e-05
1675 4.71498e-05
1676 4.71498e-05
1677 4.71498e-05
1678 4.71498e-05
1679 4.71498e-05
1680 4.71498e-05
1681 4.71498e-05
1682 4.71498e-05
1683 4.71498e-05
1684 4.71498e-05
1685 4.71498e-05
1686 4.71498e-05
1687 4.71498e-05
1688 4.71498e-05
1689 4.71498e-05
1690 4.71498e-05
1691 4.71498e-05
1692 4.71498e-05
1693 4.71498e-05
1694 4.71498e-05
1695 4.71498e-05
1696 4.71498e-05
1697 4.71498e-05
1698 4.71498e-05
1699 4.71498e-05
1700 4.71498e-05
1701 4.71498e-05
1702 4.71498e-05
1703 4.71498e-05
1704 4.71498e-05
1705 4.71498e-05
1706 4.71498e-05
1707 4.71498e-05
1708 4.71498e-05
1709 4.71498e-05
1710 4.71498e-05
1711 4.71498e-05
1712 4.71498e-05
1713 4.71498e-05
1714 4.71498e-05
1715 4.71498e-05
1716 4.71498e-05
1717 4.71498e-05
1718 4.71498e-05
1719 4.71498e-05
1720 4.71498e-05
1721 4.71498e-05
1722 4.71498e-05
1723 4.71498e-05
1724 4.71498e-05
1725 4.71498e-05
1726 4.71498e-05
1727 4.71498e-05
1728 4.71498e-05
1729 4.71498e-05
1730 4.71498e-05
1731 4.71498e-05
1732 4.71498e-05
1733 4.71498e-05
1734 4.71498e-05
1735 4.71498e-05
1736 4.71498e-05
1737 4.71498e-05
1738 4.71498e-05
1739 4.71498e-05
1740 4.71498e-05
1741 4.71498e-05
1742 4.71498e-05
1743 4.71498e-05
1744 4.71498e-05
1745 4.71498e-05
1746 4.71498e-05
1747 4.71498e-05
1748 4.71498e-05
1749 4.71498e-05
1750 4.71498e-05
1751 4.71498e-05
1752 4.71498e-05
1753 4.71498e-05
1754 4.71498e-05
1755 4.71498e-05
1756 4.71498e-05
1757 4.71498e-05
1758 4.71498e-05
1759 4.71498e-05
1760 4.71498e-05
1761 4.71498e-05
1762 4.71498e-05
1763 4.71498e-05
1764 4.71498e-05
1765 4.71498e-05
1766 4.71498e-05
1767 4.71498e-05
1768 4.71498e-05
1769 4.71498e-05
1770 4.71498e-05
1771 4.71498e-05
1772 4.71498e-05
1773 4.71498e-05
1774 4.71498e-05
1775 4.71498e-05
1776 4.71498e-05
1777 4.71498e-05
1778 4.71498e-05
1779 4.71498e-05
1780 4.71498e-05
1781 4.71498e-05
1782 4.71498e-05
1783 4.71498e-05
1784 4.71498e-05
1785 4.71498e-05
1786 4.71498e-05
1787 4.71498e-05
1788 4.71498e-05
1789 4.71498e-05
1790 4.71498e-05
1791 4.71498e-05
1792 4.71498e-05
1793 4.71498e-05
1794 4.71498e-05
1795 4.71498e-05
1796 4.71498e-05
1797 4.71498e-05
1798 4.71498e-05
1799 4.71498e-05
1800 4.71498e-05
1801 4.71498e-05
1802 4.71498e-05
1803 4.71498e-05
1804 4.71498e-05
1805 4.71498e-05
1806 4.71498e-05
1807 4.71498e-05
1808 4.71498e-05
1809 4.71498e-05
1810 4.71498e-05
1811 4.71498e-05
1812 4.71498e-05
1813 4.71498e-05
1814 4.71498e-05
1815 4.71498e-05
1816 4.71498e-05
1817 4.71498e-05
1818 4.71498e-05
1819 4.71498e-05
1820 4.71498e-05
1821 4.71498e-05
1822 4.71498e-05
1823 4.71498e-05
1824 4.71498e-05
1825 4.71498e-05
1826 2.35749e-05
1827 2.35749e-05
1828 2.35749e-05
1829 2.35749e-05
1830 2.35749e-05
1831 2.35749e-05
1832 2.35749e-05
1833 2.35749e-05
1834 2.35749e-05
1835 2.35749e-05
1836 2.35749e-05
1837 2.35749e-05
1838 2.35749e-05
1839 2.35749e-05
1840 2.35749e-05
1841 2.35749e-05
1842 2.35749e-05
1843 2.35749e-05
1844 2.35749e-05
1845 2.35749e-05
1846 2.35749e-05
1847 2.35749e-05
1848 2.35749e-05
1849 2.35749e-05
1850 2.35749e-05
1851 2.35749e-05
1852 2.35749e-05
1853 2.35749e-05
1854 2.35749e-05
1855 2.35749e-05
1856 2.35749e-05
1857 2.35749e-05
1858 2.35749e-05
1859 2.35749e-05
1860 2.35749e-05
1861 2.35749e-05
1862 2.35749e-05
1863 2.35749e-05
1864 2.35749e-05
1865 2.35749e-05
1866 2.35749e-05
1867 2.35749e-05
1868 2.35749e-05
1869 2.35749e-05
1870 2.35749e-05
1871 2.35749e-05
1872 2.35749e-05
1873 2.35749e-05
1874 2.35749e-05
1875 2.35749e-05
1876 2.35749e-05
1877 2.35749e-05
1878 2.35749e-05
1879 2.35749e-05
1880 2.35749e-05
1881 2.35749e-05
1882 2.35749e-05
1883 2.35749e-05
1884 2.35749e-05
1885 2.35749e-05
1886 2.35749e-05
1887 2.35749e-05
1888 2.35749e-05
1889 2.35749e-05
1890 2.35749e-05
1891 2.35749e-05
1892 2.35749e-05
1893 2.35749e-05
1894 2.35749e-05
1895 2.35749e-05
1896 2.35749e-05
1897 2.35749e-05
1898 2.35749e-05
1899 2.35749e-05
1900 2.35749e-05
1901 2.35749e-05
1902 2.35749e-05
1903 2.35749e-05
1904 2.35749e-05
1905 2.35749e-05
1906 2.35749e-05
1907 2.35749e-05
1908 2.35749e-05
1909 2.35749e-05
1910 2.35749e-05
1911 2.35749e-05
1912 2.35749e-05
1913 2.35749e-05
1914 2.35749e-05
1915 2.35749e-05
1916 2.35749e-05
1917 2.35749e-05
1918 2.35749e-05
1919 2.35749e-05
1920 2.35749e-05
1921 2.35749e-05
1922 2.35749e-05
1923 2.35749e-05
1924 2.35749e-05
1925 2.35749e-05
1926 2.35749e-05
1927 2.35749e-05
1928 2.35749e-05
1929 2.35749e-05
1930 2.35749e-05
1931 2.35749e-05
1932 2.35749e-05
1933 2.35749e-05
