0 1
1 1
2 0.999947
3 0.849743
4 0.738165
5 0.64186
6 0.561404
7 0.487719
8 0.426735
9 0.375407
10 0.329012
11 0.291015
12 0.255379
13 0.228666
14 0.2019
15 0.179805
16 0.162223
17 0.145849
18 0.128792
19 0.115356
20 0.103495
21 0.0931563
22 0.0850215
23 0.0774116
24 0.0716385
25 0.0648683
26 0.0592526
27 0.0533746
28 0.0482313
29 0.0444526
30 0.0400441
31 0.0360554
32 0.0335887
33 0.0310696
34 0.0282355
35 0.025349
36 0.0235646
37 0.0214653
38 0.0198908
39 0.0182639
40 0.0163745
41 0.0151149
42 0.0142227
43 0.0130156
44 0.0117561
45 0.010444
46 0.00960428
47 0.00918442
48 0.00844967
49 0.00781988
50 0.0074525
51 0.00713761
52 0.00677023
53 0.00624541
54 0.00587803
55 0.00545817
56 0.00514328
57 0.00482838
58 0.00446101
59 0.00398866
60 0.00346384
61 0.00314895
62 0.00283405
63 0.0026766
64 0.00262412
65 0.00236171
66 0.00215178
67 0.00188937
68 0.00183688
69 0.00183688
70 0.00173192
71 0.00167944
72 0.00152199
73 0.00136454
74 0.00131206
75 0.00125958
76 0.00110213
77 0.00110213
78 0.00110213
79 0.00110213
80 0.00110213
81 0.00110213
82 0.000997166
83 0.000944684
84 0.000734754
85 0.000682271
86 0.000682271
87 0.000629789
88 0.000629789
89 0.000524824
90 0.000472342
91 0.000472342
92 0.000472342
93 0.000472342
94 0.000472342
95 0.000472342
96 0.000472342
97 0.000472342
98 0.000472342
99 0.000419859
100 0.000367377
101 0.000262412
102 0.000262412
103 0.000262412
104 0.000262412
105 0.000262412
106 0.000262412
107 0.000262412
108 0.000262412
109 0.00020993
110 0.00020993
111 0.00020993
112 0.000157447
113 0.000104965
114 0.000104965
115 0.000104965
116 0.000104965
117 0.000104965
118 0.000104965
119 0.000104965
120 0.000104965
121 0.000104965
122 0.000104965
123 0.000104965
124 0.000104965
125 0.000104965
126 0.000104965
127 0.000104965
128 0.000104965
129 0.000104965
130 0.000104965
131 0.000104965
132 0.000104965
133 0.000104965
134 0.000104965
135 0.000104965
136 0.000104965
137 0.000104965
138 0.000104965
139 0.000104965
140 0.000104965
141 0.000104965
142 5.24824e-05
143 5.24824e-05
