0 1
1 1
2 1
3 0.82093
4 0.688354
5 0.582016
6 0.489336
7 0.409237
8 0.348013
9 0.292006
10 0.249962
11 0.213595
12 0.180144
13 0.157588
14 0.13365
15 0.116004
16 0.102041
17 0.0871567
18 0.0761086
19 0.0658278
20 0.0590763
21 0.0526316
22 0.0452662
23 0.0400491
24 0.0355992
25 0.03207
26 0.0297683
27 0.0268528
28 0.0234771
29 0.0216357
30 0.0196409
31 0.0173393
32 0.0159583
33 0.0147307
34 0.0130428
35 0.0115084
36 0.00966702
37 0.00874636
38 0.00813258
39 0.00782569
40 0.00675157
41 0.00613779
42 0.00567746
43 0.00537057
44 0.00521712
45 0.00460334
46 0.00398957
47 0.00383612
48 0.00352923
49 0.00322234
50 0.00276201
51 0.00260856
52 0.00214823
53 0.00184134
54 0.00153445
55 0.001381
56 0.001381
57 0.001381
58 0.001381
59 0.001381
60 0.001381
61 0.00122756
62 0.00122756
63 0.00122756
64 0.00107411
65 0.000767224
66 0.000767224
67 0.000613779
68 0.000460335
69 0.000460335
70 0.000460335
71 0.000460335
72 0.000460335
73 0.000460335
74 0.000460335
75 0.00030689
76 0.00030689
77 0.00030689
78 0.00030689
79 0.000153445
80 0.000153445
81 0.000153445
82 0.000153445
83 0.000153445
84 0.000153445
85 0.000153445
