0 1
1 1
2 1
3 0.957849
4 0.910805
5 0.864081
6 0.817321
7 0.773291
8 0.728623
9 0.690726
10 0.654956
11 0.621419
12 0.589478
13 0.562358
14 0.534813
15 0.509075
16 0.484579
17 0.462351
18 0.44218
19 0.422433
20 0.405062
21 0.389535
22 0.373086
23 0.357842
24 0.344016
25 0.331927
26 0.319803
27 0.308565
28 0.29871
29 0.288464
30 0.279176
31 0.269994
32 0.261415
33 0.252623
34 0.24447
35 0.236387
36 0.228765
37 0.222313
38 0.215754
39 0.209409
40 0.203878
41 0.198064
42 0.191931
43 0.186295
44 0.181048
45 0.175978
46 0.171122
47 0.165485
48 0.161054
49 0.155807
50 0.151801
51 0.147476
52 0.142938
53 0.138968
54 0.135352
55 0.132232
56 0.128332
57 0.12539
58 0.122412
59 0.119009
60 0.116102
61 0.113408
62 0.110678
63 0.108019
64 0.105431
65 0.103198
66 0.101
67 0.0985181
68 0.0961075
69 0.0940513
70 0.0918534
71 0.0895136
72 0.0873511
73 0.0860394
74 0.0838769
75 0.0818917
76 0.08019
77 0.0786302
78 0.077283
79 0.0755814
80 0.073667
81 0.0720718
82 0.0703701
83 0.0688457
84 0.0676404
85 0.0658678
86 0.0646625
87 0.063209
88 0.0619328
89 0.060302
90 0.0590967
91 0.0577496
92 0.0564733
93 0.0549135
94 0.0539918
95 0.0526446
96 0.051652
97 0.0504821
98 0.0494186
99 0.048426
100 0.0475752
101 0.0466534
102 0.0458381
103 0.0447036
104 0.0434628
105 0.0425411
106 0.0416194
107 0.0407331
108 0.039705
109 0.0389606
110 0.0381098
111 0.0372944
112 0.0365854
113 0.03616
114 0.0352737
115 0.0344938
116 0.0339265
117 0.0331112
118 0.0326503
119 0.0320476
120 0.0316931
121 0.0310905
122 0.0305942
123 0.0300624
124 0.0297433
125 0.0293534
126 0.0290698
127 0.0286798
128 0.0280771
129 0.0277226
130 0.0271909
131 0.0268718
132 0.0263046
133 0.0259146
134 0.0254183
135 0.024922
136 0.0246739
137 0.0242484
138 0.023823
139 0.0234685
140 0.0230077
141 0.0225468
142 0.022015
143 0.0218023
144 0.021306
145 0.0208097
146 0.020597
147 0.0201716
148 0.0199234
149 0.0193917
150 0.0190017
151 0.0186117
152 0.0184345
153 0.0181154
154 0.0180091
155 0.0177609
156 0.0175128
157 0.0173001
158 0.0171583
159 0.0168392
160 0.0166265
161 0.0164847
162 0.0163783
163 0.0160593
164 0.0158111
165 0.0157402
166 0.0155275
167 0.0153148
168 0.0147476
169 0.0145349
170 0.014464
171 0.0142513
172 0.014074
173 0.0138259
174 0.0136132
175 0.0131877
176 0.0129396
177 0.0127623
178 0.0125496
179 0.0124078
180 0.0122306
181 0.0120888
182 0.0119824
183 0.0118052
184 0.0116634
185 0.011557
186 0.0114507
187 0.0113798
188 0.0113088
189 0.0110607
190 0.0110252
191 0.0107771
192 0.0105998
193 0.0104935
194 0.0104226
195 0.0103517
196 0.0103162
197 0.010139
198 0.0100326
199 0.00992626
200 0.00974901
201 0.0096072
202 0.0093945
203 0.00928815
204 0.00918179
205 0.00907544
206 0.00896909
207 0.00882728
208 0.00861458
209 0.00847277
210 0.00840187
211 0.00833097
212 0.00826007
213 0.00808281
214 0.00797646
215 0.00769285
216 0.00762195
217 0.00740925
218 0.00719654
219 0.00716109
220 0.00705474
221 0.00691293
222 0.00684203
223 0.00673568
224 0.00670023
225 0.00662932
226 0.00655842
227 0.00641662
228 0.00616846
229 0.00599121
230 0.00592031
231 0.0057785
232 0.0057076
233 0.00567215
234 0.00560125
235 0.00553035
236 0.00545944
237 0.00535309
238 0.00535309
239 0.00535309
240 0.00531764
241 0.00524674
242 0.00503403
243 0.00485678
244 0.00478588
245 0.00478588
246 0.00478588
247 0.00460862
248 0.00453772
249 0.00453772
250 0.00450227
251 0.00439592
252 0.00432501
253 0.00425411
254 0.00425411
255 0.00425411
256 0.00418321
257 0.00414776
258 0.00411231
259 0.00407686
260 0.0039705
261 0.00386415
262 0.00372235
263 0.00365145
264 0.003616
265 0.00358054
266 0.00350964
267 0.00350964
268 0.00347419
269 0.00347419
270 0.00343874
271 0.00340329
272 0.00333239
273 0.00329694
274 0.00329694
275 0.00322604
276 0.00315513
277 0.00315513
278 0.00311968
279 0.00308423
280 0.00308423
281 0.00308423
282 0.00304878
283 0.00301333
284 0.00297788
285 0.00294243
286 0.00294243
287 0.00294243
288 0.00294243
289 0.00287153
290 0.00287153
291 0.00280062
292 0.00280062
293 0.00280062
294 0.00280062
295 0.00280062
296 0.00276517
297 0.00269427
298 0.00269427
299 0.00269427
300 0.00269427
301 0.00265882
302 0.00262337
303 0.00258792
304 0.00251702
305 0.00248157
306 0.00244611
307 0.00244611
308 0.00244611
309 0.00244611
310 0.00237521
311 0.00237521
312 0.00233976
313 0.00230431
314 0.00226886
315 0.00223341
316 0.00219796
317 0.00219796
318 0.00219796
319 0.00219796
320 0.00219796
321 0.00219796
322 0.00216251
323 0.00209161
324 0.00198525
325 0.00191435
326 0.0018789
327 0.001808
328 0.0017371
329 0.00170164
330 0.00170164
331 0.00170164
332 0.00170164
333 0.00170164
334 0.00170164
335 0.00166619
336 0.00166619
337 0.00159529
338 0.00159529
339 0.00155984
340 0.00148894
341 0.00148894
342 0.00145349
343 0.00145349
344 0.00145349
345 0.00141804
346 0.00134714
347 0.00134714
348 0.00131168
349 0.00131168
350 0.00131168
351 0.00131168
352 0.00131168
353 0.00124078
354 0.00124078
355 0.00120533
356 0.00120533
357 0.00120533
358 0.00120533
359 0.00116988
360 0.00116988
361 0.00116988
362 0.00116988
363 0.00116988
364 0.00113443
365 0.00109898
366 0.00109898
367 0.00109898
368 0.00109898
369 0.00109898
370 0.00109898
371 0.00106353
372 0.00106353
373 0.00106353
374 0.00106353
375 0.00106353
376 0.00106353
377 0.00106353
378 0.00102808
379 0.00102808
380 0.00102808
381 0.00102808
382 0.000992626
383 0.000957175
384 0.000921724
385 0.000921724
386 0.000921724
387 0.000921724
388 0.000921724
389 0.000921724
390 0.000921724
391 0.000921724
392 0.000921724
393 0.000886273
394 0.000886273
395 0.000886273
396 0.000886273
397 0.000886273
398 0.000886273
399 0.000886273
400 0.000850822
401 0.000850822
402 0.000850822
403 0.000850822
404 0.000815372
405 0.000815372
406 0.000779921
407 0.000709019
408 0.000709019
409 0.000709019
410 0.000709019
411 0.000709019
412 0.000709019
413 0.000709019
414 0.000709019
415 0.000709019
416 0.000673568
417 0.000673568
418 0.000673568
419 0.000673568
420 0.000673568
421 0.000673568
422 0.000673568
423 0.000673568
424 0.000673568
425 0.000638117
426 0.000638117
427 0.000638117
428 0.000638117
429 0.000638117
430 0.000638117
431 0.000638117
432 0.000602666
433 0.000602666
434 0.000602666
435 0.000602666
436 0.000567215
437 0.000567215
438 0.000567215
439 0.000531764
440 0.000531764
441 0.000496313
442 0.000496313
443 0.000496313
444 0.000496313
445 0.000496313
446 0.000496313
447 0.000496313
448 0.000496313
449 0.000496313
450 0.000496313
451 0.000496313
452 0.000460862
453 0.000460862
454 0.000460862
455 0.000460862
456 0.00038996
457 0.00038996
458 0.00038996
459 0.00038996
460 0.00038996
461 0.00038996
462 0.00038996
463 0.00038996
464 0.00038996
465 0.00038996
466 0.00038996
467 0.00038996
468 0.00038996
469 0.00038996
470 0.00038996
471 0.00038996
472 0.00038996
473 0.00038996
474 0.00038996
475 0.00038996
476 0.00038996
477 0.00038996
478 0.00038996
479 0.00038996
480 0.00038996
481 0.00038996
482 0.000354509
483 0.000354509
484 0.000354509
485 0.000354509
486 0.000354509
487 0.000354509
488 0.000354509
489 0.000354509
490 0.000354509
491 0.000354509
492 0.000354509
493 0.000354509
494 0.000354509
495 0.000354509
496 0.000354509
497 0.000354509
498 0.000354509
499 0.000354509
500 0.000354509
501 0.000354509
502 0.000354509
503 0.000354509
504 0.000354509
505 0.000354509
506 0.000354509
507 0.000354509
508 0.000354509
509 0.000354509
510 0.000354509
511 0.000319058
512 0.000319058
513 0.000319058
514 0.000283607
515 0.000283607
516 0.000283607
517 0.000283607
518 0.000283607
519 0.000283607
520 0.000283607
521 0.000283607
522 0.000283607
523 0.000283607
524 0.000283607
525 0.000283607
526 0.000283607
527 0.000283607
528 0.000283607
529 0.000283607
530 0.000283607
531 0.000283607
532 0.000283607
533 0.000283607
534 0.000283607
535 0.000283607
536 0.000283607
537 0.000283607
538 0.000283607
539 0.000283607
540 0.000248157
541 0.000248157
542 0.000248157
543 0.000248157
544 0.000248157
545 0.000248157
546 0.000248157
547 0.000248157
548 0.000248157
549 0.000248157
550 0.000248157
551 0.000248157
552 0.000248157
553 0.000248157
554 0.000248157
555 0.000248157
556 0.000248157
557 0.000248157
558 0.000248157
559 0.000248157
560 0.000248157
561 0.000248157
562 0.000248157
563 0.000248157
564 0.000248157
565 0.000212706
566 0.000212706
567 0.000212706
568 0.000212706
569 0.000212706
570 0.000212706
571 0.000212706
572 0.000212706
573 0.000212706
574 0.000212706
575 0.000212706
576 0.000212706
577 0.000212706
578 0.000212706
579 0.000212706
580 0.000212706
581 0.000212706
582 0.000212706
583 0.000212706
584 0.000212706
585 0.000212706
586 0.000212706
587 0.000212706
588 0.000212706
589 0.000212706
590 0.000212706
591 0.000212706
592 0.000212706
593 0.000212706
594 0.000212706
595 0.000177255
596 0.000177255
597 0.000177255
598 0.000177255
599 0.000177255
600 0.000177255
601 0.000177255
602 0.000177255
603 0.000177255
604 0.000177255
605 0.000177255
606 0.000177255
607 0.000177255
608 0.000177255
609 0.000177255
610 0.000177255
611 0.000177255
612 0.000177255
613 0.000177255
614 0.000177255
615 0.000141804
616 0.000141804
617 0.000141804
618 0.000141804
619 0.000141804
620 0.000141804
621 0.000141804
622 0.000141804
623 0.000141804
624 0.000141804
625 0.000141804
626 0.000141804
627 0.000141804
628 0.000141804
629 0.000141804
630 0.000106353
631 0.000106353
632 0.000106353
633 0.000106353
634 0.000106353
635 0.000106353
636 0.000106353
637 0.000106353
638 0.000106353
639 0.000106353
640 0.000106353
641 0.000106353
642 0.000106353
643 0.000106353
644 0.000106353
645 0.000106353
646 0.000106353
647 0.000106353
648 0.000106353
649 0.000106353
650 0.000106353
651 0.000106353
652 0.000106353
653 0.000106353
654 0.000106353
655 0.000106353
656 0.000106353
657 0.000106353
658 0.000106353
659 0.000106353
660 0.000106353
661 0.000106353
662 0.000106353
663 0.000106353
664 0.000106353
665 0.000106353
666 0.000106353
667 0.000106353
668 0.000106353
669 0.000106353
670 0.000106353
671 0.000106353
672 0.000106353
673 0.000106353
674 0.000106353
675 0.000106353
676 0.000106353
677 0.000106353
678 0.000106353
679 0.000106353
680 0.000106353
681 0.000106353
682 0.000106353
683 0.000106353
684 0.000106353
685 0.000106353
686 0.000106353
687 0.000106353
688 0.000106353
689 0.000106353
690 0.000106353
691 0.000106353
692 0.000106353
693 0.000106353
694 0.000106353
695 0.000106353
696 7.09019e-05
697 7.09019e-05
698 7.09019e-05
699 7.09019e-05
700 7.09019e-05
701 7.09019e-05
702 7.09019e-05
703 7.09019e-05
704 7.09019e-05
705 7.09019e-05
706 7.09019e-05
707 7.09019e-05
708 7.09019e-05
709 7.09019e-05
710 7.09019e-05
711 7.09019e-05
712 7.09019e-05
713 7.09019e-05
714 7.09019e-05
715 7.09019e-05
716 7.09019e-05
717 7.09019e-05
718 7.09019e-05
719 7.09019e-05
720 7.09019e-05
721 7.09019e-05
722 7.09019e-05
723 7.09019e-05
724 7.09019e-05
725 7.09019e-05
726 7.09019e-05
727 7.09019e-05
728 7.09019e-05
729 7.09019e-05
730 3.54509e-05
731 3.54509e-05
732 3.54509e-05
733 3.54509e-05
734 3.54509e-05
735 3.54509e-05
736 3.54509e-05
737 3.54509e-05
738 3.54509e-05
739 3.54509e-05
740 3.54509e-05
741 3.54509e-05
742 3.54509e-05
743 3.54509e-05
744 3.54509e-05
745 3.54509e-05
746 3.54509e-05
747 3.54509e-05
748 3.54509e-05
749 3.54509e-05
750 3.54509e-05
751 3.54509e-05
752 3.54509e-05
753 3.54509e-05
754 3.54509e-05
755 3.54509e-05
756 3.54509e-05
757 3.54509e-05
758 3.54509e-05
759 3.54509e-05
760 3.54509e-05
761 3.54509e-05
762 3.54509e-05
763 3.54509e-05
764 3.54509e-05
765 3.54509e-05
766 3.54509e-05
767 3.54509e-05
768 3.54509e-05
769 3.54509e-05
770 3.54509e-05
771 3.54509e-05
772 3.54509e-05
773 3.54509e-05
774 3.54509e-05
775 3.54509e-05
776 3.54509e-05
777 3.54509e-05
778 3.54509e-05
779 3.54509e-05
780 3.54509e-05
781 3.54509e-05
782 3.54509e-05
783 3.54509e-05
784 3.54509e-05
785 3.54509e-05
786 3.54509e-05
787 3.54509e-05
788 3.54509e-05
789 3.54509e-05
790 3.54509e-05
791 3.54509e-05
792 3.54509e-05
793 3.54509e-05
794 3.54509e-05
795 3.54509e-05
796 3.54509e-05
797 3.54509e-05
798 3.54509e-05
799 3.54509e-05
800 3.54509e-05
801 3.54509e-05
802 3.54509e-05
803 3.54509e-05
804 3.54509e-05
805 3.54509e-05
806 3.54509e-05
807 3.54509e-05
808 3.54509e-05
809 3.54509e-05
810 3.54509e-05
811 3.54509e-05
812 3.54509e-05
813 3.54509e-05
814 3.54509e-05
815 3.54509e-05
816 3.54509e-05
817 3.54509e-05
818 3.54509e-05
819 3.54509e-05
820 3.54509e-05
821 3.54509e-05
822 3.54509e-05
823 3.54509e-05
824 3.54509e-05
825 3.54509e-05
826 3.54509e-05
827 3.54509e-05
828 3.54509e-05
829 3.54509e-05
830 3.54509e-05
831 3.54509e-05
832 3.54509e-05
833 3.54509e-05
834 3.54509e-05
835 3.54509e-05
836 3.54509e-05
837 3.54509e-05
838 3.54509e-05
839 3.54509e-05
840 3.54509e-05
841 3.54509e-05
842 3.54509e-05
843 3.54509e-05
844 3.54509e-05
845 3.54509e-05
846 3.54509e-05
847 3.54509e-05
848 3.54509e-05
849 3.54509e-05
850 3.54509e-05
851 3.54509e-05
852 3.54509e-05
853 3.54509e-05
854 3.54509e-05
855 3.54509e-05
856 3.54509e-05
857 3.54509e-05
858 3.54509e-05
859 3.54509e-05
860 3.54509e-05
861 3.54509e-05
862 3.54509e-05
863 3.54509e-05
864 3.54509e-05
865 3.54509e-05
866 3.54509e-05
867 3.54509e-05
868 3.54509e-05
869 3.54509e-05
870 3.54509e-05
871 3.54509e-05
872 3.54509e-05
873 3.54509e-05
874 3.54509e-05
875 3.54509e-05
876 3.54509e-05
877 3.54509e-05
878 3.54509e-05
