0 1
1 1
2 1
3 0.935258
4 0.864509
5 0.797435
6 0.736236
7 0.674767
8 0.618992
9 0.569315
10 0.52439
11 0.484173
12 0.448216
13 0.415486
14 0.386792
15 0.360384
16 0.334918
17 0.310707
18 0.290352
19 0.273
20 0.256367
21 0.243051
22 0.228121
23 0.215387
24 0.202834
25 0.190638
26 0.17943
27 0.170059
28 0.160599
29 0.151318
30 0.143248
31 0.136074
32 0.129573
33 0.123162
34 0.116885
35 0.110787
36 0.106304
37 0.10061
38 0.0958124
39 0.0912392
40 0.0868006
41 0.0828103
42 0.0785509
43 0.075009
44 0.0719154
45 0.0686872
46 0.065773
47 0.0630829
48 0.0601237
49 0.0579717
50 0.0554609
51 0.0536227
52 0.0515603
53 0.049184
54 0.0469871
55 0.0449695
56 0.04349
57 0.0418311
58 0.0401273
59 0.0383788
60 0.0371682
61 0.036137
62 0.0348368
63 0.0338504
64 0.0324157
65 0.0310707
66 0.0297256
67 0.0287392
68 0.0275735
69 0.0264078
70 0.0251973
71 0.0241661
72 0.023359
73 0.0221933
74 0.0214311
75 0.0205344
76 0.0197274
77 0.0191445
78 0.0185169
79 0.017665
80 0.0171718
81 0.0161854
82 0.0157371
83 0.0152887
84 0.0147059
85 0.0143024
86 0.0138092
87 0.0133608
88 0.0128676
89 0.0123745
90 0.0119261
91 0.0117019
92 0.0112088
93 0.0109397
94 0.0107604
95 0.0104017
96 0.0101327
97 0.0097292
98 0.00946019
99 0.00910151
100 0.00901184
101 0.00860832
102 0.00833931
103 0.0080703
104 0.00775646
105 0.00766679
106 0.00757712
107 0.00726327
108 0.0070391
109 0.00677009
110 0.00668042
111 0.00645624
112 0.00623207
113 0.00605273
114 0.00587339
115 0.00564921
116 0.00546987
117 0.00529053
118 0.00506636
119 0.00497669
120 0.00470768
121 0.00457317
122 0.004349
123 0.00421449
124 0.00403515
125 0.00385581
126 0.00376614
127 0.00367647
128 0.00363164
129 0.0035868
130 0.00354197
131 0.0034523
132 0.00336263
133 0.00318329
134 0.00313845
135 0.00300395
136 0.00300395
137 0.00300395
138 0.00295911
139 0.00282461
140 0.00277977
141 0.00277977
142 0.0026901
143 0.00260043
144 0.00251076
145 0.00251076
146 0.00251076
147 0.00242109
148 0.00224175
149 0.00215208
150 0.00210725
151 0.00201758
152 0.00183824
153 0.00183824
154 0.00174857
155 0.0016589
156 0.0016589
157 0.00161406
158 0.00156923
159 0.00156923
160 0.00156923
161 0.00152439
162 0.00143472
163 0.00138989
164 0.00134505
165 0.00130022
166 0.00125538
167 0.00125538
168 0.00121055
169 0.00121055
170 0.00116571
171 0.00107604
172 0.00107604
173 0.00107604
174 0.00107604
175 0.00107604
176 0.00103121
177 0.00098637
178 0.00098637
179 0.00098637
180 0.000941535
181 0.000941535
182 0.0008967
183 0.000851865
184 0.00080703
185 0.00080703
186 0.000762195
187 0.000762195
188 0.000762195
189 0.000762195
190 0.00071736
191 0.00071736
192 0.00071736
193 0.00071736
194 0.00071736
195 0.00071736
196 0.00071736
197 0.000672525
198 0.000672525
199 0.000672525
200 0.000672525
201 0.00062769
202 0.000582855
203 0.000582855
204 0.000582855
205 0.000582855
206 0.000582855
207 0.00053802
208 0.00053802
209 0.00053802
210 0.00053802
211 0.000493185
212 0.000493185
213 0.000493185
214 0.000493185
215 0.000493185
216 0.000493185
217 0.00044835
218 0.00035868
219 0.00035868
220 0.00035868
221 0.00035868
222 0.00035868
223 0.00035868
224 0.00035868
225 0.000313845
226 0.00026901
227 0.00026901
228 0.00026901
229 0.00026901
230 0.00026901
231 0.00026901
232 0.00026901
233 0.00026901
234 0.000224175
235 0.000224175
236 0.000224175
237 0.00017934
238 0.00017934
239 0.00017934
240 0.00017934
241 0.00017934
242 0.00017934
243 0.00017934
244 0.00017934
245 0.00017934
246 0.00017934
247 0.00017934
248 0.00017934
249 0.00017934
250 0.00017934
251 0.00017934
252 0.00017934
253 0.00017934
254 0.000134505
255 0.000134505
256 0.000134505
257 0.000134505
258 0.000134505
259 0.000134505
260 0.000134505
261 0.000134505
262 0.000134505
263 0.000134505
264 0.000134505
265 0.000134505
266 0.000134505
267 0.000134505
268 0.000134505
269 0.000134505
270 0.000134505
271 0.000134505
272 0.000134505
273 0.000134505
274 0.000134505
275 0.000134505
276 0.000134505
277 8.967e-05
278 8.967e-05
279 8.967e-05
280 4.4835e-05
281 4.4835e-05
