0 1
1 1
2 1
3 1
4 1
5 1
6 1
7 0.999962
8 0.999962
9 0.999962
10 0.999962
11 0.999962
12 0.999962
13 0.999962
14 0.999962
15 0.999924
16 0.999924
17 0.999924
18 0.999924
19 0.999924
20 0.999924
21 0.999924
22 0.999924
23 0.999847
24 0.999847
25 0.999847
26 0.999847
27 0.999847
28 0.999847
29 0.999847
30 0.999847
31 0.999733
32 0.999733
33 0.999733
34 0.999733
35 0.999733
36 0.999733
37 0.999733
38 0.999733
39 0.999542
40 0.999542
41 0.999542
42 0.999542
43 0.999542
44 0.999542
45 0.999542
46 0.999542
47 0.999389
48 0.999389
49 0.999389
50 0.999389
51 0.999389
52 0.999389
53 0.999389
54 0.999389
55 0.999389
56 0.999389
57 0.974086
58 0.974086
59 0.974086
60 0.974086
61 0.974086
62 0.974086
63 0.973857
64 0.973857
65 0.945768
66 0.945768
67 0.945768
68 0.945768
69 0.945768
70 0.945768
71 0.945729
72 0.945729
73 0.919128
74 0.919128
75 0.919128
76 0.919128
77 0.919128
78 0.919128
79 0.918823
80 0.918823
81 0.891993
82 0.891993
83 0.891993
84 0.891993
85 0.891993
86 0.891993
87 0.89184
88 0.89184
89 0.867033
90 0.867033
91 0.867033
92 0.867033
93 0.867033
94 0.867033
95 0.866957
96 0.866957
97 0.841768
98 0.841768
99 0.841768
100 0.841768
101 0.841768
102 0.841768
103 0.841615
104 0.841615
105 0.817075
106 0.817075
107 0.817075
108 0.817075
109 0.817075
110 0.817075
111 0.816846
112 0.816846
113 0.794138
114 0.794138
115 0.794138
116 0.794138
117 0.794138
118 0.794138
119 0.793794
120 0.793794
121 0.769712
122 0.769712
123 0.769712
124 0.769712
125 0.769712
126 0.769712
127 0.76956
128 0.76956
129 0.746584
130 0.746584
131 0.746584
132 0.746584
133 0.746584
134 0.746584
135 0.746393
136 0.746393
137 0.7238
138 0.7238
139 0.7238
140 0.7238
141 0.7238
142 0.7238
143 0.723685
144 0.723685
145 0.702236
146 0.702236
147 0.702236
148 0.702236
149 0.702236
150 0.702236
151 0.70216
152 0.70216
153 0.681666
154 0.681666
155 0.681666
156 0.681666
157 0.681666
158 0.681666
159 0.681513
160 0.681513
161 0.65953
162 0.65953
163 0.65953
164 0.65953
165 0.65953
166 0.65953
167 0.659377
168 0.659377
169 0.639417
170 0.639417
171 0.639417
172 0.639417
173 0.639417
174 0.639417
175 0.639302
176 0.639302
177 0.620143
178 0.620143
179 0.620143
180 0.620143
181 0.620143
182 0.620143
183 0.620029
184 0.620029
185 0.599954
186 0.599954
187 0.599954
188 0.599954
189 0.599954
190 0.599954
191 0.599916
192 0.599916
193 0.580337
194 0.580337
195 0.580337
196 0.580337
197 0.580337
198 0.580337
199 0.580108
200 0.580108
201 0.561713
202 0.561713
203 0.561713
204 0.561713
205 0.561713
206 0.561713
207 0.561713
208 0.561713
209 0.544462
210 0.544462
211 0.544462
212 0.544462
213 0.544462
214 0.544462
215 0.544271
216 0.544271
217 0.528624
218 0.528624
219 0.528624
220 0.528624
221 0.528624
222 0.528624
223 0.528433
224 0.528433
225 0.511793
226 0.511793
227 0.511793
228 0.511793
229 0.511793
230 0.511793
231 0.511755
232 0.511755
233 0.496222
234 0.496222
235 0.496222
236 0.496222
237 0.496222
238 0.496222
239 0.496183
240 0.496183
241 0.481299
242 0.481299
243 0.481299
244 0.481299
245 0.481299
246 0.481299
247 0.481261
248 0.481261
249 0.467674
250 0.467674
251 0.467674
252 0.467674
253 0.467674
254 0.467674
255 0.467598
256 0.467598
257 0.4534
258 0.4534
259 0.4534
260 0.4534
261 0.4534
262 0.4534
263 0.453362
264 0.453362
265 0.440272
266 0.440272
267 0.440272
268 0.440272
269 0.440272
270 0.440272
271 0.440081
272 0.440081
273 0.427639
274 0.427639
275 0.427639
276 0.427639
277 0.427639
278 0.427639
279 0.427639
280 0.427639
281 0.415274
282 0.415274
283 0.415274
284 0.415274
285 0.415274
286 0.415274
287 0.415197
288 0.415197
289 0.403748
290 0.403748
291 0.403748
292 0.403748
293 0.403748
294 0.403748
295 0.403595
296 0.403595
297 0.391459
298 0.391459
299 0.391459
300 0.391459
301 0.391459
302 0.391459
303 0.391382
304 0.391382
305 0.379856
306 0.379856
307 0.379856
308 0.379856
309 0.379856
310 0.379856
311 0.379666
312 0.379666
313 0.368598
314 0.368598
315 0.368598
316 0.368598
317 0.368598
318 0.368598
319 0.368483
320 0.368483
321 0.357912
322 0.357912
323 0.357912
324 0.357912
325 0.357912
326 0.357912
327 0.357721
328 0.357721
329 0.347302
330 0.347302
331 0.347302
332 0.347302
333 0.347302
334 0.347302
335 0.347264
336 0.347264
337 0.337417
338 0.337417
339 0.337417
340 0.337417
341 0.337417
342 0.337417
343 0.337379
344 0.337379
345 0.328067
346 0.328067
347 0.328067
348 0.328067
349 0.328067
350 0.328067
351 0.327876
352 0.327876
353 0.318831
354 0.318831
355 0.318831
356 0.318831
357 0.318831
358 0.318831
359 0.318831
360 0.318831
361 0.31074
362 0.31074
363 0.31074
364 0.31074
365 0.31074
366 0.31074
367 0.310625
368 0.310625
369 0.303068
370 0.303068
371 0.303068
372 0.303068
373 0.303068
374 0.303068
375 0.30303
376 0.30303
377 0.295626
378 0.295626
379 0.295626
380 0.295626
381 0.295626
382 0.295626
383 0.295474
384 0.295474
385 0.287383
386 0.287383
387 0.287383
388 0.287383
389 0.287383
390 0.287383
391 0.287344
392 0.287344
393 0.279139
394 0.279139
395 0.279139
396 0.279139
397 0.279139
398 0.279139
399 0.279025
400 0.279025
401 0.271277
402 0.271277
403 0.271277
404 0.271277
405 0.271277
406 0.271277
407 0.271201
408 0.271201
409 0.262957
410 0.262957
411 0.262957
412 0.262957
413 0.262957
414 0.262957
415 0.262957
416 0.262957
417 0.256202
418 0.256202
419 0.256202
420 0.256202
421 0.256202
422 0.256202
423 0.256125
424 0.256125
425 0.24979
426 0.24979
427 0.24979
428 0.24979
429 0.24979
430 0.24979
431 0.249752
432 0.249752
433 0.244218
434 0.244218
435 0.244218
436 0.244218
437 0.244218
438 0.244218
439 0.24418
440 0.24418
441 0.238112
442 0.238112
443 0.238112
444 0.238112
445 0.238112
446 0.238112
447 0.237997
448 0.237997
449 0.231585
450 0.231585
451 0.231585
452 0.231585
453 0.231585
454 0.231585
455 0.231356
456 0.231356
457 0.225784
458 0.225784
459 0.225784
460 0.225784
461 0.225784
462 0.225784
463 0.22567
464 0.22567
465 0.220976
466 0.220976
467 0.220976
468 0.220976
469 0.220976
470 0.220976
471 0.220899
472 0.220899
473 0.215289
474 0.215289
475 0.215289
476 0.215289
477 0.215289
478 0.215289
479 0.215174
480 0.215174
481 0.211472
482 0.211472
483 0.211472
484 0.211472
485 0.211472
486 0.211472
487 0.211434
488 0.211434
489 0.206244
490 0.206244
491 0.206244
492 0.206244
493 0.206244
494 0.206244
495 0.206206
496 0.206206
497 0.201435
498 0.201435
499 0.201435
500 0.201435
501 0.201435
502 0.201435
503 0.201397
504 0.201397
505 0.196703
506 0.196703
507 0.196703
508 0.196703
509 0.196703
510 0.196703
511 0.196703
512 0.196703
513 0.192237
514 0.192237
515 0.192237
516 0.192237
517 0.192237
518 0.192237
519 0.192085
520 0.192085
521 0.187352
522 0.187352
523 0.187352
524 0.187352
525 0.187352
526 0.187352
527 0.187161
528 0.187161
529 0.182772
530 0.182772
531 0.182772
532 0.182772
533 0.182772
534 0.182772
535 0.182734
536 0.182734
537 0.178421
538 0.178421
539 0.178421
540 0.178421
541 0.178421
542 0.178421
543 0.178421
544 0.178421
545 0.173956
546 0.173956
547 0.173956
548 0.173956
549 0.173956
550 0.173956
551 0.173918
552 0.173918
553 0.170102
554 0.170102
555 0.170102
556 0.170102
557 0.170102
558 0.170102
559 0.170025
560 0.170025
561 0.166667
562 0.166667
563 0.166667
564 0.166667
565 0.166667
566 0.166667
567 0.166628
568 0.166628
569 0.162507
570 0.162507
571 0.162507
572 0.162507
573 0.162507
574 0.162507
575 0.162392
576 0.162392
577 0.158995
578 0.158995
579 0.158995
580 0.158995
581 0.158995
582 0.158995
583 0.158995
584 0.158995
585 0.155866
586 0.155866
587 0.155866
588 0.155866
589 0.155866
590 0.155866
591 0.155828
592 0.155828
593 0.151859
594 0.151859
595 0.151859
596 0.151859
597 0.151859
598 0.151859
599 0.151859
600 0.151859
601 0.147775
602 0.147775
603 0.147775
604 0.147775
605 0.147775
606 0.147775
607 0.147775
608 0.147775
609 0.144111
610 0.144111
611 0.144111
612 0.144111
613 0.144111
614 0.144111
615 0.144035
616 0.144035
617 0.140867
618 0.140867
619 0.140867
620 0.140867
621 0.140867
622 0.140867
623 0.140753
624 0.140753
625 0.137585
626 0.137585
627 0.137585
628 0.137585
629 0.137585
630 0.137585
631 0.137509
632 0.137509
633 0.134303
634 0.134303
635 0.134303
636 0.134303
637 0.134303
638 0.134303
639 0.134265
640 0.134265
641 0.131402
642 0.131402
643 0.131402
644 0.131402
645 0.131402
646 0.131402
647 0.131364
648 0.131364
649 0.12854
650 0.12854
651 0.12854
652 0.12854
653 0.12854
654 0.12854
655 0.128463
656 0.128463
657 0.126059
658 0.126059
659 0.126059
660 0.126059
661 0.126059
662 0.126059
663 0.126021
664 0.126021
665 0.123044
666 0.123044
667 0.123044
668 0.123044
669 0.123044
670 0.123044
671 0.122968
672 0.122968
673 0.120525
674 0.120525
675 0.120525
676 0.120525
677 0.120525
678 0.120525
679 0.120487
680 0.120487
681 0.117548
682 0.117548
683 0.117548
684 0.117548
685 0.117548
686 0.117548
687 0.117548
688 0.117548
689 0.114495
690 0.114495
691 0.114495
692 0.114495
693 0.114495
694 0.114495
695 0.114457
696 0.114457
697 0.111976
698 0.111976
699 0.111976
700 0.111976
701 0.111976
702 0.111976
703 0.111976
704 0.111976
705 0.108999
706 0.108999
707 0.108999
708 0.108999
709 0.108999
710 0.108999
711 0.108999
712 0.108999
713 0.106786
714 0.106786
715 0.106786
716 0.106786
717 0.106786
718 0.106786
719 0.106748
720 0.106748
721 0.103923
722 0.103923
723 0.103923
724 0.103923
725 0.103923
726 0.103923
727 0.103923
728 0.103923
729 0.101824
730 0.101824
731 0.101824
732 0.101824
733 0.101824
734 0.101824
735 0.101786
736 0.101786
737 0.0994962
738 0.0994962
739 0.0994962
740 0.0994962
741 0.0994962
742 0.0994962
743 0.0994962
744 0.0994962
745 0.0971682
746 0.0971682
747 0.0971682
748 0.0971682
749 0.0971682
750 0.0971682
751 0.0971682
752 0.0971682
753 0.0952217
754 0.0952217
755 0.0952217
756 0.0952217
757 0.0952217
758 0.0952217
759 0.0951836
760 0.0951836
761 0.0930082
762 0.0930082
763 0.0930082
764 0.0930082
765 0.0930082
766 0.0930082
767 0.0930082
768 0.0930082
769 0.0912526
770 0.0912526
771 0.0912526
772 0.0912526
773 0.0912526
774 0.0912526
775 0.0911762
776 0.0911762
777 0.0891917
778 0.0891917
779 0.0891917
780 0.0891917
781 0.0891917
782 0.0891917
783 0.0891535
784 0.0891535
785 0.0874742
786 0.0874742
787 0.0874742
788 0.0874742
789 0.0874742
790 0.0874742
791 0.0874742
792 0.0874742
793 0.0856042
794 0.0856042
795 0.0856042
796 0.0856042
797 0.0856042
798 0.0856042
799 0.085566
800 0.085566
801 0.0835814
802 0.0835814
803 0.0835814
804 0.0835814
805 0.0835814
806 0.0835814
807 0.0835432
808 0.0835432
809 0.081864
810 0.081864
811 0.081864
812 0.081864
813 0.081864
814 0.081864
815 0.081864
816 0.081864
817 0.0798412
818 0.0798412
819 0.0798412
820 0.0798412
821 0.0798412
822 0.0798412
823 0.0798031
824 0.0798031
825 0.0778948
826 0.0778948
827 0.0778948
828 0.0778948
829 0.0778948
830 0.0778948
831 0.0778185
832 0.0778185
833 0.0760629
834 0.0760629
835 0.0760629
836 0.0760629
837 0.0760629
838 0.0760629
839 0.0760629
840 0.0760629
841 0.0749561
842 0.0749561
843 0.0749561
844 0.0749561
845 0.0749561
846 0.0749561
847 0.0749561
848 0.0749561
849 0.0734295
850 0.0734295
851 0.0734295
852 0.0734295
853 0.0734295
854 0.0734295
855 0.0733913
856 0.0733913
857 0.0717502
858 0.0717502
859 0.0717502
860 0.0717502
861 0.0717502
862 0.0717502
863 0.0717121
864 0.0717121
865 0.070529
866 0.070529
867 0.070529
868 0.070529
869 0.070529
870 0.070529
871 0.0704908
872 0.0704908
873 0.0691169
874 0.0691169
875 0.0691169
876 0.0691169
877 0.0691169
878 0.0691169
879 0.0691169
880 0.0691169
881 0.0677048
882 0.0677048
883 0.0677048
884 0.0677048
885 0.0677048
886 0.0677048
887 0.0677048
888 0.0677048
889 0.0664835
890 0.0664835
891 0.0664835
892 0.0664835
893 0.0664835
894 0.0664835
895 0.0664835
896 0.0664835
897 0.065453
898 0.065453
899 0.065453
900 0.065453
901 0.065453
902 0.065453
903 0.0654149
904 0.0654149
905 0.0640791
906 0.0640791
907 0.0640791
908 0.0640791
909 0.0640791
910 0.0640791
911 0.0640027
912 0.0640027
913 0.0627433
914 0.0627433
915 0.0627433
916 0.0627433
917 0.0627433
918 0.0627433
919 0.062667
920 0.062667
921 0.0614457
922 0.0614457
923 0.0614457
924 0.0614457
925 0.0614457
926 0.0614457
927 0.061293
928 0.061293
929 0.0600336
930 0.0600336
931 0.0600336
932 0.0600336
933 0.0600336
934 0.0600336
935 0.0600336
936 0.0600336
937 0.0585833
938 0.0585833
939 0.0585833
940 0.0585833
941 0.0585833
942 0.0585833
943 0.0585451
944 0.0585451
945 0.0575529
946 0.0575529
947 0.0575529
948 0.0575529
949 0.0575529
950 0.0575529
951 0.0575529
952 0.0575529
953 0.0564079
954 0.0564079
955 0.0564079
956 0.0564079
957 0.0564079
958 0.0564079
959 0.0563316
960 0.0563316
961 0.055263
962 0.055263
963 0.055263
964 0.055263
965 0.055263
966 0.055263
967 0.0552248
968 0.0552248
969 0.0539272
970 0.0539272
971 0.0539272
972 0.0539272
973 0.0539272
974 0.0539272
975 0.053889
976 0.053889
977 0.0530112
978 0.0530112
979 0.0530112
980 0.0530112
981 0.0530112
982 0.0530112
983 0.0530112
984 0.0530112
985 0.0520189
986 0.0520189
987 0.0520189
988 0.0520189
989 0.0520189
990 0.0520189
991 0.0520189
992 0.0520189
993 0.0510648
994 0.0510648
995 0.0510648
996 0.0510648
997 0.0510648
998 0.0510648
999 0.0510648
1000 0.0510648
1001 0.0498817
1002 0.0498817
1003 0.0498817
1004 0.0498817
1005 0.0498817
1006 0.0498817
1007 0.0498435
1008 0.0498435
1009 0.0485459
1010 0.0485459
1011 0.0485459
1012 0.0485459
1013 0.0485459
1014 0.0485459
1015 0.0485459
1016 0.0485459
1017 0.047401
1018 0.047401
1019 0.047401
1020 0.047401
1021 0.047401
1022 0.047401
1023 0.047401
1024 0.047401
1025 0.0464087
1026 0.0464087
1027 0.0464087
1028 0.0464087
1029 0.0464087
1030 0.0464087
1031 0.0464087
1032 0.0464087
1033 0.0454545
1034 0.0454545
1035 0.0454545
1036 0.0454545
1037 0.0454545
1038 0.0454545
1039 0.0454545
1040 0.0454545
1041 0.0446149
1042 0.0446149
1043 0.0446149
1044 0.0446149
1045 0.0446149
1046 0.0446149
1047 0.0445767
1048 0.0445767
1049 0.0436608
1050 0.0436608
1051 0.0436608
1052 0.0436608
1053 0.0436608
1054 0.0436608
1055 0.0436608
1056 0.0436608
1057 0.0426303
1058 0.0426303
1059 0.0426303
1060 0.0426303
1061 0.0426303
1062 0.0426303
1063 0.0425922
1064 0.0425922
1065 0.0420579
1066 0.0420579
1067 0.0420579
1068 0.0420579
1069 0.0420579
1070 0.0420579
1071 0.0419815
1072 0.0419815
1073 0.0410274
1074 0.0410274
1075 0.0410274
1076 0.0410274
1077 0.0410274
1078 0.0410274
1079 0.0410274
1080 0.0410274
1081 0.0404168
1082 0.0404168
1083 0.0404168
1084 0.0404168
1085 0.0404168
1086 0.0404168
1087 0.0403786
1088 0.0403786
1089 0.039539
1090 0.039539
1091 0.039539
1092 0.039539
1093 0.039539
1094 0.039539
1095 0.039539
1096 0.039539
1097 0.0388902
1098 0.0388902
1099 0.0388902
1100 0.0388902
1101 0.0388902
1102 0.0388902
1103 0.0388902
1104 0.0388902
1105 0.0378597
1106 0.0378597
1107 0.0378597
1108 0.0378597
1109 0.0378597
1110 0.0378597
1111 0.0378215
1112 0.0378215
1113 0.0369437
1114 0.0369437
1115 0.0369437
1116 0.0369437
1117 0.0369437
1118 0.0369437
1119 0.0369437
1120 0.0369437
1121 0.0364858
1122 0.0364858
1123 0.0364858
1124 0.0364858
1125 0.0364858
1126 0.0364858
1127 0.0364858
1128 0.0364858
1129 0.0357225
1130 0.0357225
1131 0.0357225
1132 0.0357225
1133 0.0357225
1134 0.0357225
1135 0.0357225
1136 0.0357225
1137 0.03515
1138 0.03515
1139 0.03515
1140 0.03515
1141 0.03515
1142 0.03515
1143 0.0351118
1144 0.0351118
1145 0.0345012
1146 0.0345012
1147 0.0345012
1148 0.0345012
1149 0.0345012
1150 0.0345012
1151 0.0345012
1152 0.0345012
1153 0.0338142
1154 0.0338142
1155 0.0338142
1156 0.0338142
1157 0.0338142
1158 0.0338142
1159 0.0338142
1160 0.0338142
1161 0.0332417
1162 0.0332417
1163 0.0332417
1164 0.0332417
1165 0.0332417
1166 0.0332417
1167 0.0332036
1168 0.0332036
1169 0.0325166
1170 0.0325166
1171 0.0325166
1172 0.0325166
1173 0.0325166
1174 0.0325166
1175 0.0325166
1176 0.0325166
1177 0.0320968
1178 0.0320968
1179 0.0320968
1180 0.0320968
1181 0.0320968
1182 0.0320968
1183 0.0320586
1184 0.0320586
1185 0.0314861
1186 0.0314861
1187 0.0314861
1188 0.0314861
1189 0.0314861
1190 0.0314861
1191 0.0314861
1192 0.0314861
1193 0.0311045
1194 0.0311045
1195 0.0311045
1196 0.0311045
1197 0.0311045
1198 0.0311045
1199 0.0311045
1200 0.0311045
1201 0.0304175
1202 0.0304175
1203 0.0304175
1204 0.0304175
1205 0.0304175
1206 0.0304175
1207 0.0304175
1208 0.0304175
1209 0.0299595
1210 0.0299595
1211 0.0299595
1212 0.0299595
1213 0.0299595
1214 0.0299595
1215 0.0299214
1216 0.0299214
1217 0.0292726
1218 0.0292726
1219 0.0292726
1220 0.0292726
1221 0.0292726
1222 0.0292726
1223 0.0292726
1224 0.0292726
1225 0.0288146
1226 0.0288146
1227 0.0288146
1228 0.0288146
1229 0.0288146
1230 0.0288146
1231 0.0288146
1232 0.0288146
1233 0.0281658
1234 0.0281658
1235 0.0281658
1236 0.0281658
1237 0.0281658
1238 0.0281658
1239 0.0281658
1240 0.0281658
1241 0.0275933
1242 0.0275933
1243 0.0275933
1244 0.0275933
1245 0.0275933
1246 0.0275933
1247 0.0275933
1248 0.0275933
1249 0.0269063
1250 0.0269063
1251 0.0269063
1252 0.0269063
1253 0.0269063
1254 0.0269063
1255 0.0269063
1256 0.0269063
1257 0.026372
1258 0.026372
1259 0.026372
1260 0.026372
1261 0.026372
1262 0.026372
1263 0.026372
1264 0.026372
1265 0.0260285
1266 0.0260285
1267 0.0260285
1268 0.0260285
1269 0.0260285
1270 0.0260285
1271 0.0259904
1272 0.0259904
1273 0.0257232
1274 0.0257232
1275 0.0257232
1276 0.0257232
1277 0.0257232
1278 0.0257232
1279 0.0257232
1280 0.0257232
1281 0.0252652
1282 0.0252652
1283 0.0252652
1284 0.0252652
1285 0.0252652
1286 0.0252652
1287 0.0252271
1288 0.0252271
1289 0.0248836
1290 0.0248836
1291 0.0248836
1292 0.0248836
1293 0.0248836
1294 0.0248836
1295 0.0248454
1296 0.0248454
1297 0.0243111
1298 0.0243111
1299 0.0243111
1300 0.0243111
1301 0.0243111
1302 0.0243111
1303 0.024273
1304 0.024273
1305 0.0234715
1306 0.0234715
1307 0.0234715
1308 0.0234715
1309 0.0234715
1310 0.0234715
1311 0.0234715
1312 0.0234715
1313 0.0229753
1314 0.0229753
1315 0.0229753
1316 0.0229753
1317 0.0229753
1318 0.0229753
1319 0.0229753
1320 0.0229753
1321 0.0225555
1322 0.0225555
1323 0.0225555
1324 0.0225555
1325 0.0225555
1326 0.0225555
1327 0.0225174
1328 0.0225174
1329 0.0223265
1330 0.0223265
1331 0.0223265
1332 0.0223265
1333 0.0223265
1334 0.0223265
1335 0.022212
1336 0.022212
1337 0.0217541
1338 0.0217541
1339 0.0217541
1340 0.0217541
1341 0.0217541
1342 0.0217541
1343 0.0217541
1344 0.0217541
1345 0.0210289
1346 0.0210289
1347 0.0210289
1348 0.0210289
1349 0.0210289
1350 0.0210289
1351 0.0209908
1352 0.0209908
1353 0.0206854
1354 0.0206854
1355 0.0206854
1356 0.0206854
1357 0.0206854
1358 0.0206854
1359 0.0206473
1360 0.0206473
1361 0.0202275
1362 0.0202275
1363 0.0202275
1364 0.0202275
1365 0.0202275
1366 0.0202275
1367 0.0201893
1368 0.0201893
1369 0.019884
1370 0.019884
1371 0.019884
1372 0.019884
1373 0.019884
1374 0.019884
1375 0.019884
1376 0.019884
1377 0.0197313
1378 0.0197313
1379 0.0197313
1380 0.0197313
1381 0.0197313
1382 0.0197313
1383 0.0197313
1384 0.0197313
1385 0.0193497
1386 0.0193497
1387 0.0193497
1388 0.0193497
1389 0.0193497
1390 0.0193497
1391 0.0193497
1392 0.0193497
1393 0.0190443
1394 0.0190443
1395 0.0190443
1396 0.0190443
1397 0.0190443
1398 0.0190443
1399 0.0190443
1400 0.0190443
1401 0.018739
1402 0.018739
1403 0.018739
1404 0.018739
1405 0.018739
1406 0.018739
1407 0.018739
1408 0.018739
1409 0.0184719
1410 0.0184719
1411 0.0184719
1412 0.0184719
1413 0.0184719
1414 0.0184719
1415 0.0184719
1416 0.0184719
1417 0.0182047
1418 0.0182047
1419 0.0182047
1420 0.0182047
1421 0.0182047
1422 0.0182047
1423 0.0182047
1424 0.0182047
1425 0.0176704
1426 0.0176704
1427 0.0176704
1428 0.0176704
1429 0.0176704
1430 0.0176704
1431 0.0175941
1432 0.0175941
1433 0.0173651
1434 0.0173651
1435 0.0173651
1436 0.0173651
1437 0.0173651
1438 0.0173651
1439 0.0173651
1440 0.0173651
1441 0.0172888
1442 0.0172888
1443 0.0172888
1444 0.0172888
1445 0.0172888
1446 0.0172888
1447 0.0172888
1448 0.0172888
1449 0.0170598
1450 0.0170598
1451 0.0170598
1452 0.0170598
1453 0.0170598
1454 0.0170598
1455 0.0170598
1456 0.0170598
1457 0.01664
1458 0.01664
1459 0.01664
1460 0.01664
1461 0.01664
1462 0.01664
1463 0.01664
1464 0.01664
1465 0.0163728
1466 0.0163728
1467 0.0163728
1468 0.0163728
1469 0.0163728
1470 0.0163728
1471 0.0163346
1472 0.0163346
1473 0.0161056
1474 0.0161056
1475 0.0161056
1476 0.0161056
1477 0.0161056
1478 0.0161056
1479 0.0161056
1480 0.0161056
1481 0.0159911
1482 0.0159911
1483 0.0159911
1484 0.0159911
1485 0.0159911
1486 0.0159911
1487 0.0159911
1488 0.0159911
1489 0.0158385
1490 0.0158385
1491 0.0158385
1492 0.0158385
1493 0.0158385
1494 0.0158385
1495 0.0158385
1496 0.0158385
1497 0.0156095
1498 0.0156095
1499 0.0156095
1500 0.0156095
1501 0.0156095
1502 0.0156095
1503 0.0156095
1504 0.0156095
1505 0.0152278
1506 0.0152278
1507 0.0152278
1508 0.0152278
1509 0.0152278
1510 0.0152278
1511 0.0152278
1512 0.0152278
1513 0.0148462
1514 0.0148462
1515 0.0148462
1516 0.0148462
1517 0.0148462
1518 0.0148462
1519 0.0148462
1520 0.0148462
1521 0.0143119
1522 0.0143119
1523 0.0143119
1524 0.0143119
1525 0.0143119
1526 0.0143119
1527 0.0142737
1528 0.0142737
1529 0.0138921
1530 0.0138921
1531 0.0138921
1532 0.0138921
1533 0.0138921
1534 0.0138921
1535 0.0138921
1536 0.0138921
1537 0.0136631
1538 0.0136631
1539 0.0136631
1540 0.0136631
1541 0.0136631
1542 0.0136631
1543 0.0136249
1544 0.0136249
1545 0.0134341
1546 0.0134341
1547 0.0134341
1548 0.0134341
1549 0.0134341
1550 0.0134341
1551 0.0134341
1552 0.0134341
1553 0.0131669
1554 0.0131669
1555 0.0131669
1556 0.0131669
1557 0.0131669
1558 0.0131669
1559 0.0131669
1560 0.0131669
1561 0.0128234
1562 0.0128234
1563 0.0128234
1564 0.0128234
1565 0.0128234
1566 0.0128234
1567 0.0128234
1568 0.0128234
1569 0.0126708
1570 0.0126708
1571 0.0126708
1572 0.0126708
1573 0.0126708
1574 0.0126708
1575 0.0126708
1576 0.0126708
1577 0.0122891
1578 0.0122891
1579 0.0122891
1580 0.0122891
1581 0.0122891
1582 0.0122891
1583 0.0122891
1584 0.0122891
1585 0.0118693
1586 0.0118693
1587 0.0118693
1588 0.0118693
1589 0.0118693
1590 0.0118693
1591 0.0118693
1592 0.0118693
1593 0.0116403
1594 0.0116403
1595 0.0116403
1596 0.0116403
1597 0.0116403
1598 0.0116403
1599 0.0116403
1600 0.0116403
1601 0.0113732
1602 0.0113732
1603 0.0113732
1604 0.0113732
1605 0.0113732
1606 0.0113732
1607 0.0113732
1608 0.0113732
1609 0.0111824
1610 0.0111824
1611 0.0111824
1612 0.0111824
1613 0.0111824
1614 0.0111824
1615 0.0111824
1616 0.0111824
1617 0.0110297
1618 0.0110297
1619 0.0110297
1620 0.0110297
1621 0.0110297
1622 0.0110297
1623 0.0110297
1624 0.0110297
1625 0.0108007
1626 0.0108007
1627 0.0108007
1628 0.0108007
1629 0.0108007
1630 0.0108007
1631 0.0107625
1632 0.0107625
1633 0.0105717
1634 0.0105717
1635 0.0105717
1636 0.0105717
1637 0.0105717
1638 0.0105717
1639 0.0105717
1640 0.0105717
1641 0.0103809
1642 0.0103809
1643 0.0103809
1644 0.0103809
1645 0.0103809
1646 0.0103809
1647 0.0103809
1648 0.0103809
1649 0.0102664
1650 0.0102664
1651 0.0102664
1652 0.0102664
1653 0.0102664
1654 0.0102664
1655 0.0102664
1656 0.0102664
1657 0.0102282
1658 0.0102282
1659 0.0102282
1660 0.0102282
1661 0.0102282
1662 0.0102282
1663 0.0102282
1664 0.0102282
1665 0.0100756
1666 0.0100756
1667 0.0100756
1668 0.0100756
1669 0.0100756
1670 0.0100756
1671 0.0100374
1672 0.0100374
1673 0.00984658
1674 0.00984658
1675 0.00984658
1676 0.00984658
1677 0.00984658
1678 0.00984658
1679 0.00984658
1680 0.00984658
1681 0.00961759
1682 0.00961759
1683 0.00961759
1684 0.00961759
1685 0.00961759
1686 0.00961759
1687 0.00961759
1688 0.00961759
1689 0.00942676
1690 0.00942676
1691 0.00942676
1692 0.00942676
1693 0.00942676
1694 0.00942676
1695 0.00942676
1696 0.00942676
1697 0.00912144
1698 0.00912144
1699 0.00912144
1700 0.00912144
1701 0.00912144
1702 0.00912144
1703 0.00912144
1704 0.00912144
1705 0.00908328
1706 0.00908328
1707 0.00908328
1708 0.00908328
1709 0.00908328
1710 0.00908328
1711 0.00908328
1712 0.00908328
1713 0.00881612
1714 0.00881612
1715 0.00881612
1716 0.00881612
1717 0.00881612
1718 0.00881612
1719 0.00881612
1720 0.00881612
1721 0.0086253
1722 0.0086253
1723 0.0086253
1724 0.0086253
1725 0.0086253
1726 0.0086253
1727 0.0086253
1728 0.0086253
1729 0.00858713
1730 0.00858713
1731 0.00858713
1732 0.00858713
1733 0.00858713
1734 0.00858713
1735 0.00854897
1736 0.00854897
1737 0.00835814
1738 0.00835814
1739 0.00835814
1740 0.00835814
1741 0.00835814
1742 0.00835814
1743 0.00835814
1744 0.00835814
1745 0.00809099
1746 0.00809099
1747 0.00809099
1748 0.00809099
1749 0.00809099
1750 0.00809099
1751 0.00809099
1752 0.00809099
1753 0.00793833
1754 0.00793833
1755 0.00793833
1756 0.00793833
1757 0.00793833
1758 0.00793833
1759 0.00790016
1760 0.00790016
1761 0.00778567
1762 0.00778567
1763 0.00778567
1764 0.00778567
1765 0.00778567
1766 0.00778567
1767 0.00778567
1768 0.00778567
1769 0.00759484
1770 0.00759484
1771 0.00759484
1772 0.00759484
1773 0.00759484
1774 0.00759484
1775 0.00759484
1776 0.00759484
1777 0.00732769
1778 0.00732769
1779 0.00732769
1780 0.00732769
1781 0.00732769
1782 0.00732769
1783 0.00732769
1784 0.00732769
1785 0.00721319
1786 0.00721319
1787 0.00721319
1788 0.00721319
1789 0.00721319
1790 0.00721319
1791 0.00717502
1792 0.00717502
1793 0.00694603
1794 0.00694603
1795 0.00694603
1796 0.00694603
1797 0.00694603
1798 0.00694603
1799 0.00694603
1800 0.00694603
1801 0.00667888
1802 0.00667888
1803 0.00667888
1804 0.00667888
1805 0.00667888
1806 0.00667888
1807 0.00667888
1808 0.00667888
1809 0.00656438
1810 0.00656438
1811 0.00656438
1812 0.00656438
1813 0.00656438
1814 0.00656438
1815 0.00656438
1816 0.00656438
1817 0.00644989
1818 0.00644989
1819 0.00644989
1820 0.00644989
1821 0.00644989
1822 0.00644989
1823 0.00644989
1824 0.00644989
1825 0.00629723
1826 0.00629723
1827 0.00629723
1828 0.00629723
1829 0.00629723
1830 0.00629723
1831 0.00629723
1832 0.00629723
1833 0.0061064
1834 0.0061064
1835 0.0061064
1836 0.0061064
1837 0.0061064
1838 0.0061064
1839 0.0061064
1840 0.0061064
1841 0.00599191
1842 0.00599191
1843 0.00599191
1844 0.00599191
1845 0.00599191
1846 0.00599191
1847 0.00599191
1848 0.00599191
1849 0.00591558
1850 0.00591558
1851 0.00591558
1852 0.00591558
1853 0.00591558
1854 0.00591558
1855 0.00591558
1856 0.00591558
1857 0.00580108
1858 0.00580108
1859 0.00580108
1860 0.00580108
1861 0.00580108
1862 0.00580108
1863 0.00580108
1864 0.00580108
1865 0.00568659
1866 0.00568659
1867 0.00568659
1868 0.00568659
1869 0.00568659
1870 0.00568659
1871 0.00568659
1872 0.00568659
1873 0.00564842
1874 0.00564842
1875 0.00564842
1876 0.00564842
1877 0.00564842
1878 0.00564842
1879 0.00564842
1880 0.00564842
1881 0.00557209
1882 0.00557209
1883 0.00557209
1884 0.00557209
1885 0.00557209
1886 0.00557209
1887 0.00557209
1888 0.00557209
1889 0.00549576
1890 0.00549576
1891 0.00549576
1892 0.00549576
1893 0.00549576
1894 0.00549576
1895 0.0054576
1896 0.0054576
1897 0.00530494
1898 0.00530494
1899 0.00530494
1900 0.00530494
1901 0.00530494
1902 0.00530494
1903 0.00530494
1904 0.00530494
1905 0.00515228
1906 0.00515228
1907 0.00515228
1908 0.00515228
1909 0.00515228
1910 0.00515228
1911 0.00515228
1912 0.00515228
1913 0.00511411
1914 0.00511411
1915 0.00511411
1916 0.00511411
1917 0.00511411
1918 0.00511411
1919 0.00511411
1920 0.00511411
1921 0.00503778
1922 0.00503778
1923 0.00503778
1924 0.00503778
1925 0.00503778
1926 0.00503778
1927 0.00503778
1928 0.00503778
1929 0.00496145
1930 0.00496145
1931 0.00496145
1932 0.00496145
1933 0.00496145
1934 0.00496145
1935 0.00496145
1936 0.00496145
1937 0.00488512
1938 0.00488512
1939 0.00488512
1940 0.00488512
1941 0.00488512
1942 0.00488512
1943 0.00488512
1944 0.00488512
1945 0.00484696
1946 0.00484696
1947 0.00484696
1948 0.00484696
1949 0.00484696
1950 0.00484696
1951 0.00484696
1952 0.00484696
1953 0.00480879
1954 0.00480879
1955 0.00480879
1956 0.00480879
1957 0.00480879
1958 0.00480879
1959 0.00480879
1960 0.00480879
1961 0.0046943
1962 0.0046943
1963 0.0046943
1964 0.0046943
1965 0.0046943
1966 0.0046943
1967 0.0046943
1968 0.0046943
1969 0.00461797
1970 0.00461797
1971 0.00461797
1972 0.00461797
1973 0.00461797
1974 0.00461797
1975 0.00461797
1976 0.00461797
1977 0.00454164
1978 0.00454164
1979 0.00454164
1980 0.00454164
1981 0.00454164
1982 0.00454164
1983 0.00454164
1984 0.00454164
1985 0.00446531
1986 0.00446531
1987 0.00446531
1988 0.00446531
1989 0.00446531
1990 0.00446531
1991 0.00446531
1992 0.00446531
1993 0.00446531
1994 0.00446531
1995 0.00446531
1996 0.00446531
1997 0.00446531
1998 0.00446531
1999 0.00446531
2000 0.00446531
2001 0.00427448
2002 0.00427448
2003 0.00427448
2004 0.00427448
2005 0.00427448
2006 0.00427448
2007 0.00427448
2008 0.00427448
2009 0.00412182
2010 0.00412182
2011 0.00412182
2012 0.00412182
2013 0.00412182
2014 0.00412182
2015 0.00412182
2016 0.00412182
2017 0.00412182
2018 0.00412182
2019 0.00412182
2020 0.00412182
2021 0.00412182
2022 0.00412182
2023 0.00412182
2024 0.00412182
2025 0.00396916
2026 0.00396916
2027 0.00396916
2028 0.00396916
2029 0.00396916
2030 0.00396916
2031 0.00396916
2032 0.00396916
2033 0.00396916
2034 0.00396916
2035 0.00396916
2036 0.00396916
2037 0.00396916
2038 0.00396916
2039 0.00396916
2040 0.00396916
2041 0.00396916
2042 0.00396916
2043 0.00396916
2044 0.00396916
2045 0.00396916
2046 0.00396916
2047 0.00396916
2048 0.00396916
2049 0.00396916
2050 0.00396916
2051 0.00396916
2052 0.00396916
2053 0.00396916
2054 0.00396916
2055 0.00396916
2056 0.00396916
2057 0.00389283
2058 0.00389283
2059 0.00389283
2060 0.00389283
2061 0.00389283
2062 0.00389283
2063 0.00389283
2064 0.00389283
2065 0.00377834
2066 0.00377834
2067 0.00377834
2068 0.00377834
2069 0.00377834
2070 0.00377834
2071 0.00377834
2072 0.00377834
2073 0.00377834
2074 0.00377834
2075 0.00377834
2076 0.00377834
2077 0.00377834
2078 0.00377834
2079 0.00377834
2080 0.00377834
2081 0.00366384
2082 0.00366384
2083 0.00366384
2084 0.00366384
2085 0.00366384
2086 0.00366384
2087 0.00366384
2088 0.00366384
2089 0.00358751
2090 0.00358751
2091 0.00358751
2092 0.00358751
2093 0.00358751
2094 0.00358751
2095 0.00358751
2096 0.00358751
2097 0.00351118
2098 0.00351118
2099 0.00351118
2100 0.00351118
2101 0.00351118
2102 0.00351118
2103 0.00351118
2104 0.00351118
2105 0.00343485
2106 0.00343485
2107 0.00343485
2108 0.00343485
2109 0.00343485
2110 0.00343485
2111 0.00343485
2112 0.00343485
2113 0.00343485
2114 0.00343485
2115 0.00343485
2116 0.00343485
2117 0.00343485
2118 0.00343485
2119 0.00343485
2120 0.00343485
2121 0.00335852
2122 0.00335852
2123 0.00335852
2124 0.00335852
2125 0.00335852
2126 0.00335852
2127 0.00335852
2128 0.00335852
2129 0.00335852
2130 0.00335852
2131 0.00335852
2132 0.00335852
2133 0.00335852
2134 0.00335852
2135 0.00335852
2136 0.00335852
2137 0.00332036
2138 0.00332036
2139 0.00332036
2140 0.00332036
2141 0.00332036
2142 0.00332036
2143 0.00332036
2144 0.00332036
2145 0.00324403
2146 0.00324403
2147 0.00324403
2148 0.00324403
2149 0.00324403
2150 0.00324403
2151 0.00324403
2152 0.00324403
2153 0.00324403
2154 0.00324403
2155 0.00324403
2156 0.00324403
2157 0.00324403
2158 0.00324403
2159 0.00324403
2160 0.00324403
2161 0.0031677
2162 0.0031677
2163 0.0031677
2164 0.0031677
2165 0.0031677
2166 0.0031677
2167 0.0031677
2168 0.0031677
2169 0.0031677
2170 0.0031677
2171 0.0031677
2172 0.0031677
2173 0.0031677
2174 0.0031677
2175 0.0031677
2176 0.0031677
2177 0.0031677
2178 0.0031677
2179 0.0031677
2180 0.0031677
2181 0.0031677
2182 0.0031677
2183 0.0031677
2184 0.0031677
2185 0.00309137
2186 0.00309137
2187 0.00309137
2188 0.00309137
2189 0.00309137
2190 0.00309137
2191 0.00309137
2192 0.00309137
2193 0.0030532
2194 0.0030532
2195 0.0030532
2196 0.0030532
2197 0.0030532
2198 0.0030532
2199 0.0030532
2200 0.0030532
2201 0.00297687
2202 0.00297687
2203 0.00297687
2204 0.00297687
2205 0.00297687
2206 0.00297687
2207 0.00297687
2208 0.00297687
2209 0.00290054
2210 0.00290054
2211 0.00290054
2212 0.00290054
2213 0.00290054
2214 0.00290054
2215 0.00290054
2216 0.00290054
2217 0.00290054
2218 0.00290054
2219 0.00290054
2220 0.00290054
2221 0.00290054
2222 0.00290054
2223 0.00290054
2224 0.00290054
2225 0.00282421
2226 0.00282421
2227 0.00282421
2228 0.00282421
2229 0.00282421
2230 0.00282421
2231 0.00282421
2232 0.00282421
2233 0.00278605
2234 0.00278605
2235 0.00278605
2236 0.00278605
2237 0.00278605
2238 0.00278605
2239 0.00274788
2240 0.00274788
2241 0.00267155
2242 0.00267155
2243 0.00267155
2244 0.00267155
2245 0.00267155
2246 0.00267155
2247 0.00267155
2248 0.00267155
2249 0.00259522
2250 0.00259522
2251 0.00259522
2252 0.00259522
2253 0.00259522
2254 0.00259522
2255 0.00259522
2256 0.00259522
2257 0.00259522
2258 0.00259522
2259 0.00259522
2260 0.00259522
2261 0.00259522
2262 0.00259522
2263 0.00259522
2264 0.00259522
2265 0.00251889
2266 0.00251889
2267 0.00251889
2268 0.00251889
2269 0.00251889
2270 0.00251889
2271 0.00251889
2272 0.00251889
2273 0.00248073
2274 0.00248073
2275 0.00248073
2276 0.00248073
2277 0.00248073
2278 0.00248073
2279 0.00248073
2280 0.00248073
2281 0.0024044
2282 0.0024044
2283 0.0024044
2284 0.0024044
2285 0.0024044
2286 0.0024044
2287 0.0024044
2288 0.0024044
2289 0.0024044
2290 0.0024044
2291 0.0024044
2292 0.0024044
2293 0.0024044
2294 0.0024044
2295 0.0024044
2296 0.0024044
2297 0.00225174
2298 0.00225174
2299 0.00225174
2300 0.00225174
2301 0.00225174
2302 0.00225174
2303 0.00225174
2304 0.00225174
2305 0.00225174
2306 0.00225174
2307 0.00225174
2308 0.00225174
2309 0.00225174
2310 0.00225174
2311 0.00225174
2312 0.00225174
2313 0.00225174
2314 0.00225174
2315 0.00225174
2316 0.00225174
2317 0.00225174
2318 0.00225174
2319 0.00225174
2320 0.00225174
2321 0.00217541
2322 0.00217541
2323 0.00217541
2324 0.00217541
2325 0.00217541
2326 0.00217541
2327 0.00217541
2328 0.00217541
2329 0.00213724
2330 0.00213724
2331 0.00213724
2332 0.00213724
2333 0.00213724
2334 0.00213724
2335 0.00213724
2336 0.00213724
2337 0.00213724
2338 0.00213724
2339 0.00213724
2340 0.00213724
2341 0.00213724
2342 0.00213724
2343 0.00213724
2344 0.00213724
2345 0.00209908
2346 0.00209908
2347 0.00209908
2348 0.00209908
2349 0.00209908
2350 0.00209908
2351 0.00209908
2352 0.00209908
2353 0.00209908
2354 0.00209908
2355 0.00209908
2356 0.00209908
2357 0.00209908
2358 0.00209908
2359 0.00209908
2360 0.00209908
2361 0.00206091
2362 0.00206091
2363 0.00206091
2364 0.00206091
2365 0.00206091
2366 0.00206091
2367 0.00206091
2368 0.00206091
2369 0.00206091
2370 0.00206091
2371 0.00206091
2372 0.00206091
2373 0.00206091
2374 0.00206091
2375 0.00206091
2376 0.00206091
2377 0.00206091
2378 0.00206091
2379 0.00206091
2380 0.00206091
2381 0.00206091
2382 0.00206091
2383 0.00206091
2384 0.00206091
2385 0.00202275
2386 0.00202275
2387 0.00202275
2388 0.00202275
2389 0.00202275
2390 0.00202275
2391 0.00202275
2392 0.00202275
2393 0.00202275
2394 0.00202275
2395 0.00202275
2396 0.00202275
2397 0.00202275
2398 0.00202275
2399 0.00202275
2400 0.00202275
2401 0.00202275
2402 0.00202275
2403 0.00202275
2404 0.00202275
2405 0.00202275
2406 0.00202275
2407 0.00202275
2408 0.00202275
2409 0.00202275
2410 0.00202275
2411 0.00202275
2412 0.00202275
2413 0.00202275
2414 0.00202275
2415 0.00202275
2416 0.00202275
2417 0.00198458
2418 0.00198458
2419 0.00198458
2420 0.00198458
2421 0.00198458
2422 0.00198458
2423 0.00198458
2424 0.00198458
2425 0.00198458
2426 0.00198458
2427 0.00198458
2428 0.00198458
2429 0.00198458
2430 0.00198458
2431 0.00198458
2432 0.00198458
2433 0.00198458
2434 0.00198458
2435 0.00198458
2436 0.00198458
2437 0.00198458
2438 0.00198458
2439 0.00198458
2440 0.00198458
2441 0.00198458
2442 0.00198458
2443 0.00198458
2444 0.00198458
2445 0.00198458
2446 0.00198458
2447 0.00198458
2448 0.00198458
2449 0.00198458
2450 0.00198458
2451 0.00198458
2452 0.00198458
2453 0.00198458
2454 0.00198458
2455 0.00198458
2456 0.00198458
2457 0.00194642
2458 0.00194642
2459 0.00194642
2460 0.00194642
2461 0.00194642
2462 0.00194642
2463 0.00194642
2464 0.00194642
2465 0.00190825
2466 0.00190825
2467 0.00190825
2468 0.00190825
2469 0.00190825
2470 0.00190825
2471 0.00190825
2472 0.00190825
2473 0.00190825
2474 0.00190825
2475 0.00190825
2476 0.00190825
2477 0.00190825
2478 0.00190825
2479 0.00190825
2480 0.00190825
2481 0.00190825
2482 0.00190825
2483 0.00190825
2484 0.00190825
2485 0.00190825
2486 0.00190825
2487 0.00190825
2488 0.00190825
2489 0.00187009
2490 0.00187009
2491 0.00187009
2492 0.00187009
2493 0.00187009
2494 0.00187009
2495 0.00187009
2496 0.00187009
2497 0.00183192
2498 0.00183192
2499 0.00183192
2500 0.00183192
2501 0.00183192
2502 0.00183192
2503 0.00183192
2504 0.00183192
2505 0.00183192
2506 0.00183192
2507 0.00183192
2508 0.00183192
2509 0.00183192
2510 0.00183192
2511 0.00183192
2512 0.00183192
2513 0.00179376
2514 0.00179376
2515 0.00179376
2516 0.00179376
2517 0.00179376
2518 0.00179376
2519 0.00175559
2520 0.00175559
2521 0.00167926
2522 0.00167926
2523 0.00167926
2524 0.00167926
2525 0.00167926
2526 0.00167926
2527 0.00167926
2528 0.00167926
2529 0.0016411
2530 0.0016411
2531 0.0016411
2532 0.0016411
2533 0.0016411
2534 0.0016411
2535 0.0016411
2536 0.0016411
2537 0.0015266
2538 0.0015266
2539 0.0015266
2540 0.0015266
2541 0.0015266
2542 0.0015266
2543 0.0015266
2544 0.0015266
2545 0.0015266
2546 0.0015266
2547 0.0015266
2548 0.0015266
2549 0.0015266
2550 0.0015266
2551 0.0015266
2552 0.0015266
2553 0.00141211
2554 0.00141211
2555 0.00141211
2556 0.00141211
2557 0.00141211
2558 0.00141211
2559 0.00141211
2560 0.00141211
2561 0.00141211
2562 0.00141211
2563 0.00141211
2564 0.00141211
2565 0.00141211
2566 0.00141211
2567 0.00141211
2568 0.00141211
2569 0.00141211
2570 0.00141211
2571 0.00141211
2572 0.00141211
2573 0.00141211
2574 0.00141211
2575 0.00141211
2576 0.00141211
2577 0.00133578
2578 0.00133578
2579 0.00133578
2580 0.00133578
2581 0.00133578
2582 0.00133578
2583 0.00133578
2584 0.00133578
2585 0.00129761
2586 0.00129761
2587 0.00129761
2588 0.00129761
2589 0.00129761
2590 0.00129761
2591 0.00129761
2592 0.00129761
2593 0.00129761
2594 0.00129761
2595 0.00129761
2596 0.00129761
2597 0.00129761
2598 0.00129761
2599 0.00125945
2600 0.00125945
2601 0.00118312
2602 0.00118312
2603 0.00118312
2604 0.00118312
2605 0.00118312
2606 0.00118312
2607 0.00118312
2608 0.00118312
2609 0.00118312
2610 0.00118312
2611 0.00118312
2612 0.00118312
2613 0.00118312
2614 0.00118312
2615 0.00118312
2616 0.00118312
2617 0.00110679
2618 0.00110679
2619 0.00110679
2620 0.00110679
2621 0.00110679
2622 0.00110679
2623 0.00110679
2624 0.00110679
2625 0.00103046
2626 0.00103046
2627 0.00103046
2628 0.00103046
2629 0.00103046
2630 0.00103046
2631 0.00103046
2632 0.00103046
2633 0.000992291
2634 0.000992291
2635 0.000992291
2636 0.000992291
2637 0.000992291
2638 0.000992291
2639 0.000992291
2640 0.000992291
2641 0.000954126
2642 0.000954126
2643 0.000954126
2644 0.000954126
2645 0.000954126
2646 0.000954126
2647 0.000954126
2648 0.000954126
2649 0.000954126
2650 0.000954126
2651 0.000954126
2652 0.000954126
2653 0.000954126
2654 0.000954126
2655 0.000954126
2656 0.000954126
2657 0.000954126
2658 0.000954126
2659 0.000954126
2660 0.000954126
2661 0.000954126
2662 0.000954126
2663 0.000954126
2664 0.000954126
2665 0.000954126
2666 0.000954126
2667 0.000954126
2668 0.000954126
2669 0.000954126
2670 0.000954126
2671 0.000954126
2672 0.000954126
2673 0.000915961
2674 0.000915961
2675 0.000915961
2676 0.000915961
2677 0.000915961
2678 0.000915961
2679 0.000915961
2680 0.000915961
2681 0.000915961
2682 0.000915961
2683 0.000915961
2684 0.000915961
2685 0.000915961
2686 0.000915961
2687 0.000915961
2688 0.000915961
2689 0.000915961
2690 0.000915961
2691 0.000915961
2692 0.000915961
2693 0.000915961
2694 0.000915961
2695 0.000915961
2696 0.000915961
2697 0.000915961
2698 0.000915961
2699 0.000915961
2700 0.000915961
2701 0.000915961
2702 0.000915961
2703 0.000915961
2704 0.000915961
2705 0.000839631
2706 0.000839631
2707 0.000839631
2708 0.000839631
2709 0.000839631
2710 0.000839631
2711 0.000839631
2712 0.000839631
2713 0.000839631
2714 0.000839631
2715 0.000839631
2716 0.000839631
2717 0.000839631
2718 0.000839631
2719 0.000839631
2720 0.000839631
2721 0.000839631
2722 0.000839631
2723 0.000839631
2724 0.000839631
2725 0.000839631
2726 0.000839631
2727 0.000839631
2728 0.000839631
2729 0.000839631
2730 0.000839631
2731 0.000839631
2732 0.000839631
2733 0.000839631
2734 0.000839631
2735 0.000839631
2736 0.000839631
2737 0.000801466
2738 0.000801466
2739 0.000801466
2740 0.000801466
2741 0.000801466
2742 0.000801466
2743 0.000801466
2744 0.000801466
2745 0.000801466
2746 0.000801466
2747 0.000801466
2748 0.000801466
2749 0.000801466
2750 0.000801466
2751 0.000801466
2752 0.000801466
2753 0.000801466
2754 0.000801466
2755 0.000801466
2756 0.000801466
2757 0.000801466
2758 0.000801466
2759 0.000801466
2760 0.000801466
2761 0.000801466
2762 0.000801466
2763 0.000801466
2764 0.000801466
2765 0.000801466
2766 0.000801466
2767 0.000801466
2768 0.000801466
2769 0.000801466
2770 0.000801466
2771 0.000801466
2772 0.000801466
2773 0.000801466
2774 0.000801466
2775 0.000801466
2776 0.000801466
2777 0.000801466
2778 0.000801466
2779 0.000801466
2780 0.000801466
2781 0.000801466
2782 0.000801466
2783 0.000801466
2784 0.000801466
2785 0.000801466
2786 0.000801466
2787 0.000801466
2788 0.000801466
2789 0.000801466
2790 0.000801466
2791 0.000801466
2792 0.000801466
2793 0.000763301
2794 0.000763301
2795 0.000763301
2796 0.000763301
2797 0.000763301
2798 0.000763301
2799 0.000763301
2800 0.000763301
2801 0.000763301
2802 0.000763301
2803 0.000763301
2804 0.000763301
2805 0.000763301
2806 0.000763301
2807 0.000763301
2808 0.000763301
2809 0.000763301
2810 0.000763301
2811 0.000763301
2812 0.000763301
2813 0.000763301
2814 0.000763301
2815 0.000763301
2816 0.000763301
2817 0.000725135
2818 0.000725135
2819 0.000725135
2820 0.000725135
2821 0.000725135
2822 0.000725135
2823 0.000725135
2824 0.000725135
2825 0.00068697
2826 0.00068697
2827 0.00068697
2828 0.00068697
2829 0.00068697
2830 0.00068697
2831 0.00068697
2832 0.00068697
2833 0.000648805
2834 0.000648805
2835 0.000648805
2836 0.000648805
2837 0.000648805
2838 0.000648805
2839 0.000648805
2840 0.000648805
2841 0.00061064
2842 0.00061064
2843 0.00061064
2844 0.00061064
2845 0.00061064
2846 0.00061064
2847 0.00061064
2848 0.00061064
2849 0.00061064
2850 0.00061064
2851 0.00061064
2852 0.00061064
2853 0.00061064
2854 0.00061064
2855 0.00061064
2856 0.00061064
2857 0.00061064
2858 0.00061064
2859 0.00061064
2860 0.00061064
2861 0.00061064
2862 0.00061064
2863 0.00061064
2864 0.00061064
2865 0.00061064
2866 0.00061064
2867 0.00061064
2868 0.00061064
2869 0.00061064
2870 0.00061064
2871 0.00061064
2872 0.00061064
2873 0.00061064
2874 0.00061064
2875 0.00061064
2876 0.00061064
2877 0.00061064
2878 0.00061064
2879 0.00061064
2880 0.00061064
2881 0.00061064
2882 0.00061064
2883 0.00061064
2884 0.00061064
2885 0.00061064
2886 0.00061064
2887 0.00061064
2888 0.00061064
2889 0.000572475
2890 0.000572475
2891 0.000572475
2892 0.000572475
2893 0.000572475
2894 0.000572475
2895 0.000572475
2896 0.000572475
2897 0.000572475
2898 0.000572475
2899 0.000572475
2900 0.000572475
2901 0.000572475
2902 0.000572475
2903 0.000572475
2904 0.000572475
2905 0.000572475
2906 0.000572475
2907 0.000572475
2908 0.000572475
2909 0.000572475
2910 0.000572475
2911 0.000572475
2912 0.000572475
2913 0.000572475
2914 0.000572475
2915 0.000572475
2916 0.000572475
2917 0.000572475
2918 0.000572475
2919 0.000572475
2920 0.000572475
2921 0.00053431
2922 0.00053431
2923 0.00053431
2924 0.00053431
2925 0.00053431
2926 0.00053431
2927 0.000496145
2928 0.000496145
2929 0.000496145
2930 0.000496145
2931 0.000496145
2932 0.000496145
2933 0.000496145
2934 0.000496145
2935 0.000496145
2936 0.000496145
2937 0.000496145
2938 0.000496145
2939 0.000496145
2940 0.000496145
2941 0.000496145
2942 0.000496145
2943 0.000496145
2944 0.000496145
2945 0.000496145
2946 0.000496145
2947 0.000496145
2948 0.000496145
2949 0.000496145
2950 0.000496145
2951 0.000496145
2952 0.000496145
2953 0.000496145
2954 0.000496145
2955 0.000496145
2956 0.000496145
2957 0.000496145
2958 0.000496145
2959 0.000496145
2960 0.000496145
2961 0.000496145
2962 0.000496145
2963 0.000496145
2964 0.000496145
2965 0.000496145
2966 0.000496145
2967 0.000496145
2968 0.000496145
2969 0.000496145
2970 0.000496145
2971 0.000496145
2972 0.000496145
2973 0.000496145
2974 0.000496145
2975 0.000496145
2976 0.000496145
2977 0.00045798
2978 0.00045798
2979 0.00045798
2980 0.00045798
2981 0.00045798
2982 0.00045798
2983 0.00045798
2984 0.00045798
2985 0.000419815
2986 0.000419815
2987 0.000419815
2988 0.000419815
2989 0.000419815
2990 0.000419815
2991 0.000419815
2992 0.000419815
2993 0.000419815
2994 0.000419815
2995 0.000419815
2996 0.000419815
2997 0.000419815
2998 0.000419815
2999 0.000419815
3000 0.000419815
3001 0.000419815
3002 0.000419815
3003 0.000419815
3004 0.000419815
3005 0.000419815
3006 0.000419815
3007 0.000419815
3008 0.000419815
3009 0.000419815
3010 0.000419815
3011 0.000419815
3012 0.000419815
3013 0.000419815
3014 0.000419815
3015 0.000419815
3016 0.000419815
3017 0.000419815
3018 0.000419815
3019 0.000419815
3020 0.000419815
3021 0.000419815
3022 0.000419815
3023 0.000419815
3024 0.000419815
3025 0.000419815
3026 0.000419815
3027 0.000419815
3028 0.000419815
3029 0.000419815
3030 0.000419815
3031 0.000419815
3032 0.000419815
3033 0.00038165
3034 0.00038165
3035 0.00038165
3036 0.00038165
3037 0.00038165
3038 0.00038165
3039 0.00038165
3040 0.00038165
3041 0.00038165
3042 0.00038165
3043 0.00038165
3044 0.00038165
3045 0.00038165
3046 0.00038165
3047 0.00038165
3048 0.00038165
3049 0.00038165
3050 0.00038165
3051 0.00038165
3052 0.00038165
3053 0.00038165
3054 0.00038165
3055 0.00038165
3056 0.00038165
3057 0.00038165
3058 0.00038165
3059 0.00038165
3060 0.00038165
3061 0.00038165
3062 0.00038165
3063 0.00038165
3064 0.00038165
3065 0.00038165
3066 0.00038165
3067 0.00038165
3068 0.00038165
3069 0.00038165
3070 0.00038165
3071 0.00038165
3072 0.00038165
3073 0.00038165
3074 0.00038165
3075 0.00038165
3076 0.00038165
3077 0.00038165
3078 0.00038165
3079 0.00038165
3080 0.00038165
3081 0.00038165
3082 0.00038165
3083 0.00038165
3084 0.00038165
3085 0.00038165
3086 0.00038165
3087 0.00038165
3088 0.00038165
3089 0.00038165
3090 0.00038165
3091 0.00038165
3092 0.00038165
3093 0.00038165
3094 0.00038165
3095 0.00038165
3096 0.00038165
3097 0.00038165
3098 0.00038165
3099 0.00038165
3100 0.00038165
3101 0.00038165
3102 0.00038165
3103 0.00038165
3104 0.00038165
3105 0.00038165
3106 0.00038165
3107 0.00038165
3108 0.00038165
3109 0.00038165
3110 0.00038165
3111 0.00038165
3112 0.00038165
3113 0.00038165
3114 0.00038165
3115 0.00038165
3116 0.00038165
3117 0.00038165
3118 0.00038165
3119 0.00038165
3120 0.00038165
3121 0.00038165
3122 0.00038165
3123 0.00038165
3124 0.00038165
3125 0.00038165
3126 0.00038165
3127 0.00038165
3128 0.00038165
3129 0.00038165
3130 0.00038165
3131 0.00038165
3132 0.00038165
3133 0.00038165
3134 0.00038165
3135 0.00038165
3136 0.00038165
3137 0.00038165
3138 0.00038165
3139 0.00038165
3140 0.00038165
3141 0.00038165
3142 0.00038165
3143 0.00038165
3144 0.00038165
3145 0.00038165
3146 0.00038165
3147 0.00038165
3148 0.00038165
3149 0.00038165
3150 0.00038165
3151 0.00038165
3152 0.00038165
3153 0.00038165
3154 0.00038165
3155 0.00038165
3156 0.00038165
3157 0.00038165
3158 0.00038165
3159 0.00038165
3160 0.00038165
3161 0.00038165
3162 0.00038165
3163 0.00038165
3164 0.00038165
3165 0.00038165
3166 0.00038165
3167 0.00038165
3168 0.00038165
3169 0.00038165
3170 0.00038165
3171 0.00038165
3172 0.00038165
3173 0.00038165
3174 0.00038165
3175 0.00038165
3176 0.00038165
3177 0.000343485
3178 0.000343485
3179 0.000343485
3180 0.000343485
3181 0.000343485
3182 0.000343485
3183 0.000343485
3184 0.000343485
3185 0.000343485
3186 0.000343485
3187 0.000343485
3188 0.000343485
3189 0.000343485
3190 0.000343485
3191 0.000343485
3192 0.000343485
3193 0.000343485
3194 0.000343485
3195 0.000343485
3196 0.000343485
3197 0.000343485
3198 0.000343485
3199 0.000343485
3200 0.000343485
3201 0.000343485
3202 0.000343485
3203 0.000343485
3204 0.000343485
3205 0.000343485
3206 0.000343485
3207 0.000343485
3208 0.000343485
3209 0.000343485
3210 0.000343485
3211 0.000343485
3212 0.000343485
3213 0.000343485
3214 0.000343485
3215 0.000343485
3216 0.000343485
3217 0.000343485
3218 0.000343485
3219 0.000343485
3220 0.000343485
3221 0.000343485
3222 0.000343485
3223 0.000343485
3224 0.000343485
3225 0.000343485
3226 0.000343485
3227 0.000343485
3228 0.000343485
3229 0.000343485
3230 0.000343485
3231 0.000343485
3232 0.000343485
3233 0.000343485
3234 0.000343485
3235 0.000343485
3236 0.000343485
3237 0.000343485
3238 0.000343485
3239 0.000343485
3240 0.000343485
3241 0.000343485
3242 0.000343485
3243 0.000343485
3244 0.000343485
3245 0.000343485
3246 0.000343485
3247 0.000343485
3248 0.000343485
3249 0.000343485
3250 0.000343485
3251 0.000343485
3252 0.000343485
3253 0.000343485
3254 0.000343485
3255 0.000343485
3256 0.000343485
3257 0.000343485
3258 0.000343485
3259 0.000343485
3260 0.000343485
3261 0.000343485
3262 0.000343485
3263 0.000343485
3264 0.000343485
3265 0.000343485
3266 0.000343485
3267 0.000343485
3268 0.000343485
3269 0.000343485
3270 0.000343485
3271 0.000343485
3272 0.000343485
3273 0.00030532
3274 0.00030532
3275 0.00030532
3276 0.00030532
3277 0.00030532
3278 0.00030532
3279 0.00030532
3280 0.00030532
3281 0.00030532
3282 0.00030532
3283 0.00030532
3284 0.00030532
3285 0.00030532
3286 0.00030532
3287 0.00030532
3288 0.00030532
3289 0.00030532
3290 0.00030532
3291 0.00030532
3292 0.00030532
3293 0.00030532
3294 0.00030532
3295 0.00030532
3296 0.00030532
3297 0.00030532
3298 0.00030532
3299 0.00030532
3300 0.00030532
3301 0.00030532
3302 0.00030532
3303 0.00030532
3304 0.00030532
3305 0.00030532
3306 0.00030532
3307 0.00030532
3308 0.00030532
3309 0.00030532
3310 0.00030532
3311 0.00030532
3312 0.00030532
3313 0.000267155
3314 0.000267155
3315 0.000267155
3316 0.000267155
3317 0.000267155
3318 0.000267155
3319 0.000267155
3320 0.000267155
3321 0.000267155
3322 0.000267155
3323 0.000267155
3324 0.000267155
3325 0.000267155
3326 0.000267155
3327 0.000267155
3328 0.000267155
3329 0.000267155
3330 0.000267155
3331 0.000267155
3332 0.000267155
3333 0.000267155
3334 0.000267155
3335 0.000267155
3336 0.000267155
3337 0.000267155
3338 0.000267155
3339 0.000267155
3340 0.000267155
3341 0.000267155
3342 0.000267155
3343 0.000267155
3344 0.000267155
3345 0.000267155
3346 0.000267155
3347 0.000267155
3348 0.000267155
3349 0.000267155
3350 0.000267155
3351 0.000267155
3352 0.000267155
3353 0.000267155
3354 0.000267155
3355 0.000267155
3356 0.000267155
3357 0.000267155
3358 0.000267155
3359 0.000267155
3360 0.000267155
3361 0.000267155
3362 0.000267155
3363 0.000267155
3364 0.000267155
3365 0.000267155
3366 0.000267155
3367 0.000267155
3368 0.000267155
3369 0.000267155
3370 0.000267155
3371 0.000267155
3372 0.000267155
3373 0.000267155
3374 0.000267155
3375 0.000267155
3376 0.000267155
3377 0.00022899
3378 0.00022899
3379 0.00022899
3380 0.00022899
3381 0.00022899
3382 0.00022899
3383 0.00022899
3384 0.00022899
3385 0.00022899
3386 0.00022899
3387 0.00022899
3388 0.00022899
3389 0.00022899
3390 0.00022899
3391 0.00022899
3392 0.00022899
3393 0.00022899
3394 0.00022899
3395 0.00022899
3396 0.00022899
3397 0.00022899
3398 0.00022899
3399 0.00022899
3400 0.00022899
3401 0.00022899
3402 0.00022899
3403 0.00022899
3404 0.00022899
3405 0.00022899
3406 0.00022899
3407 0.00022899
3408 0.00022899
3409 0.00022899
3410 0.00022899
3411 0.00022899
3412 0.00022899
3413 0.00022899
3414 0.00022899
3415 0.00022899
3416 0.00022899
3417 0.00022899
3418 0.00022899
3419 0.00022899
3420 0.00022899
3421 0.00022899
3422 0.00022899
3423 0.00022899
3424 0.00022899
3425 0.00022899
3426 0.00022899
3427 0.00022899
3428 0.00022899
3429 0.00022899
3430 0.00022899
3431 0.00022899
3432 0.00022899
3433 0.00022899
3434 0.00022899
3435 0.00022899
3436 0.00022899
3437 0.00022899
3438 0.00022899
3439 0.00022899
3440 0.00022899
3441 0.00022899
3442 0.00022899
3443 0.00022899
3444 0.00022899
3445 0.00022899
3446 0.00022899
3447 0.00022899
3448 0.00022899
3449 0.00022899
3450 0.00022899
3451 0.00022899
3452 0.00022899
3453 0.00022899
3454 0.00022899
3455 0.00022899
3456 0.00022899
3457 0.00022899
3458 0.00022899
3459 0.00022899
3460 0.00022899
3461 0.00022899
3462 0.00022899
3463 0.00022899
3464 0.00022899
3465 0.00022899
3466 0.00022899
3467 0.00022899
3468 0.00022899
3469 0.00022899
3470 0.00022899
3471 0.00022899
3472 0.00022899
3473 0.000190825
3474 0.000190825
3475 0.000190825
3476 0.000190825
3477 0.000190825
3478 0.000190825
3479 0.000190825
3480 0.000190825
3481 0.000190825
3482 0.000190825
3483 0.000190825
3484 0.000190825
3485 0.000190825
3486 0.000190825
3487 0.000190825
3488 0.000190825
3489 0.000190825
3490 0.000190825
3491 0.000190825
3492 0.000190825
3493 0.000190825
3494 0.000190825
3495 0.000190825
3496 0.000190825
3497 0.000190825
3498 0.000190825
3499 0.000190825
3500 0.000190825
3501 0.000190825
3502 0.000190825
3503 0.000190825
3504 0.000190825
3505 0.000190825
3506 0.000190825
3507 0.000190825
3508 0.000190825
3509 0.000190825
3510 0.000190825
3511 0.000190825
3512 0.000190825
3513 0.000190825
3514 0.000190825
3515 0.000190825
3516 0.000190825
3517 0.000190825
3518 0.000190825
3519 0.000190825
3520 0.000190825
3521 0.000190825
3522 0.000190825
3523 0.000190825
3524 0.000190825
3525 0.000190825
3526 0.000190825
3527 0.000190825
3528 0.000190825
3529 0.00015266
3530 0.00015266
3531 0.00015266
3532 0.00015266
3533 0.00015266
3534 0.00015266
3535 0.00015266
3536 0.00015266
3537 0.00015266
3538 0.00015266
3539 0.00015266
3540 0.00015266
3541 0.00015266
3542 0.00015266
3543 0.00015266
3544 0.00015266
3545 0.00015266
3546 0.00015266
3547 0.00015266
3548 0.00015266
3549 0.00015266
3550 0.00015266
3551 0.00015266
3552 0.00015266
3553 0.00015266
3554 0.00015266
3555 0.00015266
3556 0.00015266
3557 0.00015266
3558 0.00015266
3559 0.00015266
3560 0.00015266
3561 0.00015266
3562 0.00015266
3563 0.00015266
3564 0.00015266
3565 0.00015266
3566 0.00015266
3567 0.00015266
3568 0.00015266
3569 0.00015266
3570 0.00015266
3571 0.00015266
3572 0.00015266
3573 0.00015266
3574 0.00015266
3575 0.00015266
3576 0.00015266
3577 0.00015266
3578 0.00015266
3579 0.00015266
3580 0.00015266
3581 0.00015266
3582 0.00015266
3583 0.00015266
3584 0.00015266
3585 0.00015266
3586 0.00015266
3587 0.00015266
3588 0.00015266
3589 0.00015266
3590 0.00015266
3591 0.00015266
3592 0.00015266
3593 0.00015266
3594 0.00015266
3595 0.00015266
3596 0.00015266
3597 0.00015266
3598 0.00015266
3599 0.00015266
3600 0.00015266
3601 0.00015266
3602 0.00015266
3603 0.00015266
3604 0.00015266
3605 0.00015266
3606 0.00015266
3607 0.00015266
3608 0.00015266
3609 0.00015266
3610 0.00015266
3611 0.00015266
3612 0.00015266
3613 0.00015266
3614 0.00015266
3615 0.00015266
3616 0.00015266
3617 0.00015266
3618 0.00015266
3619 0.00015266
3620 0.00015266
3621 0.00015266
3622 0.00015266
3623 0.00015266
3624 0.00015266
3625 0.00015266
3626 0.00015266
3627 0.00015266
3628 0.00015266
3629 0.00015266
3630 0.00015266
3631 0.00015266
3632 0.00015266
3633 0.00015266
3634 0.00015266
3635 0.00015266
3636 0.00015266
3637 0.00015266
3638 0.00015266
3639 0.00015266
3640 0.00015266
3641 0.00015266
3642 0.00015266
3643 0.00015266
3644 0.00015266
3645 0.00015266
3646 0.00015266
3647 0.00015266
3648 0.00015266
3649 0.00015266
3650 0.00015266
3651 0.00015266
3652 0.00015266
3653 0.00015266
3654 0.00015266
3655 0.00015266
3656 0.00015266
3657 0.00015266
3658 0.00015266
3659 0.00015266
3660 0.00015266
3661 0.00015266
3662 0.00015266
3663 0.00015266
3664 0.00015266
3665 0.00015266
3666 0.00015266
3667 0.00015266
3668 0.00015266
3669 0.00015266
3670 0.00015266
3671 0.00015266
3672 0.00015266
3673 0.00015266
3674 0.00015266
3675 0.00015266
3676 0.00015266
3677 0.00015266
3678 0.00015266
3679 0.00015266
3680 0.00015266
3681 0.00015266
3682 0.00015266
3683 0.00015266
3684 0.00015266
3685 0.00015266
3686 0.00015266
3687 0.00015266
3688 0.00015266
3689 0.000114495
3690 0.000114495
3691 0.000114495
3692 0.000114495
3693 0.000114495
3694 0.000114495
3695 0.000114495
3696 0.000114495
3697 7.633e-05
3698 7.633e-05
3699 7.633e-05
3700 7.633e-05
3701 7.633e-05
3702 7.633e-05
3703 7.633e-05
3704 7.633e-05
3705 7.633e-05
3706 7.633e-05
3707 7.633e-05
3708 7.633e-05
3709 7.633e-05
3710 7.633e-05
3711 7.633e-05
3712 7.633e-05
3713 7.633e-05
3714 7.633e-05
3715 7.633e-05
3716 7.633e-05
3717 7.633e-05
3718 7.633e-05
3719 7.633e-05
3720 7.633e-05
3721 7.633e-05
3722 7.633e-05
3723 7.633e-05
3724 7.633e-05
3725 7.633e-05
3726 7.633e-05
3727 7.633e-05
3728 7.633e-05
3729 7.633e-05
3730 7.633e-05
3731 7.633e-05
3732 7.633e-05
3733 7.633e-05
3734 7.633e-05
3735 7.633e-05
3736 7.633e-05
3737 7.633e-05
3738 7.633e-05
3739 7.633e-05
3740 7.633e-05
3741 7.633e-05
3742 7.633e-05
3743 7.633e-05
3744 7.633e-05
3745 7.633e-05
3746 7.633e-05
3747 7.633e-05
3748 7.633e-05
3749 7.633e-05
3750 7.633e-05
3751 7.633e-05
3752 7.633e-05
3753 7.633e-05
3754 7.633e-05
3755 7.633e-05
3756 7.633e-05
3757 7.633e-05
3758 7.633e-05
3759 7.633e-05
3760 7.633e-05
3761 7.633e-05
3762 7.633e-05
3763 7.633e-05
3764 7.633e-05
3765 7.633e-05
3766 7.633e-05
3767 7.633e-05
3768 7.633e-05
3769 7.633e-05
3770 7.633e-05
3771 7.633e-05
3772 7.633e-05
3773 7.633e-05
3774 7.633e-05
3775 7.633e-05
3776 7.633e-05
3777 7.633e-05
3778 7.633e-05
3779 7.633e-05
3780 7.633e-05
3781 7.633e-05
3782 7.633e-05
3783 7.633e-05
3784 7.633e-05
3785 7.633e-05
3786 7.633e-05
3787 7.633e-05
3788 7.633e-05
3789 7.633e-05
3790 7.633e-05
3791 7.633e-05
3792 7.633e-05
3793 7.633e-05
3794 7.633e-05
3795 7.633e-05
3796 7.633e-05
3797 7.633e-05
3798 7.633e-05
3799 7.633e-05
3800 7.633e-05
3801 7.633e-05
3802 7.633e-05
3803 7.633e-05
3804 7.633e-05
3805 7.633e-05
3806 7.633e-05
3807 7.633e-05
3808 7.633e-05
3809 7.633e-05
3810 7.633e-05
3811 7.633e-05
3812 7.633e-05
3813 7.633e-05
3814 7.633e-05
3815 7.633e-05
3816 7.633e-05
3817 7.633e-05
3818 7.633e-05
3819 7.633e-05
3820 7.633e-05
3821 7.633e-05
3822 7.633e-05
3823 7.633e-05
3824 7.633e-05
3825 7.633e-05
3826 7.633e-05
3827 7.633e-05
3828 7.633e-05
3829 7.633e-05
3830 7.633e-05
3831 7.633e-05
3832 7.633e-05
3833 7.633e-05
3834 7.633e-05
3835 7.633e-05
3836 7.633e-05
3837 7.633e-05
3838 7.633e-05
3839 7.633e-05
3840 7.633e-05
3841 7.633e-05
3842 7.633e-05
3843 7.633e-05
3844 7.633e-05
3845 7.633e-05
3846 7.633e-05
3847 7.633e-05
3848 7.633e-05
3849 7.633e-05
3850 7.633e-05
3851 7.633e-05
3852 7.633e-05
3853 7.633e-05
3854 7.633e-05
3855 7.633e-05
3856 7.633e-05
3857 7.633e-05
3858 7.633e-05
3859 7.633e-05
3860 7.633e-05
3861 7.633e-05
3862 7.633e-05
3863 7.633e-05
3864 7.633e-05
3865 7.633e-05
3866 7.633e-05
3867 7.633e-05
3868 7.633e-05
3869 7.633e-05
3870 7.633e-05
3871 7.633e-05
3872 7.633e-05
3873 7.633e-05
3874 7.633e-05
3875 7.633e-05
3876 7.633e-05
3877 7.633e-05
3878 7.633e-05
3879 7.633e-05
3880 7.633e-05
3881 7.633e-05
3882 7.633e-05
3883 7.633e-05
3884 7.633e-05
3885 7.633e-05
3886 7.633e-05
3887 7.633e-05
3888 7.633e-05
3889 7.633e-05
3890 7.633e-05
3891 7.633e-05
3892 7.633e-05
3893 7.633e-05
3894 7.633e-05
3895 7.633e-05
3896 7.633e-05
3897 7.633e-05
3898 7.633e-05
3899 7.633e-05
3900 7.633e-05
3901 7.633e-05
3902 7.633e-05
3903 7.633e-05
3904 7.633e-05
3905 7.633e-05
3906 7.633e-05
3907 7.633e-05
3908 7.633e-05
3909 7.633e-05
3910 7.633e-05
3911 7.633e-05
3912 7.633e-05
3913 7.633e-05
3914 7.633e-05
3915 7.633e-05
3916 7.633e-05
3917 7.633e-05
3918 7.633e-05
3919 7.633e-05
3920 7.633e-05
3921 7.633e-05
3922 7.633e-05
3923 7.633e-05
3924 7.633e-05
3925 7.633e-05
3926 7.633e-05
3927 7.633e-05
3928 7.633e-05
3929 7.633e-05
3930 7.633e-05
3931 7.633e-05
3932 7.633e-05
3933 7.633e-05
3934 7.633e-05
3935 7.633e-05
3936 7.633e-05
3937 7.633e-05
3938 7.633e-05
3939 7.633e-05
3940 7.633e-05
3941 7.633e-05
3942 7.633e-05
3943 7.633e-05
3944 7.633e-05
3945 7.633e-05
3946 7.633e-05
3947 7.633e-05
3948 7.633e-05
3949 7.633e-05
3950 7.633e-05
3951 7.633e-05
3952 7.633e-05
3953 7.633e-05
3954 7.633e-05
3955 7.633e-05
3956 7.633e-05
3957 7.633e-05
3958 7.633e-05
3959 7.633e-05
3960 7.633e-05
3961 7.633e-05
3962 7.633e-05
3963 7.633e-05
3964 7.633e-05
3965 7.633e-05
3966 7.633e-05
3967 7.633e-05
3968 7.633e-05
3969 7.633e-05
3970 7.633e-05
3971 7.633e-05
3972 7.633e-05
3973 7.633e-05
3974 7.633e-05
3975 7.633e-05
3976 7.633e-05
3977 7.633e-05
3978 7.633e-05
3979 7.633e-05
3980 7.633e-05
3981 7.633e-05
3982 7.633e-05
3983 7.633e-05
3984 7.633e-05
3985 7.633e-05
3986 7.633e-05
3987 7.633e-05
3988 7.633e-05
3989 7.633e-05
3990 7.633e-05
3991 7.633e-05
3992 7.633e-05
3993 7.633e-05
3994 7.633e-05
3995 7.633e-05
3996 7.633e-05
3997 7.633e-05
3998 7.633e-05
3999 7.633e-05
4000 7.633e-05
4001 7.633e-05
4002 7.633e-05
4003 7.633e-05
4004 7.633e-05
4005 7.633e-05
4006 7.633e-05
4007 7.633e-05
4008 7.633e-05
4009 7.633e-05
4010 7.633e-05
4011 7.633e-05
4012 7.633e-05
4013 7.633e-05
4014 7.633e-05
4015 7.633e-05
4016 7.633e-05
4017 7.633e-05
4018 7.633e-05
4019 7.633e-05
4020 7.633e-05
4021 7.633e-05
4022 7.633e-05
4023 7.633e-05
4024 7.633e-05
4025 7.633e-05
4026 7.633e-05
4027 7.633e-05
4028 7.633e-05
4029 7.633e-05
4030 7.633e-05
4031 7.633e-05
4032 7.633e-05
4033 7.633e-05
4034 7.633e-05
4035 7.633e-05
4036 7.633e-05
4037 7.633e-05
4038 7.633e-05
4039 7.633e-05
4040 7.633e-05
4041 7.633e-05
4042 7.633e-05
4043 7.633e-05
4044 7.633e-05
4045 7.633e-05
4046 7.633e-05
4047 7.633e-05
4048 7.633e-05
4049 7.633e-05
4050 7.633e-05
4051 7.633e-05
4052 7.633e-05
4053 7.633e-05
4054 7.633e-05
4055 7.633e-05
4056 7.633e-05
4057 7.633e-05
4058 7.633e-05
4059 7.633e-05
4060 7.633e-05
4061 7.633e-05
4062 7.633e-05
4063 7.633e-05
4064 7.633e-05
4065 7.633e-05
4066 7.633e-05
4067 7.633e-05
4068 7.633e-05
4069 7.633e-05
4070 7.633e-05
4071 7.633e-05
4072 7.633e-05
4073 7.633e-05
4074 7.633e-05
4075 7.633e-05
4076 7.633e-05
4077 7.633e-05
4078 7.633e-05
4079 7.633e-05
4080 7.633e-05
4081 7.633e-05
4082 7.633e-05
4083 7.633e-05
4084 7.633e-05
4085 7.633e-05
4086 7.633e-05
4087 7.633e-05
4088 7.633e-05
4089 7.633e-05
4090 7.633e-05
4091 7.633e-05
4092 7.633e-05
4093 7.633e-05
4094 7.633e-05
4095 7.633e-05
4096 7.633e-05
4097 7.633e-05
4098 7.633e-05
4099 7.633e-05
4100 7.633e-05
4101 7.633e-05
4102 7.633e-05
4103 7.633e-05
4104 7.633e-05
4105 7.633e-05
4106 7.633e-05
4107 7.633e-05
4108 7.633e-05
4109 7.633e-05
4110 7.633e-05
4111 7.633e-05
4112 7.633e-05
4113 7.633e-05
4114 7.633e-05
4115 7.633e-05
4116 7.633e-05
4117 7.633e-05
4118 7.633e-05
4119 7.633e-05
4120 7.633e-05
4121 7.633e-05
4122 7.633e-05
4123 7.633e-05
4124 7.633e-05
4125 7.633e-05
4126 7.633e-05
4127 7.633e-05
4128 7.633e-05
4129 7.633e-05
4130 7.633e-05
4131 7.633e-05
4132 7.633e-05
4133 7.633e-05
4134 7.633e-05
4135 7.633e-05
4136 7.633e-05
4137 7.633e-05
4138 7.633e-05
4139 7.633e-05
4140 7.633e-05
4141 7.633e-05
4142 7.633e-05
4143 7.633e-05
4144 7.633e-05
4145 7.633e-05
4146 7.633e-05
4147 7.633e-05
4148 7.633e-05
4149 7.633e-05
4150 7.633e-05
4151 7.633e-05
4152 7.633e-05
4153 7.633e-05
4154 7.633e-05
4155 7.633e-05
4156 7.633e-05
4157 7.633e-05
4158 7.633e-05
4159 7.633e-05
4160 7.633e-05
4161 7.633e-05
4162 7.633e-05
4163 7.633e-05
4164 7.633e-05
4165 7.633e-05
4166 7.633e-05
4167 7.633e-05
4168 7.633e-05
4169 7.633e-05
4170 7.633e-05
4171 7.633e-05
4172 7.633e-05
4173 7.633e-05
4174 7.633e-05
4175 7.633e-05
4176 7.633e-05
4177 7.633e-05
4178 7.633e-05
4179 7.633e-05
4180 7.633e-05
4181 7.633e-05
4182 7.633e-05
4183 7.633e-05
4184 7.633e-05
4185 7.633e-05
4186 7.633e-05
4187 7.633e-05
4188 7.633e-05
4189 7.633e-05
4190 7.633e-05
4191 7.633e-05
4192 7.633e-05
4193 7.633e-05
4194 7.633e-05
4195 7.633e-05
4196 7.633e-05
4197 7.633e-05
4198 7.633e-05
4199 7.633e-05
4200 7.633e-05
4201 7.633e-05
4202 7.633e-05
4203 7.633e-05
4204 7.633e-05
4205 7.633e-05
4206 7.633e-05
4207 7.633e-05
4208 7.633e-05
4209 7.633e-05
4210 7.633e-05
4211 7.633e-05
4212 7.633e-05
4213 7.633e-05
4214 7.633e-05
4215 7.633e-05
4216 7.633e-05
4217 7.633e-05
4218 7.633e-05
4219 7.633e-05
4220 7.633e-05
4221 7.633e-05
4222 7.633e-05
4223 7.633e-05
4224 7.633e-05
4225 7.633e-05
4226 7.633e-05
4227 7.633e-05
4228 7.633e-05
4229 7.633e-05
4230 7.633e-05
4231 7.633e-05
4232 7.633e-05
4233 7.633e-05
4234 7.633e-05
4235 7.633e-05
4236 7.633e-05
4237 7.633e-05
4238 7.633e-05
4239 7.633e-05
4240 7.633e-05
4241 7.633e-05
4242 7.633e-05
4243 7.633e-05
4244 7.633e-05
4245 7.633e-05
4246 7.633e-05
4247 7.633e-05
4248 7.633e-05
4249 7.633e-05
4250 7.633e-05
4251 7.633e-05
4252 7.633e-05
4253 7.633e-05
4254 7.633e-05
4255 7.633e-05
4256 7.633e-05
4257 7.633e-05
4258 7.633e-05
4259 7.633e-05
4260 7.633e-05
4261 7.633e-05
4262 7.633e-05
4263 7.633e-05
4264 7.633e-05
4265 7.633e-05
4266 7.633e-05
4267 7.633e-05
4268 7.633e-05
4269 7.633e-05
4270 7.633e-05
4271 7.633e-05
4272 7.633e-05
4273 7.633e-05
4274 7.633e-05
4275 7.633e-05
4276 7.633e-05
4277 7.633e-05
4278 7.633e-05
4279 7.633e-05
4280 7.633e-05
4281 7.633e-05
4282 7.633e-05
4283 7.633e-05
4284 7.633e-05
4285 7.633e-05
4286 7.633e-05
4287 7.633e-05
4288 7.633e-05
4289 7.633e-05
4290 7.633e-05
4291 7.633e-05
4292 7.633e-05
4293 7.633e-05
4294 7.633e-05
4295 7.633e-05
4296 7.633e-05
4297 7.633e-05
4298 7.633e-05
4299 7.633e-05
4300 7.633e-05
4301 7.633e-05
4302 7.633e-05
4303 7.633e-05
4304 7.633e-05
4305 7.633e-05
4306 7.633e-05
4307 7.633e-05
4308 7.633e-05
4309 7.633e-05
4310 7.633e-05
4311 7.633e-05
4312 7.633e-05
4313 7.633e-05
4314 7.633e-05
4315 7.633e-05
4316 7.633e-05
4317 7.633e-05
4318 7.633e-05
4319 7.633e-05
4320 7.633e-05
4321 7.633e-05
4322 7.633e-05
4323 7.633e-05
4324 7.633e-05
4325 7.633e-05
4326 7.633e-05
4327 7.633e-05
4328 7.633e-05
4329 7.633e-05
4330 7.633e-05
4331 7.633e-05
4332 7.633e-05
4333 7.633e-05
4334 7.633e-05
4335 7.633e-05
4336 7.633e-05
4337 7.633e-05
4338 7.633e-05
4339 7.633e-05
4340 7.633e-05
4341 7.633e-05
4342 7.633e-05
4343 7.633e-05
4344 7.633e-05
4345 7.633e-05
4346 7.633e-05
4347 7.633e-05
4348 7.633e-05
4349 7.633e-05
4350 7.633e-05
4351 7.633e-05
4352 7.633e-05
4353 7.633e-05
4354 7.633e-05
4355 7.633e-05
4356 7.633e-05
4357 7.633e-05
4358 7.633e-05
4359 7.633e-05
4360 7.633e-05
4361 7.633e-05
4362 7.633e-05
4363 7.633e-05
4364 7.633e-05
4365 7.633e-05
4366 7.633e-05
4367 7.633e-05
4368 7.633e-05
4369 7.633e-05
4370 7.633e-05
4371 7.633e-05
4372 7.633e-05
4373 7.633e-05
4374 7.633e-05
4375 7.633e-05
4376 7.633e-05
4377 7.633e-05
4378 7.633e-05
4379 7.633e-05
4380 7.633e-05
4381 7.633e-05
4382 7.633e-05
4383 7.633e-05
4384 7.633e-05
4385 7.633e-05
4386 7.633e-05
4387 7.633e-05
4388 7.633e-05
4389 7.633e-05
4390 7.633e-05
4391 7.633e-05
4392 7.633e-05
4393 7.633e-05
4394 7.633e-05
4395 7.633e-05
4396 7.633e-05
4397 7.633e-05
4398 7.633e-05
4399 7.633e-05
4400 7.633e-05
4401 7.633e-05
4402 7.633e-05
4403 7.633e-05
4404 7.633e-05
4405 7.633e-05
4406 7.633e-05
4407 7.633e-05
4408 7.633e-05
4409 7.633e-05
4410 7.633e-05
4411 7.633e-05
4412 7.633e-05
4413 7.633e-05
4414 7.633e-05
4415 7.633e-05
4416 7.633e-05
4417 7.633e-05
4418 7.633e-05
4419 7.633e-05
4420 7.633e-05
4421 7.633e-05
4422 7.633e-05
4423 7.633e-05
4424 7.633e-05
4425 7.633e-05
4426 7.633e-05
4427 7.633e-05
4428 7.633e-05
4429 7.633e-05
4430 7.633e-05
4431 7.633e-05
4432 7.633e-05
4433 7.633e-05
4434 7.633e-05
4435 7.633e-05
4436 7.633e-05
4437 7.633e-05
4438 7.633e-05
4439 7.633e-05
4440 7.633e-05
4441 7.633e-05
4442 7.633e-05
4443 7.633e-05
4444 7.633e-05
4445 7.633e-05
4446 7.633e-05
4447 7.633e-05
4448 7.633e-05
4449 7.633e-05
4450 7.633e-05
4451 7.633e-05
4452 7.633e-05
4453 7.633e-05
4454 7.633e-05
4455 7.633e-05
4456 7.633e-05
4457 7.633e-05
4458 7.633e-05
4459 7.633e-05
4460 7.633e-05
4461 7.633e-05
4462 7.633e-05
4463 7.633e-05
4464 7.633e-05
4465 7.633e-05
4466 7.633e-05
4467 7.633e-05
4468 7.633e-05
4469 7.633e-05
4470 7.633e-05
4471 7.633e-05
4472 7.633e-05
4473 7.633e-05
4474 7.633e-05
4475 7.633e-05
4476 7.633e-05
4477 7.633e-05
4478 7.633e-05
4479 7.633e-05
4480 7.633e-05
4481 7.633e-05
4482 7.633e-05
4483 7.633e-05
4484 7.633e-05
4485 7.633e-05
4486 7.633e-05
4487 7.633e-05
4488 7.633e-05
4489 7.633e-05
4490 7.633e-05
4491 7.633e-05
4492 7.633e-05
4493 7.633e-05
4494 7.633e-05
4495 7.633e-05
4496 7.633e-05
4497 7.633e-05
4498 7.633e-05
4499 7.633e-05
4500 7.633e-05
4501 7.633e-05
4502 7.633e-05
4503 7.633e-05
4504 7.633e-05
4505 7.633e-05
4506 7.633e-05
4507 7.633e-05
4508 7.633e-05
4509 7.633e-05
4510 7.633e-05
4511 7.633e-05
4512 7.633e-05
4513 7.633e-05
4514 7.633e-05
4515 7.633e-05
4516 7.633e-05
4517 7.633e-05
4518 7.633e-05
4519 7.633e-05
4520 7.633e-05
4521 7.633e-05
4522 7.633e-05
4523 7.633e-05
4524 7.633e-05
4525 7.633e-05
4526 7.633e-05
4527 7.633e-05
4528 7.633e-05
4529 7.633e-05
4530 7.633e-05
4531 7.633e-05
4532 7.633e-05
4533 7.633e-05
4534 7.633e-05
4535 7.633e-05
4536 7.633e-05
4537 7.633e-05
4538 7.633e-05
4539 7.633e-05
4540 7.633e-05
4541 7.633e-05
4542 7.633e-05
4543 7.633e-05
4544 7.633e-05
4545 7.633e-05
4546 7.633e-05
4547 7.633e-05
4548 7.633e-05
4549 7.633e-05
4550 7.633e-05
4551 7.633e-05
4552 7.633e-05
4553 7.633e-05
4554 7.633e-05
4555 7.633e-05
4556 7.633e-05
4557 7.633e-05
4558 7.633e-05
4559 7.633e-05
4560 7.633e-05
4561 7.633e-05
4562 7.633e-05
4563 7.633e-05
4564 7.633e-05
4565 7.633e-05
4566 7.633e-05
4567 7.633e-05
4568 7.633e-05
4569 7.633e-05
4570 7.633e-05
4571 7.633e-05
4572 7.633e-05
4573 7.633e-05
4574 7.633e-05
4575 7.633e-05
4576 7.633e-05
4577 7.633e-05
4578 7.633e-05
4579 7.633e-05
4580 7.633e-05
4581 7.633e-05
4582 7.633e-05
4583 7.633e-05
4584 7.633e-05
4585 7.633e-05
4586 7.633e-05
4587 7.633e-05
4588 7.633e-05
4589 7.633e-05
4590 7.633e-05
4591 7.633e-05
4592 7.633e-05
4593 7.633e-05
4594 7.633e-05
4595 7.633e-05
4596 7.633e-05
4597 7.633e-05
4598 7.633e-05
4599 7.633e-05
4600 7.633e-05
4601 7.633e-05
4602 7.633e-05
4603 7.633e-05
4604 7.633e-05
4605 7.633e-05
4606 7.633e-05
4607 7.633e-05
4608 7.633e-05
4609 7.633e-05
4610 7.633e-05
4611 7.633e-05
4612 7.633e-05
4613 7.633e-05
4614 7.633e-05
4615 7.633e-05
4616 7.633e-05
4617 7.633e-05
4618 7.633e-05
4619 7.633e-05
4620 7.633e-05
4621 7.633e-05
4622 7.633e-05
4623 7.633e-05
4624 7.633e-05
4625 7.633e-05
4626 7.633e-05
4627 7.633e-05
4628 7.633e-05
4629 7.633e-05
4630 7.633e-05
4631 7.633e-05
4632 7.633e-05
4633 7.633e-05
4634 7.633e-05
4635 7.633e-05
4636 7.633e-05
4637 7.633e-05
4638 7.633e-05
4639 7.633e-05
4640 7.633e-05
4641 7.633e-05
4642 7.633e-05
4643 7.633e-05
4644 7.633e-05
4645 7.633e-05
4646 7.633e-05
4647 7.633e-05
4648 7.633e-05
4649 7.633e-05
4650 7.633e-05
4651 7.633e-05
4652 7.633e-05
4653 7.633e-05
4654 7.633e-05
4655 7.633e-05
4656 7.633e-05
4657 7.633e-05
4658 7.633e-05
4659 7.633e-05
4660 7.633e-05
4661 7.633e-05
4662 7.633e-05
4663 7.633e-05
4664 7.633e-05
4665 7.633e-05
4666 7.633e-05
4667 7.633e-05
4668 7.633e-05
4669 7.633e-05
4670 7.633e-05
4671 7.633e-05
4672 7.633e-05
4673 7.633e-05
4674 7.633e-05
4675 7.633e-05
4676 7.633e-05
4677 7.633e-05
4678 7.633e-05
4679 7.633e-05
4680 7.633e-05
4681 7.633e-05
4682 7.633e-05
4683 7.633e-05
4684 7.633e-05
4685 7.633e-05
4686 7.633e-05
4687 7.633e-05
4688 7.633e-05
4689 7.633e-05
4690 7.633e-05
4691 7.633e-05
4692 7.633e-05
4693 7.633e-05
4694 7.633e-05
4695 7.633e-05
4696 7.633e-05
4697 7.633e-05
4698 7.633e-05
4699 7.633e-05
4700 7.633e-05
4701 7.633e-05
4702 7.633e-05
4703 7.633e-05
4704 7.633e-05
4705 7.633e-05
4706 7.633e-05
4707 7.633e-05
4708 7.633e-05
4709 7.633e-05
4710 7.633e-05
4711 7.633e-05
4712 7.633e-05
4713 7.633e-05
4714 7.633e-05
4715 7.633e-05
4716 7.633e-05
4717 7.633e-05
4718 7.633e-05
4719 7.633e-05
4720 7.633e-05
4721 7.633e-05
4722 7.633e-05
4723 7.633e-05
4724 7.633e-05
4725 7.633e-05
4726 7.633e-05
4727 7.633e-05
4728 7.633e-05
4729 7.633e-05
4730 7.633e-05
4731 7.633e-05
4732 7.633e-05
4733 7.633e-05
4734 7.633e-05
4735 7.633e-05
4736 7.633e-05
4737 7.633e-05
4738 7.633e-05
4739 7.633e-05
4740 7.633e-05
4741 7.633e-05
4742 7.633e-05
4743 7.633e-05
4744 7.633e-05
4745 7.633e-05
4746 7.633e-05
4747 7.633e-05
4748 7.633e-05
4749 7.633e-05
4750 7.633e-05
4751 7.633e-05
4752 7.633e-05
4753 7.633e-05
4754 7.633e-05
4755 7.633e-05
4756 7.633e-05
4757 7.633e-05
4758 7.633e-05
4759 7.633e-05
4760 7.633e-05
4761 7.633e-05
4762 7.633e-05
4763 7.633e-05
4764 7.633e-05
4765 7.633e-05
4766 7.633e-05
4767 7.633e-05
4768 7.633e-05
4769 7.633e-05
4770 7.633e-05
4771 7.633e-05
4772 7.633e-05
4773 7.633e-05
4774 7.633e-05
4775 7.633e-05
4776 7.633e-05
4777 7.633e-05
4778 7.633e-05
4779 7.633e-05
4780 7.633e-05
4781 7.633e-05
4782 7.633e-05
4783 7.633e-05
4784 7.633e-05
4785 7.633e-05
4786 7.633e-05
4787 7.633e-05
4788 7.633e-05
4789 7.633e-05
4790 7.633e-05
4791 7.633e-05
4792 7.633e-05
4793 3.8165e-05
4794 3.8165e-05
4795 3.8165e-05
4796 3.8165e-05
4797 3.8165e-05
4798 3.8165e-05
4799 3.8165e-05
4800 3.8165e-05
4801 3.8165e-05
4802 3.8165e-05
4803 3.8165e-05
4804 3.8165e-05
4805 3.8165e-05
4806 3.8165e-05
4807 3.8165e-05
4808 3.8165e-05
4809 3.8165e-05
4810 3.8165e-05
4811 3.8165e-05
4812 3.8165e-05
4813 3.8165e-05
4814 3.8165e-05
4815 3.8165e-05
4816 3.8165e-05
4817 3.8165e-05
4818 3.8165e-05
4819 3.8165e-05
4820 3.8165e-05
4821 3.8165e-05
4822 3.8165e-05
4823 3.8165e-05
4824 3.8165e-05
4825 3.8165e-05
4826 3.8165e-05
4827 3.8165e-05
4828 3.8165e-05
4829 3.8165e-05
4830 3.8165e-05
4831 3.8165e-05
4832 3.8165e-05
4833 3.8165e-05
4834 3.8165e-05
4835 3.8165e-05
4836 3.8165e-05
4837 3.8165e-05
4838 3.8165e-05
4839 3.8165e-05
4840 3.8165e-05
4841 3.8165e-05
4842 3.8165e-05
4843 3.8165e-05
4844 3.8165e-05
4845 3.8165e-05
4846 3.8165e-05
4847 3.8165e-05
4848 3.8165e-05
4849 3.8165e-05
4850 3.8165e-05
4851 3.8165e-05
4852 3.8165e-05
4853 3.8165e-05
4854 3.8165e-05
4855 3.8165e-05
4856 3.8165e-05
4857 3.8165e-05
4858 3.8165e-05
4859 3.8165e-05
4860 3.8165e-05
4861 3.8165e-05
4862 3.8165e-05
4863 3.8165e-05
4864 3.8165e-05
4865 3.8165e-05
4866 3.8165e-05
4867 3.8165e-05
4868 3.8165e-05
4869 3.8165e-05
4870 3.8165e-05
4871 3.8165e-05
4872 3.8165e-05
4873 3.8165e-05
4874 3.8165e-05
4875 3.8165e-05
4876 3.8165e-05
4877 3.8165e-05
4878 3.8165e-05
4879 3.8165e-05
4880 3.8165e-05
4881 3.8165e-05
4882 3.8165e-05
4883 3.8165e-05
4884 3.8165e-05
4885 3.8165e-05
4886 3.8165e-05
4887 3.8165e-05
4888 3.8165e-05
4889 3.8165e-05
4890 3.8165e-05
4891 3.8165e-05
4892 3.8165e-05
4893 3.8165e-05
4894 3.8165e-05
4895 3.8165e-05
4896 3.8165e-05
4897 3.8165e-05
4898 3.8165e-05
4899 3.8165e-05
4900 3.8165e-05
4901 3.8165e-05
4902 3.8165e-05
4903 3.8165e-05
4904 3.8165e-05
4905 3.8165e-05
4906 3.8165e-05
4907 3.8165e-05
4908 3.8165e-05
4909 3.8165e-05
4910 3.8165e-05
4911 3.8165e-05
4912 3.8165e-05
4913 3.8165e-05
4914 3.8165e-05
4915 3.8165e-05
4916 3.8165e-05
4917 3.8165e-05
4918 3.8165e-05
4919 3.8165e-05
4920 3.8165e-05
4921 3.8165e-05
4922 3.8165e-05
4923 3.8165e-05
4924 3.8165e-05
4925 3.8165e-05
4926 3.8165e-05
4927 3.8165e-05
4928 3.8165e-05
4929 3.8165e-05
4930 3.8165e-05
4931 3.8165e-05
4932 3.8165e-05
4933 3.8165e-05
4934 3.8165e-05
4935 3.8165e-05
4936 3.8165e-05
4937 3.8165e-05
4938 3.8165e-05
4939 3.8165e-05
4940 3.8165e-05
4941 3.8165e-05
4942 3.8165e-05
4943 3.8165e-05
4944 3.8165e-05
4945 3.8165e-05
4946 3.8165e-05
4947 3.8165e-05
4948 3.8165e-05
4949 3.8165e-05
4950 3.8165e-05
4951 3.8165e-05
4952 3.8165e-05
4953 3.8165e-05
4954 3.8165e-05
4955 3.8165e-05
4956 3.8165e-05
4957 3.8165e-05
4958 3.8165e-05
4959 3.8165e-05
4960 3.8165e-05
4961 3.8165e-05
4962 3.8165e-05
4963 3.8165e-05
4964 3.8165e-05
4965 3.8165e-05
4966 3.8165e-05
4967 3.8165e-05
4968 3.8165e-05
4969 3.8165e-05
4970 3.8165e-05
4971 3.8165e-05
4972 3.8165e-05
4973 3.8165e-05
4974 3.8165e-05
4975 3.8165e-05
4976 3.8165e-05
4977 3.8165e-05
4978 3.8165e-05
4979 3.8165e-05
4980 3.8165e-05
4981 3.8165e-05
4982 3.8165e-05
4983 3.8165e-05
4984 3.8165e-05
4985 3.8165e-05
4986 3.8165e-05
4987 3.8165e-05
4988 3.8165e-05
4989 3.8165e-05
4990 3.8165e-05
4991 3.8165e-05
4992 3.8165e-05
4993 3.8165e-05
4994 3.8165e-05
4995 3.8165e-05
4996 3.8165e-05
4997 3.8165e-05
4998 3.8165e-05
4999 3.8165e-05
5000 3.8165e-05
5001 3.8165e-05
5002 3.8165e-05
5003 3.8165e-05
5004 3.8165e-05
5005 3.8165e-05
5006 3.8165e-05
5007 3.8165e-05
5008 3.8165e-05
5009 3.8165e-05
5010 3.8165e-05
5011 3.8165e-05
5012 3.8165e-05
5013 3.8165e-05
5014 3.8165e-05
5015 3.8165e-05
5016 3.8165e-05
5017 3.8165e-05
5018 3.8165e-05
5019 3.8165e-05
5020 3.8165e-05
5021 3.8165e-05
5022 3.8165e-05
5023 3.8165e-05
5024 3.8165e-05
5025 3.8165e-05
5026 3.8165e-05
5027 3.8165e-05
5028 3.8165e-05
5029 3.8165e-05
5030 3.8165e-05
5031 3.8165e-05
5032 3.8165e-05
5033 3.8165e-05
5034 3.8165e-05
5035 3.8165e-05
5036 3.8165e-05
5037 3.8165e-05
5038 3.8165e-05
5039 3.8165e-05
5040 3.8165e-05
5041 3.8165e-05
5042 3.8165e-05
5043 3.8165e-05
5044 3.8165e-05
5045 3.8165e-05
5046 3.8165e-05
5047 3.8165e-05
5048 3.8165e-05
5049 3.8165e-05
5050 3.8165e-05
5051 3.8165e-05
5052 3.8165e-05
5053 3.8165e-05
5054 3.8165e-05
5055 3.8165e-05
5056 3.8165e-05
5057 3.8165e-05
5058 3.8165e-05
5059 3.8165e-05
5060 3.8165e-05
5061 3.8165e-05
5062 3.8165e-05
5063 3.8165e-05
5064 3.8165e-05
5065 3.8165e-05
5066 3.8165e-05
5067 3.8165e-05
5068 3.8165e-05
5069 3.8165e-05
5070 3.8165e-05
5071 3.8165e-05
5072 3.8165e-05
5073 3.8165e-05
5074 3.8165e-05
5075 3.8165e-05
5076 3.8165e-05
5077 3.8165e-05
5078 3.8165e-05
5079 3.8165e-05
5080 3.8165e-05
5081 3.8165e-05
5082 3.8165e-05
5083 3.8165e-05
5084 3.8165e-05
5085 3.8165e-05
5086 3.8165e-05
5087 3.8165e-05
5088 3.8165e-05
5089 3.8165e-05
5090 3.8165e-05
5091 3.8165e-05
5092 3.8165e-05
5093 3.8165e-05
5094 3.8165e-05
5095 3.8165e-05
5096 3.8165e-05
5097 3.8165e-05
5098 3.8165e-05
5099 3.8165e-05
5100 3.8165e-05
5101 3.8165e-05
5102 3.8165e-05
5103 3.8165e-05
5104 3.8165e-05
5105 3.8165e-05
5106 3.8165e-05
5107 3.8165e-05
5108 3.8165e-05
5109 3.8165e-05
5110 3.8165e-05
5111 3.8165e-05
5112 3.8165e-05
5113 3.8165e-05
5114 3.8165e-05
5115 3.8165e-05
5116 3.8165e-05
5117 3.8165e-05
5118 3.8165e-05
5119 3.8165e-05
5120 3.8165e-05
5121 3.8165e-05
5122 3.8165e-05
5123 3.8165e-05
5124 3.8165e-05
5125 3.8165e-05
5126 3.8165e-05
5127 3.8165e-05
5128 3.8165e-05
5129 3.8165e-05
5130 3.8165e-05
5131 3.8165e-05
5132 3.8165e-05
5133 3.8165e-05
5134 3.8165e-05
5135 3.8165e-05
5136 3.8165e-05
5137 3.8165e-05
5138 3.8165e-05
5139 3.8165e-05
5140 3.8165e-05
5141 3.8165e-05
5142 3.8165e-05
5143 3.8165e-05
5144 3.8165e-05
5145 3.8165e-05
5146 3.8165e-05
5147 3.8165e-05
5148 3.8165e-05
5149 3.8165e-05
5150 3.8165e-05
5151 3.8165e-05
5152 3.8165e-05
5153 3.8165e-05
5154 3.8165e-05
5155 3.8165e-05
5156 3.8165e-05
5157 3.8165e-05
5158 3.8165e-05
5159 3.8165e-05
5160 3.8165e-05
5161 3.8165e-05
5162 3.8165e-05
5163 3.8165e-05
5164 3.8165e-05
5165 3.8165e-05
5166 3.8165e-05
5167 3.8165e-05
5168 3.8165e-05
5169 3.8165e-05
5170 3.8165e-05
5171 3.8165e-05
5172 3.8165e-05
5173 3.8165e-05
5174 3.8165e-05
5175 3.8165e-05
5176 3.8165e-05
5177 3.8165e-05
5178 3.8165e-05
5179 3.8165e-05
5180 3.8165e-05
5181 3.8165e-05
5182 3.8165e-05
5183 3.8165e-05
5184 3.8165e-05
5185 3.8165e-05
5186 3.8165e-05
5187 3.8165e-05
5188 3.8165e-05
5189 3.8165e-05
5190 3.8165e-05
5191 3.8165e-05
5192 3.8165e-05
5193 3.8165e-05
5194 3.8165e-05
5195 3.8165e-05
5196 3.8165e-05
5197 3.8165e-05
5198 3.8165e-05
5199 3.8165e-05
5200 3.8165e-05
5201 3.8165e-05
5202 3.8165e-05
5203 3.8165e-05
5204 3.8165e-05
5205 3.8165e-05
5206 3.8165e-05
5207 3.8165e-05
5208 3.8165e-05
5209 3.8165e-05
5210 3.8165e-05
5211 3.8165e-05
5212 3.8165e-05
5213 3.8165e-05
5214 3.8165e-05
5215 3.8165e-05
5216 3.8165e-05
5217 3.8165e-05
5218 3.8165e-05
5219 3.8165e-05
5220 3.8165e-05
5221 3.8165e-05
5222 3.8165e-05
5223 3.8165e-05
5224 3.8165e-05
5225 3.8165e-05
5226 3.8165e-05
5227 3.8165e-05
5228 3.8165e-05
5229 3.8165e-05
5230 3.8165e-05
5231 3.8165e-05
5232 3.8165e-05
5233 3.8165e-05
5234 3.8165e-05
5235 3.8165e-05
5236 3.8165e-05
5237 3.8165e-05
5238 3.8165e-05
5239 3.8165e-05
5240 3.8165e-05
5241 3.8165e-05
5242 3.8165e-05
5243 3.8165e-05
5244 3.8165e-05
5245 3.8165e-05
5246 3.8165e-05
5247 3.8165e-05
5248 3.8165e-05
5249 3.8165e-05
5250 3.8165e-05
5251 3.8165e-05
5252 3.8165e-05
5253 3.8165e-05
5254 3.8165e-05
5255 3.8165e-05
5256 3.8165e-05
5257 3.8165e-05
5258 3.8165e-05
5259 3.8165e-05
5260 3.8165e-05
5261 3.8165e-05
5262 3.8165e-05
5263 3.8165e-05
5264 3.8165e-05
5265 3.8165e-05
5266 3.8165e-05
5267 3.8165e-05
5268 3.8165e-05
5269 3.8165e-05
5270 3.8165e-05
5271 3.8165e-05
5272 3.8165e-05
5273 3.8165e-05
5274 3.8165e-05
5275 3.8165e-05
5276 3.8165e-05
5277 3.8165e-05
5278 3.8165e-05
5279 3.8165e-05
5280 3.8165e-05
5281 3.8165e-05
5282 3.8165e-05
5283 3.8165e-05
5284 3.8165e-05
5285 3.8165e-05
5286 3.8165e-05
5287 3.8165e-05
5288 3.8165e-05
5289 3.8165e-05
5290 3.8165e-05
5291 3.8165e-05
5292 3.8165e-05
5293 3.8165e-05
5294 3.8165e-05
5295 3.8165e-05
5296 3.8165e-05
5297 3.8165e-05
5298 3.8165e-05
5299 3.8165e-05
5300 3.8165e-05
5301 3.8165e-05
5302 3.8165e-05
5303 3.8165e-05
5304 3.8165e-05
5305 3.8165e-05
5306 3.8165e-05
5307 3.8165e-05
5308 3.8165e-05
5309 3.8165e-05
5310 3.8165e-05
5311 3.8165e-05
5312 3.8165e-05
5313 3.8165e-05
5314 3.8165e-05
5315 3.8165e-05
5316 3.8165e-05
5317 3.8165e-05
5318 3.8165e-05
5319 3.8165e-05
5320 3.8165e-05
5321 3.8165e-05
5322 3.8165e-05
5323 3.8165e-05
5324 3.8165e-05
5325 3.8165e-05
5326 3.8165e-05
5327 3.8165e-05
5328 3.8165e-05
5329 3.8165e-05
5330 3.8165e-05
5331 3.8165e-05
5332 3.8165e-05
5333 3.8165e-05
5334 3.8165e-05
5335 3.8165e-05
5336 3.8165e-05
5337 3.8165e-05
5338 3.8165e-05
5339 3.8165e-05
5340 3.8165e-05
5341 3.8165e-05
5342 3.8165e-05
5343 3.8165e-05
5344 3.8165e-05
5345 3.8165e-05
5346 3.8165e-05
5347 3.8165e-05
5348 3.8165e-05
5349 3.8165e-05
5350 3.8165e-05
5351 3.8165e-05
5352 3.8165e-05
5353 3.8165e-05
5354 3.8165e-05
5355 3.8165e-05
5356 3.8165e-05
5357 3.8165e-05
5358 3.8165e-05
5359 3.8165e-05
5360 3.8165e-05
5361 3.8165e-05
5362 3.8165e-05
5363 3.8165e-05
5364 3.8165e-05
5365 3.8165e-05
5366 3.8165e-05
5367 3.8165e-05
5368 3.8165e-05
5369 3.8165e-05
5370 3.8165e-05
5371 3.8165e-05
5372 3.8165e-05
5373 3.8165e-05
5374 3.8165e-05
5375 3.8165e-05
5376 3.8165e-05
5377 3.8165e-05
5378 3.8165e-05
5379 3.8165e-05
5380 3.8165e-05
5381 3.8165e-05
5382 3.8165e-05
5383 3.8165e-05
5384 3.8165e-05
5385 3.8165e-05
5386 3.8165e-05
5387 3.8165e-05
5388 3.8165e-05
5389 3.8165e-05
5390 3.8165e-05
5391 3.8165e-05
5392 3.8165e-05
5393 3.8165e-05
5394 3.8165e-05
5395 3.8165e-05
5396 3.8165e-05
5397 3.8165e-05
5398 3.8165e-05
5399 3.8165e-05
5400 3.8165e-05
5401 3.8165e-05
5402 3.8165e-05
5403 3.8165e-05
5404 3.8165e-05
5405 3.8165e-05
5406 3.8165e-05
5407 3.8165e-05
5408 3.8165e-05
5409 3.8165e-05
5410 3.8165e-05
5411 3.8165e-05
5412 3.8165e-05
5413 3.8165e-05
5414 3.8165e-05
5415 3.8165e-05
5416 3.8165e-05
5417 3.8165e-05
5418 3.8165e-05
5419 3.8165e-05
5420 3.8165e-05
5421 3.8165e-05
5422 3.8165e-05
5423 3.8165e-05
5424 3.8165e-05
5425 3.8165e-05
5426 3.8165e-05
5427 3.8165e-05
5428 3.8165e-05
5429 3.8165e-05
5430 3.8165e-05
5431 3.8165e-05
5432 3.8165e-05
5433 3.8165e-05
5434 3.8165e-05
5435 3.8165e-05
5436 3.8165e-05
5437 3.8165e-05
5438 3.8165e-05
5439 3.8165e-05
5440 3.8165e-05
5441 3.8165e-05
5442 3.8165e-05
5443 3.8165e-05
5444 3.8165e-05
5445 3.8165e-05
5446 3.8165e-05
5447 3.8165e-05
5448 3.8165e-05
5449 3.8165e-05
5450 3.8165e-05
5451 3.8165e-05
5452 3.8165e-05
5453 3.8165e-05
5454 3.8165e-05
5455 3.8165e-05
5456 3.8165e-05
5457 3.8165e-05
5458 3.8165e-05
5459 3.8165e-05
5460 3.8165e-05
5461 3.8165e-05
5462 3.8165e-05
5463 3.8165e-05
5464 3.8165e-05
5465 3.8165e-05
5466 3.8165e-05
5467 3.8165e-05
5468 3.8165e-05
5469 3.8165e-05
5470 3.8165e-05
5471 3.8165e-05
5472 3.8165e-05
5473 3.8165e-05
5474 3.8165e-05
5475 3.8165e-05
5476 3.8165e-05
5477 3.8165e-05
5478 3.8165e-05
5479 3.8165e-05
5480 3.8165e-05
5481 3.8165e-05
5482 3.8165e-05
5483 3.8165e-05
5484 3.8165e-05
5485 3.8165e-05
5486 3.8165e-05
5487 3.8165e-05
5488 3.8165e-05
5489 3.8165e-05
5490 3.8165e-05
5491 3.8165e-05
5492 3.8165e-05
5493 3.8165e-05
5494 3.8165e-05
5495 3.8165e-05
5496 3.8165e-05
5497 3.8165e-05
5498 3.8165e-05
5499 3.8165e-05
5500 3.8165e-05
5501 3.8165e-05
5502 3.8165e-05
5503 3.8165e-05
5504 3.8165e-05
5505 3.8165e-05
5506 3.8165e-05
5507 3.8165e-05
5508 3.8165e-05
5509 3.8165e-05
5510 3.8165e-05
5511 3.8165e-05
5512 3.8165e-05
5513 3.8165e-05
5514 3.8165e-05
5515 3.8165e-05
5516 3.8165e-05
5517 3.8165e-05
5518 3.8165e-05
5519 3.8165e-05
5520 3.8165e-05
5521 3.8165e-05
5522 3.8165e-05
5523 3.8165e-05
5524 3.8165e-05
5525 3.8165e-05
5526 3.8165e-05
5527 3.8165e-05
5528 3.8165e-05
5529 3.8165e-05
5530 3.8165e-05
5531 3.8165e-05
5532 3.8165e-05
5533 3.8165e-05
5534 3.8165e-05
5535 3.8165e-05
5536 3.8165e-05
