0 1
1 1
2 1
3 1
4 1
5 1
6 1
7 0.99998
8 0.99998
9 0.864295
10 0.864295
11 0.864295
12 0.864295
13 0.864295
14 0.864295
15 0.864295
16 0.864295
17 0.817783
18 0.817783
19 0.817783
20 0.817783
21 0.817783
22 0.817783
23 0.817723
24 0.817723
25 0.777179
26 0.777179
27 0.777179
28 0.777179
29 0.777179
30 0.777179
31 0.777099
32 0.777099
33 0.736515
34 0.736515
35 0.736515
36 0.736515
37 0.736515
38 0.736515
39 0.736435
40 0.736435
41 0.698986
42 0.698986
43 0.698986
44 0.698986
45 0.698986
46 0.698986
47 0.698806
48 0.698806
49 0.661057
50 0.661057
51 0.661057
52 0.661057
53 0.661057
54 0.661057
55 0.660977
56 0.660977
57 0.623727
58 0.623727
59 0.623727
60 0.623727
61 0.623727
62 0.623727
63 0.623608
64 0.623608
65 0.587815
66 0.587815
67 0.587815
68 0.587815
69 0.587815
70 0.587815
71 0.587695
72 0.587695
73 0.554717
74 0.554717
75 0.554717
76 0.554717
77 0.554717
78 0.554717
79 0.554537
80 0.554537
81 0.522338
82 0.522338
83 0.522338
84 0.522338
85 0.522338
86 0.522338
87 0.522118
88 0.522118
89 0.492634
90 0.492634
91 0.492634
92 0.492634
93 0.492634
94 0.492634
95 0.492494
96 0.492494
97 0.463968
98 0.463968
99 0.463968
100 0.463968
101 0.463968
102 0.463968
103 0.463888
104 0.463888
105 0.438276
106 0.438276
107 0.438276
108 0.438276
109 0.438276
110 0.438276
111 0.438196
112 0.438196
113 0.412784
114 0.412784
115 0.412784
116 0.412784
117 0.412784
118 0.412784
119 0.412664
120 0.412664
121 0.388929
122 0.388929
123 0.388929
124 0.388929
125 0.388929
126 0.388929
127 0.388709
128 0.388709
129 0.36703
130 0.36703
131 0.36703
132 0.36703
133 0.36703
134 0.36703
135 0.36697
136 0.36697
137 0.346049
138 0.346049
139 0.346049
140 0.346049
141 0.346049
142 0.346049
143 0.34591
144 0.34591
145 0.327225
146 0.327225
147 0.327225
148 0.327225
149 0.327225
150 0.327225
151 0.327165
152 0.327165
153 0.308799
154 0.308799
155 0.308799
156 0.308799
157 0.308799
158 0.308799
159 0.30868
160 0.30868
161 0.29257
162 0.29257
163 0.29257
164 0.29257
165 0.29257
166 0.29257
167 0.29247
168 0.29247
169 0.27664
170 0.27664
171 0.27664
172 0.27664
173 0.27664
174 0.27664
175 0.27654
176 0.27654
177 0.261688
178 0.261688
179 0.261688
180 0.261688
181 0.261688
182 0.261688
183 0.261628
184 0.261628
185 0.248353
186 0.248353
187 0.248353
188 0.248353
189 0.248353
190 0.248353
191 0.248313
192 0.248313
193 0.234739
194 0.234739
195 0.234739
196 0.234739
197 0.234739
198 0.234739
199 0.234639
200 0.234639
201 0.22322
202 0.22322
203 0.22322
204 0.22322
205 0.22322
206 0.22322
207 0.223101
208 0.223101
209 0.211103
210 0.211103
211 0.211103
212 0.211103
213 0.211103
214 0.211103
215 0.211023
216 0.211023
217 0.198766
218 0.198766
219 0.198766
220 0.198766
221 0.198766
222 0.198766
223 0.198667
224 0.198667
225 0.187967
226 0.187967
227 0.187967
228 0.187967
229 0.187967
230 0.187967
231 0.187967
232 0.187967
233 0.177686
234 0.177686
235 0.177686
236 0.177686
237 0.177686
238 0.177686
239 0.177646
240 0.177646
241 0.168503
242 0.168503
243 0.168503
244 0.168503
245 0.168503
246 0.168503
247 0.168483
248 0.168483
249 0.160578
250 0.160578
251 0.160578
252 0.160578
253 0.160578
254 0.160578
255 0.160518
256 0.160518
257 0.152354
258 0.152354
259 0.152354
260 0.152354
261 0.152354
262 0.152354
263 0.152294
264 0.152294
265 0.144947
266 0.144947
267 0.144947
268 0.144947
269 0.144947
270 0.144947
271 0.144868
272 0.144868
273 0.137362
274 0.137362
275 0.137362
276 0.137362
277 0.137362
278 0.137362
279 0.137322
280 0.137322
281 0.130375
282 0.130375
283 0.130375
284 0.130375
285 0.130375
286 0.130375
287 0.130355
288 0.130355
289 0.123208
290 0.123208
291 0.123208
292 0.123208
293 0.123208
294 0.123208
295 0.123208
296 0.123208
297 0.11698
298 0.11698
299 0.11698
300 0.11698
301 0.11698
302 0.11698
303 0.11692
304 0.11692
305 0.111331
306 0.111331
307 0.111331
308 0.111331
309 0.111331
310 0.111331
311 0.111311
312 0.111311
313 0.105961
314 0.105961
315 0.105961
316 0.105961
317 0.105961
318 0.105961
319 0.105921
320 0.105921
321 0.100232
322 0.100232
323 0.100232
324 0.100232
325 0.100232
326 0.100232
327 0.100192
328 0.100192
329 0.0954805
330 0.0954805
331 0.0954805
332 0.0954805
333 0.0954805
334 0.0954805
335 0.0954605
336 0.0954605
337 0.0906895
338 0.0906895
339 0.0906895
340 0.0906895
341 0.0906895
342 0.0906895
343 0.0906695
344 0.0906695
345 0.0864375
346 0.0864375
347 0.0864375
348 0.0864375
349 0.0864375
350 0.0864375
351 0.0864175
352 0.0864175
353 0.0821456
354 0.0821456
355 0.0821456
356 0.0821456
357 0.0821456
358 0.0821456
359 0.0820857
360 0.0820857
361 0.0783128
362 0.0783128
363 0.0783128
364 0.0783128
365 0.0783128
366 0.0783128
367 0.078213
368 0.078213
369 0.0744401
370 0.0744401
371 0.0744401
372 0.0744401
373 0.0744401
374 0.0744401
375 0.0744001
376 0.0744001
377 0.0712261
378 0.0712261
379 0.0712261
380 0.0712261
381 0.0712261
382 0.0712261
383 0.0712061
384 0.0712061
385 0.0677127
386 0.0677127
387 0.0677127
388 0.0677127
389 0.0677127
390 0.0677127
391 0.0676129
392 0.0676129
393 0.0642392
394 0.0642392
395 0.0642392
396 0.0642392
397 0.0642392
398 0.0642392
399 0.0642193
400 0.0642193
401 0.061145
402 0.061145
403 0.061145
404 0.061145
405 0.061145
406 0.061145
407 0.0611251
408 0.0611251
409 0.0579511
410 0.0579511
411 0.0579511
412 0.0579511
413 0.0579511
414 0.0579511
415 0.0579111
416 0.0579111
417 0.0545375
418 0.0545375
419 0.0545375
420 0.0545375
421 0.0545375
422 0.0545375
423 0.0545375
424 0.0545375
425 0.0519024
426 0.0519024
427 0.0519024
428 0.0519024
429 0.0519024
430 0.0519024
431 0.0518825
432 0.0518825
433 0.0492474
434 0.0492474
435 0.0492474
436 0.0492474
437 0.0492474
438 0.0492474
439 0.0492275
440 0.0492275
441 0.046832
442 0.046832
443 0.046832
444 0.046832
445 0.046832
446 0.046832
447 0.046812
448 0.046812
449 0.0448557
450 0.0448557
451 0.0448557
452 0.0448557
453 0.0448557
454 0.0448557
455 0.0448557
456 0.0448557
457 0.0426997
458 0.0426997
459 0.0426997
460 0.0426997
461 0.0426997
462 0.0426997
463 0.0426798
464 0.0426798
465 0.0404839
466 0.0404839
467 0.0404839
468 0.0404839
469 0.0404839
470 0.0404839
471 0.0404639
472 0.0404639
473 0.0388669
474 0.0388669
475 0.0388669
476 0.0388669
477 0.0388669
478 0.0388669
479 0.038847
480 0.038847
481 0.0370903
482 0.0370903
483 0.0370903
484 0.0370903
485 0.0370903
486 0.0370903
487 0.0370903
488 0.0370903
489 0.0353535
490 0.0353535
491 0.0353535
492 0.0353535
493 0.0353535
494 0.0353535
495 0.0353336
496 0.0353336
497 0.0335569
498 0.0335569
499 0.0335569
500 0.0335569
501 0.0335569
502 0.0335569
503 0.0335569
504 0.0335569
505 0.0322394
506 0.0322394
507 0.0322394
508 0.0322394
509 0.0322394
510 0.0322394
511 0.0322394
512 0.0322394
513 0.0309019
514 0.0309019
515 0.0309019
516 0.0309019
517 0.0309019
518 0.0309019
519 0.0308819
520 0.0308819
521 0.0293448
522 0.0293448
523 0.0293448
524 0.0293448
525 0.0293448
526 0.0293448
527 0.029265
528 0.029265
529 0.0277878
530 0.0277878
531 0.0277878
532 0.0277878
533 0.0277878
534 0.0277878
535 0.0277878
536 0.0277878
537 0.0264503
538 0.0264503
539 0.0264503
540 0.0264503
541 0.0264503
542 0.0264503
543 0.0264503
544 0.0264503
545 0.0250928
546 0.0250928
547 0.0250928
548 0.0250928
549 0.0250928
550 0.0250928
551 0.0250729
552 0.0250729
553 0.0236955
554 0.0236955
555 0.0236955
556 0.0236955
557 0.0236955
558 0.0236955
559 0.0236555
560 0.0236555
561 0.0224977
562 0.0224977
563 0.0224977
564 0.0224977
565 0.0224977
566 0.0224977
567 0.0224578
568 0.0224578
569 0.0213399
570 0.0213399
571 0.0213399
572 0.0213399
573 0.0213399
574 0.0213399
575 0.0213399
576 0.0213399
577 0.020202
578 0.020202
579 0.020202
580 0.020202
581 0.020202
582 0.020202
583 0.020202
584 0.020202
585 0.0191839
586 0.0191839
587 0.0191839
588 0.0191839
589 0.0191839
590 0.0191839
591 0.019124
592 0.019124
593 0.0184453
594 0.0184453
595 0.0184453
596 0.0184453
597 0.0184453
598 0.0184453
599 0.0184254
600 0.0184254
601 0.0178065
602 0.0178065
603 0.0178065
604 0.0178065
605 0.0178065
606 0.0178065
607 0.0178065
608 0.0178065
609 0.0168683
610 0.0168683
611 0.0168683
612 0.0168683
613 0.0168683
614 0.0168683
615 0.0168483
616 0.0168483
617 0.0159899
618 0.0159899
619 0.0159899
620 0.0159899
621 0.0159899
622 0.0159899
623 0.01597
624 0.01597
625 0.0149719
626 0.0149719
627 0.0149719
628 0.0149719
629 0.0149719
630 0.0149719
631 0.0149319
632 0.0149319
633 0.0142732
634 0.0142732
635 0.0142732
636 0.0142732
637 0.0142732
638 0.0142732
639 0.0142332
640 0.0142332
641 0.0135346
642 0.0135346
643 0.0135346
644 0.0135346
645 0.0135346
646 0.0135346
647 0.0135346
648 0.0135346
649 0.012776
650 0.012776
651 0.012776
652 0.012776
653 0.012776
654 0.012776
655 0.012756
656 0.012756
657 0.0120573
658 0.0120573
659 0.0120573
660 0.0120573
661 0.0120573
662 0.0120573
663 0.0120573
664 0.0120573
665 0.0115583
666 0.0115583
667 0.0115583
668 0.0115583
669 0.0115583
670 0.0115583
671 0.0115383
672 0.0115383
673 0.0109594
674 0.0109594
675 0.0109594
676 0.0109594
677 0.0109594
678 0.0109594
679 0.0109594
680 0.0109594
681 0.0104404
682 0.0104404
683 0.0104404
684 0.0104404
685 0.0104404
686 0.0104404
687 0.0104404
688 0.0104404
689 0.010101
690 0.010101
691 0.010101
692 0.010101
693 0.010101
694 0.010101
695 0.010081
696 0.010081
697 0.00958199
698 0.00958199
699 0.00958199
700 0.00958199
701 0.00958199
702 0.00958199
703 0.00958199
704 0.00958199
705 0.00924262
706 0.00924262
707 0.00924262
708 0.00924262
709 0.00924262
710 0.00924262
711 0.00922266
712 0.00922266
713 0.00882341
714 0.00882341
715 0.00882341
716 0.00882341
717 0.00882341
718 0.00882341
719 0.00882341
720 0.00882341
721 0.0084042
722 0.0084042
723 0.0084042
724 0.0084042
725 0.0084042
726 0.0084042
727 0.0084042
728 0.0084042
729 0.00814469
730 0.00814469
731 0.00814469
732 0.00814469
733 0.00814469
734 0.00814469
735 0.00814469
736 0.00814469
737 0.0077654
738 0.0077654
739 0.0077654
740 0.0077654
741 0.0077654
742 0.0077654
743 0.00774544
744 0.00774544
745 0.00732623
746 0.00732623
747 0.00732623
748 0.00732623
749 0.00732623
750 0.00732623
751 0.00732623
752 0.00732623
753 0.0069669
754 0.0069669
755 0.0069669
756 0.0069669
757 0.0069669
758 0.0069669
759 0.00694694
760 0.00694694
761 0.0066475
762 0.0066475
763 0.0066475
764 0.0066475
765 0.0066475
766 0.0066475
767 0.0066475
768 0.0066475
769 0.0063281
770 0.0063281
771 0.0063281
772 0.0063281
773 0.0063281
774 0.0063281
775 0.0063281
776 0.0063281
777 0.00604863
778 0.00604863
779 0.00604863
780 0.00604863
781 0.00604863
782 0.00604863
783 0.00604863
784 0.00604863
785 0.00588893
786 0.00588893
787 0.00588893
788 0.00588893
789 0.00588893
790 0.00588893
791 0.00586897
792 0.00586897
793 0.00560945
794 0.00560945
795 0.00560945
796 0.00560945
797 0.00560945
798 0.00560945
799 0.00560945
800 0.00560945
801 0.00529005
802 0.00529005
803 0.00529005
804 0.00529005
805 0.00529005
806 0.00529005
807 0.00527009
808 0.00527009
809 0.00505051
810 0.00505051
811 0.00505051
812 0.00505051
813 0.00505051
814 0.00505051
815 0.00505051
816 0.00505051
817 0.00483092
818 0.00483092
819 0.00483092
820 0.00483092
821 0.00483092
822 0.00483092
823 0.00483092
824 0.00483092
825 0.00463129
826 0.00463129
827 0.00463129
828 0.00463129
829 0.00463129
830 0.00463129
831 0.00463129
832 0.00463129
833 0.00447159
834 0.00447159
835 0.00447159
836 0.00447159
837 0.00447159
838 0.00447159
839 0.00447159
840 0.00447159
841 0.00429193
842 0.00429193
843 0.00429193
844 0.00429193
845 0.00429193
846 0.00429193
847 0.00429193
848 0.00429193
849 0.00415219
850 0.00415219
851 0.00415219
852 0.00415219
853 0.00415219
854 0.00415219
855 0.00415219
856 0.00415219
857 0.00397253
858 0.00397253
859 0.00397253
860 0.00397253
861 0.00397253
862 0.00397253
863 0.00397253
864 0.00397253
865 0.00381283
866 0.00381283
867 0.00381283
868 0.00381283
869 0.00381283
870 0.00381283
871 0.00381283
872 0.00381283
873 0.00363317
874 0.00363317
875 0.00363317
876 0.00363317
877 0.00363317
878 0.00363317
879 0.00363317
880 0.00363317
881 0.00341358
882 0.00341358
883 0.00341358
884 0.00341358
885 0.00341358
886 0.00341358
887 0.00339362
888 0.00339362
889 0.00323392
890 0.00323392
891 0.00323392
892 0.00323392
893 0.00323392
894 0.00323392
895 0.00323392
896 0.00323392
897 0.00309418
898 0.00309418
899 0.00309418
900 0.00309418
901 0.00309418
902 0.00309418
903 0.00309418
904 0.00309418
905 0.00293448
906 0.00293448
907 0.00293448
908 0.00293448
909 0.00293448
910 0.00293448
911 0.00293448
912 0.00293448
913 0.00285463
914 0.00285463
915 0.00285463
916 0.00285463
917 0.00285463
918 0.00285463
919 0.00285463
920 0.00285463
921 0.00267497
922 0.00267497
923 0.00267497
924 0.00267497
925 0.00267497
926 0.00267497
927 0.00267497
928 0.00267497
929 0.00257516
930 0.00257516
931 0.00257516
932 0.00257516
933 0.00257516
934 0.00257516
935 0.00257516
936 0.00257516
937 0.00253523
938 0.00253523
939 0.00253523
940 0.00253523
941 0.00253523
942 0.00253523
943 0.00253523
944 0.00253523
945 0.0023955
946 0.0023955
947 0.0023955
948 0.0023955
949 0.0023955
950 0.0023955
951 0.0023955
952 0.0023955
953 0.0022358
954 0.0022358
955 0.0022358
956 0.0022358
957 0.0022358
958 0.0022358
959 0.0022358
960 0.0022358
961 0.00203617
962 0.00203617
963 0.00203617
964 0.00203617
965 0.00203617
966 0.00203617
967 0.00203617
968 0.00203617
969 0.0019164
970 0.0019164
971 0.0019164
972 0.0019164
973 0.0019164
974 0.0019164
975 0.0019164
976 0.0019164
977 0.00185651
978 0.00185651
979 0.00185651
980 0.00185651
981 0.00185651
982 0.00185651
983 0.00185651
984 0.00185651
985 0.00183655
986 0.00183655
987 0.00183655
988 0.00183655
989 0.00183655
990 0.00183655
991 0.00181658
992 0.00181658
993 0.00167685
994 0.00167685
995 0.00167685
996 0.00167685
997 0.00167685
998 0.00167685
999 0.00167685
1000 0.00167685
1001 0.00153711
1002 0.00153711
1003 0.00153711
1004 0.00153711
1005 0.00153711
1006 0.00153711
1007 0.00153711
1008 0.00153711
1009 0.00147722
1010 0.00147722
1011 0.00147722
1012 0.00147722
1013 0.00147722
1014 0.00147722
1015 0.00147722
1016 0.00147722
1017 0.0014373
1018 0.0014373
1019 0.0014373
1020 0.0014373
1021 0.0014373
1022 0.0014373
1023 0.0014373
1024 0.0014373
1025 0.00137741
1026 0.00137741
1027 0.00137741
1028 0.00137741
1029 0.00137741
1030 0.00137741
1031 0.00137741
1032 0.00137741
1033 0.00137741
1034 0.00137741
1035 0.00137741
1036 0.00137741
1037 0.00137741
1038 0.00137741
1039 0.00137741
1040 0.00137741
1041 0.00133749
1042 0.00133749
1043 0.00133749
1044 0.00133749
1045 0.00133749
1046 0.00133749
1047 0.00133749
1048 0.00133749
1049 0.00129756
1050 0.00129756
1051 0.00129756
1052 0.00129756
1053 0.00129756
1054 0.00129756
1055 0.00129756
1056 0.00129756
1057 0.00129756
1058 0.00129756
1059 0.00129756
1060 0.00129756
1061 0.00129756
1062 0.00129756
1063 0.00129756
1064 0.00129756
1065 0.00129756
1066 0.00129756
1067 0.00129756
1068 0.00129756
1069 0.00129756
1070 0.00129756
1071 0.00129756
1072 0.00129756
1073 0.00123767
1074 0.00123767
1075 0.00123767
1076 0.00123767
1077 0.00123767
1078 0.00123767
1079 0.00123767
1080 0.00123767
1081 0.00119775
1082 0.00119775
1083 0.00119775
1084 0.00119775
1085 0.00119775
1086 0.00119775
1087 0.00119775
1088 0.00119775
1089 0.00113786
1090 0.00113786
1091 0.00113786
1092 0.00113786
1093 0.00113786
1094 0.00113786
1095 0.00113786
1096 0.00113786
1097 0.00109794
1098 0.00109794
1099 0.00109794
1100 0.00109794
1101 0.00109794
1102 0.00109794
1103 0.00109794
1104 0.00109794
1105 0.00105801
1106 0.00105801
1107 0.00105801
1108 0.00105801
1109 0.00105801
1110 0.00105801
1111 0.00105801
1112 0.00105801
1113 0.00103805
1114 0.00103805
1115 0.00103805
1116 0.00103805
1117 0.00103805
1118 0.00103805
1119 0.00103805
1120 0.00103805
1121 0.00101809
1122 0.00101809
1123 0.00101809
1124 0.00101809
1125 0.00101809
1126 0.00101809
1127 0.00101809
1128 0.00101809
1129 0.000958199
1130 0.000958199
1131 0.000958199
1132 0.000958199
1133 0.000958199
1134 0.000958199
1135 0.000958199
1136 0.000958199
1137 0.000938236
1138 0.000938236
1139 0.000938236
1140 0.000938236
1141 0.000938236
1142 0.000938236
1143 0.000938236
1144 0.000938236
1145 0.000878349
1146 0.000878349
1147 0.000878349
1148 0.000878349
1149 0.000878349
1150 0.000878349
1151 0.000878349
1152 0.000878349
1153 0.000858386
1154 0.000858386
1155 0.000858386
1156 0.000858386
1157 0.000858386
1158 0.000858386
1159 0.000858386
1160 0.000858386
1161 0.000838424
1162 0.000838424
1163 0.000838424
1164 0.000838424
1165 0.000838424
1166 0.000838424
1167 0.000838424
1168 0.000838424
1169 0.000798499
1170 0.000798499
1171 0.000798499
1172 0.000798499
1173 0.000798499
1174 0.000798499
1175 0.000798499
1176 0.000798499
1177 0.000758574
1178 0.000758574
1179 0.000758574
1180 0.000758574
1181 0.000758574
1182 0.000758574
1183 0.000758574
1184 0.000758574
1185 0.000738611
1186 0.000738611
1187 0.000738611
1188 0.000738611
1189 0.000738611
1190 0.000738611
1191 0.000738611
1192 0.000738611
1193 0.000738611
1194 0.000738611
1195 0.000738611
1196 0.000738611
1197 0.000738611
1198 0.000738611
1199 0.000738611
1200 0.000738611
1201 0.000678724
1202 0.000678724
1203 0.000678724
1204 0.000678724
1205 0.000678724
1206 0.000678724
1207 0.000678724
1208 0.000678724
1209 0.000678724
1210 0.000678724
1211 0.000678724
1212 0.000678724
1213 0.000678724
1214 0.000678724
1215 0.000678724
1216 0.000678724
1217 0.000678724
1218 0.000678724
1219 0.000678724
1220 0.000678724
1221 0.000678724
1222 0.000678724
1223 0.000678724
1224 0.000678724
1225 0.000618837
1226 0.000618837
1227 0.000618837
1228 0.000618837
1229 0.000618837
1230 0.000618837
1231 0.000618837
1232 0.000618837
1233 0.000618837
1234 0.000618837
1235 0.000618837
1236 0.000618837
1237 0.000618837
1238 0.000618837
1239 0.000618837
1240 0.000618837
1241 0.000598874
1242 0.000598874
1243 0.000598874
1244 0.000598874
1245 0.000598874
1246 0.000598874
1247 0.000598874
1248 0.000598874
1249 0.000558949
1250 0.000558949
1251 0.000558949
1252 0.000558949
1253 0.000558949
1254 0.000558949
1255 0.000558949
1256 0.000558949
1257 0.000538987
1258 0.000538987
1259 0.000538987
1260 0.000538987
1261 0.000538987
1262 0.000538987
1263 0.000538987
1264 0.000538987
1265 0.000519024
1266 0.000519024
1267 0.000519024
1268 0.000519024
1269 0.000519024
1270 0.000519024
1271 0.000519024
1272 0.000519024
1273 0.000499062
1274 0.000499062
1275 0.000499062
1276 0.000499062
1277 0.000499062
1278 0.000499062
1279 0.000499062
1280 0.000499062
1281 0.000499062
1282 0.000499062
1283 0.000499062
1284 0.000499062
1285 0.000499062
1286 0.000499062
1287 0.000499062
1288 0.000499062
1289 0.000499062
1290 0.000499062
1291 0.000499062
1292 0.000499062
1293 0.000499062
1294 0.000499062
1295 0.000499062
1296 0.000499062
1297 0.000459137
1298 0.000459137
1299 0.000459137
1300 0.000459137
1301 0.000459137
1302 0.000459137
1303 0.000459137
1304 0.000459137
1305 0.000439174
1306 0.000439174
1307 0.000439174
1308 0.000439174
1309 0.000439174
1310 0.000439174
1311 0.000439174
1312 0.000439174
1313 0.000419212
1314 0.000419212
1315 0.000419212
1316 0.000419212
1317 0.000419212
1318 0.000419212
1319 0.000419212
1320 0.000419212
1321 0.000419212
1322 0.000419212
1323 0.000419212
1324 0.000419212
1325 0.000419212
1326 0.000419212
1327 0.000419212
1328 0.000419212
1329 0.000419212
1330 0.000419212
1331 0.000419212
1332 0.000419212
1333 0.000419212
1334 0.000419212
1335 0.000419212
1336 0.000419212
1337 0.000399249
1338 0.000399249
1339 0.000399249
1340 0.000399249
1341 0.000399249
1342 0.000399249
1343 0.000399249
1344 0.000399249
1345 0.000399249
1346 0.000399249
1347 0.000399249
1348 0.000399249
1349 0.000399249
1350 0.000399249
1351 0.000399249
1352 0.000399249
1353 0.000399249
1354 0.000399249
1355 0.000399249
1356 0.000399249
1357 0.000399249
1358 0.000399249
1359 0.000399249
1360 0.000399249
1361 0.000339362
1362 0.000339362
1363 0.000339362
1364 0.000339362
1365 0.000339362
1366 0.000339362
1367 0.000339362
1368 0.000339362
1369 0.000339362
1370 0.000339362
1371 0.000339362
1372 0.000339362
1373 0.000339362
1374 0.000339362
1375 0.000339362
1376 0.000339362
1377 0.0003194
1378 0.0003194
1379 0.0003194
1380 0.0003194
1381 0.0003194
1382 0.0003194
1383 0.0003194
1384 0.0003194
1385 0.000299437
1386 0.000299437
1387 0.000299437
1388 0.000299437
1389 0.000299437
1390 0.000299437
1391 0.000299437
1392 0.000299437
1393 0.000299437
1394 0.000299437
1395 0.000299437
1396 0.000299437
1397 0.000299437
1398 0.000299437
1399 0.000299437
1400 0.000299437
1401 0.000279475
1402 0.000279475
1403 0.000279475
1404 0.000279475
1405 0.000279475
1406 0.000279475
1407 0.000279475
1408 0.000279475
1409 0.000279475
1410 0.000279475
1411 0.000279475
1412 0.000279475
1413 0.000279475
1414 0.000279475
1415 0.000279475
1416 0.000279475
1417 0.000279475
1418 0.000279475
1419 0.000279475
1420 0.000279475
1421 0.000279475
1422 0.000279475
1423 0.000279475
1424 0.000279475
1425 0.000279475
1426 0.000279475
1427 0.000279475
1428 0.000279475
1429 0.000279475
1430 0.000279475
1431 0.000279475
1432 0.000279475
1433 0.000259512
1434 0.000259512
1435 0.000259512
1436 0.000259512
1437 0.000259512
1438 0.000259512
1439 0.000259512
1440 0.000259512
1441 0.000259512
1442 0.000259512
1443 0.000259512
1444 0.000259512
1445 0.000259512
1446 0.000259512
1447 0.000259512
1448 0.000259512
1449 0.00023955
1450 0.00023955
1451 0.00023955
1452 0.00023955
1453 0.00023955
1454 0.00023955
1455 0.00023955
1456 0.00023955
1457 0.00023955
1458 0.00023955
1459 0.00023955
1460 0.00023955
1461 0.00023955
1462 0.00023955
1463 0.00023955
1464 0.00023955
1465 0.00023955
1466 0.00023955
1467 0.00023955
1468 0.00023955
1469 0.00023955
1470 0.00023955
1471 0.00023955
1472 0.00023955
1473 0.000219587
1474 0.000219587
1475 0.000219587
1476 0.000219587
1477 0.000219587
1478 0.000219587
1479 0.000219587
1480 0.000219587
1481 0.000219587
1482 0.000219587
1483 0.000219587
1484 0.000219587
1485 0.000219587
1486 0.000219587
1487 0.000219587
1488 0.000219587
1489 0.000199625
1490 0.000199625
1491 0.000199625
1492 0.000199625
1493 0.000199625
1494 0.000199625
1495 0.000199625
1496 0.000199625
1497 0.000179662
1498 0.000179662
1499 0.000179662
1500 0.000179662
1501 0.000179662
1502 0.000179662
1503 0.000179662
1504 0.000179662
1505 0.0001597
1506 0.0001597
1507 0.0001597
1508 0.0001597
1509 0.0001597
1510 0.0001597
1511 0.0001597
1512 0.0001597
1513 0.000139737
1514 0.000139737
1515 0.000139737
1516 0.000139737
1517 0.000139737
1518 0.000139737
1519 0.000139737
1520 0.000139737
1521 0.000139737
1522 0.000139737
1523 0.000139737
1524 0.000139737
1525 0.000139737
1526 0.000139737
1527 0.000139737
1528 0.000139737
1529 0.000119775
1530 0.000119775
1531 0.000119775
1532 0.000119775
1533 0.000119775
1534 0.000119775
1535 0.000119775
1536 0.000119775
1537 0.000119775
1538 0.000119775
1539 0.000119775
1540 0.000119775
1541 0.000119775
1542 0.000119775
1543 0.000119775
1544 0.000119775
1545 0.000119775
1546 0.000119775
1547 0.000119775
1548 0.000119775
1549 0.000119775
1550 0.000119775
1551 0.000119775
1552 0.000119775
1553 0.000119775
1554 0.000119775
1555 0.000119775
1556 0.000119775
1557 0.000119775
1558 0.000119775
1559 0.000119775
1560 0.000119775
1561 0.000119775
1562 0.000119775
1563 0.000119775
1564 0.000119775
1565 0.000119775
1566 0.000119775
1567 0.000119775
1568 0.000119775
1569 0.000119775
1570 0.000119775
1571 0.000119775
1572 0.000119775
1573 0.000119775
1574 0.000119775
1575 0.000119775
1576 0.000119775
1577 0.000119775
1578 0.000119775
1579 0.000119775
1580 0.000119775
1581 0.000119775
1582 0.000119775
1583 0.000119775
1584 0.000119775
1585 0.000119775
1586 0.000119775
1587 0.000119775
1588 0.000119775
1589 0.000119775
1590 0.000119775
1591 0.000119775
1592 0.000119775
1593 9.98124e-05
1594 9.98124e-05
1595 9.98124e-05
1596 9.98124e-05
1597 9.98124e-05
1598 9.98124e-05
1599 9.98124e-05
1600 9.98124e-05
1601 9.98124e-05
1602 9.98124e-05
1603 9.98124e-05
1604 9.98124e-05
1605 9.98124e-05
1606 9.98124e-05
1607 9.98124e-05
1608 9.98124e-05
1609 9.98124e-05
1610 9.98124e-05
1611 9.98124e-05
1612 9.98124e-05
1613 9.98124e-05
1614 9.98124e-05
1615 9.98124e-05
1616 9.98124e-05
1617 9.98124e-05
1618 9.98124e-05
1619 9.98124e-05
1620 9.98124e-05
1621 9.98124e-05
1622 9.98124e-05
1623 9.98124e-05
1624 9.98124e-05
1625 7.98499e-05
1626 7.98499e-05
1627 7.98499e-05
1628 7.98499e-05
1629 7.98499e-05
1630 7.98499e-05
1631 7.98499e-05
1632 7.98499e-05
1633 7.98499e-05
1634 7.98499e-05
1635 7.98499e-05
1636 7.98499e-05
1637 7.98499e-05
1638 7.98499e-05
1639 7.98499e-05
1640 7.98499e-05
1641 7.98499e-05
1642 7.98499e-05
1643 7.98499e-05
1644 7.98499e-05
1645 7.98499e-05
1646 7.98499e-05
1647 7.98499e-05
1648 7.98499e-05
1649 7.98499e-05
1650 7.98499e-05
1651 7.98499e-05
1652 7.98499e-05
1653 7.98499e-05
1654 7.98499e-05
1655 7.98499e-05
1656 7.98499e-05
1657 7.98499e-05
1658 7.98499e-05
1659 7.98499e-05
1660 7.98499e-05
1661 7.98499e-05
1662 7.98499e-05
1663 7.98499e-05
1664 7.98499e-05
1665 7.98499e-05
1666 7.98499e-05
1667 7.98499e-05
1668 7.98499e-05
1669 7.98499e-05
1670 7.98499e-05
1671 7.98499e-05
1672 7.98499e-05
1673 7.98499e-05
1674 7.98499e-05
1675 7.98499e-05
1676 7.98499e-05
1677 7.98499e-05
1678 7.98499e-05
1679 7.98499e-05
1680 7.98499e-05
1681 7.98499e-05
1682 7.98499e-05
1683 7.98499e-05
1684 7.98499e-05
1685 7.98499e-05
1686 7.98499e-05
1687 7.98499e-05
1688 7.98499e-05
1689 7.98499e-05
1690 7.98499e-05
1691 7.98499e-05
1692 7.98499e-05
1693 7.98499e-05
1694 7.98499e-05
1695 7.98499e-05
1696 7.98499e-05
1697 7.98499e-05
1698 7.98499e-05
1699 7.98499e-05
1700 7.98499e-05
1701 7.98499e-05
1702 7.98499e-05
1703 7.98499e-05
1704 7.98499e-05
1705 7.98499e-05
1706 7.98499e-05
1707 7.98499e-05
1708 7.98499e-05
1709 7.98499e-05
1710 7.98499e-05
1711 7.98499e-05
1712 7.98499e-05
1713 7.98499e-05
1714 7.98499e-05
1715 7.98499e-05
1716 7.98499e-05
1717 7.98499e-05
1718 7.98499e-05
1719 7.98499e-05
1720 7.98499e-05
1721 7.98499e-05
1722 7.98499e-05
1723 7.98499e-05
1724 7.98499e-05
1725 7.98499e-05
1726 7.98499e-05
1727 7.98499e-05
1728 7.98499e-05
1729 7.98499e-05
1730 7.98499e-05
1731 7.98499e-05
1732 7.98499e-05
1733 7.98499e-05
1734 7.98499e-05
1735 7.98499e-05
1736 7.98499e-05
1737 7.98499e-05
1738 7.98499e-05
1739 7.98499e-05
1740 7.98499e-05
1741 7.98499e-05
1742 7.98499e-05
1743 7.98499e-05
1744 7.98499e-05
1745 7.98499e-05
1746 7.98499e-05
1747 7.98499e-05
1748 7.98499e-05
1749 7.98499e-05
1750 7.98499e-05
1751 7.98499e-05
1752 7.98499e-05
1753 7.98499e-05
1754 7.98499e-05
1755 7.98499e-05
1756 7.98499e-05
1757 7.98499e-05
1758 7.98499e-05
1759 7.98499e-05
1760 7.98499e-05
1761 5.98874e-05
1762 5.98874e-05
1763 5.98874e-05
1764 5.98874e-05
1765 5.98874e-05
1766 5.98874e-05
1767 5.98874e-05
1768 5.98874e-05
1769 5.98874e-05
1770 5.98874e-05
1771 5.98874e-05
1772 5.98874e-05
1773 5.98874e-05
1774 5.98874e-05
1775 5.98874e-05
1776 5.98874e-05
1777 5.98874e-05
1778 5.98874e-05
1779 5.98874e-05
1780 5.98874e-05
1781 5.98874e-05
1782 5.98874e-05
1783 5.98874e-05
1784 5.98874e-05
1785 5.98874e-05
1786 5.98874e-05
1787 5.98874e-05
1788 5.98874e-05
1789 5.98874e-05
1790 5.98874e-05
1791 5.98874e-05
1792 5.98874e-05
1793 5.98874e-05
1794 5.98874e-05
1795 5.98874e-05
1796 5.98874e-05
1797 5.98874e-05
1798 5.98874e-05
1799 5.98874e-05
1800 5.98874e-05
1801 5.98874e-05
1802 5.98874e-05
1803 5.98874e-05
1804 5.98874e-05
1805 5.98874e-05
1806 5.98874e-05
1807 5.98874e-05
1808 5.98874e-05
1809 5.98874e-05
1810 5.98874e-05
1811 5.98874e-05
1812 5.98874e-05
1813 5.98874e-05
1814 5.98874e-05
1815 5.98874e-05
1816 5.98874e-05
1817 5.98874e-05
1818 5.98874e-05
1819 5.98874e-05
1820 5.98874e-05
1821 5.98874e-05
1822 5.98874e-05
1823 5.98874e-05
1824 5.98874e-05
1825 5.98874e-05
1826 5.98874e-05
1827 5.98874e-05
1828 5.98874e-05
1829 5.98874e-05
1830 5.98874e-05
1831 5.98874e-05
1832 5.98874e-05
1833 5.98874e-05
1834 5.98874e-05
1835 5.98874e-05
1836 5.98874e-05
1837 5.98874e-05
1838 5.98874e-05
1839 5.98874e-05
1840 5.98874e-05
1841 5.98874e-05
1842 5.98874e-05
1843 5.98874e-05
1844 5.98874e-05
1845 5.98874e-05
1846 5.98874e-05
1847 5.98874e-05
1848 5.98874e-05
1849 5.98874e-05
1850 5.98874e-05
1851 5.98874e-05
1852 5.98874e-05
1853 5.98874e-05
1854 5.98874e-05
1855 5.98874e-05
1856 5.98874e-05
1857 5.98874e-05
1858 5.98874e-05
1859 5.98874e-05
1860 5.98874e-05
1861 5.98874e-05
1862 5.98874e-05
1863 5.98874e-05
1864 5.98874e-05
1865 5.98874e-05
1866 5.98874e-05
1867 5.98874e-05
1868 5.98874e-05
1869 5.98874e-05
1870 5.98874e-05
1871 5.98874e-05
1872 5.98874e-05
1873 5.98874e-05
1874 5.98874e-05
1875 5.98874e-05
1876 5.98874e-05
1877 5.98874e-05
1878 5.98874e-05
1879 5.98874e-05
1880 5.98874e-05
1881 5.98874e-05
1882 5.98874e-05
1883 5.98874e-05
1884 5.98874e-05
1885 5.98874e-05
1886 5.98874e-05
1887 5.98874e-05
1888 5.98874e-05
1889 5.98874e-05
1890 5.98874e-05
1891 5.98874e-05
1892 5.98874e-05
1893 5.98874e-05
1894 5.98874e-05
1895 5.98874e-05
1896 5.98874e-05
1897 5.98874e-05
1898 5.98874e-05
1899 5.98874e-05
1900 5.98874e-05
1901 5.98874e-05
1902 5.98874e-05
1903 5.98874e-05
1904 5.98874e-05
1905 5.98874e-05
1906 5.98874e-05
1907 5.98874e-05
1908 5.98874e-05
1909 5.98874e-05
1910 5.98874e-05
1911 5.98874e-05
1912 5.98874e-05
1913 5.98874e-05
1914 5.98874e-05
1915 5.98874e-05
1916 5.98874e-05
1917 5.98874e-05
1918 5.98874e-05
1919 5.98874e-05
1920 5.98874e-05
1921 5.98874e-05
1922 5.98874e-05
1923 5.98874e-05
1924 5.98874e-05
1925 5.98874e-05
1926 5.98874e-05
1927 5.98874e-05
1928 5.98874e-05
1929 5.98874e-05
1930 5.98874e-05
1931 5.98874e-05
1932 5.98874e-05
1933 5.98874e-05
1934 5.98874e-05
1935 5.98874e-05
1936 5.98874e-05
1937 5.98874e-05
1938 5.98874e-05
1939 5.98874e-05
1940 5.98874e-05
1941 5.98874e-05
1942 5.98874e-05
1943 5.98874e-05
1944 5.98874e-05
1945 5.98874e-05
1946 5.98874e-05
1947 5.98874e-05
1948 5.98874e-05
1949 5.98874e-05
1950 5.98874e-05
1951 5.98874e-05
1952 5.98874e-05
1953 5.98874e-05
1954 5.98874e-05
1955 5.98874e-05
1956 5.98874e-05
1957 5.98874e-05
1958 5.98874e-05
1959 5.98874e-05
1960 5.98874e-05
1961 5.98874e-05
1962 5.98874e-05
1963 5.98874e-05
1964 5.98874e-05
1965 5.98874e-05
1966 5.98874e-05
1967 5.98874e-05
1968 5.98874e-05
1969 5.98874e-05
1970 5.98874e-05
1971 5.98874e-05
1972 5.98874e-05
1973 5.98874e-05
1974 5.98874e-05
1975 5.98874e-05
1976 5.98874e-05
1977 5.98874e-05
1978 5.98874e-05
1979 5.98874e-05
1980 5.98874e-05
1981 5.98874e-05
1982 5.98874e-05
1983 5.98874e-05
1984 5.98874e-05
1985 5.98874e-05
1986 5.98874e-05
1987 5.98874e-05
1988 5.98874e-05
1989 5.98874e-05
1990 5.98874e-05
1991 5.98874e-05
1992 5.98874e-05
1993 5.98874e-05
1994 5.98874e-05
1995 5.98874e-05
1996 5.98874e-05
1997 5.98874e-05
1998 5.98874e-05
1999 5.98874e-05
2000 5.98874e-05
2001 5.98874e-05
2002 5.98874e-05
2003 5.98874e-05
2004 5.98874e-05
2005 5.98874e-05
2006 5.98874e-05
2007 5.98874e-05
2008 5.98874e-05
2009 5.98874e-05
2010 5.98874e-05
2011 5.98874e-05
2012 5.98874e-05
2013 5.98874e-05
2014 5.98874e-05
2015 5.98874e-05
2016 5.98874e-05
2017 5.98874e-05
2018 5.98874e-05
2019 5.98874e-05
2020 5.98874e-05
2021 5.98874e-05
2022 5.98874e-05
2023 5.98874e-05
2024 5.98874e-05
2025 5.98874e-05
2026 5.98874e-05
2027 5.98874e-05
2028 5.98874e-05
2029 5.98874e-05
2030 5.98874e-05
2031 5.98874e-05
2032 5.98874e-05
2033 5.98874e-05
2034 5.98874e-05
2035 5.98874e-05
2036 5.98874e-05
2037 5.98874e-05
2038 5.98874e-05
2039 5.98874e-05
2040 5.98874e-05
2041 5.98874e-05
2042 5.98874e-05
2043 5.98874e-05
2044 5.98874e-05
2045 5.98874e-05
2046 5.98874e-05
2047 5.98874e-05
2048 5.98874e-05
2049 5.98874e-05
2050 5.98874e-05
2051 5.98874e-05
2052 5.98874e-05
2053 5.98874e-05
2054 5.98874e-05
2055 5.98874e-05
2056 5.98874e-05
2057 5.98874e-05
2058 5.98874e-05
2059 5.98874e-05
2060 5.98874e-05
2061 5.98874e-05
2062 5.98874e-05
2063 5.98874e-05
2064 5.98874e-05
2065 5.98874e-05
2066 5.98874e-05
2067 5.98874e-05
2068 5.98874e-05
2069 5.98874e-05
2070 5.98874e-05
2071 5.98874e-05
2072 5.98874e-05
2073 5.98874e-05
2074 5.98874e-05
2075 5.98874e-05
2076 5.98874e-05
2077 5.98874e-05
2078 5.98874e-05
2079 5.98874e-05
2080 5.98874e-05
2081 5.98874e-05
2082 5.98874e-05
2083 5.98874e-05
2084 5.98874e-05
2085 5.98874e-05
2086 5.98874e-05
2087 5.98874e-05
2088 5.98874e-05
2089 5.98874e-05
2090 5.98874e-05
2091 5.98874e-05
2092 5.98874e-05
2093 5.98874e-05
2094 5.98874e-05
2095 5.98874e-05
2096 5.98874e-05
2097 5.98874e-05
2098 5.98874e-05
2099 5.98874e-05
2100 5.98874e-05
2101 5.98874e-05
2102 5.98874e-05
2103 5.98874e-05
2104 5.98874e-05
2105 5.98874e-05
2106 5.98874e-05
2107 5.98874e-05
2108 5.98874e-05
2109 5.98874e-05
2110 5.98874e-05
2111 5.98874e-05
2112 5.98874e-05
2113 5.98874e-05
2114 5.98874e-05
2115 5.98874e-05
2116 5.98874e-05
2117 5.98874e-05
2118 5.98874e-05
2119 5.98874e-05
2120 5.98874e-05
2121 3.99249e-05
2122 3.99249e-05
2123 3.99249e-05
2124 3.99249e-05
2125 3.99249e-05
2126 3.99249e-05
2127 3.99249e-05
2128 3.99249e-05
2129 3.99249e-05
2130 3.99249e-05
2131 3.99249e-05
2132 3.99249e-05
2133 3.99249e-05
2134 3.99249e-05
2135 3.99249e-05
2136 3.99249e-05
2137 3.99249e-05
2138 3.99249e-05
2139 3.99249e-05
2140 3.99249e-05
2141 3.99249e-05
2142 3.99249e-05
2143 3.99249e-05
2144 3.99249e-05
2145 3.99249e-05
2146 3.99249e-05
2147 3.99249e-05
2148 3.99249e-05
2149 3.99249e-05
2150 3.99249e-05
2151 3.99249e-05
2152 3.99249e-05
2153 3.99249e-05
2154 3.99249e-05
2155 3.99249e-05
2156 3.99249e-05
2157 3.99249e-05
2158 3.99249e-05
2159 3.99249e-05
2160 3.99249e-05
2161 3.99249e-05
2162 3.99249e-05
2163 3.99249e-05
2164 3.99249e-05
2165 3.99249e-05
2166 3.99249e-05
2167 3.99249e-05
2168 3.99249e-05
2169 3.99249e-05
2170 3.99249e-05
2171 3.99249e-05
2172 3.99249e-05
2173 3.99249e-05
2174 3.99249e-05
2175 3.99249e-05
2176 3.99249e-05
2177 1.99625e-05
2178 1.99625e-05
2179 1.99625e-05
2180 1.99625e-05
2181 1.99625e-05
2182 1.99625e-05
2183 1.99625e-05
2184 1.99625e-05
2185 1.99625e-05
2186 1.99625e-05
2187 1.99625e-05
2188 1.99625e-05
2189 1.99625e-05
2190 1.99625e-05
2191 1.99625e-05
2192 1.99625e-05
2193 1.99625e-05
2194 1.99625e-05
2195 1.99625e-05
2196 1.99625e-05
2197 1.99625e-05
2198 1.99625e-05
2199 1.99625e-05
2200 1.99625e-05
2201 1.99625e-05
2202 1.99625e-05
2203 1.99625e-05
2204 1.99625e-05
2205 1.99625e-05
2206 1.99625e-05
2207 1.99625e-05
2208 1.99625e-05
2209 1.99625e-05
2210 1.99625e-05
2211 1.99625e-05
2212 1.99625e-05
2213 1.99625e-05
2214 1.99625e-05
2215 1.99625e-05
2216 1.99625e-05
2217 1.99625e-05
2218 1.99625e-05
2219 1.99625e-05
2220 1.99625e-05
2221 1.99625e-05
2222 1.99625e-05
2223 1.99625e-05
2224 1.99625e-05
2225 1.99625e-05
2226 1.99625e-05
2227 1.99625e-05
2228 1.99625e-05
2229 1.99625e-05
2230 1.99625e-05
2231 1.99625e-05
2232 1.99625e-05
2233 1.99625e-05
2234 1.99625e-05
2235 1.99625e-05
2236 1.99625e-05
2237 1.99625e-05
2238 1.99625e-05
2239 1.99625e-05
2240 1.99625e-05
2241 1.99625e-05
2242 1.99625e-05
2243 1.99625e-05
2244 1.99625e-05
2245 1.99625e-05
2246 1.99625e-05
2247 1.99625e-05
2248 1.99625e-05
2249 1.99625e-05
2250 1.99625e-05
2251 1.99625e-05
2252 1.99625e-05
2253 1.99625e-05
2254 1.99625e-05
2255 1.99625e-05
2256 1.99625e-05
2257 1.99625e-05
2258 1.99625e-05
2259 1.99625e-05
2260 1.99625e-05
2261 1.99625e-05
2262 1.99625e-05
2263 1.99625e-05
2264 1.99625e-05
2265 1.99625e-05
2266 1.99625e-05
2267 1.99625e-05
2268 1.99625e-05
2269 1.99625e-05
2270 1.99625e-05
2271 1.99625e-05
2272 1.99625e-05
2273 1.99625e-05
2274 1.99625e-05
2275 1.99625e-05
2276 1.99625e-05
2277 1.99625e-05
2278 1.99625e-05
2279 1.99625e-05
2280 1.99625e-05
2281 1.99625e-05
2282 1.99625e-05
2283 1.99625e-05
2284 1.99625e-05
2285 1.99625e-05
2286 1.99625e-05
2287 1.99625e-05
2288 1.99625e-05
2289 1.99625e-05
2290 1.99625e-05
2291 1.99625e-05
2292 1.99625e-05
2293 1.99625e-05
2294 1.99625e-05
2295 1.99625e-05
2296 1.99625e-05
2297 1.99625e-05
2298 1.99625e-05
2299 1.99625e-05
2300 1.99625e-05
2301 1.99625e-05
2302 1.99625e-05
2303 1.99625e-05
2304 1.99625e-05
2305 1.99625e-05
2306 1.99625e-05
2307 1.99625e-05
2308 1.99625e-05
2309 1.99625e-05
2310 1.99625e-05
2311 1.99625e-05
2312 1.99625e-05
2313 1.99625e-05
2314 1.99625e-05
2315 1.99625e-05
2316 1.99625e-05
2317 1.99625e-05
2318 1.99625e-05
2319 1.99625e-05
2320 1.99625e-05
2321 1.99625e-05
2322 1.99625e-05
2323 1.99625e-05
2324 1.99625e-05
2325 1.99625e-05
2326 1.99625e-05
2327 1.99625e-05
2328 1.99625e-05
2329 1.99625e-05
2330 1.99625e-05
2331 1.99625e-05
2332 1.99625e-05
2333 1.99625e-05
2334 1.99625e-05
2335 1.99625e-05
2336 1.99625e-05
2337 1.99625e-05
2338 1.99625e-05
2339 1.99625e-05
2340 1.99625e-05
2341 1.99625e-05
2342 1.99625e-05
2343 1.99625e-05
2344 1.99625e-05
2345 1.99625e-05
2346 1.99625e-05
2347 1.99625e-05
2348 1.99625e-05
2349 1.99625e-05
2350 1.99625e-05
2351 1.99625e-05
2352 1.99625e-05
2353 1.99625e-05
2354 1.99625e-05
2355 1.99625e-05
2356 1.99625e-05
2357 1.99625e-05
2358 1.99625e-05
2359 1.99625e-05
2360 1.99625e-05
2361 1.99625e-05
2362 1.99625e-05
2363 1.99625e-05
2364 1.99625e-05
2365 1.99625e-05
2366 1.99625e-05
2367 1.99625e-05
2368 1.99625e-05
2369 1.99625e-05
2370 1.99625e-05
2371 1.99625e-05
2372 1.99625e-05
2373 1.99625e-05
2374 1.99625e-05
2375 1.99625e-05
2376 1.99625e-05
2377 1.99625e-05
2378 1.99625e-05
2379 1.99625e-05
2380 1.99625e-05
2381 1.99625e-05
2382 1.99625e-05
2383 1.99625e-05
2384 1.99625e-05
2385 1.99625e-05
2386 1.99625e-05
2387 1.99625e-05
2388 1.99625e-05
2389 1.99625e-05
2390 1.99625e-05
2391 1.99625e-05
2392 1.99625e-05
2393 1.99625e-05
2394 1.99625e-05
2395 1.99625e-05
2396 1.99625e-05
2397 1.99625e-05
2398 1.99625e-05
2399 1.99625e-05
2400 1.99625e-05
2401 1.99625e-05
2402 1.99625e-05
2403 1.99625e-05
2404 1.99625e-05
2405 1.99625e-05
2406 1.99625e-05
2407 1.99625e-05
2408 1.99625e-05
2409 1.99625e-05
2410 1.99625e-05
2411 1.99625e-05
2412 1.99625e-05
2413 1.99625e-05
2414 1.99625e-05
2415 1.99625e-05
2416 1.99625e-05
2417 1.99625e-05
2418 1.99625e-05
2419 1.99625e-05
2420 1.99625e-05
2421 1.99625e-05
2422 1.99625e-05
2423 1.99625e-05
2424 1.99625e-05
2425 1.99625e-05
2426 1.99625e-05
2427 1.99625e-05
2428 1.99625e-05
2429 1.99625e-05
2430 1.99625e-05
2431 1.99625e-05
2432 1.99625e-05
2433 1.99625e-05
2434 1.99625e-05
2435 1.99625e-05
2436 1.99625e-05
2437 1.99625e-05
2438 1.99625e-05
2439 1.99625e-05
2440 1.99625e-05
2441 1.99625e-05
2442 1.99625e-05
2443 1.99625e-05
2444 1.99625e-05
2445 1.99625e-05
2446 1.99625e-05
2447 1.99625e-05
2448 1.99625e-05
2449 1.99625e-05
2450 1.99625e-05
2451 1.99625e-05
2452 1.99625e-05
2453 1.99625e-05
2454 1.99625e-05
2455 1.99625e-05
2456 1.99625e-05
2457 1.99625e-05
2458 1.99625e-05
2459 1.99625e-05
2460 1.99625e-05
2461 1.99625e-05
2462 1.99625e-05
2463 1.99625e-05
2464 1.99625e-05
2465 1.99625e-05
2466 1.99625e-05
2467 1.99625e-05
2468 1.99625e-05
2469 1.99625e-05
2470 1.99625e-05
2471 1.99625e-05
2472 1.99625e-05
2473 1.99625e-05
2474 1.99625e-05
2475 1.99625e-05
2476 1.99625e-05
2477 1.99625e-05
2478 1.99625e-05
2479 1.99625e-05
2480 1.99625e-05
2481 1.99625e-05
2482 1.99625e-05
2483 1.99625e-05
2484 1.99625e-05
2485 1.99625e-05
2486 1.99625e-05
2487 1.99625e-05
2488 1.99625e-05
