0 1
1 1
2 1
3 1
4 1
5 1
6 1
7 1
8 1
9 0.850948
10 0.850948
11 0.850948
12 0.850948
13 0.850948
14 0.850948
15 0.850898
16 0.850898
17 0.806688
18 0.806688
19 0.806688
20 0.806688
21 0.806688
22 0.806688
23 0.806688
24 0.806688
25 0.764464
26 0.764464
27 0.764464
28 0.764464
29 0.764464
30 0.764464
31 0.764315
32 0.764315
33 0.726109
34 0.726109
35 0.726109
36 0.726109
37 0.726109
38 0.726109
39 0.726059
40 0.726059
41 0.688995
42 0.688995
43 0.688995
44 0.688995
45 0.688995
46 0.688995
47 0.688945
48 0.688945
49 0.655155
50 0.655155
51 0.655155
52 0.655155
53 0.655155
54 0.655155
55 0.655056
56 0.655056
57 0.620919
58 0.620919
59 0.620919
60 0.620919
61 0.620919
62 0.620919
63 0.62082
64 0.62082
65 0.587278
66 0.587278
67 0.587278
68 0.587278
69 0.587278
70 0.587278
71 0.587129
72 0.587129
73 0.55711
74 0.55711
75 0.55711
76 0.55711
77 0.55711
78 0.55711
79 0.557011
80 0.557011
81 0.525007
82 0.525007
83 0.525007
84 0.525007
85 0.525007
86 0.525007
87 0.524859
88 0.524859
89 0.49355
90 0.49355
91 0.49355
92 0.49355
93 0.49355
94 0.49355
95 0.493351
96 0.493351
97 0.465267
98 0.465267
99 0.465267
100 0.465267
101 0.465267
102 0.465267
103 0.465218
104 0.465218
105 0.438176
106 0.438176
107 0.438176
108 0.438176
109 0.438176
110 0.438176
111 0.438077
112 0.438077
113 0.415352
114 0.415352
115 0.415352
116 0.415352
117 0.415352
118 0.415352
119 0.415104
120 0.415104
121 0.393073
122 0.393073
123 0.393073
124 0.393073
125 0.393073
126 0.393073
127 0.393024
128 0.393024
129 0.369108
130 0.369108
131 0.369108
132 0.369108
133 0.369108
134 0.369108
135 0.369108
136 0.369108
137 0.349707
138 0.349707
139 0.349707
140 0.349707
141 0.349707
142 0.349707
143 0.349658
144 0.349658
145 0.330803
146 0.330803
147 0.330803
148 0.330803
149 0.330803
150 0.330803
151 0.330753
152 0.330753
153 0.313536
154 0.313536
155 0.313536
156 0.313536
157 0.313536
158 0.313536
159 0.313437
160 0.313437
161 0.296021
162 0.296021
163 0.296021
164 0.296021
165 0.296021
166 0.296021
167 0.295971
168 0.295971
169 0.278803
170 0.278803
171 0.278803
172 0.278803
173 0.278803
174 0.278803
175 0.278803
176 0.278803
177 0.264612
178 0.264612
179 0.264612
180 0.264612
181 0.264612
182 0.264612
183 0.264513
184 0.264513
185 0.250074
186 0.250074
187 0.250074
188 0.250074
189 0.250074
190 0.250074
191 0.250074
192 0.250074
193 0.23638
194 0.23638
195 0.23638
196 0.23638
197 0.23638
198 0.23638
199 0.23638
200 0.23638
201 0.225117
202 0.225117
203 0.225117
204 0.225117
205 0.225117
206 0.225117
207 0.225117
208 0.225117
209 0.213407
210 0.213407
211 0.213407
212 0.213407
213 0.213407
214 0.213407
215 0.213407
216 0.213407
217 0.201498
218 0.201498
219 0.201498
220 0.201498
221 0.201498
222 0.201498
223 0.201399
224 0.201399
225 0.190384
226 0.190384
227 0.190384
228 0.190384
229 0.190384
230 0.190384
231 0.190384
232 0.190384
233 0.180411
234 0.180411
235 0.180411
236 0.180411
237 0.180411
238 0.180411
239 0.180361
240 0.180361
241 0.170983
242 0.170983
243 0.170983
244 0.170983
245 0.170983
246 0.170983
247 0.170785
248 0.170785
249 0.162052
250 0.162052
251 0.162052
252 0.162052
253 0.162052
254 0.162052
255 0.162003
256 0.162003
257 0.154361
258 0.154361
259 0.154361
260 0.154361
261 0.154361
262 0.154361
263 0.154213
264 0.154213
265 0.147564
266 0.147564
267 0.147564
268 0.147564
269 0.147564
270 0.147564
271 0.147514
272 0.147514
273 0.141113
274 0.141113
275 0.141113
276 0.141113
277 0.141113
278 0.141113
279 0.141064
280 0.141064
281 0.133522
282 0.133522
283 0.133522
284 0.133522
285 0.133522
286 0.133522
287 0.133472
288 0.133472
289 0.127022
290 0.127022
291 0.127022
292 0.127022
293 0.127022
294 0.127022
295 0.127022
296 0.127022
297 0.120522
298 0.120522
299 0.120522
300 0.120522
301 0.120522
302 0.120522
303 0.120472
304 0.120472
305 0.115461
306 0.115461
307 0.115461
308 0.115461
309 0.115461
310 0.115461
311 0.115411
312 0.115411
313 0.109259
314 0.109259
315 0.109259
316 0.109259
317 0.109259
318 0.109259
319 0.109259
320 0.109259
321 0.104495
322 0.104495
323 0.104495
324 0.104495
325 0.104495
326 0.104495
327 0.104495
328 0.104495
329 0.0998313
330 0.0998313
331 0.0998313
332 0.0998313
333 0.0998313
334 0.0998313
335 0.0997817
336 0.0997817
337 0.0958619
338 0.0958619
339 0.0958619
340 0.0958619
341 0.0958619
342 0.0958619
343 0.0958619
344 0.0958619
345 0.0911978
346 0.0911978
347 0.0911978
348 0.0911978
349 0.0911978
350 0.0911978
351 0.0910985
352 0.0910985
353 0.0866329
354 0.0866329
355 0.0866329
356 0.0866329
357 0.0866329
358 0.0866329
359 0.0866329
360 0.0866329
361 0.0837055
362 0.0837055
363 0.0837055
364 0.0837055
365 0.0837055
366 0.0837055
367 0.0836062
368 0.0836062
369 0.0792895
370 0.0792895
371 0.0792895
372 0.0792895
373 0.0792895
374 0.0792895
375 0.0792895
376 0.0792895
377 0.0754689
378 0.0754689
379 0.0754689
380 0.0754689
381 0.0754689
382 0.0754689
383 0.0754193
384 0.0754193
385 0.0715491
386 0.0715491
387 0.0715491
388 0.0715491
389 0.0715491
390 0.0715491
391 0.0714995
392 0.0714995
393 0.0689193
394 0.0689193
395 0.0689193
396 0.0689193
397 0.0689193
398 0.0689193
399 0.0689193
400 0.0689193
401 0.0660415
402 0.0660415
403 0.0660415
404 0.0660415
405 0.0660415
406 0.0660415
407 0.0659422
408 0.0659422
409 0.0628163
410 0.0628163
411 0.0628163
412 0.0628163
413 0.0628163
414 0.0628163
415 0.0628163
416 0.0628163
417 0.0600377
418 0.0600377
419 0.0600377
420 0.0600377
421 0.0600377
422 0.0600377
423 0.0599881
424 0.0599881
425 0.0572095
426 0.0572095
427 0.0572095
428 0.0572095
429 0.0572095
430 0.0572095
431 0.0572095
432 0.0572095
433 0.054679
434 0.054679
435 0.054679
436 0.054679
437 0.054679
438 0.054679
439 0.054679
440 0.054679
441 0.0523965
442 0.0523965
443 0.0523965
444 0.0523965
445 0.0523965
446 0.0523965
447 0.0523469
448 0.0523469
449 0.0503126
450 0.0503126
451 0.0503126
452 0.0503126
453 0.0503126
454 0.0503126
455 0.0503126
456 0.0503126
457 0.0477325
458 0.0477325
459 0.0477325
460 0.0477325
461 0.0477325
462 0.0477325
463 0.0476828
464 0.0476828
465 0.0455989
466 0.0455989
467 0.0455989
468 0.0455989
469 0.0455989
470 0.0455989
471 0.0455989
472 0.0455989
473 0.0434653
474 0.0434653
475 0.0434653
476 0.0434653
477 0.0434653
478 0.0434653
479 0.0434157
480 0.0434157
481 0.0419272
482 0.0419272
483 0.0419272
484 0.0419272
485 0.0419272
486 0.0419272
487 0.0419272
488 0.0419272
489 0.0402401
490 0.0402401
491 0.0402401
492 0.0402401
493 0.0402401
494 0.0402401
495 0.0402401
496 0.0402401
497 0.0387516
498 0.0387516
499 0.0387516
500 0.0387516
501 0.0387516
502 0.0387516
503 0.0387516
504 0.0387516
505 0.0370646
506 0.0370646
507 0.0370646
508 0.0370646
509 0.0370646
510 0.0370646
511 0.0370646
512 0.0370646
513 0.0354768
514 0.0354768
515 0.0354768
516 0.0354768
517 0.0354768
518 0.0354768
519 0.0354768
520 0.0354768
521 0.0337898
522 0.0337898
523 0.0337898
524 0.0337898
525 0.0337898
526 0.0337898
527 0.0337898
528 0.0337898
529 0.0323013
530 0.0323013
531 0.0323013
532 0.0323013
533 0.0323013
534 0.0323013
535 0.0323013
536 0.0323013
537 0.0306639
538 0.0306639
539 0.0306639
540 0.0306639
541 0.0306639
542 0.0306639
543 0.0306639
544 0.0306639
545 0.0293242
546 0.0293242
547 0.0293242
548 0.0293242
549 0.0293242
550 0.0293242
551 0.0292746
552 0.0292746
553 0.0284807
554 0.0284807
555 0.0284807
556 0.0284807
557 0.0284807
558 0.0284807
559 0.0284311
560 0.0284311
561 0.0273395
562 0.0273395
563 0.0273395
564 0.0273395
565 0.0273395
566 0.0273395
567 0.0272899
568 0.0272899
569 0.0261487
570 0.0261487
571 0.0261487
572 0.0261487
573 0.0261487
574 0.0261487
575 0.0261487
576 0.0261487
577 0.0248586
578 0.0248586
579 0.0248586
580 0.0248586
581 0.0248586
582 0.0248586
583 0.0248586
584 0.0248586
585 0.0238662
586 0.0238662
587 0.0238662
588 0.0238662
589 0.0238662
590 0.0238662
591 0.0238662
592 0.0238662
593 0.0229731
594 0.0229731
595 0.0229731
596 0.0229731
597 0.0229731
598 0.0229731
599 0.0229731
600 0.0229731
601 0.021683
602 0.021683
603 0.021683
604 0.021683
605 0.021683
606 0.021683
607 0.021683
608 0.021683
609 0.0211869
610 0.0211869
611 0.0211869
612 0.0211869
613 0.0211869
614 0.0211869
615 0.0211372
616 0.0211372
617 0.0201945
618 0.0201945
619 0.0201945
620 0.0201945
621 0.0201945
622 0.0201945
623 0.0201945
624 0.0201945
625 0.0194502
626 0.0194502
627 0.0194502
628 0.0194502
629 0.0194502
630 0.0194502
631 0.0194502
632 0.0194502
633 0.0186067
634 0.0186067
635 0.0186067
636 0.0186067
637 0.0186067
638 0.0186067
639 0.0186067
640 0.0186067
641 0.0177632
642 0.0177632
643 0.0177632
644 0.0177632
645 0.0177632
646 0.0177632
647 0.0177632
648 0.0177632
649 0.0171182
650 0.0171182
651 0.0171182
652 0.0171182
653 0.0171182
654 0.0171182
655 0.0171182
656 0.0171182
657 0.0163739
658 0.0163739
659 0.0163739
660 0.0163739
661 0.0163739
662 0.0163739
663 0.0163739
664 0.0163739
665 0.01558
666 0.01558
667 0.01558
668 0.01558
669 0.01558
670 0.01558
671 0.01558
672 0.01558
673 0.014935
674 0.014935
675 0.014935
676 0.014935
677 0.014935
678 0.014935
679 0.014935
680 0.014935
681 0.0141411
682 0.0141411
683 0.0141411
684 0.0141411
685 0.0141411
686 0.0141411
687 0.0141411
688 0.0141411
689 0.0135953
690 0.0135953
691 0.0135953
692 0.0135953
693 0.0135953
694 0.0135953
695 0.0135953
696 0.0135953
697 0.0131488
698 0.0131488
699 0.0131488
700 0.0131488
701 0.0131488
702 0.0131488
703 0.0131488
704 0.0131488
705 0.0126526
706 0.0126526
707 0.0126526
708 0.0126526
709 0.0126526
710 0.0126526
711 0.0126526
712 0.0126526
713 0.012206
714 0.012206
715 0.012206
716 0.012206
717 0.012206
718 0.012206
719 0.012206
720 0.012206
721 0.0118091
722 0.0118091
723 0.0118091
724 0.0118091
725 0.0118091
726 0.0118091
727 0.0118091
728 0.0118091
729 0.011164
730 0.011164
731 0.011164
732 0.011164
733 0.011164
734 0.011164
735 0.011164
736 0.011164
737 0.0108663
738 0.0108663
739 0.0108663
740 0.0108663
741 0.0108663
742 0.0108663
743 0.0108663
744 0.0108663
745 0.0105686
746 0.0105686
747 0.0105686
748 0.0105686
749 0.0105686
750 0.0105686
751 0.0105686
752 0.0105686
753 0.0101221
754 0.0101221
755 0.0101221
756 0.0101221
757 0.0101221
758 0.0101221
759 0.0101221
760 0.0101221
761 0.00987397
762 0.00987397
763 0.00987397
764 0.00987397
765 0.00987397
766 0.00987397
767 0.00987397
768 0.00987397
769 0.00952664
770 0.00952664
771 0.00952664
772 0.00952664
773 0.00952664
774 0.00952664
775 0.00952664
776 0.00952664
777 0.00927856
778 0.00927856
779 0.00927856
780 0.00927856
781 0.00927856
782 0.00927856
783 0.00927856
784 0.00927856
785 0.00873276
786 0.00873276
787 0.00873276
788 0.00873276
789 0.00873276
790 0.00873276
791 0.00873276
792 0.00873276
793 0.0085839
794 0.0085839
795 0.0085839
796 0.0085839
797 0.0085839
798 0.0085839
799 0.00853429
800 0.00853429
801 0.00813734
802 0.00813734
803 0.00813734
804 0.00813734
805 0.00813734
806 0.00813734
807 0.00813734
808 0.00813734
809 0.00764116
810 0.00764116
811 0.00764116
812 0.00764116
813 0.00764116
814 0.00764116
815 0.00764116
816 0.00764116
817 0.00724422
818 0.00724422
819 0.00724422
820 0.00724422
821 0.00724422
822 0.00724422
823 0.00724422
824 0.00724422
825 0.00709537
826 0.00709537
827 0.00709537
828 0.00709537
829 0.00709537
830 0.00709537
831 0.00709537
832 0.00709537
833 0.00689689
834 0.00689689
835 0.00689689
836 0.00689689
837 0.00689689
838 0.00689689
839 0.00689689
840 0.00689689
841 0.00674804
842 0.00674804
843 0.00674804
844 0.00674804
845 0.00674804
846 0.00674804
847 0.00674804
848 0.00674804
849 0.0066488
850 0.0066488
851 0.0066488
852 0.0066488
853 0.0066488
854 0.0066488
855 0.0066488
856 0.0066488
857 0.0063511
858 0.0063511
859 0.0063511
860 0.0063511
861 0.0063511
862 0.0063511
863 0.00630148
864 0.00630148
865 0.00585492
866 0.00585492
867 0.00585492
868 0.00585492
869 0.00585492
870 0.00585492
871 0.00585492
872 0.00585492
873 0.00565645
874 0.00565645
875 0.00565645
876 0.00565645
877 0.00565645
878 0.00565645
879 0.00565645
880 0.00565645
881 0.00550759
882 0.00550759
883 0.00550759
884 0.00550759
885 0.00550759
886 0.00550759
887 0.00550759
888 0.00550759
889 0.00535874
890 0.00535874
891 0.00535874
892 0.00535874
893 0.00535874
894 0.00535874
895 0.00535874
896 0.00535874
897 0.00520988
898 0.00520988
899 0.00520988
900 0.00520988
901 0.00520988
902 0.00520988
903 0.00520988
904 0.00520988
905 0.00501141
906 0.00501141
907 0.00501141
908 0.00501141
909 0.00501141
910 0.00501141
911 0.00501141
912 0.00501141
913 0.0047137
914 0.0047137
915 0.0047137
916 0.0047137
917 0.0047137
918 0.0047137
919 0.0047137
920 0.0047137
921 0.00451523
922 0.00451523
923 0.00451523
924 0.00451523
925 0.00451523
926 0.00451523
927 0.00451523
928 0.00451523
929 0.00431676
930 0.00431676
931 0.00431676
932 0.00431676
933 0.00431676
934 0.00431676
935 0.00431676
936 0.00431676
937 0.00421753
938 0.00421753
939 0.00421753
940 0.00421753
941 0.00421753
942 0.00421753
943 0.00421753
944 0.00421753
945 0.00411829
946 0.00411829
947 0.00411829
948 0.00411829
949 0.00411829
950 0.00411829
951 0.00411829
952 0.00411829
953 0.00401905
954 0.00401905
955 0.00401905
956 0.00401905
957 0.00401905
958 0.00401905
959 0.00401905
960 0.00401905
961 0.00396944
962 0.00396944
963 0.00396944
964 0.00396944
965 0.00396944
966 0.00396944
967 0.00396944
968 0.00396944
969 0.0038702
970 0.0038702
971 0.0038702
972 0.0038702
973 0.0038702
974 0.0038702
975 0.0038702
976 0.0038702
977 0.00377096
978 0.00377096
979 0.00377096
980 0.00377096
981 0.00377096
982 0.00377096
983 0.00377096
984 0.00377096
985 0.00362211
986 0.00362211
987 0.00362211
988 0.00362211
989 0.00362211
990 0.00362211
991 0.00362211
992 0.00362211
993 0.00357249
994 0.00357249
995 0.00357249
996 0.00357249
997 0.00357249
998 0.00357249
999 0.00357249
1000 0.00357249
1001 0.00347326
1002 0.00347326
1003 0.00347326
1004 0.00347326
1005 0.00347326
1006 0.00347326
1007 0.00347326
1008 0.00347326
1009 0.00317555
1010 0.00317555
1011 0.00317555
1012 0.00317555
1013 0.00317555
1014 0.00317555
1015 0.00317555
1016 0.00317555
1017 0.00307631
1018 0.00307631
1019 0.00307631
1020 0.00307631
1021 0.00307631
1022 0.00307631
1023 0.00307631
1024 0.00307631
1025 0.00302669
1026 0.00302669
1027 0.00302669
1028 0.00302669
1029 0.00302669
1030 0.00302669
1031 0.00302669
1032 0.00302669
1033 0.00297708
1034 0.00297708
1035 0.00297708
1036 0.00297708
1037 0.00297708
1038 0.00297708
1039 0.00297708
1040 0.00297708
1041 0.00292746
1042 0.00292746
1043 0.00292746
1044 0.00292746
1045 0.00292746
1046 0.00292746
1047 0.00292746
1048 0.00292746
1049 0.00287784
1050 0.00287784
1051 0.00287784
1052 0.00287784
1053 0.00287784
1054 0.00287784
1055 0.00287784
1056 0.00287784
1057 0.0027786
1058 0.0027786
1059 0.0027786
1060 0.0027786
1061 0.0027786
1062 0.0027786
1063 0.0027786
1064 0.0027786
1065 0.0027786
1066 0.0027786
1067 0.0027786
1068 0.0027786
1069 0.0027786
1070 0.0027786
1071 0.0027786
1072 0.0027786
1073 0.00262975
1074 0.00262975
1075 0.00262975
1076 0.00262975
1077 0.00262975
1078 0.00262975
1079 0.00262975
1080 0.00262975
1081 0.00253051
1082 0.00253051
1083 0.00253051
1084 0.00253051
1085 0.00253051
1086 0.00253051
1087 0.00253051
1088 0.00253051
1089 0.0024809
1090 0.0024809
1091 0.0024809
1092 0.0024809
1093 0.0024809
1094 0.0024809
1095 0.0024809
1096 0.0024809
1097 0.00243128
1098 0.00243128
1099 0.00243128
1100 0.00243128
1101 0.00243128
1102 0.00243128
1103 0.00243128
1104 0.00243128
1105 0.00233204
1106 0.00233204
1107 0.00233204
1108 0.00233204
1109 0.00233204
1110 0.00233204
1111 0.00233204
1112 0.00233204
1113 0.00228243
1114 0.00228243
1115 0.00228243
1116 0.00228243
1117 0.00228243
1118 0.00228243
1119 0.00228243
1120 0.00228243
1121 0.00218319
1122 0.00218319
1123 0.00218319
1124 0.00218319
1125 0.00218319
1126 0.00218319
1127 0.00218319
1128 0.00218319
1129 0.00218319
1130 0.00218319
1131 0.00218319
1132 0.00218319
1133 0.00218319
1134 0.00218319
1135 0.00218319
1136 0.00218319
1137 0.00213357
1138 0.00213357
1139 0.00213357
1140 0.00213357
1141 0.00213357
1142 0.00213357
1143 0.00213357
1144 0.00213357
1145 0.00198472
1146 0.00198472
1147 0.00198472
1148 0.00198472
1149 0.00198472
1150 0.00198472
1151 0.00198472
1152 0.00198472
1153 0.00198472
1154 0.00198472
1155 0.00198472
1156 0.00198472
1157 0.00198472
1158 0.00198472
1159 0.00198472
1160 0.00198472
1161 0.0019351
1162 0.0019351
1163 0.0019351
1164 0.0019351
1165 0.0019351
1166 0.0019351
1167 0.0019351
1168 0.0019351
1169 0.00183586
1170 0.00183586
1171 0.00183586
1172 0.00183586
1173 0.00183586
1174 0.00183586
1175 0.00183586
1176 0.00183586
1177 0.00183586
1178 0.00183586
1179 0.00183586
1180 0.00183586
1181 0.00183586
1182 0.00183586
1183 0.00183586
1184 0.00183586
1185 0.00168701
1186 0.00168701
1187 0.00168701
1188 0.00168701
1189 0.00168701
1190 0.00168701
1191 0.00168701
1192 0.00168701
1193 0.00163739
1194 0.00163739
1195 0.00163739
1196 0.00163739
1197 0.00163739
1198 0.00163739
1199 0.00163739
1200 0.00163739
1201 0.00163739
1202 0.00163739
1203 0.00163739
1204 0.00163739
1205 0.00163739
1206 0.00163739
1207 0.00163739
1208 0.00163739
1209 0.00158777
1210 0.00158777
1211 0.00158777
1212 0.00158777
1213 0.00158777
1214 0.00158777
1215 0.00158777
1216 0.00158777
1217 0.00158777
1218 0.00158777
1219 0.00158777
1220 0.00158777
1221 0.00158777
1222 0.00158777
1223 0.00158777
1224 0.00158777
1225 0.00148854
1226 0.00148854
1227 0.00148854
1228 0.00148854
1229 0.00148854
1230 0.00148854
1231 0.00148854
1232 0.00148854
1233 0.00143892
1234 0.00143892
1235 0.00143892
1236 0.00143892
1237 0.00143892
1238 0.00143892
1239 0.00143892
1240 0.00143892
1241 0.00143892
1242 0.00143892
1243 0.00143892
1244 0.00143892
1245 0.00143892
1246 0.00143892
1247 0.00143892
1248 0.00143892
1249 0.0013893
1250 0.0013893
1251 0.0013893
1252 0.0013893
1253 0.0013893
1254 0.0013893
1255 0.0013893
1256 0.0013893
1257 0.0013893
1258 0.0013893
1259 0.0013893
1260 0.0013893
1261 0.0013893
1262 0.0013893
1263 0.0013893
1264 0.0013893
1265 0.0013893
1266 0.0013893
1267 0.0013893
1268 0.0013893
1269 0.0013893
1270 0.0013893
1271 0.0013893
1272 0.0013893
1273 0.0013893
1274 0.0013893
1275 0.0013893
1276 0.0013893
1277 0.0013893
1278 0.0013893
1279 0.0013893
1280 0.0013893
1281 0.0013893
1282 0.0013893
1283 0.0013893
1284 0.0013893
1285 0.0013893
1286 0.0013893
1287 0.0013893
1288 0.0013893
1289 0.00133968
1290 0.00133968
1291 0.00133968
1292 0.00133968
1293 0.00133968
1294 0.00133968
1295 0.00133968
1296 0.00133968
1297 0.00129007
1298 0.00129007
1299 0.00129007
1300 0.00129007
1301 0.00129007
1302 0.00129007
1303 0.00129007
1304 0.00129007
1305 0.00129007
1306 0.00129007
1307 0.00129007
1308 0.00129007
1309 0.00129007
1310 0.00129007
1311 0.00129007
1312 0.00129007
1313 0.00129007
1314 0.00129007
1315 0.00129007
1316 0.00129007
1317 0.00129007
1318 0.00129007
1319 0.00129007
1320 0.00129007
1321 0.00124045
1322 0.00124045
1323 0.00124045
1324 0.00124045
1325 0.00124045
1326 0.00124045
1327 0.00124045
1328 0.00124045
1329 0.00119083
1330 0.00119083
1331 0.00119083
1332 0.00119083
1333 0.00119083
1334 0.00119083
1335 0.00119083
1336 0.00119083
1337 0.00119083
1338 0.00119083
1339 0.00119083
1340 0.00119083
1341 0.00119083
1342 0.00119083
1343 0.00119083
1344 0.00119083
1345 0.00109159
1346 0.00109159
1347 0.00109159
1348 0.00109159
1349 0.00109159
1350 0.00109159
1351 0.00109159
1352 0.00109159
1353 0.00109159
1354 0.00109159
1355 0.00109159
1356 0.00109159
1357 0.00109159
1358 0.00109159
1359 0.00109159
1360 0.00109159
1361 0.00109159
1362 0.00109159
1363 0.00109159
1364 0.00109159
1365 0.00109159
1366 0.00109159
1367 0.00109159
1368 0.00109159
1369 0.000942741
1370 0.000942741
1371 0.000942741
1372 0.000942741
1373 0.000942741
1374 0.000942741
1375 0.000942741
1376 0.000942741
1377 0.000942741
1378 0.000942741
1379 0.000942741
1380 0.000942741
1381 0.000942741
1382 0.000942741
1383 0.000942741
1384 0.000942741
1385 0.000942741
1386 0.000942741
1387 0.000942741
1388 0.000942741
1389 0.000942741
1390 0.000942741
1391 0.000942741
1392 0.000942741
1393 0.000893123
1394 0.000893123
1395 0.000893123
1396 0.000893123
1397 0.000893123
1398 0.000893123
1399 0.000893123
1400 0.000893123
1401 0.000893123
1402 0.000893123
1403 0.000893123
1404 0.000893123
1405 0.000893123
1406 0.000893123
1407 0.000893123
1408 0.000893123
1409 0.000893123
1410 0.000893123
1411 0.000893123
1412 0.000893123
1413 0.000893123
1414 0.000893123
1415 0.000893123
1416 0.000893123
1417 0.000843505
1418 0.000843505
1419 0.000843505
1420 0.000843505
1421 0.000843505
1422 0.000843505
1423 0.000843505
1424 0.000843505
1425 0.000744269
1426 0.000744269
1427 0.000744269
1428 0.000744269
1429 0.000744269
1430 0.000744269
1431 0.000744269
1432 0.000744269
1433 0.000744269
1434 0.000744269
1435 0.000744269
1436 0.000744269
1437 0.000744269
1438 0.000744269
1439 0.000744269
1440 0.000744269
1441 0.000645033
1442 0.000645033
1443 0.000645033
1444 0.000645033
1445 0.000645033
1446 0.000645033
1447 0.000645033
1448 0.000645033
1449 0.000645033
1450 0.000645033
1451 0.000645033
1452 0.000645033
1453 0.000645033
1454 0.000645033
1455 0.000645033
1456 0.000645033
1457 0.000545797
1458 0.000545797
1459 0.000545797
1460 0.000545797
1461 0.000545797
1462 0.000545797
1463 0.000545797
1464 0.000545797
1465 0.000545797
1466 0.000545797
1467 0.000545797
1468 0.000545797
1469 0.000545797
1470 0.000545797
1471 0.000545797
1472 0.000545797
1473 0.000496179
1474 0.000496179
1475 0.000496179
1476 0.000496179
1477 0.000496179
1478 0.000496179
1479 0.000496179
1480 0.000496179
1481 0.000496179
1482 0.000496179
1483 0.000496179
1484 0.000496179
1485 0.000496179
1486 0.000496179
1487 0.000496179
1488 0.000496179
1489 0.000446561
1490 0.000446561
1491 0.000446561
1492 0.000446561
1493 0.000446561
1494 0.000446561
1495 0.000446561
1496 0.000446561
1497 0.000446561
1498 0.000446561
1499 0.000446561
1500 0.000446561
1501 0.000446561
1502 0.000446561
1503 0.000446561
1504 0.000446561
1505 0.000446561
1506 0.000446561
1507 0.000446561
1508 0.000446561
1509 0.000446561
1510 0.000446561
1511 0.000446561
1512 0.000446561
1513 0.000347326
1514 0.000347326
1515 0.000347326
1516 0.000347326
1517 0.000347326
1518 0.000347326
1519 0.000347326
1520 0.000347326
1521 0.000347326
1522 0.000347326
1523 0.000347326
1524 0.000347326
1525 0.000347326
1526 0.000347326
1527 0.000347326
1528 0.000347326
1529 0.000347326
1530 0.000347326
1531 0.000347326
1532 0.000347326
1533 0.000347326
1534 0.000347326
1535 0.000347326
1536 0.000347326
1537 0.000347326
1538 0.000347326
1539 0.000347326
1540 0.000347326
1541 0.000347326
1542 0.000347326
1543 0.000347326
1544 0.000347326
1545 0.000347326
1546 0.000347326
1547 0.000347326
1548 0.000347326
1549 0.000347326
1550 0.000347326
1551 0.000347326
1552 0.000347326
1553 0.000347326
1554 0.000347326
1555 0.000347326
1556 0.000347326
1557 0.000347326
1558 0.000347326
1559 0.000347326
1560 0.000347326
1561 0.000297708
1562 0.000297708
1563 0.000297708
1564 0.000297708
1565 0.000297708
1566 0.000297708
1567 0.000297708
1568 0.000297708
1569 0.000297708
1570 0.000297708
1571 0.000297708
1572 0.000297708
1573 0.000297708
1574 0.000297708
1575 0.000297708
1576 0.000297708
1577 0.000297708
1578 0.000297708
1579 0.000297708
1580 0.000297708
1581 0.000297708
1582 0.000297708
1583 0.000297708
1584 0.000297708
1585 0.000297708
1586 0.000297708
1587 0.000297708
1588 0.000297708
1589 0.000297708
1590 0.000297708
1591 0.000297708
1592 0.000297708
1593 0.00024809
1594 0.00024809
1595 0.00024809
1596 0.00024809
1597 0.00024809
1598 0.00024809
1599 0.00024809
1600 0.00024809
1601 0.00024809
1602 0.00024809
1603 0.00024809
1604 0.00024809
1605 0.00024809
1606 0.00024809
1607 0.00024809
1608 0.00024809
1609 0.00024809
1610 0.00024809
1611 0.00024809
1612 0.00024809
1613 0.00024809
1614 0.00024809
1615 0.00024809
1616 0.00024809
1617 0.00024809
1618 0.00024809
1619 0.00024809
1620 0.00024809
1621 0.00024809
1622 0.00024809
1623 0.00024809
1624 0.00024809
1625 0.00024809
1626 0.00024809
1627 0.00024809
1628 0.00024809
1629 0.00024809
1630 0.00024809
1631 0.00024809
1632 0.00024809
1633 0.00024809
1634 0.00024809
1635 0.00024809
1636 0.00024809
1637 0.00024809
1638 0.00024809
1639 0.00024809
1640 0.00024809
1641 0.00024809
1642 0.00024809
1643 0.00024809
1644 0.00024809
1645 0.00024809
1646 0.00024809
1647 0.00024809
1648 0.00024809
1649 0.00024809
1650 0.00024809
1651 0.00024809
1652 0.00024809
1653 0.00024809
1654 0.00024809
1655 0.00024809
1656 0.00024809
1657 0.000198472
1658 0.000198472
1659 0.000198472
1660 0.000198472
1661 0.000198472
1662 0.000198472
1663 0.000198472
1664 0.000198472
1665 0.000198472
1666 0.000198472
1667 0.000198472
1668 0.000198472
1669 0.000198472
1670 0.000198472
1671 0.000198472
1672 0.000198472
1673 0.000198472
1674 0.000198472
1675 0.000198472
1676 0.000198472
1677 0.000198472
1678 0.000198472
1679 0.000198472
1680 0.000198472
1681 0.000198472
1682 0.000198472
1683 0.000198472
1684 0.000198472
1685 0.000198472
1686 0.000198472
1687 0.000198472
1688 0.000198472
1689 0.000198472
1690 0.000198472
1691 0.000198472
1692 0.000198472
1693 0.000198472
1694 0.000198472
1695 0.000198472
1696 0.000198472
1697 0.000198472
1698 0.000198472
1699 0.000198472
1700 0.000198472
1701 0.000198472
1702 0.000198472
1703 0.000198472
1704 0.000198472
1705 0.000148854
1706 0.000148854
1707 0.000148854
1708 0.000148854
1709 0.000148854
1710 0.000148854
1711 0.000148854
1712 0.000148854
1713 0.000148854
1714 0.000148854
1715 0.000148854
1716 0.000148854
1717 0.000148854
1718 0.000148854
1719 0.000148854
1720 0.000148854
1721 0.000148854
1722 0.000148854
1723 0.000148854
1724 0.000148854
1725 0.000148854
1726 0.000148854
1727 0.000148854
1728 0.000148854
1729 0.000148854
1730 0.000148854
1731 0.000148854
1732 0.000148854
1733 0.000148854
1734 0.000148854
1735 0.000148854
1736 0.000148854
1737 9.92359e-05
1738 9.92359e-05
1739 9.92359e-05
1740 9.92359e-05
1741 9.92359e-05
1742 9.92359e-05
1743 9.92359e-05
1744 9.92359e-05
1745 9.92359e-05
1746 9.92359e-05
1747 9.92359e-05
1748 9.92359e-05
1749 9.92359e-05
1750 9.92359e-05
1751 9.92359e-05
1752 9.92359e-05
1753 9.92359e-05
1754 9.92359e-05
1755 9.92359e-05
1756 9.92359e-05
1757 9.92359e-05
1758 9.92359e-05
1759 9.92359e-05
1760 9.92359e-05
1761 9.92359e-05
1762 9.92359e-05
1763 9.92359e-05
1764 9.92359e-05
1765 9.92359e-05
1766 9.92359e-05
1767 9.92359e-05
1768 9.92359e-05
1769 9.92359e-05
1770 9.92359e-05
1771 9.92359e-05
1772 9.92359e-05
1773 9.92359e-05
1774 9.92359e-05
1775 9.92359e-05
1776 9.92359e-05
1777 9.92359e-05
1778 9.92359e-05
1779 9.92359e-05
1780 9.92359e-05
1781 9.92359e-05
1782 9.92359e-05
1783 9.92359e-05
1784 9.92359e-05
1785 9.92359e-05
1786 9.92359e-05
1787 9.92359e-05
1788 9.92359e-05
1789 9.92359e-05
1790 9.92359e-05
1791 9.92359e-05
1792 9.92359e-05
1793 9.92359e-05
1794 9.92359e-05
1795 9.92359e-05
1796 9.92359e-05
1797 9.92359e-05
1798 9.92359e-05
1799 9.92359e-05
1800 9.92359e-05
1801 9.92359e-05
1802 9.92359e-05
1803 9.92359e-05
1804 9.92359e-05
1805 9.92359e-05
1806 9.92359e-05
1807 9.92359e-05
1808 9.92359e-05
1809 9.92359e-05
1810 9.92359e-05
1811 9.92359e-05
1812 9.92359e-05
1813 9.92359e-05
1814 9.92359e-05
1815 9.92359e-05
1816 9.92359e-05
1817 9.92359e-05
1818 9.92359e-05
1819 9.92359e-05
1820 9.92359e-05
1821 9.92359e-05
1822 9.92359e-05
1823 9.92359e-05
1824 9.92359e-05
1825 9.92359e-05
1826 9.92359e-05
1827 9.92359e-05
1828 9.92359e-05
1829 9.92359e-05
1830 9.92359e-05
1831 9.92359e-05
1832 9.92359e-05
1833 9.92359e-05
1834 9.92359e-05
1835 9.92359e-05
1836 9.92359e-05
1837 9.92359e-05
1838 9.92359e-05
1839 9.92359e-05
1840 9.92359e-05
1841 9.92359e-05
1842 9.92359e-05
1843 9.92359e-05
1844 9.92359e-05
1845 9.92359e-05
1846 9.92359e-05
1847 9.92359e-05
1848 9.92359e-05
1849 9.92359e-05
1850 9.92359e-05
1851 9.92359e-05
1852 9.92359e-05
1853 9.92359e-05
1854 9.92359e-05
1855 9.92359e-05
1856 9.92359e-05
1857 9.92359e-05
1858 9.92359e-05
1859 9.92359e-05
1860 9.92359e-05
1861 9.92359e-05
1862 9.92359e-05
1863 9.92359e-05
1864 9.92359e-05
1865 9.92359e-05
1866 9.92359e-05
1867 9.92359e-05
1868 9.92359e-05
1869 9.92359e-05
1870 9.92359e-05
1871 9.92359e-05
1872 9.92359e-05
1873 9.92359e-05
1874 9.92359e-05
1875 9.92359e-05
1876 9.92359e-05
1877 9.92359e-05
1878 9.92359e-05
1879 9.92359e-05
1880 9.92359e-05
1881 9.92359e-05
1882 9.92359e-05
1883 9.92359e-05
1884 9.92359e-05
1885 9.92359e-05
1886 9.92359e-05
1887 9.92359e-05
1888 9.92359e-05
1889 9.92359e-05
1890 9.92359e-05
1891 9.92359e-05
1892 9.92359e-05
1893 9.92359e-05
1894 9.92359e-05
1895 9.92359e-05
1896 9.92359e-05
1897 9.92359e-05
1898 9.92359e-05
1899 9.92359e-05
1900 9.92359e-05
1901 9.92359e-05
1902 9.92359e-05
1903 9.92359e-05
1904 9.92359e-05
1905 9.92359e-05
1906 9.92359e-05
1907 9.92359e-05
1908 9.92359e-05
1909 9.92359e-05
1910 9.92359e-05
1911 9.92359e-05
1912 9.92359e-05
1913 9.92359e-05
1914 9.92359e-05
1915 9.92359e-05
1916 9.92359e-05
1917 9.92359e-05
1918 9.92359e-05
1919 9.92359e-05
1920 9.92359e-05
1921 9.92359e-05
1922 9.92359e-05
1923 9.92359e-05
1924 9.92359e-05
1925 9.92359e-05
1926 9.92359e-05
1927 9.92359e-05
1928 9.92359e-05
1929 9.92359e-05
1930 9.92359e-05
1931 9.92359e-05
1932 9.92359e-05
1933 9.92359e-05
1934 9.92359e-05
1935 9.92359e-05
1936 9.92359e-05
1937 9.92359e-05
1938 9.92359e-05
1939 9.92359e-05
1940 9.92359e-05
1941 9.92359e-05
1942 9.92359e-05
1943 9.92359e-05
1944 9.92359e-05
1945 4.96179e-05
1946 4.96179e-05
1947 4.96179e-05
1948 4.96179e-05
1949 4.96179e-05
1950 4.96179e-05
1951 4.96179e-05
1952 4.96179e-05
1953 4.96179e-05
1954 4.96179e-05
1955 4.96179e-05
1956 4.96179e-05
1957 4.96179e-05
1958 4.96179e-05
1959 4.96179e-05
1960 4.96179e-05
1961 4.96179e-05
1962 4.96179e-05
1963 4.96179e-05
1964 4.96179e-05
1965 4.96179e-05
1966 4.96179e-05
1967 4.96179e-05
1968 4.96179e-05
1969 4.96179e-05
1970 4.96179e-05
1971 4.96179e-05
1972 4.96179e-05
1973 4.96179e-05
1974 4.96179e-05
1975 4.96179e-05
1976 4.96179e-05
1977 4.96179e-05
1978 4.96179e-05
1979 4.96179e-05
1980 4.96179e-05
1981 4.96179e-05
1982 4.96179e-05
1983 4.96179e-05
1984 4.96179e-05
1985 4.96179e-05
1986 4.96179e-05
1987 4.96179e-05
1988 4.96179e-05
1989 4.96179e-05
1990 4.96179e-05
1991 4.96179e-05
1992 4.96179e-05
