0 1
1 1
2 1
3 1
4 1
5 1
6 1
7 1
8 1
9 1
10 1
11 1
12 1
13 1
14 1
15 1
16 1
17 1
18 1
19 1
20 1
21 1
22 1
23 0.999702
24 0.999702
25 0.999702
26 0.999702
27 0.999702
28 0.999702
29 0.999702
30 0.999702
31 0.999404
32 0.999404
33 0.920167
34 0.920167
35 0.920167
36 0.920167
37 0.920167
38 0.920167
39 0.920167
40 0.920167
41 0.838248
42 0.838248
43 0.838248
44 0.838248
45 0.838248
46 0.838248
47 0.838248
48 0.838248
49 0.755436
50 0.755436
51 0.755436
52 0.755436
53 0.755436
54 0.755436
55 0.755436
56 0.755436
57 0.682455
58 0.682455
59 0.682455
60 0.682455
61 0.682455
62 0.682455
63 0.682157
64 0.682157
65 0.617814
66 0.617814
67 0.617814
68 0.617814
69 0.617814
70 0.617814
71 0.617516
72 0.617516
73 0.550194
74 0.550194
75 0.550194
76 0.550194
77 0.550194
78 0.550194
79 0.549896
80 0.549896
81 0.49717
82 0.49717
83 0.49717
84 0.49717
85 0.49717
86 0.49717
87 0.496872
88 0.496872
89 0.450104
90 0.450104
91 0.450104
92 0.450104
93 0.450104
94 0.450104
95 0.450104
96 0.450104
97 0.399762
98 0.399762
99 0.399762
100 0.399762
101 0.399762
102 0.399762
103 0.399762
104 0.399762
105 0.361037
106 0.361037
107 0.361037
108 0.361037
109 0.361037
110 0.361037
111 0.361037
112 0.361037
113 0.324397
114 0.324397
115 0.324397
116 0.324397
117 0.324397
118 0.324397
119 0.324397
120 0.324397
121 0.291034
122 0.291034
123 0.291034
124 0.291034
125 0.291034
126 0.291034
127 0.291034
128 0.291034
129 0.25916
130 0.25916
131 0.25916
132 0.25916
133 0.25916
134 0.25916
135 0.25916
136 0.25916
137 0.233542
138 0.233542
139 0.233542
140 0.233542
141 0.233542
142 0.233542
143 0.233542
144 0.233542
145 0.211796
146 0.211796
147 0.211796
148 0.211796
149 0.211796
150 0.211796
151 0.211796
152 0.211796
153 0.189753
154 0.189753
155 0.189753
156 0.189753
157 0.189753
158 0.189753
159 0.189753
160 0.189753
161 0.167709
162 0.167709
163 0.167709
164 0.167709
165 0.167709
166 0.167709
167 0.167709
168 0.167709
169 0.155198
170 0.155198
171 0.155198
172 0.155198
173 0.155198
174 0.155198
175 0.155198
176 0.155198
177 0.141793
178 0.141793
179 0.141793
180 0.141793
181 0.141793
182 0.141793
183 0.141793
184 0.141793
185 0.127793
186 0.127793
187 0.127793
188 0.127793
189 0.127793
190 0.127793
191 0.127793
192 0.127793
193 0.117665
194 0.117665
195 0.117665
196 0.117665
197 0.117665
198 0.117665
199 0.117665
200 0.117665
201 0.106643
202 0.106643
203 0.106643
204 0.106643
205 0.106643
206 0.106643
207 0.106643
208 0.106643
209 0.0997915
210 0.0997915
211 0.0997915
212 0.0997915
213 0.0997915
214 0.0997915
215 0.0997915
216 0.0997915
217 0.0914507
218 0.0914507
219 0.0914507
220 0.0914507
221 0.0914507
222 0.0914507
223 0.0914507
224 0.0914507
225 0.0851951
226 0.0851951
227 0.0851951
228 0.0851951
229 0.0851951
230 0.0851951
231 0.0851951
232 0.0851951
233 0.0774501
234 0.0774501
235 0.0774501
236 0.0774501
237 0.0774501
238 0.0774501
239 0.0774501
240 0.0774501
241 0.0691093
242 0.0691093
243 0.0691093
244 0.0691093
245 0.0691093
246 0.0691093
247 0.0691093
248 0.0691093
249 0.0646411
250 0.0646411
251 0.0646411
252 0.0646411
253 0.0646411
254 0.0646411
255 0.0646411
256 0.0646411
257 0.059577
258 0.059577
259 0.059577
260 0.059577
261 0.059577
262 0.059577
263 0.059577
264 0.059577
265 0.0548108
266 0.0548108
267 0.0548108
268 0.0548108
269 0.0548108
270 0.0548108
271 0.0548108
272 0.0548108
273 0.0509383
274 0.0509383
275 0.0509383
276 0.0509383
277 0.0509383
278 0.0509383
279 0.0509383
280 0.0509383
281 0.0470658
282 0.0470658
283 0.0470658
284 0.0470658
285 0.0470658
286 0.0470658
287 0.0470658
288 0.0470658
289 0.0431933
290 0.0431933
291 0.0431933
292 0.0431933
293 0.0431933
294 0.0431933
295 0.0431933
296 0.0431933
297 0.041406
298 0.041406
299 0.041406
300 0.041406
301 0.041406
302 0.041406
303 0.041406
304 0.041406
305 0.0369377
306 0.0369377
307 0.0369377
308 0.0369377
309 0.0369377
310 0.0369377
311 0.0369377
312 0.0369377
313 0.0354483
314 0.0354483
315 0.0354483
316 0.0354483
317 0.0354483
318 0.0354483
319 0.0354483
320 0.0354483
321 0.0342568
322 0.0342568
323 0.0342568
324 0.0342568
325 0.0342568
326 0.0342568
327 0.0342568
328 0.0342568
329 0.03098
330 0.03098
331 0.03098
332 0.03098
333 0.03098
334 0.03098
335 0.03098
336 0.03098
337 0.0300864
338 0.0300864
339 0.0300864
340 0.0300864
341 0.0300864
342 0.0300864
343 0.0300864
344 0.0300864
345 0.0282991
346 0.0282991
347 0.0282991
348 0.0282991
349 0.0282991
350 0.0282991
351 0.0282991
352 0.0282991
353 0.0271075
354 0.0271075
355 0.0271075
356 0.0271075
357 0.0271075
358 0.0271075
359 0.0271075
360 0.0271075
361 0.0250223
362 0.0250223
363 0.0250223
364 0.0250223
365 0.0250223
366 0.0250223
367 0.0250223
368 0.0250223
369 0.023235
370 0.023235
371 0.023235
372 0.023235
373 0.023235
374 0.023235
375 0.023235
376 0.023235
377 0.0214477
378 0.0214477
379 0.0214477
380 0.0214477
381 0.0214477
382 0.0214477
383 0.0211498
384 0.0211498
385 0.0202562
386 0.0202562
387 0.0202562
388 0.0202562
389 0.0202562
390 0.0202562
391 0.0202562
392 0.0202562
393 0.018171
394 0.018171
395 0.018171
396 0.018171
397 0.018171
398 0.018171
399 0.018171
400 0.018171
401 0.0175752
402 0.0175752
403 0.0175752
404 0.0175752
405 0.0175752
406 0.0175752
407 0.0175752
408 0.0175752
409 0.0169794
410 0.0169794
411 0.0169794
412 0.0169794
413 0.0169794
414 0.0169794
415 0.0169794
416 0.0169794
417 0.0160858
418 0.0160858
419 0.0160858
420 0.0160858
421 0.0160858
422 0.0160858
423 0.0160858
424 0.0160858
425 0.0157879
426 0.0157879
427 0.0157879
428 0.0157879
429 0.0157879
430 0.0157879
431 0.0157879
432 0.0157879
433 0.0148943
434 0.0148943
435 0.0148943
436 0.0148943
437 0.0148943
438 0.0148943
439 0.0148943
440 0.0148943
441 0.0145964
442 0.0145964
443 0.0145964
444 0.0145964
445 0.0145964
446 0.0145964
447 0.0145964
448 0.0145964
449 0.0131069
450 0.0131069
451 0.0131069
452 0.0131069
453 0.0131069
454 0.0131069
455 0.0131069
456 0.0131069
457 0.0122133
458 0.0122133
459 0.0122133
460 0.0122133
461 0.0122133
462 0.0122133
463 0.0122133
464 0.0122133
465 0.0116175
466 0.0116175
467 0.0116175
468 0.0116175
469 0.0116175
470 0.0116175
471 0.0116175
472 0.0116175
473 0.0101281
474 0.0101281
475 0.0101281
476 0.0101281
477 0.0101281
478 0.0101281
479 0.0101281
480 0.0101281
481 0.00953232
482 0.00953232
483 0.00953232
484 0.00953232
485 0.00953232
486 0.00953232
487 0.00953232
488 0.00953232
489 0.00953232
490 0.00953232
491 0.00953232
492 0.00953232
493 0.00953232
494 0.00953232
495 0.00953232
496 0.00953232
497 0.00953232
498 0.00953232
499 0.00953232
500 0.00953232
501 0.00953232
502 0.00953232
503 0.00953232
504 0.00953232
505 0.00923444
506 0.00923444
507 0.00923444
508 0.00923444
509 0.00923444
510 0.00923444
511 0.00923444
512 0.00923444
513 0.00863867
514 0.00863867
515 0.00863867
516 0.00863867
517 0.00863867
518 0.00863867
519 0.00863867
520 0.00863867
521 0.0080429
522 0.0080429
523 0.0080429
524 0.0080429
525 0.0080429
526 0.0080429
527 0.0080429
528 0.0080429
529 0.00744713
530 0.00744713
531 0.00744713
532 0.00744713
533 0.00744713
534 0.00744713
535 0.00744713
536 0.00744713
537 0.00714924
538 0.00714924
539 0.00714924
540 0.00714924
541 0.00714924
542 0.00714924
543 0.00714924
544 0.00714924
545 0.0059577
546 0.0059577
547 0.0059577
548 0.0059577
549 0.0059577
550 0.0059577
551 0.0059577
552 0.0059577
553 0.00565982
554 0.00565982
555 0.00565982
556 0.00565982
557 0.00565982
558 0.00565982
559 0.00565982
560 0.00565982
561 0.00565982
562 0.00565982
563 0.00565982
564 0.00565982
565 0.00565982
566 0.00565982
567 0.00565982
568 0.00565982
569 0.00565982
570 0.00565982
571 0.00565982
572 0.00565982
573 0.00565982
574 0.00565982
575 0.00565982
576 0.00565982
577 0.00506405
578 0.00506405
579 0.00506405
580 0.00506405
581 0.00506405
582 0.00506405
583 0.00506405
584 0.00506405
585 0.00506405
586 0.00506405
587 0.00506405
588 0.00506405
589 0.00506405
590 0.00506405
591 0.00506405
592 0.00506405
593 0.00446828
594 0.00446828
595 0.00446828
596 0.00446828
597 0.00446828
598 0.00446828
599 0.00446828
600 0.00446828
601 0.00446828
602 0.00446828
603 0.00446828
604 0.00446828
605 0.00446828
606 0.00446828
607 0.00446828
608 0.00446828
609 0.00446828
610 0.00446828
611 0.00446828
612 0.00446828
613 0.00446828
614 0.00446828
615 0.00446828
616 0.00446828
617 0.00446828
618 0.00446828
619 0.00446828
620 0.00446828
621 0.00446828
622 0.00446828
623 0.00446828
624 0.00446828
625 0.00417039
626 0.00417039
627 0.00417039
628 0.00417039
629 0.00417039
630 0.00417039
631 0.00417039
632 0.00417039
633 0.00387251
634 0.00387251
635 0.00387251
636 0.00387251
637 0.00387251
638 0.00387251
639 0.00387251
640 0.00387251
641 0.00357462
642 0.00357462
643 0.00357462
644 0.00357462
645 0.00357462
646 0.00357462
647 0.00357462
648 0.00357462
649 0.00357462
650 0.00357462
651 0.00357462
652 0.00357462
653 0.00357462
654 0.00357462
655 0.00357462
656 0.00357462
657 0.00357462
658 0.00357462
659 0.00357462
660 0.00357462
661 0.00357462
662 0.00357462
663 0.00357462
664 0.00357462
665 0.00327674
666 0.00327674
667 0.00327674
668 0.00327674
669 0.00327674
670 0.00327674
671 0.00327674
672 0.00327674
673 0.00297885
674 0.00297885
675 0.00297885
676 0.00297885
677 0.00297885
678 0.00297885
679 0.00297885
680 0.00297885
681 0.00268097
682 0.00268097
683 0.00268097
684 0.00268097
685 0.00268097
686 0.00268097
687 0.00268097
688 0.00268097
689 0.00268097
690 0.00268097
691 0.00268097
692 0.00268097
693 0.00268097
694 0.00268097
695 0.00268097
696 0.00268097
697 0.00238308
698 0.00238308
699 0.00238308
700 0.00238308
701 0.00238308
702 0.00238308
703 0.00238308
704 0.00238308
705 0.00238308
706 0.00238308
707 0.00238308
708 0.00238308
709 0.00238308
710 0.00238308
711 0.00238308
712 0.00238308
713 0.00238308
714 0.00238308
715 0.00238308
716 0.00238308
717 0.00238308
718 0.00238308
719 0.00238308
720 0.00238308
721 0.00238308
722 0.00238308
723 0.00238308
724 0.00238308
725 0.00238308
726 0.00238308
727 0.00238308
728 0.00238308
729 0.00238308
730 0.00238308
731 0.00238308
732 0.00238308
733 0.00238308
734 0.00238308
735 0.00238308
736 0.00238308
737 0.00238308
738 0.00238308
739 0.00238308
740 0.00238308
741 0.00238308
742 0.00238308
743 0.00238308
744 0.00238308
745 0.0020852
746 0.0020852
747 0.0020852
748 0.0020852
749 0.0020852
750 0.0020852
751 0.0020852
752 0.0020852
753 0.00178731
754 0.00178731
755 0.00178731
756 0.00178731
757 0.00178731
758 0.00178731
759 0.00178731
760 0.00178731
761 0.00178731
762 0.00178731
763 0.00178731
764 0.00178731
765 0.00178731
766 0.00178731
767 0.00178731
768 0.00178731
769 0.00178731
770 0.00178731
771 0.00178731
772 0.00178731
773 0.00178731
774 0.00178731
775 0.00178731
776 0.00178731
777 0.00148943
778 0.00148943
779 0.00148943
780 0.00148943
781 0.00148943
782 0.00148943
783 0.00148943
784 0.00148943
785 0.00148943
786 0.00148943
787 0.00148943
788 0.00148943
789 0.00148943
790 0.00148943
791 0.00148943
792 0.00148943
793 0.00148943
794 0.00148943
795 0.00148943
796 0.00148943
797 0.00148943
798 0.00148943
799 0.00148943
800 0.00148943
801 0.00148943
802 0.00148943
803 0.00148943
804 0.00148943
805 0.00148943
806 0.00148943
807 0.00148943
808 0.00148943
809 0.00148943
810 0.00148943
811 0.00148943
812 0.00148943
813 0.00148943
814 0.00148943
815 0.00148943
816 0.00148943
817 0.00148943
818 0.00148943
819 0.00148943
820 0.00148943
821 0.00148943
822 0.00148943
823 0.00148943
824 0.00148943
825 0.00119154
826 0.00119154
827 0.00119154
828 0.00119154
829 0.00119154
830 0.00119154
831 0.00119154
832 0.00119154
833 0.00119154
834 0.00119154
835 0.00119154
836 0.00119154
837 0.00119154
838 0.00119154
839 0.00119154
840 0.00119154
841 0.00119154
842 0.00119154
843 0.00119154
844 0.00119154
845 0.00119154
846 0.00119154
847 0.00119154
848 0.00119154
849 0.00119154
850 0.00119154
851 0.00119154
852 0.00119154
853 0.00119154
854 0.00119154
855 0.00119154
856 0.00119154
857 0.00119154
858 0.00119154
859 0.00119154
860 0.00119154
861 0.00119154
862 0.00119154
863 0.00119154
864 0.00119154
865 0.00119154
866 0.00119154
867 0.00119154
868 0.00119154
869 0.00119154
870 0.00119154
871 0.00119154
872 0.00119154
873 0.00119154
874 0.00119154
875 0.00119154
876 0.00119154
877 0.00119154
878 0.00119154
879 0.00119154
880 0.00119154
881 0.00119154
882 0.00119154
883 0.00119154
884 0.00119154
885 0.00119154
886 0.00119154
887 0.00119154
888 0.00119154
889 0.00119154
890 0.00119154
891 0.00119154
892 0.00119154
893 0.00119154
894 0.00119154
895 0.00119154
896 0.00119154
897 0.00119154
898 0.00119154
899 0.00119154
900 0.00119154
901 0.00119154
902 0.00119154
903 0.00119154
904 0.00119154
905 0.00119154
906 0.00119154
907 0.00119154
908 0.00119154
909 0.00119154
910 0.00119154
911 0.00119154
912 0.00119154
913 0.00119154
914 0.00119154
915 0.00119154
916 0.00119154
917 0.00119154
918 0.00119154
919 0.00119154
920 0.00119154
921 0.00119154
922 0.00119154
923 0.00119154
924 0.00119154
925 0.00119154
926 0.00119154
927 0.00119154
928 0.00119154
929 0.00119154
930 0.00119154
931 0.00119154
932 0.00119154
933 0.00119154
934 0.00119154
935 0.00119154
936 0.00119154
937 0.00119154
938 0.00119154
939 0.00119154
940 0.00119154
941 0.00119154
942 0.00119154
943 0.00119154
944 0.00119154
945 0.000893655
946 0.000893655
947 0.000893655
948 0.000893655
949 0.000893655
950 0.000893655
951 0.000893655
952 0.000893655
953 0.000893655
954 0.000893655
955 0.000893655
956 0.000893655
957 0.000893655
958 0.000893655
959 0.000893655
960 0.000893655
961 0.000893655
962 0.000893655
963 0.000893655
964 0.000893655
965 0.000893655
966 0.000893655
967 0.000893655
968 0.000893655
969 0.000893655
970 0.000893655
971 0.000893655
972 0.000893655
973 0.000893655
974 0.000893655
975 0.000893655
976 0.000893655
977 0.000893655
978 0.000893655
979 0.000893655
980 0.000893655
981 0.000893655
982 0.000893655
983 0.000893655
984 0.000893655
985 0.000893655
986 0.000893655
987 0.000893655
988 0.000893655
989 0.000893655
990 0.000893655
991 0.000893655
992 0.000893655
993 0.000893655
994 0.000893655
995 0.000893655
996 0.000893655
997 0.000893655
998 0.000893655
999 0.000893655
1000 0.000893655
1001 0.000893655
1002 0.000893655
1003 0.000893655
1004 0.000893655
1005 0.000893655
1006 0.000893655
1007 0.000893655
1008 0.000893655
1009 0.000893655
1010 0.000893655
1011 0.000893655
1012 0.000893655
1013 0.000893655
1014 0.000893655
1015 0.000893655
1016 0.000893655
1017 0.000893655
1018 0.000893655
1019 0.000893655
1020 0.000893655
1021 0.000893655
1022 0.000893655
1023 0.000893655
1024 0.000893655
1025 0.000893655
1026 0.000893655
1027 0.000893655
1028 0.000893655
1029 0.000893655
1030 0.000893655
1031 0.000893655
1032 0.000893655
1033 0.00059577
1034 0.00059577
1035 0.00059577
1036 0.00059577
1037 0.00059577
1038 0.00059577
1039 0.00059577
1040 0.00059577
1041 0.00059577
1042 0.00059577
1043 0.00059577
1044 0.00059577
1045 0.00059577
1046 0.00059577
1047 0.00059577
1048 0.00059577
1049 0.00059577
1050 0.00059577
1051 0.00059577
1052 0.00059577
1053 0.00059577
1054 0.00059577
1055 0.00059577
1056 0.00059577
1057 0.00059577
1058 0.00059577
1059 0.00059577
1060 0.00059577
1061 0.00059577
1062 0.00059577
1063 0.00059577
1064 0.00059577
1065 0.00059577
1066 0.00059577
1067 0.00059577
1068 0.00059577
1069 0.00059577
1070 0.00059577
1071 0.00059577
1072 0.00059577
1073 0.00059577
1074 0.00059577
1075 0.00059577
1076 0.00059577
1077 0.00059577
1078 0.00059577
1079 0.00059577
1080 0.00059577
1081 0.00059577
1082 0.00059577
1083 0.00059577
1084 0.00059577
1085 0.00059577
1086 0.00059577
1087 0.00059577
1088 0.00059577
1089 0.00059577
1090 0.00059577
1091 0.00059577
1092 0.00059577
1093 0.00059577
1094 0.00059577
1095 0.00059577
1096 0.00059577
1097 0.00059577
1098 0.00059577
1099 0.00059577
1100 0.00059577
1101 0.00059577
1102 0.00059577
1103 0.00059577
1104 0.00059577
1105 0.00059577
1106 0.00059577
1107 0.00059577
1108 0.00059577
1109 0.00059577
1110 0.00059577
1111 0.00059577
1112 0.00059577
1113 0.00059577
1114 0.00059577
1115 0.00059577
1116 0.00059577
1117 0.00059577
1118 0.00059577
1119 0.00059577
1120 0.00059577
1121 0.00059577
1122 0.00059577
1123 0.00059577
1124 0.00059577
1125 0.00059577
1126 0.00059577
1127 0.00059577
1128 0.00059577
1129 0.00059577
1130 0.00059577
1131 0.00059577
1132 0.00059577
1133 0.00059577
1134 0.00059577
1135 0.00059577
1136 0.00059577
1137 0.00059577
1138 0.00059577
1139 0.00059577
1140 0.00059577
1141 0.00059577
1142 0.00059577
1143 0.00059577
1144 0.00059577
1145 0.00059577
1146 0.00059577
1147 0.00059577
1148 0.00059577
1149 0.00059577
1150 0.00059577
1151 0.00059577
1152 0.00059577
1153 0.00059577
1154 0.00059577
1155 0.00059577
1156 0.00059577
1157 0.00059577
1158 0.00059577
1159 0.00059577
1160 0.00059577
1161 0.00059577
1162 0.00059577
1163 0.00059577
1164 0.00059577
1165 0.00059577
1166 0.00059577
1167 0.00059577
1168 0.00059577
1169 0.00059577
1170 0.00059577
1171 0.00059577
1172 0.00059577
1173 0.00059577
1174 0.00059577
1175 0.00059577
1176 0.00059577
1177 0.00059577
1178 0.00059577
1179 0.00059577
1180 0.00059577
1181 0.00059577
1182 0.00059577
1183 0.00059577
1184 0.00059577
1185 0.00059577
1186 0.00059577
1187 0.00059577
1188 0.00059577
1189 0.00059577
1190 0.00059577
1191 0.00059577
1192 0.00059577
1193 0.00059577
1194 0.00059577
1195 0.00059577
1196 0.00059577
1197 0.00059577
1198 0.00059577
1199 0.00059577
1200 0.00059577
1201 0.00059577
1202 0.00059577
1203 0.00059577
1204 0.00059577
1205 0.00059577
1206 0.00059577
1207 0.00059577
1208 0.00059577
1209 0.00059577
1210 0.00059577
1211 0.00059577
1212 0.00059577
1213 0.00059577
1214 0.00059577
1215 0.00059577
1216 0.00059577
1217 0.00059577
1218 0.00059577
1219 0.00059577
1220 0.00059577
1221 0.00059577
1222 0.00059577
1223 0.00059577
1224 0.00059577
1225 0.00059577
1226 0.00059577
1227 0.00059577
1228 0.00059577
1229 0.00059577
1230 0.00059577
1231 0.00059577
1232 0.00059577
1233 0.00059577
1234 0.00059577
1235 0.00059577
1236 0.00059577
1237 0.00059577
1238 0.00059577
1239 0.00059577
1240 0.00059577
1241 0.00059577
1242 0.00059577
1243 0.00059577
1244 0.00059577
1245 0.00059577
1246 0.00059577
1247 0.00059577
1248 0.00059577
1249 0.00059577
1250 0.00059577
1251 0.00059577
1252 0.00059577
1253 0.00059577
1254 0.00059577
1255 0.00059577
1256 0.00059577
1257 0.00059577
1258 0.00059577
1259 0.00059577
1260 0.00059577
1261 0.00059577
1262 0.00059577
1263 0.00059577
1264 0.00059577
1265 0.00059577
1266 0.00059577
1267 0.00059577
1268 0.00059577
1269 0.00059577
1270 0.00059577
1271 0.00059577
1272 0.00059577
1273 0.00059577
1274 0.00059577
1275 0.00059577
1276 0.00059577
1277 0.00059577
1278 0.00059577
1279 0.00059577
1280 0.00059577
1281 0.00059577
1282 0.00059577
1283 0.00059577
1284 0.00059577
1285 0.00059577
1286 0.00059577
1287 0.00059577
1288 0.00059577
1289 0.00059577
1290 0.00059577
1291 0.00059577
1292 0.00059577
1293 0.00059577
1294 0.00059577
1295 0.00059577
1296 0.00059577
1297 0.00059577
1298 0.00059577
1299 0.00059577
1300 0.00059577
1301 0.00059577
1302 0.00059577
1303 0.00059577
1304 0.00059577
1305 0.00059577
1306 0.00059577
1307 0.00059577
1308 0.00059577
1309 0.00059577
1310 0.00059577
1311 0.00059577
1312 0.00059577
1313 0.000297885
1314 0.000297885
1315 0.000297885
1316 0.000297885
1317 0.000297885
1318 0.000297885
1319 0.000297885
1320 0.000297885
1321 0.000297885
1322 0.000297885
1323 0.000297885
1324 0.000297885
1325 0.000297885
1326 0.000297885
1327 0.000297885
1328 0.000297885
