0 1
1 1
2 1
3 1
4 1
5 1
6 1
7 0.999966
8 0.999966
9 0.999966
10 0.999966
11 0.999966
12 0.999966
13 0.999966
14 0.999966
15 0.999966
16 0.999966
17 0.999966
18 0.999966
19 0.999966
20 0.999966
21 0.999966
22 0.999966
23 0.999899
24 0.999899
25 0.999899
26 0.999899
27 0.999899
28 0.999899
29 0.999899
30 0.999899
31 0.999797
32 0.999797
33 0.983588
34 0.983588
35 0.983588
36 0.983588
37 0.983588
38 0.983588
39 0.983453
40 0.983453
41 0.967513
42 0.967513
43 0.967513
44 0.967513
45 0.967513
46 0.967513
47 0.967378
48 0.967378
49 0.951574
50 0.951574
51 0.951574
52 0.951574
53 0.951574
54 0.951574
55 0.95154
56 0.95154
57 0.935769
58 0.935769
59 0.935769
60 0.935769
61 0.935769
62 0.935769
63 0.935533
64 0.935533
65 0.917804
66 0.917804
67 0.917804
68 0.917804
69 0.917804
70 0.917804
71 0.917635
72 0.917635
73 0.899804
74 0.899804
75 0.899804
76 0.899804
77 0.899804
78 0.899804
79 0.899602
80 0.899602
81 0.880082
82 0.880082
83 0.880082
84 0.880082
85 0.880082
86 0.880082
87 0.879812
88 0.879812
89 0.859618
90 0.859618
91 0.859618
92 0.859618
93 0.859618
94 0.859618
95 0.859584
96 0.859584
97 0.838782
98 0.838782
99 0.838782
100 0.838782
101 0.838782
102 0.838782
103 0.838714
104 0.838714
105 0.817405
106 0.817405
107 0.817405
108 0.817405
109 0.817405
110 0.817405
111 0.817203
112 0.817203
113 0.797076
114 0.797076
115 0.797076
116 0.797076
117 0.797076
118 0.797076
119 0.796704
120 0.796704
121 0.776071
122 0.776071
123 0.776071
124 0.776071
125 0.776071
126 0.776071
127 0.775767
128 0.775767
129 0.75466
130 0.75466
131 0.75466
132 0.75466
133 0.75466
134 0.75466
135 0.754525
136 0.754525
137 0.735276
138 0.735276
139 0.735276
140 0.735276
141 0.735276
142 0.735276
143 0.735141
144 0.735141
145 0.715183
146 0.715183
147 0.715183
148 0.715183
149 0.715183
150 0.715183
151 0.715115
152 0.715115
153 0.696846
154 0.696846
155 0.696846
156 0.696846
157 0.696846
158 0.696846
159 0.696677
160 0.696677
161 0.678103
162 0.678103
163 0.678103
164 0.678103
165 0.678103
166 0.678103
167 0.677968
168 0.677968
169 0.6598
170 0.6598
171 0.6598
172 0.6598
173 0.6598
174 0.6598
175 0.659699
176 0.659699
177 0.642003
178 0.642003
179 0.642003
180 0.642003
181 0.642003
182 0.642003
183 0.641868
184 0.641868
185 0.623565
186 0.623565
187 0.623565
188 0.623565
189 0.623565
190 0.623565
191 0.623463
192 0.623463
193 0.606477
194 0.606477
195 0.606477
196 0.606477
197 0.606477
198 0.606477
199 0.606308
200 0.606308
201 0.589727
202 0.589727
203 0.589727
204 0.589727
205 0.589727
206 0.589727
207 0.589693
208 0.589693
209 0.573078
210 0.573078
211 0.573078
212 0.573078
213 0.573078
214 0.573078
215 0.57291
216 0.57291
217 0.557949
218 0.557949
219 0.557949
220 0.557949
221 0.557949
222 0.557949
223 0.557848
224 0.557848
225 0.542246
226 0.542246
227 0.542246
228 0.542246
229 0.542246
230 0.542246
231 0.542145
232 0.542145
233 0.526712
234 0.526712
235 0.526712
236 0.526712
237 0.526712
238 0.526712
239 0.526645
240 0.526645
241 0.513272
242 0.513272
243 0.513272
244 0.513272
245 0.513272
246 0.513272
247 0.513238
248 0.513238
249 0.499932
250 0.499932
251 0.499932
252 0.499932
253 0.499932
254 0.499932
255 0.499797
256 0.499797
257 0.486323
258 0.486323
259 0.486323
260 0.486323
261 0.486323
262 0.486323
263 0.486289
264 0.486289
265 0.473254
266 0.473254
267 0.473254
268 0.473254
269 0.473254
270 0.473254
271 0.473153
272 0.473153
273 0.460759
274 0.460759
275 0.460759
276 0.460759
277 0.460759
278 0.460759
279 0.460658
280 0.460658
281 0.448332
282 0.448332
283 0.448332
284 0.448332
285 0.448332
286 0.448332
287 0.448298
288 0.448298
289 0.436816
290 0.436816
291 0.436816
292 0.436816
293 0.436816
294 0.436816
295 0.436749
296 0.436749
297 0.424997
298 0.424997
299 0.424997
300 0.424997
301 0.424997
302 0.424997
303 0.424828
304 0.424828
305 0.414089
306 0.414089
307 0.414089
308 0.414089
309 0.414089
310 0.414089
311 0.41392
312 0.41392
313 0.402067
314 0.402067
315 0.402067
316 0.402067
317 0.402067
318 0.402067
319 0.401999
320 0.401999
321 0.39099
322 0.39099
323 0.39099
324 0.39099
325 0.39099
326 0.39099
327 0.390889
328 0.390889
329 0.379914
330 0.379914
331 0.379914
332 0.379914
333 0.379914
334 0.379914
335 0.379846
336 0.379846
337 0.369344
338 0.369344
339 0.369344
340 0.369344
341 0.369344
342 0.369344
343 0.369208
344 0.369208
345 0.360327
346 0.360327
347 0.360327
348 0.360327
349 0.360327
350 0.360327
351 0.36009
352 0.36009
353 0.350804
354 0.350804
355 0.350804
356 0.350804
357 0.350804
358 0.350804
359 0.350736
360 0.350736
361 0.340977
362 0.340977
363 0.340977
364 0.340977
365 0.340977
366 0.340977
367 0.340808
368 0.340808
369 0.331892
370 0.331892
371 0.331892
372 0.331892
373 0.331892
374 0.331892
375 0.331859
376 0.331859
377 0.323889
378 0.323889
379 0.323889
380 0.323889
381 0.323889
382 0.323889
383 0.323821
384 0.323821
385 0.315818
386 0.315818
387 0.315818
388 0.315818
389 0.315818
390 0.315818
391 0.315717
392 0.315717
393 0.307713
394 0.307713
395 0.307713
396 0.307713
397 0.307713
398 0.307713
399 0.307679
400 0.307679
401 0.300723
402 0.300723
403 0.300723
404 0.300723
405 0.300723
406 0.300723
407 0.300588
408 0.300588
409 0.293698
410 0.293698
411 0.293698
412 0.293698
413 0.293698
414 0.293698
415 0.293597
416 0.293597
417 0.287552
418 0.287552
419 0.287552
420 0.287552
421 0.287552
422 0.287552
423 0.287417
424 0.287417
425 0.280157
426 0.280157
427 0.280157
428 0.280157
429 0.280157
430 0.280157
431 0.280022
432 0.280022
433 0.273538
434 0.273538
435 0.273538
436 0.273538
437 0.273538
438 0.273538
439 0.27347
440 0.27347
441 0.266277
442 0.266277
443 0.266277
444 0.266277
445 0.266277
446 0.266277
447 0.266142
448 0.266142
449 0.259692
450 0.259692
451 0.259692
452 0.259692
453 0.259692
454 0.259692
455 0.259489
456 0.259489
457 0.252938
458 0.252938
459 0.252938
460 0.252938
461 0.252938
462 0.252938
463 0.25287
464 0.25287
465 0.247197
466 0.247197
467 0.247197
468 0.247197
469 0.247197
470 0.247197
471 0.24713
472 0.24713
473 0.241355
474 0.241355
475 0.241355
476 0.241355
477 0.241355
478 0.241355
479 0.241152
480 0.241152
481 0.236593
482 0.236593
483 0.236593
484 0.236593
485 0.236593
486 0.236593
487 0.23656
488 0.23656
489 0.231089
490 0.231089
491 0.231089
492 0.231089
493 0.231089
494 0.231089
495 0.231055
496 0.231055
497 0.22528
498 0.22528
499 0.22528
500 0.22528
501 0.22528
502 0.22528
503 0.225247
504 0.225247
505 0.220519
506 0.220519
507 0.220519
508 0.220519
509 0.220519
510 0.220519
511 0.220519
512 0.220519
513 0.215757
514 0.215757
515 0.215757
516 0.215757
517 0.215757
518 0.215757
519 0.215656
520 0.215656
521 0.210523
522 0.210523
523 0.210523
524 0.210523
525 0.210523
526 0.210523
527 0.210388
528 0.210388
529 0.205626
530 0.205626
531 0.205626
532 0.205626
533 0.205626
534 0.205626
535 0.205592
536 0.205592
537 0.201675
538 0.201675
539 0.201675
540 0.201675
541 0.201675
542 0.201675
543 0.201675
544 0.201675
545 0.19688
546 0.19688
547 0.19688
548 0.19688
549 0.19688
550 0.19688
551 0.19688
552 0.19688
553 0.191882
554 0.191882
555 0.191882
556 0.191882
557 0.191882
558 0.191882
559 0.191814
560 0.191814
561 0.187458
562 0.187458
563 0.187458
564 0.187458
565 0.187458
566 0.187458
567 0.18739
568 0.18739
569 0.183507
570 0.183507
571 0.183507
572 0.183507
573 0.183507
574 0.183507
575 0.183405
576 0.183405
577 0.179657
578 0.179657
579 0.179657
580 0.179657
581 0.179657
582 0.179657
583 0.179589
584 0.179589
585 0.175267
586 0.175267
587 0.175267
588 0.175267
589 0.175267
590 0.175267
591 0.175267
592 0.175267
593 0.170775
594 0.170775
595 0.170775
596 0.170775
597 0.170775
598 0.170775
599 0.170775
600 0.170775
601 0.166689
602 0.166689
603 0.166689
604 0.166689
605 0.166689
606 0.166689
607 0.166689
608 0.166689
609 0.163008
610 0.163008
611 0.163008
612 0.163008
613 0.163008
614 0.163008
615 0.162941
616 0.162941
617 0.159699
618 0.159699
619 0.159699
620 0.159699
621 0.159699
622 0.159699
623 0.159597
624 0.159597
625 0.156322
626 0.156322
627 0.156322
628 0.156322
629 0.156322
630 0.156322
631 0.15622
632 0.15622
633 0.152979
634 0.152979
635 0.152979
636 0.152979
637 0.152979
638 0.152979
639 0.152979
640 0.152979
641 0.150108
642 0.150108
643 0.150108
644 0.150108
645 0.150108
646 0.150108
647 0.150041
648 0.150041
649 0.146799
650 0.146799
651 0.146799
652 0.146799
653 0.146799
654 0.146799
655 0.146765
656 0.146765
657 0.143928
658 0.143928
659 0.143928
660 0.143928
661 0.143928
662 0.143928
663 0.143827
664 0.143827
665 0.140855
666 0.140855
667 0.140855
668 0.140855
669 0.140855
670 0.140855
671 0.140754
672 0.140754
673 0.137208
674 0.137208
675 0.137208
676 0.137208
677 0.137208
678 0.137208
679 0.137174
680 0.137174
681 0.134101
682 0.134101
683 0.134101
684 0.134101
685 0.134101
686 0.134101
687 0.134067
688 0.134067
689 0.131028
690 0.131028
691 0.131028
692 0.131028
693 0.131028
694 0.131028
695 0.131028
696 0.131028
697 0.128293
698 0.128293
699 0.128293
700 0.128293
701 0.128293
702 0.128293
703 0.128259
704 0.128259
705 0.12522
706 0.12522
707 0.12522
708 0.12522
709 0.12522
710 0.12522
711 0.125186
712 0.125186
713 0.122754
714 0.122754
715 0.122754
716 0.122754
717 0.122754
718 0.122754
719 0.122754
720 0.122754
721 0.120255
722 0.120255
723 0.120255
724 0.120255
725 0.120255
726 0.120255
727 0.120255
728 0.120255
729 0.117351
730 0.117351
731 0.117351
732 0.117351
733 0.117351
734 0.117351
735 0.117317
736 0.117317
737 0.115156
738 0.115156
739 0.115156
740 0.115156
741 0.115156
742 0.115156
743 0.115156
744 0.115156
745 0.112353
746 0.112353
747 0.112353
748 0.112353
749 0.112353
750 0.112353
751 0.112319
752 0.112319
753 0.110124
754 0.110124
755 0.110124
756 0.110124
757 0.110124
758 0.110124
759 0.110124
760 0.110124
761 0.107862
762 0.107862
763 0.107862
764 0.107862
765 0.107862
766 0.107862
767 0.107794
768 0.107794
769 0.105565
770 0.105565
771 0.105565
772 0.105565
773 0.105565
774 0.105565
775 0.105498
776 0.105498
777 0.103505
778 0.103505
779 0.103505
780 0.103505
781 0.103505
782 0.103505
783 0.103472
784 0.103472
785 0.101243
786 0.101243
787 0.101243
788 0.101243
789 0.101243
790 0.101243
791 0.101243
792 0.101243
793 0.0989464
794 0.0989464
795 0.0989464
796 0.0989464
797 0.0989464
798 0.0989464
799 0.0988788
800 0.0988788
801 0.0965487
802 0.0965487
803 0.0965487
804 0.0965487
805 0.0965487
806 0.0965487
807 0.0965487
808 0.0965487
809 0.0949615
810 0.0949615
811 0.0949615
812 0.0949615
813 0.0949615
814 0.0949615
815 0.0949615
816 0.0949615
817 0.092834
818 0.092834
819 0.092834
820 0.092834
821 0.092834
822 0.092834
823 0.0928002
824 0.0928002
825 0.0909429
826 0.0909429
827 0.0909429
828 0.0909429
829 0.0909429
830 0.0909429
831 0.0909091
832 0.0909091
833 0.0891193
834 0.0891193
835 0.0891193
836 0.0891193
837 0.0891193
838 0.0891193
839 0.0891193
840 0.0891193
841 0.0869918
842 0.0869918
843 0.0869918
844 0.0869918
845 0.0869918
846 0.0869918
847 0.086958
848 0.086958
849 0.0853708
850 0.0853708
851 0.0853708
852 0.0853708
853 0.0853708
854 0.0853708
855 0.0853033
856 0.0853033
857 0.0834797
858 0.0834797
859 0.0834797
860 0.0834797
861 0.0834797
862 0.0834797
863 0.0834121
864 0.0834121
865 0.0818249
866 0.0818249
867 0.0818249
868 0.0818249
869 0.0818249
870 0.0818249
871 0.0817574
872 0.0817574
873 0.0799338
874 0.0799338
875 0.0799338
876 0.0799338
877 0.0799338
878 0.0799338
879 0.0799338
880 0.0799338
881 0.0782453
882 0.0782453
883 0.0782453
884 0.0782453
885 0.0782453
886 0.0782453
887 0.0782453
888 0.0782453
889 0.0768945
890 0.0768945
891 0.0768945
892 0.0768945
893 0.0768945
894 0.0768945
895 0.0768945
896 0.0768945
897 0.0755099
898 0.0755099
899 0.0755099
900 0.0755099
901 0.0755099
902 0.0755099
903 0.0754762
904 0.0754762
905 0.0737201
906 0.0737201
907 0.0737201
908 0.0737201
909 0.0737201
910 0.0737201
911 0.0736863
912 0.0736863
913 0.0724368
914 0.0724368
915 0.0724368
916 0.0724368
917 0.0724368
918 0.0724368
919 0.0723693
920 0.0723693
921 0.0708159
922 0.0708159
923 0.0708159
924 0.0708159
925 0.0708159
926 0.0708159
927 0.070647
928 0.070647
929 0.0692287
930 0.0692287
931 0.0692287
932 0.0692287
933 0.0692287
934 0.0692287
935 0.0691949
936 0.0691949
937 0.067709
938 0.067709
939 0.067709
940 0.067709
941 0.067709
942 0.067709
943 0.0676753
944 0.0676753
945 0.0660543
946 0.0660543
947 0.0660543
948 0.0660543
949 0.0660543
950 0.0660543
951 0.0660543
952 0.0660543
953 0.0645346
954 0.0645346
955 0.0645346
956 0.0645346
957 0.0645346
958 0.0645346
959 0.0644671
960 0.0644671
961 0.0633189
962 0.0633189
963 0.0633189
964 0.0633189
965 0.0633189
966 0.0633189
967 0.0633189
968 0.0633189
969 0.0620357
970 0.0620357
971 0.0620357
972 0.0620357
973 0.0620357
974 0.0620357
975 0.0620019
976 0.0620019
977 0.0608537
978 0.0608537
979 0.0608537
980 0.0608537
981 0.0608537
982 0.0608537
983 0.0608537
984 0.0608537
985 0.0595029
986 0.0595029
987 0.0595029
988 0.0595029
989 0.0595029
990 0.0595029
991 0.0595029
992 0.0595029
993 0.0584898
994 0.0584898
995 0.0584898
996 0.0584898
997 0.0584898
998 0.0584898
999 0.0584898
1000 0.0584898
1001 0.0572741
1002 0.0572741
1003 0.0572741
1004 0.0572741
1005 0.0572741
1006 0.0572741
1007 0.0572403
1008 0.0572403
1009 0.0560921
1010 0.0560921
1011 0.0560921
1012 0.0560921
1013 0.0560921
1014 0.0560921
1015 0.0560584
1016 0.0560584
1017 0.0549102
1018 0.0549102
1019 0.0549102
1020 0.0549102
1021 0.0549102
1022 0.0549102
1023 0.0549102
1024 0.0549102
1025 0.0539984
1026 0.0539984
1027 0.0539984
1028 0.0539984
1029 0.0539984
1030 0.0539984
1031 0.0539984
1032 0.0539984
1033 0.0529177
1034 0.0529177
1035 0.0529177
1036 0.0529177
1037 0.0529177
1038 0.0529177
1039 0.0529177
1040 0.0529177
1041 0.0519384
1042 0.0519384
1043 0.0519384
1044 0.0519384
1045 0.0519384
1046 0.0519384
1047 0.0519046
1048 0.0519046
1049 0.050824
1050 0.050824
1051 0.050824
1052 0.050824
1053 0.050824
1054 0.050824
1055 0.050824
1056 0.050824
1057 0.0497771
1058 0.0497771
1059 0.0497771
1060 0.0497771
1061 0.0497771
1062 0.0497771
1063 0.0497433
1064 0.0497433
1065 0.0489666
1066 0.0489666
1067 0.0489666
1068 0.0489666
1069 0.0489666
1070 0.0489666
1071 0.0488991
1072 0.0488991
1073 0.0480211
1074 0.0480211
1075 0.0480211
1076 0.0480211
1077 0.0480211
1078 0.0480211
1079 0.0479873
1080 0.0479873
1081 0.0473119
1082 0.0473119
1083 0.0473119
1084 0.0473119
1085 0.0473119
1086 0.0473119
1087 0.0473119
1088 0.0473119
1089 0.0465352
1090 0.0465352
1091 0.0465352
1092 0.0465352
1093 0.0465352
1094 0.0465352
1095 0.0465014
1096 0.0465014
1097 0.0455221
1098 0.0455221
1099 0.0455221
1100 0.0455221
1101 0.0455221
1102 0.0455221
1103 0.0455221
1104 0.0455221
1105 0.0445765
1106 0.0445765
1107 0.0445765
1108 0.0445765
1109 0.0445765
1110 0.0445765
1111 0.0445765
1112 0.0445765
1113 0.0435972
1114 0.0435972
1115 0.0435972
1116 0.0435972
1117 0.0435972
1118 0.0435972
1119 0.0435634
1120 0.0435634
1121 0.0428205
1122 0.0428205
1123 0.0428205
1124 0.0428205
1125 0.0428205
1126 0.0428205
1127 0.0427867
1128 0.0427867
1129 0.0420438
1130 0.0420438
1131 0.0420438
1132 0.0420438
1133 0.0420438
1134 0.0420438
1135 0.04201
1136 0.04201
1137 0.0413684
1138 0.0413684
1139 0.0413684
1140 0.0413684
1141 0.0413684
1142 0.0413684
1143 0.0413008
1144 0.0413008
1145 0.0405579
1146 0.0405579
1147 0.0405579
1148 0.0405579
1149 0.0405579
1150 0.0405579
1151 0.0405579
1152 0.0405579
1153 0.0398149
1154 0.0398149
1155 0.0398149
1156 0.0398149
1157 0.0398149
1158 0.0398149
1159 0.0398149
1160 0.0398149
1161 0.0391395
1162 0.0391395
1163 0.0391395
1164 0.0391395
1165 0.0391395
1166 0.0391395
1167 0.0391058
1168 0.0391058
1169 0.0382953
1170 0.0382953
1171 0.0382953
1172 0.0382953
1173 0.0382953
1174 0.0382953
1175 0.0382953
1176 0.0382953
1177 0.0376199
1178 0.0376199
1179 0.0376199
1180 0.0376199
1181 0.0376199
1182 0.0376199
1183 0.0375861
1184 0.0375861
1185 0.0368769
1186 0.0368769
1187 0.0368769
1188 0.0368769
1189 0.0368769
1190 0.0368769
1191 0.0368769
1192 0.0368769
1193 0.0362691
1194 0.0362691
1195 0.0362691
1196 0.0362691
1197 0.0362691
1198 0.0362691
1199 0.0362691
1200 0.0362691
1201 0.0353573
1202 0.0353573
1203 0.0353573
1204 0.0353573
1205 0.0353573
1206 0.0353573
1207 0.0353573
1208 0.0353573
1209 0.0347494
1210 0.0347494
1211 0.0347494
1212 0.0347494
1213 0.0347494
1214 0.0347494
1215 0.0347494
1216 0.0347494
1217 0.034074
1218 0.034074
1219 0.034074
1220 0.034074
1221 0.034074
1222 0.034074
1223 0.034074
1224 0.034074
1225 0.0336012
1226 0.0336012
1227 0.0336012
1228 0.0336012
1229 0.0336012
1230 0.0336012
1231 0.0336012
1232 0.0336012
1233 0.0329258
1234 0.0329258
1235 0.0329258
1236 0.0329258
1237 0.0329258
1238 0.0329258
1239 0.0329258
1240 0.0329258
1241 0.0322842
1242 0.0322842
1243 0.0322842
1244 0.0322842
1245 0.0322842
1246 0.0322842
1247 0.0322842
1248 0.0322842
1249 0.0316088
1250 0.0316088
1251 0.0316088
1252 0.0316088
1253 0.0316088
1254 0.0316088
1255 0.0316088
1256 0.0316088
1257 0.031136
1258 0.031136
1259 0.031136
1260 0.031136
1261 0.031136
1262 0.031136
1263 0.0311023
1264 0.0311023
1265 0.0305619
1266 0.0305619
1267 0.0305619
1268 0.0305619
1269 0.0305619
1270 0.0305619
1271 0.0305282
1272 0.0305282
1273 0.0299541
1274 0.0299541
1275 0.0299541
1276 0.0299541
1277 0.0299541
1278 0.0299541
1279 0.0299541
1280 0.0299541
1281 0.0293124
1282 0.0293124
1283 0.0293124
1284 0.0293124
1285 0.0293124
1286 0.0293124
1287 0.0292449
1288 0.0292449
1289 0.0287721
1290 0.0287721
1291 0.0287721
1292 0.0287721
1293 0.0287721
1294 0.0287721
1295 0.0287383
1296 0.0287383
1297 0.028198
1298 0.028198
1299 0.028198
1300 0.028198
1301 0.028198
1302 0.028198
1303 0.0281643
1304 0.0281643
1305 0.0274889
1306 0.0274889
1307 0.0274889
1308 0.0274889
1309 0.0274889
1310 0.0274889
1311 0.0274889
1312 0.0274889
1313 0.0268135
1314 0.0268135
1315 0.0268135
1316 0.0268135
1317 0.0268135
1318 0.0268135
1319 0.0268135
1320 0.0268135
1321 0.0263069
1322 0.0263069
1323 0.0263069
1324 0.0263069
1325 0.0263069
1326 0.0263069
1327 0.0262731
1328 0.0262731
1329 0.0260367
1330 0.0260367
1331 0.0260367
1332 0.0260367
1333 0.0260367
1334 0.0260367
1335 0.0259354
1336 0.0259354
1337 0.0254626
1338 0.0254626
1339 0.0254626
1340 0.0254626
1341 0.0254626
1342 0.0254626
1343 0.0254626
1344 0.0254626
1345 0.0247535
1346 0.0247535
1347 0.0247535
1348 0.0247535
1349 0.0247535
1350 0.0247535
1351 0.0247197
1352 0.0247197
1353 0.0243145
1354 0.0243145
1355 0.0243145
1356 0.0243145
1357 0.0243145
1358 0.0243145
1359 0.0243145
1360 0.0243145
1361 0.0237404
1362 0.0237404
1363 0.0237404
1364 0.0237404
1365 0.0237404
1366 0.0237404
1367 0.0236728
1368 0.0236728
1369 0.0231325
1370 0.0231325
1371 0.0231325
1372 0.0231325
1373 0.0231325
1374 0.0231325
1375 0.0231325
1376 0.0231325
1377 0.022626
1378 0.022626
1379 0.022626
1380 0.022626
1381 0.022626
1382 0.022626
1383 0.022626
1384 0.022626
1385 0.0221194
1386 0.0221194
1387 0.0221194
1388 0.0221194
1389 0.0221194
1390 0.0221194
1391 0.0220856
1392 0.0220856
1393 0.0215791
1394 0.0215791
1395 0.0215791
1396 0.0215791
1397 0.0215791
1398 0.0215791
1399 0.0215791
1400 0.0215791
1401 0.0211738
1402 0.0211738
1403 0.0211738
1404 0.0211738
1405 0.0211738
1406 0.0211738
1407 0.0211401
1408 0.0211401
1409 0.0209037
1410 0.0209037
1411 0.0209037
1412 0.0209037
1413 0.0209037
1414 0.0209037
1415 0.0209037
1416 0.0209037
1417 0.0207011
1418 0.0207011
1419 0.0207011
1420 0.0207011
1421 0.0207011
1422 0.0207011
1423 0.0207011
1424 0.0207011
1425 0.0201945
1426 0.0201945
1427 0.0201945
1428 0.0201945
1429 0.0201945
1430 0.0201945
1431 0.020127
1432 0.020127
1433 0.0196204
1434 0.0196204
1435 0.0196204
1436 0.0196204
1437 0.0196204
1438 0.0196204
1439 0.0196204
1440 0.0196204
1441 0.0195191
1442 0.0195191
1443 0.0195191
1444 0.0195191
1445 0.0195191
1446 0.0195191
1447 0.0195191
1448 0.0195191
1449 0.0192827
1450 0.0192827
1451 0.0192827
1452 0.0192827
1453 0.0192827
1454 0.0192827
1455 0.019249
1456 0.019249
1457 0.0187762
1458 0.0187762
1459 0.0187762
1460 0.0187762
1461 0.0187762
1462 0.0187762
1463 0.0187762
1464 0.0187762
1465 0.0185736
1466 0.0185736
1467 0.0185736
1468 0.0185736
1469 0.0185736
1470 0.0185736
1471 0.0185398
1472 0.0185398
1473 0.0183034
1474 0.0183034
1475 0.0183034
1476 0.0183034
1477 0.0183034
1478 0.0183034
1479 0.0183034
1480 0.0183034
1481 0.0182021
1482 0.0182021
1483 0.0182021
1484 0.0182021
1485 0.0182021
1486 0.0182021
1487 0.0182021
1488 0.0182021
1489 0.0178644
1490 0.0178644
1491 0.0178644
1492 0.0178644
1493 0.0178644
1494 0.0178644
1495 0.0178644
1496 0.0178644
1497 0.0175267
1498 0.0175267
1499 0.0175267
1500 0.0175267
1501 0.0175267
1502 0.0175267
1503 0.0175267
1504 0.0175267
1505 0.0170877
1506 0.0170877
1507 0.0170877
1508 0.0170877
1509 0.0170877
1510 0.0170877
1511 0.0170877
1512 0.0170877
1513 0.0167837
1514 0.0167837
1515 0.0167837
1516 0.0167837
1517 0.0167837
1518 0.0167837
1519 0.0167837
1520 0.0167837
1521 0.016311
1522 0.016311
1523 0.016311
1524 0.016311
1525 0.016311
1526 0.016311
1527 0.0162772
1528 0.0162772
1529 0.0159057
1530 0.0159057
1531 0.0159057
1532 0.0159057
1533 0.0159057
1534 0.0159057
1535 0.0159057
1536 0.0159057
1537 0.0156018
1538 0.0156018
1539 0.0156018
1540 0.0156018
1541 0.0156018
1542 0.0156018
1543 0.015568
1544 0.015568
1545 0.0153992
1546 0.0153992
1547 0.0153992
1548 0.0153992
1549 0.0153992
1550 0.0153992
1551 0.0153992
1552 0.0153992
1553 0.0149939
1554 0.0149939
1555 0.0149939
1556 0.0149939
1557 0.0149939
1558 0.0149939
1559 0.0149939
1560 0.0149939
1561 0.0147913
1562 0.0147913
1563 0.0147913
1564 0.0147913
1565 0.0147913
1566 0.0147913
1567 0.0147913
1568 0.0147913
1569 0.0145211
1570 0.0145211
1571 0.0145211
1572 0.0145211
1573 0.0145211
1574 0.0145211
1575 0.0145211
1576 0.0145211
1577 0.0141834
1578 0.0141834
1579 0.0141834
1580 0.0141834
1581 0.0141834
1582 0.0141834
1583 0.0141497
1584 0.0141497
1585 0.013947
1586 0.013947
1587 0.013947
1588 0.013947
1589 0.013947
1590 0.013947
1591 0.013947
1592 0.013947
1593 0.0136769
1594 0.0136769
1595 0.0136769
1596 0.0136769
1597 0.0136769
1598 0.0136769
1599 0.0136769
1600 0.0136769
1601 0.0134405
1602 0.0134405
1603 0.0134405
1604 0.0134405
1605 0.0134405
1606 0.0134405
1607 0.0134405
1608 0.0134405
1609 0.0132716
1610 0.0132716
1611 0.0132716
1612 0.0132716
1613 0.0132716
1614 0.0132716
1615 0.0132716
1616 0.0132716
1617 0.013069
1618 0.013069
1619 0.013069
1620 0.013069
1621 0.013069
1622 0.013069
1623 0.013069
1624 0.013069
1625 0.0127989
1626 0.0127989
1627 0.0127989
1628 0.0127989
1629 0.0127989
1630 0.0127989
1631 0.0127651
1632 0.0127651
1633 0.0125962
1634 0.0125962
1635 0.0125962
1636 0.0125962
1637 0.0125962
1638 0.0125962
1639 0.0125962
1640 0.0125962
1641 0.0123936
1642 0.0123936
1643 0.0123936
1644 0.0123936
1645 0.0123936
1646 0.0123936
1647 0.0123936
1648 0.0123936
1649 0.012191
1650 0.012191
1651 0.012191
1652 0.012191
1653 0.012191
1654 0.012191
1655 0.012191
1656 0.012191
1657 0.0120897
1658 0.0120897
1659 0.0120897
1660 0.0120897
1661 0.0120897
1662 0.0120897
1663 0.0120897
1664 0.0120897
1665 0.0118195
1666 0.0118195
1667 0.0118195
1668 0.0118195
1669 0.0118195
1670 0.0118195
1671 0.0118195
1672 0.0118195
1673 0.0115494
1674 0.0115494
1675 0.0115494
1676 0.0115494
1677 0.0115494
1678 0.0115494
1679 0.0115494
1680 0.0115494
1681 0.0113805
1682 0.0113805
1683 0.0113805
1684 0.0113805
1685 0.0113805
1686 0.0113805
1687 0.0113805
1688 0.0113805
1689 0.0112454
1690 0.0112454
1691 0.0112454
1692 0.0112454
1693 0.0112454
1694 0.0112454
1695 0.0112454
1696 0.0112454
1697 0.0108402
1698 0.0108402
1699 0.0108402
1700 0.0108402
1701 0.0108402
1702 0.0108402
1703 0.0108402
1704 0.0108402
1705 0.0107727
1706 0.0107727
1707 0.0107727
1708 0.0107727
1709 0.0107727
1710 0.0107727
1711 0.0107389
1712 0.0107389
1713 0.0105025
1714 0.0105025
1715 0.0105025
1716 0.0105025
1717 0.0105025
1718 0.0105025
1719 0.0105025
1720 0.0105025
1721 0.010435
1722 0.010435
1723 0.010435
1724 0.010435
1725 0.010435
1726 0.010435
1727 0.010435
1728 0.010435
1729 0.0103336
1730 0.0103336
1731 0.0103336
1732 0.0103336
1733 0.0103336
1734 0.0103336
1735 0.0102999
1736 0.0102999
1737 0.010131
1738 0.010131
1739 0.010131
1740 0.010131
1741 0.010131
1742 0.010131
1743 0.010131
1744 0.010131
1745 0.00986087
1746 0.00986087
1747 0.00986087
1748 0.00986087
1749 0.00986087
1750 0.00986087
1751 0.00986087
1752 0.00986087
1753 0.00969202
1754 0.00969202
1755 0.00969202
1756 0.00969202
1757 0.00969202
1758 0.00969202
1759 0.00965825
1760 0.00965825
1761 0.00932055
1762 0.00932055
1763 0.00932055
1764 0.00932055
1765 0.00932055
1766 0.00932055
1767 0.00932055
1768 0.00932055
1769 0.00908415
1770 0.00908415
1771 0.00908415
1772 0.00908415
1773 0.00908415
1774 0.00908415
1775 0.00908415
1776 0.00908415
1777 0.00888153
1778 0.00888153
1779 0.00888153
1780 0.00888153
1781 0.00888153
1782 0.00888153
1783 0.00888153
1784 0.00888153
1785 0.00867891
1786 0.00867891
1787 0.00867891
1788 0.00867891
1789 0.00867891
1790 0.00867891
1791 0.00864514
1792 0.00864514
1793 0.0082399
1794 0.0082399
1795 0.0082399
1796 0.0082399
1797 0.0082399
1798 0.0082399
1799 0.0082399
1800 0.0082399
1801 0.00796974
1802 0.00796974
1803 0.00796974
1804 0.00796974
1805 0.00796974
1806 0.00796974
1807 0.00796974
1808 0.00796974
1809 0.00776712
1810 0.00776712
1811 0.00776712
1812 0.00776712
1813 0.00776712
1814 0.00776712
1815 0.00776712
1816 0.00776712
1817 0.0075645
1818 0.0075645
1819 0.0075645
1820 0.0075645
1821 0.0075645
1822 0.0075645
1823 0.0075645
1824 0.0075645
1825 0.00746319
1826 0.00746319
1827 0.00746319
1828 0.00746319
1829 0.00746319
1830 0.00746319
1831 0.00746319
1832 0.00746319
1833 0.00729434
1834 0.00729434
1835 0.00729434
1836 0.00729434
1837 0.00729434
1838 0.00729434
1839 0.00729434
1840 0.00729434
1841 0.00712549
1842 0.00712549
1843 0.00712549
1844 0.00712549
1845 0.00712549
1846 0.00712549
1847 0.00712549
1848 0.00712549
1849 0.00709172
1850 0.00709172
1851 0.00709172
1852 0.00709172
1853 0.00709172
1854 0.00709172
1855 0.00709172
1856 0.00709172
1857 0.00692287
1858 0.00692287
1859 0.00692287
1860 0.00692287
1861 0.00692287
1862 0.00692287
1863 0.00692287
1864 0.00692287
1865 0.00685533
1866 0.00685533
1867 0.00685533
1868 0.00685533
1869 0.00685533
1870 0.00685533
1871 0.00685533
1872 0.00685533
1873 0.00675402
1874 0.00675402
1875 0.00675402
1876 0.00675402
1877 0.00675402
1878 0.00675402
1879 0.00675402
1880 0.00675402
1881 0.00672025
1882 0.00672025
1883 0.00672025
1884 0.00672025
1885 0.00672025
1886 0.00672025
1887 0.00672025
1888 0.00672025
1889 0.00661894
1890 0.00661894
1891 0.00661894
1892 0.00661894
1893 0.00661894
1894 0.00661894
1895 0.00658517
1896 0.00658517
1897 0.00645009
1898 0.00645009
1899 0.00645009
1900 0.00645009
1901 0.00645009
1902 0.00645009
1903 0.00645009
1904 0.00645009
1905 0.00628124
1906 0.00628124
1907 0.00628124
1908 0.00628124
1909 0.00628124
1910 0.00628124
1911 0.00628124
1912 0.00628124
1913 0.0062137
1914 0.0062137
1915 0.0062137
1916 0.0062137
1917 0.0062137
1918 0.0062137
1919 0.0062137
1920 0.0062137
1921 0.00611239
1922 0.00611239
1923 0.00611239
1924 0.00611239
1925 0.00611239
1926 0.00611239
1927 0.00611239
1928 0.00611239
1929 0.00607862
1930 0.00607862
1931 0.00607862
1932 0.00607862
1933 0.00607862
1934 0.00607862
1935 0.00607862
1936 0.00607862
1937 0.00601108
1938 0.00601108
1939 0.00601108
1940 0.00601108
1941 0.00601108
1942 0.00601108
1943 0.00601108
1944 0.00601108
1945 0.00590977
1946 0.00590977
1947 0.00590977
1948 0.00590977
1949 0.00590977
1950 0.00590977
1951 0.00590977
1952 0.00590977
1953 0.00584223
1954 0.00584223
1955 0.00584223
1956 0.00584223
1957 0.00584223
1958 0.00584223
1959 0.00584223
1960 0.00584223
1961 0.00574092
1962 0.00574092
1963 0.00574092
1964 0.00574092
1965 0.00574092
1966 0.00574092
1967 0.00570715
1968 0.00570715
1969 0.00560584
1970 0.00560584
1971 0.00560584
1972 0.00560584
1973 0.00560584
1974 0.00560584
1975 0.00560584
1976 0.00560584
1977 0.00557207
1978 0.00557207
1979 0.00557207
1980 0.00557207
1981 0.00557207
1982 0.00557207
1983 0.00557207
1984 0.00557207
1985 0.00543698
1986 0.00543698
1987 0.00543698
1988 0.00543698
1989 0.00543698
1990 0.00543698
1991 0.00543698
1992 0.00543698
1993 0.00536944
1994 0.00536944
1995 0.00536944
1996 0.00536944
1997 0.00536944
1998 0.00536944
1999 0.00536944
2000 0.00536944
2001 0.00520059
2002 0.00520059
2003 0.00520059
2004 0.00520059
2005 0.00520059
2006 0.00520059
2007 0.00520059
2008 0.00520059
2009 0.00506551
2010 0.00506551
2011 0.00506551
2012 0.00506551
2013 0.00506551
2014 0.00506551
2015 0.00506551
2016 0.00506551
2017 0.00503174
2018 0.00503174
2019 0.00503174
2020 0.00503174
2021 0.00503174
2022 0.00503174
2023 0.00503174
2024 0.00503174
2025 0.00489666
2026 0.00489666
2027 0.00489666
2028 0.00489666
2029 0.00489666
2030 0.00489666
2031 0.00489666
2032 0.00489666
2033 0.00482912
2034 0.00482912
2035 0.00482912
2036 0.00482912
2037 0.00482912
2038 0.00482912
2039 0.00482912
2040 0.00482912
2041 0.00482912
2042 0.00482912
2043 0.00482912
2044 0.00482912
2045 0.00482912
2046 0.00482912
2047 0.00479535
2048 0.00479535
2049 0.00476158
2050 0.00476158
2051 0.00476158
2052 0.00476158
2053 0.00476158
2054 0.00476158
2055 0.00476158
2056 0.00476158
2057 0.00476158
2058 0.00476158
2059 0.00476158
2060 0.00476158
2061 0.00476158
2062 0.00476158
2063 0.00476158
2064 0.00476158
2065 0.00466027
2066 0.00466027
2067 0.00466027
2068 0.00466027
2069 0.00466027
2070 0.00466027
2071 0.00466027
2072 0.00466027
2073 0.00459273
2074 0.00459273
2075 0.00459273
2076 0.00459273
2077 0.00459273
2078 0.00459273
2079 0.00459273
2080 0.00459273
2081 0.00452519
2082 0.00452519
2083 0.00452519
2084 0.00452519
2085 0.00452519
2086 0.00452519
2087 0.00452519
2088 0.00452519
2089 0.00439011
2090 0.00439011
2091 0.00439011
2092 0.00439011
2093 0.00439011
2094 0.00439011
2095 0.00439011
2096 0.00439011
2097 0.0042888
2098 0.0042888
2099 0.0042888
2100 0.0042888
2101 0.0042888
2102 0.0042888
2103 0.0042888
2104 0.0042888
2105 0.00425503
2106 0.00425503
2107 0.00425503
2108 0.00425503
2109 0.00425503
2110 0.00425503
2111 0.00425503
2112 0.00425503
2113 0.00422126
2114 0.00422126
2115 0.00422126
2116 0.00422126
2117 0.00422126
2118 0.00422126
2119 0.00422126
2120 0.00422126
2121 0.00408618
2122 0.00408618
2123 0.00408618
2124 0.00408618
2125 0.00408618
2126 0.00408618
2127 0.00408618
2128 0.00408618
2129 0.00405241
2130 0.00405241
2131 0.00405241
2132 0.00405241
2133 0.00405241
2134 0.00405241
2135 0.00405241
2136 0.00405241
2137 0.00401864
2138 0.00401864
2139 0.00401864
2140 0.00401864
2141 0.00401864
2142 0.00401864
2143 0.00401864
2144 0.00401864
2145 0.00391733
2146 0.00391733
2147 0.00391733
2148 0.00391733
2149 0.00391733
2150 0.00391733
2151 0.00391733
2152 0.00391733
2153 0.00384979
2154 0.00384979
2155 0.00384979
2156 0.00384979
2157 0.00384979
2158 0.00384979
2159 0.00384979
2160 0.00384979
2161 0.00374848
2162 0.00374848
2163 0.00374848
2164 0.00374848
2165 0.00374848
2166 0.00374848
2167 0.00374848
2168 0.00374848
2169 0.00374848
2170 0.00374848
2171 0.00374848
2172 0.00374848
2173 0.00374848
2174 0.00374848
2175 0.00374848
2176 0.00374848
2177 0.00371471
2178 0.00371471
2179 0.00371471
2180 0.00371471
2181 0.00371471
2182 0.00371471
2183 0.00371471
2184 0.00371471
2185 0.00368094
2186 0.00368094
2187 0.00368094
2188 0.00368094
2189 0.00368094
2190 0.00368094
2191 0.00368094
2192 0.00368094
2193 0.00357963
2194 0.00357963
2195 0.00357963
2196 0.00357963
2197 0.00357963
2198 0.00357963
2199 0.00357963
2200 0.00357963
2201 0.00351209
2202 0.00351209
2203 0.00351209
2204 0.00351209
2205 0.00351209
2206 0.00351209
2207 0.00351209
2208 0.00351209
2209 0.00344455
2210 0.00344455
2211 0.00344455
2212 0.00344455
2213 0.00344455
2214 0.00344455
2215 0.00344455
2216 0.00344455
2217 0.00341078
2218 0.00341078
2219 0.00341078
2220 0.00341078
2221 0.00341078
2222 0.00341078
2223 0.00341078
2224 0.00341078
2225 0.00334324
2226 0.00334324
2227 0.00334324
2228 0.00334324
2229 0.00334324
2230 0.00334324
2231 0.00334324
2232 0.00334324
2233 0.0032757
2234 0.0032757
2235 0.0032757
2236 0.0032757
2237 0.0032757
2238 0.0032757
2239 0.0032757
2240 0.0032757
2241 0.00324193
2242 0.00324193
2243 0.00324193
2244 0.00324193
2245 0.00324193
2246 0.00324193
2247 0.00324193
2248 0.00324193
2249 0.00317439
2250 0.00317439
2251 0.00317439
2252 0.00317439
2253 0.00317439
2254 0.00317439
2255 0.00317439
2256 0.00317439
2257 0.00317439
2258 0.00317439
2259 0.00317439
2260 0.00317439
2261 0.00317439
2262 0.00317439
2263 0.00317439
2264 0.00317439
2265 0.00303931
2266 0.00303931
2267 0.00303931
2268 0.00303931
2269 0.00303931
2270 0.00303931
2271 0.00303931
2272 0.00303931
2273 0.002938
2274 0.002938
2275 0.002938
2276 0.002938
2277 0.002938
2278 0.002938
2279 0.002938
2280 0.002938
2281 0.00290423
2282 0.00290423
2283 0.00290423
2284 0.00290423
2285 0.00290423
2286 0.00290423
2287 0.00290423
2288 0.00290423
2289 0.00287046
2290 0.00287046
2291 0.00287046
2292 0.00287046
2293 0.00287046
2294 0.00287046
2295 0.00287046
2296 0.00287046
2297 0.00280292
2298 0.00280292
2299 0.00280292
2300 0.00280292
2301 0.00280292
2302 0.00280292
2303 0.00280292
2304 0.00280292
2305 0.00280292
2306 0.00280292
2307 0.00280292
2308 0.00280292
2309 0.00280292
2310 0.00280292
2311 0.00280292
2312 0.00280292
2313 0.00276915
2314 0.00276915
2315 0.00276915
2316 0.00276915
2317 0.00276915
2318 0.00276915
2319 0.00273538
2320 0.00273538
2321 0.00266784
2322 0.00266784
2323 0.00266784
2324 0.00266784
2325 0.00266784
2326 0.00266784
2327 0.00266784
2328 0.00266784
2329 0.00256653
2330 0.00256653
2331 0.00256653
2332 0.00256653
2333 0.00256653
2334 0.00256653
2335 0.00256653
2336 0.00256653
2337 0.00256653
2338 0.00256653
2339 0.00256653
2340 0.00256653
2341 0.00256653
2342 0.00256653
2343 0.00256653
2344 0.00256653
2345 0.00249899
2346 0.00249899
2347 0.00249899
2348 0.00249899
2349 0.00249899
2350 0.00249899
2351 0.00249899
2352 0.00249899
2353 0.00249899
2354 0.00249899
2355 0.00249899
2356 0.00249899
2357 0.00249899
2358 0.00249899
2359 0.00249899
2360 0.00249899
2361 0.00246522
2362 0.00246522
2363 0.00246522
2364 0.00246522
2365 0.00246522
2366 0.00246522
2367 0.00246522
2368 0.00246522
2369 0.00243145
2370 0.00243145
2371 0.00243145
2372 0.00243145
2373 0.00243145
2374 0.00243145
2375 0.00243145
2376 0.00243145
2377 0.00239768
2378 0.00239768
2379 0.00239768
2380 0.00239768
2381 0.00239768
2382 0.00239768
2383 0.00239768
2384 0.00239768
2385 0.00236391
2386 0.00236391
2387 0.00236391
2388 0.00236391
2389 0.00236391
2390 0.00236391
2391 0.00236391
2392 0.00236391
2393 0.00236391
2394 0.00236391
2395 0.00236391
2396 0.00236391
2397 0.00236391
2398 0.00236391
2399 0.00236391
2400 0.00236391
2401 0.00229637
2402 0.00229637
2403 0.00229637
2404 0.00229637
2405 0.00229637
2406 0.00229637
2407 0.00229637
2408 0.00229637
2409 0.00229637
2410 0.00229637
2411 0.00229637
2412 0.00229637
2413 0.00229637
2414 0.00229637
2415 0.00229637
2416 0.00229637
2417 0.0022626
2418 0.0022626
2419 0.0022626
2420 0.0022626
2421 0.0022626
2422 0.0022626
2423 0.0022626
2424 0.0022626
2425 0.0022626
2426 0.0022626
2427 0.0022626
2428 0.0022626
2429 0.0022626
2430 0.0022626
2431 0.0022626
2432 0.0022626
2433 0.00222883
2434 0.00222883
2435 0.00222883
2436 0.00222883
2437 0.00222883
2438 0.00222883
2439 0.00222883
2440 0.00222883
2441 0.00219506
2442 0.00219506
2443 0.00219506
2444 0.00219506
2445 0.00219506
2446 0.00219506
2447 0.00219506
2448 0.00219506
2449 0.00216129
2450 0.00216129
2451 0.00216129
2452 0.00216129
2453 0.00216129
2454 0.00216129
2455 0.00216129
2456 0.00216129
2457 0.00212752
2458 0.00212752
2459 0.00212752
2460 0.00212752
2461 0.00212752
2462 0.00212752
2463 0.00212752
2464 0.00212752
2465 0.00205998
2466 0.00205998
2467 0.00205998
2468 0.00205998
2469 0.00205998
2470 0.00205998
2471 0.00205998
2472 0.00205998
2473 0.00205998
2474 0.00205998
2475 0.00205998
2476 0.00205998
2477 0.00205998
2478 0.00205998
2479 0.00205998
2480 0.00205998
2481 0.00205998
2482 0.00205998
2483 0.00205998
2484 0.00205998
2485 0.00205998
2486 0.00205998
2487 0.00205998
2488 0.00205998
2489 0.00199244
2490 0.00199244
2491 0.00199244
2492 0.00199244
2493 0.00199244
2494 0.00199244
2495 0.00199244
2496 0.00199244
2497 0.00195867
2498 0.00195867
2499 0.00195867
2500 0.00195867
2501 0.00195867
2502 0.00195867
2503 0.00195867
2504 0.00195867
2505 0.00195867
2506 0.00195867
2507 0.00195867
2508 0.00195867
2509 0.00195867
2510 0.00195867
2511 0.00195867
2512 0.00195867
2513 0.00195867
2514 0.00195867
2515 0.00195867
2516 0.00195867
2517 0.00195867
2518 0.00195867
2519 0.0019249
2520 0.0019249
2521 0.00189113
2522 0.00189113
2523 0.00189113
2524 0.00189113
2525 0.00189113
2526 0.00189113
2527 0.00189113
2528 0.00189113
2529 0.00182359
2530 0.00182359
2531 0.00182359
2532 0.00182359
2533 0.00182359
2534 0.00182359
2535 0.00182359
2536 0.00182359
2537 0.00172227
2538 0.00172227
2539 0.00172227
2540 0.00172227
2541 0.00172227
2542 0.00172227
2543 0.00172227
2544 0.00172227
2545 0.00172227
2546 0.00172227
2547 0.00172227
2548 0.00172227
2549 0.00172227
2550 0.00172227
2551 0.00172227
2552 0.00172227
2553 0.00165473
2554 0.00165473
2555 0.00165473
2556 0.00165473
2557 0.00165473
2558 0.00165473
2559 0.00165473
2560 0.00165473
2561 0.00165473
2562 0.00165473
2563 0.00165473
2564 0.00165473
2565 0.00165473
2566 0.00165473
2567 0.00165473
2568 0.00165473
2569 0.00162096
2570 0.00162096
2571 0.00162096
2572 0.00162096
2573 0.00162096
2574 0.00162096
2575 0.00162096
2576 0.00162096
2577 0.00155342
2578 0.00155342
2579 0.00155342
2580 0.00155342
2581 0.00155342
2582 0.00155342
2583 0.00155342
2584 0.00155342
2585 0.00155342
2586 0.00155342
2587 0.00155342
2588 0.00155342
2589 0.00155342
2590 0.00155342
2591 0.00155342
2592 0.00155342
2593 0.00151965
2594 0.00151965
2595 0.00151965
2596 0.00151965
2597 0.00151965
2598 0.00151965
2599 0.00151965
2600 0.00151965
2601 0.00148588
2602 0.00148588
2603 0.00148588
2604 0.00148588
2605 0.00148588
2606 0.00148588
2607 0.00148588
2608 0.00148588
2609 0.00145211
2610 0.00145211
2611 0.00145211
2612 0.00145211
2613 0.00145211
2614 0.00145211
2615 0.00145211
2616 0.00145211
2617 0.00131703
2618 0.00131703
2619 0.00131703
2620 0.00131703
2621 0.00131703
2622 0.00131703
2623 0.00131703
2624 0.00131703
2625 0.00121572
2626 0.00121572
2627 0.00121572
2628 0.00121572
2629 0.00121572
2630 0.00121572
2631 0.00121572
2632 0.00121572
2633 0.00118195
2634 0.00118195
2635 0.00118195
2636 0.00118195
2637 0.00118195
2638 0.00118195
2639 0.00118195
2640 0.00118195
2641 0.00111441
2642 0.00111441
2643 0.00111441
2644 0.00111441
2645 0.00111441
2646 0.00111441
2647 0.00111441
2648 0.00111441
2649 0.00111441
2650 0.00111441
2651 0.00111441
2652 0.00111441
2653 0.00111441
2654 0.00111441
2655 0.00111441
2656 0.00111441
2657 0.00111441
2658 0.00111441
2659 0.00111441
2660 0.00111441
2661 0.00111441
2662 0.00111441
2663 0.00111441
2664 0.00111441
2665 0.00108064
2666 0.00108064
2667 0.00108064
2668 0.00108064
2669 0.00108064
2670 0.00108064
2671 0.00108064
2672 0.00108064
2673 0.00104687
2674 0.00104687
2675 0.00104687
2676 0.00104687
2677 0.00104687
2678 0.00104687
2679 0.00104687
2680 0.00104687
2681 0.00104687
2682 0.00104687
2683 0.00104687
2684 0.00104687
2685 0.00104687
2686 0.00104687
2687 0.00104687
2688 0.00104687
2689 0.00104687
2690 0.00104687
2691 0.00104687
2692 0.00104687
2693 0.00104687
2694 0.00104687
2695 0.00104687
2696 0.00104687
2697 0.0010131
2698 0.0010131
2699 0.0010131
2700 0.0010131
2701 0.0010131
2702 0.0010131
2703 0.0010131
2704 0.0010131
2705 0.000945563
2706 0.000945563
2707 0.000945563
2708 0.000945563
2709 0.000945563
2710 0.000945563
2711 0.000945563
2712 0.000945563
2713 0.000945563
2714 0.000945563
2715 0.000945563
2716 0.000945563
2717 0.000945563
2718 0.000945563
2719 0.000945563
2720 0.000945563
2721 0.000911793
2722 0.000911793
2723 0.000911793
2724 0.000911793
2725 0.000911793
2726 0.000911793
2727 0.000911793
2728 0.000911793
2729 0.000911793
2730 0.000911793
2731 0.000911793
2732 0.000911793
2733 0.000911793
2734 0.000911793
2735 0.000911793
2736 0.000911793
2737 0.000911793
2738 0.000911793
2739 0.000911793
2740 0.000911793
2741 0.000911793
2742 0.000911793
2743 0.000911793
2744 0.000911793
2745 0.000878022
2746 0.000878022
2747 0.000878022
2748 0.000878022
2749 0.000878022
2750 0.000878022
2751 0.000878022
2752 0.000878022
2753 0.000878022
2754 0.000878022
2755 0.000878022
2756 0.000878022
2757 0.000878022
2758 0.000878022
2759 0.000878022
2760 0.000878022
2761 0.000878022
2762 0.000878022
2763 0.000878022
2764 0.000878022
2765 0.000878022
2766 0.000878022
2767 0.000878022
2768 0.000878022
2769 0.000844252
2770 0.000844252
2771 0.000844252
2772 0.000844252
2773 0.000844252
2774 0.000844252
2775 0.000844252
2776 0.000844252
2777 0.000810482
2778 0.000810482
2779 0.000810482
2780 0.000810482
2781 0.000810482
2782 0.000810482
2783 0.000810482
2784 0.000810482
2785 0.000810482
2786 0.000810482
2787 0.000810482
2788 0.000810482
2789 0.000810482
2790 0.000810482
2791 0.000810482
2792 0.000810482
2793 0.000776712
2794 0.000776712
2795 0.000776712
2796 0.000776712
2797 0.000776712
2798 0.000776712
2799 0.000776712
2800 0.000776712
2801 0.000776712
2802 0.000776712
2803 0.000776712
2804 0.000776712
2805 0.000776712
2806 0.000776712
2807 0.000776712
2808 0.000776712
2809 0.000776712
2810 0.000776712
2811 0.000776712
2812 0.000776712
2813 0.000776712
2814 0.000776712
2815 0.000776712
2816 0.000776712
2817 0.000742942
2818 0.000742942
2819 0.000742942
2820 0.000742942
2821 0.000742942
2822 0.000742942
2823 0.000742942
2824 0.000742942
2825 0.000709172
2826 0.000709172
2827 0.000709172
2828 0.000709172
2829 0.000709172
2830 0.000709172
2831 0.000709172
2832 0.000709172
2833 0.000675402
2834 0.000675402
2835 0.000675402
2836 0.000675402
2837 0.000675402
2838 0.000675402
2839 0.000675402
2840 0.000675402
2841 0.000641632
2842 0.000641632
2843 0.000641632
2844 0.000641632
2845 0.000641632
2846 0.000641632
2847 0.000641632
2848 0.000641632
2849 0.000641632
2850 0.000641632
2851 0.000641632
2852 0.000641632
2853 0.000641632
2854 0.000641632
2855 0.000641632
2856 0.000641632
2857 0.000641632
2858 0.000641632
2859 0.000641632
2860 0.000641632
2861 0.000641632
2862 0.000641632
2863 0.000641632
2864 0.000641632
2865 0.000641632
2866 0.000641632
2867 0.000641632
2868 0.000641632
2869 0.000641632
2870 0.000641632
2871 0.000641632
2872 0.000641632
2873 0.000641632
2874 0.000641632
2875 0.000641632
2876 0.000641632
2877 0.000641632
2878 0.000641632
2879 0.000641632
2880 0.000641632
2881 0.000641632
2882 0.000641632
2883 0.000641632
2884 0.000641632
2885 0.000641632
2886 0.000641632
2887 0.000641632
2888 0.000641632
2889 0.000607862
2890 0.000607862
2891 0.000607862
2892 0.000607862
2893 0.000607862
2894 0.000607862
2895 0.000607862
2896 0.000607862
2897 0.000607862
2898 0.000607862
2899 0.000607862
2900 0.000607862
2901 0.000607862
2902 0.000607862
2903 0.000607862
2904 0.000607862
2905 0.000607862
2906 0.000607862
2907 0.000607862
2908 0.000607862
2909 0.000607862
2910 0.000607862
2911 0.000607862
2912 0.000607862
2913 0.000607862
2914 0.000607862
2915 0.000607862
2916 0.000607862
2917 0.000607862
2918 0.000607862
2919 0.000607862
2920 0.000607862
2921 0.000574092
2922 0.000574092
2923 0.000574092
2924 0.000574092
2925 0.000574092
2926 0.000574092
2927 0.000540322
2928 0.000540322
2929 0.000506551
2930 0.000506551
2931 0.000506551
2932 0.000506551
2933 0.000506551
2934 0.000506551
2935 0.000506551
2936 0.000506551
2937 0.000506551
2938 0.000506551
2939 0.000506551
2940 0.000506551
2941 0.000506551
2942 0.000506551
2943 0.000506551
2944 0.000506551
2945 0.000506551
2946 0.000506551
2947 0.000506551
2948 0.000506551
2949 0.000506551
2950 0.000506551
2951 0.000506551
2952 0.000506551
2953 0.000506551
2954 0.000506551
2955 0.000506551
2956 0.000506551
2957 0.000506551
2958 0.000506551
2959 0.000506551
2960 0.000506551
2961 0.000506551
2962 0.000506551
2963 0.000506551
2964 0.000506551
2965 0.000506551
2966 0.000506551
2967 0.000506551
2968 0.000506551
2969 0.000506551
2970 0.000506551
2971 0.000506551
2972 0.000506551
2973 0.000506551
2974 0.000506551
2975 0.000506551
2976 0.000506551
2977 0.000472781
2978 0.000472781
2979 0.000472781
2980 0.000472781
2981 0.000472781
2982 0.000472781
2983 0.000472781
2984 0.000472781
2985 0.000439011
2986 0.000439011
2987 0.000439011
2988 0.000439011
2989 0.000439011
2990 0.000439011
2991 0.000439011
2992 0.000439011
2993 0.000405241
2994 0.000405241
2995 0.000405241
2996 0.000405241
2997 0.000405241
2998 0.000405241
2999 0.000405241
3000 0.000405241
3001 0.000405241
3002 0.000405241
3003 0.000405241
3004 0.000405241
3005 0.000405241
3006 0.000405241
3007 0.000405241
3008 0.000405241
3009 0.000405241
3010 0.000405241
3011 0.000405241
3012 0.000405241
3013 0.000405241
3014 0.000405241
3015 0.000405241
3016 0.000405241
3017 0.000405241
3018 0.000405241
3019 0.000405241
3020 0.000405241
3021 0.000405241
3022 0.000405241
3023 0.000405241
3024 0.000405241
3025 0.000405241
3026 0.000405241
3027 0.000405241
3028 0.000405241
3029 0.000405241
3030 0.000405241
3031 0.000405241
3032 0.000405241
3033 0.000371471
3034 0.000371471
3035 0.000371471
3036 0.000371471
3037 0.000371471
3038 0.000371471
3039 0.000371471
3040 0.000371471
3041 0.000371471
3042 0.000371471
3043 0.000371471
3044 0.000371471
3045 0.000371471
3046 0.000371471
3047 0.000371471
3048 0.000371471
3049 0.000371471
3050 0.000371471
3051 0.000371471
3052 0.000371471
3053 0.000371471
3054 0.000371471
3055 0.000371471
3056 0.000371471
3057 0.000371471
3058 0.000371471
3059 0.000371471
3060 0.000371471
3061 0.000371471
3062 0.000371471
3063 0.000371471
3064 0.000371471
3065 0.000371471
3066 0.000371471
3067 0.000371471
3068 0.000371471
3069 0.000371471
3070 0.000371471
3071 0.000371471
3072 0.000371471
3073 0.000371471
3074 0.000371471
3075 0.000371471
3076 0.000371471
3077 0.000371471
3078 0.000371471
3079 0.000371471
3080 0.000371471
3081 0.000371471
3082 0.000371471
3083 0.000371471
3084 0.000371471
3085 0.000371471
3086 0.000371471
3087 0.000371471
3088 0.000371471
3089 0.000371471
3090 0.000371471
3091 0.000371471
3092 0.000371471
3093 0.000371471
3094 0.000371471
3095 0.000371471
3096 0.000371471
3097 0.000371471
3098 0.000371471
3099 0.000371471
3100 0.000371471
3101 0.000371471
3102 0.000371471
3103 0.000371471
3104 0.000371471
3105 0.000337701
3106 0.000337701
3107 0.000337701
3108 0.000337701
3109 0.000337701
3110 0.000337701
3111 0.000337701
3112 0.000337701
3113 0.000337701
3114 0.000337701
3115 0.000337701
3116 0.000337701
3117 0.000337701
3118 0.000337701
3119 0.000337701
3120 0.000337701
3121 0.000337701
3122 0.000337701
3123 0.000337701
3124 0.000337701
3125 0.000337701
3126 0.000337701
3127 0.000337701
3128 0.000337701
3129 0.000337701
3130 0.000337701
3131 0.000337701
3132 0.000337701
3133 0.000337701
3134 0.000337701
3135 0.000337701
3136 0.000337701
3137 0.000337701
3138 0.000337701
3139 0.000337701
3140 0.000337701
3141 0.000337701
3142 0.000337701
3143 0.000337701
3144 0.000337701
3145 0.000337701
3146 0.000337701
3147 0.000337701
3148 0.000337701
3149 0.000337701
3150 0.000337701
3151 0.000337701
3152 0.000337701
3153 0.000337701
3154 0.000337701
3155 0.000337701
3156 0.000337701
3157 0.000337701
3158 0.000337701
3159 0.000337701
3160 0.000337701
3161 0.000337701
3162 0.000337701
3163 0.000337701
3164 0.000337701
3165 0.000337701
3166 0.000337701
3167 0.000337701
3168 0.000337701
3169 0.000337701
3170 0.000337701
3171 0.000337701
3172 0.000337701
3173 0.000337701
3174 0.000337701
3175 0.000337701
3176 0.000337701
3177 0.000337701
3178 0.000337701
3179 0.000337701
3180 0.000337701
3181 0.000337701
3182 0.000337701
3183 0.000337701
3184 0.000337701
3185 0.000337701
3186 0.000337701
3187 0.000337701
3188 0.000337701
3189 0.000337701
3190 0.000337701
3191 0.000337701
3192 0.000337701
3193 0.000337701
3194 0.000337701
3195 0.000337701
3196 0.000337701
3197 0.000337701
3198 0.000337701
3199 0.000337701
3200 0.000337701
3201 0.000337701
3202 0.000337701
3203 0.000337701
3204 0.000337701
3205 0.000337701
3206 0.000337701
3207 0.000337701
3208 0.000337701
3209 0.000337701
3210 0.000337701
3211 0.000337701
3212 0.000337701
3213 0.000337701
3214 0.000337701
3215 0.000337701
3216 0.000337701
3217 0.000337701
3218 0.000337701
3219 0.000337701
3220 0.000337701
3221 0.000337701
3222 0.000337701
3223 0.000337701
3224 0.000337701
3225 0.000337701
3226 0.000337701
3227 0.000337701
3228 0.000337701
3229 0.000337701
3230 0.000337701
3231 0.000337701
3232 0.000337701
3233 0.000337701
3234 0.000337701
3235 0.000337701
3236 0.000337701
3237 0.000337701
3238 0.000337701
3239 0.000337701
3240 0.000337701
3241 0.000337701
3242 0.000337701
3243 0.000337701
3244 0.000337701
3245 0.000337701
3246 0.000337701
3247 0.000337701
3248 0.000337701
3249 0.000337701
3250 0.000337701
3251 0.000337701
3252 0.000337701
3253 0.000337701
3254 0.000337701
3255 0.000337701
3256 0.000337701
3257 0.000337701
3258 0.000337701
3259 0.000337701
3260 0.000337701
3261 0.000337701
3262 0.000337701
3263 0.000337701
3264 0.000337701
3265 0.000337701
3266 0.000337701
3267 0.000337701
3268 0.000337701
3269 0.000337701
3270 0.000337701
3271 0.000337701
3272 0.000337701
3273 0.000337701
3274 0.000337701
3275 0.000337701
3276 0.000337701
3277 0.000337701
3278 0.000337701
3279 0.000337701
3280 0.000337701
3281 0.000337701
3282 0.000337701
3283 0.000337701
3284 0.000337701
3285 0.000337701
3286 0.000337701
3287 0.000337701
3288 0.000337701
3289 0.000337701
3290 0.000337701
3291 0.000337701
3292 0.000337701
3293 0.000337701
3294 0.000337701
3295 0.000337701
3296 0.000337701
3297 0.000337701
3298 0.000337701
3299 0.000337701
3300 0.000337701
3301 0.000337701
3302 0.000337701
3303 0.000337701
3304 0.000337701
3305 0.000337701
3306 0.000337701
3307 0.000337701
3308 0.000337701
3309 0.000337701
3310 0.000337701
3311 0.000337701
3312 0.000337701
3313 0.000303931
3314 0.000303931
3315 0.000303931
3316 0.000303931
3317 0.000303931
3318 0.000303931
3319 0.000303931
3320 0.000303931
3321 0.000303931
3322 0.000303931
3323 0.000303931
3324 0.000303931
3325 0.000303931
3326 0.000303931
3327 0.000303931
3328 0.000303931
3329 0.000303931
3330 0.000303931
3331 0.000303931
3332 0.000303931
3333 0.000303931
3334 0.000303931
3335 0.000303931
3336 0.000303931
3337 0.000303931
3338 0.000303931
3339 0.000303931
3340 0.000303931
3341 0.000303931
3342 0.000303931
3343 0.000303931
3344 0.000303931
3345 0.000303931
3346 0.000303931
3347 0.000303931
3348 0.000303931
3349 0.000303931
3350 0.000303931
3351 0.000303931
3352 0.000303931
3353 0.000303931
3354 0.000303931
3355 0.000303931
3356 0.000303931
3357 0.000303931
3358 0.000303931
3359 0.000303931
3360 0.000303931
3361 0.000303931
3362 0.000303931
3363 0.000303931
3364 0.000303931
3365 0.000303931
3366 0.000303931
3367 0.000303931
3368 0.000303931
3369 0.000303931
3370 0.000303931
3371 0.000303931
3372 0.000303931
3373 0.000303931
3374 0.000303931
3375 0.000303931
3376 0.000303931
3377 0.000270161
3378 0.000270161
3379 0.000270161
3380 0.000270161
3381 0.000270161
3382 0.000270161
3383 0.000270161
3384 0.000270161
3385 0.000270161
3386 0.000270161
3387 0.000270161
3388 0.000270161
3389 0.000270161
3390 0.000270161
3391 0.000270161
3392 0.000270161
3393 0.000270161
3394 0.000270161
3395 0.000270161
3396 0.000270161
3397 0.000270161
3398 0.000270161
3399 0.000270161
3400 0.000270161
3401 0.000270161
3402 0.000270161
3403 0.000270161
3404 0.000270161
3405 0.000270161
3406 0.000270161
3407 0.000270161
3408 0.000270161
3409 0.000270161
3410 0.000270161
3411 0.000270161
3412 0.000270161
3413 0.000270161
3414 0.000270161
3415 0.000270161
3416 0.000270161
3417 0.000270161
3418 0.000270161
3419 0.000270161
3420 0.000270161
3421 0.000270161
3422 0.000270161
3423 0.000270161
3424 0.000270161
3425 0.000236391
3426 0.000236391
3427 0.000236391
3428 0.000236391
3429 0.000236391
3430 0.000236391
3431 0.000236391
3432 0.000236391
3433 0.000236391
3434 0.000236391
3435 0.000236391
3436 0.000236391
3437 0.000236391
3438 0.000236391
3439 0.000236391
3440 0.000236391
3441 0.000236391
3442 0.000236391
3443 0.000236391
3444 0.000236391
3445 0.000236391
3446 0.000236391
3447 0.000236391
3448 0.000236391
3449 0.000236391
3450 0.000236391
3451 0.000236391
3452 0.000236391
3453 0.000236391
3454 0.000236391
3455 0.000236391
3456 0.000236391
3457 0.000236391
3458 0.000236391
3459 0.000236391
3460 0.000236391
3461 0.000236391
3462 0.000236391
3463 0.000236391
3464 0.000236391
3465 0.000236391
3466 0.000236391
3467 0.000236391
3468 0.000236391
3469 0.000236391
3470 0.000236391
3471 0.000236391
3472 0.000236391
3473 0.000236391
3474 0.000236391
3475 0.000236391
3476 0.000236391
3477 0.000236391
3478 0.000236391
3479 0.000236391
3480 0.000236391
3481 0.000236391
3482 0.000236391
3483 0.000236391
3484 0.000236391
3485 0.000236391
3486 0.000236391
3487 0.000236391
3488 0.000236391
3489 0.000236391
3490 0.000236391
3491 0.000236391
3492 0.000236391
3493 0.000236391
3494 0.000236391
3495 0.000236391
3496 0.000236391
3497 0.000236391
3498 0.000236391
3499 0.000236391
3500 0.000236391
3501 0.000236391
3502 0.000236391
3503 0.000236391
3504 0.000236391
3505 0.000236391
3506 0.000236391
3507 0.000236391
3508 0.000236391
3509 0.000236391
3510 0.000236391
3511 0.000236391
3512 0.000236391
3513 0.000236391
3514 0.000236391
3515 0.000236391
3516 0.000236391
3517 0.000236391
3518 0.000236391
3519 0.000236391
3520 0.000236391
3521 0.000236391
3522 0.000236391
3523 0.000236391
3524 0.000236391
3525 0.000236391
3526 0.000236391
3527 0.000236391
3528 0.000236391
3529 0.000202621
3530 0.000202621
3531 0.000202621
3532 0.000202621
3533 0.000202621
3534 0.000202621
3535 0.000202621
3536 0.000202621
3537 0.000202621
3538 0.000202621
3539 0.000202621
3540 0.000202621
3541 0.000202621
3542 0.000202621
3543 0.000202621
3544 0.000202621
3545 0.000202621
3546 0.000202621
3547 0.000202621
3548 0.000202621
3549 0.000202621
3550 0.000202621
3551 0.000202621
3552 0.000202621
3553 0.000202621
3554 0.000202621
3555 0.000202621
3556 0.000202621
3557 0.000202621
3558 0.000202621
3559 0.000202621
3560 0.000202621
3561 0.000202621
3562 0.000202621
3563 0.000202621
3564 0.000202621
3565 0.000202621
3566 0.000202621
3567 0.000202621
3568 0.000202621
3569 0.000202621
3570 0.000202621
3571 0.000202621
3572 0.000202621
3573 0.000202621
3574 0.000202621
3575 0.000202621
3576 0.000202621
3577 0.000202621
3578 0.000202621
3579 0.000202621
3580 0.000202621
3581 0.000202621
3582 0.000202621
3583 0.000202621
3584 0.000202621
3585 0.000202621
3586 0.000202621
3587 0.000202621
3588 0.000202621
3589 0.000202621
3590 0.000202621
3591 0.000202621
3592 0.000202621
3593 0.000202621
3594 0.000202621
3595 0.000202621
3596 0.000202621
3597 0.000202621
3598 0.000202621
3599 0.000202621
3600 0.000202621
3601 0.000202621
3602 0.000202621
3603 0.000202621
3604 0.000202621
3605 0.000202621
3606 0.000202621
3607 0.000202621
3608 0.000202621
3609 0.000202621
3610 0.000202621
3611 0.000202621
3612 0.000202621
3613 0.000202621
3614 0.000202621
3615 0.000202621
3616 0.000202621
3617 0.000202621
3618 0.000202621
3619 0.000202621
3620 0.000202621
3621 0.000202621
3622 0.000202621
3623 0.000202621
3624 0.000202621
3625 0.000202621
3626 0.000202621
3627 0.000202621
3628 0.000202621
3629 0.000202621
3630 0.000202621
3631 0.000202621
3632 0.000202621
3633 0.000202621
3634 0.000202621
3635 0.000202621
3636 0.000202621
3637 0.000202621
3638 0.000202621
3639 0.000202621
3640 0.000202621
3641 0.000202621
3642 0.000202621
3643 0.000202621
3644 0.000202621
3645 0.000202621
3646 0.000202621
3647 0.000202621
3648 0.000202621
3649 0.000202621
3650 0.000202621
3651 0.000202621
3652 0.000202621
3653 0.000202621
3654 0.000202621
3655 0.000202621
3656 0.000202621
3657 0.000202621
3658 0.000202621
3659 0.000202621
3660 0.000202621
3661 0.000202621
3662 0.000202621
3663 0.000202621
3664 0.000202621
3665 0.000202621
3666 0.000202621
3667 0.000202621
3668 0.000202621
3669 0.000202621
3670 0.000202621
3671 0.000202621
3672 0.000202621
3673 0.000202621
3674 0.000202621
3675 0.000202621
3676 0.000202621
3677 0.000202621
3678 0.000202621
3679 0.000202621
3680 0.000202621
3681 0.000202621
3682 0.000202621
3683 0.000202621
3684 0.000202621
3685 0.000202621
3686 0.000202621
3687 0.000202621
3688 0.000202621
3689 0.00016885
3690 0.00016885
3691 0.00016885
3692 0.00016885
3693 0.00016885
3694 0.00016885
3695 0.00016885
3696 0.00016885
3697 0.00010131
3698 0.00010131
3699 0.00010131
3700 0.00010131
3701 0.00010131
3702 0.00010131
3703 0.00010131
3704 0.00010131
3705 0.00010131
3706 0.00010131
3707 0.00010131
3708 0.00010131
3709 0.00010131
3710 0.00010131
3711 0.00010131
3712 0.00010131
3713 0.00010131
3714 0.00010131
3715 0.00010131
3716 0.00010131
3717 0.00010131
3718 0.00010131
3719 0.00010131
3720 0.00010131
3721 0.00010131
3722 0.00010131
3723 0.00010131
3724 0.00010131
3725 0.00010131
3726 0.00010131
3727 0.00010131
3728 0.00010131
3729 0.00010131
3730 0.00010131
3731 0.00010131
3732 0.00010131
3733 0.00010131
3734 0.00010131
3735 0.00010131
3736 0.00010131
3737 0.00010131
3738 0.00010131
3739 0.00010131
3740 0.00010131
3741 0.00010131
3742 0.00010131
3743 0.00010131
3744 0.00010131
3745 0.00010131
3746 0.00010131
3747 0.00010131
3748 0.00010131
3749 0.00010131
3750 0.00010131
3751 0.00010131
3752 0.00010131
3753 0.00010131
3754 0.00010131
3755 0.00010131
3756 0.00010131
3757 0.00010131
3758 0.00010131
3759 0.00010131
3760 0.00010131
3761 0.00010131
3762 0.00010131
3763 0.00010131
3764 0.00010131
3765 0.00010131
3766 0.00010131
3767 0.00010131
3768 0.00010131
3769 0.00010131
3770 0.00010131
3771 0.00010131
3772 0.00010131
3773 0.00010131
3774 0.00010131
3775 0.00010131
3776 0.00010131
3777 0.00010131
3778 0.00010131
3779 0.00010131
3780 0.00010131
3781 0.00010131
3782 0.00010131
3783 0.00010131
3784 0.00010131
3785 0.00010131
3786 0.00010131
3787 0.00010131
3788 0.00010131
3789 0.00010131
3790 0.00010131
3791 0.00010131
3792 0.00010131
3793 0.00010131
3794 0.00010131
3795 0.00010131
3796 0.00010131
3797 0.00010131
3798 0.00010131
3799 0.00010131
3800 0.00010131
3801 0.00010131
3802 0.00010131
3803 0.00010131
3804 0.00010131
3805 0.00010131
3806 0.00010131
3807 0.00010131
3808 0.00010131
3809 0.00010131
3810 0.00010131
3811 0.00010131
3812 0.00010131
3813 0.00010131
3814 0.00010131
3815 0.00010131
3816 0.00010131
3817 0.00010131
3818 0.00010131
3819 0.00010131
3820 0.00010131
3821 0.00010131
3822 0.00010131
3823 0.00010131
3824 0.00010131
3825 0.00010131
3826 0.00010131
3827 0.00010131
3828 0.00010131
3829 0.00010131
3830 0.00010131
3831 0.00010131
3832 0.00010131
3833 0.00010131
3834 0.00010131
3835 0.00010131
3836 0.00010131
3837 0.00010131
3838 0.00010131
3839 0.00010131
3840 0.00010131
3841 0.00010131
3842 0.00010131
3843 0.00010131
3844 0.00010131
3845 0.00010131
3846 0.00010131
3847 0.00010131
3848 0.00010131
3849 0.00010131
3850 0.00010131
3851 0.00010131
3852 0.00010131
3853 0.00010131
3854 0.00010131
3855 0.00010131
3856 0.00010131
3857 0.00010131
3858 0.00010131
3859 0.00010131
3860 0.00010131
3861 0.00010131
3862 0.00010131
3863 0.00010131
3864 0.00010131
3865 0.00010131
3866 0.00010131
3867 0.00010131
3868 0.00010131
3869 0.00010131
3870 0.00010131
3871 0.00010131
3872 0.00010131
3873 0.00010131
3874 0.00010131
3875 0.00010131
3876 0.00010131
3877 0.00010131
3878 0.00010131
3879 0.00010131
3880 0.00010131
3881 0.00010131
3882 0.00010131
3883 0.00010131
3884 0.00010131
3885 0.00010131
3886 0.00010131
3887 0.00010131
3888 0.00010131
3889 0.00010131
3890 0.00010131
3891 0.00010131
3892 0.00010131
3893 0.00010131
3894 0.00010131
3895 0.00010131
3896 0.00010131
3897 0.00010131
3898 0.00010131
3899 0.00010131
3900 0.00010131
3901 0.00010131
3902 0.00010131
3903 0.00010131
3904 0.00010131
3905 0.00010131
3906 0.00010131
3907 0.00010131
3908 0.00010131
3909 0.00010131
3910 0.00010131
3911 0.00010131
3912 0.00010131
3913 0.00010131
3914 0.00010131
3915 0.00010131
3916 0.00010131
3917 0.00010131
3918 0.00010131
3919 0.00010131
3920 0.00010131
3921 0.00010131
3922 0.00010131
3923 0.00010131
3924 0.00010131
3925 0.00010131
3926 0.00010131
3927 0.00010131
3928 0.00010131
3929 0.00010131
3930 0.00010131
3931 0.00010131
3932 0.00010131
3933 0.00010131
3934 0.00010131
3935 0.00010131
3936 0.00010131
3937 0.00010131
3938 0.00010131
3939 0.00010131
3940 0.00010131
3941 0.00010131
3942 0.00010131
3943 0.00010131
3944 0.00010131
3945 0.00010131
3946 0.00010131
3947 0.00010131
3948 0.00010131
3949 0.00010131
3950 0.00010131
3951 0.00010131
3952 0.00010131
3953 0.00010131
3954 0.00010131
3955 0.00010131
3956 0.00010131
3957 0.00010131
3958 0.00010131
3959 0.00010131
3960 0.00010131
3961 0.00010131
3962 0.00010131
3963 0.00010131
3964 0.00010131
3965 0.00010131
3966 0.00010131
3967 0.00010131
3968 0.00010131
3969 0.00010131
3970 0.00010131
3971 0.00010131
3972 0.00010131
3973 0.00010131
3974 0.00010131
3975 0.00010131
3976 0.00010131
3977 0.00010131
3978 0.00010131
3979 0.00010131
3980 0.00010131
3981 0.00010131
3982 0.00010131
3983 0.00010131
3984 0.00010131
3985 0.00010131
3986 0.00010131
3987 0.00010131
3988 0.00010131
3989 0.00010131
3990 0.00010131
3991 0.00010131
3992 0.00010131
3993 0.00010131
3994 0.00010131
3995 0.00010131
3996 0.00010131
3997 0.00010131
3998 0.00010131
3999 0.00010131
4000 0.00010131
4001 0.00010131
4002 0.00010131
4003 0.00010131
4004 0.00010131
4005 0.00010131
4006 0.00010131
4007 0.00010131
4008 0.00010131
4009 0.00010131
4010 0.00010131
4011 0.00010131
4012 0.00010131
4013 0.00010131
4014 0.00010131
4015 0.00010131
4016 0.00010131
4017 0.00010131
4018 0.00010131
4019 0.00010131
4020 0.00010131
4021 0.00010131
4022 0.00010131
4023 0.00010131
4024 0.00010131
4025 0.00010131
4026 0.00010131
4027 0.00010131
4028 0.00010131
4029 0.00010131
4030 0.00010131
4031 0.00010131
4032 0.00010131
4033 0.00010131
4034 0.00010131
4035 0.00010131
4036 0.00010131
4037 0.00010131
4038 0.00010131
4039 0.00010131
4040 0.00010131
4041 0.00010131
4042 0.00010131
4043 0.00010131
4044 0.00010131
4045 0.00010131
4046 0.00010131
4047 0.00010131
4048 0.00010131
4049 0.00010131
4050 0.00010131
4051 0.00010131
4052 0.00010131
4053 0.00010131
4054 0.00010131
4055 0.00010131
4056 0.00010131
4057 0.00010131
4058 0.00010131
4059 0.00010131
4060 0.00010131
4061 0.00010131
4062 0.00010131
4063 0.00010131
4064 0.00010131
4065 0.00010131
4066 0.00010131
4067 0.00010131
4068 0.00010131
4069 0.00010131
4070 0.00010131
4071 0.00010131
4072 0.00010131
4073 0.00010131
4074 0.00010131
4075 0.00010131
4076 0.00010131
4077 0.00010131
4078 0.00010131
4079 0.00010131
4080 0.00010131
4081 0.00010131
4082 0.00010131
4083 0.00010131
4084 0.00010131
4085 0.00010131
4086 0.00010131
4087 0.00010131
4088 0.00010131
4089 0.00010131
4090 0.00010131
4091 0.00010131
4092 0.00010131
4093 0.00010131
4094 0.00010131
4095 0.00010131
4096 0.00010131
4097 0.00010131
4098 0.00010131
4099 0.00010131
4100 0.00010131
4101 0.00010131
4102 0.00010131
4103 0.00010131
4104 0.00010131
4105 0.00010131
4106 0.00010131
4107 0.00010131
4108 0.00010131
4109 0.00010131
4110 0.00010131
4111 0.00010131
4112 0.00010131
4113 0.00010131
4114 0.00010131
4115 0.00010131
4116 0.00010131
4117 0.00010131
4118 0.00010131
4119 0.00010131
4120 0.00010131
4121 0.00010131
4122 0.00010131
4123 0.00010131
4124 0.00010131
4125 0.00010131
4126 0.00010131
4127 0.00010131
4128 0.00010131
4129 0.00010131
4130 0.00010131
4131 0.00010131
4132 0.00010131
4133 0.00010131
4134 0.00010131
4135 0.00010131
4136 0.00010131
4137 0.00010131
4138 0.00010131
4139 0.00010131
4140 0.00010131
4141 0.00010131
4142 0.00010131
4143 0.00010131
4144 0.00010131
4145 0.00010131
4146 0.00010131
4147 0.00010131
4148 0.00010131
4149 0.00010131
4150 0.00010131
4151 0.00010131
4152 0.00010131
4153 0.00010131
4154 0.00010131
4155 0.00010131
4156 0.00010131
4157 0.00010131
4158 0.00010131
4159 0.00010131
4160 0.00010131
4161 0.00010131
4162 0.00010131
4163 0.00010131
4164 0.00010131
4165 0.00010131
4166 0.00010131
4167 0.00010131
4168 0.00010131
4169 0.00010131
4170 0.00010131
4171 0.00010131
4172 0.00010131
4173 0.00010131
4174 0.00010131
4175 0.00010131
4176 0.00010131
4177 0.00010131
4178 0.00010131
4179 0.00010131
4180 0.00010131
4181 0.00010131
4182 0.00010131
4183 0.00010131
4184 0.00010131
4185 0.00010131
4186 0.00010131
4187 0.00010131
4188 0.00010131
4189 0.00010131
4190 0.00010131
4191 0.00010131
4192 0.00010131
4193 0.00010131
4194 0.00010131
4195 0.00010131
4196 0.00010131
4197 0.00010131
4198 0.00010131
4199 0.00010131
4200 0.00010131
4201 0.00010131
4202 0.00010131
4203 0.00010131
4204 0.00010131
4205 0.00010131
4206 0.00010131
4207 0.00010131
4208 0.00010131
4209 0.00010131
4210 0.00010131
4211 0.00010131
4212 0.00010131
4213 0.00010131
4214 0.00010131
4215 0.00010131
4216 0.00010131
4217 0.00010131
4218 0.00010131
4219 0.00010131
4220 0.00010131
4221 0.00010131
4222 0.00010131
4223 0.00010131
4224 0.00010131
4225 0.00010131
4226 0.00010131
4227 0.00010131
4228 0.00010131
4229 0.00010131
4230 0.00010131
4231 0.00010131
4232 0.00010131
4233 0.00010131
4234 0.00010131
4235 0.00010131
4236 0.00010131
4237 0.00010131
4238 0.00010131
4239 0.00010131
4240 0.00010131
4241 0.00010131
4242 0.00010131
4243 0.00010131
4244 0.00010131
4245 0.00010131
4246 0.00010131
4247 0.00010131
4248 0.00010131
4249 0.00010131
4250 0.00010131
4251 0.00010131
4252 0.00010131
4253 0.00010131
4254 0.00010131
4255 0.00010131
4256 0.00010131
4257 0.00010131
4258 0.00010131
4259 0.00010131
4260 0.00010131
4261 0.00010131
4262 0.00010131
4263 0.00010131
4264 0.00010131
4265 0.00010131
4266 0.00010131
4267 0.00010131
4268 0.00010131
4269 0.00010131
4270 0.00010131
4271 0.00010131
4272 0.00010131
4273 0.00010131
4274 0.00010131
4275 0.00010131
4276 0.00010131
4277 0.00010131
4278 0.00010131
4279 0.00010131
4280 0.00010131
4281 0.00010131
4282 0.00010131
4283 0.00010131
4284 0.00010131
4285 0.00010131
4286 0.00010131
4287 0.00010131
4288 0.00010131
4289 0.00010131
4290 0.00010131
4291 0.00010131
4292 0.00010131
4293 0.00010131
4294 0.00010131
4295 0.00010131
4296 0.00010131
4297 0.00010131
4298 0.00010131
4299 0.00010131
4300 0.00010131
4301 0.00010131
4302 0.00010131
4303 0.00010131
4304 0.00010131
4305 0.00010131
4306 0.00010131
4307 0.00010131
4308 0.00010131
4309 0.00010131
4310 0.00010131
4311 0.00010131
4312 0.00010131
4313 0.00010131
4314 0.00010131
4315 0.00010131
4316 0.00010131
4317 0.00010131
4318 0.00010131
4319 0.00010131
4320 0.00010131
4321 0.00010131
4322 0.00010131
4323 0.00010131
4324 0.00010131
4325 0.00010131
4326 0.00010131
4327 0.00010131
4328 0.00010131
4329 0.00010131
4330 0.00010131
4331 0.00010131
4332 0.00010131
4333 0.00010131
4334 0.00010131
4335 0.00010131
4336 0.00010131
4337 0.00010131
4338 0.00010131
4339 0.00010131
4340 0.00010131
4341 0.00010131
4342 0.00010131
4343 0.00010131
4344 0.00010131
4345 0.00010131
4346 0.00010131
4347 0.00010131
4348 0.00010131
4349 0.00010131
4350 0.00010131
4351 0.00010131
4352 0.00010131
4353 0.00010131
4354 0.00010131
4355 0.00010131
4356 0.00010131
4357 0.00010131
4358 0.00010131
4359 0.00010131
4360 0.00010131
4361 0.00010131
4362 0.00010131
4363 0.00010131
4364 0.00010131
4365 0.00010131
4366 0.00010131
4367 0.00010131
4368 0.00010131
4369 0.00010131
4370 0.00010131
4371 0.00010131
4372 0.00010131
4373 0.00010131
4374 0.00010131
4375 0.00010131
4376 0.00010131
4377 0.00010131
4378 0.00010131
4379 0.00010131
4380 0.00010131
4381 0.00010131
4382 0.00010131
4383 0.00010131
4384 0.00010131
4385 0.00010131
4386 0.00010131
4387 0.00010131
4388 0.00010131
4389 0.00010131
4390 0.00010131
4391 0.00010131
4392 0.00010131
4393 0.00010131
4394 0.00010131
4395 0.00010131
4396 0.00010131
4397 0.00010131
4398 0.00010131
4399 0.00010131
4400 0.00010131
4401 0.00010131
4402 0.00010131
4403 0.00010131
4404 0.00010131
4405 0.00010131
4406 0.00010131
4407 0.00010131
4408 0.00010131
4409 0.00010131
4410 0.00010131
4411 0.00010131
4412 0.00010131
4413 0.00010131
4414 0.00010131
4415 0.00010131
4416 0.00010131
4417 0.00010131
4418 0.00010131
4419 0.00010131
4420 0.00010131
4421 0.00010131
4422 0.00010131
4423 0.00010131
4424 0.00010131
4425 0.00010131
4426 0.00010131
4427 0.00010131
4428 0.00010131
4429 0.00010131
4430 0.00010131
4431 0.00010131
4432 0.00010131
4433 0.00010131
4434 0.00010131
4435 0.00010131
4436 0.00010131
4437 0.00010131
4438 0.00010131
4439 0.00010131
4440 0.00010131
4441 0.00010131
4442 0.00010131
4443 0.00010131
4444 0.00010131
4445 0.00010131
4446 0.00010131
4447 0.00010131
4448 0.00010131
4449 0.00010131
4450 0.00010131
4451 0.00010131
4452 0.00010131
4453 0.00010131
4454 0.00010131
4455 0.00010131
4456 0.00010131
4457 0.00010131
4458 0.00010131
4459 0.00010131
4460 0.00010131
4461 0.00010131
4462 0.00010131
4463 0.00010131
4464 0.00010131
4465 0.00010131
4466 0.00010131
4467 0.00010131
4468 0.00010131
4469 0.00010131
4470 0.00010131
4471 0.00010131
4472 0.00010131
4473 0.00010131
4474 0.00010131
4475 0.00010131
4476 0.00010131
4477 0.00010131
4478 0.00010131
4479 0.00010131
4480 0.00010131
4481 0.00010131
4482 0.00010131
4483 0.00010131
4484 0.00010131
4485 0.00010131
4486 0.00010131
4487 0.00010131
4488 0.00010131
4489 0.00010131
4490 0.00010131
4491 0.00010131
4492 0.00010131
4493 0.00010131
4494 0.00010131
4495 0.00010131
4496 0.00010131
4497 0.00010131
4498 0.00010131
4499 0.00010131
4500 0.00010131
4501 0.00010131
4502 0.00010131
4503 0.00010131
4504 0.00010131
4505 0.00010131
4506 0.00010131
4507 0.00010131
4508 0.00010131
4509 0.00010131
4510 0.00010131
4511 0.00010131
4512 0.00010131
4513 0.00010131
4514 0.00010131
4515 0.00010131
4516 0.00010131
4517 0.00010131
4518 0.00010131
4519 0.00010131
4520 0.00010131
4521 0.00010131
4522 0.00010131
4523 0.00010131
4524 0.00010131
4525 0.00010131
4526 0.00010131
4527 0.00010131
4528 0.00010131
4529 0.00010131
4530 0.00010131
4531 0.00010131
4532 0.00010131
4533 0.00010131
4534 0.00010131
4535 0.00010131
4536 0.00010131
4537 0.00010131
4538 0.00010131
4539 0.00010131
4540 0.00010131
4541 0.00010131
4542 0.00010131
4543 0.00010131
4544 0.00010131
4545 0.00010131
4546 0.00010131
4547 0.00010131
4548 0.00010131
4549 0.00010131
4550 0.00010131
4551 0.00010131
4552 0.00010131
4553 0.00010131
4554 0.00010131
4555 0.00010131
4556 0.00010131
4557 0.00010131
4558 0.00010131
4559 0.00010131
4560 0.00010131
4561 0.00010131
4562 0.00010131
4563 0.00010131
4564 0.00010131
4565 0.00010131
4566 0.00010131
4567 0.00010131
4568 0.00010131
4569 0.00010131
4570 0.00010131
4571 0.00010131
4572 0.00010131
4573 0.00010131
4574 0.00010131
4575 0.00010131
4576 0.00010131
4577 0.00010131
4578 0.00010131
4579 0.00010131
4580 0.00010131
4581 0.00010131
4582 0.00010131
4583 0.00010131
4584 0.00010131
4585 0.00010131
4586 0.00010131
4587 0.00010131
4588 0.00010131
4589 0.00010131
4590 0.00010131
4591 0.00010131
4592 0.00010131
4593 0.00010131
4594 0.00010131
4595 0.00010131
4596 0.00010131
4597 0.00010131
4598 0.00010131
4599 0.00010131
4600 0.00010131
4601 0.00010131
4602 0.00010131
4603 0.00010131
4604 0.00010131
4605 0.00010131
4606 0.00010131
4607 0.00010131
4608 0.00010131
4609 0.00010131
4610 0.00010131
4611 0.00010131
4612 0.00010131
4613 0.00010131
4614 0.00010131
4615 0.00010131
4616 0.00010131
4617 0.00010131
4618 0.00010131
4619 0.00010131
4620 0.00010131
4621 0.00010131
4622 0.00010131
4623 0.00010131
4624 0.00010131
4625 0.00010131
4626 0.00010131
4627 0.00010131
4628 0.00010131
4629 0.00010131
4630 0.00010131
4631 0.00010131
4632 0.00010131
4633 0.00010131
4634 0.00010131
4635 0.00010131
4636 0.00010131
4637 0.00010131
4638 0.00010131
4639 0.00010131
4640 0.00010131
4641 0.00010131
4642 0.00010131
4643 0.00010131
4644 0.00010131
4645 0.00010131
4646 0.00010131
4647 0.00010131
4648 0.00010131
4649 0.00010131
4650 0.00010131
4651 0.00010131
4652 0.00010131
4653 0.00010131
4654 0.00010131
4655 0.00010131
4656 0.00010131
4657 0.00010131
4658 0.00010131
4659 0.00010131
4660 0.00010131
4661 0.00010131
4662 0.00010131
4663 0.00010131
4664 0.00010131
4665 0.00010131
4666 0.00010131
4667 0.00010131
4668 0.00010131
4669 0.00010131
4670 0.00010131
4671 0.00010131
4672 0.00010131
4673 0.00010131
4674 0.00010131
4675 0.00010131
4676 0.00010131
4677 0.00010131
4678 0.00010131
4679 0.00010131
4680 0.00010131
4681 0.00010131
4682 0.00010131
4683 0.00010131
4684 0.00010131
4685 0.00010131
4686 0.00010131
4687 0.00010131
4688 0.00010131
4689 0.00010131
4690 0.00010131
4691 0.00010131
4692 0.00010131
4693 0.00010131
4694 0.00010131
4695 0.00010131
4696 0.00010131
4697 0.00010131
4698 0.00010131
4699 0.00010131
4700 0.00010131
4701 0.00010131
4702 0.00010131
4703 0.00010131
4704 0.00010131
4705 0.00010131
4706 0.00010131
4707 0.00010131
4708 0.00010131
4709 0.00010131
4710 0.00010131
4711 0.00010131
4712 0.00010131
4713 0.00010131
4714 0.00010131
4715 0.00010131
4716 0.00010131
4717 0.00010131
4718 0.00010131
4719 0.00010131
4720 0.00010131
4721 0.00010131
4722 0.00010131
4723 0.00010131
4724 0.00010131
4725 0.00010131
4726 0.00010131
4727 0.00010131
4728 0.00010131
4729 0.00010131
4730 0.00010131
4731 0.00010131
4732 0.00010131
4733 0.00010131
4734 0.00010131
4735 0.00010131
4736 0.00010131
4737 0.00010131
4738 0.00010131
4739 0.00010131
4740 0.00010131
4741 0.00010131
4742 0.00010131
4743 0.00010131
4744 0.00010131
4745 0.00010131
4746 0.00010131
4747 0.00010131
4748 0.00010131
4749 0.00010131
4750 0.00010131
4751 0.00010131
4752 0.00010131
4753 0.00010131
4754 0.00010131
4755 0.00010131
4756 0.00010131
4757 0.00010131
4758 0.00010131
4759 0.00010131
4760 0.00010131
4761 0.00010131
4762 0.00010131
4763 0.00010131
4764 0.00010131
4765 0.00010131
4766 0.00010131
4767 0.00010131
4768 0.00010131
4769 0.00010131
4770 0.00010131
4771 0.00010131
4772 0.00010131
4773 0.00010131
4774 0.00010131
4775 0.00010131
4776 0.00010131
4777 0.00010131
4778 0.00010131
4779 0.00010131
4780 0.00010131
4781 0.00010131
4782 0.00010131
4783 0.00010131
4784 0.00010131
4785 0.00010131
4786 0.00010131
4787 0.00010131
4788 0.00010131
4789 0.00010131
4790 0.00010131
4791 0.00010131
4792 0.00010131
4793 6.75402e-05
4794 6.75402e-05
4795 6.75402e-05
4796 6.75402e-05
4797 6.75402e-05
4798 6.75402e-05
4799 6.75402e-05
4800 6.75402e-05
4801 6.75402e-05
4802 6.75402e-05
4803 6.75402e-05
4804 6.75402e-05
4805 6.75402e-05
4806 6.75402e-05
4807 6.75402e-05
4808 6.75402e-05
4809 6.75402e-05
4810 6.75402e-05
4811 6.75402e-05
4812 6.75402e-05
4813 6.75402e-05
4814 6.75402e-05
4815 6.75402e-05
4816 6.75402e-05
4817 6.75402e-05
4818 6.75402e-05
4819 6.75402e-05
4820 6.75402e-05
4821 6.75402e-05
4822 6.75402e-05
4823 6.75402e-05
4824 6.75402e-05
4825 6.75402e-05
4826 6.75402e-05
4827 6.75402e-05
4828 6.75402e-05
4829 6.75402e-05
4830 6.75402e-05
4831 6.75402e-05
4832 6.75402e-05
4833 6.75402e-05
4834 6.75402e-05
4835 6.75402e-05
4836 6.75402e-05
4837 6.75402e-05
4838 6.75402e-05
4839 6.75402e-05
4840 6.75402e-05
4841 6.75402e-05
4842 6.75402e-05
4843 6.75402e-05
4844 6.75402e-05
4845 6.75402e-05
4846 6.75402e-05
4847 6.75402e-05
4848 6.75402e-05
4849 6.75402e-05
4850 6.75402e-05
4851 6.75402e-05
4852 6.75402e-05
4853 6.75402e-05
4854 6.75402e-05
4855 6.75402e-05
4856 6.75402e-05
4857 6.75402e-05
4858 6.75402e-05
4859 6.75402e-05
4860 6.75402e-05
4861 6.75402e-05
4862 6.75402e-05
4863 6.75402e-05
4864 6.75402e-05
4865 6.75402e-05
4866 6.75402e-05
4867 6.75402e-05
4868 6.75402e-05
4869 6.75402e-05
4870 6.75402e-05
4871 6.75402e-05
4872 6.75402e-05
4873 6.75402e-05
4874 6.75402e-05
4875 6.75402e-05
4876 6.75402e-05
4877 6.75402e-05
4878 6.75402e-05
4879 6.75402e-05
4880 6.75402e-05
4881 6.75402e-05
4882 6.75402e-05
4883 6.75402e-05
4884 6.75402e-05
4885 6.75402e-05
4886 6.75402e-05
4887 6.75402e-05
4888 6.75402e-05
4889 6.75402e-05
4890 6.75402e-05
4891 6.75402e-05
4892 6.75402e-05
4893 6.75402e-05
4894 6.75402e-05
4895 6.75402e-05
4896 6.75402e-05
4897 6.75402e-05
4898 6.75402e-05
4899 6.75402e-05
4900 6.75402e-05
4901 6.75402e-05
4902 6.75402e-05
4903 6.75402e-05
4904 6.75402e-05
4905 6.75402e-05
4906 6.75402e-05
4907 6.75402e-05
4908 6.75402e-05
4909 6.75402e-05
4910 6.75402e-05
4911 6.75402e-05
4912 6.75402e-05
4913 6.75402e-05
4914 6.75402e-05
4915 6.75402e-05
4916 6.75402e-05
4917 6.75402e-05
4918 6.75402e-05
4919 6.75402e-05
4920 6.75402e-05
4921 6.75402e-05
4922 6.75402e-05
4923 6.75402e-05
4924 6.75402e-05
4925 6.75402e-05
4926 6.75402e-05
4927 6.75402e-05
4928 6.75402e-05
4929 6.75402e-05
4930 6.75402e-05
4931 6.75402e-05
4932 6.75402e-05
4933 6.75402e-05
4934 6.75402e-05
4935 6.75402e-05
4936 6.75402e-05
4937 6.75402e-05
4938 6.75402e-05
4939 6.75402e-05
4940 6.75402e-05
4941 6.75402e-05
4942 6.75402e-05
4943 6.75402e-05
4944 6.75402e-05
4945 6.75402e-05
4946 6.75402e-05
4947 6.75402e-05
4948 6.75402e-05
4949 6.75402e-05
4950 6.75402e-05
4951 6.75402e-05
4952 6.75402e-05
4953 6.75402e-05
4954 6.75402e-05
4955 6.75402e-05
4956 6.75402e-05
4957 6.75402e-05
4958 6.75402e-05
4959 6.75402e-05
4960 6.75402e-05
4961 6.75402e-05
4962 6.75402e-05
4963 6.75402e-05
4964 6.75402e-05
4965 6.75402e-05
4966 6.75402e-05
4967 6.75402e-05
4968 6.75402e-05
4969 6.75402e-05
4970 6.75402e-05
4971 6.75402e-05
4972 6.75402e-05
4973 6.75402e-05
4974 6.75402e-05
4975 6.75402e-05
4976 6.75402e-05
4977 6.75402e-05
4978 6.75402e-05
4979 6.75402e-05
4980 6.75402e-05
4981 6.75402e-05
4982 6.75402e-05
4983 6.75402e-05
4984 6.75402e-05
4985 6.75402e-05
4986 6.75402e-05
4987 6.75402e-05
4988 6.75402e-05
4989 6.75402e-05
4990 6.75402e-05
4991 6.75402e-05
4992 6.75402e-05
4993 6.75402e-05
4994 6.75402e-05
4995 6.75402e-05
4996 6.75402e-05
4997 6.75402e-05
4998 6.75402e-05
4999 6.75402e-05
5000 6.75402e-05
5001 6.75402e-05
5002 6.75402e-05
5003 6.75402e-05
5004 6.75402e-05
5005 6.75402e-05
5006 6.75402e-05
5007 6.75402e-05
5008 6.75402e-05
5009 6.75402e-05
5010 6.75402e-05
5011 6.75402e-05
5012 6.75402e-05
5013 6.75402e-05
5014 6.75402e-05
5015 6.75402e-05
5016 6.75402e-05
5017 6.75402e-05
5018 6.75402e-05
5019 6.75402e-05
5020 6.75402e-05
5021 6.75402e-05
5022 6.75402e-05
5023 6.75402e-05
5024 6.75402e-05
5025 6.75402e-05
5026 6.75402e-05
5027 6.75402e-05
5028 6.75402e-05
5029 6.75402e-05
5030 6.75402e-05
5031 6.75402e-05
5032 6.75402e-05
5033 6.75402e-05
5034 6.75402e-05
5035 6.75402e-05
5036 6.75402e-05
5037 6.75402e-05
5038 6.75402e-05
5039 6.75402e-05
5040 6.75402e-05
5041 6.75402e-05
5042 6.75402e-05
5043 6.75402e-05
5044 6.75402e-05
5045 6.75402e-05
5046 6.75402e-05
5047 6.75402e-05
5048 6.75402e-05
5049 6.75402e-05
5050 6.75402e-05
5051 6.75402e-05
5052 6.75402e-05
5053 6.75402e-05
5054 6.75402e-05
5055 6.75402e-05
5056 6.75402e-05
5057 6.75402e-05
5058 6.75402e-05
5059 6.75402e-05
5060 6.75402e-05
5061 6.75402e-05
5062 6.75402e-05
5063 6.75402e-05
5064 6.75402e-05
5065 6.75402e-05
5066 6.75402e-05
5067 6.75402e-05
5068 6.75402e-05
5069 6.75402e-05
5070 6.75402e-05
5071 6.75402e-05
5072 6.75402e-05
5073 6.75402e-05
5074 6.75402e-05
5075 6.75402e-05
5076 6.75402e-05
5077 6.75402e-05
5078 6.75402e-05
5079 6.75402e-05
5080 6.75402e-05
5081 6.75402e-05
5082 6.75402e-05
5083 6.75402e-05
5084 6.75402e-05
5085 6.75402e-05
5086 6.75402e-05
5087 6.75402e-05
5088 6.75402e-05
5089 6.75402e-05
5090 6.75402e-05
5091 6.75402e-05
5092 6.75402e-05
5093 6.75402e-05
5094 6.75402e-05
5095 6.75402e-05
5096 6.75402e-05
5097 6.75402e-05
5098 6.75402e-05
5099 6.75402e-05
5100 6.75402e-05
5101 6.75402e-05
5102 6.75402e-05
5103 6.75402e-05
5104 6.75402e-05
5105 6.75402e-05
5106 6.75402e-05
5107 6.75402e-05
5108 6.75402e-05
5109 6.75402e-05
5110 6.75402e-05
5111 6.75402e-05
5112 6.75402e-05
5113 6.75402e-05
5114 6.75402e-05
5115 6.75402e-05
5116 6.75402e-05
5117 6.75402e-05
5118 6.75402e-05
5119 6.75402e-05
5120 6.75402e-05
5121 6.75402e-05
5122 6.75402e-05
5123 6.75402e-05
5124 6.75402e-05
5125 6.75402e-05
5126 6.75402e-05
5127 6.75402e-05
5128 6.75402e-05
5129 6.75402e-05
5130 6.75402e-05
5131 6.75402e-05
5132 6.75402e-05
5133 6.75402e-05
5134 6.75402e-05
5135 6.75402e-05
5136 6.75402e-05
5137 6.75402e-05
5138 6.75402e-05
5139 6.75402e-05
5140 6.75402e-05
5141 6.75402e-05
5142 6.75402e-05
5143 6.75402e-05
5144 6.75402e-05
5145 6.75402e-05
5146 6.75402e-05
5147 6.75402e-05
5148 6.75402e-05
5149 6.75402e-05
5150 6.75402e-05
5151 6.75402e-05
5152 6.75402e-05
5153 6.75402e-05
5154 6.75402e-05
5155 6.75402e-05
5156 6.75402e-05
5157 6.75402e-05
5158 6.75402e-05
5159 6.75402e-05
5160 6.75402e-05
5161 6.75402e-05
5162 6.75402e-05
5163 6.75402e-05
5164 6.75402e-05
5165 6.75402e-05
5166 6.75402e-05
5167 6.75402e-05
5168 6.75402e-05
5169 3.37701e-05
5170 3.37701e-05
5171 3.37701e-05
5172 3.37701e-05
5173 3.37701e-05
5174 3.37701e-05
5175 3.37701e-05
5176 3.37701e-05
5177 3.37701e-05
5178 3.37701e-05
5179 3.37701e-05
5180 3.37701e-05
5181 3.37701e-05
5182 3.37701e-05
5183 3.37701e-05
5184 3.37701e-05
5185 3.37701e-05
5186 3.37701e-05
5187 3.37701e-05
5188 3.37701e-05
5189 3.37701e-05
5190 3.37701e-05
5191 3.37701e-05
5192 3.37701e-05
5193 3.37701e-05
5194 3.37701e-05
5195 3.37701e-05
5196 3.37701e-05
5197 3.37701e-05
5198 3.37701e-05
5199 3.37701e-05
5200 3.37701e-05
5201 3.37701e-05
5202 3.37701e-05
5203 3.37701e-05
5204 3.37701e-05
5205 3.37701e-05
5206 3.37701e-05
5207 3.37701e-05
5208 3.37701e-05
5209 3.37701e-05
5210 3.37701e-05
5211 3.37701e-05
5212 3.37701e-05
5213 3.37701e-05
5214 3.37701e-05
5215 3.37701e-05
5216 3.37701e-05
5217 3.37701e-05
5218 3.37701e-05
5219 3.37701e-05
5220 3.37701e-05
5221 3.37701e-05
5222 3.37701e-05
5223 3.37701e-05
5224 3.37701e-05
5225 3.37701e-05
5226 3.37701e-05
5227 3.37701e-05
5228 3.37701e-05
5229 3.37701e-05
5230 3.37701e-05
5231 3.37701e-05
5232 3.37701e-05
5233 3.37701e-05
5234 3.37701e-05
5235 3.37701e-05
5236 3.37701e-05
5237 3.37701e-05
5238 3.37701e-05
5239 3.37701e-05
5240 3.37701e-05
5241 3.37701e-05
5242 3.37701e-05
5243 3.37701e-05
5244 3.37701e-05
5245 3.37701e-05
5246 3.37701e-05
5247 3.37701e-05
5248 3.37701e-05
5249 3.37701e-05
5250 3.37701e-05
5251 3.37701e-05
5252 3.37701e-05
5253 3.37701e-05
5254 3.37701e-05
5255 3.37701e-05
5256 3.37701e-05
5257 3.37701e-05
5258 3.37701e-05
5259 3.37701e-05
5260 3.37701e-05
5261 3.37701e-05
5262 3.37701e-05
5263 3.37701e-05
5264 3.37701e-05
5265 3.37701e-05
5266 3.37701e-05
5267 3.37701e-05
5268 3.37701e-05
5269 3.37701e-05
5270 3.37701e-05
5271 3.37701e-05
5272 3.37701e-05
5273 3.37701e-05
5274 3.37701e-05
5275 3.37701e-05
5276 3.37701e-05
5277 3.37701e-05
5278 3.37701e-05
5279 3.37701e-05
5280 3.37701e-05
5281 3.37701e-05
5282 3.37701e-05
5283 3.37701e-05
5284 3.37701e-05
5285 3.37701e-05
5286 3.37701e-05
5287 3.37701e-05
5288 3.37701e-05
5289 3.37701e-05
5290 3.37701e-05
5291 3.37701e-05
5292 3.37701e-05
5293 3.37701e-05
5294 3.37701e-05
5295 3.37701e-05
5296 3.37701e-05
5297 3.37701e-05
5298 3.37701e-05
5299 3.37701e-05
5300 3.37701e-05
5301 3.37701e-05
5302 3.37701e-05
5303 3.37701e-05
5304 3.37701e-05
5305 3.37701e-05
5306 3.37701e-05
5307 3.37701e-05
5308 3.37701e-05
5309 3.37701e-05
5310 3.37701e-05
5311 3.37701e-05
5312 3.37701e-05
5313 3.37701e-05
5314 3.37701e-05
5315 3.37701e-05
5316 3.37701e-05
5317 3.37701e-05
5318 3.37701e-05
5319 3.37701e-05
5320 3.37701e-05
5321 3.37701e-05
5322 3.37701e-05
5323 3.37701e-05
5324 3.37701e-05
5325 3.37701e-05
5326 3.37701e-05
5327 3.37701e-05
5328 3.37701e-05
5329 3.37701e-05
5330 3.37701e-05
5331 3.37701e-05
5332 3.37701e-05
5333 3.37701e-05
5334 3.37701e-05
5335 3.37701e-05
5336 3.37701e-05
5337 3.37701e-05
5338 3.37701e-05
5339 3.37701e-05
5340 3.37701e-05
5341 3.37701e-05
5342 3.37701e-05
5343 3.37701e-05
5344 3.37701e-05
5345 3.37701e-05
5346 3.37701e-05
5347 3.37701e-05
5348 3.37701e-05
5349 3.37701e-05
5350 3.37701e-05
5351 3.37701e-05
5352 3.37701e-05
5353 3.37701e-05
5354 3.37701e-05
5355 3.37701e-05
5356 3.37701e-05
5357 3.37701e-05
5358 3.37701e-05
5359 3.37701e-05
5360 3.37701e-05
5361 3.37701e-05
5362 3.37701e-05
5363 3.37701e-05
5364 3.37701e-05
5365 3.37701e-05
5366 3.37701e-05
5367 3.37701e-05
5368 3.37701e-05
5369 3.37701e-05
5370 3.37701e-05
5371 3.37701e-05
5372 3.37701e-05
5373 3.37701e-05
5374 3.37701e-05
5375 3.37701e-05
5376 3.37701e-05
5377 3.37701e-05
5378 3.37701e-05
5379 3.37701e-05
5380 3.37701e-05
5381 3.37701e-05
5382 3.37701e-05
5383 3.37701e-05
5384 3.37701e-05
5385 3.37701e-05
5386 3.37701e-05
5387 3.37701e-05
5388 3.37701e-05
5389 3.37701e-05
5390 3.37701e-05
5391 3.37701e-05
5392 3.37701e-05
5393 3.37701e-05
5394 3.37701e-05
5395 3.37701e-05
5396 3.37701e-05
5397 3.37701e-05
5398 3.37701e-05
5399 3.37701e-05
5400 3.37701e-05
5401 3.37701e-05
5402 3.37701e-05
5403 3.37701e-05
5404 3.37701e-05
5405 3.37701e-05
5406 3.37701e-05
5407 3.37701e-05
5408 3.37701e-05
5409 3.37701e-05
5410 3.37701e-05
5411 3.37701e-05
5412 3.37701e-05
5413 3.37701e-05
5414 3.37701e-05
5415 3.37701e-05
5416 3.37701e-05
5417 3.37701e-05
5418 3.37701e-05
5419 3.37701e-05
5420 3.37701e-05
5421 3.37701e-05
5422 3.37701e-05
5423 3.37701e-05
5424 3.37701e-05
5425 3.37701e-05
5426 3.37701e-05
5427 3.37701e-05
5428 3.37701e-05
5429 3.37701e-05
5430 3.37701e-05
5431 3.37701e-05
5432 3.37701e-05
5433 3.37701e-05
5434 3.37701e-05
5435 3.37701e-05
5436 3.37701e-05
5437 3.37701e-05
5438 3.37701e-05
5439 3.37701e-05
5440 3.37701e-05
5441 3.37701e-05
5442 3.37701e-05
5443 3.37701e-05
5444 3.37701e-05
5445 3.37701e-05
5446 3.37701e-05
5447 3.37701e-05
5448 3.37701e-05
5449 3.37701e-05
5450 3.37701e-05
5451 3.37701e-05
5452 3.37701e-05
5453 3.37701e-05
5454 3.37701e-05
5455 3.37701e-05
5456 3.37701e-05
5457 3.37701e-05
5458 3.37701e-05
5459 3.37701e-05
5460 3.37701e-05
5461 3.37701e-05
5462 3.37701e-05
5463 3.37701e-05
5464 3.37701e-05
5465 3.37701e-05
5466 3.37701e-05
5467 3.37701e-05
5468 3.37701e-05
5469 3.37701e-05
5470 3.37701e-05
5471 3.37701e-05
5472 3.37701e-05
5473 3.37701e-05
5474 3.37701e-05
5475 3.37701e-05
5476 3.37701e-05
5477 3.37701e-05
5478 3.37701e-05
5479 3.37701e-05
5480 3.37701e-05
5481 3.37701e-05
5482 3.37701e-05
5483 3.37701e-05
5484 3.37701e-05
5485 3.37701e-05
5486 3.37701e-05
5487 3.37701e-05
5488 3.37701e-05
5489 3.37701e-05
5490 3.37701e-05
5491 3.37701e-05
5492 3.37701e-05
5493 3.37701e-05
5494 3.37701e-05
5495 3.37701e-05
5496 3.37701e-05
5497 3.37701e-05
5498 3.37701e-05
5499 3.37701e-05
5500 3.37701e-05
5501 3.37701e-05
5502 3.37701e-05
5503 3.37701e-05
5504 3.37701e-05
5505 3.37701e-05
5506 3.37701e-05
5507 3.37701e-05
5508 3.37701e-05
5509 3.37701e-05
5510 3.37701e-05
5511 3.37701e-05
5512 3.37701e-05
5513 3.37701e-05
5514 3.37701e-05
5515 3.37701e-05
5516 3.37701e-05
5517 3.37701e-05
5518 3.37701e-05
5519 3.37701e-05
5520 3.37701e-05
5521 3.37701e-05
5522 3.37701e-05
5523 3.37701e-05
5524 3.37701e-05
5525 3.37701e-05
5526 3.37701e-05
5527 3.37701e-05
5528 3.37701e-05
5529 3.37701e-05
5530 3.37701e-05
5531 3.37701e-05
5532 3.37701e-05
5533 3.37701e-05
5534 3.37701e-05
5535 3.37701e-05
5536 3.37701e-05
