0 1
1 1
2 1
3 1
4 1
5 1
6 1
7 1
8 1
9 1
10 1
11 1
12 1
13 1
14 1
15 1
16 1
17 1
18 1
19 1
20 1
21 1
22 1
23 1
24 1
25 1
26 1
27 1
28 1
29 1
30 1
31 0.999965
32 0.999965
33 0.983165
34 0.983165
35 0.983165
36 0.983165
37 0.983165
38 0.983165
39 0.983131
40 0.983131
41 0.969224
42 0.969224
43 0.969224
44 0.969224
45 0.969224
46 0.969224
47 0.969154
48 0.969154
49 0.957443
50 0.957443
51 0.957443
52 0.957443
53 0.957443
54 0.957443
55 0.957304
56 0.957304
57 0.947057
58 0.947057
59 0.947057
60 0.947057
61 0.947057
62 0.947057
63 0.947057
64 0.947057
65 0.936078
66 0.936078
67 0.936078
68 0.936078
69 0.936078
70 0.936078
71 0.935973
72 0.935973
73 0.926981
74 0.926981
75 0.926981
76 0.926981
77 0.926981
78 0.926981
79 0.926946
80 0.926946
81 0.916629
82 0.916629
83 0.916629
84 0.916629
85 0.916629
86 0.916629
87 0.916594
88 0.916594
89 0.907393
90 0.907393
91 0.907393
92 0.907393
93 0.907393
94 0.907393
95 0.907218
96 0.907218
97 0.89847
98 0.89847
99 0.89847
100 0.89847
101 0.89847
102 0.89847
103 0.89847
104 0.89847
105 0.888083
106 0.888083
107 0.888083
108 0.888083
109 0.888083
110 0.888083
111 0.888014
112 0.888014
113 0.878045
114 0.878045
115 0.878045
116 0.878045
117 0.878045
118 0.878045
119 0.877976
120 0.877976
121 0.86731
122 0.86731
123 0.86731
124 0.86731
125 0.86731
126 0.86731
127 0.867275
128 0.867275
129 0.856262
130 0.856262
131 0.856262
132 0.856262
133 0.856262
134 0.856262
135 0.856087
136 0.856087
137 0.845143
138 0.845143
139 0.845143
140 0.845143
141 0.845143
142 0.845143
143 0.845073
144 0.845073
145 0.834269
146 0.834269
147 0.834269
148 0.834269
149 0.834269
150 0.834269
151 0.834164
152 0.834164
153 0.824161
154 0.824161
155 0.824161
156 0.824161
157 0.824161
158 0.824161
159 0.824056
160 0.824056
161 0.812868
162 0.812868
163 0.812868
164 0.812868
165 0.812868
166 0.812868
167 0.812798
168 0.812798
169 0.802203
170 0.802203
171 0.802203
172 0.802203
173 0.802203
174 0.802203
175 0.802098
176 0.802098
177 0.79206
178 0.79206
179 0.79206
180 0.79206
181 0.79206
182 0.79206
183 0.791956
184 0.791956
185 0.783172
186 0.783172
187 0.783172
188 0.783172
189 0.783172
190 0.783172
191 0.783103
192 0.783103
193 0.773553
194 0.773553
195 0.773553
196 0.773553
197 0.773553
198 0.773553
199 0.773518
200 0.773518
201 0.763062
202 0.763062
203 0.763062
204 0.763062
205 0.763062
206 0.763062
207 0.762957
208 0.762957
209 0.752048
210 0.752048
211 0.752048
212 0.752048
213 0.752048
214 0.752048
215 0.751873
216 0.751873
217 0.741731
218 0.741731
219 0.741731
220 0.741731
221 0.741731
222 0.741731
223 0.741591
224 0.741591
225 0.73246
226 0.73246
227 0.73246
228 0.73246
229 0.73246
230 0.73246
231 0.73246
232 0.73246
233 0.723432
234 0.723432
235 0.723432
236 0.723432
237 0.723432
238 0.723432
239 0.723398
240 0.723398
241 0.713813
242 0.713813
243 0.713813
244 0.713813
245 0.713813
246 0.713813
247 0.713813
248 0.713813
249 0.70381
250 0.70381
251 0.70381
252 0.70381
253 0.70381
254 0.70381
255 0.70374
256 0.70374
257 0.695061
258 0.695061
259 0.695061
260 0.695061
261 0.695061
262 0.695061
263 0.694922
264 0.694922
265 0.686348
266 0.686348
267 0.686348
268 0.686348
269 0.686348
270 0.686348
271 0.686243
272 0.686243
273 0.67746
274 0.67746
275 0.67746
276 0.67746
277 0.67746
278 0.67746
279 0.677425
280 0.677425
281 0.668467
282 0.668467
283 0.668467
284 0.668467
285 0.668467
286 0.668467
287 0.668398
288 0.668398
289 0.659649
290 0.659649
291 0.659649
292 0.659649
293 0.659649
294 0.659649
295 0.65958
296 0.65958
297 0.64996
298 0.64996
299 0.64996
300 0.64996
301 0.64996
302 0.64996
303 0.649855
304 0.649855
305 0.641456
306 0.641456
307 0.641456
308 0.641456
309 0.641456
310 0.641456
311 0.641351
312 0.641351
313 0.633544
314 0.633544
315 0.633544
316 0.633544
317 0.633544
318 0.633544
319 0.633474
320 0.633474
321 0.625074
322 0.625074
323 0.625074
324 0.625074
325 0.625074
326 0.625074
327 0.625039
328 0.625039
329 0.617406
330 0.617406
331 0.617406
332 0.617406
333 0.617406
334 0.617406
335 0.617336
336 0.617336
337 0.608762
338 0.608762
339 0.608762
340 0.608762
341 0.608762
342 0.608762
343 0.608588
344 0.608588
345 0.600153
346 0.600153
347 0.600153
348 0.600153
349 0.600153
350 0.600153
351 0.600049
352 0.600049
353 0.593322
354 0.593322
355 0.593322
356 0.593322
357 0.593322
358 0.593322
359 0.593287
360 0.593287
361 0.586212
362 0.586212
363 0.586212
364 0.586212
365 0.586212
366 0.586212
367 0.586142
368 0.586142
369 0.5783
370 0.5783
371 0.5783
372 0.5783
373 0.5783
374 0.5783
375 0.578195
376 0.578195
377 0.57098
378 0.57098
379 0.57098
380 0.57098
381 0.57098
382 0.57098
383 0.570806
384 0.570806
385 0.563556
386 0.563556
387 0.563556
388 0.563556
389 0.563556
390 0.563556
391 0.563452
392 0.563452
393 0.55554
394 0.55554
395 0.55554
396 0.55554
397 0.55554
398 0.55554
399 0.555331
400 0.555331
401 0.547802
402 0.547802
403 0.547802
404 0.547802
405 0.547802
406 0.547802
407 0.547593
408 0.547593
409 0.540309
410 0.540309
411 0.540309
412 0.540309
413 0.540309
414 0.540309
415 0.540169
416 0.540169
417 0.53393
418 0.53393
419 0.53393
420 0.53393
421 0.53393
422 0.53393
423 0.533826
424 0.533826
425 0.527134
426 0.527134
427 0.527134
428 0.527134
429 0.527134
430 0.527134
431 0.527064
432 0.527064
433 0.520268
434 0.520268
435 0.520268
436 0.520268
437 0.520268
438 0.520268
439 0.520163
440 0.520163
441 0.513645
442 0.513645
443 0.513645
444 0.513645
445 0.513645
446 0.513645
447 0.513471
448 0.513471
449 0.50786
450 0.50786
451 0.50786
452 0.50786
453 0.50786
454 0.50786
455 0.507755
456 0.507755
457 0.500854
458 0.500854
459 0.500854
460 0.500854
461 0.500854
462 0.500854
463 0.500819
464 0.500819
465 0.493813
466 0.493813
467 0.493813
468 0.493813
469 0.493813
470 0.493813
471 0.493639
472 0.493639
473 0.487226
474 0.487226
475 0.487226
476 0.487226
477 0.487226
478 0.487226
479 0.487121
480 0.487121
481 0.48137
482 0.48137
483 0.48137
484 0.48137
485 0.48137
486 0.48137
487 0.481231
488 0.481231
489 0.47562
490 0.47562
491 0.47562
492 0.47562
493 0.47562
494 0.47562
495 0.47541
496 0.47541
497 0.469555
498 0.469555
499 0.469555
500 0.469555
501 0.469555
502 0.469555
503 0.469415
504 0.469415
505 0.463351
506 0.463351
507 0.463351
508 0.463351
509 0.463351
510 0.463351
511 0.463281
512 0.463281
513 0.457251
514 0.457251
515 0.457251
516 0.457251
517 0.457251
518 0.457251
519 0.457077
520 0.457077
521 0.451605
522 0.451605
523 0.451605
524 0.451605
525 0.451605
526 0.451605
527 0.451431
528 0.451431
529 0.44568
530 0.44568
531 0.44568
532 0.44568
533 0.44568
534 0.44568
535 0.44568
536 0.44568
537 0.440277
538 0.440277
539 0.440277
540 0.440277
541 0.440277
542 0.440277
543 0.440208
544 0.440208
545 0.434108
546 0.434108
547 0.434108
548 0.434108
549 0.434108
550 0.434108
551 0.433934
552 0.433934
553 0.428462
554 0.428462
555 0.428462
556 0.428462
557 0.428462
558 0.428462
559 0.428357
560 0.428357
561 0.423269
562 0.423269
563 0.423269
564 0.423269
565 0.423269
566 0.423269
567 0.423164
568 0.423164
569 0.418354
570 0.418354
571 0.418354
572 0.418354
573 0.418354
574 0.418354
575 0.418284
576 0.418284
577 0.413963
578 0.413963
579 0.413963
580 0.413963
581 0.413963
582 0.413963
583 0.413788
584 0.413788
585 0.408595
586 0.408595
587 0.408595
588 0.408595
589 0.408595
590 0.408595
591 0.40849
592 0.40849
593 0.403855
594 0.403855
595 0.403855
596 0.403855
597 0.403855
598 0.403855
599 0.403715
600 0.403715
601 0.398418
602 0.398418
603 0.398418
604 0.398418
605 0.398418
606 0.398418
607 0.398278
608 0.398278
609 0.39183
610 0.39183
611 0.39183
612 0.39183
613 0.39183
614 0.39183
615 0.391726
616 0.391726
617 0.386637
618 0.386637
619 0.386637
620 0.386637
621 0.386637
622 0.386637
623 0.386497
624 0.386497
625 0.381548
626 0.381548
627 0.381548
628 0.381548
629 0.381548
630 0.381548
631 0.381513
632 0.381513
633 0.376634
634 0.376634
635 0.376634
636 0.376634
637 0.376634
638 0.376634
639 0.376529
640 0.376529
641 0.372347
642 0.372347
643 0.372347
644 0.372347
645 0.372347
646 0.372347
647 0.372207
648 0.372207
649 0.368199
650 0.368199
651 0.368199
652 0.368199
653 0.368199
654 0.368199
655 0.367955
656 0.367955
657 0.363947
658 0.363947
659 0.363947
660 0.363947
661 0.363947
662 0.363947
663 0.363807
664 0.363807
665 0.359416
666 0.359416
667 0.359416
668 0.359416
669 0.359416
670 0.359416
671 0.359276
672 0.359276
673 0.354745
674 0.354745
675 0.354745
676 0.354745
677 0.354745
678 0.354745
679 0.354606
680 0.354606
681 0.350354
682 0.350354
683 0.350354
684 0.350354
685 0.350354
686 0.350354
687 0.350319
688 0.350319
689 0.346136
690 0.346136
691 0.346136
692 0.346136
693 0.346136
694 0.346136
695 0.346032
696 0.346032
697 0.340978
698 0.340978
699 0.340978
700 0.340978
701 0.340978
702 0.340978
703 0.340908
704 0.340908
705 0.33683
706 0.33683
707 0.33683
708 0.33683
709 0.33683
710 0.33683
711 0.336726
712 0.336726
713 0.332718
714 0.332718
715 0.332718
716 0.332718
717 0.332718
718 0.332718
719 0.332613
720 0.332613
721 0.328326
722 0.328326
723 0.328326
724 0.328326
725 0.328326
726 0.328326
727 0.328152
728 0.328152
729 0.32383
730 0.32383
731 0.32383
732 0.32383
733 0.32383
734 0.32383
735 0.323795
736 0.323795
737 0.3201
738 0.3201
739 0.3201
740 0.3201
741 0.3201
742 0.3201
743 0.319822
744 0.319822
745 0.315535
746 0.315535
747 0.315535
748 0.315535
749 0.315535
750 0.315535
751 0.315465
752 0.315465
753 0.311735
754 0.311735
755 0.311735
756 0.311735
757 0.311735
758 0.311735
759 0.311491
760 0.311491
761 0.307169
762 0.307169
763 0.307169
764 0.307169
765 0.307169
766 0.307169
767 0.306995
768 0.306995
769 0.303789
770 0.303789
771 0.303789
772 0.303789
773 0.303789
774 0.303789
775 0.303649
776 0.303649
777 0.29992
778 0.29992
779 0.29992
780 0.29992
781 0.29992
782 0.29992
783 0.29978
784 0.29978
785 0.296295
786 0.296295
787 0.296295
788 0.296295
789 0.296295
790 0.296295
791 0.296225
792 0.296225
793 0.29274
794 0.29274
795 0.29274
796 0.29274
797 0.29274
798 0.29274
799 0.292635
800 0.292635
801 0.289533
802 0.289533
803 0.289533
804 0.289533
805 0.289533
806 0.289533
807 0.289359
808 0.289359
809 0.28556
810 0.28556
811 0.28556
812 0.28556
813 0.28556
814 0.28556
815 0.285386
816 0.285386
817 0.282353
818 0.282353
819 0.282353
820 0.282353
821 0.282353
822 0.282353
823 0.282249
824 0.282249
825 0.278694
826 0.278694
827 0.278694
828 0.278694
829 0.278694
830 0.278694
831 0.278589
832 0.278589
833 0.275173
834 0.275173
835 0.275173
836 0.275173
837 0.275173
838 0.275173
839 0.275069
840 0.275069
841 0.271339
842 0.271339
843 0.271339
844 0.271339
845 0.271339
846 0.271339
847 0.27127
848 0.27127
849 0.268272
850 0.268272
851 0.268272
852 0.268272
853 0.268272
854 0.268272
855 0.268203
856 0.268203
857 0.264857
858 0.264857
859 0.264857
860 0.264857
861 0.264857
862 0.264857
863 0.264787
864 0.264787
865 0.261685
866 0.261685
867 0.261685
868 0.261685
869 0.261685
870 0.261685
871 0.261441
872 0.261441
873 0.258199
874 0.258199
875 0.258199
876 0.258199
877 0.258199
878 0.258199
879 0.25813
880 0.25813
881 0.255481
882 0.255481
883 0.255481
884 0.255481
885 0.255481
886 0.255481
887 0.255376
888 0.255376
889 0.252797
890 0.252797
891 0.252797
892 0.252797
893 0.252797
894 0.252797
895 0.252762
896 0.252762
897 0.249556
898 0.249556
899 0.249556
900 0.249556
901 0.249556
902 0.249556
903 0.249486
904 0.249486
905 0.246314
906 0.246314
907 0.246314
908 0.246314
909 0.246314
910 0.246314
911 0.24621
912 0.24621
913 0.242898
914 0.242898
915 0.242898
916 0.242898
917 0.242898
918 0.242898
919 0.242829
920 0.242829
921 0.239796
922 0.239796
923 0.239796
924 0.239796
925 0.239796
926 0.239796
927 0.239692
928 0.239692
929 0.23645
930 0.23645
931 0.23645
932 0.23645
933 0.23645
934 0.23645
935 0.23645
936 0.23645
937 0.233697
938 0.233697
939 0.233697
940 0.233697
941 0.233697
942 0.233697
943 0.233627
944 0.233627
945 0.230839
946 0.230839
947 0.230839
948 0.230839
949 0.230839
950 0.230839
951 0.230804
952 0.230804
953 0.228469
954 0.228469
955 0.228469
956 0.228469
957 0.228469
958 0.228469
959 0.228364
960 0.228364
961 0.225959
962 0.225959
963 0.225959
964 0.225959
965 0.225959
966 0.225959
967 0.225925
968 0.225925
969 0.223066
970 0.223066
971 0.223066
972 0.223066
973 0.223066
974 0.223066
975 0.222927
976 0.222927
977 0.220069
978 0.220069
979 0.220069
980 0.220069
981 0.220069
982 0.220069
983 0.219755
984 0.219755
985 0.216688
986 0.216688
987 0.216688
988 0.216688
989 0.216688
990 0.216688
991 0.216444
992 0.216444
993 0.213203
994 0.213203
995 0.213203
996 0.213203
997 0.213203
998 0.213203
999 0.213133
1000 0.213133
1001 0.210031
1002 0.210031
1003 0.210031
1004 0.210031
1005 0.210031
1006 0.210031
1007 0.209961
1008 0.209961
1009 0.207417
1010 0.207417
1011 0.207417
1012 0.207417
1013 0.207417
1014 0.207417
1015 0.207382
1016 0.207382
1017 0.205117
1018 0.205117
1019 0.205117
1020 0.205117
1021 0.205117
1022 0.205117
1023 0.205082
1024 0.205082
1025 0.202747
1026 0.202747
1027 0.202747
1028 0.202747
1029 0.202747
1030 0.202747
1031 0.202642
1032 0.202642
1033 0.200132
1034 0.200132
1035 0.200132
1036 0.200132
1037 0.200132
1038 0.200132
1039 0.199993
1040 0.199993
1041 0.197902
1042 0.197902
1043 0.197902
1044 0.197902
1045 0.197902
1046 0.197902
1047 0.197832
1048 0.197832
1049 0.195288
1050 0.195288
1051 0.195288
1052 0.195288
1053 0.195288
1054 0.195288
1055 0.195253
1056 0.195253
1057 0.193092
1058 0.193092
1059 0.193092
1060 0.193092
1061 0.193092
1062 0.193092
1063 0.193057
1064 0.193057
1065 0.18985
1066 0.18985
1067 0.18985
1068 0.18985
1069 0.18985
1070 0.18985
1071 0.189746
1072 0.189746
1073 0.187236
1074 0.187236
1075 0.187236
1076 0.187236
1077 0.187236
1078 0.187236
1079 0.187167
1080 0.187167
1081 0.184518
1082 0.184518
1083 0.184518
1084 0.184518
1085 0.184518
1086 0.184518
1087 0.184448
1088 0.184448
1089 0.181904
1090 0.181904
1091 0.181904
1092 0.181904
1093 0.181904
1094 0.181904
1095 0.181764
1096 0.181764
1097 0.179882
1098 0.179882
1099 0.179882
1100 0.179882
1101 0.179882
1102 0.179882
1103 0.179847
1104 0.179847
1105 0.177477
1106 0.177477
1107 0.177477
1108 0.177477
1109 0.177477
1110 0.177477
1111 0.177477
1112 0.177477
1113 0.175107
1114 0.175107
1115 0.175107
1116 0.175107
1117 0.175107
1118 0.175107
1119 0.175072
1120 0.175072
1121 0.17312
1122 0.17312
1123 0.17312
1124 0.17312
1125 0.17312
1126 0.17312
1127 0.172981
1128 0.172981
1129 0.170994
1130 0.170994
1131 0.170994
1132 0.170994
1133 0.170994
1134 0.170994
1135 0.170925
1136 0.170925
1137 0.168624
1138 0.168624
1139 0.168624
1140 0.168624
1141 0.168624
1142 0.168624
1143 0.16845
1144 0.16845
1145 0.166533
1146 0.166533
1147 0.166533
1148 0.166533
1149 0.166533
1150 0.166533
1151 0.166428
1152 0.166428
1153 0.164442
1154 0.164442
1155 0.164442
1156 0.164442
1157 0.164442
1158 0.164442
1159 0.164407
1160 0.164407
1161 0.162873
1162 0.162873
1163 0.162873
1164 0.162873
1165 0.162873
1166 0.162873
1167 0.162804
1168 0.162804
1169 0.160747
1170 0.160747
1171 0.160747
1172 0.160747
1173 0.160747
1174 0.160747
1175 0.160747
1176 0.160747
1177 0.158482
1178 0.158482
1179 0.158482
1180 0.158482
1181 0.158482
1182 0.158482
1183 0.158447
1184 0.158447
1185 0.156425
1186 0.156425
1187 0.156425
1188 0.156425
1189 0.156425
1190 0.156425
1191 0.156321
1192 0.156321
1193 0.154718
1194 0.154718
1195 0.154718
1196 0.154718
1197 0.154718
1198 0.154718
1199 0.154648
1200 0.154648
1201 0.153149
1202 0.153149
1203 0.153149
1204 0.153149
1205 0.153149
1206 0.153149
1207 0.153149
1208 0.153149
1209 0.151581
1210 0.151581
1211 0.151581
1212 0.151581
1213 0.151581
1214 0.151581
1215 0.151511
1216 0.151511
1217 0.149733
1218 0.149733
1219 0.149733
1220 0.149733
1221 0.149733
1222 0.149733
1223 0.149664
1224 0.149664
1225 0.148026
1226 0.148026
1227 0.148026
1228 0.148026
1229 0.148026
1230 0.148026
1231 0.148026
1232 0.148026
1233 0.145621
1234 0.145621
1235 0.145621
1236 0.145621
1237 0.145621
1238 0.145621
1239 0.145481
1240 0.145481
1241 0.143285
1242 0.143285
1243 0.143285
1244 0.143285
1245 0.143285
1246 0.143285
1247 0.14325
1248 0.14325
1249 0.141577
1250 0.141577
1251 0.141577
1252 0.141577
1253 0.141577
1254 0.141577
1255 0.141473
1256 0.141473
1257 0.140218
1258 0.140218
1259 0.140218
1260 0.140218
1261 0.140218
1262 0.140218
1263 0.140114
1264 0.140114
1265 0.138963
1266 0.138963
1267 0.138963
1268 0.138963
1269 0.138963
1270 0.138963
1271 0.138894
1272 0.138894
1273 0.137221
1274 0.137221
1275 0.137221
1276 0.137221
1277 0.137221
1278 0.137221
1279 0.137151
1280 0.137151
1281 0.135408
1282 0.135408
1283 0.135408
1284 0.135408
1285 0.135408
1286 0.135408
1287 0.135373
1288 0.135373
1289 0.13377
1290 0.13377
1291 0.13377
1292 0.13377
1293 0.13377
1294 0.13377
1295 0.133735
1296 0.133735
1297 0.132027
1298 0.132027
1299 0.132027
1300 0.132027
1301 0.132027
1302 0.132027
1303 0.131993
1304 0.131993
1305 0.130354
1306 0.130354
1307 0.130354
1308 0.130354
1309 0.130354
1310 0.130354
1311 0.130354
1312 0.130354
1313 0.1291
1314 0.1291
1315 0.1291
1316 0.1291
1317 0.1291
1318 0.1291
1319 0.129065
1320 0.129065
1321 0.126695
1322 0.126695
1323 0.126695
1324 0.126695
1325 0.126695
1326 0.126695
1327 0.12666
1328 0.12666
1329 0.125161
1330 0.125161
1331 0.125161
1332 0.125161
1333 0.125161
1334 0.125161
1335 0.125126
1336 0.125126
1337 0.123837
1338 0.123837
1339 0.123837
1340 0.123837
1341 0.123837
1342 0.123837
1343 0.123767
1344 0.123767
1345 0.122303
1346 0.122303
1347 0.122303
1348 0.122303
1349 0.122303
1350 0.122303
1351 0.122199
1352 0.122199
1353 0.12077
1354 0.12077
1355 0.12077
1356 0.12077
1357 0.12077
1358 0.12077
1359 0.120735
1360 0.120735
1361 0.119341
1362 0.119341
1363 0.119341
1364 0.119341
1365 0.119341
1366 0.119341
1367 0.119271
1368 0.119271
1369 0.117528
1370 0.117528
1371 0.117528
1372 0.117528
1373 0.117528
1374 0.117528
1375 0.117389
1376 0.117389
1377 0.116169
1378 0.116169
1379 0.116169
1380 0.116169
1381 0.116169
1382 0.116169
1383 0.116099
1384 0.116099
1385 0.114531
1386 0.114531
1387 0.114531
1388 0.114531
1389 0.114531
1390 0.114531
1391 0.114426
1392 0.114426
1393 0.112858
1394 0.112858
1395 0.112858
1396 0.112858
1397 0.112858
1398 0.112858
1399 0.112788
1400 0.112788
1401 0.111673
1402 0.111673
1403 0.111673
1404 0.111673
1405 0.111673
1406 0.111673
1407 0.111568
1408 0.111568
1409 0.110418
1410 0.110418
1411 0.110418
1412 0.110418
1413 0.110418
1414 0.110418
1415 0.110383
1416 0.110383
1417 0.109372
1418 0.109372
1419 0.109372
1420 0.109372
1421 0.109372
1422 0.109372
1423 0.109337
1424 0.109337
1425 0.108013
1426 0.108013
1427 0.108013
1428 0.108013
1429 0.108013
1430 0.108013
1431 0.107943
1432 0.107943
1433 0.106201
1434 0.106201
1435 0.106201
1436 0.106201
1437 0.106201
1438 0.106201
1439 0.106096
1440 0.106096
1441 0.104841
1442 0.104841
1443 0.104841
1444 0.104841
1445 0.104841
1446 0.104841
1447 0.104737
1448 0.104737
1449 0.103552
1450 0.103552
1451 0.103552
1452 0.103552
1453 0.103552
1454 0.103552
1455 0.103447
1456 0.103447
1457 0.102471
1458 0.102471
1459 0.102471
1460 0.102471
1461 0.102471
1462 0.102471
1463 0.102471
1464 0.102471
1465 0.10167
1466 0.10167
1467 0.10167
1468 0.10167
1469 0.10167
1470 0.10167
1471 0.101565
1472 0.101565
1473 0.100415
1474 0.100415
1475 0.100415
1476 0.100415
1477 0.100415
1478 0.100415
1479 0.10038
1480 0.10038
1481 0.0992297
1482 0.0992297
1483 0.0992297
1484 0.0992297
1485 0.0992297
1486 0.0992297
1487 0.0991949
1488 0.0991949
1489 0.0980098
1490 0.0980098
1491 0.0980098
1492 0.0980098
1493 0.0980098
1494 0.0980098
1495 0.097975
1496 0.097975
1497 0.0968248
1498 0.0968248
1499 0.0968248
1500 0.0968248
1501 0.0968248
1502 0.0968248
1503 0.0967551
1504 0.0967551
1505 0.0952912
1506 0.0952912
1507 0.0952912
1508 0.0952912
1509 0.0952912
1510 0.0952912
1511 0.0951866
1512 0.0951866
1513 0.0941062
1514 0.0941062
1515 0.0941062
1516 0.0941062
1517 0.0941062
1518 0.0941062
1519 0.0940713
1520 0.0940713
1521 0.0935136
1522 0.0935136
1523 0.0935136
1524 0.0935136
1525 0.0935136
1526 0.0935136
1527 0.0934439
1528 0.0934439
1529 0.0920149
1530 0.0920149
1531 0.0920149
1532 0.0920149
1533 0.0920149
1534 0.0920149
1535 0.0919452
1536 0.0919452
1537 0.090795
1538 0.090795
1539 0.090795
1540 0.090795
1541 0.090795
1542 0.090795
1543 0.090795
1544 0.090795
1545 0.0894357
1546 0.0894357
1547 0.0894357
1548 0.0894357
1549 0.0894357
1550 0.0894357
1551 0.089366
1552 0.089366
1553 0.0885644
1554 0.0885644
1555 0.0885644
1556 0.0885644
1557 0.0885644
1558 0.0885644
1559 0.0884947
1560 0.0884947
1561 0.0874142
1562 0.0874142
1563 0.0874142
1564 0.0874142
1565 0.0874142
1566 0.0874142
1567 0.0874142
1568 0.0874142
1569 0.0861943
1570 0.0861943
1571 0.0861943
1572 0.0861943
1573 0.0861943
1574 0.0861943
1575 0.0861594
1576 0.0861594
1577 0.0852881
1578 0.0852881
1579 0.0852881
1580 0.0852881
1581 0.0852881
1582 0.0852881
1583 0.0852881
1584 0.0852881
1585 0.0842424
1586 0.0842424
1587 0.0842424
1588 0.0842424
1589 0.0842424
1590 0.0842424
1591 0.0841379
1592 0.0841379
1593 0.0830225
1594 0.0830225
1595 0.0830225
1596 0.0830225
1597 0.0830225
1598 0.0830225
1599 0.0830225
1600 0.0830225
1601 0.0821861
1602 0.0821861
1603 0.0821861
1604 0.0821861
1605 0.0821861
1606 0.0821861
1607 0.0821861
1608 0.0821861
1609 0.0814193
1610 0.0814193
1611 0.0814193
1612 0.0814193
1613 0.0814193
1614 0.0814193
1615 0.0814193
1616 0.0814193
1617 0.0806525
1618 0.0806525
1619 0.0806525
1620 0.0806525
1621 0.0806525
1622 0.0806525
1623 0.0805828
1624 0.0805828
1625 0.0797463
1626 0.0797463
1627 0.0797463
1628 0.0797463
1629 0.0797463
1630 0.0797463
1631 0.0797463
1632 0.0797463
1633 0.0787006
1634 0.0787006
1635 0.0787006
1636 0.0787006
1637 0.0787006
1638 0.0787006
1639 0.0786658
1640 0.0786658
1641 0.0776202
1642 0.0776202
1643 0.0776202
1644 0.0776202
1645 0.0776202
1646 0.0776202
1647 0.0775853
1648 0.0775853
1649 0.0763654
1650 0.0763654
1651 0.0763654
1652 0.0763654
1653 0.0763654
1654 0.0763654
1655 0.0763306
1656 0.0763306
1657 0.0755638
1658 0.0755638
1659 0.0755638
1660 0.0755638
1661 0.0755638
1662 0.0755638
1663 0.0755638
1664 0.0755638
1665 0.0745879
1666 0.0745879
1667 0.0745879
1668 0.0745879
1669 0.0745879
1670 0.0745879
1671 0.0745879
1672 0.0745879
1673 0.0737514
1674 0.0737514
1675 0.0737514
1676 0.0737514
1677 0.0737514
1678 0.0737514
1679 0.0737514
1680 0.0737514
1681 0.0731588
1682 0.0731588
1683 0.0731588
1684 0.0731588
1685 0.0731588
1686 0.0731588
1687 0.073124
1688 0.073124
1689 0.0718692
1690 0.0718692
1691 0.0718692
1692 0.0718692
1693 0.0718692
1694 0.0718692
1695 0.0717995
1696 0.0717995
1697 0.0706145
1698 0.0706145
1699 0.0706145
1700 0.0706145
1701 0.0706145
1702 0.0706145
1703 0.0706145
1704 0.0706145
1705 0.0694294
1706 0.0694294
1707 0.0694294
1708 0.0694294
1709 0.0694294
1710 0.0694294
1711 0.0694294
1712 0.0694294
1713 0.0687672
1714 0.0687672
1715 0.0687672
1716 0.0687672
1717 0.0687672
1718 0.0687672
1719 0.0687324
1720 0.0687324
1721 0.0677913
1722 0.0677913
1723 0.0677913
1724 0.0677913
1725 0.0677913
1726 0.0677913
1727 0.0677216
1728 0.0677216
1729 0.0668502
1730 0.0668502
1731 0.0668502
1732 0.0668502
1733 0.0668502
1734 0.0668502
1735 0.0668154
1736 0.0668154
1737 0.0663971
1738 0.0663971
1739 0.0663971
1740 0.0663971
1741 0.0663971
1742 0.0663971
1743 0.0663623
1744 0.0663623
1745 0.0651772
1746 0.0651772
1747 0.0651772
1748 0.0651772
1749 0.0651772
1750 0.0651772
1751 0.0651772
1752 0.0651772
1753 0.0646544
1754 0.0646544
1755 0.0646544
1756 0.0646544
1757 0.0646544
1758 0.0646544
1759 0.0646196
1760 0.0646196
1761 0.0638876
1762 0.0638876
1763 0.0638876
1764 0.0638876
1765 0.0638876
1766 0.0638876
1767 0.0638528
1768 0.0638528
1769 0.0631208
1770 0.0631208
1771 0.0631208
1772 0.0631208
1773 0.0631208
1774 0.0631208
1775 0.063086
1776 0.063086
1777 0.062354
1778 0.062354
1779 0.062354
1780 0.062354
1781 0.062354
1782 0.062354
1783 0.0623192
1784 0.0623192
1785 0.0616918
1786 0.0616918
1787 0.0616918
1788 0.0616918
1789 0.0616918
1790 0.0616918
1791 0.061657
1792 0.061657
1793 0.0608553
1794 0.0608553
1795 0.0608553
1796 0.0608553
1797 0.0608553
1798 0.0608553
1799 0.0608205
1800 0.0608205
1801 0.0601582
1802 0.0601582
1803 0.0601582
1804 0.0601582
1805 0.0601582
1806 0.0601582
1807 0.0601234
1808 0.0601234
1809 0.0594263
1810 0.0594263
1811 0.0594263
1812 0.0594263
1813 0.0594263
1814 0.0594263
1815 0.0592869
1816 0.0592869
1817 0.0585898
1818 0.0585898
1819 0.0585898
1820 0.0585898
1821 0.0585898
1822 0.0585898
1823 0.0585201
1824 0.0585201
1825 0.0580321
1826 0.0580321
1827 0.0580321
1828 0.0580321
1829 0.0580321
1830 0.0580321
1831 0.0580321
1832 0.0580321
1833 0.0574396
1834 0.0574396
1835 0.0574396
1836 0.0574396
1837 0.0574396
1838 0.0574396
1839 0.0574048
1840 0.0574048
1841 0.0569865
1842 0.0569865
1843 0.0569865
1844 0.0569865
1845 0.0569865
1846 0.0569865
1847 0.0569517
1848 0.0569517
1849 0.056394
1850 0.056394
1851 0.056394
1852 0.056394
1853 0.056394
1854 0.056394
1855 0.0562894
1856 0.0562894
1857 0.0556969
1858 0.0556969
1859 0.0556969
1860 0.0556969
1861 0.0556969
1862 0.0556969
1863 0.0556621
1864 0.0556621
1865 0.0551392
1866 0.0551392
1867 0.0551392
1868 0.0551392
1869 0.0551392
1870 0.0551392
1871 0.0551044
1872 0.0551044
1873 0.0543027
1874 0.0543027
1875 0.0543027
1876 0.0543027
1877 0.0543027
1878 0.0543027
1879 0.054233
1880 0.054233
1881 0.0534314
1882 0.0534314
1883 0.0534314
1884 0.0534314
1885 0.0534314
1886 0.0534314
1887 0.0534314
1888 0.0534314
1889 0.0527692
1890 0.0527692
1891 0.0527692
1892 0.0527692
1893 0.0527692
1894 0.0527692
1895 0.0527692
1896 0.0527692
1897 0.0520372
1898 0.0520372
1899 0.0520372
1900 0.0520372
1901 0.0520372
1902 0.0520372
1903 0.0519675
1904 0.0519675
1905 0.0512007
1906 0.0512007
1907 0.0512007
1908 0.0512007
1909 0.0512007
1910 0.0512007
1911 0.0511659
1912 0.0511659
1913 0.0505733
1914 0.0505733
1915 0.0505733
1916 0.0505733
1917 0.0505733
1918 0.0505733
1919 0.0505385
1920 0.0505385
1921 0.0498763
1922 0.0498763
1923 0.0498763
1924 0.0498763
1925 0.0498763
1926 0.0498763
1927 0.0498066
1928 0.0498066
1929 0.049214
1930 0.049214
1931 0.049214
1932 0.049214
1933 0.049214
1934 0.049214
1935 0.0491792
1936 0.0491792
1937 0.0483078
1938 0.0483078
1939 0.0483078
1940 0.0483078
1941 0.0483078
1942 0.0483078
1943 0.0483078
1944 0.0483078
1945 0.0476107
1946 0.0476107
1947 0.0476107
1948 0.0476107
1949 0.0476107
1950 0.0476107
1951 0.0476107
1952 0.0476107
1953 0.0471925
1954 0.0471925
1955 0.0471925
1956 0.0471925
1957 0.0471925
1958 0.0471925
1959 0.0471925
1960 0.0471925
1961 0.0466697
1962 0.0466697
1963 0.0466697
1964 0.0466697
1965 0.0466697
1966 0.0466697
1967 0.0466697
1968 0.0466697
1969 0.0462166
1970 0.0462166
1971 0.0462166
1972 0.0462166
1973 0.0462166
1974 0.0462166
1975 0.0461817
1976 0.0461817
1977 0.0457983
1978 0.0457983
1979 0.0457983
1980 0.0457983
1981 0.0457983
1982 0.0457983
1983 0.0457635
1984 0.0457635
1985 0.045171
1986 0.045171
1987 0.045171
1988 0.045171
1989 0.045171
1990 0.045171
1991 0.045171
1992 0.045171
1993 0.0446133
1994 0.0446133
1995 0.0446133
1996 0.0446133
1997 0.0446133
1998 0.0446133
1999 0.0445436
2000 0.0445436
2001 0.0439511
2002 0.0439511
2003 0.0439511
2004 0.0439511
2005 0.0439511
2006 0.0439511
2007 0.0439162
2008 0.0439162
2009 0.0431843
2010 0.0431843
2011 0.0431843
2012 0.0431843
2013 0.0431843
2014 0.0431843
2015 0.0431494
2016 0.0431494
2017 0.042522
2018 0.042522
2019 0.042522
2020 0.042522
2021 0.042522
2022 0.042522
2023 0.042522
2024 0.042522
2025 0.0418947
2026 0.0418947
2027 0.0418947
2028 0.0418947
2029 0.0418947
2030 0.0418947
2031 0.0418947
2032 0.0418947
2033 0.041337
2034 0.041337
2035 0.041337
2036 0.041337
2037 0.041337
2038 0.041337
2039 0.0413022
2040 0.0413022
2041 0.0411627
2042 0.0411627
2043 0.0411627
2044 0.0411627
2045 0.0411627
2046 0.0411627
2047 0.0411279
2048 0.0411279
2049 0.0408142
2050 0.0408142
2051 0.0408142
2052 0.0408142
2053 0.0408142
2054 0.0408142
2055 0.0407793
2056 0.0407793
2057 0.0401171
2058 0.0401171
2059 0.0401171
2060 0.0401171
2061 0.0401171
2062 0.0401171
2063 0.0401171
2064 0.0401171
2065 0.0396292
2066 0.0396292
2067 0.0396292
2068 0.0396292
2069 0.0396292
2070 0.0396292
2071 0.0396292
2072 0.0396292
2073 0.0390715
2074 0.0390715
2075 0.0390715
2076 0.0390715
2077 0.0390715
2078 0.0390715
2079 0.0389321
2080 0.0389321
2081 0.0384441
2082 0.0384441
2083 0.0384441
2084 0.0384441
2085 0.0384441
2086 0.0384441
2087 0.0383744
2088 0.0383744
2089 0.0379213
2090 0.0379213
2091 0.0379213
2092 0.0379213
2093 0.0379213
2094 0.0379213
2095 0.0378516
2096 0.0378516
2097 0.0373636
2098 0.0373636
2099 0.0373636
2100 0.0373636
2101 0.0373636
2102 0.0373636
2103 0.0373288
2104 0.0373288
2105 0.0370151
2106 0.0370151
2107 0.0370151
2108 0.0370151
2109 0.0370151
2110 0.0370151
2111 0.0369802
2112 0.0369802
2113 0.0367014
2114 0.0367014
2115 0.0367014
2116 0.0367014
2117 0.0367014
2118 0.0367014
2119 0.0367014
2120 0.0367014
2121 0.036318
2122 0.036318
2123 0.036318
2124 0.036318
2125 0.036318
2126 0.036318
2127 0.036318
2128 0.036318
2129 0.0357952
2130 0.0357952
2131 0.0357952
2132 0.0357952
2133 0.0357952
2134 0.0357952
2135 0.0357603
2136 0.0357603
2137 0.0354467
2138 0.0354467
2139 0.0354467
2140 0.0354467
2141 0.0354467
2142 0.0354467
2143 0.0354118
2144 0.0354118
2145 0.0351678
2146 0.0351678
2147 0.0351678
2148 0.0351678
2149 0.0351678
2150 0.0351678
2151 0.0351678
2152 0.0351678
2153 0.0346799
2154 0.0346799
2155 0.0346799
2156 0.0346799
2157 0.0346799
2158 0.0346799
2159 0.0346102
2160 0.0346102
2161 0.0342268
2162 0.0342268
2163 0.0342268
2164 0.0342268
2165 0.0342268
2166 0.0342268
2167 0.0342268
2168 0.0342268
2169 0.0339479
2170 0.0339479
2171 0.0339479
2172 0.0339479
2173 0.0339479
2174 0.0339479
2175 0.0339479
2176 0.0339479
2177 0.0335994
2178 0.0335994
2179 0.0335994
2180 0.0335994
2181 0.0335994
2182 0.0335994
2183 0.0335297
2184 0.0335297
2185 0.0332857
2186 0.0332857
2187 0.0332857
2188 0.0332857
2189 0.0332857
2190 0.0332857
2191 0.0332857
2192 0.0332857
2193 0.0328675
2194 0.0328675
2195 0.0328675
2196 0.0328675
2197 0.0328675
2198 0.0328675
2199 0.0328675
2200 0.0328675
2201 0.0325538
2202 0.0325538
2203 0.0325538
2204 0.0325538
2205 0.0325538
2206 0.0325538
2207 0.0325189
2208 0.0325189
2209 0.0322749
2210 0.0322749
2211 0.0322749
2212 0.0322749
2213 0.0322749
2214 0.0322749
2215 0.0322749
2216 0.0322749
2217 0.0318218
2218 0.0318218
2219 0.0318218
2220 0.0318218
2221 0.0318218
2222 0.0318218
2223 0.031787
2224 0.031787
2225 0.0313687
2226 0.0313687
2227 0.0313687
2228 0.0313687
2229 0.0313687
2230 0.0313687
2231 0.031299
2232 0.031299
2233 0.0309505
2234 0.0309505
2235 0.0309505
2236 0.0309505
2237 0.0309505
2238 0.0309505
2239 0.0309156
2240 0.0309156
2241 0.0306019
2242 0.0306019
2243 0.0306019
2244 0.0306019
2245 0.0306019
2246 0.0306019
2247 0.0305671
2248 0.0305671
2249 0.0301837
2250 0.0301837
2251 0.0301837
2252 0.0301837
2253 0.0301837
2254 0.0301837
2255 0.0301837
2256 0.0301837
2257 0.0300094
2258 0.0300094
2259 0.0300094
2260 0.0300094
2261 0.0300094
2262 0.0300094
2263 0.0300094
2264 0.0300094
2265 0.0296609
2266 0.0296609
2267 0.0296609
2268 0.0296609
2269 0.0296609
2270 0.0296609
2271 0.0296609
2272 0.0296609
2273 0.0294866
2274 0.0294866
2275 0.0294866
2276 0.0294866
2277 0.0294866
2278 0.0294866
2279 0.0294517
2280 0.0294517
2281 0.0290335
2282 0.0290335
2283 0.0290335
2284 0.0290335
2285 0.0290335
2286 0.0290335
2287 0.0289986
2288 0.0289986
2289 0.028685
2290 0.028685
2291 0.028685
2292 0.028685
2293 0.028685
2294 0.028685
2295 0.0286501
2296 0.0286501
2297 0.0284061
2298 0.0284061
2299 0.0284061
2300 0.0284061
2301 0.0284061
2302 0.0284061
2303 0.0283364
2304 0.0283364
2305 0.0280576
2306 0.0280576
2307 0.0280576
2308 0.0280576
2309 0.0280576
2310 0.0280576
2311 0.0280227
2312 0.0280227
2313 0.0275696
2314 0.0275696
2315 0.0275696
2316 0.0275696
2317 0.0275696
2318 0.0275696
2319 0.0275696
2320 0.0275696
2321 0.0273954
2322 0.0273954
2323 0.0273954
2324 0.0273954
2325 0.0273954
2326 0.0273954
2327 0.0273954
2328 0.0273954
2329 0.0271165
2330 0.0271165
2331 0.0271165
2332 0.0271165
2333 0.0271165
2334 0.0271165
2335 0.0271165
2336 0.0271165
2337 0.0267331
2338 0.0267331
2339 0.0267331
2340 0.0267331
2341 0.0267331
2342 0.0267331
2343 0.0266286
2344 0.0266286
2345 0.02628
2346 0.02628
2347 0.02628
2348 0.02628
2349 0.02628
2350 0.02628
2351 0.02628
2352 0.02628
2353 0.0261406
2354 0.0261406
2355 0.0261406
2356 0.0261406
2357 0.0261406
2358 0.0261406
2359 0.0261057
2360 0.0261057
2361 0.0258269
2362 0.0258269
2363 0.0258269
2364 0.0258269
2365 0.0258269
2366 0.0258269
2367 0.0257921
2368 0.0257921
2369 0.0253738
2370 0.0253738
2371 0.0253738
2372 0.0253738
2373 0.0253738
2374 0.0253738
2375 0.025339
2376 0.025339
2377 0.025095
2378 0.025095
2379 0.025095
2380 0.025095
2381 0.025095
2382 0.025095
2383 0.0250601
2384 0.0250601
2385 0.0248161
2386 0.0248161
2387 0.0248161
2388 0.0248161
2389 0.0248161
2390 0.0248161
2391 0.0247813
2392 0.0247813
2393 0.024607
2394 0.024607
2395 0.024607
2396 0.024607
2397 0.024607
2398 0.024607
2399 0.0245722
2400 0.0245722
2401 0.0242585
2402 0.0242585
2403 0.0242585
2404 0.0242585
2405 0.0242585
2406 0.0242585
2407 0.0242236
2408 0.0242236
2409 0.0239796
2410 0.0239796
2411 0.0239796
2412 0.0239796
2413 0.0239796
2414 0.0239796
2415 0.0239448
2416 0.0239448
2417 0.0235265
2418 0.0235265
2419 0.0235265
2420 0.0235265
2421 0.0235265
2422 0.0235265
2423 0.0235265
2424 0.0235265
2425 0.0232477
2426 0.0232477
2427 0.0232477
2428 0.0232477
2429 0.0232477
2430 0.0232477
2431 0.0232477
2432 0.0232477
2433 0.0230386
2434 0.0230386
2435 0.0230386
2436 0.0230386
2437 0.0230386
2438 0.0230386
2439 0.0230386
2440 0.0230386
2441 0.0228643
2442 0.0228643
2443 0.0228643
2444 0.0228643
2445 0.0228643
2446 0.0228643
2447 0.0227946
2448 0.0227946
2449 0.0224809
2450 0.0224809
2451 0.0224809
2452 0.0224809
2453 0.0224809
2454 0.0224809
2455 0.0224809
2456 0.0224809
2457 0.0222369
2458 0.0222369
2459 0.0222369
2460 0.0222369
2461 0.0222369
2462 0.0222369
2463 0.0222369
2464 0.0222369
2465 0.0218535
2466 0.0218535
2467 0.0218535
2468 0.0218535
2469 0.0218535
2470 0.0218535
2471 0.0217838
2472 0.0217838
2473 0.0214353
2474 0.0214353
2475 0.0214353
2476 0.0214353
2477 0.0214353
2478 0.0214353
2479 0.0213656
2480 0.0213656
2481 0.0211565
2482 0.0211565
2483 0.0211565
2484 0.0211565
2485 0.0211565
2486 0.0211565
2487 0.0211216
2488 0.0211216
2489 0.0208079
2490 0.0208079
2491 0.0208079
2492 0.0208079
2493 0.0208079
2494 0.0208079
2495 0.0208079
2496 0.0208079
2497 0.0207731
2498 0.0207731
2499 0.0207731
2500 0.0207731
2501 0.0207731
2502 0.0207731
2503 0.0207382
2504 0.0207382
2505 0.0205639
2506 0.0205639
2507 0.0205639
2508 0.0205639
2509 0.0205639
2510 0.0205639
2511 0.0205639
2512 0.0205639
2513 0.0203897
2514 0.0203897
2515 0.0203897
2516 0.0203897
2517 0.0203897
2518 0.0203897
2519 0.0203897
2520 0.0203897
2521 0.0199366
2522 0.0199366
2523 0.0199366
2524 0.0199366
2525 0.0199366
2526 0.0199366
2527 0.0199366
2528 0.0199366
2529 0.0195532
2530 0.0195532
2531 0.0195532
2532 0.0195532
2533 0.0195532
2534 0.0195532
2535 0.0195183
2536 0.0195183
2537 0.0192743
2538 0.0192743
2539 0.0192743
2540 0.0192743
2541 0.0192743
2542 0.0192743
2543 0.0192743
2544 0.0192743
2545 0.0190304
2546 0.0190304
2547 0.0190304
2548 0.0190304
2549 0.0190304
2550 0.0190304
2551 0.0189955
2552 0.0189955
2553 0.0187864
2554 0.0187864
2555 0.0187864
2556 0.0187864
2557 0.0187864
2558 0.0187864
2559 0.0187515
2560 0.0187515
2561 0.0185773
2562 0.0185773
2563 0.0185773
2564 0.0185773
2565 0.0185773
2566 0.0185773
2567 0.0185424
2568 0.0185424
2569 0.018159
2570 0.018159
2571 0.018159
2572 0.018159
2573 0.018159
2574 0.018159
2575 0.018159
2576 0.018159
2577 0.0177756
2578 0.0177756
2579 0.0177756
2580 0.0177756
2581 0.0177756
2582 0.0177756
2583 0.0177408
2584 0.0177408
2585 0.0173922
2586 0.0173922
2587 0.0173922
2588 0.0173922
2589 0.0173922
2590 0.0173922
2591 0.0173225
2592 0.0173225
2593 0.0171482
2594 0.0171482
2595 0.0171482
2596 0.0171482
2597 0.0171482
2598 0.0171482
2599 0.0171482
2600 0.0171482
2601 0.0169043
2602 0.0169043
2603 0.0169043
2604 0.0169043
2605 0.0169043
2606 0.0169043
2607 0.0168694
2608 0.0168694
2609 0.0165906
2610 0.0165906
2611 0.0165906
2612 0.0165906
2613 0.0165906
2614 0.0165906
2615 0.0165906
2616 0.0165906
2617 0.016242
2618 0.016242
2619 0.016242
2620 0.016242
2621 0.016242
2622 0.016242
2623 0.0162072
2624 0.0162072
2625 0.0158935
2626 0.0158935
2627 0.0158935
2628 0.0158935
2629 0.0158935
2630 0.0158935
2631 0.0158935
2632 0.0158935
2633 0.0157192
2634 0.0157192
2635 0.0157192
2636 0.0157192
2637 0.0157192
2638 0.0157192
2639 0.0156844
2640 0.0156844
2641 0.0154404
2642 0.0154404
2643 0.0154404
2644 0.0154404
2645 0.0154404
2646 0.0154404
2647 0.0154404
2648 0.0154404
2649 0.0152661
2650 0.0152661
2651 0.0152661
2652 0.0152661
2653 0.0152661
2654 0.0152661
2655 0.0152661
2656 0.0152661
2657 0.0151267
2658 0.0151267
2659 0.0151267
2660 0.0151267
2661 0.0151267
2662 0.0151267
2663 0.0150918
2664 0.0150918
2665 0.0149176
2666 0.0149176
2667 0.0149176
2668 0.0149176
2669 0.0149176
2670 0.0149176
2671 0.0149176
2672 0.0149176
2673 0.0146387
2674 0.0146387
2675 0.0146387
2676 0.0146387
2677 0.0146387
2678 0.0146387
2679 0.0146039
2680 0.0146039
2681 0.0143948
2682 0.0143948
2683 0.0143948
2684 0.0143948
2685 0.0143948
2686 0.0143948
2687 0.0143948
2688 0.0143948
2689 0.0142553
2690 0.0142553
2691 0.0142553
2692 0.0142553
2693 0.0142553
2694 0.0142553
2695 0.0142553
2696 0.0142553
2697 0.0141508
2698 0.0141508
2699 0.0141508
2700 0.0141508
2701 0.0141508
2702 0.0141508
2703 0.0141508
2704 0.0141508
2705 0.0140811
2706 0.0140811
2707 0.0140811
2708 0.0140811
2709 0.0140811
2710 0.0140811
2711 0.0139765
2712 0.0139765
2713 0.0138022
2714 0.0138022
2715 0.0138022
2716 0.0138022
2717 0.0138022
2718 0.0138022
2719 0.0136628
2720 0.0136628
2721 0.0132794
2722 0.0132794
2723 0.0132794
2724 0.0132794
2725 0.0132794
2726 0.0132794
2727 0.0132794
2728 0.0132794
2729 0.0130703
2730 0.0130703
2731 0.0130703
2732 0.0130703
2733 0.0130703
2734 0.0130703
2735 0.0130354
2736 0.0130354
2737 0.012896
2738 0.012896
2739 0.012896
2740 0.012896
2741 0.012896
2742 0.012896
2743 0.012896
2744 0.012896
2745 0.0127218
2746 0.0127218
2747 0.0127218
2748 0.0127218
2749 0.0127218
2750 0.0127218
2751 0.0126869
2752 0.0126869
2753 0.0124429
2754 0.0124429
2755 0.0124429
2756 0.0124429
2757 0.0124429
2758 0.0124429
2759 0.0124429
2760 0.0124429
2761 0.0122338
2762 0.0122338
2763 0.0122338
2764 0.0122338
2765 0.0122338
2766 0.0122338
2767 0.0122338
2768 0.0122338
2769 0.0121292
2770 0.0121292
2771 0.0121292
2772 0.0121292
2773 0.0121292
2774 0.0121292
2775 0.0120944
2776 0.0120944
2777 0.0120247
2778 0.0120247
2779 0.0120247
2780 0.0120247
2781 0.0120247
2782 0.0120247
2783 0.0120247
2784 0.0120247
2785 0.011955
2786 0.011955
2787 0.011955
2788 0.011955
2789 0.011955
2790 0.011955
2791 0.011955
2792 0.011955
2793 0.0116413
2794 0.0116413
2795 0.0116413
2796 0.0116413
2797 0.0116413
2798 0.0116413
2799 0.0116413
2800 0.0116413
2801 0.0115716
2802 0.0115716
2803 0.0115716
2804 0.0115716
2805 0.0115716
2806 0.0115716
2807 0.0115716
2808 0.0115716
2809 0.011467
2810 0.011467
2811 0.011467
2812 0.011467
2813 0.011467
2814 0.011467
2815 0.011467
2816 0.011467
2817 0.0113624
2818 0.0113624
2819 0.0113624
2820 0.0113624
2821 0.0113624
2822 0.0113624
2823 0.0113624
2824 0.0113624
2825 0.0112579
2826 0.0112579
2827 0.0112579
2828 0.0112579
2829 0.0112579
2830 0.0112579
2831 0.0112579
2832 0.0112579
2833 0.011223
2834 0.011223
2835 0.011223
2836 0.011223
2837 0.011223
2838 0.011223
2839 0.0111882
2840 0.0111882
2841 0.0110139
2842 0.0110139
2843 0.0110139
2844 0.0110139
2845 0.0110139
2846 0.0110139
2847 0.0110139
2848 0.0110139
2849 0.0109442
2850 0.0109442
2851 0.0109442
2852 0.0109442
2853 0.0109442
2854 0.0109442
2855 0.0109442
2856 0.0109442
2857 0.0108048
2858 0.0108048
2859 0.0108048
2860 0.0108048
2861 0.0108048
2862 0.0108048
2863 0.0107699
2864 0.0107699
2865 0.0107002
2866 0.0107002
2867 0.0107002
2868 0.0107002
2869 0.0107002
2870 0.0107002
2871 0.0107002
2872 0.0107002
2873 0.0107002
2874 0.0107002
2875 0.0107002
2876 0.0107002
2877 0.0107002
2878 0.0107002
2879 0.0107002
2880 0.0107002
2881 0.0106305
2882 0.0106305
2883 0.0106305
2884 0.0106305
2885 0.0106305
2886 0.0106305
2887 0.0106305
2888 0.0106305
2889 0.0105608
2890 0.0105608
2891 0.0105608
2892 0.0105608
2893 0.0105608
2894 0.0105608
2895 0.0105608
2896 0.0105608
2897 0.0105259
2898 0.0105259
2899 0.0105259
2900 0.0105259
2901 0.0105259
2902 0.0105259
2903 0.0105259
2904 0.0105259
2905 0.0104214
2906 0.0104214
2907 0.0104214
2908 0.0104214
2909 0.0104214
2910 0.0104214
2911 0.0104214
2912 0.0104214
2913 0.0103168
2914 0.0103168
2915 0.0103168
2916 0.0103168
2917 0.0103168
2918 0.0103168
2919 0.010282
2920 0.010282
2921 0.0102471
2922 0.0102471
2923 0.0102471
2924 0.0102471
2925 0.0102471
2926 0.0102471
2927 0.0102471
2928 0.0102471
2929 0.0100728
2930 0.0100728
2931 0.0100728
2932 0.0100728
2933 0.0100728
2934 0.0100728
2935 0.010038
2936 0.010038
2937 0.00996828
2938 0.00996828
2939 0.00996828
2940 0.00996828
2941 0.00996828
2942 0.00996828
2943 0.00989857
2944 0.00989857
2945 0.00982887
2946 0.00982887
2947 0.00982887
2948 0.00982887
2949 0.00982887
2950 0.00982887
2951 0.00982887
2952 0.00982887
2953 0.00975916
2954 0.00975916
2955 0.00975916
2956 0.00975916
2957 0.00975916
2958 0.00975916
2959 0.00975916
2960 0.00975916
2961 0.00968945
2962 0.00968945
2963 0.00968945
2964 0.00968945
2965 0.00968945
2966 0.00968945
2967 0.00968945
2968 0.00968945
2969 0.00955003
2970 0.00955003
2971 0.00955003
2972 0.00955003
2973 0.00955003
2974 0.00955003
2975 0.00955003
2976 0.00955003
2977 0.00948032
2978 0.00948032
2979 0.00948032
2980 0.00948032
2981 0.00948032
2982 0.00948032
2983 0.00948032
2984 0.00948032
2985 0.00941062
2986 0.00941062
2987 0.00941062
2988 0.00941062
2989 0.00941062
2990 0.00941062
2991 0.00941062
2992 0.00941062
2993 0.00930605
2994 0.00930605
2995 0.00930605
2996 0.00930605
2997 0.00930605
2998 0.00930605
2999 0.00930605
3000 0.00930605
3001 0.00909693
3002 0.00909693
3003 0.00909693
3004 0.00909693
3005 0.00909693
3006 0.00909693
3007 0.00909693
3008 0.00909693
3009 0.00899237
3010 0.00899237
3011 0.00899237
3012 0.00899237
3013 0.00899237
3014 0.00899237
3015 0.00899237
3016 0.00899237
3017 0.00895751
3018 0.00895751
3019 0.00895751
3020 0.00895751
3021 0.00895751
3022 0.00895751
3023 0.00895751
3024 0.00895751
3025 0.0088181
3026 0.0088181
3027 0.0088181
3028 0.0088181
3029 0.0088181
3030 0.0088181
3031 0.00878324
3032 0.00878324
3033 0.00874839
3034 0.00874839
3035 0.00874839
3036 0.00874839
3037 0.00874839
3038 0.00874839
3039 0.00874839
3040 0.00874839
3041 0.00864383
3042 0.00864383
3043 0.00864383
3044 0.00864383
3045 0.00864383
3046 0.00864383
3047 0.00864383
3048 0.00864383
3049 0.00857412
3050 0.00857412
3051 0.00857412
3052 0.00857412
3053 0.00857412
3054 0.00857412
3055 0.00857412
3056 0.00857412
3057 0.00846955
3058 0.00846955
3059 0.00846955
3060 0.00846955
3061 0.00846955
3062 0.00846955
3063 0.00846955
3064 0.00846955
3065 0.00839985
3066 0.00839985
3067 0.00839985
3068 0.00839985
3069 0.00839985
3070 0.00839985
3071 0.00839985
3072 0.00839985
3073 0.00833014
3074 0.00833014
3075 0.00833014
3076 0.00833014
3077 0.00833014
3078 0.00833014
3079 0.00833014
3080 0.00833014
3081 0.00826043
3082 0.00826043
3083 0.00826043
3084 0.00826043
3085 0.00826043
3086 0.00826043
3087 0.00826043
3088 0.00826043
3089 0.00819072
3090 0.00819072
3091 0.00819072
3092 0.00819072
3093 0.00819072
3094 0.00819072
3095 0.00819072
3096 0.00819072
3097 0.00812101
3098 0.00812101
3099 0.00812101
3100 0.00812101
3101 0.00812101
3102 0.00812101
3103 0.00805131
3104 0.00805131
3105 0.00791189
3106 0.00791189
3107 0.00791189
3108 0.00791189
3109 0.00791189
3110 0.00791189
3111 0.00791189
3112 0.00791189
3113 0.00777247
3114 0.00777247
3115 0.00777247
3116 0.00777247
3117 0.00777247
3118 0.00777247
3119 0.00773762
3120 0.00773762
3121 0.0075982
3122 0.0075982
3123 0.0075982
3124 0.0075982
3125 0.0075982
3126 0.0075982
3127 0.00756335
3128 0.00756335
3129 0.00752849
3130 0.00752849
3131 0.00752849
3132 0.00752849
3133 0.00752849
3134 0.00752849
3135 0.00752849
3136 0.00752849
3137 0.00749364
3138 0.00749364
3139 0.00749364
3140 0.00749364
3141 0.00749364
3142 0.00749364
3143 0.00749364
3144 0.00749364
3145 0.00735422
3146 0.00735422
3147 0.00735422
3148 0.00735422
3149 0.00735422
3150 0.00735422
3151 0.00731937
3152 0.00731937
3153 0.00721481
3154 0.00721481
3155 0.00721481
3156 0.00721481
3157 0.00721481
3158 0.00721481
3159 0.00717995
3160 0.00717995
3161 0.0071451
3162 0.0071451
3163 0.0071451
3164 0.0071451
3165 0.0071451
3166 0.0071451
3167 0.0071451
3168 0.0071451
3169 0.00707539
3170 0.00707539
3171 0.00707539
3172 0.00707539
3173 0.00707539
3174 0.00707539
3175 0.00707539
3176 0.00707539
3177 0.00690112
3178 0.00690112
3179 0.00690112
3180 0.00690112
3181 0.00690112
3182 0.00690112
3183 0.00686626
3184 0.00686626
3185 0.00683141
3186 0.00683141
3187 0.00683141
3188 0.00683141
3189 0.00683141
3190 0.00683141
3191 0.00683141
3192 0.00683141
3193 0.00679656
3194 0.00679656
3195 0.00679656
3196 0.00679656
3197 0.00679656
3198 0.00679656
3199 0.00679656
3200 0.00679656
3201 0.00669199
3202 0.00669199
3203 0.00669199
3204 0.00669199
3205 0.00669199
3206 0.00669199
3207 0.00665714
3208 0.00665714
3209 0.00655258
3210 0.00655258
3211 0.00655258
3212 0.00655258
3213 0.00655258
3214 0.00655258
3215 0.00655258
3216 0.00655258
3217 0.00648287
3218 0.00648287
3219 0.00648287
3220 0.00648287
3221 0.00648287
3222 0.00648287
3223 0.00648287
3224 0.00648287
3225 0.00641316
3226 0.00641316
3227 0.00641316
3228 0.00641316
3229 0.00641316
3230 0.00641316
3231 0.00641316
3232 0.00641316
3233 0.00641316
3234 0.00641316
3235 0.00641316
3236 0.00641316
3237 0.00641316
3238 0.00641316
3239 0.00641316
3240 0.00641316
3241 0.0063086
3242 0.0063086
3243 0.0063086
3244 0.0063086
3245 0.0063086
3246 0.0063086
3247 0.0063086
3248 0.0063086
3249 0.00623889
3250 0.00623889
3251 0.00623889
3252 0.00623889
3253 0.00623889
3254 0.00623889
3255 0.00620404
3256 0.00620404
3257 0.00620404
3258 0.00620404
3259 0.00620404
3260 0.00620404
3261 0.00620404
3262 0.00620404
3263 0.00620404
3264 0.00620404
3265 0.00613433
3266 0.00613433
3267 0.00613433
3268 0.00613433
3269 0.00613433
3270 0.00613433
3271 0.00613433
3272 0.00613433
3273 0.00606462
3274 0.00606462
3275 0.00606462
3276 0.00606462
3277 0.00606462
3278 0.00606462
3279 0.00602977
3280 0.00602977
3281 0.00596006
3282 0.00596006
3283 0.00596006
3284 0.00596006
3285 0.00596006
3286 0.00596006
3287 0.00596006
3288 0.00596006
3289 0.00589035
3290 0.00589035
3291 0.00589035
3292 0.00589035
3293 0.00589035
3294 0.00589035
3295 0.00589035
3296 0.00589035
3297 0.00585549
3298 0.00585549
3299 0.00585549
3300 0.00585549
3301 0.00585549
3302 0.00585549
3303 0.00582064
3304 0.00582064
3305 0.00568122
3306 0.00568122
3307 0.00568122
3308 0.00568122
3309 0.00568122
3310 0.00568122
3311 0.00568122
3312 0.00568122
3313 0.00564637
3314 0.00564637
3315 0.00564637
3316 0.00564637
3317 0.00564637
3318 0.00564637
3319 0.00564637
3320 0.00564637
3321 0.00550695
3322 0.00550695
3323 0.00550695
3324 0.00550695
3325 0.00550695
3326 0.00550695
3327 0.00550695
3328 0.00550695
3329 0.00550695
3330 0.00550695
3331 0.00550695
3332 0.00550695
3333 0.00550695
3334 0.00550695
3335 0.00550695
3336 0.00550695
3337 0.0054721
3338 0.0054721
3339 0.0054721
3340 0.0054721
3341 0.0054721
3342 0.0054721
3343 0.0054721
3344 0.0054721
3345 0.0054721
3346 0.0054721
3347 0.0054721
3348 0.0054721
3349 0.0054721
3350 0.0054721
3351 0.0054721
3352 0.0054721
3353 0.00543725
3354 0.00543725
3355 0.00543725
3356 0.00543725
3357 0.00543725
3358 0.00543725
3359 0.00543725
3360 0.00543725
3361 0.00536754
3362 0.00536754
3363 0.00536754
3364 0.00536754
3365 0.00536754
3366 0.00536754
3367 0.00536754
3368 0.00536754
3369 0.00533268
3370 0.00533268
3371 0.00533268
3372 0.00533268
3373 0.00533268
3374 0.00533268
3375 0.00533268
3376 0.00533268
3377 0.00522812
3378 0.00522812
3379 0.00522812
3380 0.00522812
3381 0.00522812
3382 0.00522812
3383 0.00522812
3384 0.00522812
3385 0.00515841
3386 0.00515841
3387 0.00515841
3388 0.00515841
3389 0.00515841
3390 0.00515841
3391 0.00512356
3392 0.00512356
3393 0.00505385
3394 0.00505385
3395 0.00505385
3396 0.00505385
3397 0.00505385
3398 0.00505385
3399 0.00505385
3400 0.00505385
3401 0.00487958
3402 0.00487958
3403 0.00487958
3404 0.00487958
3405 0.00487958
3406 0.00487958
3407 0.00484472
3408 0.00484472
3409 0.00467045
3410 0.00467045
3411 0.00467045
3412 0.00467045
3413 0.00467045
3414 0.00467045
3415 0.00467045
3416 0.00467045
3417 0.00456589
3418 0.00456589
3419 0.00456589
3420 0.00456589
3421 0.00456589
3422 0.00456589
3423 0.00453104
3424 0.00453104
3425 0.00449618
3426 0.00449618
3427 0.00449618
3428 0.00449618
3429 0.00449618
3430 0.00449618
3431 0.00446133
3432 0.00446133
3433 0.00446133
3434 0.00446133
3435 0.00446133
3436 0.00446133
3437 0.00446133
3438 0.00446133
3439 0.00446133
3440 0.00446133
3441 0.00442648
3442 0.00442648
3443 0.00442648
3444 0.00442648
3445 0.00442648
3446 0.00442648
3447 0.00442648
3448 0.00442648
3449 0.00442648
3450 0.00442648
3451 0.00442648
3452 0.00442648
3453 0.00442648
3454 0.00442648
3455 0.00442648
3456 0.00442648
3457 0.00435677
3458 0.00435677
3459 0.00435677
3460 0.00435677
3461 0.00435677
3462 0.00435677
3463 0.00435677
3464 0.00435677
3465 0.00428706
3466 0.00428706
3467 0.00428706
3468 0.00428706
3469 0.00428706
3470 0.00428706
3471 0.00428706
3472 0.00428706
3473 0.00428706
3474 0.00428706
3475 0.00428706
3476 0.00428706
3477 0.00428706
3478 0.00428706
3479 0.00428706
3480 0.00428706
3481 0.0042522
3482 0.0042522
3483 0.0042522
3484 0.0042522
3485 0.0042522
3486 0.0042522
3487 0.0042522
3488 0.0042522
3489 0.00414764
3490 0.00414764
3491 0.00414764
3492 0.00414764
3493 0.00414764
3494 0.00414764
3495 0.00414764
3496 0.00414764
3497 0.00414764
3498 0.00414764
3499 0.00414764
3500 0.00414764
3501 0.00414764
3502 0.00414764
3503 0.00411279
3504 0.00411279
3505 0.00400823
3506 0.00400823
3507 0.00400823
3508 0.00400823
3509 0.00400823
3510 0.00400823
3511 0.00400823
3512 0.00400823
3513 0.00397337
3514 0.00397337
3515 0.00397337
3516 0.00397337
3517 0.00397337
3518 0.00397337
3519 0.00397337
3520 0.00397337
3521 0.00390366
3522 0.00390366
3523 0.00390366
3524 0.00390366
3525 0.00390366
3526 0.00390366
3527 0.00390366
3528 0.00390366
3529 0.00383395
3530 0.00383395
3531 0.00383395
3532 0.00383395
3533 0.00383395
3534 0.00383395
3535 0.00383395
3536 0.00383395
3537 0.00376425
3538 0.00376425
3539 0.00376425
3540 0.00376425
3541 0.00376425
3542 0.00376425
3543 0.00376425
3544 0.00376425
3545 0.00376425
3546 0.00376425
3547 0.00376425
3548 0.00376425
3549 0.00376425
3550 0.00376425
3551 0.00376425
3552 0.00376425
3553 0.00372939
3554 0.00372939
3555 0.00372939
3556 0.00372939
3557 0.00372939
3558 0.00372939
3559 0.00372939
3560 0.00372939
3561 0.00369454
3562 0.00369454
3563 0.00369454
3564 0.00369454
3565 0.00369454
3566 0.00369454
3567 0.00369454
3568 0.00369454
3569 0.00362483
3570 0.00362483
3571 0.00362483
3572 0.00362483
3573 0.00362483
3574 0.00362483
3575 0.00362483
3576 0.00362483
3577 0.00362483
3578 0.00362483
3579 0.00362483
3580 0.00362483
3581 0.00362483
3582 0.00362483
3583 0.00362483
3584 0.00362483
3585 0.00362483
3586 0.00362483
3587 0.00362483
3588 0.00362483
3589 0.00362483
3590 0.00362483
3591 0.00362483
3592 0.00362483
3593 0.00348541
3594 0.00348541
3595 0.00348541
3596 0.00348541
3597 0.00348541
3598 0.00348541
3599 0.00348541
3600 0.00348541
3601 0.00341571
3602 0.00341571
3603 0.00341571
3604 0.00341571
3605 0.00341571
3606 0.00341571
3607 0.00341571
3608 0.00341571
3609 0.00331114
3610 0.00331114
3611 0.00331114
3612 0.00331114
3613 0.00331114
3614 0.00331114
3615 0.00331114
3616 0.00331114
3617 0.00327629
3618 0.00327629
3619 0.00327629
3620 0.00327629
3621 0.00327629
3622 0.00327629
3623 0.00327629
3624 0.00327629
3625 0.00320658
3626 0.00320658
3627 0.00320658
3628 0.00320658
3629 0.00320658
3630 0.00320658
3631 0.00320658
3632 0.00320658
3633 0.00317173
3634 0.00317173
3635 0.00317173
3636 0.00317173
3637 0.00317173
3638 0.00317173
3639 0.00317173
3640 0.00317173
3641 0.00317173
3642 0.00317173
3643 0.00317173
3644 0.00317173
3645 0.00317173
3646 0.00317173
3647 0.00317173
3648 0.00317173
3649 0.00310202
3650 0.00310202
3651 0.00310202
3652 0.00310202
3653 0.00310202
3654 0.00310202
3655 0.00306716
3656 0.00306716
3657 0.00306716
3658 0.00306716
3659 0.00306716
3660 0.00306716
3661 0.00306716
3662 0.00306716
3663 0.00306716
3664 0.00306716
3665 0.00306716
3666 0.00306716
3667 0.00306716
3668 0.00306716
3669 0.00306716
3670 0.00306716
3671 0.00306716
3672 0.00306716
3673 0.00299746
3674 0.00299746
3675 0.00299746
3676 0.00299746
3677 0.00299746
3678 0.00299746
3679 0.00299746
3680 0.00299746
3681 0.00292775
3682 0.00292775
3683 0.00292775
3684 0.00292775
3685 0.00292775
3686 0.00292775
3687 0.00292775
3688 0.00292775
3689 0.00289289
3690 0.00289289
3691 0.00289289
3692 0.00289289
3693 0.00289289
3694 0.00289289
3695 0.00289289
3696 0.00289289
3697 0.00285804
3698 0.00285804
3699 0.00285804
3700 0.00285804
3701 0.00285804
3702 0.00285804
3703 0.00285804
3704 0.00285804
3705 0.00282318
3706 0.00282318
3707 0.00282318
3708 0.00282318
3709 0.00282318
3710 0.00282318
3711 0.00282318
3712 0.00282318
3713 0.00271862
3714 0.00271862
3715 0.00271862
3716 0.00271862
3717 0.00271862
3718 0.00271862
3719 0.00271862
3720 0.00271862
3721 0.00264891
3722 0.00264891
3723 0.00264891
3724 0.00264891
3725 0.00264891
3726 0.00264891
3727 0.00264891
3728 0.00264891
3729 0.00261406
3730 0.00261406
3731 0.00261406
3732 0.00261406
3733 0.00261406
3734 0.00261406
3735 0.00261406
3736 0.00261406
3737 0.00261406
3738 0.00261406
3739 0.00261406
3740 0.00261406
3741 0.00261406
3742 0.00261406
3743 0.00261406
3744 0.00261406
3745 0.00254435
3746 0.00254435
3747 0.00254435
3748 0.00254435
3749 0.00254435
3750 0.00254435
3751 0.00254435
3752 0.00254435
3753 0.0025095
3754 0.0025095
3755 0.0025095
3756 0.0025095
3757 0.0025095
3758 0.0025095
3759 0.0025095
3760 0.0025095
3761 0.00247464
3762 0.00247464
3763 0.00247464
3764 0.00247464
3765 0.00247464
3766 0.00247464
3767 0.00247464
3768 0.00247464
3769 0.00243979
3770 0.00243979
3771 0.00243979
3772 0.00243979
3773 0.00243979
3774 0.00243979
3775 0.00243979
3776 0.00243979
3777 0.00240494
3778 0.00240494
3779 0.00240494
3780 0.00240494
3781 0.00240494
3782 0.00240494
3783 0.00240494
3784 0.00240494
3785 0.00240494
3786 0.00240494
3787 0.00240494
3788 0.00240494
3789 0.00240494
3790 0.00240494
3791 0.00240494
3792 0.00240494
3793 0.00240494
3794 0.00240494
3795 0.00240494
3796 0.00240494
3797 0.00240494
3798 0.00240494
3799 0.00240494
3800 0.00240494
3801 0.00237008
3802 0.00237008
3803 0.00237008
3804 0.00237008
3805 0.00237008
3806 0.00237008
3807 0.00237008
3808 0.00237008
3809 0.00237008
3810 0.00237008
3811 0.00237008
3812 0.00237008
3813 0.00237008
3814 0.00237008
3815 0.00237008
3816 0.00237008
3817 0.00230037
3818 0.00230037
3819 0.00230037
3820 0.00230037
3821 0.00230037
3822 0.00230037
3823 0.00230037
3824 0.00230037
3825 0.00223066
3826 0.00223066
3827 0.00223066
3828 0.00223066
3829 0.00223066
3830 0.00223066
3831 0.00223066
3832 0.00223066
3833 0.0021261
3834 0.0021261
3835 0.0021261
3836 0.0021261
3837 0.0021261
3838 0.0021261
3839 0.0021261
3840 0.0021261
3841 0.00209125
3842 0.00209125
3843 0.00209125
3844 0.00209125
3845 0.00209125
3846 0.00209125
3847 0.00209125
3848 0.00209125
3849 0.00209125
3850 0.00209125
3851 0.00209125
3852 0.00209125
3853 0.00209125
3854 0.00209125
3855 0.00209125
3856 0.00209125
3857 0.00209125
3858 0.00209125
3859 0.00209125
3860 0.00209125
3861 0.00209125
3862 0.00209125
3863 0.00209125
3864 0.00209125
3865 0.00205639
3866 0.00205639
3867 0.00205639
3868 0.00205639
3869 0.00205639
3870 0.00205639
3871 0.00205639
3872 0.00205639
3873 0.00205639
3874 0.00205639
3875 0.00205639
3876 0.00205639
3877 0.00205639
3878 0.00205639
3879 0.00205639
3880 0.00205639
3881 0.00198669
3882 0.00198669
3883 0.00198669
3884 0.00198669
3885 0.00198669
3886 0.00198669
3887 0.00198669
3888 0.00198669
3889 0.00198669
3890 0.00198669
3891 0.00198669
3892 0.00198669
3893 0.00198669
3894 0.00198669
3895 0.00195183
3896 0.00195183
3897 0.00195183
3898 0.00195183
3899 0.00195183
3900 0.00195183
3901 0.00195183
3902 0.00195183
3903 0.00195183
3904 0.00195183
3905 0.00195183
3906 0.00195183
3907 0.00195183
3908 0.00195183
3909 0.00195183
3910 0.00195183
3911 0.00195183
3912 0.00195183
3913 0.00195183
3914 0.00195183
3915 0.00195183
3916 0.00195183
3917 0.00195183
3918 0.00195183
3919 0.00195183
3920 0.00195183
3921 0.00195183
3922 0.00195183
3923 0.00195183
3924 0.00195183
3925 0.00195183
3926 0.00195183
3927 0.00195183
3928 0.00195183
3929 0.00188212
3930 0.00188212
3931 0.00188212
3932 0.00188212
3933 0.00188212
3934 0.00188212
3935 0.00188212
3936 0.00188212
3937 0.00184727
3938 0.00184727
3939 0.00184727
3940 0.00184727
3941 0.00184727
3942 0.00184727
3943 0.00184727
3944 0.00184727
3945 0.00184727
3946 0.00184727
3947 0.00184727
3948 0.00184727
3949 0.00184727
3950 0.00184727
3951 0.00184727
3952 0.00184727
3953 0.00181242
3954 0.00181242
3955 0.00181242
3956 0.00181242
3957 0.00181242
3958 0.00181242
3959 0.00181242
3960 0.00181242
3961 0.00181242
3962 0.00181242
3963 0.00181242
3964 0.00181242
3965 0.00181242
3966 0.00181242
3967 0.00181242
3968 0.00181242
3969 0.00181242
3970 0.00181242
3971 0.00181242
3972 0.00181242
3973 0.00181242
3974 0.00181242
3975 0.00181242
3976 0.00181242
3977 0.00181242
3978 0.00181242
3979 0.00181242
3980 0.00181242
3981 0.00181242
3982 0.00181242
3983 0.00181242
3984 0.00181242
3985 0.00177756
3986 0.00177756
3987 0.00177756
3988 0.00177756
3989 0.00177756
3990 0.00177756
3991 0.00177756
3992 0.00177756
3993 0.00177756
3994 0.00177756
3995 0.00177756
3996 0.00177756
3997 0.00177756
3998 0.00177756
3999 0.00177756
4000 0.00177756
4001 0.00174271
4002 0.00174271
4003 0.00174271
4004 0.00174271
4005 0.00174271
4006 0.00174271
4007 0.00174271
4008 0.00174271
4009 0.00170785
4010 0.00170785
4011 0.00170785
4012 0.00170785
4013 0.00170785
4014 0.00170785
4015 0.00170785
4016 0.00170785
4017 0.00170785
4018 0.00170785
4019 0.00170785
4020 0.00170785
4021 0.00170785
4022 0.00170785
4023 0.00170785
4024 0.00170785
4025 0.001673
4026 0.001673
4027 0.001673
4028 0.001673
4029 0.001673
4030 0.001673
4031 0.001673
4032 0.001673
4033 0.001673
4034 0.001673
4035 0.001673
4036 0.001673
4037 0.001673
4038 0.001673
4039 0.001673
4040 0.001673
4041 0.001673
4042 0.001673
4043 0.001673
4044 0.001673
4045 0.001673
4046 0.001673
4047 0.001673
4048 0.001673
4049 0.00163814
4050 0.00163814
4051 0.00163814
4052 0.00163814
4053 0.00163814
4054 0.00163814
4055 0.00163814
4056 0.00163814
4057 0.00156844
4058 0.00156844
4059 0.00156844
4060 0.00156844
4061 0.00156844
4062 0.00156844
4063 0.00156844
4064 0.00156844
4065 0.00153358
4066 0.00153358
4067 0.00153358
4068 0.00153358
4069 0.00153358
4070 0.00153358
4071 0.00153358
4072 0.00153358
4073 0.00146387
4074 0.00146387
4075 0.00146387
4076 0.00146387
4077 0.00146387
4078 0.00146387
4079 0.00146387
4080 0.00146387
4081 0.00146387
4082 0.00146387
4083 0.00146387
4084 0.00146387
4085 0.00146387
4086 0.00146387
4087 0.00146387
4088 0.00146387
4089 0.00146387
4090 0.00146387
4091 0.00146387
4092 0.00146387
4093 0.00146387
4094 0.00146387
4095 0.00146387
4096 0.00146387
4097 0.00146387
4098 0.00146387
4099 0.00146387
4100 0.00146387
4101 0.00146387
4102 0.00146387
4103 0.00146387
4104 0.00146387
4105 0.00146387
4106 0.00146387
4107 0.00146387
4108 0.00146387
4109 0.00146387
4110 0.00146387
4111 0.00146387
4112 0.00146387
4113 0.00146387
4114 0.00146387
4115 0.00146387
4116 0.00146387
4117 0.00146387
4118 0.00146387
4119 0.00146387
4120 0.00146387
4121 0.00146387
4122 0.00146387
4123 0.00146387
4124 0.00146387
4125 0.00146387
4126 0.00146387
4127 0.00146387
4128 0.00146387
4129 0.00146387
4130 0.00146387
4131 0.00146387
4132 0.00146387
4133 0.00146387
4134 0.00146387
4135 0.00146387
4136 0.00146387
4137 0.00146387
4138 0.00146387
4139 0.00146387
4140 0.00146387
4141 0.00146387
4142 0.00146387
4143 0.00146387
4144 0.00146387
4145 0.00146387
4146 0.00146387
4147 0.00146387
4148 0.00146387
4149 0.00146387
4150 0.00146387
4151 0.00146387
4152 0.00146387
4153 0.00146387
4154 0.00146387
4155 0.00146387
4156 0.00146387
4157 0.00146387
4158 0.00146387
4159 0.00142902
4160 0.00142902
4161 0.00139417
4162 0.00139417
4163 0.00139417
4164 0.00139417
4165 0.00139417
4166 0.00139417
4167 0.00139417
4168 0.00139417
4169 0.00135931
4170 0.00135931
4171 0.00135931
4172 0.00135931
4173 0.00135931
4174 0.00135931
4175 0.00135931
4176 0.00135931
4177 0.00132446
4178 0.00132446
4179 0.00132446
4180 0.00132446
4181 0.00132446
4182 0.00132446
4183 0.00132446
4184 0.00132446
4185 0.00132446
4186 0.00132446
4187 0.00132446
4188 0.00132446
4189 0.00132446
4190 0.00132446
4191 0.00132446
4192 0.00132446
4193 0.0012896
4194 0.0012896
4195 0.0012896
4196 0.0012896
4197 0.0012896
4198 0.0012896
4199 0.0012896
4200 0.0012896
4201 0.0012896
4202 0.0012896
4203 0.0012896
4204 0.0012896
4205 0.0012896
4206 0.0012896
4207 0.0012896
4208 0.0012896
4209 0.0012896
4210 0.0012896
4211 0.0012896
4212 0.0012896
4213 0.0012896
4214 0.0012896
4215 0.0012896
4216 0.0012896
4217 0.00125475
4218 0.00125475
4219 0.00125475
4220 0.00125475
4221 0.00125475
4222 0.00125475
4223 0.00125475
4224 0.00125475
4225 0.00125475
4226 0.00125475
4227 0.00125475
4228 0.00125475
4229 0.00125475
4230 0.00125475
4231 0.00125475
4232 0.00125475
4233 0.00125475
4234 0.00125475
4235 0.00125475
4236 0.00125475
4237 0.00125475
4238 0.00125475
4239 0.00125475
4240 0.00125475
4241 0.00125475
4242 0.00125475
4243 0.00125475
4244 0.00125475
4245 0.00125475
4246 0.00125475
4247 0.00125475
4248 0.00125475
4249 0.00125475
4250 0.00125475
4251 0.00125475
4252 0.00125475
4253 0.00125475
4254 0.00125475
4255 0.00125475
4256 0.00125475
4257 0.00125475
4258 0.00125475
4259 0.00125475
4260 0.00125475
4261 0.00125475
4262 0.00125475
4263 0.00125475
4264 0.00125475
4265 0.00121989
4266 0.00121989
4267 0.00121989
4268 0.00121989
4269 0.00121989
4270 0.00121989
4271 0.00121989
4272 0.00121989
4273 0.00121989
4274 0.00121989
4275 0.00121989
4276 0.00121989
4277 0.00121989
4278 0.00121989
4279 0.00121989
4280 0.00121989
4281 0.00121989
4282 0.00121989
4283 0.00121989
4284 0.00121989
4285 0.00121989
4286 0.00121989
4287 0.00121989
4288 0.00121989
4289 0.00121989
4290 0.00121989
4291 0.00121989
4292 0.00121989
4293 0.00121989
4294 0.00121989
4295 0.00121989
4296 0.00121989
4297 0.00121989
4298 0.00121989
4299 0.00121989
4300 0.00121989
4301 0.00121989
4302 0.00121989
4303 0.00121989
4304 0.00121989
4305 0.00121989
4306 0.00121989
4307 0.00121989
4308 0.00121989
4309 0.00121989
4310 0.00121989
4311 0.00121989
4312 0.00121989
4313 0.00121989
4314 0.00121989
4315 0.00121989
4316 0.00121989
4317 0.00121989
4318 0.00121989
4319 0.00121989
4320 0.00121989
4321 0.00121989
4322 0.00121989
4323 0.00121989
4324 0.00121989
4325 0.00121989
4326 0.00121989
4327 0.00121989
4328 0.00121989
4329 0.00121989
4330 0.00121989
4331 0.00121989
4332 0.00121989
4333 0.00121989
4334 0.00121989
4335 0.00121989
4336 0.00121989
4337 0.00121989
4338 0.00121989
4339 0.00121989
4340 0.00121989
4341 0.00121989
4342 0.00121989
4343 0.00121989
4344 0.00121989
4345 0.00118504
4346 0.00118504
4347 0.00118504
4348 0.00118504
4349 0.00118504
4350 0.00118504
4351 0.00118504
4352 0.00118504
4353 0.00118504
4354 0.00118504
4355 0.00118504
4356 0.00118504
4357 0.00118504
4358 0.00118504
4359 0.00115019
4360 0.00115019
4361 0.00115019
4362 0.00115019
4363 0.00115019
4364 0.00115019
4365 0.00115019
4366 0.00115019
4367 0.00115019
4368 0.00115019
4369 0.00115019
4370 0.00115019
4371 0.00115019
4372 0.00115019
4373 0.00115019
4374 0.00115019
4375 0.00115019
4376 0.00115019
4377 0.00111533
4378 0.00111533
4379 0.00111533
4380 0.00111533
4381 0.00111533
4382 0.00111533
4383 0.00108048
4384 0.00108048
4385 0.00108048
4386 0.00108048
4387 0.00108048
4388 0.00108048
4389 0.00108048
4390 0.00108048
4391 0.00108048
4392 0.00108048
4393 0.00108048
4394 0.00108048
4395 0.00108048
4396 0.00108048
4397 0.00108048
4398 0.00108048
4399 0.00108048
4400 0.00108048
4401 0.00108048
4402 0.00108048
4403 0.00108048
4404 0.00108048
4405 0.00108048
4406 0.00108048
4407 0.00108048
4408 0.00108048
4409 0.00108048
4410 0.00108048
4411 0.00108048
4412 0.00108048
4413 0.00108048
4414 0.00108048
4415 0.00108048
4416 0.00108048
4417 0.00108048
4418 0.00108048
4419 0.00108048
4420 0.00108048
4421 0.00108048
4422 0.00108048
4423 0.00108048
4424 0.00108048
4425 0.00101077
4426 0.00101077
4427 0.00101077
4428 0.00101077
4429 0.00101077
4430 0.00101077
4431 0.00101077
4432 0.00101077
4433 0.00101077
4434 0.00101077
4435 0.00101077
4436 0.00101077
4437 0.00101077
4438 0.00101077
4439 0.00101077
4440 0.00101077
4441 0.00101077
4442 0.00101077
4443 0.00101077
4444 0.00101077
4445 0.00101077
4446 0.00101077
4447 0.00101077
4448 0.00101077
4449 0.00101077
4450 0.00101077
4451 0.00101077
4452 0.00101077
4453 0.00101077
4454 0.00101077
4455 0.00101077
4456 0.00101077
4457 0.00101077
4458 0.00101077
4459 0.00101077
4460 0.00101077
4461 0.00101077
4462 0.00101077
4463 0.00101077
4464 0.00101077
4465 0.000975916
4466 0.000975916
4467 0.000975916
4468 0.000975916
4469 0.000975916
4470 0.000975916
4471 0.000975916
4472 0.000975916
4473 0.000975916
4474 0.000975916
4475 0.000975916
4476 0.000975916
4477 0.000975916
4478 0.000975916
4479 0.000975916
4480 0.000975916
4481 0.000975916
4482 0.000975916
4483 0.000975916
4484 0.000975916
4485 0.000975916
4486 0.000975916
4487 0.000975916
4488 0.000975916
4489 0.000975916
4490 0.000975916
4491 0.000975916
4492 0.000975916
4493 0.000975916
4494 0.000975916
4495 0.000975916
4496 0.000975916
4497 0.000941062
4498 0.000941062
4499 0.000941062
4500 0.000941062
4501 0.000941062
4502 0.000941062
4503 0.000941062
4504 0.000941062
4505 0.000941062
4506 0.000941062
4507 0.000941062
4508 0.000941062
4509 0.000941062
4510 0.000941062
4511 0.000941062
4512 0.000941062
4513 0.000941062
4514 0.000941062
4515 0.000941062
4516 0.000941062
4517 0.000941062
4518 0.000941062
4519 0.000941062
4520 0.000941062
4521 0.000906208
4522 0.000906208
4523 0.000906208
4524 0.000906208
4525 0.000906208
4526 0.000906208
4527 0.000906208
4528 0.000906208
4529 0.000906208
4530 0.000906208
4531 0.000906208
4532 0.000906208
4533 0.000906208
4534 0.000906208
4535 0.000906208
4536 0.000906208
4537 0.000906208
4538 0.000906208
4539 0.000906208
4540 0.000906208
4541 0.000906208
4542 0.000906208
4543 0.000871353
4544 0.000871353
4545 0.000836499
4546 0.000836499
4547 0.000836499
4548 0.000836499
4549 0.000836499
4550 0.000836499
4551 0.000836499
4552 0.000836499
4553 0.000836499
4554 0.000836499
4555 0.000836499
4556 0.000836499
4557 0.000836499
4558 0.000836499
4559 0.000836499
4560 0.000836499
4561 0.000836499
4562 0.000836499
4563 0.000836499
4564 0.000836499
4565 0.000836499
4566 0.000836499
4567 0.000836499
4568 0.000836499
4569 0.000801645
4570 0.000801645
4571 0.000801645
4572 0.000801645
4573 0.000801645
4574 0.000801645
4575 0.000801645
4576 0.000801645
4577 0.000801645
4578 0.000801645
4579 0.000801645
4580 0.000801645
4581 0.000801645
4582 0.000801645
4583 0.000801645
4584 0.000801645
4585 0.000801645
4586 0.000801645
4587 0.000801645
4588 0.000801645
4589 0.000801645
4590 0.000801645
4591 0.000801645
4592 0.000801645
4593 0.000801645
4594 0.000801645
4595 0.000801645
4596 0.000801645
4597 0.000801645
4598 0.000801645
4599 0.000801645
4600 0.000801645
4601 0.000801645
4602 0.000801645
4603 0.000801645
4604 0.000801645
4605 0.000801645
4606 0.000801645
4607 0.000801645
4608 0.000801645
4609 0.000801645
4610 0.000801645
4611 0.000801645
4612 0.000801645
4613 0.000801645
4614 0.000801645
4615 0.000801645
4616 0.000801645
4617 0.000801645
4618 0.000801645
4619 0.000801645
4620 0.000801645
4621 0.000801645
4622 0.000801645
4623 0.000766791
4624 0.000766791
4625 0.000766791
4626 0.000766791
4627 0.000766791
4628 0.000766791
4629 0.000766791
4630 0.000766791
4631 0.000766791
4632 0.000766791
4633 0.000766791
4634 0.000766791
4635 0.000766791
4636 0.000766791
4637 0.000766791
4638 0.000766791
4639 0.000766791
4640 0.000766791
4641 0.000731937
4642 0.000731937
4643 0.000731937
4644 0.000731937
4645 0.000731937
4646 0.000731937
4647 0.000731937
4648 0.000731937
4649 0.000731937
4650 0.000731937
4651 0.000731937
4652 0.000731937
4653 0.000731937
4654 0.000731937
4655 0.000697083
4656 0.000697083
4657 0.000662229
4658 0.000662229
4659 0.000662229
4660 0.000662229
4661 0.000662229
4662 0.000662229
4663 0.000662229
4664 0.000662229
4665 0.000662229
4666 0.000662229
4667 0.000662229
4668 0.000662229
4669 0.000662229
4670 0.000662229
4671 0.000662229
4672 0.000662229
4673 0.000662229
4674 0.000662229
4675 0.000662229
4676 0.000662229
4677 0.000662229
4678 0.000662229
4679 0.000662229
4680 0.000662229
4681 0.000662229
4682 0.000662229
4683 0.000662229
4684 0.000662229
4685 0.000662229
4686 0.000662229
4687 0.000662229
4688 0.000662229
4689 0.000662229
4690 0.000662229
4691 0.000662229
4692 0.000662229
4693 0.000662229
4694 0.000662229
4695 0.000662229
4696 0.000662229
4697 0.000662229
4698 0.000662229
4699 0.000662229
4700 0.000662229
4701 0.000662229
4702 0.000662229
4703 0.000662229
4704 0.000662229
4705 0.000662229
4706 0.000662229
4707 0.000662229
4708 0.000662229
4709 0.000662229
4710 0.000662229
4711 0.000662229
4712 0.000662229
4713 0.000662229
4714 0.000662229
4715 0.000662229
4716 0.000662229
4717 0.000662229
4718 0.000662229
4719 0.000662229
4720 0.000662229
4721 0.000662229
4722 0.000662229
4723 0.000662229
4724 0.000662229
4725 0.000662229
4726 0.000662229
4727 0.000662229
4728 0.000662229
4729 0.000662229
4730 0.000662229
4731 0.000662229
4732 0.000662229
4733 0.000662229
4734 0.000662229
4735 0.000662229
4736 0.000662229
4737 0.000662229
4738 0.000662229
4739 0.000662229
4740 0.000662229
4741 0.000662229
4742 0.000662229
4743 0.000662229
4744 0.000662229
4745 0.000662229
4746 0.000662229
4747 0.000662229
4748 0.000662229
4749 0.000662229
4750 0.000662229
4751 0.000662229
4752 0.000662229
4753 0.000662229
4754 0.000662229
4755 0.000662229
4756 0.000662229
4757 0.000662229
4758 0.000662229
4759 0.000662229
4760 0.000662229
4761 0.000662229
4762 0.000662229
4763 0.000662229
4764 0.000662229
4765 0.000662229
4766 0.000662229
4767 0.000662229
4768 0.000662229
4769 0.000662229
4770 0.000662229
4771 0.000662229
4772 0.000662229
4773 0.000662229
4774 0.000662229
4775 0.000662229
4776 0.000662229
4777 0.000627374
4778 0.000627374
4779 0.000627374
4780 0.000627374
4781 0.000627374
4782 0.000627374
4783 0.000627374
4784 0.000627374
4785 0.00059252
4786 0.00059252
4787 0.00059252
4788 0.00059252
4789 0.00059252
4790 0.00059252
4791 0.00059252
4792 0.00059252
4793 0.00059252
4794 0.00059252
4795 0.00059252
4796 0.00059252
4797 0.00059252
4798 0.00059252
4799 0.00059252
4800 0.00059252
4801 0.00059252
4802 0.00059252
4803 0.00059252
4804 0.00059252
4805 0.00059252
4806 0.00059252
4807 0.00059252
4808 0.00059252
4809 0.000522812
4810 0.000522812
4811 0.000522812
4812 0.000522812
4813 0.000522812
4814 0.000522812
4815 0.000522812
4816 0.000522812
4817 0.000522812
4818 0.000522812
4819 0.000522812
4820 0.000522812
4821 0.000522812
4822 0.000522812
4823 0.000487958
4824 0.000487958
4825 0.000453104
4826 0.000453104
4827 0.000453104
4828 0.000453104
4829 0.000453104
4830 0.000453104
4831 0.000453104
4832 0.000453104
4833 0.00041825
4834 0.00041825
4835 0.00041825
4836 0.00041825
4837 0.00041825
4838 0.00041825
4839 0.00041825
4840 0.00041825
4841 0.00041825
4842 0.00041825
4843 0.00041825
4844 0.00041825
4845 0.00041825
4846 0.00041825
4847 0.00041825
4848 0.00041825
4849 0.000383395
4850 0.000383395
4851 0.000383395
4852 0.000383395
4853 0.000383395
4854 0.000383395
4855 0.000383395
4856 0.000383395
4857 0.000383395
4858 0.000383395
4859 0.000383395
4860 0.000383395
4861 0.000383395
4862 0.000383395
4863 0.000383395
4864 0.000383395
4865 0.000383395
4866 0.000383395
4867 0.000383395
4868 0.000383395
4869 0.000383395
4870 0.000383395
4871 0.000383395
4872 0.000383395
4873 0.000383395
4874 0.000383395
4875 0.000383395
4876 0.000383395
4877 0.000383395
4878 0.000383395
4879 0.000383395
4880 0.000383395
4881 0.000383395
4882 0.000383395
4883 0.000383395
4884 0.000383395
4885 0.000383395
4886 0.000383395
4887 0.000383395
4888 0.000383395
4889 0.000383395
4890 0.000383395
4891 0.000383395
4892 0.000383395
4893 0.000383395
4894 0.000383395
4895 0.000383395
4896 0.000383395
4897 0.000383395
4898 0.000383395
4899 0.000383395
4900 0.000383395
4901 0.000383395
4902 0.000383395
4903 0.000383395
4904 0.000383395
4905 0.000383395
4906 0.000383395
4907 0.000383395
4908 0.000383395
4909 0.000383395
4910 0.000383395
4911 0.000383395
4912 0.000383395
4913 0.000383395
4914 0.000383395
4915 0.000383395
4916 0.000383395
4917 0.000383395
4918 0.000383395
4919 0.000383395
4920 0.000383395
4921 0.000383395
4922 0.000383395
4923 0.000383395
4924 0.000383395
4925 0.000383395
4926 0.000383395
4927 0.000348541
4928 0.000348541
4929 0.000348541
4930 0.000348541
4931 0.000348541
4932 0.000348541
4933 0.000348541
4934 0.000348541
4935 0.000348541
4936 0.000348541
4937 0.000313687
4938 0.000313687
4939 0.000313687
4940 0.000313687
4941 0.000313687
4942 0.000313687
4943 0.000278833
4944 0.000278833
4945 0.000278833
4946 0.000278833
4947 0.000278833
4948 0.000278833
4949 0.000278833
4950 0.000278833
4951 0.000278833
4952 0.000278833
4953 0.000278833
4954 0.000278833
4955 0.000278833
4956 0.000278833
4957 0.000278833
4958 0.000278833
4959 0.000278833
4960 0.000278833
4961 0.000278833
4962 0.000278833
4963 0.000278833
4964 0.000278833
4965 0.000278833
4966 0.000278833
4967 0.000278833
4968 0.000278833
4969 0.000278833
4970 0.000278833
4971 0.000278833
4972 0.000278833
4973 0.000278833
4974 0.000278833
4975 0.000278833
4976 0.000278833
4977 0.000278833
4978 0.000278833
4979 0.000278833
4980 0.000278833
4981 0.000278833
4982 0.000278833
4983 0.000278833
4984 0.000278833
4985 0.000278833
4986 0.000278833
4987 0.000278833
4988 0.000278833
4989 0.000278833
4990 0.000278833
4991 0.000278833
4992 0.000278833
4993 0.000278833
4994 0.000278833
4995 0.000278833
4996 0.000278833
4997 0.000278833
4998 0.000278833
4999 0.000278833
5000 0.000278833
5001 0.000278833
5002 0.000278833
5003 0.000278833
5004 0.000278833
5005 0.000278833
5006 0.000278833
5007 0.000278833
5008 0.000278833
5009 0.000278833
5010 0.000278833
5011 0.000278833
5012 0.000278833
5013 0.000278833
5014 0.000278833
5015 0.000278833
5016 0.000278833
5017 0.000278833
5018 0.000278833
5019 0.000278833
5020 0.000278833
5021 0.000278833
5022 0.000278833
5023 0.000278833
5024 0.000278833
5025 0.000278833
5026 0.000278833
5027 0.000278833
5028 0.000278833
5029 0.000278833
5030 0.000278833
5031 0.000278833
5032 0.000278833
5033 0.000278833
5034 0.000278833
5035 0.000278833
5036 0.000278833
5037 0.000278833
5038 0.000278833
5039 0.000278833
5040 0.000278833
5041 0.000278833
5042 0.000278833
5043 0.000278833
5044 0.000278833
5045 0.000278833
5046 0.000278833
5047 0.000278833
5048 0.000278833
5049 0.000278833
5050 0.000278833
5051 0.000278833
5052 0.000278833
5053 0.000278833
5054 0.000278833
5055 0.000278833
5056 0.000278833
5057 0.000278833
5058 0.000278833
5059 0.000278833
5060 0.000278833
5061 0.000278833
5062 0.000278833
5063 0.000278833
5064 0.000278833
5065 0.000278833
5066 0.000278833
5067 0.000278833
5068 0.000278833
5069 0.000278833
5070 0.000278833
5071 0.000278833
5072 0.000278833
5073 0.000278833
5074 0.000278833
5075 0.000278833
5076 0.000278833
5077 0.000278833
5078 0.000278833
5079 0.000278833
5080 0.000278833
5081 0.000243979
5082 0.000243979
5083 0.000243979
5084 0.000243979
5085 0.000243979
5086 0.000243979
5087 0.000243979
5088 0.000243979
5089 0.000243979
5090 0.000243979
5091 0.000243979
5092 0.000243979
5093 0.000243979
5094 0.000243979
5095 0.000243979
5096 0.000243979
5097 0.000243979
5098 0.000243979
5099 0.000243979
5100 0.000243979
5101 0.000243979
5102 0.000243979
5103 0.000243979
5104 0.000243979
5105 0.000243979
5106 0.000243979
5107 0.000243979
5108 0.000243979
5109 0.000243979
5110 0.000243979
5111 0.000243979
5112 0.000243979
5113 0.000243979
5114 0.000243979
5115 0.000243979
5116 0.000243979
5117 0.000243979
5118 0.000243979
5119 0.000243979
5120 0.000243979
5121 0.000243979
5122 0.000243979
5123 0.000243979
5124 0.000243979
5125 0.000243979
5126 0.000243979
5127 0.000243979
5128 0.000243979
5129 0.000243979
5130 0.000243979
5131 0.000243979
5132 0.000243979
5133 0.000243979
5134 0.000243979
5135 0.000243979
5136 0.000243979
5137 0.000243979
5138 0.000243979
5139 0.000243979
5140 0.000243979
5141 0.000243979
5142 0.000243979
5143 0.000243979
5144 0.000243979
5145 0.000243979
5146 0.000243979
5147 0.000243979
5148 0.000243979
5149 0.000243979
5150 0.000243979
5151 0.000243979
5152 0.000243979
5153 0.000243979
5154 0.000243979
5155 0.000243979
5156 0.000243979
5157 0.000243979
5158 0.000243979
5159 0.000243979
5160 0.000243979
5161 0.000243979
5162 0.000243979
5163 0.000243979
5164 0.000243979
5165 0.000243979
5166 0.000243979
5167 0.000243979
5168 0.000243979
5169 0.000243979
5170 0.000243979
5171 0.000243979
5172 0.000243979
5173 0.000243979
5174 0.000243979
5175 0.000243979
5176 0.000243979
5177 0.000243979
5178 0.000243979
5179 0.000243979
5180 0.000243979
5181 0.000243979
5182 0.000243979
5183 0.000243979
5184 0.000243979
5185 0.000243979
5186 0.000243979
5187 0.000243979
5188 0.000243979
5189 0.000243979
5190 0.000243979
5191 0.000243979
5192 0.000243979
5193 0.000243979
5194 0.000243979
5195 0.000243979
5196 0.000243979
5197 0.000243979
5198 0.000243979
5199 0.000243979
5200 0.000243979
5201 0.000243979
5202 0.000243979
5203 0.000243979
5204 0.000243979
5205 0.000243979
5206 0.000243979
5207 0.000243979
5208 0.000243979
5209 0.000243979
5210 0.000243979
5211 0.000243979
5212 0.000243979
5213 0.000243979
5214 0.000243979
5215 0.000243979
5216 0.000243979
5217 0.000243979
5218 0.000243979
5219 0.000243979
5220 0.000243979
5221 0.000243979
5222 0.000243979
5223 0.000243979
5224 0.000243979
5225 0.000243979
5226 0.000243979
5227 0.000243979
5228 0.000243979
5229 0.000243979
5230 0.000243979
5231 0.000243979
5232 0.000243979
5233 0.000243979
5234 0.000243979
5235 0.000243979
5236 0.000243979
5237 0.000243979
5238 0.000243979
5239 0.000243979
5240 0.000243979
5241 0.000243979
5242 0.000243979
5243 0.000243979
5244 0.000243979
5245 0.000243979
5246 0.000243979
5247 0.000243979
5248 0.000243979
5249 0.000243979
5250 0.000243979
5251 0.000243979
5252 0.000243979
5253 0.000243979
5254 0.000243979
5255 0.000243979
5256 0.000243979
5257 0.000243979
5258 0.000243979
5259 0.000243979
5260 0.000243979
5261 0.000243979
5262 0.000243979
5263 0.000243979
5264 0.000243979
5265 0.000243979
5266 0.000243979
5267 0.000243979
5268 0.000243979
5269 0.000243979
5270 0.000243979
5271 0.000209125
5272 0.000209125
5273 0.000174271
5274 0.000174271
5275 0.000174271
5276 0.000174271
5277 0.000174271
5278 0.000174271
5279 0.000174271
5280 0.000174271
5281 0.000174271
5282 0.000174271
5283 0.000174271
5284 0.000174271
5285 0.000174271
5286 0.000174271
5287 0.000174271
5288 0.000174271
5289 0.000174271
5290 0.000174271
5291 0.000174271
5292 0.000174271
5293 0.000174271
5294 0.000174271
5295 0.000174271
5296 0.000174271
5297 0.000174271
5298 0.000174271
5299 0.000174271
5300 0.000174271
5301 0.000174271
5302 0.000174271
5303 0.000174271
5304 0.000174271
5305 0.000174271
5306 0.000174271
5307 0.000174271
5308 0.000174271
5309 0.000174271
5310 0.000174271
5311 0.000174271
5312 0.000174271
5313 0.000174271
5314 0.000174271
5315 0.000174271
5316 0.000174271
5317 0.000174271
5318 0.000174271
5319 0.000174271
5320 0.000174271
5321 0.000174271
5322 0.000174271
5323 0.000174271
5324 0.000174271
5325 0.000174271
5326 0.000174271
5327 0.000174271
5328 0.000174271
5329 0.000174271
5330 0.000174271
5331 0.000174271
5332 0.000174271
5333 0.000174271
5334 0.000174271
5335 0.000174271
5336 0.000174271
5337 0.000174271
5338 0.000174271
5339 0.000174271
5340 0.000174271
5341 0.000174271
5342 0.000174271
5343 0.000174271
5344 0.000174271
5345 0.000174271
5346 0.000174271
5347 0.000174271
5348 0.000174271
5349 0.000174271
5350 0.000174271
5351 0.000174271
5352 0.000174271
5353 0.000174271
5354 0.000174271
5355 0.000174271
5356 0.000174271
5357 0.000174271
5358 0.000174271
5359 0.000174271
5360 0.000174271
5361 0.000174271
5362 0.000174271
5363 0.000174271
5364 0.000174271
5365 0.000174271
5366 0.000174271
5367 0.000174271
5368 0.000174271
5369 0.000174271
5370 0.000174271
5371 0.000174271
5372 0.000174271
5373 0.000174271
5374 0.000174271
5375 0.000174271
5376 0.000174271
5377 0.000174271
5378 0.000174271
5379 0.000174271
5380 0.000174271
5381 0.000174271
5382 0.000174271
5383 0.000174271
5384 0.000174271
5385 0.000174271
5386 0.000174271
5387 0.000174271
5388 0.000174271
5389 0.000174271
5390 0.000174271
5391 0.000174271
5392 0.000174271
5393 0.000174271
5394 0.000174271
5395 0.000174271
5396 0.000174271
5397 0.000174271
5398 0.000174271
5399 0.000174271
5400 0.000174271
5401 0.000174271
5402 0.000174271
5403 0.000174271
5404 0.000174271
5405 0.000174271
5406 0.000174271
5407 0.000174271
5408 0.000174271
5409 0.000174271
5410 0.000174271
5411 0.000174271
5412 0.000174271
5413 0.000174271
5414 0.000174271
5415 0.000174271
5416 0.000174271
5417 0.000174271
5418 0.000174271
5419 0.000174271
5420 0.000174271
5421 0.000174271
5422 0.000174271
5423 0.000174271
5424 0.000174271
5425 0.000174271
5426 0.000174271
5427 0.000174271
5428 0.000174271
5429 0.000174271
5430 0.000174271
5431 0.000139417
5432 0.000139417
5433 0.000139417
5434 0.000139417
5435 0.000139417
5436 0.000139417
5437 0.000139417
5438 0.000139417
5439 0.000139417
5440 0.000139417
5441 0.000139417
5442 0.000139417
5443 0.000139417
5444 0.000139417
5445 0.000139417
5446 0.000139417
5447 0.000139417
5448 0.000139417
5449 0.000139417
5450 0.000139417
5451 0.000139417
5452 0.000139417
5453 0.000139417
5454 0.000139417
5455 0.000139417
5456 0.000139417
5457 0.000139417
5458 0.000139417
5459 0.000139417
5460 0.000139417
5461 0.000139417
5462 0.000139417
5463 0.000139417
5464 0.000139417
5465 0.000139417
5466 0.000139417
5467 0.000139417
5468 0.000139417
5469 0.000139417
5470 0.000139417
5471 0.000139417
5472 0.000139417
5473 0.000139417
5474 0.000139417
5475 0.000139417
5476 0.000139417
5477 0.000139417
5478 0.000139417
5479 0.000139417
5480 0.000139417
5481 0.000139417
5482 0.000139417
5483 0.000139417
5484 0.000139417
5485 0.000139417
5486 0.000139417
5487 0.000139417
5488 0.000139417
5489 0.000139417
5490 0.000139417
5491 0.000139417
5492 0.000139417
5493 0.000139417
5494 0.000139417
5495 0.000139417
5496 0.000139417
5497 0.000139417
5498 0.000139417
5499 0.000139417
5500 0.000139417
5501 0.000139417
5502 0.000139417
5503 0.000139417
5504 0.000139417
5505 0.000104562
5506 0.000104562
5507 0.000104562
5508 0.000104562
5509 0.000104562
5510 0.000104562
5511 0.000104562
5512 0.000104562
5513 0.000104562
5514 0.000104562
5515 0.000104562
5516 0.000104562
5517 0.000104562
5518 0.000104562
5519 0.000104562
5520 0.000104562
5521 0.000104562
5522 0.000104562
5523 0.000104562
5524 0.000104562
5525 0.000104562
5526 0.000104562
5527 0.000104562
5528 0.000104562
5529 0.000104562
5530 0.000104562
5531 0.000104562
5532 0.000104562
5533 0.000104562
5534 0.000104562
5535 0.000104562
5536 0.000104562
5537 0.000104562
5538 0.000104562
5539 0.000104562
5540 0.000104562
5541 0.000104562
5542 0.000104562
5543 0.000104562
5544 0.000104562
5545 0.000104562
5546 0.000104562
5547 0.000104562
5548 0.000104562
5549 0.000104562
5550 0.000104562
5551 0.000104562
5552 0.000104562
5553 6.97083e-05
5554 6.97083e-05
5555 6.97083e-05
5556 6.97083e-05
5557 6.97083e-05
5558 6.97083e-05
5559 6.97083e-05
5560 6.97083e-05
5561 6.97083e-05
5562 6.97083e-05
5563 6.97083e-05
5564 6.97083e-05
5565 6.97083e-05
5566 6.97083e-05
5567 6.97083e-05
5568 6.97083e-05
5569 6.97083e-05
5570 6.97083e-05
5571 6.97083e-05
5572 6.97083e-05
5573 6.97083e-05
5574 6.97083e-05
5575 6.97083e-05
5576 6.97083e-05
5577 6.97083e-05
5578 6.97083e-05
5579 6.97083e-05
5580 6.97083e-05
5581 6.97083e-05
5582 6.97083e-05
5583 6.97083e-05
5584 6.97083e-05
5585 6.97083e-05
5586 6.97083e-05
5587 6.97083e-05
5588 6.97083e-05
5589 6.97083e-05
5590 6.97083e-05
5591 6.97083e-05
5592 6.97083e-05
5593 6.97083e-05
5594 6.97083e-05
5595 6.97083e-05
5596 6.97083e-05
5597 6.97083e-05
5598 6.97083e-05
5599 6.97083e-05
5600 6.97083e-05
5601 6.97083e-05
5602 6.97083e-05
5603 6.97083e-05
5604 6.97083e-05
5605 6.97083e-05
5606 6.97083e-05
5607 6.97083e-05
5608 6.97083e-05
5609 6.97083e-05
5610 6.97083e-05
5611 6.97083e-05
5612 6.97083e-05
5613 6.97083e-05
5614 6.97083e-05
5615 6.97083e-05
5616 6.97083e-05
5617 6.97083e-05
5618 6.97083e-05
5619 6.97083e-05
5620 6.97083e-05
5621 6.97083e-05
5622 6.97083e-05
5623 6.97083e-05
5624 6.97083e-05
5625 6.97083e-05
5626 6.97083e-05
5627 6.97083e-05
5628 6.97083e-05
5629 6.97083e-05
5630 6.97083e-05
5631 6.97083e-05
5632 6.97083e-05
5633 6.97083e-05
5634 6.97083e-05
5635 6.97083e-05
5636 6.97083e-05
5637 6.97083e-05
5638 6.97083e-05
5639 6.97083e-05
5640 6.97083e-05
5641 6.97083e-05
5642 6.97083e-05
5643 6.97083e-05
5644 6.97083e-05
5645 6.97083e-05
5646 6.97083e-05
5647 6.97083e-05
5648 6.97083e-05
5649 6.97083e-05
5650 6.97083e-05
5651 6.97083e-05
5652 6.97083e-05
5653 6.97083e-05
5654 6.97083e-05
5655 6.97083e-05
5656 6.97083e-05
5657 6.97083e-05
5658 6.97083e-05
5659 6.97083e-05
5660 6.97083e-05
5661 6.97083e-05
5662 6.97083e-05
5663 6.97083e-05
5664 6.97083e-05
5665 6.97083e-05
5666 6.97083e-05
5667 6.97083e-05
5668 6.97083e-05
5669 6.97083e-05
5670 6.97083e-05
5671 6.97083e-05
5672 6.97083e-05
5673 6.97083e-05
5674 6.97083e-05
5675 6.97083e-05
5676 6.97083e-05
5677 6.97083e-05
5678 6.97083e-05
5679 6.97083e-05
5680 6.97083e-05
5681 6.97083e-05
5682 6.97083e-05
5683 6.97083e-05
5684 6.97083e-05
5685 6.97083e-05
5686 6.97083e-05
5687 6.97083e-05
5688 6.97083e-05
5689 6.97083e-05
5690 6.97083e-05
5691 6.97083e-05
5692 6.97083e-05
5693 6.97083e-05
5694 6.97083e-05
5695 6.97083e-05
5696 6.97083e-05
5697 6.97083e-05
5698 6.97083e-05
5699 6.97083e-05
5700 6.97083e-05
5701 6.97083e-05
5702 6.97083e-05
5703 6.97083e-05
5704 6.97083e-05
5705 6.97083e-05
5706 6.97083e-05
5707 6.97083e-05
5708 6.97083e-05
5709 6.97083e-05
5710 6.97083e-05
5711 6.97083e-05
5712 6.97083e-05
5713 6.97083e-05
5714 6.97083e-05
5715 6.97083e-05
5716 6.97083e-05
5717 6.97083e-05
5718 6.97083e-05
5719 6.97083e-05
5720 6.97083e-05
5721 6.97083e-05
5722 6.97083e-05
5723 6.97083e-05
5724 6.97083e-05
5725 6.97083e-05
5726 6.97083e-05
5727 6.97083e-05
5728 6.97083e-05
5729 6.97083e-05
5730 6.97083e-05
5731 6.97083e-05
5732 6.97083e-05
5733 6.97083e-05
5734 6.97083e-05
5735 6.97083e-05
5736 6.97083e-05
5737 6.97083e-05
5738 6.97083e-05
5739 6.97083e-05
5740 6.97083e-05
5741 6.97083e-05
5742 6.97083e-05
5743 6.97083e-05
5744 6.97083e-05
5745 6.97083e-05
5746 6.97083e-05
5747 6.97083e-05
5748 6.97083e-05
5749 6.97083e-05
5750 6.97083e-05
5751 6.97083e-05
5752 6.97083e-05
5753 6.97083e-05
5754 6.97083e-05
5755 6.97083e-05
5756 6.97083e-05
5757 6.97083e-05
5758 6.97083e-05
5759 6.97083e-05
5760 6.97083e-05
5761 6.97083e-05
5762 6.97083e-05
5763 6.97083e-05
5764 6.97083e-05
5765 6.97083e-05
5766 6.97083e-05
5767 6.97083e-05
5768 6.97083e-05
5769 6.97083e-05
5770 6.97083e-05
5771 6.97083e-05
5772 6.97083e-05
5773 6.97083e-05
5774 6.97083e-05
5775 6.97083e-05
5776 6.97083e-05
5777 6.97083e-05
5778 6.97083e-05
5779 6.97083e-05
5780 6.97083e-05
5781 6.97083e-05
5782 6.97083e-05
5783 6.97083e-05
5784 6.97083e-05
5785 6.97083e-05
5786 6.97083e-05
5787 6.97083e-05
5788 6.97083e-05
5789 6.97083e-05
5790 6.97083e-05
5791 6.97083e-05
5792 6.97083e-05
5793 6.97083e-05
5794 6.97083e-05
5795 6.97083e-05
5796 6.97083e-05
5797 6.97083e-05
5798 6.97083e-05
5799 6.97083e-05
5800 6.97083e-05
5801 6.97083e-05
5802 6.97083e-05
5803 6.97083e-05
5804 6.97083e-05
5805 6.97083e-05
5806 6.97083e-05
5807 6.97083e-05
5808 6.97083e-05
5809 6.97083e-05
5810 6.97083e-05
5811 6.97083e-05
5812 6.97083e-05
5813 6.97083e-05
5814 6.97083e-05
5815 6.97083e-05
5816 6.97083e-05
5817 6.97083e-05
5818 6.97083e-05
5819 6.97083e-05
5820 6.97083e-05
5821 6.97083e-05
5822 6.97083e-05
5823 6.97083e-05
5824 6.97083e-05
5825 6.97083e-05
5826 6.97083e-05
5827 6.97083e-05
5828 6.97083e-05
5829 6.97083e-05
5830 6.97083e-05
5831 6.97083e-05
5832 6.97083e-05
5833 6.97083e-05
5834 6.97083e-05
5835 6.97083e-05
5836 6.97083e-05
5837 6.97083e-05
5838 6.97083e-05
5839 6.97083e-05
5840 6.97083e-05
5841 6.97083e-05
5842 6.97083e-05
5843 6.97083e-05
5844 6.97083e-05
5845 6.97083e-05
5846 6.97083e-05
5847 6.97083e-05
5848 6.97083e-05
5849 3.48541e-05
5850 3.48541e-05
5851 3.48541e-05
5852 3.48541e-05
5853 3.48541e-05
5854 3.48541e-05
5855 3.48541e-05
5856 3.48541e-05
5857 3.48541e-05
5858 3.48541e-05
5859 3.48541e-05
5860 3.48541e-05
5861 3.48541e-05
5862 3.48541e-05
5863 3.48541e-05
5864 3.48541e-05
5865 3.48541e-05
5866 3.48541e-05
5867 3.48541e-05
5868 3.48541e-05
5869 3.48541e-05
5870 3.48541e-05
5871 3.48541e-05
5872 3.48541e-05
5873 3.48541e-05
5874 3.48541e-05
5875 3.48541e-05
5876 3.48541e-05
5877 3.48541e-05
5878 3.48541e-05
5879 3.48541e-05
5880 3.48541e-05
5881 3.48541e-05
5882 3.48541e-05
5883 3.48541e-05
5884 3.48541e-05
5885 3.48541e-05
5886 3.48541e-05
5887 3.48541e-05
5888 3.48541e-05
5889 3.48541e-05
5890 3.48541e-05
5891 3.48541e-05
5892 3.48541e-05
5893 3.48541e-05
5894 3.48541e-05
5895 3.48541e-05
5896 3.48541e-05
5897 3.48541e-05
5898 3.48541e-05
5899 3.48541e-05
5900 3.48541e-05
5901 3.48541e-05
5902 3.48541e-05
5903 3.48541e-05
5904 3.48541e-05
5905 3.48541e-05
5906 3.48541e-05
5907 3.48541e-05
5908 3.48541e-05
5909 3.48541e-05
5910 3.48541e-05
5911 3.48541e-05
5912 3.48541e-05
5913 3.48541e-05
5914 3.48541e-05
5915 3.48541e-05
5916 3.48541e-05
5917 3.48541e-05
5918 3.48541e-05
5919 3.48541e-05
5920 3.48541e-05
5921 3.48541e-05
5922 3.48541e-05
5923 3.48541e-05
5924 3.48541e-05
5925 3.48541e-05
5926 3.48541e-05
5927 3.48541e-05
5928 3.48541e-05
5929 3.48541e-05
5930 3.48541e-05
5931 3.48541e-05
5932 3.48541e-05
5933 3.48541e-05
5934 3.48541e-05
5935 3.48541e-05
5936 3.48541e-05
5937 3.48541e-05
5938 3.48541e-05
5939 3.48541e-05
5940 3.48541e-05
5941 3.48541e-05
5942 3.48541e-05
5943 3.48541e-05
5944 3.48541e-05
5945 3.48541e-05
5946 3.48541e-05
5947 3.48541e-05
5948 3.48541e-05
5949 3.48541e-05
5950 3.48541e-05
5951 3.48541e-05
5952 3.48541e-05
