0 1
1 1
2 1
3 1
4 1
5 1
6 1
7 0.999931
8 0.999931
9 0.999931
10 0.999931
11 0.999931
12 0.999931
13 0.999931
14 0.999931
15 0.999654
16 0.999654
17 0.952621
18 0.952621
19 0.952621
20 0.952621
21 0.952621
22 0.952621
23 0.952276
24 0.952276
25 0.901715
26 0.901715
27 0.901715
28 0.901715
29 0.901715
30 0.901715
31 0.901577
32 0.901577
33 0.855236
34 0.855236
35 0.855236
36 0.855236
37 0.855236
38 0.855236
39 0.854959
40 0.854959
41 0.804745
42 0.804745
43 0.804745
44 0.804745
45 0.804745
46 0.804745
47 0.804537
48 0.804537
49 0.756744
50 0.756744
51 0.756744
52 0.756744
53 0.756744
54 0.756744
55 0.756536
56 0.756536
57 0.705077
58 0.705077
59 0.705077
60 0.705077
61 0.705077
62 0.705077
63 0.7048
64 0.7048
65 0.657906
66 0.657906
67 0.657906
68 0.657906
69 0.657906
70 0.657906
71 0.65756
72 0.65756
73 0.613501
74 0.613501
75 0.613501
76 0.613501
77 0.613501
78 0.613501
79 0.613501
80 0.613501
81 0.56965
82 0.56965
83 0.56965
84 0.56965
85 0.56965
86 0.56965
87 0.569443
88 0.569443
89 0.529257
90 0.529257
91 0.529257
92 0.529257
93 0.529257
94 0.529257
95 0.529119
96 0.529119
97 0.492461
98 0.492461
99 0.492461
100 0.492461
101 0.492461
102 0.492461
103 0.492392
104 0.492392
105 0.456495
106 0.456495
107 0.456495
108 0.456495
109 0.456495
110 0.456495
111 0.456356
112 0.456356
113 0.424817
114 0.424817
115 0.424817
116 0.424817
117 0.424817
118 0.424817
119 0.424748
120 0.424748
121 0.39466
122 0.39466
123 0.39466
124 0.39466
125 0.39466
126 0.39466
127 0.39466
128 0.39466
129 0.370176
130 0.370176
131 0.370176
132 0.370176
133 0.370176
134 0.370176
135 0.370107
136 0.370107
137 0.345138
138 0.345138
139 0.345138
140 0.345138
141 0.345138
142 0.345138
143 0.344999
144 0.344999
145 0.321206
146 0.321206
147 0.321206
148 0.321206
149 0.321206
150 0.321206
151 0.321137
152 0.321137
153 0.300526
154 0.300526
155 0.300526
156 0.300526
157 0.300526
158 0.300526
159 0.300387
160 0.300387
161 0.279153
162 0.279153
163 0.279153
164 0.279153
165 0.279153
166 0.279153
167 0.279084
168 0.279084
169 0.261378
170 0.261378
171 0.261378
172 0.261378
173 0.261378
174 0.261378
175 0.261378
176 0.261378
177 0.241873
178 0.241873
179 0.241873
180 0.241873
181 0.241873
182 0.241873
183 0.241666
184 0.241666
185 0.225688
186 0.225688
187 0.225688
188 0.225688
189 0.225688
190 0.225688
191 0.22555
192 0.22555
193 0.208881
194 0.208881
195 0.208881
196 0.208881
197 0.208881
198 0.208881
199 0.208673
200 0.208673
201 0.193664
202 0.193664
203 0.193664
204 0.193664
205 0.193664
206 0.193664
207 0.193664
208 0.193664
209 0.181284
210 0.181284
211 0.181284
212 0.181284
213 0.181284
214 0.181284
215 0.181284
216 0.181284
217 0.169041
218 0.169041
219 0.169041
220 0.169041
221 0.169041
222 0.169041
223 0.168972
224 0.168972
225 0.158251
226 0.158251
227 0.158251
228 0.158251
229 0.158251
230 0.158251
231 0.158251
232 0.158251
233 0.148707
234 0.148707
235 0.148707
236 0.148707
237 0.148707
238 0.148707
239 0.148637
240 0.148637
241 0.139023
242 0.139023
243 0.139023
244 0.139023
245 0.139023
246 0.139023
247 0.138954
248 0.138954
249 0.129478
250 0.129478
251 0.129478
252 0.129478
253 0.129478
254 0.129478
255 0.129478
256 0.129478
257 0.120625
258 0.120625
259 0.120625
260 0.120625
261 0.120625
262 0.120625
263 0.120625
264 0.120625
265 0.113778
266 0.113778
267 0.113778
268 0.113778
269 0.113778
270 0.113778
271 0.113778
272 0.113778
273 0.107
274 0.107
275 0.107
276 0.107
277 0.107
278 0.107
279 0.107
280 0.107
281 0.101051
282 0.101051
283 0.101051
284 0.101051
285 0.101051
286 0.101051
287 0.101051
288 0.101051
289 0.0952414
290 0.0952414
291 0.0952414
292 0.0952414
293 0.0952414
294 0.0952414
295 0.0952414
296 0.0952414
297 0.0899848
298 0.0899848
299 0.0899848
300 0.0899848
301 0.0899848
302 0.0899848
303 0.0899156
304 0.0899156
305 0.0852815
306 0.0852815
307 0.0852815
308 0.0852815
309 0.0852815
310 0.0852815
311 0.0852815
312 0.0852815
313 0.0809241
314 0.0809241
315 0.0809241
316 0.0809241
317 0.0809241
318 0.0809241
319 0.0809241
320 0.0809241
321 0.0754599
322 0.0754599
323 0.0754599
324 0.0754599
325 0.0754599
326 0.0754599
327 0.0753908
328 0.0753908
329 0.07048
330 0.07048
331 0.07048
332 0.07048
333 0.07048
334 0.07048
335 0.07048
336 0.07048
337 0.0672292
338 0.0672292
339 0.0672292
340 0.0672292
341 0.0672292
342 0.0672292
343 0.06716
344 0.06716
345 0.0628718
346 0.0628718
347 0.0628718
348 0.0628718
349 0.0628718
350 0.0628718
351 0.0628026
352 0.0628026
353 0.0596901
354 0.0596901
355 0.0596901
356 0.0596901
357 0.0596901
358 0.0596901
359 0.059621
360 0.059621
361 0.0559552
362 0.0559552
363 0.0559552
364 0.0559552
365 0.0559552
366 0.0559552
367 0.0559552
368 0.0559552
369 0.0531885
370 0.0531885
371 0.0531885
372 0.0531885
373 0.0531885
374 0.0531885
375 0.0531885
376 0.0531885
377 0.0500069
378 0.0500069
379 0.0500069
380 0.0500069
381 0.0500069
382 0.0500069
383 0.0500069
384 0.0500069
385 0.0474478
386 0.0474478
387 0.0474478
388 0.0474478
389 0.0474478
390 0.0474478
391 0.0474478
392 0.0474478
393 0.0450961
394 0.0450961
395 0.0450961
396 0.0450961
397 0.0450961
398 0.0450961
399 0.0450961
400 0.0450961
401 0.0431595
402 0.0431595
403 0.0431595
404 0.0431595
405 0.0431595
406 0.0431595
407 0.0431595
408 0.0431595
409 0.0412229
410 0.0412229
411 0.0412229
412 0.0412229
413 0.0412229
414 0.0412229
415 0.0411537
416 0.0411537
417 0.038802
418 0.038802
419 0.038802
420 0.038802
421 0.038802
422 0.038802
423 0.038802
424 0.038802
425 0.0363121
426 0.0363121
427 0.0363121
428 0.0363121
429 0.0363121
430 0.0363121
431 0.0363121
432 0.0363121
433 0.0340988
434 0.0340988
435 0.0340988
436 0.0340988
437 0.0340988
438 0.0340988
439 0.0340988
440 0.0340988
441 0.0323696
442 0.0323696
443 0.0323696
444 0.0323696
445 0.0323696
446 0.0323696
447 0.0323696
448 0.0323696
449 0.0309171
450 0.0309171
451 0.0309171
452 0.0309171
453 0.0309171
454 0.0309171
455 0.0309171
456 0.0309171
457 0.0298105
458 0.0298105
459 0.0298105
460 0.0298105
461 0.0298105
462 0.0298105
463 0.0298105
464 0.0298105
465 0.0285655
466 0.0285655
467 0.0285655
468 0.0285655
469 0.0285655
470 0.0285655
471 0.0285655
472 0.0285655
473 0.027113
474 0.027113
475 0.027113
476 0.027113
477 0.027113
478 0.027113
479 0.027113
480 0.027113
481 0.0252455
482 0.0252455
483 0.0252455
484 0.0252455
485 0.0252455
486 0.0252455
487 0.0251764
488 0.0251764
489 0.0240006
490 0.0240006
491 0.0240006
492 0.0240006
493 0.0240006
494 0.0240006
495 0.0240006
496 0.0240006
497 0.0227556
498 0.0227556
499 0.0227556
500 0.0227556
501 0.0227556
502 0.0227556
503 0.0227556
504 0.0227556
505 0.0215106
506 0.0215106
507 0.0215106
508 0.0215106
509 0.0215106
510 0.0215106
511 0.0215106
512 0.0215106
513 0.0206806
514 0.0206806
515 0.0206806
516 0.0206806
517 0.0206806
518 0.0206806
519 0.0206806
520 0.0206806
521 0.0196431
522 0.0196431
523 0.0196431
524 0.0196431
525 0.0196431
526 0.0196431
527 0.0196431
528 0.0196431
529 0.0181215
530 0.0181215
531 0.0181215
532 0.0181215
533 0.0181215
534 0.0181215
535 0.0181215
536 0.0181215
537 0.0174298
538 0.0174298
539 0.0174298
540 0.0174298
541 0.0174298
542 0.0174298
543 0.0174298
544 0.0174298
545 0.0168073
546 0.0168073
547 0.0168073
548 0.0168073
549 0.0168073
550 0.0168073
551 0.0168073
552 0.0168073
553 0.015424
554 0.015424
555 0.015424
556 0.015424
557 0.015424
558 0.015424
559 0.015424
560 0.015424
561 0.0144557
562 0.0144557
563 0.0144557
564 0.0144557
565 0.0144557
566 0.0144557
567 0.0144557
568 0.0144557
569 0.0139023
570 0.0139023
571 0.0139023
572 0.0139023
573 0.0139023
574 0.0139023
575 0.0139023
576 0.0139023
577 0.0136257
578 0.0136257
579 0.0136257
580 0.0136257
581 0.0136257
582 0.0136257
583 0.0136257
584 0.0136257
585 0.013349
586 0.013349
587 0.013349
588 0.013349
589 0.013349
590 0.013349
591 0.013349
592 0.013349
593 0.0128648
594 0.0128648
595 0.0128648
596 0.0128648
597 0.0128648
598 0.0128648
599 0.0128648
600 0.0128648
601 0.0124499
602 0.0124499
603 0.0124499
604 0.0124499
605 0.0124499
606 0.0124499
607 0.0124499
608 0.0124499
609 0.0119657
610 0.0119657
611 0.0119657
612 0.0119657
613 0.0119657
614 0.0119657
615 0.0118965
616 0.0118965
617 0.0114815
618 0.0114815
619 0.0114815
620 0.0114815
621 0.0114815
622 0.0114815
623 0.0114815
624 0.0114815
625 0.0111357
626 0.0111357
627 0.0111357
628 0.0111357
629 0.0111357
630 0.0111357
631 0.0111357
632 0.0111357
633 0.010444
634 0.010444
635 0.010444
636 0.010444
637 0.010444
638 0.010444
639 0.010444
640 0.010444
641 0.010029
642 0.010029
643 0.010029
644 0.010029
645 0.010029
646 0.010029
647 0.010029
648 0.010029
649 0.00906073
650 0.00906073
651 0.00906073
652 0.00906073
653 0.00906073
654 0.00906073
655 0.00906073
656 0.00906073
657 0.00816157
658 0.00816157
659 0.00816157
660 0.00816157
661 0.00816157
662 0.00816157
663 0.00816157
664 0.00816157
665 0.00788491
666 0.00788491
667 0.00788491
668 0.00788491
669 0.00788491
670 0.00788491
671 0.00788491
672 0.00788491
673 0.00746991
674 0.00746991
675 0.00746991
676 0.00746991
677 0.00746991
678 0.00746991
679 0.00746991
680 0.00746991
681 0.00677825
682 0.00677825
683 0.00677825
684 0.00677825
685 0.00677825
686 0.00677825
687 0.00677825
688 0.00677825
689 0.0060866
690 0.0060866
691 0.0060866
692 0.0060866
693 0.0060866
694 0.0060866
695 0.0060866
696 0.0060866
697 0.00601743
698 0.00601743
699 0.00601743
700 0.00601743
701 0.00601743
702 0.00601743
703 0.00601743
704 0.00601743
705 0.00560243
706 0.00560243
707 0.00560243
708 0.00560243
709 0.00560243
710 0.00560243
711 0.00560243
712 0.00560243
713 0.00539494
714 0.00539494
715 0.00539494
716 0.00539494
717 0.00539494
718 0.00539494
719 0.00539494
720 0.00539494
721 0.00511827
722 0.00511827
723 0.00511827
724 0.00511827
725 0.00511827
726 0.00511827
727 0.00511827
728 0.00511827
729 0.00504911
730 0.00504911
731 0.00504911
732 0.00504911
733 0.00504911
734 0.00504911
735 0.00504911
736 0.00504911
737 0.00463411
738 0.00463411
739 0.00463411
740 0.00463411
741 0.00463411
742 0.00463411
743 0.00463411
744 0.00463411
745 0.00449578
746 0.00449578
747 0.00449578
748 0.00449578
749 0.00449578
750 0.00449578
751 0.00449578
752 0.00449578
753 0.00421912
754 0.00421912
755 0.00421912
756 0.00421912
757 0.00421912
758 0.00421912
759 0.00421912
760 0.00421912
761 0.00414995
762 0.00414995
763 0.00414995
764 0.00414995
765 0.00414995
766 0.00414995
767 0.00414995
768 0.00414995
769 0.00394245
770 0.00394245
771 0.00394245
772 0.00394245
773 0.00394245
774 0.00394245
775 0.00394245
776 0.00394245
777 0.00380412
778 0.00380412
779 0.00380412
780 0.00380412
781 0.00380412
782 0.00380412
783 0.00380412
784 0.00380412
785 0.00352746
786 0.00352746
787 0.00352746
788 0.00352746
789 0.00352746
790 0.00352746
791 0.00352746
792 0.00352746
793 0.00345829
794 0.00345829
795 0.00345829
796 0.00345829
797 0.00345829
798 0.00345829
799 0.00345829
800 0.00345829
801 0.0032508
802 0.0032508
803 0.0032508
804 0.0032508
805 0.0032508
806 0.0032508
807 0.0032508
808 0.0032508
809 0.0032508
810 0.0032508
811 0.0032508
812 0.0032508
813 0.0032508
814 0.0032508
815 0.0032508
816 0.0032508
817 0.00318163
818 0.00318163
819 0.00318163
820 0.00318163
821 0.00318163
822 0.00318163
823 0.00318163
824 0.00318163
825 0.00311246
826 0.00311246
827 0.00311246
828 0.00311246
829 0.00311246
830 0.00311246
831 0.00311246
832 0.00311246
833 0.00297413
834 0.00297413
835 0.00297413
836 0.00297413
837 0.00297413
838 0.00297413
839 0.00297413
840 0.00297413
841 0.00290497
842 0.00290497
843 0.00290497
844 0.00290497
845 0.00290497
846 0.00290497
847 0.00290497
848 0.00290497
849 0.00269747
850 0.00269747
851 0.00269747
852 0.00269747
853 0.00269747
854 0.00269747
855 0.00269747
856 0.00269747
857 0.0026283
858 0.0026283
859 0.0026283
860 0.0026283
861 0.0026283
862 0.0026283
863 0.0026283
864 0.0026283
865 0.0026283
866 0.0026283
867 0.0026283
868 0.0026283
869 0.0026283
870 0.0026283
871 0.0026283
872 0.0026283
873 0.00248997
874 0.00248997
875 0.00248997
876 0.00248997
877 0.00248997
878 0.00248997
879 0.00242081
880 0.00242081
881 0.00242081
882 0.00242081
883 0.00242081
884 0.00242081
885 0.00242081
886 0.00242081
887 0.00242081
888 0.00242081
889 0.00242081
890 0.00242081
891 0.00242081
892 0.00242081
893 0.00242081
894 0.00242081
895 0.00242081
896 0.00242081
897 0.00235164
898 0.00235164
899 0.00235164
900 0.00235164
901 0.00235164
902 0.00235164
903 0.00235164
904 0.00235164
905 0.00221331
906 0.00221331
907 0.00221331
908 0.00221331
909 0.00221331
910 0.00221331
911 0.00221331
912 0.00221331
913 0.00214414
914 0.00214414
915 0.00214414
916 0.00214414
917 0.00214414
918 0.00214414
919 0.00214414
920 0.00214414
921 0.00214414
922 0.00214414
923 0.00214414
924 0.00214414
925 0.00214414
926 0.00214414
927 0.00214414
928 0.00214414
929 0.00214414
930 0.00214414
931 0.00214414
932 0.00214414
933 0.00214414
934 0.00214414
935 0.00214414
936 0.00214414
937 0.00207498
938 0.00207498
939 0.00207498
940 0.00207498
941 0.00207498
942 0.00207498
943 0.00207498
944 0.00207498
945 0.00186748
946 0.00186748
947 0.00186748
948 0.00186748
949 0.00186748
950 0.00186748
951 0.00186748
952 0.00186748
953 0.00186748
954 0.00186748
955 0.00186748
956 0.00186748
957 0.00186748
958 0.00186748
959 0.00186748
960 0.00186748
961 0.00186748
962 0.00186748
963 0.00186748
964 0.00186748
965 0.00186748
966 0.00186748
967 0.00186748
968 0.00186748
969 0.00179831
970 0.00179831
971 0.00179831
972 0.00179831
973 0.00179831
974 0.00179831
975 0.00179831
976 0.00179831
977 0.00159081
978 0.00159081
979 0.00159081
980 0.00159081
981 0.00159081
982 0.00159081
983 0.00159081
984 0.00159081
985 0.00159081
986 0.00159081
987 0.00159081
988 0.00159081
989 0.00159081
990 0.00159081
991 0.00159081
992 0.00159081
993 0.00152165
994 0.00152165
995 0.00152165
996 0.00152165
997 0.00152165
998 0.00152165
999 0.00152165
1000 0.00152165
1001 0.00138332
1002 0.00138332
1003 0.00138332
1004 0.00138332
1005 0.00138332
1006 0.00138332
1007 0.00138332
1008 0.00138332
1009 0.00131415
1010 0.00131415
1011 0.00131415
1012 0.00131415
1013 0.00131415
1014 0.00131415
1015 0.00131415
1016 0.00131415
1017 0.00131415
1018 0.00131415
1019 0.00131415
1020 0.00131415
1021 0.00131415
1022 0.00131415
1023 0.00131415
1024 0.00131415
1025 0.00131415
1026 0.00131415
1027 0.00131415
1028 0.00131415
1029 0.00131415
1030 0.00131415
1031 0.00131415
1032 0.00131415
1033 0.00124499
1034 0.00124499
1035 0.00124499
1036 0.00124499
1037 0.00124499
1038 0.00124499
1039 0.00124499
1040 0.00124499
1041 0.00103749
1042 0.00103749
1043 0.00103749
1044 0.00103749
1045 0.00103749
1046 0.00103749
1047 0.00103749
1048 0.00103749
1049 0.00103749
1050 0.00103749
1051 0.00103749
1052 0.00103749
1053 0.00103749
1054 0.00103749
1055 0.00103749
1056 0.00103749
1057 0.00103749
1058 0.00103749
1059 0.00103749
1060 0.00103749
1061 0.00103749
1062 0.00103749
1063 0.00103749
1064 0.00103749
1065 0.000968322
1066 0.000968322
1067 0.000968322
1068 0.000968322
1069 0.000968322
1070 0.000968322
1071 0.000968322
1072 0.000968322
1073 0.000968322
1074 0.000968322
1075 0.000968322
1076 0.000968322
1077 0.000968322
1078 0.000968322
1079 0.000968322
1080 0.000968322
1081 0.00082999
1082 0.00082999
1083 0.00082999
1084 0.00082999
1085 0.00082999
1086 0.00082999
1087 0.00082999
1088 0.00082999
1089 0.00082999
1090 0.00082999
1091 0.00082999
1092 0.00082999
1093 0.00082999
1094 0.00082999
1095 0.00082999
1096 0.00082999
1097 0.00082999
1098 0.00082999
1099 0.00082999
1100 0.00082999
1101 0.00082999
1102 0.00082999
1103 0.00082999
1104 0.00082999
1105 0.000760824
1106 0.000760824
1107 0.000760824
1108 0.000760824
1109 0.000760824
1110 0.000760824
1111 0.000760824
1112 0.000760824
1113 0.000760824
1114 0.000760824
1115 0.000760824
1116 0.000760824
1117 0.000760824
1118 0.000760824
1119 0.000760824
1120 0.000760824
1121 0.000691659
1122 0.000691659
1123 0.000691659
1124 0.000691659
1125 0.000691659
1126 0.000691659
1127 0.000691659
1128 0.000691659
1129 0.000691659
1130 0.000691659
1131 0.000691659
1132 0.000691659
1133 0.000691659
1134 0.000691659
1135 0.000691659
1136 0.000691659
1137 0.000691659
1138 0.000691659
1139 0.000691659
1140 0.000691659
1141 0.000691659
1142 0.000691659
1143 0.000691659
1144 0.000691659
1145 0.000691659
1146 0.000691659
1147 0.000691659
1148 0.000691659
1149 0.000691659
1150 0.000691659
1151 0.000691659
1152 0.000691659
1153 0.000691659
1154 0.000691659
1155 0.000691659
1156 0.000691659
1157 0.000691659
1158 0.000691659
1159 0.000691659
1160 0.000691659
1161 0.000691659
1162 0.000691659
1163 0.000691659
1164 0.000691659
1165 0.000691659
1166 0.000691659
1167 0.000691659
1168 0.000691659
1169 0.000622493
1170 0.000622493
1171 0.000622493
1172 0.000622493
1173 0.000622493
1174 0.000622493
1175 0.000622493
1176 0.000622493
1177 0.000622493
1178 0.000622493
1179 0.000622493
1180 0.000622493
1181 0.000622493
1182 0.000622493
1183 0.000622493
1184 0.000622493
1185 0.000622493
1186 0.000622493
1187 0.000622493
1188 0.000622493
1189 0.000622493
1190 0.000622493
1191 0.000622493
1192 0.000622493
1193 0.000622493
1194 0.000622493
1195 0.000622493
1196 0.000622493
1197 0.000622493
1198 0.000622493
1199 0.000622493
1200 0.000622493
1201 0.000622493
1202 0.000622493
1203 0.000622493
1204 0.000622493
1205 0.000622493
1206 0.000622493
1207 0.000622493
1208 0.000622493
1209 0.000622493
1210 0.000622493
1211 0.000622493
1212 0.000622493
1213 0.000622493
1214 0.000622493
1215 0.000622493
1216 0.000622493
1217 0.000622493
1218 0.000622493
1219 0.000622493
1220 0.000622493
1221 0.000622493
1222 0.000622493
1223 0.000622493
1224 0.000622493
1225 0.000622493
1226 0.000622493
1227 0.000622493
1228 0.000622493
1229 0.000622493
1230 0.000622493
1231 0.000622493
1232 0.000622493
1233 0.000622493
1234 0.000622493
1235 0.000622493
1236 0.000622493
1237 0.000622493
1238 0.000622493
1239 0.000622493
1240 0.000622493
1241 0.000622493
1242 0.000622493
1243 0.000622493
1244 0.000622493
1245 0.000622493
1246 0.000622493
1247 0.000622493
1248 0.000622493
1249 0.000622493
1250 0.000622493
1251 0.000622493
1252 0.000622493
1253 0.000622493
1254 0.000622493
1255 0.000622493
1256 0.000622493
1257 0.000622493
1258 0.000622493
1259 0.000622493
1260 0.000622493
1261 0.000622493
1262 0.000622493
1263 0.000622493
1264 0.000622493
1265 0.000622493
1266 0.000622493
1267 0.000622493
1268 0.000622493
1269 0.000622493
1270 0.000622493
1271 0.000622493
1272 0.000622493
1273 0.000553327
1274 0.000553327
1275 0.000553327
1276 0.000553327
1277 0.000553327
1278 0.000553327
1279 0.000553327
1280 0.000553327
1281 0.000553327
1282 0.000553327
1283 0.000553327
1284 0.000553327
1285 0.000553327
1286 0.000553327
1287 0.000553327
1288 0.000553327
1289 0.000553327
1290 0.000553327
1291 0.000553327
1292 0.000553327
1293 0.000553327
1294 0.000553327
1295 0.000553327
1296 0.000553327
1297 0.000553327
1298 0.000553327
1299 0.000553327
1300 0.000553327
1301 0.000553327
1302 0.000553327
1303 0.000553327
1304 0.000553327
1305 0.000553327
1306 0.000553327
1307 0.000553327
1308 0.000553327
1309 0.000553327
1310 0.000553327
1311 0.000553327
1312 0.000553327
1313 0.000484161
1314 0.000484161
1315 0.000484161
1316 0.000484161
1317 0.000484161
1318 0.000484161
1319 0.000484161
1320 0.000484161
1321 0.000484161
1322 0.000484161
1323 0.000484161
1324 0.000484161
1325 0.000484161
1326 0.000484161
1327 0.000484161
1328 0.000484161
1329 0.000414995
1330 0.000414995
1331 0.000414995
1332 0.000414995
1333 0.000414995
1334 0.000414995
1335 0.000414995
1336 0.000414995
1337 0.000345829
1338 0.000345829
1339 0.000345829
1340 0.000345829
1341 0.000345829
1342 0.000345829
1343 0.000345829
1344 0.000345829
1345 0.000345829
1346 0.000345829
1347 0.000345829
1348 0.000345829
1349 0.000345829
1350 0.000345829
1351 0.000345829
1352 0.000345829
1353 0.000345829
1354 0.000345829
1355 0.000345829
1356 0.000345829
1357 0.000345829
1358 0.000345829
1359 0.000345829
1360 0.000345829
1361 0.000345829
1362 0.000345829
1363 0.000345829
1364 0.000345829
1365 0.000345829
1366 0.000345829
1367 0.000345829
1368 0.000345829
1369 0.000345829
1370 0.000345829
1371 0.000345829
1372 0.000345829
1373 0.000345829
1374 0.000345829
1375 0.000345829
1376 0.000345829
1377 0.000345829
1378 0.000345829
1379 0.000345829
1380 0.000345829
1381 0.000345829
1382 0.000345829
1383 0.000345829
1384 0.000345829
1385 0.000345829
1386 0.000345829
1387 0.000345829
1388 0.000345829
1389 0.000345829
1390 0.000345829
1391 0.000345829
1392 0.000345829
1393 0.000345829
1394 0.000345829
1395 0.000345829
1396 0.000345829
1397 0.000345829
1398 0.000345829
1399 0.000345829
1400 0.000345829
1401 0.000345829
1402 0.000345829
1403 0.000345829
1404 0.000345829
1405 0.000345829
1406 0.000345829
1407 0.000345829
1408 0.000345829
1409 0.000345829
1410 0.000345829
1411 0.000345829
1412 0.000345829
1413 0.000345829
1414 0.000345829
1415 0.000345829
1416 0.000345829
1417 0.000276663
1418 0.000276663
1419 0.000276663
1420 0.000276663
1421 0.000276663
1422 0.000276663
1423 0.000276663
1424 0.000276663
1425 0.000207498
1426 0.000207498
1427 0.000207498
1428 0.000207498
1429 0.000207498
1430 0.000207498
1431 0.000207498
1432 0.000207498
1433 0.000207498
1434 0.000207498
1435 0.000207498
1436 0.000207498
1437 0.000207498
1438 0.000207498
1439 0.000207498
1440 0.000207498
1441 0.000207498
1442 0.000207498
1443 0.000207498
1444 0.000207498
1445 0.000207498
1446 0.000207498
1447 0.000207498
1448 0.000207498
1449 0.000207498
1450 0.000207498
1451 0.000207498
1452 0.000207498
1453 0.000207498
1454 0.000207498
1455 0.000207498
1456 0.000207498
1457 0.000138332
1458 0.000138332
1459 0.000138332
1460 0.000138332
1461 0.000138332
1462 0.000138332
1463 0.000138332
1464 0.000138332
1465 0.000138332
1466 0.000138332
1467 0.000138332
1468 0.000138332
1469 0.000138332
1470 0.000138332
1471 0.000138332
1472 0.000138332
1473 0.000138332
1474 0.000138332
1475 0.000138332
1476 0.000138332
1477 0.000138332
1478 0.000138332
1479 0.000138332
1480 0.000138332
1481 0.000138332
1482 0.000138332
1483 0.000138332
1484 0.000138332
1485 0.000138332
1486 0.000138332
1487 0.000138332
1488 0.000138332
1489 0.000138332
1490 0.000138332
1491 0.000138332
1492 0.000138332
1493 0.000138332
1494 0.000138332
1495 0.000138332
1496 0.000138332
1497 0.000138332
1498 0.000138332
1499 0.000138332
1500 0.000138332
1501 0.000138332
1502 0.000138332
1503 0.000138332
1504 0.000138332
1505 0.000138332
1506 0.000138332
1507 0.000138332
1508 0.000138332
1509 0.000138332
1510 0.000138332
1511 0.000138332
1512 0.000138332
1513 0.000138332
1514 0.000138332
1515 0.000138332
1516 0.000138332
1517 0.000138332
1518 0.000138332
1519 0.000138332
1520 0.000138332
1521 0.000138332
1522 0.000138332
1523 0.000138332
1524 0.000138332
1525 0.000138332
1526 0.000138332
1527 0.000138332
1528 0.000138332
1529 0.000138332
1530 0.000138332
1531 0.000138332
1532 0.000138332
1533 0.000138332
1534 0.000138332
1535 0.000138332
1536 0.000138332
1537 0.000138332
1538 0.000138332
1539 0.000138332
1540 0.000138332
1541 0.000138332
1542 0.000138332
1543 0.000138332
1544 0.000138332
1545 0.000138332
1546 0.000138332
1547 0.000138332
1548 0.000138332
1549 0.000138332
1550 0.000138332
1551 0.000138332
1552 0.000138332
1553 0.000138332
1554 0.000138332
1555 0.000138332
1556 0.000138332
1557 0.000138332
1558 0.000138332
1559 0.000138332
1560 0.000138332
1561 0.000138332
1562 0.000138332
1563 0.000138332
1564 0.000138332
1565 0.000138332
1566 0.000138332
1567 0.000138332
1568 0.000138332
1569 0.000138332
1570 0.000138332
1571 0.000138332
1572 0.000138332
1573 0.000138332
1574 0.000138332
1575 0.000138332
1576 0.000138332
1577 0.000138332
1578 0.000138332
1579 0.000138332
1580 0.000138332
1581 0.000138332
1582 0.000138332
1583 0.000138332
1584 0.000138332
1585 0.000138332
1586 0.000138332
1587 0.000138332
1588 0.000138332
1589 0.000138332
1590 0.000138332
1591 0.000138332
1592 0.000138332
1593 0.000138332
1594 0.000138332
1595 0.000138332
1596 0.000138332
1597 0.000138332
1598 0.000138332
1599 0.000138332
1600 0.000138332
1601 0.000138332
1602 0.000138332
1603 0.000138332
1604 0.000138332
1605 0.000138332
1606 0.000138332
1607 0.000138332
1608 0.000138332
1609 0.000138332
1610 0.000138332
1611 0.000138332
1612 0.000138332
1613 0.000138332
1614 0.000138332
1615 0.000138332
1616 0.000138332
1617 0.000138332
1618 0.000138332
1619 0.000138332
1620 0.000138332
1621 0.000138332
1622 0.000138332
1623 0.000138332
1624 0.000138332
1625 0.000138332
1626 0.000138332
1627 0.000138332
1628 0.000138332
1629 0.000138332
1630 0.000138332
1631 0.000138332
1632 0.000138332
1633 0.000138332
1634 0.000138332
1635 0.000138332
1636 0.000138332
1637 0.000138332
1638 0.000138332
1639 0.000138332
1640 0.000138332
1641 6.91659e-05
1642 6.91659e-05
1643 6.91659e-05
1644 6.91659e-05
1645 6.91659e-05
1646 6.91659e-05
1647 6.91659e-05
1648 6.91659e-05
1649 6.91659e-05
1650 6.91659e-05
1651 6.91659e-05
1652 6.91659e-05
1653 6.91659e-05
1654 6.91659e-05
1655 6.91659e-05
1656 6.91659e-05
1657 6.91659e-05
1658 6.91659e-05
1659 6.91659e-05
1660 6.91659e-05
1661 6.91659e-05
1662 6.91659e-05
1663 6.91659e-05
1664 6.91659e-05
1665 6.91659e-05
1666 6.91659e-05
1667 6.91659e-05
1668 6.91659e-05
1669 6.91659e-05
1670 6.91659e-05
1671 6.91659e-05
1672 6.91659e-05
1673 6.91659e-05
1674 6.91659e-05
1675 6.91659e-05
1676 6.91659e-05
1677 6.91659e-05
1678 6.91659e-05
1679 6.91659e-05
1680 6.91659e-05
1681 6.91659e-05
1682 6.91659e-05
1683 6.91659e-05
1684 6.91659e-05
1685 6.91659e-05
1686 6.91659e-05
1687 6.91659e-05
1688 6.91659e-05
1689 6.91659e-05
1690 6.91659e-05
1691 6.91659e-05
1692 6.91659e-05
1693 6.91659e-05
1694 6.91659e-05
1695 6.91659e-05
1696 6.91659e-05
1697 6.91659e-05
1698 6.91659e-05
1699 6.91659e-05
1700 6.91659e-05
1701 6.91659e-05
1702 6.91659e-05
1703 6.91659e-05
1704 6.91659e-05
1705 6.91659e-05
1706 6.91659e-05
1707 6.91659e-05
1708 6.91659e-05
1709 6.91659e-05
1710 6.91659e-05
1711 6.91659e-05
1712 6.91659e-05
1713 6.91659e-05
1714 6.91659e-05
1715 6.91659e-05
1716 6.91659e-05
1717 6.91659e-05
1718 6.91659e-05
1719 6.91659e-05
1720 6.91659e-05
1721 6.91659e-05
1722 6.91659e-05
1723 6.91659e-05
1724 6.91659e-05
1725 6.91659e-05
1726 6.91659e-05
1727 6.91659e-05
1728 6.91659e-05
1729 6.91659e-05
1730 6.91659e-05
1731 6.91659e-05
1732 6.91659e-05
1733 6.91659e-05
1734 6.91659e-05
1735 6.91659e-05
1736 6.91659e-05
1737 6.91659e-05
1738 6.91659e-05
1739 6.91659e-05
1740 6.91659e-05
1741 6.91659e-05
1742 6.91659e-05
1743 6.91659e-05
1744 6.91659e-05
1745 6.91659e-05
1746 6.91659e-05
1747 6.91659e-05
1748 6.91659e-05
1749 6.91659e-05
1750 6.91659e-05
1751 6.91659e-05
1752 6.91659e-05
1753 6.91659e-05
1754 6.91659e-05
1755 6.91659e-05
1756 6.91659e-05
1757 6.91659e-05
1758 6.91659e-05
1759 6.91659e-05
1760 6.91659e-05
1761 6.91659e-05
1762 6.91659e-05
1763 6.91659e-05
1764 6.91659e-05
1765 6.91659e-05
1766 6.91659e-05
1767 6.91659e-05
1768 6.91659e-05
1769 6.91659e-05
1770 6.91659e-05
1771 6.91659e-05
1772 6.91659e-05
1773 6.91659e-05
1774 6.91659e-05
1775 6.91659e-05
1776 6.91659e-05
1777 6.91659e-05
1778 6.91659e-05
1779 6.91659e-05
1780 6.91659e-05
1781 6.91659e-05
1782 6.91659e-05
1783 6.91659e-05
1784 6.91659e-05
1785 6.91659e-05
1786 6.91659e-05
1787 6.91659e-05
1788 6.91659e-05
1789 6.91659e-05
1790 6.91659e-05
1791 6.91659e-05
1792 6.91659e-05
1793 6.91659e-05
1794 6.91659e-05
1795 6.91659e-05
1796 6.91659e-05
1797 6.91659e-05
1798 6.91659e-05
1799 6.91659e-05
1800 6.91659e-05
1801 6.91659e-05
1802 6.91659e-05
1803 6.91659e-05
1804 6.91659e-05
1805 6.91659e-05
1806 6.91659e-05
1807 6.91659e-05
1808 6.91659e-05
1809 6.91659e-05
1810 6.91659e-05
1811 6.91659e-05
1812 6.91659e-05
1813 6.91659e-05
1814 6.91659e-05
1815 6.91659e-05
1816 6.91659e-05
1817 6.91659e-05
1818 6.91659e-05
1819 6.91659e-05
1820 6.91659e-05
1821 6.91659e-05
1822 6.91659e-05
1823 6.91659e-05
1824 6.91659e-05
1825 6.91659e-05
1826 6.91659e-05
1827 6.91659e-05
1828 6.91659e-05
1829 6.91659e-05
1830 6.91659e-05
1831 6.91659e-05
1832 6.91659e-05
1833 6.91659e-05
1834 6.91659e-05
1835 6.91659e-05
1836 6.91659e-05
1837 6.91659e-05
1838 6.91659e-05
1839 6.91659e-05
1840 6.91659e-05
1841 6.91659e-05
1842 6.91659e-05
1843 6.91659e-05
1844 6.91659e-05
1845 6.91659e-05
1846 6.91659e-05
1847 6.91659e-05
1848 6.91659e-05
1849 6.91659e-05
1850 6.91659e-05
1851 6.91659e-05
1852 6.91659e-05
1853 6.91659e-05
1854 6.91659e-05
1855 6.91659e-05
1856 6.91659e-05
1857 6.91659e-05
1858 6.91659e-05
1859 6.91659e-05
1860 6.91659e-05
1861 6.91659e-05
1862 6.91659e-05
1863 6.91659e-05
1864 6.91659e-05
1865 6.91659e-05
1866 6.91659e-05
1867 6.91659e-05
1868 6.91659e-05
1869 6.91659e-05
1870 6.91659e-05
1871 6.91659e-05
1872 6.91659e-05
1873 6.91659e-05
1874 6.91659e-05
1875 6.91659e-05
1876 6.91659e-05
1877 6.91659e-05
1878 6.91659e-05
1879 6.91659e-05
1880 6.91659e-05
1881 6.91659e-05
1882 6.91659e-05
1883 6.91659e-05
1884 6.91659e-05
1885 6.91659e-05
1886 6.91659e-05
1887 6.91659e-05
1888 6.91659e-05
1889 6.91659e-05
1890 6.91659e-05
1891 6.91659e-05
1892 6.91659e-05
1893 6.91659e-05
1894 6.91659e-05
1895 6.91659e-05
1896 6.91659e-05
1897 6.91659e-05
1898 6.91659e-05
1899 6.91659e-05
1900 6.91659e-05
1901 6.91659e-05
1902 6.91659e-05
1903 6.91659e-05
1904 6.91659e-05
1905 6.91659e-05
1906 6.91659e-05
1907 6.91659e-05
1908 6.91659e-05
1909 6.91659e-05
1910 6.91659e-05
1911 6.91659e-05
1912 6.91659e-05
1913 6.91659e-05
1914 6.91659e-05
1915 6.91659e-05
1916 6.91659e-05
1917 6.91659e-05
1918 6.91659e-05
1919 6.91659e-05
1920 6.91659e-05
1921 6.91659e-05
1922 6.91659e-05
1923 6.91659e-05
1924 6.91659e-05
1925 6.91659e-05
1926 6.91659e-05
1927 6.91659e-05
1928 6.91659e-05
1929 6.91659e-05
1930 6.91659e-05
1931 6.91659e-05
1932 6.91659e-05
1933 6.91659e-05
1934 6.91659e-05
1935 6.91659e-05
1936 6.91659e-05
1937 6.91659e-05
1938 6.91659e-05
1939 6.91659e-05
1940 6.91659e-05
1941 6.91659e-05
1942 6.91659e-05
1943 6.91659e-05
1944 6.91659e-05
1945 6.91659e-05
1946 6.91659e-05
1947 6.91659e-05
1948 6.91659e-05
1949 6.91659e-05
1950 6.91659e-05
1951 6.91659e-05
1952 6.91659e-05
1953 6.91659e-05
1954 6.91659e-05
1955 6.91659e-05
1956 6.91659e-05
1957 6.91659e-05
1958 6.91659e-05
1959 6.91659e-05
1960 6.91659e-05
1961 6.91659e-05
1962 6.91659e-05
1963 6.91659e-05
1964 6.91659e-05
1965 6.91659e-05
1966 6.91659e-05
1967 6.91659e-05
1968 6.91659e-05
1969 6.91659e-05
1970 6.91659e-05
1971 6.91659e-05
1972 6.91659e-05
1973 6.91659e-05
1974 6.91659e-05
1975 6.91659e-05
1976 6.91659e-05
1977 6.91659e-05
1978 6.91659e-05
1979 6.91659e-05
1980 6.91659e-05
1981 6.91659e-05
1982 6.91659e-05
1983 6.91659e-05
1984 6.91659e-05
1985 6.91659e-05
1986 6.91659e-05
1987 6.91659e-05
1988 6.91659e-05
1989 6.91659e-05
1990 6.91659e-05
1991 6.91659e-05
1992 6.91659e-05
1993 6.91659e-05
1994 6.91659e-05
1995 6.91659e-05
1996 6.91659e-05
1997 6.91659e-05
1998 6.91659e-05
1999 6.91659e-05
2000 6.91659e-05
2001 6.91659e-05
2002 6.91659e-05
2003 6.91659e-05
2004 6.91659e-05
2005 6.91659e-05
2006 6.91659e-05
2007 6.91659e-05
2008 6.91659e-05
2009 6.91659e-05
2010 6.91659e-05
2011 6.91659e-05
2012 6.91659e-05
2013 6.91659e-05
2014 6.91659e-05
2015 6.91659e-05
2016 6.91659e-05
