0 1
1 1
2 1
3 1
4 1
5 1
6 1
7 1
8 1
9 1
10 1
11 0.912389
12 0.822724
13 0.757016
14 0.690623
15 0.641342
16 0.600958
17 0.550992
18 0.516769
19 0.481177
20 0.449692
21 0.417522
22 0.386037
23 0.360027
24 0.336071
25 0.311431
26 0.291581
27 0.272416
28 0.251198
29 0.233402
30 0.211499
31 0.196441
32 0.186174
33 0.173854
34 0.156742
35 0.147844
36 0.134155
37 0.128679
38 0.120465
39 0.112252
40 0.0999316
41 0.0930869
42 0.0855578
43 0.0807666
44 0.0787132
45 0.0691307
46 0.0609172
47 0.0581793
48 0.0554415
49 0.0527036
50 0.0479124
51 0.0438056
52 0.0390144
53 0.0362765
54 0.0342231
55 0.0328542
56 0.0321697
57 0.0301164
58 0.0273785
59 0.0260096
60 0.0260096
61 0.0246407
62 0.0232717
63 0.0225873
64 0.0212183
65 0.0198494
66 0.019165
67 0.017796
68 0.0157426
69 0.0143737
70 0.0136893
71 0.0123203
72 0.0123203
73 0.0116359
74 0.0102669
75 0.00889802
76 0.00821355
77 0.00752909
78 0.00752909
79 0.0054757
80 0.0054757
81 0.00479124
82 0.00479124
83 0.00410678
84 0.00410678
85 0.00410678
86 0.00342231
87 0.00342231
88 0.00342231
89 0.00342231
90 0.00342231
91 0.00342231
92 0.00342231
93 0.00342231
94 0.00205339
95 0.00205339
96 0.00205339
97 0.00205339
98 0.00205339
99 0.00205339
100 0.00136893
101 0.000684463
102 0.000684463
103 0.000684463
104 0.000684463
105 0.000684463
106 0.000684463
