0 1
1 1
2 1
3 1
4 1
5 0.999626
6 0.999626
7 0.999439
8 0.999439
9 0.999439
10 0.999439
11 0.926542
12 0.859813
13 0.808598
14 0.753645
15 0.705607
16 0.665421
17 0.62785
18 0.583178
19 0.543738
20 0.509159
21 0.478878
22 0.451028
23 0.424112
24 0.399252
25 0.37271
26 0.350093
27 0.329346
28 0.309159
29 0.291776
30 0.270841
31 0.257196
32 0.243364
33 0.230467
34 0.216262
35 0.200748
36 0.188598
37 0.177009
38 0.166168
39 0.155888
40 0.147664
41 0.13757
42 0.131589
43 0.122991
44 0.116636
45 0.111215
46 0.106168
47 0.100935
48 0.0960748
49 0.0900935
50 0.0842991
51 0.0794393
52 0.0764486
53 0.0730841
54 0.0700935
55 0.0676636
56 0.0648598
57 0.0609346
58 0.0579439
59 0.055514
60 0.0528972
61 0.0499065
62 0.0465421
63 0.0435514
64 0.0411215
65 0.0390654
66 0.0379439
67 0.0360748
68 0.0338318
69 0.0317757
70 0.0300935
71 0.0282243
72 0.0265421
73 0.0250467
74 0.0239252
75 0.0220561
76 0.0205607
77 0.0196262
78 0.0186916
79 0.0181308
80 0.0168224
81 0.0153271
82 0.0145794
83 0.0140187
84 0.013271
85 0.0123364
86 0.0117757
87 0.011028
88 0.0106542
89 0.0102804
90 0.00934579
91 0.00878505
92 0.00859813
93 0.0082243
94 0.00803738
95 0.00747664
96 0.00654206
97 0.00654206
98 0.00635514
99 0.00598131
100 0.00560748
101 0.00523364
102 0.00485981
103 0.0046729
104 0.00448598
105 0.00429907
106 0.00411215
107 0.00411215
108 0.00392523
109 0.00336449
110 0.00336449
111 0.00336449
112 0.00280374
113 0.00224299
114 0.00224299
115 0.00205607
116 0.00186916
117 0.00186916
118 0.00168224
119 0.00149533
120 0.00149533
121 0.00149533
122 0.00149533
123 0.00149533
124 0.00149533
125 0.00149533
126 0.00130841
127 0.00130841
128 0.00130841
129 0.0011215
130 0.0011215
131 0.0011215
132 0.0011215
133 0.0011215
134 0.000934579
135 0.000747664
136 0.000747664
137 0.000747664
138 0.000747664
139 0.000747664
140 0.000747664
141 0.000747664
142 0.000747664
143 0.000747664
144 0.000560748
145 0.000560748
146 0.000373832
147 0.000373832
148 0.000373832
149 0.000373832
150 0.000373832
151 0.000373832
152 0.000373832
153 0.000373832
154 0.000373832
155 0.000373832
156 0.000373832
157 0.000373832
158 0.000373832
159 0.000373832
160 0.000373832
161 0.000373832
162 0.000373832
163 0.000373832
164 0.000373832
165 0.000373832
166 0.000373832
167 0.000373832
168 0.000373832
169 0.000373832
170 0.000373832
171 0.000373832
172 0.000373832
173 0.000186916
