0 1
1 1
2 1
3 1
4 1
5 1
6 1
7 1
8 1
9 1
10 1
11 0.980317
12 0.962175
13 0.942378
14 0.92492
15 0.907691
16 0.891716
17 0.874315
18 0.859482
19 0.844591
20 0.830443
21 0.814297
22 0.802031
23 0.790221
24 0.776757
25 0.764948
26 0.753252
27 0.740472
28 0.728663
29 0.716739
30 0.70647
31 0.6962
32 0.686445
33 0.677259
34 0.66699
35 0.659402
36 0.65073
37 0.642401
38 0.634927
39 0.627681
40 0.619865
41 0.612848
42 0.604804
43 0.598072
44 0.590997
45 0.58398
46 0.575993
47 0.569945
48 0.56367
49 0.558021
50 0.551461
51 0.545755
52 0.539594
53 0.53406
54 0.528526
55 0.522992
56 0.518085
57 0.513236
58 0.507873
59 0.502853
60 0.497204
61 0.491956
62 0.487278
63 0.483113
64 0.477236
65 0.473243
66 0.468393
67 0.464
68 0.46052
69 0.456127
70 0.452077
71 0.447798
72 0.443918
73 0.440609
74 0.436673
75 0.433021
76 0.429199
77 0.426346
78 0.423266
79 0.419957
80 0.416305
81 0.412654
82 0.408432
83 0.40518
84 0.401757
85 0.398733
86 0.395596
87 0.392173
88 0.389491
89 0.386581
90 0.383215
91 0.380648
92 0.377624
93 0.374772
94 0.371634
95 0.369067
96 0.366613
97 0.363818
98 0.361194
99 0.358569
100 0.356915
101 0.354576
102 0.352008
103 0.349441
104 0.346759
105 0.344534
106 0.34288
107 0.340256
108 0.338088
109 0.336148
110 0.333752
111 0.331584
112 0.328731
113 0.32702
114 0.324795
115 0.323197
116 0.321486
117 0.319774
118 0.317549
119 0.315153
120 0.313156
121 0.311159
122 0.309277
123 0.307964
124 0.306025
125 0.304085
126 0.302659
127 0.300434
128 0.298779
129 0.297239
130 0.295299
131 0.293188
132 0.291648
133 0.289822
134 0.288453
135 0.287369
136 0.284859
137 0.283489
138 0.281264
139 0.279096
140 0.277613
141 0.275901
142 0.27419
143 0.272821
144 0.27128
145 0.270367
146 0.268941
147 0.267515
148 0.265974
149 0.264035
150 0.262894
151 0.261353
152 0.25987
153 0.258672
154 0.257246
155 0.256219
156 0.254963
157 0.253594
158 0.252396
159 0.251483
160 0.250114
161 0.24903
162 0.247946
163 0.24612
164 0.244979
165 0.243211
166 0.241842
167 0.240929
168 0.239331
169 0.238076
170 0.236935
171 0.235737
172 0.23471
173 0.23317
174 0.232029
175 0.230717
176 0.229633
177 0.227693
178 0.226438
179 0.224954
180 0.223984
181 0.222387
182 0.221303
183 0.220048
184 0.218964
185 0.217766
186 0.216853
187 0.215427
188 0.214628
189 0.213316
190 0.212688
191 0.212175
192 0.21149
193 0.210634
194 0.20955
195 0.208181
196 0.207497
197 0.206584
198 0.205728
199 0.204929
200 0.204016
201 0.202875
202 0.201791
203 0.20065
204 0.199909
205 0.198768
206 0.197969
207 0.196885
208 0.19563
209 0.194318
210 0.192834
211 0.192321
212 0.191636
213 0.190723
214 0.189696
215 0.188498
216 0.187243
217 0.185931
218 0.185189
219 0.18422
220 0.183478
221 0.182622
222 0.181538
223 0.180968
224 0.180112
225 0.179256
226 0.178286
227 0.17743
228 0.176575
229 0.176004
230 0.175205
231 0.174635
232 0.174121
233 0.173323
234 0.172239
235 0.171668
236 0.170869
237 0.170014
238 0.169329
239 0.16853
240 0.167503
241 0.166419
242 0.165507
243 0.164936
244 0.164251
245 0.163453
246 0.162426
247 0.161627
248 0.160771
249 0.159801
250 0.158889
251 0.158432
252 0.157919
253 0.157405
254 0.156607
255 0.156207
256 0.155523
257 0.155009
258 0.154267
259 0.153811
260 0.153069
261 0.152784
262 0.152499
263 0.151814
264 0.15113
265 0.150502
266 0.149703
267 0.148962
268 0.148391
269 0.147935
270 0.147136
271 0.146337
272 0.145824
273 0.145424
274 0.144626
275 0.143827
276 0.143199
277 0.142572
278 0.14183
279 0.141317
280 0.140347
281 0.139776
282 0.138978
283 0.138179
284 0.137437
285 0.13681
286 0.13641
287 0.136011
288 0.135555
289 0.135098
290 0.134414
291 0.133786
292 0.13333
293 0.132588
294 0.132188
295 0.131618
296 0.131047
297 0.130477
298 0.129963
299 0.129051
300 0.128537
301 0.128195
302 0.127567
303 0.126997
304 0.12654
305 0.126141
306 0.125856
307 0.125228
308 0.124829
309 0.124201
310 0.123745
311 0.123117
312 0.122661
313 0.12209
314 0.121805
315 0.120778
316 0.120379
317 0.119979
318 0.119466
319 0.119067
320 0.118895
321 0.118211
322 0.117469
323 0.116899
324 0.116043
325 0.115244
326 0.114788
327 0.11416
328 0.113704
329 0.113133
330 0.112677
331 0.112106
332 0.11165
333 0.111365
334 0.110851
335 0.110167
336 0.109881
337 0.109254
338 0.109083
339 0.108854
340 0.108455
341 0.108227
342 0.107999
343 0.107599
344 0.106972
345 0.106401
346 0.105545
347 0.105203
348 0.104804
349 0.104347
350 0.103891
351 0.103606
352 0.103492
353 0.103035
354 0.102636
355 0.102236
356 0.102008
357 0.101552
358 0.101209
359 0.100924
360 0.100639
361 0.10024
362 0.0998973
363 0.0993838
364 0.0985851
365 0.0979005
366 0.097387
367 0.0972159
368 0.0967595
369 0.0961319
370 0.0956755
371 0.0952761
372 0.0949909
373 0.0946486
374 0.0941351
375 0.0938498
376 0.0935646
377 0.0931652
378 0.0927088
379 0.0923665
380 0.0921383
381 0.0919101
382 0.0914537
383 0.0913396
384 0.0909402
385 0.0905979
386 0.0903697
387 0.0900274
388 0.0896851
389 0.0893428
390 0.0891716
391 0.0886581
392 0.0882588
393 0.0878594
394 0.0876312
395 0.0872889
396 0.0871178
397 0.0866043
398 0.0859197
399 0.0857485
400 0.0853492
401 0.0849498
402 0.0846075
403 0.0844934
404 0.084094
405 0.0839229
406 0.0838088
407 0.0834094
408 0.0831812
409 0.082953
410 0.0825536
411 0.0823825
412 0.081869
413 0.0816408
414 0.0812985
415 0.0811273
416 0.0809562
417 0.0805568
418 0.0804427
419 0.0803286
420 0.0802716
421 0.0801575
422 0.0799863
423 0.0798722
424 0.0797011
425 0.0794728
426 0.0791876
427 0.0787882
428 0.0784459
429 0.0782177
430 0.0779895
431 0.0778183
432 0.0773619
433 0.0770196
434 0.0766203
435 0.0762209
436 0.0761068
437 0.0757645
438 0.075251
439 0.0749087
440 0.0746805
441 0.0743382
442 0.0742241
443 0.0740529
444 0.0739388
445 0.0735395
446 0.0731972
447 0.072969
448 0.0726267
449 0.0722273
450 0.0719991
451 0.0717138
452 0.0712574
453 0.0710863
454 0.0709151
455 0.0706299
456 0.0705157
457 0.0701164
458 0.0698311
459 0.06966
460 0.0692606
461 0.0689754
462 0.0687471
463 0.0684048
464 0.0681196
465 0.0678914
466 0.0677202
467 0.0676061
468 0.0673779
469 0.0673209
470 0.0669786
471 0.0666933
472 0.0664651
473 0.0660657
474 0.0658375
475 0.0654952
476 0.0651529
477 0.0648676
478 0.0647535
479 0.0646394
480 0.0643542
481 0.0640689
482 0.0638978
483 0.0637837
484 0.0634984
485 0.0631561
486 0.0629849
487 0.0628138
488 0.0628138
489 0.0621862
490 0.0620721
491 0.0618439
492 0.0616728
493 0.0615016
494 0.0611593
495 0.060817
496 0.0607029
497 0.0604176
498 0.0603606
499 0.0600753
500 0.05979
501 0.0594477
502 0.0592195
503 0.0589913
504 0.0587631
505 0.0583067
506 0.0579644
507 0.0578503
508 0.0576221
509 0.0574509
510 0.0571657
511 0.0569375
512 0.0567093
513 0.0564811
514 0.0562529
515 0.0561958
516 0.0558535
517 0.0555682
518 0.0553971
519 0.0551689
520 0.0547695
521 0.0546554
522 0.0544843
523 0.0543701
524 0.054256
525 0.0540849
526 0.0539137
527 0.0537426
528 0.0535714
529 0.0532862
530 0.0530009
531 0.0528298
532 0.0526586
533 0.0526016
534 0.0524304
535 0.0521451
536 0.0519169
537 0.0517458
538 0.0515176
539 0.0514035
540 0.0513464
541 0.0511753
542 0.0510041
543 0.0507189
544 0.0506618
545 0.0503195
546 0.0502624
547 0.0500913
548 0.0500342
549 0.0496349
550 0.0492355
551 0.0488932
552 0.0488932
553 0.0488361
554 0.0487791
555 0.048665
556 0.0484368
557 0.0480945
558 0.0479804
559 0.0478663
560 0.0478092
561 0.047581
562 0.0472958
563 0.0472387
564 0.0471246
565 0.0470105
566 0.0468393
567 0.0465541
568 0.0463259
569 0.0460977
570 0.0459265
571 0.0456983
572 0.0455272
573 0.0452989
574 0.0448996
575 0.0447284
576 0.0446143
577 0.0444432
578 0.0443861
579 0.044215
580 0.0440438
581 0.0439297
582 0.0438727
583 0.0436445
584 0.0435304
585 0.0433592
586 0.0432451
587 0.0430739
588 0.0429028
589 0.0427316
590 0.0426746
591 0.0425605
592 0.0423893
593 0.042047
594 0.0417047
595 0.0413053
596 0.0410771
597 0.0408489
598 0.0407348
599 0.0404496
600 0.0403355
601 0.0401643
602 0.0400502
603 0.0399932
604 0.0399932
605 0.0397649
606 0.0395367
607 0.0393656
608 0.0393085
609 0.0391374
610 0.0390803
611 0.0390233
612 0.0389662
613 0.0387951
614 0.0386239
615 0.0385669
616 0.0383957
617 0.0382246
618 0.0382246
619 0.0381675
620 0.0379393
621 0.0378252
622 0.0377681
623 0.0374829
624 0.0373688
625 0.0373117
626 0.0372547
627 0.0370835
628 0.0370835
629 0.0369694
630 0.0368553
631 0.0367983
632 0.0366842
633 0.0365701
634 0.0363419
635 0.0361136
636 0.0357143
637 0.0357143
638 0.035372
639 0.0352579
640 0.0350297
641 0.0348585
642 0.0345733
643 0.0344021
644 0.034288
645 0.0341739
646 0.0340598
647 0.0340598
648 0.0338316
649 0.0337175
650 0.0335463
651 0.0334893
652 0.0333752
653 0.0332611
654 0.033204
655 0.0329758
656 0.0328047
657 0.0326906
658 0.0326335
659 0.0324623
660 0.0322912
661 0.0322341
662 0.032063
663 0.0319489
664 0.0317777
665 0.0315495
666 0.0314925
667 0.0314354
668 0.0313784
669 0.0312072
670 0.0311502
671 0.0311502
672 0.030922
673 0.0308649
674 0.0308079
675 0.0307508
676 0.0306937
677 0.0305796
678 0.0302944
679 0.0301803
680 0.0300662
681 0.0300662
682 0.0297809
683 0.0296668
684 0.0293245
685 0.0292675
686 0.0292675
687 0.0290963
688 0.0289822
689 0.0288681
690 0.0288681
691 0.0286399
692 0.0284117
693 0.0283546
694 0.0281264
695 0.0280123
696 0.0279553
697 0.0277271
698 0.0274418
699 0.0273848
700 0.0273848
701 0.0273848
702 0.0272136
703 0.0272136
704 0.0270995
705 0.0269854
706 0.0268713
707 0.0268142
708 0.0266431
709 0.0266431
710 0.026586
711 0.026586
712 0.026529
713 0.0264719
714 0.0263578
715 0.0263008
716 0.0262437
717 0.0261296
718 0.0259585
719 0.0258444
720 0.0257873
721 0.0256732
722 0.0256162
723 0.0255591
724 0.0255591
725 0.0255021
726 0.025388
727 0.0253309
728 0.0252738
729 0.0250456
730 0.0249886
731 0.0248745
732 0.0247604
733 0.0247033
734 0.0247033
735 0.0247033
736 0.0246463
737 0.0245892
738 0.0244751
739 0.0244751
740 0.0244181
741 0.024304
742 0.0242469
743 0.0241328
744 0.0240758
745 0.0240187
746 0.0239046
747 0.0238476
748 0.0235623
749 0.0235623
750 0.0235623
751 0.0234482
752 0.0233341
753 0.02322
754 0.0231629
755 0.0230488
756 0.0227636
757 0.0227065
758 0.0226495
759 0.0225354
760 0.0225354
761 0.0224213
762 0.0222501
763 0.0221931
764 0.0220219
765 0.0219078
766 0.0219078
767 0.0218508
768 0.0217366
769 0.0217366
770 0.0217366
771 0.0216796
772 0.0216225
773 0.0215084
774 0.0214514
775 0.0213943
776 0.0213373
777 0.0211661
778 0.021052
779 0.020995
780 0.0209379
781 0.0207668
782 0.0207097
783 0.0205956
784 0.0205386
785 0.0205386
786 0.0204245
787 0.0203674
788 0.0202533
789 0.0201963
790 0.0201392
791 0.0200822
792 0.019911
793 0.0198539
794 0.0197969
795 0.0197398
796 0.0196828
797 0.0196828
798 0.0196257
799 0.0196257
800 0.0195687
801 0.0195687
802 0.0194546
803 0.0194546
804 0.0194546
805 0.0193975
806 0.0192264
807 0.0191693
808 0.0191693
809 0.0191693
810 0.0191693
811 0.0190552
812 0.0189411
813 0.0186559
814 0.0185418
815 0.0184847
816 0.0183706
817 0.0183706
818 0.0182565
819 0.0181995
820 0.0181424
821 0.0179712
822 0.0178001
823 0.0178001
824 0.0178001
825 0.017743
826 0.017743
827 0.017743
828 0.0176289
829 0.0174578
830 0.0174007
831 0.0172866
832 0.0171725
833 0.0171725
834 0.0171155
835 0.0171155
836 0.0171155
837 0.0170584
838 0.0170014
839 0.0170014
840 0.0169443
841 0.0168873
842 0.0168873
843 0.0168302
844 0.0167732
845 0.0167161
846 0.016602
847 0.016602
848 0.016602
849 0.016602
850 0.016545
851 0.016545
852 0.0164309
853 0.0163168
854 0.0162026
855 0.0161456
856 0.0161456
857 0.0159744
858 0.0158603
859 0.0158603
860 0.0158033
861 0.0156892
862 0.0156892
863 0.0155751
864 0.015461
865 0.0152898
866 0.0152898
867 0.0151187
868 0.0150616
869 0.0150616
870 0.0150616
871 0.0149475
872 0.0148905
873 0.0148334
874 0.0148334
875 0.0148334
876 0.0148334
877 0.0148334
878 0.0147764
879 0.0147764
880 0.0147193
881 0.0146052
882 0.0146052
883 0.0146052
884 0.0145482
885 0.0144911
886 0.0144911
887 0.014434
888 0.0142629
889 0.0142629
890 0.0141488
891 0.0141488
892 0.0140917
893 0.0140917
894 0.0140347
895 0.0139776
896 0.0139206
897 0.0138635
898 0.0138065
899 0.0137494
900 0.0136924
901 0.0135212
902 0.0134642
903 0.0134642
904 0.0134642
905 0.0134642
906 0.0134071
907 0.0133501
908 0.0133501
909 0.0133501
910 0.013293
911 0.013236
912 0.013236
913 0.0131789
914 0.0131219
915 0.0130648
916 0.0130648
917 0.0130078
918 0.0130078
919 0.0130078
920 0.0129507
921 0.0128366
922 0.0128366
923 0.0127796
924 0.0126654
925 0.0126654
926 0.0124943
927 0.0124943
928 0.0124943
929 0.0124943
930 0.0123802
931 0.0123231
932 0.012209
933 0.0120949
934 0.0120379
935 0.0120379
936 0.0119808
937 0.0119238
938 0.0118667
939 0.0118667
940 0.0118097
941 0.0118097
942 0.0116385
943 0.0115815
944 0.0115815
945 0.0115815
946 0.0115815
947 0.0115815
948 0.0115244
949 0.0115244
950 0.0114674
951 0.0114674
952 0.0114674
953 0.0114674
954 0.0114674
955 0.0114674
956 0.0112962
957 0.0112962
958 0.0112392
959 0.0111821
960 0.0111821
961 0.011068
962 0.011011
963 0.0109539
964 0.0109539
965 0.0108969
966 0.0108969
967 0.0108969
968 0.0108398
969 0.0107827
970 0.0107827
971 0.0107257
972 0.0106686
973 0.0106686
974 0.0106686
975 0.0106686
976 0.0106686
977 0.0106686
978 0.0105545
979 0.0105545
980 0.0105545
981 0.0104975
982 0.0104975
983 0.0104404
984 0.0103834
985 0.0103834
986 0.0103263
987 0.0103263
988 0.0103263
989 0.0103263
990 0.0102122
991 0.0102122
992 0.0101552
993 0.0101552
994 0.0100981
995 0.0100411
996 0.00998403
997 0.00998403
998 0.00981287
999 0.00975582
1000 0.00975582
1001 0.00969877
1002 0.00964172
1003 0.00958466
1004 0.00958466
1005 0.00958466
1006 0.00958466
1007 0.00958466
1008 0.00958466
1009 0.00952761
1010 0.00952761
1011 0.00952761
1012 0.00952761
1013 0.00952761
1014 0.00952761
1015 0.00947056
1016 0.00935646
1017 0.00935646
1018 0.00924235
1019 0.00924235
1020 0.0091853
1021 0.0091853
1022 0.0090712
1023 0.0089571
1024 0.0089571
1025 0.0089571
1026 0.0089571
1027 0.0089571
1028 0.0089571
1029 0.00890005
1030 0.00890005
1031 0.00884299
1032 0.00884299
1033 0.00878594
1034 0.00878594
1035 0.00872889
1036 0.00872889
1037 0.00872889
1038 0.00872889
1039 0.00872889
1040 0.00867184
1041 0.00867184
1042 0.00867184
1043 0.00861479
1044 0.00855774
1045 0.00844363
1046 0.00838658
1047 0.00832953
1048 0.00821543
1049 0.00821543
1050 0.00815838
1051 0.00815838
1052 0.00815838
1053 0.00815838
1054 0.00815838
1055 0.00815838
1056 0.00810132
1057 0.00810132
1058 0.00804427
1059 0.00804427
1060 0.00804427
1061 0.00804427
1062 0.00804427
1063 0.00798722
1064 0.00798722
1065 0.00798722
1066 0.00793017
1067 0.00793017
1068 0.00793017
1069 0.00793017
1070 0.00787312
1071 0.00787312
1072 0.00787312
1073 0.00781607
1074 0.00781607
1075 0.00781607
1076 0.00781607
1077 0.00781607
1078 0.00781607
1079 0.00770196
1080 0.00758786
1081 0.00758786
1082 0.00758786
1083 0.00758786
1084 0.00758786
1085 0.0074167
1086 0.0074167
1087 0.0074167
1088 0.0074167
1089 0.00735965
1090 0.0073026
1091 0.0073026
1092 0.0073026
1093 0.00724555
1094 0.0071885
1095 0.0071885
1096 0.0071885
1097 0.0071885
1098 0.0071885
1099 0.00713145
1100 0.00713145
1101 0.00713145
1102 0.00713145
1103 0.00713145
1104 0.00713145
1105 0.00713145
1106 0.00713145
1107 0.00713145
1108 0.00701734
1109 0.00701734
1110 0.00701734
1111 0.00701734
1112 0.00701734
1113 0.00701734
1114 0.00696029
1115 0.00696029
1116 0.00690324
1117 0.00684619
1118 0.00684619
1119 0.00684619
1120 0.00684619
1121 0.00684619
1122 0.00684619
1123 0.00684619
1124 0.00684619
1125 0.00684619
1126 0.00684619
1127 0.00684619
1128 0.00678914
1129 0.00673209
1130 0.00673209
1131 0.00673209
1132 0.00673209
1133 0.00673209
1134 0.00673209
1135 0.00673209
1136 0.00667503
1137 0.00661798
1138 0.00656093
1139 0.00650388
1140 0.00650388
1141 0.00650388
1142 0.00650388
1143 0.00644683
1144 0.00644683
1145 0.00638978
1146 0.00633272
1147 0.00627567
1148 0.00621862
1149 0.00621862
1150 0.00621862
1151 0.00621862
1152 0.00621862
1153 0.00621862
1154 0.00621862
1155 0.00621862
1156 0.00621862
1157 0.00621862
1158 0.00621862
1159 0.00621862
1160 0.00616157
1161 0.00610452
1162 0.00610452
1163 0.00604747
1164 0.00604747
1165 0.00599042
1166 0.00593336
1167 0.00593336
1168 0.00593336
1169 0.00581926
1170 0.00576221
1171 0.00576221
1172 0.00576221
1173 0.00576221
1174 0.00576221
1175 0.00576221
1176 0.00576221
1177 0.00570516
1178 0.00570516
1179 0.00570516
1180 0.00559105
1181 0.00559105
1182 0.00559105
1183 0.005534
1184 0.00547695
1185 0.00547695
1186 0.0054199
1187 0.0054199
1188 0.00536285
1189 0.00536285
1190 0.00536285
1191 0.0053058
1192 0.0053058
1193 0.0053058
1194 0.0053058
1195 0.0053058
1196 0.0053058
1197 0.00513464
1198 0.00513464
1199 0.00507759
1200 0.00507759
1201 0.00502054
1202 0.00502054
1203 0.00502054
1204 0.00502054
1205 0.00502054
1206 0.00502054
1207 0.00502054
1208 0.00496349
1209 0.00496349
1210 0.00490644
1211 0.00490644
1212 0.00490644
1213 0.00490644
1214 0.00484938
1215 0.00484938
1216 0.00479233
1217 0.00479233
1218 0.00479233
1219 0.00473528
1220 0.00462118
1221 0.00456413
1222 0.00456413
1223 0.00456413
1224 0.00456413
1225 0.00456413
1226 0.00456413
1227 0.00456413
1228 0.00456413
1229 0.00456413
1230 0.00450707
1231 0.00450707
1232 0.00450707
1233 0.00450707
1234 0.00450707
1235 0.00445002
1236 0.00439297
1237 0.00439297
1238 0.00439297
1239 0.00439297
1240 0.00439297
1241 0.00433592
1242 0.00433592
1243 0.00433592
1244 0.00433592
1245 0.00410771
1246 0.00405066
1247 0.00405066
1248 0.00405066
1249 0.00405066
1250 0.00405066
1251 0.00399361
1252 0.00399361
1253 0.00399361
1254 0.00399361
1255 0.00393656
1256 0.00387951
1257 0.00387951
1258 0.00382246
1259 0.00382246
1260 0.00382246
1261 0.00382246
1262 0.00382246
1263 0.0037654
1264 0.0037654
1265 0.0037654
1266 0.0037654
1267 0.0037654
1268 0.0037654
1269 0.0037654
1270 0.0037654
1271 0.0037654
1272 0.0037654
1273 0.0037654
1274 0.0037654
1275 0.0037654
1276 0.00370835
1277 0.00370835
1278 0.00370835
1279 0.0036513
1280 0.0036513
1281 0.00359425
1282 0.00359425
1283 0.00359425
1284 0.00359425
1285 0.00359425
1286 0.00359425
1287 0.00359425
1288 0.00359425
1289 0.00348015
1290 0.00348015
1291 0.00348015
1292 0.00348015
1293 0.00348015
1294 0.00348015
1295 0.00348015
1296 0.00348015
1297 0.00348015
1298 0.00348015
1299 0.00342309
1300 0.00342309
1301 0.00342309
1302 0.00342309
1303 0.00342309
1304 0.00342309
1305 0.00342309
1306 0.00342309
1307 0.00342309
1308 0.00342309
1309 0.00342309
1310 0.00336604
1311 0.00336604
1312 0.00336604
1313 0.00336604
1314 0.00336604
1315 0.00336604
1316 0.00336604
1317 0.00336604
1318 0.00336604
1319 0.00336604
1320 0.00336604
1321 0.00336604
1322 0.00336604
1323 0.00336604
1324 0.00336604
1325 0.00336604
1326 0.00330899
1327 0.00330899
1328 0.00330899
1329 0.00330899
1330 0.00330899
1331 0.00325194
1332 0.00319489
1333 0.00313784
1334 0.00313784
1335 0.00313784
1336 0.00313784
1337 0.00313784
1338 0.00313784
1339 0.00308079
1340 0.00308079
1341 0.00308079
1342 0.00308079
1343 0.00308079
1344 0.00308079
1345 0.00308079
1346 0.00308079
1347 0.00308079
1348 0.00296668
1349 0.00296668
1350 0.00296668
1351 0.00296668
1352 0.00296668
1353 0.00296668
1354 0.00296668
1355 0.00296668
1356 0.00296668
1357 0.00296668
1358 0.00296668
1359 0.00296668
1360 0.00296668
1361 0.00296668
1362 0.00296668
1363 0.00290963
1364 0.00290963
1365 0.00290963
1366 0.00290963
1367 0.00290963
1368 0.00290963
1369 0.00290963
1370 0.00290963
1371 0.00290963
1372 0.00290963
1373 0.00285258
1374 0.00285258
1375 0.00285258
1376 0.00279553
1377 0.00279553
1378 0.00279553
1379 0.00279553
1380 0.00279553
1381 0.00279553
1382 0.00279553
1383 0.00279553
1384 0.00279553
1385 0.00279553
1386 0.00279553
1387 0.00279553
1388 0.00279553
1389 0.00279553
1390 0.00273848
1391 0.00273848
1392 0.00273848
1393 0.00273848
1394 0.00273848
1395 0.00273848
1396 0.00273848
1397 0.00273848
1398 0.00273848
1399 0.00273848
1400 0.00273848
1401 0.00273848
1402 0.00273848
1403 0.00273848
1404 0.00273848
1405 0.00273848
1406 0.00273848
1407 0.00268142
1408 0.00268142
1409 0.00268142
1410 0.00262437
1411 0.00262437
1412 0.00262437
1413 0.00262437
1414 0.00262437
1415 0.00262437
1416 0.00262437
1417 0.00262437
1418 0.00262437
1419 0.00262437
1420 0.00262437
1421 0.00262437
1422 0.00262437
1423 0.00256732
1424 0.00256732
1425 0.00256732
1426 0.00256732
1427 0.00256732
1428 0.00251027
1429 0.00245322
1430 0.00239617
1431 0.00239617
1432 0.00239617
1433 0.00239617
1434 0.00239617
1435 0.00239617
1436 0.00239617
1437 0.00239617
1438 0.00239617
1439 0.00239617
1440 0.00239617
1441 0.00239617
1442 0.00239617
1443 0.00239617
1444 0.00239617
1445 0.00233911
1446 0.00233911
1447 0.00233911
1448 0.00233911
1449 0.00233911
1450 0.00233911
1451 0.00233911
1452 0.00233911
1453 0.00233911
1454 0.00228206
1455 0.00228206
1456 0.00228206
1457 0.00228206
1458 0.00228206
1459 0.00228206
1460 0.00228206
1461 0.00228206
1462 0.00228206
1463 0.00228206
1464 0.00228206
1465 0.00228206
1466 0.00228206
1467 0.00228206
1468 0.00228206
1469 0.00228206
1470 0.00228206
1471 0.00228206
1472 0.00222501
1473 0.00222501
1474 0.00222501
1475 0.00222501
1476 0.00222501
1477 0.00222501
1478 0.00222501
1479 0.00222501
1480 0.00222501
1481 0.00222501
1482 0.00222501
1483 0.00222501
1484 0.00222501
1485 0.00216796
1486 0.00216796
1487 0.00216796
1488 0.00216796
1489 0.00216796
1490 0.00216796
1491 0.00211091
1492 0.00211091
1493 0.00211091
1494 0.00211091
1495 0.00211091
1496 0.00211091
1497 0.00211091
1498 0.00211091
1499 0.00211091
1500 0.00211091
1501 0.00211091
1502 0.00211091
1503 0.00211091
1504 0.00211091
1505 0.00211091
1506 0.00211091
1507 0.00211091
1508 0.00205386
1509 0.00205386
1510 0.00205386
1511 0.00205386
1512 0.00199681
1513 0.00199681
1514 0.00199681
1515 0.00199681
1516 0.00199681
1517 0.00199681
1518 0.00199681
1519 0.00199681
1520 0.00199681
1521 0.00199681
1522 0.00199681
1523 0.00199681
1524 0.00193975
1525 0.00193975
1526 0.00193975
1527 0.00193975
1528 0.00193975
1529 0.00193975
1530 0.00193975
1531 0.00193975
1532 0.00193975
1533 0.00193975
1534 0.00193975
1535 0.00193975
1536 0.00193975
1537 0.00193975
1538 0.0018827
1539 0.0018827
1540 0.0018827
1541 0.0018827
1542 0.0018827
1543 0.0018827
1544 0.0018827
1545 0.0018827
1546 0.00182565
1547 0.00182565
1548 0.00182565
1549 0.00182565
1550 0.00182565
1551 0.00182565
1552 0.0017686
1553 0.0017686
1554 0.0017686
1555 0.0017686
1556 0.0017686
1557 0.00171155
1558 0.00171155
1559 0.00171155
1560 0.00171155
1561 0.00171155
1562 0.00171155
1563 0.00171155
1564 0.0016545
1565 0.0016545
1566 0.0016545
1567 0.0016545
1568 0.0016545
1569 0.0016545
1570 0.0016545
1571 0.0016545
1572 0.00159744
1573 0.00159744
1574 0.00159744
1575 0.00159744
1576 0.00159744
1577 0.00159744
1578 0.00159744
1579 0.00159744
1580 0.00159744
1581 0.00159744
1582 0.00159744
1583 0.00159744
1584 0.00159744
1585 0.00159744
1586 0.00159744
1587 0.00159744
1588 0.00159744
1589 0.00159744
1590 0.00159744
1591 0.00159744
1592 0.00159744
1593 0.00159744
1594 0.00159744
1595 0.00159744
1596 0.00159744
1597 0.00159744
1598 0.00159744
1599 0.00159744
1600 0.00159744
1601 0.00159744
1602 0.00159744
1603 0.00159744
1604 0.00159744
1605 0.00159744
1606 0.00159744
1607 0.00159744
1608 0.00159744
1609 0.00159744
1610 0.00159744
1611 0.00159744
1612 0.00154039
1613 0.00154039
1614 0.00154039
1615 0.00154039
1616 0.00154039
1617 0.00154039
1618 0.00148334
1619 0.00148334
1620 0.00142629
1621 0.00142629
1622 0.00142629
1623 0.00142629
1624 0.00142629
1625 0.00142629
1626 0.00142629
1627 0.00142629
1628 0.00136924
1629 0.00136924
1630 0.00136924
1631 0.00131219
1632 0.00131219
1633 0.00131219
1634 0.00131219
1635 0.00131219
1636 0.00131219
1637 0.00131219
1638 0.00131219
1639 0.00131219
1640 0.00125513
1641 0.00125513
1642 0.00125513
1643 0.00125513
1644 0.00125513
1645 0.00125513
1646 0.00119808
1647 0.00119808
1648 0.00119808
1649 0.00119808
1650 0.00119808
1651 0.00119808
1652 0.00119808
1653 0.00119808
1654 0.00119808
1655 0.00119808
1656 0.00119808
1657 0.00119808
1658 0.00119808
1659 0.00119808
1660 0.00119808
1661 0.00119808
1662 0.00119808
1663 0.00119808
1664 0.00119808
1665 0.00119808
1666 0.00119808
1667 0.00119808
1668 0.00119808
1669 0.00119808
1670 0.00119808
1671 0.00119808
1672 0.00119808
1673 0.00119808
1674 0.00114103
1675 0.00114103
1676 0.00114103
1677 0.00114103
1678 0.00114103
1679 0.00114103
1680 0.00114103
1681 0.00114103
1682 0.00114103
1683 0.00114103
1684 0.00114103
1685 0.00114103
1686 0.00114103
1687 0.00114103
1688 0.00114103
1689 0.00114103
1690 0.00114103
1691 0.00114103
1692 0.00108398
1693 0.00108398
1694 0.00108398
1695 0.00108398
1696 0.00102693
1697 0.00102693
1698 0.00102693
1699 0.00102693
1700 0.00102693
1701 0.00102693
1702 0.00102693
1703 0.00102693
1704 0.00102693
1705 0.00102693
1706 0.000969877
1707 0.000969877
1708 0.000969877
1709 0.000969877
1710 0.000969877
1711 0.000969877
1712 0.000969877
1713 0.000969877
1714 0.000969877
1715 0.000969877
1716 0.000969877
1717 0.000969877
1718 0.000969877
1719 0.000969877
1720 0.000969877
1721 0.000969877
1722 0.000969877
1723 0.000969877
1724 0.000969877
1725 0.000969877
1726 0.000969877
1727 0.000969877
1728 0.000969877
1729 0.000969877
1730 0.000969877
1731 0.000912825
1732 0.000912825
1733 0.000912825
1734 0.000912825
1735 0.000912825
1736 0.000912825
1737 0.000912825
1738 0.000855774
1739 0.000855774
1740 0.000855774
1741 0.000855774
1742 0.000855774
1743 0.000855774
1744 0.000855774
1745 0.000855774
1746 0.000855774
1747 0.000855774
1748 0.000855774
1749 0.000855774
1750 0.000855774
1751 0.000855774
1752 0.000855774
1753 0.000855774
1754 0.000855774
1755 0.000855774
1756 0.000855774
1757 0.000798722
1758 0.000798722
1759 0.000798722
1760 0.000798722
1761 0.000798722
1762 0.000798722
1763 0.000798722
1764 0.000798722
1765 0.000798722
1766 0.000798722
1767 0.000798722
1768 0.000798722
1769 0.000798722
1770 0.000798722
1771 0.00074167
1772 0.00074167
1773 0.00074167
1774 0.00074167
1775 0.00074167
1776 0.00074167
1777 0.00074167
1778 0.00074167
1779 0.00074167
1780 0.00074167
1781 0.00074167
1782 0.000684619
1783 0.000684619
1784 0.000684619
1785 0.000627567
1786 0.000627567
1787 0.000627567
1788 0.000627567
1789 0.000627567
1790 0.000627567
1791 0.000627567
1792 0.000627567
1793 0.000627567
1794 0.000627567
1795 0.000627567
1796 0.000627567
1797 0.000627567
1798 0.000627567
1799 0.000627567
1800 0.000627567
1801 0.000627567
1802 0.000627567
1803 0.000570516
1804 0.000570516
1805 0.000570516
1806 0.000570516
1807 0.000570516
1808 0.000570516
1809 0.000570516
1810 0.000570516
1811 0.000570516
1812 0.000570516
1813 0.000570516
1814 0.000570516
1815 0.000570516
1816 0.000570516
1817 0.000570516
1818 0.000570516
1819 0.000570516
1820 0.000570516
1821 0.000570516
1822 0.000570516
1823 0.000570516
1824 0.000570516
1825 0.000570516
1826 0.000570516
1827 0.000570516
1828 0.000570516
1829 0.000570516
1830 0.000570516
1831 0.000570516
1832 0.000570516
1833 0.000570516
1834 0.000570516
1835 0.000570516
1836 0.000570516
1837 0.000513464
1838 0.000513464
1839 0.000513464
1840 0.000513464
1841 0.000513464
1842 0.000513464
1843 0.000513464
1844 0.000513464
1845 0.000513464
1846 0.000513464
1847 0.000513464
1848 0.000513464
1849 0.000513464
1850 0.000513464
1851 0.000513464
1852 0.000513464
1853 0.000513464
1854 0.000513464
1855 0.000456413
1856 0.000456413
1857 0.000456413
1858 0.000456413
1859 0.000456413
1860 0.000456413
1861 0.000456413
1862 0.000456413
1863 0.000456413
1864 0.000456413
1865 0.000456413
1866 0.000456413
1867 0.000456413
1868 0.000456413
1869 0.000456413
1870 0.000456413
1871 0.000456413
1872 0.000456413
1873 0.000456413
1874 0.000399361
1875 0.000399361
1876 0.000399361
1877 0.000399361
1878 0.000399361
1879 0.000399361
1880 0.000399361
1881 0.000399361
1882 0.000399361
1883 0.000399361
1884 0.000399361
1885 0.000399361
1886 0.000399361
1887 0.000399361
1888 0.000399361
1889 0.000399361
1890 0.000399361
1891 0.000399361
1892 0.000399361
1893 0.000399361
1894 0.000399361
1895 0.000399361
1896 0.000399361
1897 0.000399361
1898 0.000399361
1899 0.000399361
1900 0.000399361
1901 0.000399361
1902 0.000399361
1903 0.000399361
1904 0.000399361
1905 0.000399361
1906 0.000399361
1907 0.000399361
1908 0.000399361
1909 0.000399361
1910 0.000399361
1911 0.000399361
1912 0.000399361
1913 0.000399361
1914 0.000399361
1915 0.000399361
1916 0.000399361
1917 0.000399361
1918 0.000399361
1919 0.000399361
1920 0.000342309
1921 0.000342309
1922 0.000342309
1923 0.000342309
1924 0.000342309
1925 0.000342309
1926 0.000342309
1927 0.000342309
1928 0.000342309
1929 0.000342309
1930 0.000342309
1931 0.000342309
1932 0.000342309
1933 0.000342309
1934 0.000342309
1935 0.000342309
1936 0.000342309
1937 0.000342309
1938 0.000342309
1939 0.000342309
1940 0.000342309
1941 0.000342309
1942 0.000342309
1943 0.000342309
1944 0.000342309
1945 0.000342309
1946 0.000342309
1947 0.000342309
1948 0.000342309
1949 0.000342309
1950 0.000342309
1951 0.000342309
1952 0.000342309
1953 0.000342309
1954 0.000342309
1955 0.000342309
1956 0.000342309
1957 0.000342309
1958 0.000342309
1959 0.000342309
1960 0.000342309
1961 0.000342309
1962 0.000342309
1963 0.000342309
1964 0.000342309
1965 0.000342309
1966 0.000342309
1967 0.000342309
1968 0.000342309
1969 0.000342309
1970 0.000342309
1971 0.000342309
1972 0.000342309
1973 0.000342309
1974 0.000342309
1975 0.000342309
1976 0.000342309
1977 0.000342309
1978 0.000342309
1979 0.000342309
1980 0.000342309
1981 0.000342309
1982 0.000342309
1983 0.000342309
1984 0.000342309
1985 0.000342309
1986 0.000342309
1987 0.000342309
1988 0.000342309
1989 0.000342309
1990 0.000342309
1991 0.000342309
1992 0.000285258
1993 0.000285258
1994 0.000285258
1995 0.000285258
1996 0.000285258
1997 0.000285258
1998 0.000285258
1999 0.000285258
2000 0.000285258
2001 0.000285258
2002 0.000285258
2003 0.000285258
2004 0.000285258
2005 0.000285258
2006 0.000285258
2007 0.000285258
2008 0.000285258
2009 0.000285258
2010 0.000285258
2011 0.000285258
2012 0.000285258
2013 0.000285258
2014 0.000285258
2015 0.000285258
2016 0.000285258
2017 0.000285258
2018 0.000285258
2019 0.000285258
2020 0.000285258
2021 0.000285258
2022 0.000285258
2023 0.000285258
2024 0.000285258
2025 0.000285258
2026 0.000285258
2027 0.000285258
2028 0.000285258
2029 0.000285258
2030 0.000285258
2031 0.000285258
2032 0.000285258
2033 0.000285258
2034 0.000285258
2035 0.000285258
2036 0.000285258
2037 0.000285258
2038 0.000285258
2039 0.000285258
2040 0.000285258
2041 0.000285258
2042 0.000285258
2043 0.000285258
2044 0.000285258
2045 0.000285258
2046 0.000285258
2047 0.000285258
2048 0.000285258
2049 0.000285258
2050 0.000285258
2051 0.000285258
2052 0.000285258
2053 0.000285258
2054 0.000285258
2055 0.000285258
2056 0.000285258
2057 0.000285258
2058 0.000285258
2059 0.000285258
2060 0.000285258
2061 0.000285258
2062 0.000285258
2063 0.000285258
2064 0.000285258
2065 0.000285258
2066 0.000285258
2067 0.000285258
2068 0.000285258
2069 0.000285258
2070 0.000228206
2071 0.000228206
2072 0.000228206
2073 0.000228206
2074 0.000228206
2075 0.000228206
2076 0.000228206
2077 0.000228206
2078 0.000228206
2079 0.000228206
2080 0.000228206
2081 0.000228206
2082 0.000228206
2083 0.000228206
2084 0.000228206
2085 0.000228206
2086 0.000228206
2087 0.000228206
2088 0.000228206
2089 0.000228206
2090 0.000228206
2091 0.000228206
2092 0.000228206
2093 0.000228206
2094 0.000228206
2095 0.000228206
2096 0.000228206
2097 0.000228206
2098 0.000228206
2099 0.000228206
2100 0.000228206
2101 0.000228206
2102 0.000228206
2103 0.000228206
2104 0.000228206
2105 0.000228206
2106 0.000228206
2107 0.000228206
2108 0.000228206
2109 0.000228206
2110 0.000228206
2111 0.000228206
2112 0.000228206
2113 0.000228206
2114 0.000228206
2115 0.000228206
2116 0.000228206
2117 0.000228206
2118 0.000228206
2119 0.000228206
2120 0.000228206
2121 0.000228206
2122 0.000228206
2123 0.000228206
2124 0.000228206
2125 0.000228206
2126 0.000228206
2127 0.000228206
2128 0.000228206
2129 0.000228206
2130 0.000228206
2131 0.000228206
2132 0.000228206
2133 0.000228206
2134 0.000228206
2135 0.000228206
2136 0.000228206
2137 0.000228206
2138 0.000228206
2139 0.000228206
2140 0.000228206
2141 0.000228206
2142 0.000228206
2143 0.000228206
2144 0.000228206
2145 0.000228206
2146 0.000228206
2147 0.000228206
2148 0.000228206
2149 0.000228206
2150 0.000228206
2151 0.000228206
2152 0.000228206
2153 0.000228206
2154 0.000228206
2155 0.000228206
2156 0.000171155
2157 0.000171155
2158 0.000171155
2159 0.000171155
2160 0.000171155
2161 0.000171155
2162 0.000171155
2163 0.000171155
2164 0.000171155
2165 0.000171155
2166 0.000171155
2167 0.000171155
2168 0.000171155
2169 0.000171155
2170 0.000171155
2171 0.000171155
2172 0.000171155
2173 0.000171155
2174 0.000171155
2175 0.000171155
2176 0.000171155
2177 0.000171155
2178 0.000171155
2179 0.000171155
2180 0.000171155
2181 0.000171155
2182 0.000171155
2183 0.000171155
2184 0.000171155
2185 0.000171155
2186 0.000171155
2187 0.000171155
2188 0.000171155
2189 0.000171155
2190 0.000171155
2191 0.000171155
2192 0.000171155
2193 0.000171155
2194 0.000171155
2195 0.000171155
2196 0.000171155
2197 0.000171155
2198 0.000171155
2199 0.000171155
2200 0.000171155
2201 0.000171155
2202 0.000171155
2203 0.000171155
2204 0.000171155
2205 0.000171155
2206 0.000171155
2207 0.000171155
2208 0.000171155
2209 0.000171155
2210 0.000171155
2211 0.000171155
2212 0.000171155
2213 0.000171155
2214 0.000171155
2215 0.000171155
2216 0.000171155
2217 0.000171155
2218 0.000171155
2219 0.000171155
2220 0.000171155
2221 0.000171155
2222 0.000171155
2223 0.000171155
2224 0.000171155
2225 0.000171155
2226 0.000171155
2227 0.000171155
2228 0.000171155
2229 0.000171155
2230 0.000171155
2231 0.000171155
2232 0.000171155
2233 0.000171155
2234 0.000171155
2235 0.000171155
2236 0.000171155
2237 0.000171155
2238 0.000171155
2239 0.000171155
2240 0.000171155
2241 0.000171155
2242 0.000171155
2243 0.000171155
2244 0.000171155
2245 0.000171155
2246 0.000171155
2247 0.000171155
2248 0.000171155
2249 0.000171155
2250 0.000171155
2251 0.000171155
2252 0.000171155
2253 0.000171155
2254 0.000171155
2255 0.000171155
2256 0.000171155
2257 0.000171155
2258 0.000171155
2259 0.000171155
2260 0.000171155
2261 0.000171155
2262 0.000171155
2263 0.000171155
2264 0.000171155
2265 0.000171155
2266 0.000171155
2267 0.000171155
2268 0.000171155
2269 0.000171155
2270 0.000171155
2271 0.000171155
2272 0.000171155
2273 0.000171155
2274 0.000171155
2275 0.000171155
2276 0.000171155
2277 0.000171155
2278 0.000171155
2279 0.000171155
2280 0.000171155
2281 0.000171155
2282 0.000171155
2283 0.000171155
2284 0.000171155
2285 0.000171155
2286 0.000171155
2287 0.000171155
2288 0.000171155
2289 0.000171155
2290 0.000171155
2291 0.000171155
2292 0.000171155
2293 0.000171155
2294 0.000171155
2295 0.000171155
2296 0.000171155
2297 0.000171155
2298 0.000171155
2299 0.000171155
2300 0.000171155
2301 0.000171155
2302 0.000171155
2303 0.000171155
2304 0.000171155
2305 0.000171155
2306 0.000171155
2307 0.000171155
2308 0.000171155
2309 0.000171155
2310 0.000171155
2311 0.000171155
2312 0.000171155
2313 0.000171155
2314 0.000171155
2315 0.000171155
2316 0.000171155
2317 0.000171155
2318 0.000171155
2319 0.000171155
2320 0.000171155
2321 0.000171155
2322 0.000171155
2323 0.000171155
2324 0.000171155
2325 0.000114103
2326 0.000114103
2327 0.000114103
2328 0.000114103
2329 0.000114103
2330 0.000114103
2331 0.000114103
2332 0.000114103
2333 0.000114103
2334 0.000114103
2335 0.000114103
2336 0.000114103
2337 0.000114103
2338 0.000114103
2339 0.000114103
2340 0.000114103
2341 0.000114103
2342 0.000114103
2343 0.000114103
2344 0.000114103
2345 0.000114103
2346 0.000114103
2347 0.000114103
2348 0.000114103
2349 0.000114103
2350 0.000114103
2351 0.000114103
2352 0.000114103
2353 0.000114103
2354 0.000114103
2355 0.000114103
2356 0.000114103
2357 0.000114103
2358 0.000114103
2359 0.000114103
2360 0.000114103
2361 0.000114103
2362 0.000114103
2363 0.000114103
2364 0.000114103
2365 0.000114103
2366 0.000114103
2367 0.000114103
2368 0.000114103
2369 0.000114103
2370 0.000114103
2371 0.000114103
2372 0.000114103
2373 0.000114103
2374 0.000114103
2375 0.000114103
2376 0.000114103
2377 0.000114103
2378 0.000114103
2379 0.000114103
2380 0.000114103
2381 0.000114103
2382 0.000114103
2383 0.000114103
2384 0.000114103
2385 0.000114103
2386 0.000114103
2387 0.000114103
2388 0.000114103
2389 0.000114103
2390 0.000114103
2391 5.70516e-05
2392 5.70516e-05
2393 5.70516e-05
2394 5.70516e-05
2395 5.70516e-05
2396 5.70516e-05
2397 5.70516e-05
2398 5.70516e-05
2399 5.70516e-05
2400 5.70516e-05
2401 5.70516e-05
2402 5.70516e-05
2403 5.70516e-05
2404 5.70516e-05
2405 5.70516e-05
2406 5.70516e-05
2407 5.70516e-05
2408 5.70516e-05
2409 5.70516e-05
2410 5.70516e-05
2411 5.70516e-05
2412 5.70516e-05
2413 5.70516e-05
2414 5.70516e-05
2415 5.70516e-05
2416 5.70516e-05
2417 5.70516e-05
2418 5.70516e-05
2419 5.70516e-05
2420 5.70516e-05
2421 5.70516e-05
2422 5.70516e-05
2423 5.70516e-05
2424 5.70516e-05
2425 5.70516e-05
2426 5.70516e-05
2427 5.70516e-05
2428 5.70516e-05
2429 5.70516e-05
2430 5.70516e-05
2431 5.70516e-05
2432 5.70516e-05
2433 5.70516e-05
2434 5.70516e-05
2435 5.70516e-05
2436 5.70516e-05
2437 5.70516e-05
2438 5.70516e-05
2439 5.70516e-05
2440 5.70516e-05
2441 5.70516e-05
2442 5.70516e-05
2443 5.70516e-05
2444 5.70516e-05
2445 5.70516e-05
2446 5.70516e-05
2447 5.70516e-05
2448 5.70516e-05
2449 5.70516e-05
2450 5.70516e-05
2451 5.70516e-05
2452 5.70516e-05
2453 5.70516e-05
2454 5.70516e-05
2455 5.70516e-05
2456 5.70516e-05
2457 5.70516e-05
2458 5.70516e-05
2459 5.70516e-05
2460 5.70516e-05
2461 5.70516e-05
2462 5.70516e-05
2463 5.70516e-05
2464 5.70516e-05
2465 5.70516e-05
2466 5.70516e-05
2467 5.70516e-05
2468 5.70516e-05
2469 5.70516e-05
2470 5.70516e-05
2471 5.70516e-05
2472 5.70516e-05
2473 5.70516e-05
2474 5.70516e-05
2475 5.70516e-05
2476 5.70516e-05
