0 1
1 1
2 1
3 1
4 1
5 1
6 1
7 1
8 1
9 1
10 1
11 0.960883
12 0.921565
13 0.88345
14 0.846138
15 0.81324
16 0.778134
17 0.744534
18 0.71334
19 0.683149
20 0.654764
21 0.62989
22 0.602909
23 0.578335
24 0.554865
25 0.531093
26 0.509829
27 0.488465
28 0.468606
29 0.447944
30 0.430792
31 0.414142
32 0.398997
33 0.383952
34 0.368907
35 0.352959
36 0.339318
37 0.325777
38 0.315346
39 0.304614
40 0.291575
41 0.279639
42 0.269007
43 0.259378
44 0.249549
45 0.24012
46 0.230893
47 0.223771
48 0.214443
49 0.20672
50 0.198596
51 0.19328
52 0.185657
53 0.179539
54 0.172518
55 0.166499
56 0.161585
57 0.156169
58 0.150853
59 0.145938
60 0.141525
61 0.137713
62 0.131996
63 0.128285
64 0.123571
65 0.119559
66 0.115547
67 0.112538
68 0.108626
69 0.105416
70 0.102608
71 0.0992979
72 0.0956871
73 0.092678
74 0.0900702
75 0.0863591
76 0.0834504
77 0.0808425
78 0.0780341
79 0.0750251
80 0.0729188
81 0.0708124
82 0.0677031
83 0.065998
84 0.0637914
85 0.0617854
86 0.0602808
87 0.0582748
88 0.0557673
89 0.0541625
90 0.0518556
91 0.0503511
92 0.0487462
93 0.0471414
94 0.0456369
95 0.04333
96 0.0422267
97 0.041324
98 0.040321
99 0.0396189
100 0.0387161
101 0.0372116
102 0.0355065
103 0.0348044
104 0.0334002
105 0.0324975
106 0.0316951
107 0.0307924
108 0.0298897
109 0.0290873
110 0.0286861
111 0.0280843
112 0.0274824
113 0.0268806
114 0.0264794
115 0.0258776
116 0.0249749
117 0.0241725
118 0.0231695
119 0.0224674
120 0.0217653
121 0.0207623
122 0.0203611
123 0.0200602
124 0.0195587
125 0.0190572
126 0.0179539
127 0.0172518
128 0.01665
129 0.0165496
130 0.0164493
131 0.0158475
132 0.0156469
133 0.015346
134 0.0147442
135 0.014343
136 0.0141424
137 0.0139418
138 0.0136409
139 0.0130391
140 0.0129388
141 0.0126379
142 0.0121364
143 0.0118355
144 0.0115346
145 0.0114343
146 0.0114343
147 0.0111334
148 0.0108325
149 0.0107322
150 0.0105316
151 0.0102307
152 0.00992979
153 0.00972919
154 0.00922768
155 0.00902708
156 0.00882648
157 0.00862588
158 0.00852558
159 0.00842528
160 0.00822467
161 0.00772317
162 0.00742227
163 0.00732197
164 0.00692076
165 0.00672016
166 0.00661986
167 0.00641926
168 0.00621866
169 0.00611835
170 0.00581745
171 0.00561685
172 0.00561685
173 0.00551655
174 0.00541625
175 0.00521565
176 0.00501504
177 0.00491474
178 0.00481444
179 0.00461384
180 0.00451354
181 0.00431294
182 0.00411234
183 0.00411234
184 0.00401204
185 0.00401204
186 0.00391174
187 0.00381143
188 0.00381143
189 0.00371113
190 0.00361083
191 0.00351053
192 0.00341023
193 0.00341023
194 0.00341023
195 0.00341023
196 0.00330993
197 0.00330993
198 0.00330993
199 0.00320963
200 0.00320963
201 0.00310933
202 0.00300903
203 0.00300903
204 0.00270812
205 0.00260782
206 0.00260782
207 0.00250752
208 0.00250752
209 0.00250752
210 0.00250752
211 0.00240722
212 0.00240722
213 0.00240722
214 0.00240722
215 0.00240722
216 0.00230692
217 0.00220662
218 0.00220662
219 0.00220662
220 0.00210632
221 0.00210632
222 0.00210632
223 0.00210632
224 0.00200602
225 0.00190572
226 0.00180542
227 0.00180542
228 0.00180542
229 0.00180542
230 0.00180542
231 0.00170512
232 0.00170512
233 0.00160481
234 0.00150451
235 0.00150451
236 0.00150451
237 0.00140421
238 0.00140421
239 0.00140421
240 0.00130391
241 0.00130391
242 0.00130391
243 0.00120361
244 0.00120361
245 0.00110331
246 0.00110331
247 0.00100301
248 0.00100301
249 0.00100301
250 0.00100301
251 0.00100301
252 0.000902708
253 0.000902708
254 0.000702106
255 0.000702106
256 0.000702106
257 0.000702106
258 0.000702106
259 0.000702106
260 0.000702106
261 0.000702106
262 0.000702106
263 0.000702106
264 0.000702106
265 0.000702106
266 0.000702106
267 0.000601805
268 0.000601805
269 0.000601805
270 0.000501505
271 0.000501505
272 0.000501505
273 0.000501505
274 0.000501505
275 0.000401204
276 0.000401204
277 0.000401204
278 0.000401204
279 0.000401204
280 0.000300903
281 0.000300903
282 0.000200602
283 0.000200602
284 0.000200602
285 0.000200602
286 0.000200602
287 0.000200602
288 0.000200602
289 0.000200602
290 0.000200602
291 0.000100301
292 0.000100301
293 0.000100301
294 0.000100301
295 0.000100301
296 0.000100301
297 0.000100301
298 0.000100301
299 0.000100301
300 0.000100301
301 0.000100301
302 0.000100301
303 0.000100301
304 0.000100301
305 0.000100301
306 0.000100301
307 0.000100301
308 0.000100301
309 0.000100301
310 0.000100301
311 0.000100301
312 0.000100301
