0 1
1 1
2 1
3 1
4 1
5 1
6 1
7 1
8 1
9 1
10 1
11 1
12 1
13 1
14 1
15 0.999959
16 0.999959
17 0.960999
18 0.960999
19 0.960999
20 0.960999
21 0.960999
22 0.960999
23 0.960917
24 0.960917
25 0.921155
26 0.921155
27 0.921155
28 0.921155
29 0.921155
30 0.921155
31 0.921093
32 0.921093
33 0.883657
34 0.883657
35 0.883657
36 0.883657
37 0.883657
38 0.883657
39 0.883574
40 0.883574
41 0.849657
42 0.849657
43 0.849657
44 0.849657
45 0.849657
46 0.849657
47 0.849534
48 0.849534
49 0.816913
50 0.816913
51 0.816913
52 0.816913
53 0.816913
54 0.816913
55 0.816852
56 0.816852
57 0.786186
58 0.786186
59 0.786186
60 0.786186
61 0.786186
62 0.786186
63 0.786063
64 0.786063
65 0.75655
66 0.75655
67 0.75655
68 0.75655
69 0.75655
70 0.75655
71 0.756385
72 0.756385
73 0.728148
74 0.728148
75 0.728148
76 0.728148
77 0.728148
78 0.728148
79 0.727984
80 0.727984
81 0.700303
82 0.700303
83 0.700303
84 0.700303
85 0.700303
86 0.700303
87 0.700241
88 0.700241
89 0.67433
90 0.67433
91 0.67433
92 0.67433
93 0.67433
94 0.67433
95 0.674
96 0.674
97 0.650229
98 0.650229
99 0.650229
100 0.650229
101 0.650229
102 0.650229
103 0.650024
104 0.650024
105 0.627385
106 0.627385
107 0.627385
108 0.627385
109 0.627385
110 0.627385
111 0.627241
112 0.627241
113 0.604375
114 0.604375
115 0.604375
116 0.604375
117 0.604375
118 0.604375
119 0.604149
120 0.604149
121 0.58221
122 0.58221
123 0.58221
124 0.58221
125 0.58221
126 0.58221
127 0.582107
128 0.582107
129 0.560929
130 0.560929
131 0.560929
132 0.560929
133 0.560929
134 0.560929
135 0.560847
136 0.560847
137 0.540987
138 0.540987
139 0.540987
140 0.540987
141 0.540987
142 0.540987
143 0.540843
144 0.540843
145 0.52092
146 0.52092
147 0.52092
148 0.52092
149 0.52092
150 0.52092
151 0.520756
152 0.520756
153 0.502274
154 0.502274
155 0.502274
156 0.502274
157 0.502274
158 0.502274
159 0.502212
160 0.502212
161 0.483402
162 0.483402
163 0.483402
164 0.483402
165 0.483402
166 0.483402
167 0.483299
168 0.483299
169 0.465723
170 0.465723
171 0.465723
172 0.465723
173 0.465723
174 0.465723
175 0.465599
176 0.465599
177 0.448332
178 0.448332
179 0.448332
180 0.448332
181 0.448332
182 0.448332
183 0.44825
184 0.44825
185 0.433102
186 0.433102
187 0.433102
188 0.433102
189 0.433102
190 0.433102
191 0.432979
192 0.432979
193 0.417646
194 0.417646
195 0.417646
196 0.417646
197 0.417646
198 0.417646
199 0.41742
200 0.41742
201 0.402787
202 0.402787
203 0.402787
204 0.402787
205 0.402787
206 0.402787
207 0.402663
208 0.402663
209 0.388421
210 0.388421
211 0.388421
212 0.388421
213 0.388421
214 0.388421
215 0.388318
216 0.388318
217 0.375764
218 0.375764
219 0.375764
220 0.375764
221 0.375764
222 0.375764
223 0.375661
224 0.375661
225 0.362592
226 0.362592
227 0.362592
228 0.362592
229 0.362592
230 0.362592
231 0.362531
232 0.362531
233 0.350141
234 0.350141
235 0.350141
236 0.350141
237 0.350141
238 0.350141
239 0.3501
240 0.3501
241 0.336866
242 0.336866
243 0.336866
244 0.336866
245 0.336866
246 0.336866
247 0.336743
248 0.336743
249 0.324538
250 0.324538
251 0.324538
252 0.324538
253 0.324538
254 0.324538
255 0.324456
256 0.324456
257 0.313713
258 0.313713
259 0.313713
260 0.313713
261 0.313713
262 0.313713
263 0.313631
264 0.313631
265 0.303299
266 0.303299
267 0.303299
268 0.303299
269 0.303299
270 0.303299
271 0.303217
272 0.303217
273 0.292823
274 0.292823
275 0.292823
276 0.292823
277 0.292823
278 0.292823
279 0.292679
280 0.292679
281 0.283068
282 0.283068
283 0.283068
284 0.283068
285 0.283068
286 0.283068
287 0.282986
288 0.282986
289 0.273642
290 0.273642
291 0.273642
292 0.273642
293 0.273642
294 0.273642
295 0.273601
296 0.273601
297 0.264669
298 0.264669
299 0.264669
300 0.264669
301 0.264669
302 0.264669
303 0.264566
304 0.264566
305 0.255984
306 0.255984
307 0.255984
308 0.255984
309 0.255984
310 0.255984
311 0.25586
312 0.25586
313 0.247299
314 0.247299
315 0.247299
316 0.247299
317 0.247299
318 0.247299
319 0.247196
320 0.247196
321 0.239457
322 0.239457
323 0.239457
324 0.239457
325 0.239457
326 0.239457
327 0.239355
328 0.239355
329 0.23139
330 0.23139
331 0.23139
332 0.23139
333 0.23139
334 0.23139
335 0.231328
336 0.231328
337 0.224063
338 0.224063
339 0.224063
340 0.224063
341 0.224063
342 0.224063
343 0.22396
344 0.22396
345 0.217045
346 0.217045
347 0.217045
348 0.217045
349 0.217045
350 0.217045
351 0.217004
352 0.217004
353 0.209862
354 0.209862
355 0.209862
356 0.209862
357 0.209862
358 0.209862
359 0.20978
360 0.20978
361 0.203174
362 0.203174
363 0.203174
364 0.203174
365 0.203174
366 0.203174
367 0.203029
368 0.203029
369 0.196197
370 0.196197
371 0.196197
372 0.196197
373 0.196197
374 0.196197
375 0.196135
376 0.196135
377 0.189652
378 0.189652
379 0.189652
380 0.189652
381 0.189652
382 0.189652
383 0.189631
384 0.189631
385 0.183457
386 0.183457
387 0.183457
388 0.183457
389 0.183457
390 0.183457
391 0.183437
392 0.183437
393 0.177406
394 0.177406
395 0.177406
396 0.177406
397 0.177406
398 0.177406
399 0.177345
400 0.177345
401 0.171006
402 0.171006
403 0.171006
404 0.171006
405 0.171006
406 0.171006
407 0.170923
408 0.170923
409 0.165202
410 0.165202
411 0.165202
412 0.165202
413 0.165202
414 0.165202
415 0.16514
416 0.16514
417 0.160263
418 0.160263
419 0.160263
420 0.160263
421 0.160263
422 0.160263
423 0.160221
424 0.160221
425 0.154603
426 0.154603
427 0.154603
428 0.154603
429 0.154603
430 0.154603
431 0.154459
432 0.154459
433 0.149808
434 0.149808
435 0.149808
436 0.149808
437 0.149808
438 0.149808
439 0.149725
440 0.149725
441 0.145136
442 0.145136
443 0.145136
444 0.145136
445 0.145136
446 0.145136
447 0.145095
448 0.145095
449 0.140402
450 0.140402
451 0.140402
452 0.140402
453 0.140402
454 0.140402
455 0.14034
456 0.14034
457 0.136121
458 0.136121
459 0.136121
460 0.136121
461 0.136121
462 0.136121
463 0.136039
464 0.136039
465 0.130914
466 0.130914
467 0.130914
468 0.130914
469 0.130914
470 0.130914
471 0.130811
472 0.130811
473 0.12649
474 0.12649
475 0.12649
476 0.12649
477 0.12649
478 0.12649
479 0.126469
480 0.126469
481 0.122415
482 0.122415
483 0.122415
484 0.122415
485 0.122415
486 0.122415
487 0.122353
488 0.122353
489 0.118134
490 0.118134
491 0.118134
492 0.118134
493 0.118134
494 0.118134
495 0.118072
496 0.118072
497 0.114162
498 0.114162
499 0.114162
500 0.114162
501 0.114162
502 0.114162
503 0.114141
504 0.114141
505 0.110807
506 0.110807
507 0.110807
508 0.110807
509 0.110807
510 0.110807
511 0.110725
512 0.110725
513 0.107246
514 0.107246
515 0.107246
516 0.107246
517 0.107246
518 0.107246
519 0.107123
520 0.107123
521 0.103316
522 0.103316
523 0.103316
524 0.103316
525 0.103316
526 0.103316
527 0.103274
528 0.103274
529 0.100373
530 0.100373
531 0.100373
532 0.100373
533 0.100373
534 0.100373
535 0.10029
536 0.10029
537 0.0971825
538 0.0971825
539 0.0971825
540 0.0971825
541 0.0971825
542 0.0971825
543 0.0971825
544 0.0971825
545 0.0947334
546 0.0947334
547 0.0947334
548 0.0947334
549 0.0947334
550 0.0947334
551 0.0946511
552 0.0946511
553 0.0918109
554 0.0918109
555 0.0918109
556 0.0918109
557 0.0918109
558 0.0918109
559 0.0917697
560 0.0917697
561 0.088662
562 0.088662
563 0.088662
564 0.088662
565 0.088662
566 0.088662
567 0.0886209
568 0.0886209
569 0.0858219
570 0.0858219
571 0.0858219
572 0.0858219
573 0.0858219
574 0.0858219
575 0.0858219
576 0.0858219
577 0.0833934
578 0.0833934
579 0.0833934
580 0.0833934
581 0.0833934
582 0.0833934
583 0.0833522
584 0.0833522
585 0.0808208
586 0.0808208
587 0.0808208
588 0.0808208
589 0.0808208
590 0.0808208
591 0.0808002
592 0.0808002
593 0.0781864
594 0.0781864
595 0.0781864
596 0.0781864
597 0.0781864
598 0.0781864
599 0.0781658
600 0.0781658
601 0.0756756
602 0.0756756
603 0.0756756
604 0.0756756
605 0.0756756
606 0.0756756
607 0.075655
608 0.075655
609 0.0733911
610 0.0733911
611 0.0733911
612 0.0733911
613 0.0733911
614 0.0733911
615 0.0733088
616 0.0733088
617 0.0708185
618 0.0708185
619 0.0708185
620 0.0708185
621 0.0708185
622 0.0708185
623 0.0707979
624 0.0707979
625 0.0683694
626 0.0683694
627 0.0683694
628 0.0683694
629 0.0683694
630 0.0683694
631 0.0683488
632 0.0683488
633 0.0666818
634 0.0666818
635 0.0666818
636 0.0666818
637 0.0666818
638 0.0666818
639 0.0665994
640 0.0665994
641 0.0645414
642 0.0645414
643 0.0645414
644 0.0645414
645 0.0645414
646 0.0645414
647 0.0644796
648 0.0644796
649 0.0626479
650 0.0626479
651 0.0626479
652 0.0626479
653 0.0626479
654 0.0626479
655 0.0626273
656 0.0626273
657 0.0605281
658 0.0605281
659 0.0605281
660 0.0605281
661 0.0605281
662 0.0605281
663 0.0604664
664 0.0604664
665 0.0589228
666 0.0589228
667 0.0589228
668 0.0589228
669 0.0589228
670 0.0589228
671 0.0588405
672 0.0588405
673 0.0571117
674 0.0571117
675 0.0571117
676 0.0571117
677 0.0571117
678 0.0571117
679 0.0570499
680 0.0570499
681 0.0555887
682 0.0555887
683 0.0555887
684 0.0555887
685 0.0555887
686 0.0555887
687 0.0555476
688 0.0555476
689 0.0537982
690 0.0537982
691 0.0537982
692 0.0537982
693 0.0537982
694 0.0537982
695 0.0537776
696 0.0537776
697 0.0521311
698 0.0521311
699 0.0521311
700 0.0521311
701 0.0521311
702 0.0521311
703 0.05209
704 0.05209
705 0.05032
706 0.05032
707 0.05032
708 0.05032
709 0.05032
710 0.05032
711 0.0502789
712 0.0502789
713 0.048406
714 0.048406
715 0.048406
716 0.048406
717 0.048406
718 0.048406
719 0.048406
720 0.048406
721 0.0466772
722 0.0466772
723 0.0466772
724 0.0466772
725 0.0466772
726 0.0466772
727 0.0466566
728 0.0466566
729 0.0452572
730 0.0452572
731 0.0452572
732 0.0452572
733 0.0452572
734 0.0452572
735 0.0452366
736 0.0452366
737 0.0436313
738 0.0436313
739 0.0436313
740 0.0436313
741 0.0436313
742 0.0436313
743 0.0436107
744 0.0436107
745 0.0424376
746 0.0424376
747 0.0424376
748 0.0424376
749 0.0424376
750 0.0424376
751 0.0423964
752 0.0423964
753 0.0411822
754 0.0411822
755 0.0411822
756 0.0411822
757 0.0411822
758 0.0411822
759 0.0411616
760 0.0411616
761 0.0398032
762 0.0398032
763 0.0398032
764 0.0398032
765 0.0398032
766 0.0398032
767 0.0397621
768 0.0397621
769 0.0387125
770 0.0387125
771 0.0387125
772 0.0387125
773 0.0387125
774 0.0387125
775 0.0386507
776 0.0386507
777 0.0376628
778 0.0376628
779 0.0376628
780 0.0376628
781 0.0376628
782 0.0376628
783 0.0376628
784 0.0376628
785 0.0363457
786 0.0363457
787 0.0363457
788 0.0363457
789 0.0363457
790 0.0363457
791 0.0363251
792 0.0363251
793 0.0352549
794 0.0352549
795 0.0352549
796 0.0352549
797 0.0352549
798 0.0352549
799 0.0352343
800 0.0352343
801 0.034123
802 0.034123
803 0.034123
804 0.034123
805 0.034123
806 0.034123
807 0.034123
808 0.034123
809 0.0328469
810 0.0328469
811 0.0328469
812 0.0328469
813 0.0328469
814 0.0328469
815 0.0328469
816 0.0328469
817 0.0320443
818 0.0320443
819 0.0320443
820 0.0320443
821 0.0320443
822 0.0320443
823 0.0320031
824 0.0320031
825 0.0309947
826 0.0309947
827 0.0309947
828 0.0309947
829 0.0309947
830 0.0309947
831 0.0309947
832 0.0309947
833 0.030048
834 0.030048
835 0.030048
836 0.030048
837 0.030048
838 0.030048
839 0.030048
840 0.030048
841 0.029163
842 0.029163
843 0.029163
844 0.029163
845 0.029163
846 0.029163
847 0.029163
848 0.029163
849 0.0283397
850 0.0283397
851 0.0283397
852 0.0283397
853 0.0283397
854 0.0283397
855 0.0283397
856 0.0283397
857 0.0273724
858 0.0273724
859 0.0273724
860 0.0273724
861 0.0273724
862 0.0273724
863 0.0273724
864 0.0273724
865 0.0263434
866 0.0263434
867 0.0263434
868 0.0263434
869 0.0263434
870 0.0263434
871 0.0263434
872 0.0263434
873 0.0256848
874 0.0256848
875 0.0256848
876 0.0256848
877 0.0256848
878 0.0256848
879 0.0256848
880 0.0256848
881 0.0249645
882 0.0249645
883 0.0249645
884 0.0249645
885 0.0249645
886 0.0249645
887 0.0249233
888 0.0249233
889 0.0242648
890 0.0242648
891 0.0242648
892 0.0242648
893 0.0242648
894 0.0242648
895 0.0242648
896 0.0242648
897 0.0236679
898 0.0236679
899 0.0236679
900 0.0236679
901 0.0236679
902 0.0236679
903 0.0236473
904 0.0236473
905 0.0229887
906 0.0229887
907 0.0229887
908 0.0229887
909 0.0229887
910 0.0229887
911 0.0229682
912 0.0229682
913 0.0223302
914 0.0223302
915 0.0223302
916 0.0223302
917 0.0223302
918 0.0223302
919 0.0223302
920 0.0223302
921 0.0218568
922 0.0218568
923 0.0218568
924 0.0218568
925 0.0218568
926 0.0218568
927 0.0218362
928 0.0218362
929 0.0212394
930 0.0212394
931 0.0212394
932 0.0212394
933 0.0212394
934 0.0212394
935 0.0212188
936 0.0212188
937 0.0207043
938 0.0207043
939 0.0207043
940 0.0207043
941 0.0207043
942 0.0207043
943 0.0206837
944 0.0206837
945 0.0199839
946 0.0199839
947 0.0199839
948 0.0199839
949 0.0199839
950 0.0199839
951 0.0199839
952 0.0199839
953 0.0194077
954 0.0194077
955 0.0194077
956 0.0194077
957 0.0194077
958 0.0194077
959 0.0193871
960 0.0193871
961 0.0189137
962 0.0189137
963 0.0189137
964 0.0189137
965 0.0189137
966 0.0189137
967 0.0189137
968 0.0189137
969 0.0185639
970 0.0185639
971 0.0185639
972 0.0185639
973 0.0185639
974 0.0185639
975 0.0184815
976 0.0184815
977 0.0180288
978 0.0180288
979 0.0180288
980 0.0180288
981 0.0180288
982 0.0180288
983 0.0180288
984 0.0180288
985 0.0174731
986 0.0174731
987 0.0174731
988 0.0174731
989 0.0174731
990 0.0174731
991 0.0174731
992 0.0174731
993 0.016691
994 0.016691
995 0.016691
996 0.016691
997 0.016691
998 0.016691
999 0.016691
1000 0.016691
1001 0.0161971
1002 0.0161971
1003 0.0161971
1004 0.0161971
1005 0.0161971
1006 0.0161971
1007 0.0161559
1008 0.0161559
1009 0.0156208
1010 0.0156208
1011 0.0156208
1012 0.0156208
1013 0.0156208
1014 0.0156208
1015 0.0156002
1016 0.0156002
1017 0.0150034
1018 0.0150034
1019 0.0150034
1020 0.0150034
1021 0.0150034
1022 0.0150034
1023 0.0150034
1024 0.0150034
1025 0.0146741
1026 0.0146741
1027 0.0146741
1028 0.0146741
1029 0.0146741
1030 0.0146741
1031 0.0146741
1032 0.0146741
1033 0.0142419
1034 0.0142419
1035 0.0142419
1036 0.0142419
1037 0.0142419
1038 0.0142419
1039 0.0142419
1040 0.0142419
1041 0.0138509
1042 0.0138509
1043 0.0138509
1044 0.0138509
1045 0.0138509
1046 0.0138509
1047 0.0138509
1048 0.0138509
1049 0.0133364
1050 0.0133364
1051 0.0133364
1052 0.0133364
1053 0.0133364
1054 0.0133364
1055 0.0132952
1056 0.0132952
1057 0.0127807
1058 0.0127807
1059 0.0127807
1060 0.0127807
1061 0.0127807
1062 0.0127807
1063 0.0127395
1064 0.0127395
1065 0.0124514
1066 0.0124514
1067 0.0124514
1068 0.0124514
1069 0.0124514
1070 0.0124514
1071 0.0124514
1072 0.0124514
1073 0.0121221
1074 0.0121221
1075 0.0121221
1076 0.0121221
1077 0.0121221
1078 0.0121221
1079 0.0121221
1080 0.0121221
1081 0.011731
1082 0.011731
1083 0.011731
1084 0.011731
1085 0.011731
1086 0.011731
1087 0.0117105
1088 0.0117105
1089 0.0114635
1090 0.0114635
1091 0.0114635
1092 0.0114635
1093 0.0114635
1094 0.0114635
1095 0.0114635
1096 0.0114635
1097 0.0111754
1098 0.0111754
1099 0.0111754
1100 0.0111754
1101 0.0111754
1102 0.0111754
1103 0.0111754
1104 0.0111754
1105 0.0109284
1106 0.0109284
1107 0.0109284
1108 0.0109284
1109 0.0109284
1110 0.0109284
1111 0.0109284
1112 0.0109284
1113 0.0106403
1114 0.0106403
1115 0.0106403
1116 0.0106403
1117 0.0106403
1118 0.0106403
1119 0.0106403
1120 0.0106403
1121 0.0103521
1122 0.0103521
1123 0.0103521
1124 0.0103521
1125 0.0103521
1126 0.0103521
1127 0.0103521
1128 0.0103521
1129 0.0100434
1130 0.0100434
1131 0.0100434
1132 0.0100434
1133 0.0100434
1134 0.0100434
1135 0.0100434
1136 0.0100434
1137 0.00981704
1138 0.00981704
1139 0.00981704
1140 0.00981704
1141 0.00981704
1142 0.00981704
1143 0.00981704
1144 0.00981704
1145 0.00965239
1146 0.00965239
1147 0.00965239
1148 0.00965239
1149 0.00965239
1150 0.00965239
1151 0.00965239
1152 0.00965239
1153 0.00940542
1154 0.00940542
1155 0.00940542
1156 0.00940542
1157 0.00940542
1158 0.00940542
1159 0.00938484
1160 0.00938484
1161 0.00915845
1162 0.00915845
1163 0.00915845
1164 0.00915845
1165 0.00915845
1166 0.00915845
1167 0.00915845
1168 0.00915845
1169 0.0088909
1170 0.0088909
1171 0.0088909
1172 0.0088909
1173 0.0088909
1174 0.0088909
1175 0.00887032
1176 0.00887032
1177 0.00868509
1178 0.00868509
1179 0.00868509
1180 0.00868509
1181 0.00868509
1182 0.00868509
1183 0.00866451
1184 0.00866451
1185 0.00852045
1186 0.00852045
1187 0.00852045
1188 0.00852045
1189 0.00852045
1190 0.00852045
1191 0.00849987
1192 0.00849987
1193 0.0083558
1194 0.0083558
1195 0.0083558
1196 0.0083558
1197 0.0083558
1198 0.0083558
1199 0.0083558
1200 0.0083558
1201 0.00819115
1202 0.00819115
1203 0.00819115
1204 0.00819115
1205 0.00819115
1206 0.00819115
1207 0.00819115
1208 0.00819115
1209 0.00798535
1210 0.00798535
1211 0.00798535
1212 0.00798535
1213 0.00798535
1214 0.00798535
1215 0.00798535
1216 0.00798535
1217 0.00775896
1218 0.00775896
1219 0.00775896
1220 0.00775896
1221 0.00775896
1222 0.00775896
1223 0.00773838
1224 0.00773838
1225 0.00745025
1226 0.00745025
1227 0.00745025
1228 0.00745025
1229 0.00745025
1230 0.00745025
1231 0.00745025
1232 0.00745025
1233 0.00720328
1234 0.00720328
1235 0.00720328
1236 0.00720328
1237 0.00720328
1238 0.00720328
1239 0.0071827
1240 0.0071827
1241 0.00695631
1242 0.00695631
1243 0.00695631
1244 0.00695631
1245 0.00695631
1246 0.00695631
1247 0.00695631
1248 0.00695631
1249 0.00677108
1250 0.00677108
1251 0.00677108
1252 0.00677108
1253 0.00677108
1254 0.00677108
1255 0.00677108
1256 0.00677108
1257 0.00654469
1258 0.00654469
1259 0.00654469
1260 0.00654469
1261 0.00654469
1262 0.00654469
1263 0.00652411
1264 0.00652411
1265 0.00635946
1266 0.00635946
1267 0.00635946
1268 0.00635946
1269 0.00635946
1270 0.00635946
1271 0.00633888
1272 0.00633888
1273 0.00619482
1274 0.00619482
1275 0.00619482
1276 0.00619482
1277 0.00619482
1278 0.00619482
1279 0.00619482
1280 0.00619482
1281 0.00600959
1282 0.00600959
1283 0.00600959
1284 0.00600959
1285 0.00600959
1286 0.00600959
1287 0.00600959
1288 0.00600959
1289 0.00588611
1290 0.00588611
1291 0.00588611
1292 0.00588611
1293 0.00588611
1294 0.00588611
1295 0.00588611
1296 0.00588611
1297 0.00570088
1298 0.00570088
1299 0.00570088
1300 0.00570088
1301 0.00570088
1302 0.00570088
1303 0.0056803
1304 0.0056803
1305 0.00549507
1306 0.00549507
1307 0.00549507
1308 0.00549507
1309 0.00549507
1310 0.00549507
1311 0.00549507
1312 0.00549507
1313 0.00533042
1314 0.00533042
1315 0.00533042
1316 0.00533042
1317 0.00533042
1318 0.00533042
1319 0.00533042
1320 0.00533042
1321 0.00506287
1322 0.00506287
1323 0.00506287
1324 0.00506287
1325 0.00506287
1326 0.00506287
1327 0.00506287
1328 0.00506287
1329 0.00495997
1330 0.00495997
1331 0.00495997
1332 0.00495997
1333 0.00495997
1334 0.00495997
1335 0.00495997
1336 0.00495997
1337 0.00475416
1338 0.00475416
1339 0.00475416
1340 0.00475416
1341 0.00475416
1342 0.00475416
1343 0.00473358
1344 0.00473358
1345 0.00450719
1346 0.00450719
1347 0.00450719
1348 0.00450719
1349 0.00450719
1350 0.00450719
1351 0.00450719
1352 0.00450719
1353 0.00438371
1354 0.00438371
1355 0.00438371
1356 0.00438371
1357 0.00438371
1358 0.00438371
1359 0.00438371
1360 0.00438371
1361 0.00419848
1362 0.00419848
1363 0.00419848
1364 0.00419848
1365 0.00419848
1366 0.00419848
1367 0.00419848
1368 0.00419848
1369 0.00403383
1370 0.00403383
1371 0.00403383
1372 0.00403383
1373 0.00403383
1374 0.00403383
1375 0.00403383
1376 0.00403383
1377 0.00395151
1378 0.00395151
1379 0.00395151
1380 0.00395151
1381 0.00395151
1382 0.00395151
1383 0.00395151
1384 0.00395151
1385 0.00386919
1386 0.00386919
1387 0.00386919
1388 0.00386919
1389 0.00386919
1390 0.00386919
1391 0.00386919
1392 0.00386919
1393 0.0037457
1394 0.0037457
1395 0.0037457
1396 0.0037457
1397 0.0037457
1398 0.0037457
1399 0.0037457
1400 0.0037457
1401 0.00358106
1402 0.00358106
1403 0.00358106
1404 0.00358106
1405 0.00358106
1406 0.00358106
1407 0.00358106
1408 0.00358106
1409 0.00339583
1410 0.00339583
1411 0.00339583
1412 0.00339583
1413 0.00339583
1414 0.00339583
1415 0.00339583
1416 0.00339583
1417 0.00329293
1418 0.00329293
1419 0.00329293
1420 0.00329293
1421 0.00329293
1422 0.00329293
1423 0.00329293
1424 0.00329293
1425 0.00316944
1426 0.00316944
1427 0.00316944
1428 0.00316944
1429 0.00316944
1430 0.00316944
1431 0.00316944
1432 0.00316944
1433 0.00306654
1434 0.00306654
1435 0.00306654
1436 0.00306654
1437 0.00306654
1438 0.00306654
1439 0.00304596
1440 0.00304596
1441 0.00296363
1442 0.00296363
1443 0.00296363
1444 0.00296363
1445 0.00296363
1446 0.00296363
1447 0.00296363
1448 0.00296363
1449 0.00279899
1450 0.00279899
1451 0.00279899
1452 0.00279899
1453 0.00279899
1454 0.00279899
1455 0.00279899
1456 0.00279899
1457 0.00265492
1458 0.00265492
1459 0.00265492
1460 0.00265492
1461 0.00265492
1462 0.00265492
1463 0.00265492
1464 0.00265492
1465 0.00259318
1466 0.00259318
1467 0.00259318
1468 0.00259318
1469 0.00259318
1470 0.00259318
1471 0.00259318
1472 0.00259318
1473 0.00244911
1474 0.00244911
1475 0.00244911
1476 0.00244911
1477 0.00244911
1478 0.00244911
1479 0.00244911
1480 0.00244911
1481 0.00228447
1482 0.00228447
1483 0.00228447
1484 0.00228447
1485 0.00228447
1486 0.00228447
1487 0.00228447
1488 0.00228447
1489 0.00222273
1490 0.00222273
1491 0.00222273
1492 0.00222273
1493 0.00222273
1494 0.00222273
1495 0.00222273
1496 0.00222273
1497 0.00220214
1498 0.00220214
1499 0.00220214
1500 0.00220214
1501 0.00220214
1502 0.00220214
1503 0.00220214
1504 0.00220214
1505 0.00218156
1506 0.00218156
1507 0.00218156
1508 0.00218156
1509 0.00218156
1510 0.00218156
1511 0.00218156
1512 0.00218156
1513 0.0021404
1514 0.0021404
1515 0.0021404
1516 0.0021404
1517 0.0021404
1518 0.0021404
1519 0.0021404
1520 0.0021404
1521 0.00207866
1522 0.00207866
1523 0.00207866
1524 0.00207866
1525 0.00207866
1526 0.00207866
1527 0.00207866
1528 0.00207866
1529 0.00199634
1530 0.00199634
1531 0.00199634
1532 0.00199634
1533 0.00199634
1534 0.00199634
1535 0.00199634
1536 0.00199634
1537 0.00193459
1538 0.00193459
1539 0.00193459
1540 0.00193459
1541 0.00193459
1542 0.00193459
1543 0.00193459
1544 0.00193459
1545 0.00185227
1546 0.00185227
1547 0.00185227
1548 0.00185227
1549 0.00185227
1550 0.00185227
1551 0.00183169
1552 0.00183169
1553 0.00176995
1554 0.00176995
1555 0.00176995
1556 0.00176995
1557 0.00176995
1558 0.00176995
1559 0.00176995
1560 0.00176995
1561 0.00172879
1562 0.00172879
1563 0.00172879
1564 0.00172879
1565 0.00172879
1566 0.00172879
1567 0.00172879
1568 0.00172879
1569 0.00170821
1570 0.00170821
1571 0.00170821
1572 0.00170821
1573 0.00170821
1574 0.00170821
1575 0.00170821
1576 0.00170821
1577 0.00168762
1578 0.00168762
1579 0.00168762
1580 0.00168762
1581 0.00168762
1582 0.00168762
1583 0.00168762
1584 0.00168762
1585 0.00166704
1586 0.00166704
1587 0.00166704
1588 0.00166704
1589 0.00166704
1590 0.00166704
1591 0.00166704
1592 0.00166704
1593 0.0016053
1594 0.0016053
1595 0.0016053
1596 0.0016053
1597 0.0016053
1598 0.0016053
1599 0.00158472
1600 0.00158472
1601 0.00154356
1602 0.00154356
1603 0.00154356
1604 0.00154356
1605 0.00154356
1606 0.00154356
1607 0.00154356
1608 0.00154356
1609 0.0015024
1610 0.0015024
1611 0.0015024
1612 0.0015024
1613 0.0015024
1614 0.0015024
1615 0.0015024
1616 0.0015024
1617 0.00144066
1618 0.00144066
1619 0.00144066
1620 0.00144066
1621 0.00144066
1622 0.00144066
1623 0.00144066
1624 0.00144066
1625 0.00135833
1626 0.00135833
1627 0.00135833
1628 0.00135833
1629 0.00135833
1630 0.00135833
1631 0.00131717
1632 0.00131717
1633 0.00127601
1634 0.00127601
1635 0.00127601
1636 0.00127601
1637 0.00127601
1638 0.00127601
1639 0.00127601
1640 0.00127601
1641 0.00125543
1642 0.00125543
1643 0.00125543
1644 0.00125543
1645 0.00125543
1646 0.00125543
1647 0.00125543
1648 0.00125543
1649 0.00123485
1650 0.00123485
1651 0.00123485
1652 0.00123485
1653 0.00123485
1654 0.00123485
1655 0.00123485
1656 0.00123485
1657 0.00123485
1658 0.00123485
1659 0.00123485
1660 0.00123485
1661 0.00123485
1662 0.00123485
1663 0.00123485
1664 0.00123485
1665 0.00115252
1666 0.00115252
1667 0.00115252
1668 0.00115252
1669 0.00115252
1670 0.00115252
1671 0.00115252
1672 0.00115252
1673 0.00111136
1674 0.00111136
1675 0.00111136
1676 0.00111136
1677 0.00111136
1678 0.00111136
1679 0.00111136
1680 0.00111136
1681 0.00104962
1682 0.00104962
1683 0.00104962
1684 0.00104962
1685 0.00104962
1686 0.00104962
1687 0.00104962
1688 0.00104962
1689 0.00102904
1690 0.00102904
1691 0.00102904
1692 0.00102904
1693 0.00102904
1694 0.00102904
1695 0.00102904
1696 0.00102904
1697 0.000987878
1698 0.000987878
1699 0.000987878
1700 0.000987878
1701 0.000987878
1702 0.000987878
1703 0.000987878
1704 0.000987878
1705 0.000946716
1706 0.000946716
1707 0.000946716
1708 0.000946716
1709 0.000946716
1710 0.000946716
1711 0.000946716
1712 0.000946716
1713 0.000946716
1714 0.000946716
1715 0.000946716
1716 0.000946716
1717 0.000946716
1718 0.000946716
1719 0.000946716
1720 0.000946716
1721 0.000946716
1722 0.000946716
1723 0.000946716
1724 0.000946716
1725 0.000946716
1726 0.000946716
1727 0.000946716
1728 0.000946716
1729 0.000946716
1730 0.000946716
1731 0.000946716
1732 0.000946716
1733 0.000946716
1734 0.000946716
1735 0.000946716
1736 0.000946716
1737 0.000926136
1738 0.000926136
1739 0.000926136
1740 0.000926136
1741 0.000926136
1742 0.000926136
1743 0.000926136
1744 0.000926136
1745 0.000905555
1746 0.000905555
1747 0.000905555
1748 0.000905555
1749 0.000905555
1750 0.000905555
1751 0.000905555
1752 0.000905555
1753 0.000884974
1754 0.000884974
1755 0.000884974
1756 0.000884974
1757 0.000884974
1758 0.000884974
1759 0.000884974
1760 0.000884974
1761 0.000884974
1762 0.000884974
1763 0.000884974
1764 0.000884974
1765 0.000884974
1766 0.000884974
1767 0.000884974
1768 0.000884974
1769 0.000843812
1770 0.000843812
1771 0.000843812
1772 0.000843812
1773 0.000843812
1774 0.000843812
1775 0.000843812
1776 0.000843812
1777 0.000823232
1778 0.000823232
1779 0.000823232
1780 0.000823232
1781 0.000823232
1782 0.000823232
1783 0.000823232
1784 0.000823232
1785 0.000802651
1786 0.000802651
1787 0.000802651
1788 0.000802651
1789 0.000802651
1790 0.000802651
1791 0.000802651
1792 0.000802651
1793 0.000761489
1794 0.000761489
1795 0.000761489
1796 0.000761489
1797 0.000761489
1798 0.000761489
1799 0.000761489
1800 0.000761489
1801 0.000761489
1802 0.000761489
1803 0.000761489
1804 0.000761489
1805 0.000761489
1806 0.000761489
1807 0.000761489
1808 0.000761489
1809 0.000740908
1810 0.000740908
1811 0.000740908
1812 0.000740908
1813 0.000740908
1814 0.000740908
1815 0.000740908
1816 0.000740908
1817 0.000720328
1818 0.000720328
1819 0.000720328
1820 0.000720328
1821 0.000720328
1822 0.000720328
1823 0.000720328
1824 0.000720328
1825 0.000720328
1826 0.000720328
1827 0.000720328
1828 0.000720328
1829 0.000720328
1830 0.000720328
1831 0.000720328
1832 0.000720328
1833 0.000699747
1834 0.000699747
1835 0.000699747
1836 0.000699747
1837 0.000699747
1838 0.000699747
1839 0.000699747
1840 0.000699747
1841 0.000699747
1842 0.000699747
1843 0.000699747
1844 0.000699747
1845 0.000699747
1846 0.000699747
1847 0.000658585
1848 0.000658585
1849 0.000617424
1850 0.000617424
1851 0.000617424
1852 0.000617424
1853 0.000617424
1854 0.000617424
1855 0.000617424
1856 0.000617424
1857 0.000596843
1858 0.000596843
1859 0.000596843
1860 0.000596843
1861 0.000596843
1862 0.000596843
1863 0.000596843
1864 0.000596843
1865 0.000596843
1866 0.000596843
1867 0.000596843
1868 0.000596843
1869 0.000596843
1870 0.000596843
1871 0.000596843
1872 0.000596843
1873 0.000576262
1874 0.000576262
1875 0.000576262
1876 0.000576262
1877 0.000576262
1878 0.000576262
1879 0.000576262
1880 0.000576262
1881 0.000555681
1882 0.000555681
1883 0.000555681
1884 0.000555681
1885 0.000555681
1886 0.000555681
1887 0.000555681
1888 0.000555681
1889 0.000555681
1890 0.000555681
1891 0.000555681
1892 0.000555681
1893 0.000555681
1894 0.000555681
1895 0.000555681
1896 0.000555681
1897 0.000555681
1898 0.000555681
1899 0.000555681
1900 0.000555681
1901 0.000555681
1902 0.000555681
1903 0.000555681
1904 0.000555681
1905 0.000555681
1906 0.000555681
1907 0.000555681
1908 0.000555681
1909 0.000555681
1910 0.000555681
1911 0.000555681
1912 0.000555681
1913 0.000555681
1914 0.000555681
1915 0.000555681
1916 0.000555681
1917 0.000555681
1918 0.000555681
1919 0.000555681
1920 0.000555681
1921 0.000555681
1922 0.000555681
1923 0.000555681
1924 0.000555681
1925 0.000555681
1926 0.000555681
1927 0.000555681
1928 0.000555681
1929 0.00051452
1930 0.00051452
1931 0.00051452
1932 0.00051452
1933 0.00051452
1934 0.00051452
1935 0.00051452
1936 0.00051452
1937 0.00051452
1938 0.00051452
1939 0.00051452
1940 0.00051452
1941 0.00051452
1942 0.00051452
1943 0.00051452
1944 0.00051452
1945 0.00051452
1946 0.00051452
1947 0.00051452
1948 0.00051452
1949 0.00051452
1950 0.00051452
1951 0.00051452
1952 0.00051452
1953 0.00051452
1954 0.00051452
1955 0.00051452
1956 0.00051452
1957 0.00051452
1958 0.00051452
1959 0.00051452
1960 0.00051452
1961 0.00051452
1962 0.00051452
1963 0.00051452
1964 0.00051452
1965 0.00051452
1966 0.00051452
1967 0.00051452
1968 0.00051452
1969 0.000473358
1970 0.000473358
1971 0.000473358
1972 0.000473358
1973 0.000473358
1974 0.000473358
1975 0.000473358
1976 0.000473358
1977 0.000452777
1978 0.000452777
1979 0.000452777
1980 0.000452777
1981 0.000452777
1982 0.000452777
1983 0.000452777
1984 0.000452777
1985 0.000452777
1986 0.000452777
1987 0.000452777
1988 0.000452777
1989 0.000452777
1990 0.000452777
1991 0.000452777
1992 0.000452777
1993 0.000432197
1994 0.000432197
1995 0.000432197
1996 0.000432197
1997 0.000432197
1998 0.000432197
1999 0.000432197
2000 0.000432197
2001 0.000411616
2002 0.000411616
2003 0.000411616
2004 0.000411616
2005 0.000411616
2006 0.000411616
2007 0.000411616
2008 0.000411616
2009 0.000411616
2010 0.000411616
2011 0.000411616
2012 0.000411616
2013 0.000411616
2014 0.000411616
2015 0.000411616
2016 0.000411616
2017 0.000391035
2018 0.000391035
2019 0.000391035
2020 0.000391035
2021 0.000391035
2022 0.000391035
2023 0.000391035
2024 0.000391035
2025 0.000370454
2026 0.000370454
2027 0.000370454
2028 0.000370454
2029 0.000370454
2030 0.000370454
2031 0.000370454
2032 0.000370454
2033 0.000370454
2034 0.000370454
2035 0.000370454
2036 0.000370454
2037 0.000370454
2038 0.000370454
2039 0.000370454
2040 0.000370454
2041 0.000370454
2042 0.000370454
2043 0.000370454
2044 0.000370454
2045 0.000370454
2046 0.000370454
2047 0.000370454
2048 0.000370454
2049 0.000370454
2050 0.000370454
2051 0.000370454
2052 0.000370454
2053 0.000370454
2054 0.000370454
2055 0.000370454
2056 0.000370454
2057 0.000370454
2058 0.000370454
2059 0.000370454
2060 0.000370454
2061 0.000370454
2062 0.000370454
2063 0.000370454
2064 0.000370454
2065 0.000349873
2066 0.000349873
2067 0.000349873
2068 0.000349873
2069 0.000349873
2070 0.000349873
2071 0.000349873
2072 0.000349873
2073 0.000329293
2074 0.000329293
2075 0.000329293
2076 0.000329293
2077 0.000329293
2078 0.000329293
2079 0.000329293
2080 0.000329293
2081 0.000308712
2082 0.000308712
2083 0.000308712
2084 0.000308712
2085 0.000308712
2086 0.000308712
2087 0.000308712
2088 0.000308712
2089 0.000288131
2090 0.000288131
2091 0.000288131
2092 0.000288131
2093 0.000288131
2094 0.000288131
2095 0.000288131
2096 0.000288131
2097 0.00026755
2098 0.00026755
2099 0.00026755
2100 0.00026755
2101 0.00026755
2102 0.00026755
2103 0.00026755
2104 0.00026755
2105 0.00026755
2106 0.00026755
2107 0.00026755
2108 0.00026755
2109 0.00026755
2110 0.00026755
2111 0.00026755
2112 0.00026755
2113 0.00026755
2114 0.00026755
2115 0.00026755
2116 0.00026755
2117 0.00026755
2118 0.00026755
2119 0.00026755
2120 0.00026755
2121 0.00026755
2122 0.00026755
2123 0.00026755
2124 0.00026755
2125 0.00026755
2126 0.00026755
2127 0.00026755
2128 0.00026755
2129 0.00026755
2130 0.00026755
2131 0.00026755
2132 0.00026755
2133 0.00026755
2134 0.00026755
2135 0.00026755
2136 0.00026755
2137 0.000246969
2138 0.000246969
2139 0.000246969
2140 0.000246969
2141 0.000246969
2142 0.000246969
2143 0.000246969
2144 0.000246969
2145 0.000246969
2146 0.000246969
2147 0.000246969
2148 0.000246969
2149 0.000246969
2150 0.000246969
2151 0.000246969
2152 0.000246969
2153 0.000226389
2154 0.000226389
2155 0.000226389
2156 0.000226389
2157 0.000226389
2158 0.000226389
2159 0.000226389
2160 0.000226389
2161 0.000226389
2162 0.000226389
2163 0.000226389
2164 0.000226389
2165 0.000226389
2166 0.000226389
2167 0.000226389
2168 0.000226389
2169 0.000226389
2170 0.000226389
2171 0.000226389
2172 0.000226389
2173 0.000226389
2174 0.000226389
2175 0.000226389
2176 0.000226389
2177 0.000205808
2178 0.000205808
2179 0.000205808
2180 0.000205808
2181 0.000205808
2182 0.000205808
2183 0.000205808
2184 0.000205808
2185 0.000205808
2186 0.000205808
2187 0.000205808
2188 0.000205808
2189 0.000205808
2190 0.000205808
2191 0.000205808
2192 0.000205808
2193 0.000205808
2194 0.000205808
2195 0.000205808
2196 0.000205808
2197 0.000205808
2198 0.000205808
2199 0.000205808
2200 0.000205808
2201 0.000205808
2202 0.000205808
2203 0.000205808
2204 0.000205808
2205 0.000205808
2206 0.000205808
2207 0.000205808
2208 0.000205808
2209 0.000185227
2210 0.000185227
2211 0.000185227
2212 0.000185227
2213 0.000185227
2214 0.000185227
2215 0.000185227
2216 0.000185227
2217 0.000185227
2218 0.000185227
2219 0.000185227
2220 0.000185227
2221 0.000185227
2222 0.000185227
2223 0.000185227
2224 0.000185227
2225 0.000144066
2226 0.000144066
2227 0.000144066
2228 0.000144066
2229 0.000144066
2230 0.000144066
2231 0.000144066
2232 0.000144066
2233 0.000144066
2234 0.000144066
2235 0.000144066
2236 0.000144066
2237 0.000144066
2238 0.000144066
2239 0.000144066
2240 0.000144066
2241 0.000144066
2242 0.000144066
2243 0.000144066
2244 0.000144066
2245 0.000144066
2246 0.000144066
2247 0.000144066
2248 0.000144066
2249 0.000144066
2250 0.000144066
2251 0.000144066
2252 0.000144066
2253 0.000144066
2254 0.000144066
2255 0.000144066
2256 0.000144066
2257 0.000144066
2258 0.000144066
2259 0.000144066
2260 0.000144066
2261 0.000144066
2262 0.000144066
2263 0.000144066
2264 0.000144066
2265 0.000123485
2266 0.000123485
2267 0.000123485
2268 0.000123485
2269 0.000123485
2270 0.000123485
2271 0.000123485
2272 0.000123485
2273 0.000102904
2274 0.000102904
2275 0.000102904
2276 0.000102904
2277 0.000102904
2278 0.000102904
2279 0.000102904
2280 0.000102904
2281 0.000102904
2282 0.000102904
2283 0.000102904
2284 0.000102904
2285 0.000102904
2286 0.000102904
2287 0.000102904
2288 0.000102904
2289 0.000102904
2290 0.000102904
2291 0.000102904
2292 0.000102904
2293 0.000102904
2294 0.000102904
2295 0.000102904
2296 0.000102904
2297 0.000102904
2298 0.000102904
2299 0.000102904
2300 0.000102904
2301 0.000102904
2302 0.000102904
2303 0.000102904
2304 0.000102904
2305 0.000102904
2306 0.000102904
2307 0.000102904
2308 0.000102904
2309 0.000102904
2310 0.000102904
2311 0.000102904
2312 0.000102904
2313 0.000102904
2314 0.000102904
2315 0.000102904
2316 0.000102904
2317 0.000102904
2318 0.000102904
2319 0.000102904
2320 0.000102904
2321 0.000102904
2322 0.000102904
2323 0.000102904
2324 0.000102904
2325 0.000102904
2326 0.000102904
2327 0.000102904
2328 0.000102904
2329 0.000102904
2330 0.000102904
2331 0.000102904
2332 0.000102904
2333 0.000102904
2334 0.000102904
2335 0.000102904
2336 0.000102904
2337 0.000102904
2338 0.000102904
2339 0.000102904
2340 0.000102904
2341 0.000102904
2342 0.000102904
2343 0.000102904
2344 0.000102904
2345 0.000102904
2346 0.000102904
2347 0.000102904
2348 0.000102904
2349 0.000102904
2350 0.000102904
2351 0.000102904
2352 0.000102904
2353 0.000102904
2354 0.000102904
2355 0.000102904
2356 0.000102904
2357 0.000102904
2358 0.000102904
2359 0.000102904
2360 0.000102904
2361 0.000102904
2362 0.000102904
2363 0.000102904
2364 0.000102904
2365 0.000102904
2366 0.000102904
2367 0.000102904
2368 0.000102904
2369 0.000102904
2370 0.000102904
2371 0.000102904
2372 0.000102904
2373 0.000102904
2374 0.000102904
2375 0.000102904
2376 0.000102904
2377 0.000102904
2378 0.000102904
2379 0.000102904
2380 0.000102904
2381 0.000102904
2382 0.000102904
2383 0.000102904
2384 0.000102904
2385 0.000102904
2386 0.000102904
2387 0.000102904
2388 0.000102904
2389 0.000102904
2390 0.000102904
2391 0.000102904
2392 0.000102904
2393 0.000102904
2394 0.000102904
2395 0.000102904
2396 0.000102904
2397 0.000102904
2398 0.000102904
2399 0.000102904
2400 0.000102904
2401 0.000102904
2402 0.000102904
2403 0.000102904
2404 0.000102904
2405 0.000102904
2406 0.000102904
2407 0.000102904
2408 0.000102904
2409 0.000102904
2410 0.000102904
2411 0.000102904
2412 0.000102904
2413 0.000102904
2414 0.000102904
2415 0.000102904
2416 0.000102904
2417 0.000102904
2418 0.000102904
2419 0.000102904
2420 0.000102904
2421 0.000102904
2422 0.000102904
2423 0.000102904
2424 0.000102904
2425 0.000102904
2426 0.000102904
2427 0.000102904
2428 0.000102904
2429 0.000102904
2430 0.000102904
2431 0.000102904
2432 0.000102904
2433 0.000102904
2434 0.000102904
2435 0.000102904
2436 0.000102904
2437 0.000102904
2438 0.000102904
2439 0.000102904
2440 0.000102904
2441 0.000102904
2442 0.000102904
2443 0.000102904
2444 0.000102904
2445 0.000102904
2446 0.000102904
2447 0.000102904
2448 0.000102904
2449 0.000102904
2450 0.000102904
2451 0.000102904
2452 0.000102904
2453 0.000102904
2454 0.000102904
2455 0.000102904
2456 0.000102904
2457 0.000102904
2458 0.000102904
2459 0.000102904
2460 0.000102904
2461 0.000102904
2462 0.000102904
2463 0.000102904
2464 0.000102904
2465 0.000102904
2466 0.000102904
2467 0.000102904
2468 0.000102904
2469 0.000102904
2470 0.000102904
2471 0.000102904
2472 0.000102904
2473 0.000102904
2474 0.000102904
2475 0.000102904
2476 0.000102904
2477 0.000102904
2478 0.000102904
2479 0.000102904
2480 0.000102904
2481 8.23232e-05
2482 8.23232e-05
2483 8.23232e-05
2484 8.23232e-05
2485 8.23232e-05
2486 8.23232e-05
2487 8.23232e-05
2488 8.23232e-05
2489 8.23232e-05
2490 8.23232e-05
2491 8.23232e-05
2492 8.23232e-05
2493 8.23232e-05
2494 8.23232e-05
2495 8.23232e-05
2496 8.23232e-05
2497 8.23232e-05
2498 8.23232e-05
2499 8.23232e-05
2500 8.23232e-05
2501 8.23232e-05
2502 8.23232e-05
2503 8.23232e-05
2504 8.23232e-05
2505 8.23232e-05
2506 8.23232e-05
2507 8.23232e-05
2508 8.23232e-05
2509 8.23232e-05
2510 8.23232e-05
2511 8.23232e-05
2512 8.23232e-05
2513 8.23232e-05
2514 8.23232e-05
2515 8.23232e-05
2516 8.23232e-05
2517 8.23232e-05
2518 8.23232e-05
2519 8.23232e-05
2520 8.23232e-05
2521 6.17424e-05
2522 6.17424e-05
2523 6.17424e-05
2524 6.17424e-05
2525 6.17424e-05
2526 6.17424e-05
2527 6.17424e-05
2528 6.17424e-05
2529 6.17424e-05
2530 6.17424e-05
2531 6.17424e-05
2532 6.17424e-05
2533 6.17424e-05
2534 6.17424e-05
2535 6.17424e-05
2536 6.17424e-05
2537 6.17424e-05
2538 6.17424e-05
2539 6.17424e-05
2540 6.17424e-05
2541 6.17424e-05
2542 6.17424e-05
2543 6.17424e-05
2544 6.17424e-05
2545 6.17424e-05
2546 6.17424e-05
2547 6.17424e-05
2548 6.17424e-05
2549 6.17424e-05
2550 6.17424e-05
2551 6.17424e-05
2552 6.17424e-05
2553 6.17424e-05
2554 6.17424e-05
2555 6.17424e-05
2556 6.17424e-05
2557 6.17424e-05
2558 6.17424e-05
2559 6.17424e-05
2560 6.17424e-05
2561 6.17424e-05
2562 6.17424e-05
2563 6.17424e-05
2564 6.17424e-05
2565 6.17424e-05
2566 6.17424e-05
2567 6.17424e-05
2568 6.17424e-05
2569 4.11616e-05
2570 4.11616e-05
2571 4.11616e-05
2572 4.11616e-05
2573 4.11616e-05
2574 4.11616e-05
2575 4.11616e-05
2576 4.11616e-05
2577 4.11616e-05
2578 4.11616e-05
2579 4.11616e-05
2580 4.11616e-05
2581 4.11616e-05
2582 4.11616e-05
2583 4.11616e-05
2584 4.11616e-05
2585 4.11616e-05
2586 4.11616e-05
2587 4.11616e-05
2588 4.11616e-05
2589 4.11616e-05
2590 4.11616e-05
2591 4.11616e-05
2592 4.11616e-05
2593 4.11616e-05
2594 4.11616e-05
2595 4.11616e-05
2596 4.11616e-05
2597 4.11616e-05
2598 4.11616e-05
2599 4.11616e-05
2600 4.11616e-05
2601 4.11616e-05
2602 4.11616e-05
2603 4.11616e-05
2604 4.11616e-05
2605 4.11616e-05
2606 4.11616e-05
2607 4.11616e-05
2608 4.11616e-05
2609 4.11616e-05
2610 4.11616e-05
2611 4.11616e-05
2612 4.11616e-05
2613 4.11616e-05
2614 4.11616e-05
2615 4.11616e-05
2616 4.11616e-05
2617 4.11616e-05
2618 4.11616e-05
2619 4.11616e-05
2620 4.11616e-05
2621 4.11616e-05
2622 4.11616e-05
2623 4.11616e-05
2624 4.11616e-05
2625 4.11616e-05
2626 4.11616e-05
2627 4.11616e-05
2628 4.11616e-05
2629 4.11616e-05
2630 4.11616e-05
2631 4.11616e-05
2632 4.11616e-05
2633 4.11616e-05
2634 4.11616e-05
2635 4.11616e-05
2636 4.11616e-05
2637 4.11616e-05
2638 4.11616e-05
2639 4.11616e-05
2640 4.11616e-05
2641 4.11616e-05
2642 4.11616e-05
2643 4.11616e-05
2644 4.11616e-05
2645 4.11616e-05
2646 4.11616e-05
2647 4.11616e-05
2648 4.11616e-05
2649 4.11616e-05
2650 4.11616e-05
2651 4.11616e-05
2652 4.11616e-05
2653 4.11616e-05
2654 4.11616e-05
2655 4.11616e-05
2656 4.11616e-05
2657 4.11616e-05
2658 4.11616e-05
2659 4.11616e-05
2660 4.11616e-05
2661 4.11616e-05
2662 4.11616e-05
2663 4.11616e-05
2664 4.11616e-05
2665 4.11616e-05
2666 4.11616e-05
2667 4.11616e-05
2668 4.11616e-05
2669 4.11616e-05
2670 4.11616e-05
2671 4.11616e-05
2672 4.11616e-05
2673 4.11616e-05
2674 4.11616e-05
2675 4.11616e-05
2676 4.11616e-05
2677 4.11616e-05
2678 4.11616e-05
2679 4.11616e-05
2680 4.11616e-05
2681 4.11616e-05
2682 4.11616e-05
2683 4.11616e-05
2684 4.11616e-05
2685 4.11616e-05
2686 4.11616e-05
2687 4.11616e-05
2688 4.11616e-05
2689 4.11616e-05
2690 4.11616e-05
2691 4.11616e-05
2692 4.11616e-05
2693 4.11616e-05
2694 4.11616e-05
2695 4.11616e-05
2696 4.11616e-05
2697 4.11616e-05
2698 4.11616e-05
2699 4.11616e-05
2700 4.11616e-05
2701 4.11616e-05
2702 4.11616e-05
2703 4.11616e-05
2704 4.11616e-05
2705 4.11616e-05
2706 4.11616e-05
2707 4.11616e-05
2708 4.11616e-05
2709 4.11616e-05
2710 4.11616e-05
2711 4.11616e-05
2712 4.11616e-05
2713 4.11616e-05
2714 4.11616e-05
2715 4.11616e-05
2716 4.11616e-05
2717 4.11616e-05
2718 4.11616e-05
2719 4.11616e-05
2720 4.11616e-05
2721 4.11616e-05
2722 4.11616e-05
2723 4.11616e-05
2724 4.11616e-05
2725 4.11616e-05
2726 4.11616e-05
2727 4.11616e-05
2728 4.11616e-05
2729 4.11616e-05
2730 4.11616e-05
2731 4.11616e-05
2732 4.11616e-05
2733 4.11616e-05
2734 4.11616e-05
2735 4.11616e-05
2736 4.11616e-05
2737 4.11616e-05
2738 4.11616e-05
2739 4.11616e-05
2740 4.11616e-05
2741 4.11616e-05
2742 4.11616e-05
2743 4.11616e-05
2744 4.11616e-05
2745 4.11616e-05
2746 4.11616e-05
2747 4.11616e-05
2748 4.11616e-05
2749 4.11616e-05
2750 4.11616e-05
2751 4.11616e-05
2752 4.11616e-05
2753 4.11616e-05
2754 4.11616e-05
2755 4.11616e-05
2756 4.11616e-05
2757 4.11616e-05
2758 4.11616e-05
2759 4.11616e-05
2760 4.11616e-05
2761 4.11616e-05
2762 4.11616e-05
2763 4.11616e-05
2764 4.11616e-05
2765 4.11616e-05
2766 4.11616e-05
2767 4.11616e-05
2768 4.11616e-05
2769 2.05808e-05
2770 2.05808e-05
2771 2.05808e-05
2772 2.05808e-05
2773 2.05808e-05
2774 2.05808e-05
2775 2.05808e-05
2776 2.05808e-05
