0 1
1 1
2 1
3 1
4 1
5 1
6 1
7 1
8 1
9 0.949951
10 0.900973
11 0.857355
12 0.816788
13 0.775808
14 0.736313
15 0.701022
16 0.664825
17 0.628381
18 0.595152
19 0.564974
20 0.537434
21 0.513028
22 0.487137
23 0.464957
24 0.443354
25 0.421339
26 0.401798
27 0.383658
28 0.36626
29 0.34812
30 0.333113
31 0.319426
32 0.306233
33 0.292958
34 0.280178
35 0.266573
36 0.256184
37 0.244888
38 0.235241
39 0.225594
40 0.215452
41 0.207206
42 0.198549
43 0.190881
44 0.183872
45 0.175379
46 0.168041
47 0.161939
48 0.154683
49 0.148664
50 0.142892
51 0.138852
52 0.13341
53 0.128958
54 0.123598
55 0.118816
56 0.115353
57 0.111395
58 0.10752
59 0.10315
60 0.0995218
61 0.096471
62 0.0924307
63 0.0899571
64 0.0867414
65 0.0837731
66 0.0806398
67 0.0783311
68 0.0756926
69 0.0733839
70 0.0711576
71 0.068684
72 0.0664578
73 0.064314
74 0.0622526
75 0.0596966
76 0.0574703
77 0.0558212
78 0.0537599
79 0.0516986
80 0.0500495
81 0.0485653
82 0.0464215
83 0.0450198
84 0.0438654
85 0.0424637
86 0.0413094
87 0.0398252
88 0.0380112
89 0.0370218
90 0.0353727
91 0.0343008
92 0.033064
93 0.0322394
94 0.0310026
95 0.0296009
96 0.0286939
97 0.0280343
98 0.0271273
99 0.0265501
100 0.0258905
101 0.0246537
102 0.0236642
103 0.023252
104 0.0224274
105 0.0220152
106 0.0215204
107 0.0208608
108 0.0201187
109 0.0191293
110 0.0189644
111 0.0185521
112 0.0179749
113 0.0173978
114 0.0170679
115 0.0164908
116 0.0160785
117 0.0154189
118 0.0146768
119 0.0144294
120 0.0140172
121 0.01344
122 0.0130277
123 0.0128628
124 0.0124505
125 0.0121207
126 0.0112962
127 0.0108839
128 0.0105541
129 0.0103892
130 0.0103067
131 0.0100594
132 0.00997691
133 0.00972955
134 0.00948219
135 0.00915237
136 0.00906992
137 0.00898747
138 0.00874011
139 0.00832784
140 0.00824538
141 0.00799802
142 0.00775066
143 0.00758575
144 0.0075033
145 0.00742084
146 0.00742084
147 0.00725594
148 0.00692612
149 0.00684367
150 0.00667876
151 0.0064314
152 0.00618404
153 0.00601913
154 0.00568931
155 0.00560686
156 0.00560686
157 0.00552441
158 0.00544195
159 0.0053595
160 0.00519459
161 0.00502968
162 0.00478232
163 0.00469987
164 0.00437005
165 0.0042876
166 0.00420514
167 0.00412269
168 0.00404024
169 0.00395778
170 0.00379288
171 0.00362797
172 0.00362797
173 0.00354551
174 0.00354551
175 0.00354551
176 0.00338061
177 0.00329815
178 0.0032157
179 0.00296834
180 0.00288588
181 0.00280343
182 0.00263852
183 0.00263852
184 0.00255607
185 0.00255607
186 0.00247361
187 0.00239116
188 0.00239116
189 0.00239116
190 0.00230871
191 0.00222625
192 0.00222625
193 0.00222625
194 0.00222625
195 0.00222625
196 0.0021438
197 0.0021438
198 0.0021438
199 0.0021438
200 0.0021438
201 0.00206135
202 0.00206135
203 0.00206135
204 0.00181398
205 0.00181398
206 0.00181398
207 0.00173153
208 0.00173153
209 0.00173153
210 0.00173153
211 0.00164908
212 0.00164908
213 0.00164908
214 0.00164908
215 0.00164908
216 0.00156662
217 0.00148417
218 0.00140172
219 0.00131926
220 0.00123681
221 0.00123681
222 0.00123681
223 0.00123681
224 0.00123681
225 0.00115435
226 0.0010719
227 0.0010719
228 0.0010719
229 0.0010719
230 0.0010719
231 0.000906992
232 0.000906992
233 0.000824538
234 0.000742084
235 0.000742084
236 0.000659631
237 0.000577177
238 0.000577177
239 0.000577177
240 0.000577177
241 0.000577177
242 0.000577177
243 0.000577177
244 0.000577177
245 0.000577177
246 0.000577177
247 0.000494723
248 0.000494723
249 0.000494723
250 0.000494723
251 0.000494723
252 0.000494723
253 0.000494723
254 0.000412269
255 0.000412269
256 0.000412269
257 0.000412269
258 0.000412269
259 0.000412269
260 0.000412269
261 0.000412269
262 0.000412269
263 0.000412269
264 0.000412269
265 0.000412269
266 0.000412269
267 0.000329815
268 0.000329815
269 0.000329815
270 0.000329815
271 0.000329815
272 0.000329815
273 0.000329815
274 0.000329815
275 0.000329815
276 0.000329815
277 0.000329815
278 0.000329815
279 0.000329815
280 0.000247361
281 0.000247361
282 0.000164908
283 0.000164908
284 0.000164908
285 0.000164908
286 0.000164908
287 0.000164908
288 0.000164908
289 0.000164908
290 0.000164908
291 8.24538e-05
292 8.24538e-05
293 8.24538e-05
294 8.24538e-05
295 8.24538e-05
296 8.24538e-05
297 8.24538e-05
298 8.24538e-05
299 8.24538e-05
300 8.24538e-05
301 8.24538e-05
302 8.24538e-05
303 8.24538e-05
304 8.24538e-05
305 8.24538e-05
306 8.24538e-05
307 8.24538e-05
308 8.24538e-05
309 8.24538e-05
310 8.24538e-05
311 8.24538e-05
312 8.24538e-05
