0 1
1 1
2 1
3 1
4 1
5 1
6 1
7 1
8 1
9 0.888997
10 0.800389
11 0.722493
12 0.646543
13 0.588121
14 0.527751
15 0.480526
16 0.442064
17 0.394352
18 0.365141
19 0.333009
20 0.306719
21 0.277507
22 0.252191
23 0.230282
24 0.212269
25 0.194255
26 0.179163
27 0.16261
28 0.148978
29 0.135346
30 0.121714
31 0.113437
32 0.106134
33 0.100779
34 0.090555
35 0.0832522
36 0.0759494
37 0.0720545
38 0.0676728
39 0.0642648
40 0.0579357
41 0.0550146
42 0.0491723
43 0.0477118
44 0.0457644
45 0.0389484
46 0.0350536
47 0.033593
48 0.0306719
49 0.0292113
50 0.026777
51 0.0243427
52 0.0214216
53 0.0185005
54 0.0170399
55 0.0160662
56 0.0155794
57 0.0150925
58 0.0136319
59 0.0131451
60 0.0126582
61 0.0116845
62 0.0107108
63 0.010224
64 0.0097371
65 0.00827653
66 0.00827653
67 0.00730282
68 0.00632911
69 0.00584226
70 0.0053554
71 0.00486855
72 0.00486855
73 0.00438169
74 0.00389484
75 0.00292113
76 0.00243427
77 0.00194742
78 0.00194742
79 0.00097371
80 0.00097371
81 0.00097371
82 0.00097371
83 0.00097371
84 0.00097371
85 0.00097371
86 0.000486855
87 0.000486855
88 0.000486855
89 0.000486855
90 0.000486855
91 0.000486855
92 0.000486855
93 0.000486855
