0 1
1 1
2 1
3 1
4 1
5 1
6 1
7 1
8 1
9 0.977466
10 0.953617
11 0.92944
12 0.908361
13 0.885264
14 0.865218
15 0.845266
16 0.827144
17 0.807568
18 0.790338
19 0.774236
20 0.758932
21 0.741937
22 0.727759
23 0.713722
24 0.699216
25 0.686634
26 0.67471
27 0.662692
28 0.650157
29 0.636872
30 0.626168
31 0.615558
32 0.604854
33 0.594996
34 0.584339
35 0.576358
36 0.566875
37 0.55819
38 0.550725
39 0.543261
40 0.53589
41 0.52852
42 0.521431
43 0.515891
44 0.508662
45 0.502042
46 0.494249
47 0.488381
48 0.482794
49 0.477395
50 0.471903
51 0.465706
52 0.46026
53 0.45472
54 0.448993
55 0.443453
56 0.438853
57 0.434862
58 0.430168
59 0.42505
60 0.420309
61 0.415286
62 0.410967
63 0.407211
64 0.402516
65 0.39862
66 0.394207
67 0.390076
68 0.386508
69 0.382799
70 0.379043
71 0.3751
72 0.371438
73 0.368762
74 0.365194
75 0.36172
76 0.35834
77 0.355993
78 0.353129
79 0.350171
80 0.346838
81 0.343646
82 0.340125
83 0.337871
84 0.334726
85 0.331675
86 0.328717
87 0.325665
88 0.323553
89 0.321346
90 0.318577
91 0.316182
92 0.313506
93 0.310784
94 0.307873
95 0.305573
96 0.303742
97 0.301488
98 0.299
99 0.296512
100 0.295244
101 0.292615
102 0.290597
103 0.288343
104 0.285996
105 0.284071
106 0.282522
107 0.280456
108 0.278485
109 0.276701
110 0.275011
111 0.273039
112 0.270222
113 0.268626
114 0.266513
115 0.264542
116 0.263039
117 0.261396
118 0.259612
119 0.257828
120 0.255903
121 0.254307
122 0.252289
123 0.251162
124 0.249472
125 0.248063
126 0.246655
127 0.245153
128 0.243651
129 0.242336
130 0.240646
131 0.239003
132 0.238017
133 0.23628
134 0.234919
135 0.234074
136 0.231914
137 0.230787
138 0.228956
139 0.227125
140 0.226234
141 0.22459
142 0.22337
143 0.222102
144 0.220694
145 0.219473
146 0.218253
147 0.217032
148 0.215671
149 0.214121
150 0.212948
151 0.211539
152 0.209943
153 0.209051
154 0.20769
155 0.206704
156 0.205436
157 0.204263
158 0.203183
159 0.202103
160 0.200976
161 0.199897
162 0.198817
163 0.197456
164 0.196141
165 0.194827
166 0.193794
167 0.193043
168 0.191587
169 0.190367
170 0.189662
171 0.188583
172 0.187738
173 0.186705
174 0.185719
175 0.184498
176 0.183325
177 0.181729
178 0.180461
179 0.179287
180 0.178395
181 0.177034
182 0.176048
183 0.175109
184 0.174358
185 0.17309
186 0.172198
187 0.171072
188 0.170368
189 0.169147
190 0.168631
191 0.168067
192 0.167316
193 0.166377
194 0.165485
195 0.164265
196 0.16356
197 0.162856
198 0.162293
199 0.161448
200 0.16065
201 0.159523
202 0.158819
203 0.158021
204 0.157645
205 0.156659
206 0.155908
207 0.154969
208 0.153936
209 0.153091
210 0.151918
211 0.151261
212 0.150603
213 0.149899
214 0.14943
215 0.148444
216 0.147646
217 0.146848
218 0.146331
219 0.145439
220 0.14497
221 0.144266
222 0.143561
223 0.142904
224 0.142294
225 0.141777
226 0.140979
227 0.140275
228 0.139618
229 0.138961
230 0.138256
231 0.137317
232 0.136707
233 0.13605
234 0.135111
235 0.134595
236 0.133843
237 0.133327
238 0.132764
239 0.132153
240 0.131355
241 0.130698
242 0.130041
243 0.129384
244 0.128726
245 0.128163
246 0.127224
247 0.126614
248 0.125816
249 0.125158
250 0.124501
251 0.124126
252 0.123609
253 0.12314
254 0.122483
255 0.121966
256 0.121403
257 0.120933
258 0.120182
259 0.119713
260 0.119196
261 0.118868
262 0.118633
263 0.118023
264 0.117271
265 0.116661
266 0.116098
267 0.115581
268 0.114924
269 0.114549
270 0.113797
271 0.113046
272 0.112483
273 0.112201
274 0.111873
275 0.111168
276 0.110605
277 0.110277
278 0.10976
279 0.109338
280 0.108493
281 0.108164
282 0.107601
283 0.107084
284 0.106521
285 0.106004
286 0.105535
287 0.1053
288 0.104784
289 0.104455
290 0.103751
291 0.103375
292 0.102859
293 0.102296
294 0.101826
295 0.10131
296 0.100981
297 0.100606
298 0.100089
299 0.0996197
300 0.0991972
301 0.0989625
302 0.0985869
303 0.0979766
304 0.0976949
305 0.0971316
306 0.0968499
307 0.0962396
308 0.0958171
309 0.0952068
310 0.0949721
311 0.0943148
312 0.0937984
313 0.0931412
314 0.0928125
315 0.0921084
316 0.0917797
317 0.0913103
318 0.090653
319 0.0902305
320 0.0900427
321 0.0894794
322 0.0890568
323 0.0886343
324 0.0882588
325 0.0875546
326 0.087179
327 0.0868034
328 0.086287
329 0.0858176
330 0.0855359
331 0.0850664
332 0.0849256
333 0.0846909
334 0.0842683
335 0.0837519
336 0.0833294
337 0.0830008
338 0.08286
339 0.0823905
340 0.081968
341 0.0817332
342 0.0814516
343 0.0812168
344 0.0807943
345 0.0803718
346 0.0797615
347 0.0795737
348 0.0791043
349 0.0786348
350 0.0783062
351 0.0780245
352 0.0778367
353 0.0774142
354 0.0772734
355 0.0770856
356 0.0768978
357 0.0765222
358 0.0762875
359 0.0760528
360 0.0756772
361 0.0753016
362 0.074973
363 0.0745974
364 0.0741749
365 0.0736116
366 0.0730013
367 0.0728135
368 0.0725318
369 0.0722971
370 0.0720154
371 0.0716868
372 0.0712643
373 0.0710765
374 0.0708887
375 0.070654
376 0.0704662
377 0.0703253
378 0.0699967
379 0.0698559
380 0.0695742
381 0.0694334
382 0.0690578
383 0.06887
384 0.0685883
385 0.0683536
386 0.0681658
387 0.0678372
388 0.0675555
389 0.0672738
390 0.0671799
391 0.0668513
392 0.0666166
393 0.066288
394 0.0659593
395 0.0655838
396 0.0654899
397 0.0652082
398 0.0648326
399 0.0647387
400 0.0642693
401 0.0637529
402 0.0635651
403 0.0633773
404 0.0630017
405 0.0627201
406 0.0626262
407 0.0623445
408 0.0619689
409 0.0618281
410 0.0615464
411 0.0614056
412 0.0609831
413 0.0608422
414 0.0605605
415 0.0603728
416 0.060185
417 0.0598094
418 0.0597155
419 0.0596216
420 0.0595277
421 0.059293
422 0.0590113
423 0.0589174
424 0.0588235
425 0.0586827
426 0.0583541
427 0.0580254
428 0.0577438
429 0.057556
430 0.0573682
431 0.0572274
432 0.0568048
433 0.0565701
434 0.0563823
435 0.0561007
436 0.0559598
437 0.0556312
438 0.0553495
439 0.0552087
440 0.0550209
441 0.0548801
442 0.0547392
443 0.0546453
444 0.0545514
445 0.0542698
446 0.054035
447 0.0538472
448 0.0536595
449 0.0533308
450 0.0532839
451 0.0530492
452 0.0528144
453 0.0527205
454 0.0525327
455 0.0522511
456 0.0521102
457 0.0520163
458 0.0517347
459 0.0515469
460 0.0512183
461 0.0510305
462 0.0508427
463 0.0506549
464 0.0503732
465 0.0500446
466 0.0498099
467 0.0496221
468 0.0495282
469 0.0494343
470 0.0491057
471 0.0488709
472 0.0484484
473 0.0481198
474 0.047932
475 0.0476503
476 0.0474156
477 0.0471809
478 0.0471339
479 0.0469931
480 0.0467584
481 0.0466645
482 0.0465236
483 0.0462889
484 0.0460542
485 0.0457725
486 0.0456786
487 0.0454908
488 0.0453969
489 0.0450214
490 0.0449275
491 0.0448336
492 0.0447397
493 0.0445519
494 0.0443172
495 0.0441763
496 0.0439885
497 0.0437538
498 0.0436599
499 0.043566
500 0.0433782
501 0.0431435
502 0.0429557
503 0.0428149
504 0.042721
505 0.0424863
506 0.0421576
507 0.0419699
508 0.041876
509 0.0417351
510 0.0415004
511 0.0412657
512 0.0410779
513 0.040937
514 0.0408432
515 0.0406554
516 0.0404676
517 0.0402329
518 0.0400451
519 0.0399042
520 0.0396695
521 0.0395287
522 0.0394817
523 0.0392939
524 0.0390592
525 0.0389184
526 0.0388245
527 0.0387775
528 0.0385897
529 0.0384489
530 0.0383081
531 0.0381672
532 0.0380264
533 0.0379794
534 0.0377447
535 0.0376039
536 0.0373691
537 0.0371814
538 0.0369466
539 0.0367588
540 0.0367588
541 0.0365711
542 0.0364772
543 0.0362894
544 0.0361955
545 0.0360546
546 0.0360077
547 0.0359608
548 0.0359608
549 0.035773
550 0.0354913
551 0.0352096
552 0.0352096
553 0.0351157
554 0.0350218
555 0.0347871
556 0.0346463
557 0.0342707
558 0.0342237
559 0.0340829
560 0.034036
561 0.0338012
562 0.0335665
563 0.0334726
564 0.0333787
565 0.0332379
566 0.0331909
567 0.0329093
568 0.0326745
569 0.0325337
570 0.0323928
571 0.032252
572 0.0322051
573 0.0320642
574 0.0319703
575 0.0317825
576 0.0317356
577 0.0315948
578 0.0315948
579 0.0315009
580 0.03136
581 0.0313131
582 0.0312661
583 0.0310784
584 0.0310314
585 0.0309375
586 0.0307497
587 0.0306558
588 0.030515
589 0.0304681
590 0.0303742
591 0.0302333
592 0.0300925
593 0.0299516
594 0.0298108
595 0.0295761
596 0.0294352
597 0.0293413
598 0.0292944
599 0.0291536
600 0.0290127
601 0.0289188
602 0.0288719
603 0.0288719
604 0.0288249
605 0.0285902
606 0.0282146
607 0.0280738
608 0.0279799
609 0.0278391
610 0.0277921
611 0.0276982
612 0.0276043
613 0.0274635
614 0.0273696
615 0.0272757
616 0.027041
617 0.0269471
618 0.0269471
619 0.0269001
620 0.0267124
621 0.0266654
622 0.0266654
623 0.0264307
624 0.0263368
625 0.0263368
626 0.0262429
627 0.0260551
628 0.0260082
629 0.0260082
630 0.0258204
631 0.0257265
632 0.0256795
633 0.0255387
634 0.0253509
635 0.025257
636 0.0250692
637 0.0249284
638 0.0247406
639 0.0246467
640 0.0245059
641 0.024412
642 0.0242712
643 0.0241773
644 0.0240834
645 0.0239425
646 0.0239425
647 0.0239425
648 0.0238017
649 0.0237078
650 0.0236139
651 0.023567
652 0.02352
653 0.0234261
654 0.0234261
655 0.0231914
656 0.0229567
657 0.0229097
658 0.0229097
659 0.0227689
660 0.0225811
661 0.0225342
662 0.0224403
663 0.0223933
664 0.0222525
665 0.0222055
666 0.0221586
667 0.0221116
668 0.0220647
669 0.0219708
670 0.0218769
671 0.0218769
672 0.0216891
673 0.0215013
674 0.0214544
675 0.0214074
676 0.0213605
677 0.0211727
678 0.0209849
679 0.020938
680 0.020891
681 0.0207971
682 0.0206563
683 0.0206094
684 0.0204685
685 0.0204685
686 0.0204216
687 0.0202807
688 0.0202338
689 0.020046
690 0.020046
691 0.0199052
692 0.0197643
693 0.0197174
694 0.0196704
695 0.0196235
696 0.0195765
697 0.0194357
698 0.019201
699 0.019154
700 0.0191071
701 0.0191071
702 0.0190132
703 0.0190132
704 0.0189193
705 0.0187785
706 0.0187315
707 0.0186846
708 0.0184968
709 0.0184498
710 0.0184029
711 0.0184029
712 0.0184029
713 0.018309
714 0.018309
715 0.018309
716 0.0182151
717 0.0181212
718 0.0180743
719 0.0179334
720 0.0178395
721 0.0177926
722 0.0176987
723 0.0176518
724 0.0176518
725 0.0176518
726 0.0175109
727 0.017464
728 0.0173701
729 0.0172292
730 0.0171823
731 0.0170415
732 0.0168537
733 0.0168067
734 0.0168067
735 0.0168067
736 0.0167128
737 0.0167128
738 0.0167128
739 0.0167128
740 0.0167128
741 0.0166189
742 0.016572
743 0.016525
744 0.0164781
745 0.0163842
746 0.0162903
747 0.0162903
748 0.0160086
749 0.0160086
750 0.0160086
751 0.0159147
752 0.0158678
753 0.0158209
754 0.0158209
755 0.015727
756 0.0155392
757 0.0154453
758 0.0153983
759 0.0153514
760 0.0153044
761 0.0151636
762 0.0149758
763 0.0149289
764 0.014835
765 0.014788
766 0.0147411
767 0.0146003
768 0.0145064
769 0.0144594
770 0.0144594
771 0.0144594
772 0.0143655
773 0.0141777
774 0.0140838
775 0.0140369
776 0.0138961
777 0.0138022
778 0.0137083
779 0.0136613
780 0.0136144
781 0.0136144
782 0.0135674
783 0.0135205
784 0.0134735
785 0.0134266
786 0.0132388
787 0.0131919
788 0.0131449
789 0.013098
790 0.0129571
791 0.0129102
792 0.0128632
793 0.0127694
794 0.0126755
795 0.0126285
796 0.0126285
797 0.0126285
798 0.0125816
799 0.0125816
800 0.0124877
801 0.0124407
802 0.0123938
803 0.0123938
804 0.0123468
805 0.0123468
806 0.0122999
807 0.0122999
808 0.0122999
809 0.0122999
810 0.0122999
811 0.0121591
812 0.0121591
813 0.0120182
814 0.0120182
815 0.0120182
816 0.0120182
817 0.0119243
818 0.0118774
819 0.0118304
820 0.0117365
821 0.0116896
822 0.0115018
823 0.0115018
824 0.0115018
825 0.0115018
826 0.011361
827 0.011361
828 0.0112671
829 0.0111732
830 0.0111262
831 0.0110793
832 0.0110323
833 0.0110323
834 0.0109854
835 0.0109385
836 0.0109385
837 0.0108915
838 0.0108446
839 0.0108446
840 0.0108446
841 0.0107507
842 0.0107037
843 0.0106568
844 0.0105629
845 0.010469
846 0.010469
847 0.010469
848 0.010469
849 0.010469
850 0.010422
851 0.010422
852 0.010422
853 0.0103751
854 0.0103282
855 0.0103282
856 0.0103282
857 0.0102343
858 0.0102343
859 0.0102343
860 0.0102343
861 0.0101873
862 0.0101873
863 0.0100934
864 0.0100465
865 0.00990564
866 0.00985869
867 0.00971785
868 0.00971785
869 0.00962396
870 0.00962396
871 0.00957702
872 0.00948312
873 0.00943618
874 0.00943618
875 0.00943618
876 0.00943618
877 0.00943618
878 0.00938923
879 0.00934228
880 0.00929534
881 0.00929534
882 0.00929534
883 0.00929534
884 0.00920145
885 0.00920145
886 0.00920145
887 0.00920145
888 0.00910755
889 0.00910755
890 0.00906061
891 0.00906061
892 0.00901366
893 0.00901366
894 0.00896672
895 0.00896672
896 0.00887282
897 0.00877893
898 0.00868504
899 0.00868504
900 0.00859115
901 0.0085442
902 0.00849725
903 0.00849725
904 0.00849725
905 0.00849725
906 0.00849725
907 0.00845031
908 0.00845031
909 0.00845031
910 0.00835641
911 0.00835641
912 0.00835641
913 0.00835641
914 0.00835641
915 0.00830947
916 0.00830947
917 0.00826252
918 0.00826252
919 0.00826252
920 0.00826252
921 0.00816863
922 0.00812168
923 0.00812168
924 0.00807474
925 0.00807474
926 0.00798085
927 0.00798085
928 0.00798085
929 0.0079339
930 0.00788695
931 0.00784001
932 0.00784001
933 0.00779306
934 0.00774612
935 0.00774612
936 0.00774612
937 0.00769917
938 0.00765222
939 0.00760528
940 0.00760528
941 0.00755833
942 0.00746444
943 0.00741749
944 0.00741749
945 0.00741749
946 0.00741749
947 0.00737055
948 0.0073236
949 0.0073236
950 0.00727665
951 0.00727665
952 0.00727665
953 0.00727665
954 0.00727665
955 0.00718276
956 0.00708887
957 0.00704192
958 0.00699498
959 0.00699498
960 0.00699498
961 0.00694803
962 0.00690108
963 0.00690108
964 0.00690108
965 0.00685414
966 0.00685414
967 0.00685414
968 0.00680719
969 0.00680719
970 0.00680719
971 0.00680719
972 0.00680719
973 0.00676025
974 0.00676025
975 0.00676025
976 0.00676025
977 0.00676025
978 0.00676025
979 0.00676025
980 0.00676025
981 0.00676025
982 0.00676025
983 0.00676025
984 0.0067133
985 0.00666635
986 0.00661941
987 0.00657246
988 0.00657246
989 0.00652552
990 0.00647857
991 0.00647857
992 0.00633773
993 0.00633773
994 0.00629078
995 0.00624384
996 0.00624384
997 0.00624384
998 0.006103
999 0.006103
1000 0.006103
1001 0.006103
1002 0.006103
1003 0.006103
1004 0.006103
1005 0.006103
1006 0.006103
1007 0.006103
1008 0.006103
1009 0.00605605
1010 0.00605605
1011 0.00605605
1012 0.00605605
1013 0.00605605
1014 0.00600911
1015 0.00596216
1016 0.00591522
1017 0.00591522
1018 0.00582132
1019 0.00582132
1020 0.00577438
1021 0.00577438
1022 0.00572743
1023 0.00563354
1024 0.00563354
1025 0.00563354
1026 0.00563354
1027 0.00563354
1028 0.00563354
1029 0.00558659
1030 0.00558659
1031 0.00558659
1032 0.00558659
1033 0.00558659
1034 0.00558659
1035 0.00553965
1036 0.00553965
1037 0.00553965
1038 0.00553965
1039 0.0054927
1040 0.0054927
1041 0.0054927
1042 0.0054927
1043 0.00544575
1044 0.00539881
1045 0.00530492
1046 0.00525797
1047 0.00521102
1048 0.00511713
1049 0.00511713
1050 0.00511713
1051 0.00511713
1052 0.00511713
1053 0.00511713
1054 0.00511713
1055 0.00511713
1056 0.00511713
1057 0.00511713
1058 0.00507018
1059 0.00507018
1060 0.00507018
1061 0.00507018
1062 0.00507018
1063 0.00507018
1064 0.00507018
1065 0.00507018
1066 0.00502324
1067 0.00502324
1068 0.00502324
1069 0.00502324
1070 0.00497629
1071 0.00497629
1072 0.00497629
1073 0.00492935
1074 0.00492935
1075 0.00492935
1076 0.00492935
1077 0.0048824
1078 0.00483545
1079 0.00474156
1080 0.00464767
1081 0.00464767
1082 0.00464767
1083 0.00460072
1084 0.00460072
1085 0.00450683
1086 0.00450683
1087 0.00445988
1088 0.00445988
1089 0.00445988
1090 0.00445988
1091 0.00445988
1092 0.00445988
1093 0.00436599
1094 0.00436599
1095 0.00436599
1096 0.00436599
1097 0.00436599
1098 0.00436599
1099 0.00431905
1100 0.00431905
1101 0.00431905
1102 0.00431905
1103 0.00431905
1104 0.00431905
1105 0.00431905
1106 0.00431905
1107 0.00431905
1108 0.00431905
1109 0.00431905
1110 0.0042721
1111 0.0042721
1112 0.00422515
1113 0.00422515
1114 0.00417821
1115 0.00417821
1116 0.00413126
1117 0.00408432
1118 0.00408432
1119 0.00408432
1120 0.00408432
1121 0.00408432
1122 0.00408432
1123 0.00408432
1124 0.00408432
1125 0.00408432
1126 0.00408432
1127 0.00408432
1128 0.00403737
1129 0.00399042
1130 0.00399042
1131 0.00399042
1132 0.00394348
1133 0.00394348
1134 0.00394348
1135 0.00394348
1136 0.00389653
1137 0.00384958
1138 0.00384958
1139 0.00384958
1140 0.00384958
1141 0.00384958
1142 0.00384958
1143 0.00380264
1144 0.00380264
1145 0.00380264
1146 0.00380264
1147 0.00380264
1148 0.00375569
1149 0.00375569
1150 0.00375569
1151 0.00375569
1152 0.00375569
1153 0.00370875
1154 0.00370875
1155 0.00370875
1156 0.0036618
1157 0.0036618
1158 0.0036618
1159 0.0036618
1160 0.00361485
1161 0.00356791
1162 0.00352096
1163 0.00347402
1164 0.00342707
1165 0.00342707
1166 0.00342707
1167 0.00342707
1168 0.00342707
1169 0.00328623
1170 0.00323928
1171 0.00319234
1172 0.00319234
1173 0.00319234
1174 0.00319234
1175 0.00319234
1176 0.00314539
1177 0.00309845
1178 0.00309845
1179 0.00309845
1180 0.0030515
1181 0.0030515
1182 0.0030515
1183 0.00300455
1184 0.00300455
1185 0.00300455
1186 0.00295761
1187 0.00295761
1188 0.00291066
1189 0.00291066
1190 0.00291066
1191 0.00291066
1192 0.00291066
1193 0.00291066
1194 0.00291066
1195 0.00291066
1196 0.00291066
1197 0.00286372
1198 0.00286372
1199 0.00281677
1200 0.00281677
1201 0.00276982
1202 0.00276982
1203 0.00276982
1204 0.00276982
1205 0.00276982
1206 0.00276982
1207 0.00276982
1208 0.00272288
1209 0.00272288
1210 0.00272288
1211 0.00272288
1212 0.00272288
1213 0.00272288
1214 0.00267593
1215 0.00267593
1216 0.00262898
1217 0.00262898
1218 0.00262898
1219 0.00258204
1220 0.00253509
1221 0.00248815
1222 0.00248815
1223 0.00248815
1224 0.00248815
1225 0.00248815
1226 0.00248815
1227 0.00248815
1228 0.00248815
1229 0.00248815
1230 0.00239425
1231 0.00239425
1232 0.00239425
1233 0.00239425
1234 0.00239425
1235 0.00234731
1236 0.00230036
1237 0.00225342
1238 0.00225342
1239 0.00225342
1240 0.00225342
1241 0.00225342
1242 0.00225342
1243 0.00225342
1244 0.00225342
1245 0.00225342
1246 0.00225342
1247 0.00225342
1248 0.00225342
1249 0.00220647
1250 0.00220647
1251 0.00220647
1252 0.00220647
1253 0.00220647
1254 0.00220647
1255 0.00215952
1256 0.00215952
1257 0.00215952
1258 0.00211258
1259 0.00211258
1260 0.00211258
1261 0.00211258
1262 0.00211258
1263 0.00211258
1264 0.00211258
1265 0.00206563
1266 0.00206563
1267 0.00206563
1268 0.00206563
1269 0.00206563
1270 0.00206563
1271 0.00206563
1272 0.00206563
1273 0.00206563
1274 0.00206563
1275 0.00206563
1276 0.00206563
1277 0.00206563
1278 0.00206563
1279 0.00201868
1280 0.00201868
1281 0.00201868
1282 0.00201868
1283 0.00201868
1284 0.00201868
1285 0.00201868
1286 0.00201868
1287 0.00201868
1288 0.00201868
1289 0.00197174
1290 0.00197174
1291 0.00197174
1292 0.00197174
1293 0.00197174
1294 0.00197174
1295 0.00197174
1296 0.00197174
1297 0.00197174
1298 0.00197174
1299 0.00197174
1300 0.00197174
1301 0.00197174
1302 0.00197174
1303 0.00197174
1304 0.00197174
1305 0.00197174
1306 0.00197174
1307 0.00192479
1308 0.00187785
1309 0.00187785
1310 0.0018309
1311 0.0018309
1312 0.0018309
1313 0.0018309
1314 0.0018309
1315 0.0018309
1316 0.0018309
1317 0.0018309
1318 0.0018309
1319 0.0018309
1320 0.0018309
1321 0.0018309
1322 0.0018309
1323 0.0018309
1324 0.0018309
1325 0.0018309
1326 0.00178395
1327 0.00178395
1328 0.00178395
1329 0.00178395
1330 0.00178395
1331 0.00173701
1332 0.00173701
1333 0.00173701
1334 0.00173701
1335 0.00173701
1336 0.00169006
1337 0.00169006
1338 0.00169006
1339 0.00169006
1340 0.00169006
1341 0.00169006
1342 0.00169006
1343 0.00169006
1344 0.00169006
1345 0.00169006
1346 0.00169006
1347 0.00169006
1348 0.00164312
1349 0.00164312
1350 0.00164312
1351 0.00164312
1352 0.00164312
1353 0.00164312
1354 0.00164312
1355 0.00164312
1356 0.00164312
1357 0.00164312
1358 0.00164312
1359 0.00159617
1360 0.00159617
1361 0.00159617
1362 0.00159617
1363 0.00159617
1364 0.00159617
1365 0.00159617
1366 0.00159617
1367 0.00159617
1368 0.00159617
1369 0.00159617
1370 0.00159617
1371 0.00159617
1372 0.00159617
1373 0.00159617
1374 0.00159617
1375 0.00159617
1376 0.00154922
1377 0.00154922
1378 0.00154922
1379 0.00154922
1380 0.00154922
1381 0.00154922
1382 0.00154922
1383 0.00154922
1384 0.00154922
1385 0.00154922
1386 0.00154922
1387 0.00154922
1388 0.00154922
1389 0.00154922
1390 0.00150228
1391 0.00150228
1392 0.00150228
1393 0.00150228
1394 0.00150228
1395 0.00150228
1396 0.00150228
1397 0.00150228
1398 0.00150228
1399 0.00150228
1400 0.00150228
1401 0.00150228
1402 0.00150228
1403 0.00150228
1404 0.00150228
1405 0.00150228
1406 0.00150228
1407 0.00150228
1408 0.00150228
1409 0.00150228
1410 0.00145533
1411 0.00145533
1412 0.00145533
1413 0.00145533
1414 0.00145533
1415 0.00145533
1416 0.00145533
1417 0.00140838
1418 0.00140838
1419 0.00140838
1420 0.00140838
1421 0.00140838
1422 0.00136144
1423 0.00131449
1424 0.00131449
1425 0.00131449
1426 0.00131449
1427 0.00131449
1428 0.00131449
1429 0.00126755
1430 0.0012206
1431 0.0012206
1432 0.0012206
1433 0.0012206
1434 0.0012206
1435 0.0012206
1436 0.0012206
1437 0.0012206
1438 0.0012206
1439 0.0012206
1440 0.0012206
1441 0.0012206
1442 0.0012206
1443 0.00117365
1444 0.00112671
1445 0.00107976
1446 0.00103282
1447 0.00103282
1448 0.00103282
1449 0.00103282
1450 0.00103282
1451 0.00103282
1452 0.00103282
1453 0.00103282
1454 0.00103282
1455 0.00103282
1456 0.00103282
1457 0.00103282
1458 0.00103282
1459 0.00103282
1460 0.00103282
1461 0.00103282
1462 0.00103282
1463 0.00103282
1464 0.00103282
1465 0.00103282
1466 0.00103282
1467 0.00103282
1468 0.00103282
1469 0.00103282
1470 0.00103282
1471 0.00103282
1472 0.00103282
1473 0.00103282
1474 0.00103282
1475 0.00103282
1476 0.00103282
1477 0.00103282
1478 0.00103282
1479 0.00103282
1480 0.000985869
1481 0.000985869
1482 0.000985869
1483 0.000985869
1484 0.000985869
1485 0.000938923
1486 0.000938923
1487 0.000938923
1488 0.000938923
1489 0.000938923
1490 0.000938923
1491 0.000938923
1492 0.000938923
1493 0.000938923
1494 0.000938923
1495 0.000938923
1496 0.000938923
1497 0.000938923
1498 0.000938923
1499 0.000938923
1500 0.000938923
1501 0.000938923
1502 0.000938923
1503 0.000938923
1504 0.000938923
1505 0.000938923
1506 0.000938923
1507 0.000938923
1508 0.000891977
1509 0.000891977
1510 0.000891977
1511 0.000891977
1512 0.000891977
1513 0.000891977
1514 0.000891977
1515 0.000891977
1516 0.000891977
1517 0.000891977
1518 0.000891977
1519 0.000891977
1520 0.000891977
1521 0.000891977
1522 0.000891977
1523 0.000891977
1524 0.000891977
1525 0.000891977
1526 0.000891977
1527 0.000891977
1528 0.000891977
1529 0.000891977
1530 0.000891977
1531 0.000891977
1532 0.000891977
1533 0.000891977
1534 0.000891977
1535 0.000891977
1536 0.000891977
1537 0.000891977
1538 0.000845031
1539 0.000845031
1540 0.000845031
1541 0.000845031
1542 0.000845031
1543 0.000845031
1544 0.000845031
1545 0.000845031
1546 0.000845031
1547 0.000845031
1548 0.000845031
1549 0.000845031
1550 0.000845031
1551 0.000845031
1552 0.000845031
1553 0.000845031
1554 0.000845031
1555 0.000845031
1556 0.000845031
1557 0.000798085
1558 0.000798085
1559 0.000798085
1560 0.000798085
1561 0.000798085
1562 0.000798085
1563 0.000798085
1564 0.000798085
1565 0.000798085
1566 0.000798085
1567 0.000798085
1568 0.000798085
1569 0.000798085
1570 0.000751138
1571 0.000751138
1572 0.000751138
1573 0.000751138
1574 0.000751138
1575 0.000751138
1576 0.000751138
1577 0.000751138
1578 0.000751138
1579 0.000751138
1580 0.000751138
1581 0.000751138
1582 0.000751138
1583 0.000751138
1584 0.000751138
1585 0.000751138
1586 0.000751138
1587 0.000751138
1588 0.000751138
1589 0.000751138
1590 0.000751138
1591 0.000751138
1592 0.000751138
1593 0.000751138
1594 0.000751138
1595 0.000751138
1596 0.000751138
1597 0.000751138
1598 0.000751138
1599 0.000751138
1600 0.000751138
1601 0.000751138
1602 0.000751138
1603 0.000751138
1604 0.000751138
1605 0.000751138
1606 0.000751138
1607 0.000751138
1608 0.000751138
1609 0.000751138
1610 0.000751138
1611 0.000751138
1612 0.000751138
1613 0.000751138
1614 0.000751138
1615 0.000751138
1616 0.000751138
1617 0.000751138
1618 0.000751138
1619 0.000751138
1620 0.000704192
1621 0.000704192
1622 0.000704192
1623 0.000704192
1624 0.000704192
1625 0.000704192
1626 0.000704192
1627 0.000704192
1628 0.000657246
1629 0.000657246
1630 0.000657246
1631 0.000657246
1632 0.000657246
1633 0.000657246
1634 0.000657246
1635 0.000657246
1636 0.000657246
1637 0.000657246
1638 0.000657246
1639 0.000657246
1640 0.000657246
1641 0.000657246
1642 0.000657246
1643 0.000657246
1644 0.000657246
1645 0.000657246
1646 0.0006103
1647 0.000563354
1648 0.000563354
1649 0.000563354
1650 0.000563354
1651 0.000563354
1652 0.000563354
1653 0.000563354
1654 0.000563354
1655 0.000563354
1656 0.000563354
1657 0.000563354
1658 0.000563354
1659 0.000563354
1660 0.000563354
1661 0.000563354
1662 0.000563354
1663 0.000563354
1664 0.000563354
1665 0.000563354
1666 0.000563354
1667 0.000563354
1668 0.000563354
1669 0.000563354
1670 0.000563354
1671 0.000563354
1672 0.000563354
1673 0.000563354
1674 0.000516408
1675 0.000516408
1676 0.000516408
1677 0.000516408
1678 0.000516408
1679 0.000516408
1680 0.000516408
1681 0.000516408
1682 0.000516408
1683 0.000516408
1684 0.000516408
1685 0.000516408
1686 0.000516408
1687 0.000516408
1688 0.000516408
1689 0.000516408
1690 0.000516408
1691 0.000516408
1692 0.000516408
1693 0.000516408
1694 0.000516408
1695 0.000516408
1696 0.000516408
1697 0.000516408
1698 0.000516408
1699 0.000516408
1700 0.000516408
1701 0.000516408
1702 0.000516408
1703 0.000516408
1704 0.000516408
1705 0.000516408
1706 0.000469462
1707 0.000469462
1708 0.000469462
1709 0.000469462
1710 0.000469462
1711 0.000469462
1712 0.000469462
1713 0.000469462
1714 0.000469462
1715 0.000469462
1716 0.000469462
1717 0.000469462
1718 0.000469462
1719 0.000469462
1720 0.000469462
1721 0.000469462
1722 0.000469462
1723 0.000469462
1724 0.000469462
1725 0.000469462
1726 0.000469462
1727 0.000469462
1728 0.000469462
1729 0.000469462
1730 0.000469462
1731 0.000469462
1732 0.000469462
1733 0.000469462
1734 0.000469462
1735 0.000469462
1736 0.000469462
1737 0.000469462
1738 0.000422515
1739 0.000422515
1740 0.000422515
1741 0.000422515
1742 0.000422515
1743 0.000422515
1744 0.000422515
1745 0.000422515
1746 0.000422515
1747 0.000422515
1748 0.000422515
1749 0.000422515
1750 0.000422515
1751 0.000422515
1752 0.000422515
1753 0.000422515
1754 0.000422515
1755 0.000422515
1756 0.000422515
1757 0.000375569
1758 0.000375569
1759 0.000375569
1760 0.000375569
1761 0.000375569
1762 0.000375569
1763 0.000375569
1764 0.000375569
1765 0.000375569
1766 0.000375569
1767 0.000375569
1768 0.000375569
1769 0.000375569
1770 0.000375569
1771 0.000328623
1772 0.000328623
1773 0.000328623
1774 0.000328623
1775 0.000328623
1776 0.000328623
1777 0.000328623
1778 0.000328623
1779 0.000328623
1780 0.000328623
1781 0.000328623
1782 0.000328623
1783 0.000328623
1784 0.000328623
1785 0.000328623
1786 0.000328623
1787 0.000328623
1788 0.000328623
1789 0.000328623
1790 0.000328623
1791 0.000328623
1792 0.000328623
1793 0.000328623
1794 0.000328623
1795 0.000328623
1796 0.000328623
1797 0.000328623
1798 0.000328623
1799 0.000328623
1800 0.000328623
1801 0.000328623
1802 0.000328623
1803 0.000281677
1804 0.000281677
1805 0.000281677
1806 0.000281677
1807 0.000281677
1808 0.000281677
1809 0.000281677
1810 0.000281677
1811 0.000281677
1812 0.000281677
1813 0.000281677
1814 0.000281677
1815 0.000281677
1816 0.000281677
1817 0.000281677
1818 0.000281677
1819 0.000281677
1820 0.000281677
1821 0.000281677
1822 0.000281677
1823 0.000281677
1824 0.000281677
1825 0.000281677
1826 0.000281677
1827 0.000281677
1828 0.000281677
1829 0.000281677
1830 0.000281677
1831 0.000281677
1832 0.000281677
1833 0.000281677
1834 0.000281677
1835 0.000281677
1836 0.000234731
1837 0.000234731
1838 0.000234731
1839 0.000234731
1840 0.000234731
1841 0.000234731
1842 0.000234731
1843 0.000234731
1844 0.000234731
1845 0.000234731
1846 0.000234731
1847 0.000234731
1848 0.000234731
1849 0.000234731
1850 0.000234731
1851 0.000234731
1852 0.000234731
1853 0.000234731
1854 0.000234731
1855 0.000234731
1856 0.000234731
1857 0.000234731
1858 0.000234731
1859 0.000234731
1860 0.000234731
1861 0.000234731
1862 0.000234731
1863 0.000234731
1864 0.000234731
1865 0.000234731
1866 0.000234731
1867 0.000234731
1868 0.000234731
1869 0.000234731
1870 0.000234731
1871 0.000234731
1872 0.000234731
1873 0.000234731
1874 0.000187785
1875 0.000187785
1876 0.000187785
1877 0.000187785
1878 0.000187785
1879 0.000187785
1880 0.000187785
1881 0.000187785
1882 0.000187785
1883 0.000187785
1884 0.000187785
1885 0.000187785
1886 0.000187785
1887 0.000187785
1888 0.000187785
1889 0.000187785
1890 0.000187785
1891 0.000187785
1892 0.000187785
1893 0.000187785
1894 0.000187785
1895 0.000187785
1896 0.000187785
1897 0.000187785
1898 0.000187785
1899 0.000187785
1900 0.000187785
1901 0.000187785
1902 0.000187785
1903 0.000187785
1904 0.000187785
1905 0.000187785
1906 0.000187785
1907 0.000187785
1908 0.000187785
1909 0.000187785
1910 0.000187785
1911 0.000187785
1912 0.000187785
1913 0.000187785
1914 0.000187785
1915 0.000187785
1916 0.000187785
1917 0.000187785
1918 0.000187785
1919 0.000187785
1920 0.000187785
1921 0.000187785
1922 0.000187785
1923 0.000187785
1924 0.000187785
1925 0.000187785
1926 0.000187785
1927 0.000187785
1928 0.000187785
1929 0.000187785
1930 0.000187785
1931 0.000187785
1932 0.000187785
1933 0.000187785
1934 0.000187785
1935 0.000187785
1936 0.000187785
1937 0.000187785
1938 0.000187785
1939 0.000187785
1940 0.000187785
1941 0.000187785
1942 0.000187785
1943 0.000187785
1944 0.000187785
1945 0.000187785
1946 0.000187785
1947 0.000187785
1948 0.000187785
1949 0.000187785
1950 0.000187785
1951 0.000187785
1952 0.000187785
1953 0.000187785
1954 0.000187785
1955 0.000187785
1956 0.000187785
1957 0.000187785
1958 0.000187785
1959 0.000187785
1960 0.000187785
1961 0.000187785
1962 0.000187785
1963 0.000187785
1964 0.000187785
1965 0.000187785
1966 0.000187785
1967 0.000187785
1968 0.000187785
1969 0.000187785
1970 0.000187785
1971 0.000187785
1972 0.000187785
1973 0.000187785
1974 0.000187785
1975 0.000187785
1976 0.000187785
1977 0.000187785
1978 0.000187785
1979 0.000187785
1980 0.000187785
1981 0.000187785
1982 0.000187785
1983 0.000187785
1984 0.000187785
1985 0.000187785
1986 0.000187785
1987 0.000187785
1988 0.000187785
1989 0.000187785
1990 0.000187785
1991 0.000187785
1992 0.000187785
1993 0.000187785
1994 0.000187785
1995 0.000187785
1996 0.000187785
1997 0.000187785
1998 0.000187785
1999 0.000187785
2000 0.000187785
2001 0.000187785
2002 0.000187785
2003 0.000187785
2004 0.000187785
2005 0.000187785
2006 0.000187785
2007 0.000187785
2008 0.000187785
2009 0.000187785
2010 0.000187785
2011 0.000187785
2012 0.000187785
2013 0.000187785
2014 0.000187785
2015 0.000187785
2016 0.000187785
2017 0.000187785
2018 0.000187785
2019 0.000187785
2020 0.000187785
2021 0.000187785
2022 0.000187785
2023 0.000187785
2024 0.000187785
2025 0.000187785
2026 0.000187785
2027 0.000187785
2028 0.000187785
2029 0.000187785
2030 0.000187785
2031 0.000187785
2032 0.000187785
2033 0.000187785
2034 0.000187785
2035 0.000187785
2036 0.000187785
2037 0.000187785
2038 0.000187785
2039 0.000187785
2040 0.000187785
2041 0.000187785
2042 0.000187785
2043 0.000187785
2044 0.000187785
2045 0.000187785
2046 0.000187785
2047 0.000187785
2048 0.000187785
2049 0.000187785
2050 0.000187785
2051 0.000187785
2052 0.000187785
2053 0.000187785
2054 0.000187785
2055 0.000187785
2056 0.000187785
2057 0.000187785
2058 0.000187785
2059 0.000187785
2060 0.000187785
2061 0.000187785
2062 0.000187785
2063 0.000187785
2064 0.000187785
2065 0.000187785
2066 0.000187785
2067 0.000187785
2068 0.000187785
2069 0.000187785
2070 0.000140838
2071 0.000140838
2072 0.000140838
2073 0.000140838
2074 0.000140838
2075 0.000140838
2076 0.000140838
2077 0.000140838
2078 0.000140838
2079 0.000140838
2080 0.000140838
2081 0.000140838
2082 0.000140838
2083 0.000140838
2084 0.000140838
2085 0.000140838
2086 0.000140838
2087 0.000140838
2088 0.000140838
2089 0.000140838
2090 0.000140838
2091 0.000140838
2092 0.000140838
2093 0.000140838
2094 0.000140838
2095 0.000140838
2096 0.000140838
2097 0.000140838
2098 0.000140838
2099 0.000140838
2100 0.000140838
2101 0.000140838
2102 0.000140838
2103 0.000140838
2104 0.000140838
2105 0.000140838
2106 0.000140838
2107 0.000140838
2108 0.000140838
2109 0.000140838
2110 0.000140838
2111 0.000140838
2112 0.000140838
2113 0.000140838
2114 0.000140838
2115 0.000140838
2116 0.000140838
2117 0.000140838
2118 0.000140838
2119 0.000140838
2120 0.000140838
2121 0.000140838
2122 0.000140838
2123 0.000140838
2124 0.000140838
2125 0.000140838
2126 0.000140838
2127 0.000140838
2128 0.000140838
2129 0.000140838
2130 0.000140838
2131 0.000140838
2132 0.000140838
2133 0.000140838
2134 0.000140838
2135 0.000140838
2136 0.000140838
2137 0.000140838
2138 0.000140838
2139 0.000140838
2140 0.000140838
2141 0.000140838
2142 0.000140838
2143 0.000140838
2144 0.000140838
2145 0.000140838
2146 0.000140838
2147 0.000140838
2148 0.000140838
2149 0.000140838
2150 0.000140838
2151 0.000140838
2152 0.000140838
2153 0.000140838
2154 0.000140838
2155 0.000140838
2156 9.38923e-05
2157 9.38923e-05
2158 9.38923e-05
2159 9.38923e-05
2160 9.38923e-05
2161 9.38923e-05
2162 9.38923e-05
2163 9.38923e-05
2164 9.38923e-05
2165 9.38923e-05
2166 9.38923e-05
2167 9.38923e-05
2168 9.38923e-05
2169 9.38923e-05
2170 9.38923e-05
2171 9.38923e-05
2172 9.38923e-05
2173 9.38923e-05
2174 9.38923e-05
2175 9.38923e-05
2176 9.38923e-05
2177 9.38923e-05
2178 9.38923e-05
2179 9.38923e-05
2180 9.38923e-05
2181 9.38923e-05
2182 9.38923e-05
2183 9.38923e-05
2184 9.38923e-05
2185 9.38923e-05
2186 9.38923e-05
2187 9.38923e-05
2188 9.38923e-05
2189 9.38923e-05
2190 9.38923e-05
2191 9.38923e-05
2192 9.38923e-05
2193 9.38923e-05
2194 9.38923e-05
2195 9.38923e-05
2196 9.38923e-05
2197 9.38923e-05
2198 9.38923e-05
2199 9.38923e-05
2200 9.38923e-05
2201 9.38923e-05
2202 9.38923e-05
2203 9.38923e-05
2204 9.38923e-05
2205 9.38923e-05
2206 9.38923e-05
2207 9.38923e-05
2208 9.38923e-05
2209 9.38923e-05
2210 9.38923e-05
2211 9.38923e-05
2212 9.38923e-05
2213 9.38923e-05
2214 9.38923e-05
2215 9.38923e-05
2216 9.38923e-05
2217 9.38923e-05
2218 9.38923e-05
2219 9.38923e-05
2220 9.38923e-05
2221 9.38923e-05
2222 9.38923e-05
2223 9.38923e-05
2224 9.38923e-05
2225 9.38923e-05
2226 9.38923e-05
2227 9.38923e-05
2228 9.38923e-05
2229 9.38923e-05
2230 9.38923e-05
2231 9.38923e-05
2232 9.38923e-05
2233 9.38923e-05
2234 9.38923e-05
2235 9.38923e-05
2236 9.38923e-05
2237 9.38923e-05
2238 9.38923e-05
2239 9.38923e-05
2240 9.38923e-05
2241 9.38923e-05
2242 9.38923e-05
2243 9.38923e-05
2244 9.38923e-05
2245 9.38923e-05
2246 9.38923e-05
2247 9.38923e-05
2248 9.38923e-05
2249 9.38923e-05
2250 9.38923e-05
2251 9.38923e-05
2252 9.38923e-05
2253 9.38923e-05
2254 9.38923e-05
2255 9.38923e-05
2256 9.38923e-05
2257 9.38923e-05
2258 9.38923e-05
2259 9.38923e-05
2260 9.38923e-05
2261 9.38923e-05
2262 9.38923e-05
2263 9.38923e-05
2264 9.38923e-05
2265 9.38923e-05
2266 9.38923e-05
2267 9.38923e-05
2268 9.38923e-05
2269 9.38923e-05
2270 9.38923e-05
2271 9.38923e-05
2272 9.38923e-05
2273 9.38923e-05
2274 9.38923e-05
2275 9.38923e-05
2276 9.38923e-05
2277 9.38923e-05
2278 9.38923e-05
2279 9.38923e-05
2280 9.38923e-05
2281 9.38923e-05
2282 9.38923e-05
2283 9.38923e-05
2284 9.38923e-05
2285 9.38923e-05
2286 9.38923e-05
2287 9.38923e-05
2288 9.38923e-05
2289 9.38923e-05
2290 9.38923e-05
2291 9.38923e-05
2292 9.38923e-05
2293 9.38923e-05
2294 9.38923e-05
2295 9.38923e-05
2296 9.38923e-05
2297 9.38923e-05
2298 9.38923e-05
2299 9.38923e-05
2300 9.38923e-05
2301 9.38923e-05
2302 9.38923e-05
2303 9.38923e-05
2304 9.38923e-05
2305 9.38923e-05
2306 9.38923e-05
2307 9.38923e-05
2308 9.38923e-05
2309 9.38923e-05
2310 9.38923e-05
2311 9.38923e-05
2312 9.38923e-05
2313 9.38923e-05
2314 9.38923e-05
2315 9.38923e-05
2316 9.38923e-05
2317 9.38923e-05
2318 9.38923e-05
2319 9.38923e-05
2320 9.38923e-05
2321 9.38923e-05
2322 9.38923e-05
2323 9.38923e-05
2324 9.38923e-05
2325 4.69462e-05
2326 4.69462e-05
2327 4.69462e-05
2328 4.69462e-05
2329 4.69462e-05
2330 4.69462e-05
2331 4.69462e-05
2332 4.69462e-05
2333 4.69462e-05
2334 4.69462e-05
2335 4.69462e-05
2336 4.69462e-05
2337 4.69462e-05
2338 4.69462e-05
2339 4.69462e-05
2340 4.69462e-05
2341 4.69462e-05
2342 4.69462e-05
2343 4.69462e-05
2344 4.69462e-05
2345 4.69462e-05
2346 4.69462e-05
2347 4.69462e-05
2348 4.69462e-05
2349 4.69462e-05
2350 4.69462e-05
2351 4.69462e-05
2352 4.69462e-05
2353 4.69462e-05
2354 4.69462e-05
2355 4.69462e-05
2356 4.69462e-05
2357 4.69462e-05
2358 4.69462e-05
2359 4.69462e-05
2360 4.69462e-05
2361 4.69462e-05
2362 4.69462e-05
2363 4.69462e-05
2364 4.69462e-05
2365 4.69462e-05
2366 4.69462e-05
2367 4.69462e-05
2368 4.69462e-05
2369 4.69462e-05
2370 4.69462e-05
2371 4.69462e-05
2372 4.69462e-05
2373 4.69462e-05
2374 4.69462e-05
2375 4.69462e-05
2376 4.69462e-05
2377 4.69462e-05
2378 4.69462e-05
2379 4.69462e-05
2380 4.69462e-05
2381 4.69462e-05
2382 4.69462e-05
2383 4.69462e-05
2384 4.69462e-05
2385 4.69462e-05
2386 4.69462e-05
2387 4.69462e-05
2388 4.69462e-05
2389 4.69462e-05
2390 4.69462e-05
