0 1
1 1
2 1
3 1
4 1
5 1
6 1
7 1
8 1
9 1
10 1
11 1
12 1
13 1
14 1
15 1
16 1
17 1
18 1
19 1
20 1
21 1
22 1
23 0.99953
24 0.99953
25 0.99953
26 0.99953
27 0.99953
28 0.99953
29 0.99953
30 0.99953
31 0.99906
32 0.99906
33 0.99906
34 0.99906
35 0.99906
36 0.99906
37 0.99906
38 0.99906
39 0.99906
40 0.99906
41 0.99906
42 0.99906
43 0.99906
44 0.99906
45 0.99906
46 0.99906
47 0.99906
48 0.99906
49 0.99906
50 0.99906
51 0.99906
52 0.99906
53 0.99906
54 0.99906
55 0.99906
56 0.99906
57 0.99906
58 0.99906
59 0.99906
60 0.99906
61 0.99906
62 0.99906
63 0.99859
64 0.99859
65 0.938411
66 0.938411
67 0.938411
68 0.938411
69 0.938411
70 0.938411
71 0.937941
72 0.937941
73 0.861307
74 0.861307
75 0.861307
76 0.861307
77 0.861307
78 0.861307
79 0.860837
80 0.860837
81 0.796427
82 0.796427
83 0.796427
84 0.796427
85 0.796427
86 0.796427
87 0.795957
88 0.795957
89 0.739069
90 0.739069
91 0.739069
92 0.739069
93 0.739069
94 0.739069
95 0.739069
96 0.739069
97 0.675129
98 0.675129
99 0.675129
100 0.675129
101 0.675129
102 0.675129
103 0.675129
104 0.675129
105 0.622943
106 0.622943
107 0.622943
108 0.622943
109 0.622943
110 0.622943
111 0.622943
112 0.622943
113 0.567936
114 0.567936
115 0.567936
116 0.567936
117 0.567936
118 0.567936
119 0.567936
120 0.567936
121 0.51528
122 0.51528
123 0.51528
124 0.51528
125 0.51528
126 0.51528
127 0.51528
128 0.51528
129 0.463564
130 0.463564
131 0.463564
132 0.463564
133 0.463564
134 0.463564
135 0.463564
136 0.463564
137 0.421721
138 0.421721
139 0.421721
140 0.421721
141 0.421721
142 0.421721
143 0.421721
144 0.421721
145 0.384109
146 0.384109
147 0.384109
148 0.384109
149 0.384109
150 0.384109
151 0.384109
152 0.384109
153 0.342266
154 0.342266
155 0.342266
156 0.342266
157 0.342266
158 0.342266
159 0.342266
160 0.342266
161 0.306065
162 0.306065
163 0.306065
164 0.306065
165 0.306065
166 0.306065
167 0.306065
168 0.306065
169 0.284908
170 0.284908
171 0.284908
172 0.284908
173 0.284908
174 0.284908
175 0.284908
176 0.284908
177 0.262341
178 0.262341
179 0.262341
180 0.262341
181 0.262341
182 0.262341
183 0.262341
184 0.262341
185 0.241185
186 0.241185
187 0.241185
188 0.241185
189 0.241185
190 0.241185
191 0.241185
192 0.241185
193 0.220028
194 0.220028
195 0.220028
196 0.220028
197 0.220028
198 0.220028
199 0.220028
200 0.220028
201 0.198872
202 0.198872
203 0.198872
204 0.198872
205 0.198872
206 0.198872
207 0.198872
208 0.198872
209 0.184767
210 0.184767
211 0.184767
212 0.184767
213 0.184767
214 0.184767
215 0.184767
216 0.184767
217 0.169723
218 0.169723
219 0.169723
220 0.169723
221 0.169723
222 0.169723
223 0.169723
224 0.169723
225 0.158439
226 0.158439
227 0.158439
228 0.158439
229 0.158439
230 0.158439
231 0.158439
232 0.158439
233 0.143394
234 0.143394
235 0.143394
236 0.143394
237 0.143394
238 0.143394
239 0.143394
240 0.143394
241 0.13023
242 0.13023
243 0.13023
244 0.13023
245 0.13023
246 0.13023
247 0.13023
248 0.13023
249 0.122238
250 0.122238
251 0.122238
252 0.122238
253 0.122238
254 0.122238
255 0.122238
256 0.122238
257 0.113305
258 0.113305
259 0.113305
260 0.113305
261 0.113305
262 0.113305
263 0.113305
264 0.113305
265 0.105313
266 0.105313
267 0.105313
268 0.105313
269 0.105313
270 0.105313
271 0.105313
272 0.105313
273 0.0992008
274 0.0992008
275 0.0992008
276 0.0992008
277 0.0992008
278 0.0992008
279 0.0992008
280 0.0992008
281 0.0921486
282 0.0921486
283 0.0921486
284 0.0921486
285 0.0921486
286 0.0921486
287 0.0921486
288 0.0921486
289 0.0846262
290 0.0846262
291 0.0846262
292 0.0846262
293 0.0846262
294 0.0846262
295 0.0846262
296 0.0846262
297 0.0808651
298 0.0808651
299 0.0808651
300 0.0808651
301 0.0808651
302 0.0808651
303 0.0808651
304 0.0808651
305 0.0738129
306 0.0738129
307 0.0738129
308 0.0738129
309 0.0738129
310 0.0738129
311 0.0738129
312 0.0738129
313 0.0705219
314 0.0705219
315 0.0705219
316 0.0705219
317 0.0705219
318 0.0705219
319 0.0705219
320 0.0705219
321 0.0672308
322 0.0672308
323 0.0672308
324 0.0672308
325 0.0672308
326 0.0672308
327 0.0672308
328 0.0672308
329 0.0615891
330 0.0615891
331 0.0615891
332 0.0615891
333 0.0615891
334 0.0615891
335 0.0615891
336 0.0615891
337 0.0587682
338 0.0587682
339 0.0587682
340 0.0587682
341 0.0587682
342 0.0587682
343 0.0587682
344 0.0587682
345 0.0545369
346 0.0545369
347 0.0545369
348 0.0545369
349 0.0545369
350 0.0545369
351 0.0545369
352 0.0545369
353 0.0512459
354 0.0512459
355 0.0512459
356 0.0512459
357 0.0512459
358 0.0512459
359 0.0512459
360 0.0512459
361 0.0474847
362 0.0474847
363 0.0474847
364 0.0474847
365 0.0474847
366 0.0474847
367 0.0474847
368 0.0474847
369 0.0456041
370 0.0456041
371 0.0456041
372 0.0456041
373 0.0456041
374 0.0456041
375 0.0456041
376 0.0456041
377 0.0427833
378 0.0427833
379 0.0427833
380 0.0427833
381 0.0427833
382 0.0427833
383 0.0427833
384 0.0427833
385 0.0423131
386 0.0423131
387 0.0423131
388 0.0423131
389 0.0423131
390 0.0423131
391 0.0423131
392 0.0423131
393 0.0380818
394 0.0380818
395 0.0380818
396 0.0380818
397 0.0380818
398 0.0380818
399 0.0380818
400 0.0380818
401 0.0366714
402 0.0366714
403 0.0366714
404 0.0366714
405 0.0366714
406 0.0366714
407 0.0366714
408 0.0366714
409 0.0338505
410 0.0338505
411 0.0338505
412 0.0338505
413 0.0338505
414 0.0338505
415 0.0338505
416 0.0338505
417 0.0319699
418 0.0319699
419 0.0319699
420 0.0319699
421 0.0319699
422 0.0319699
423 0.0319699
424 0.0319699
425 0.0319699
426 0.0319699
427 0.0319699
428 0.0319699
429 0.0319699
430 0.0319699
431 0.0319699
432 0.0319699
433 0.0300893
434 0.0300893
435 0.0300893
436 0.0300893
437 0.0300893
438 0.0300893
439 0.0300893
440 0.0300893
441 0.029149
442 0.029149
443 0.029149
444 0.029149
445 0.029149
446 0.029149
447 0.029149
448 0.029149
449 0.0263282
450 0.0263282
451 0.0263282
452 0.0263282
453 0.0263282
454 0.0263282
455 0.0263282
456 0.0263282
457 0.0239774
458 0.0239774
459 0.0239774
460 0.0239774
461 0.0239774
462 0.0239774
463 0.0239774
464 0.0239774
465 0.0235073
466 0.0235073
467 0.0235073
468 0.0235073
469 0.0235073
470 0.0235073
471 0.0235073
472 0.0235073
473 0.0206864
474 0.0206864
475 0.0206864
476 0.0206864
477 0.0206864
478 0.0206864
479 0.0206864
480 0.0206864
481 0.019276
482 0.019276
483 0.019276
484 0.019276
485 0.019276
486 0.019276
487 0.0188058
488 0.0188058
489 0.0183357
490 0.0183357
491 0.0183357
492 0.0183357
493 0.0183357
494 0.0183357
495 0.0183357
496 0.0183357
497 0.0178655
498 0.0178655
499 0.0178655
500 0.0178655
501 0.0178655
502 0.0178655
503 0.0178655
504 0.0178655
505 0.0178655
506 0.0178655
507 0.0178655
508 0.0178655
509 0.0178655
510 0.0178655
511 0.0178655
512 0.0178655
513 0.0169252
514 0.0169252
515 0.0169252
516 0.0169252
517 0.0169252
518 0.0169252
519 0.0169252
520 0.0169252
521 0.015985
522 0.015985
523 0.015985
524 0.015985
525 0.015985
526 0.015985
527 0.015985
528 0.015985
529 0.0145745
530 0.0145745
531 0.0145745
532 0.0145745
533 0.0145745
534 0.0145745
535 0.0145745
536 0.0145745
537 0.0136342
538 0.0136342
539 0.0136342
540 0.0136342
541 0.0136342
542 0.0136342
543 0.0136342
544 0.0136342
545 0.0122238
546 0.0122238
547 0.0122238
548 0.0122238
549 0.0122238
550 0.0122238
551 0.0122238
552 0.0122238
553 0.0117536
554 0.0117536
555 0.0117536
556 0.0117536
557 0.0117536
558 0.0117536
559 0.0117536
560 0.0117536
561 0.0112835
562 0.0112835
563 0.0112835
564 0.0112835
565 0.0112835
566 0.0112835
567 0.0112835
568 0.0112835
569 0.0112835
570 0.0112835
571 0.0112835
572 0.0112835
573 0.0112835
574 0.0112835
575 0.0112835
576 0.0112835
577 0.0103432
578 0.0103432
579 0.0103432
580 0.0103432
581 0.0103432
582 0.0103432
583 0.0103432
584 0.0103432
585 0.0103432
586 0.0103432
587 0.0103432
588 0.0103432
589 0.0103432
590 0.0103432
591 0.0103432
592 0.0103432
593 0.00846262
594 0.00846262
595 0.00846262
596 0.00846262
597 0.00846262
598 0.00846262
599 0.00846262
600 0.00846262
601 0.00846262
602 0.00846262
603 0.00846262
604 0.00846262
605 0.00846262
606 0.00846262
607 0.00846262
608 0.00846262
609 0.00846262
610 0.00846262
611 0.00846262
612 0.00846262
613 0.00846262
614 0.00846262
615 0.00846262
616 0.00846262
617 0.00846262
618 0.00846262
619 0.00846262
620 0.00846262
621 0.00846262
622 0.00846262
623 0.00846262
624 0.00846262
625 0.00799248
626 0.00799248
627 0.00799248
628 0.00799248
629 0.00799248
630 0.00799248
631 0.00799248
632 0.00799248
633 0.00752233
634 0.00752233
635 0.00752233
636 0.00752233
637 0.00752233
638 0.00752233
639 0.00752233
640 0.00752233
641 0.00705219
642 0.00705219
643 0.00705219
644 0.00705219
645 0.00705219
646 0.00705219
647 0.00705219
648 0.00705219
649 0.00658204
650 0.00658204
651 0.00658204
652 0.00658204
653 0.00658204
654 0.00658204
655 0.00658204
656 0.00658204
657 0.00658204
658 0.00658204
659 0.00658204
660 0.00658204
661 0.00658204
662 0.00658204
663 0.00658204
664 0.00658204
665 0.00611189
666 0.00611189
667 0.00611189
668 0.00611189
669 0.00611189
670 0.00611189
671 0.00611189
672 0.00611189
673 0.00564175
674 0.00564175
675 0.00564175
676 0.00564175
677 0.00564175
678 0.00564175
679 0.00564175
680 0.00564175
681 0.0051716
682 0.0051716
683 0.0051716
684 0.0051716
685 0.0051716
686 0.0051716
687 0.0051716
688 0.0051716
689 0.0051716
690 0.0051716
691 0.0051716
692 0.0051716
693 0.0051716
694 0.0051716
695 0.0051716
696 0.0051716
697 0.00470146
698 0.00470146
699 0.00470146
700 0.00470146
701 0.00470146
702 0.00470146
703 0.00470146
704 0.00470146
705 0.00470146
706 0.00470146
707 0.00470146
708 0.00470146
709 0.00470146
710 0.00470146
711 0.00470146
712 0.00470146
713 0.00470146
714 0.00470146
715 0.00470146
716 0.00470146
717 0.00470146
718 0.00470146
719 0.00470146
720 0.00470146
721 0.00470146
722 0.00470146
723 0.00470146
724 0.00470146
725 0.00470146
726 0.00470146
727 0.00470146
728 0.00470146
729 0.00470146
730 0.00470146
731 0.00470146
732 0.00470146
733 0.00470146
734 0.00470146
735 0.00470146
736 0.00470146
737 0.00423131
738 0.00423131
739 0.00423131
740 0.00423131
741 0.00423131
742 0.00423131
743 0.00423131
744 0.00423131
745 0.00376117
746 0.00376117
747 0.00376117
748 0.00376117
749 0.00376117
750 0.00376117
751 0.00376117
752 0.00376117
753 0.00329102
754 0.00329102
755 0.00329102
756 0.00329102
757 0.00329102
758 0.00329102
759 0.00329102
760 0.00329102
761 0.00329102
762 0.00329102
763 0.00329102
764 0.00329102
765 0.00329102
766 0.00329102
767 0.00329102
768 0.00329102
769 0.00329102
770 0.00329102
771 0.00329102
772 0.00329102
773 0.00329102
774 0.00329102
775 0.00329102
776 0.00329102
777 0.00282087
778 0.00282087
779 0.00282087
780 0.00282087
781 0.00282087
782 0.00282087
783 0.00282087
784 0.00282087
785 0.00282087
786 0.00282087
787 0.00282087
788 0.00282087
789 0.00282087
790 0.00282087
791 0.00282087
792 0.00282087
793 0.00235073
794 0.00235073
795 0.00235073
796 0.00235073
797 0.00235073
798 0.00235073
799 0.00235073
800 0.00235073
801 0.00235073
802 0.00235073
803 0.00235073
804 0.00235073
805 0.00235073
806 0.00235073
807 0.00235073
808 0.00235073
809 0.00235073
810 0.00235073
811 0.00235073
812 0.00235073
813 0.00235073
814 0.00235073
815 0.00235073
816 0.00235073
817 0.00235073
818 0.00235073
819 0.00235073
820 0.00235073
821 0.00235073
822 0.00235073
823 0.00235073
824 0.00235073
825 0.00188058
826 0.00188058
827 0.00188058
828 0.00188058
829 0.00188058
830 0.00188058
831 0.00188058
832 0.00188058
833 0.00188058
834 0.00188058
835 0.00188058
836 0.00188058
837 0.00188058
838 0.00188058
839 0.00188058
840 0.00188058
841 0.00188058
842 0.00188058
843 0.00188058
844 0.00188058
845 0.00188058
846 0.00188058
847 0.00188058
848 0.00188058
849 0.00188058
850 0.00188058
851 0.00188058
852 0.00188058
853 0.00188058
854 0.00188058
855 0.00188058
856 0.00188058
857 0.00188058
858 0.00188058
859 0.00188058
860 0.00188058
861 0.00188058
862 0.00188058
863 0.00188058
864 0.00188058
865 0.00188058
866 0.00188058
867 0.00188058
868 0.00188058
869 0.00188058
870 0.00188058
871 0.00188058
872 0.00188058
873 0.00188058
874 0.00188058
875 0.00188058
876 0.00188058
877 0.00188058
878 0.00188058
879 0.00188058
880 0.00188058
881 0.00188058
882 0.00188058
883 0.00188058
884 0.00188058
885 0.00188058
886 0.00188058
887 0.00188058
888 0.00188058
889 0.00188058
890 0.00188058
891 0.00188058
892 0.00188058
893 0.00188058
894 0.00188058
895 0.00188058
896 0.00188058
897 0.00188058
898 0.00188058
899 0.00188058
900 0.00188058
901 0.00188058
902 0.00188058
903 0.00188058
904 0.00188058
905 0.00188058
906 0.00188058
907 0.00188058
908 0.00188058
909 0.00188058
910 0.00188058
911 0.00188058
912 0.00188058
913 0.00188058
914 0.00188058
915 0.00188058
916 0.00188058
917 0.00188058
918 0.00188058
919 0.00188058
920 0.00188058
921 0.00188058
922 0.00188058
923 0.00188058
924 0.00188058
925 0.00188058
926 0.00188058
927 0.00188058
928 0.00188058
929 0.00188058
930 0.00188058
931 0.00188058
932 0.00188058
933 0.00188058
934 0.00188058
935 0.00188058
936 0.00188058
937 0.00188058
938 0.00188058
939 0.00188058
940 0.00188058
941 0.00188058
942 0.00188058
943 0.00188058
944 0.00188058
945 0.00141044
946 0.00141044
947 0.00141044
948 0.00141044
949 0.00141044
950 0.00141044
951 0.00141044
952 0.00141044
953 0.00141044
954 0.00141044
955 0.00141044
956 0.00141044
957 0.00141044
958 0.00141044
959 0.00141044
960 0.00141044
961 0.00141044
962 0.00141044
963 0.00141044
964 0.00141044
965 0.00141044
966 0.00141044
967 0.00141044
968 0.00141044
969 0.00141044
970 0.00141044
971 0.00141044
972 0.00141044
973 0.00141044
974 0.00141044
975 0.00141044
976 0.00141044
977 0.00141044
978 0.00141044
979 0.00141044
980 0.00141044
981 0.00141044
982 0.00141044
983 0.00141044
984 0.00141044
985 0.00141044
986 0.00141044
987 0.00141044
988 0.00141044
989 0.00141044
990 0.00141044
991 0.00141044
992 0.00141044
993 0.00141044
994 0.00141044
995 0.00141044
996 0.00141044
997 0.00141044
998 0.00141044
999 0.00141044
1000 0.00141044
1001 0.00141044
1002 0.00141044
1003 0.00141044
1004 0.00141044
1005 0.00141044
1006 0.00141044
1007 0.00141044
1008 0.00141044
1009 0.00141044
1010 0.00141044
1011 0.00141044
1012 0.00141044
1013 0.00141044
1014 0.00141044
1015 0.00141044
1016 0.00141044
1017 0.00141044
1018 0.00141044
1019 0.00141044
1020 0.00141044
1021 0.00141044
1022 0.00141044
1023 0.00141044
1024 0.00141044
1025 0.00141044
1026 0.00141044
1027 0.00141044
1028 0.00141044
1029 0.00141044
1030 0.00141044
1031 0.00141044
1032 0.00141044
1033 0.000940292
1034 0.000940292
1035 0.000940292
1036 0.000940292
1037 0.000940292
1038 0.000940292
1039 0.000940292
1040 0.000940292
1041 0.000940292
1042 0.000940292
1043 0.000940292
1044 0.000940292
1045 0.000940292
1046 0.000940292
1047 0.000940292
1048 0.000940292
1049 0.000940292
1050 0.000940292
1051 0.000940292
1052 0.000940292
1053 0.000940292
1054 0.000940292
1055 0.000940292
1056 0.000940292
1057 0.000940292
1058 0.000940292
1059 0.000940292
1060 0.000940292
1061 0.000940292
1062 0.000940292
1063 0.000940292
1064 0.000940292
1065 0.000940292
1066 0.000940292
1067 0.000940292
1068 0.000940292
1069 0.000940292
1070 0.000940292
1071 0.000940292
1072 0.000940292
1073 0.000940292
1074 0.000940292
1075 0.000940292
1076 0.000940292
1077 0.000940292
1078 0.000940292
1079 0.000940292
1080 0.000940292
1081 0.000940292
1082 0.000940292
1083 0.000940292
1084 0.000940292
1085 0.000940292
1086 0.000940292
1087 0.000940292
1088 0.000940292
1089 0.000940292
1090 0.000940292
1091 0.000940292
1092 0.000940292
1093 0.000940292
1094 0.000940292
1095 0.000940292
1096 0.000940292
1097 0.000940292
1098 0.000940292
1099 0.000940292
1100 0.000940292
1101 0.000940292
1102 0.000940292
1103 0.000940292
1104 0.000940292
1105 0.000940292
1106 0.000940292
1107 0.000940292
1108 0.000940292
1109 0.000940292
1110 0.000940292
1111 0.000940292
1112 0.000940292
1113 0.000940292
1114 0.000940292
1115 0.000940292
1116 0.000940292
1117 0.000940292
1118 0.000940292
1119 0.000940292
1120 0.000940292
1121 0.000940292
1122 0.000940292
1123 0.000940292
1124 0.000940292
1125 0.000940292
1126 0.000940292
1127 0.000940292
1128 0.000940292
1129 0.000940292
1130 0.000940292
1131 0.000940292
1132 0.000940292
1133 0.000940292
1134 0.000940292
1135 0.000940292
1136 0.000940292
1137 0.000940292
1138 0.000940292
1139 0.000940292
1140 0.000940292
1141 0.000940292
1142 0.000940292
1143 0.000940292
1144 0.000940292
1145 0.000940292
1146 0.000940292
1147 0.000940292
1148 0.000940292
1149 0.000940292
1150 0.000940292
1151 0.000940292
1152 0.000940292
1153 0.000940292
1154 0.000940292
1155 0.000940292
1156 0.000940292
1157 0.000940292
1158 0.000940292
1159 0.000940292
1160 0.000940292
1161 0.000940292
1162 0.000940292
1163 0.000940292
1164 0.000940292
1165 0.000940292
1166 0.000940292
1167 0.000940292
1168 0.000940292
1169 0.000940292
1170 0.000940292
1171 0.000940292
1172 0.000940292
1173 0.000940292
1174 0.000940292
1175 0.000940292
1176 0.000940292
1177 0.000940292
1178 0.000940292
1179 0.000940292
1180 0.000940292
1181 0.000940292
1182 0.000940292
1183 0.000940292
1184 0.000940292
1185 0.000940292
1186 0.000940292
1187 0.000940292
1188 0.000940292
1189 0.000940292
1190 0.000940292
1191 0.000940292
1192 0.000940292
1193 0.000940292
1194 0.000940292
1195 0.000940292
1196 0.000940292
1197 0.000940292
1198 0.000940292
1199 0.000940292
1200 0.000940292
1201 0.000940292
1202 0.000940292
1203 0.000940292
1204 0.000940292
1205 0.000940292
1206 0.000940292
1207 0.000940292
1208 0.000940292
1209 0.000940292
1210 0.000940292
1211 0.000940292
1212 0.000940292
1213 0.000940292
1214 0.000940292
1215 0.000940292
1216 0.000940292
1217 0.000940292
1218 0.000940292
1219 0.000940292
1220 0.000940292
1221 0.000940292
1222 0.000940292
1223 0.000940292
1224 0.000940292
1225 0.000940292
1226 0.000940292
1227 0.000940292
1228 0.000940292
1229 0.000940292
1230 0.000940292
1231 0.000940292
1232 0.000940292
1233 0.000940292
1234 0.000940292
1235 0.000940292
1236 0.000940292
1237 0.000940292
1238 0.000940292
1239 0.000940292
1240 0.000940292
1241 0.000940292
1242 0.000940292
1243 0.000940292
1244 0.000940292
1245 0.000940292
1246 0.000940292
1247 0.000940292
1248 0.000940292
1249 0.000940292
1250 0.000940292
1251 0.000940292
1252 0.000940292
1253 0.000940292
1254 0.000940292
1255 0.000940292
1256 0.000940292
1257 0.000940292
1258 0.000940292
1259 0.000940292
1260 0.000940292
1261 0.000940292
1262 0.000940292
1263 0.000940292
1264 0.000940292
1265 0.000940292
1266 0.000940292
1267 0.000940292
1268 0.000940292
1269 0.000940292
1270 0.000940292
1271 0.000940292
1272 0.000940292
1273 0.000940292
1274 0.000940292
1275 0.000940292
1276 0.000940292
1277 0.000940292
1278 0.000940292
1279 0.000940292
1280 0.000940292
1281 0.000940292
1282 0.000940292
1283 0.000940292
1284 0.000940292
1285 0.000940292
1286 0.000940292
1287 0.000940292
1288 0.000940292
1289 0.000940292
1290 0.000940292
1291 0.000940292
1292 0.000940292
1293 0.000940292
1294 0.000940292
1295 0.000940292
1296 0.000940292
1297 0.000940292
1298 0.000940292
1299 0.000940292
1300 0.000940292
1301 0.000940292
1302 0.000940292
1303 0.000940292
1304 0.000940292
1305 0.000940292
1306 0.000940292
1307 0.000940292
1308 0.000940292
1309 0.000940292
1310 0.000940292
1311 0.000940292
1312 0.000940292
1313 0.000470146
1314 0.000470146
1315 0.000470146
1316 0.000470146
1317 0.000470146
1318 0.000470146
1319 0.000470146
1320 0.000470146
1321 0.000470146
1322 0.000470146
1323 0.000470146
1324 0.000470146
1325 0.000470146
1326 0.000470146
1327 0.000470146
1328 0.000470146
