0 1
1 1
2 1
3 1
4 1
5 1
6 1
7 1
8 1
9 1
10 1
11 1
12 1
13 1
14 1
15 1
16 1
17 1
18 1
19 1
20 1
21 1
22 1
23 1
24 1
25 1
26 1
27 1
28 1
29 1
30 1
31 1
32 1
33 1
34 1
35 1
36 1
37 1
38 1
39 0.999962
40 0.999962
41 0.999962
42 0.999962
43 0.999962
44 0.999962
45 0.999962
46 0.999962
47 0.999923
48 0.999923
49 0.999923
50 0.999923
51 0.999923
52 0.999923
53 0.999923
54 0.999923
55 0.99977
56 0.99977
57 0.99977
58 0.99977
59 0.99977
60 0.99977
61 0.99977
62 0.99977
63 0.99977
64 0.99977
65 0.991402
66 0.991402
67 0.991402
68 0.991402
69 0.991402
70 0.991402
71 0.991287
72 0.991287
73 0.98457
74 0.98457
75 0.98457
76 0.98457
77 0.98457
78 0.98457
79 0.984532
80 0.984532
81 0.976202
82 0.976202
83 0.976202
84 0.976202
85 0.976202
86 0.976202
87 0.976164
88 0.976164
89 0.969101
90 0.969101
91 0.969101
92 0.969101
93 0.969101
94 0.969101
95 0.968948
96 0.968948
97 0.961425
98 0.961425
99 0.961425
100 0.961425
101 0.961425
102 0.961425
103 0.961425
104 0.961425
105 0.951906
106 0.951906
107 0.951906
108 0.951906
109 0.951906
110 0.951906
111 0.951829
112 0.951829
113 0.942579
114 0.942579
115 0.942579
116 0.942579
117 0.942579
118 0.942579
119 0.942502
120 0.942502
121 0.932292
122 0.932292
123 0.932292
124 0.932292
125 0.932292
126 0.932292
127 0.932292
128 0.932292
129 0.921199
130 0.921199
131 0.921199
132 0.921199
133 0.921199
134 0.921199
135 0.921007
136 0.921007
137 0.91049
138 0.91049
139 0.91049
140 0.91049
141 0.91049
142 0.91049
143 0.910452
144 0.910452
145 0.899666
146 0.899666
147 0.899666
148 0.899666
149 0.899666
150 0.899666
151 0.899589
152 0.899589
153 0.889264
154 0.889264
155 0.889264
156 0.889264
157 0.889264
158 0.889264
159 0.889149
160 0.889149
161 0.87844
162 0.87844
163 0.87844
164 0.87844
165 0.87844
166 0.87844
167 0.878363
168 0.878363
169 0.867386
170 0.867386
171 0.867386
172 0.867386
173 0.867386
174 0.867386
175 0.867271
176 0.867271
177 0.856945
178 0.856945
179 0.856945
180 0.856945
181 0.856945
182 0.856945
183 0.85683
184 0.85683
185 0.848194
186 0.848194
187 0.848194
188 0.848194
189 0.848194
190 0.848194
191 0.848117
192 0.848117
193 0.838176
194 0.838176
195 0.838176
196 0.838176
197 0.838176
198 0.838176
199 0.838099
200 0.838099
201 0.82693
202 0.82693
203 0.82693
204 0.82693
205 0.82693
206 0.82693
207 0.826815
208 0.826815
209 0.815799
210 0.815799
211 0.815799
212 0.815799
213 0.815799
214 0.815799
215 0.815607
216 0.815607
217 0.804744
218 0.804744
219 0.804744
220 0.804744
221 0.804744
222 0.804744
223 0.804591
224 0.804591
225 0.795187
226 0.795187
227 0.795187
228 0.795187
229 0.795187
230 0.795187
231 0.795148
232 0.795148
233 0.785975
234 0.785975
235 0.785975
236 0.785975
237 0.785975
238 0.785975
239 0.785936
240 0.785936
241 0.775688
242 0.775688
243 0.775688
244 0.775688
245 0.775688
246 0.775688
247 0.775688
248 0.775688
249 0.765209
250 0.765209
251 0.765209
252 0.765209
253 0.765209
254 0.765209
255 0.765171
256 0.765171
257 0.755959
258 0.755959
259 0.755959
260 0.755959
261 0.755959
262 0.755959
263 0.755805
264 0.755805
265 0.747169
266 0.747169
267 0.747169
268 0.747169
269 0.747169
270 0.747169
271 0.747054
272 0.747054
273 0.737919
274 0.737919
275 0.737919
276 0.737919
277 0.737919
278 0.737919
279 0.73788
280 0.73788
281 0.728246
282 0.728246
283 0.728246
284 0.728246
285 0.728246
286 0.728246
287 0.72817
288 0.72817
289 0.718919
290 0.718919
291 0.718919
292 0.718919
293 0.718919
294 0.718919
295 0.718881
296 0.718881
297 0.70917
298 0.70917
299 0.70917
300 0.70917
301 0.70917
302 0.70917
303 0.709055
304 0.709055
305 0.700226
306 0.700226
307 0.700226
308 0.700226
309 0.700226
310 0.700226
311 0.700111
312 0.700111
313 0.69159
314 0.69159
315 0.69159
316 0.69159
317 0.69159
318 0.69159
319 0.691513
320 0.691513
321 0.682493
322 0.682493
323 0.682493
324 0.682493
325 0.682493
326 0.682493
327 0.682455
328 0.682455
329 0.674471
330 0.674471
331 0.674471
332 0.674471
333 0.674471
334 0.674471
335 0.674394
336 0.674394
337 0.66549
338 0.66549
339 0.66549
340 0.66549
341 0.66549
342 0.66549
343 0.665298
344 0.665298
345 0.656508
346 0.656508
347 0.656508
348 0.656508
349 0.656508
350 0.656508
351 0.656393
352 0.656393
353 0.649369
354 0.649369
355 0.649369
356 0.649369
357 0.649369
358 0.649369
359 0.64933
360 0.64933
361 0.641692
362 0.641692
363 0.641692
364 0.641692
365 0.641692
366 0.641692
367 0.641654
368 0.641654
369 0.63367
370 0.63367
371 0.63367
372 0.63367
373 0.63367
374 0.63367
375 0.633555
376 0.633555
377 0.625763
378 0.625763
379 0.625763
380 0.625763
381 0.625763
382 0.625763
383 0.625571
384 0.625571
385 0.617741
386 0.617741
387 0.617741
388 0.617741
389 0.617741
390 0.617741
391 0.617626
392 0.617626
393 0.60922
394 0.60922
395 0.60922
396 0.60922
397 0.60922
398 0.60922
399 0.608951
400 0.608951
401 0.600929
402 0.600929
403 0.600929
404 0.600929
405 0.600929
406 0.600929
407 0.600699
408 0.600699
409 0.593099
410 0.593099
411 0.593099
412 0.593099
413 0.593099
414 0.593099
415 0.592945
416 0.592945
417 0.586382
418 0.586382
419 0.586382
420 0.586382
421 0.586382
422 0.586382
423 0.586266
424 0.586266
425 0.579281
426 0.579281
427 0.579281
428 0.579281
429 0.579281
430 0.579281
431 0.579204
432 0.579204
433 0.572103
434 0.572103
435 0.572103
436 0.572103
437 0.572103
438 0.572103
439 0.571988
440 0.571988
441 0.565424
442 0.565424
443 0.565424
444 0.565424
445 0.565424
446 0.565424
447 0.565232
448 0.565232
449 0.559129
450 0.559129
451 0.559129
452 0.559129
453 0.559129
454 0.559129
455 0.559014
456 0.559014
457 0.551798
458 0.551798
459 0.551798
460 0.551798
461 0.551798
462 0.551798
463 0.551798
464 0.551798
465 0.544697
466 0.544697
467 0.544697
468 0.544697
469 0.544697
470 0.544697
471 0.544544
472 0.544544
473 0.537827
474 0.537827
475 0.537827
476 0.537827
477 0.537827
478 0.537827
479 0.53775
480 0.53775
481 0.531647
482 0.531647
483 0.531647
484 0.531647
485 0.531647
486 0.531647
487 0.531493
488 0.531493
489 0.525621
490 0.525621
491 0.525621
492 0.525621
493 0.525621
494 0.525621
495 0.525391
496 0.525391
497 0.519057
498 0.519057
499 0.519057
500 0.519057
501 0.519057
502 0.519057
503 0.518942
504 0.518942
505 0.51234
506 0.51234
507 0.51234
508 0.51234
509 0.51234
510 0.51234
511 0.512263
512 0.512263
513 0.505892
514 0.505892
515 0.505892
516 0.505892
517 0.505892
518 0.505892
519 0.5057
520 0.5057
521 0.49975
522 0.49975
523 0.49975
524 0.49975
525 0.49975
526 0.49975
527 0.499559
528 0.499559
529 0.49334
530 0.49334
531 0.49334
532 0.49334
533 0.49334
534 0.49334
535 0.49334
536 0.49334
537 0.487583
538 0.487583
539 0.487583
540 0.487583
541 0.487583
542 0.487583
543 0.487506
544 0.487506
545 0.480559
546 0.480559
547 0.480559
548 0.480559
549 0.480559
550 0.480559
551 0.480444
552 0.480444
553 0.474609
554 0.474609
555 0.474609
556 0.474609
557 0.474609
558 0.474609
559 0.474533
560 0.474533
561 0.469236
562 0.469236
563 0.469236
564 0.469236
565 0.469236
566 0.469236
567 0.469121
568 0.469121
569 0.463939
570 0.463939
571 0.463939
572 0.463939
573 0.463939
574 0.463939
575 0.463862
576 0.463862
577 0.458987
578 0.458987
579 0.458987
580 0.458987
581 0.458987
582 0.458987
583 0.458872
584 0.458872
585 0.453076
586 0.453076
587 0.453076
588 0.453076
589 0.453076
590 0.453076
591 0.452961
592 0.452961
593 0.447933
594 0.447933
595 0.447933
596 0.447933
597 0.447933
598 0.447933
599 0.44778
600 0.44778
601 0.442252
602 0.442252
603 0.442252
604 0.442252
605 0.442252
606 0.442252
607 0.442137
608 0.442137
609 0.43542
610 0.43542
611 0.43542
612 0.43542
613 0.43542
614 0.43542
615 0.435305
616 0.435305
617 0.429432
618 0.429432
619 0.429432
620 0.429432
621 0.429432
622 0.429432
623 0.42924
624 0.42924
625 0.424135
626 0.424135
627 0.424135
628 0.424135
629 0.424135
630 0.424135
631 0.424097
632 0.424097
633 0.418954
634 0.418954
635 0.418954
636 0.418954
637 0.418954
638 0.418954
639 0.4188
640 0.4188
641 0.414002
642 0.414002
643 0.414002
644 0.414002
645 0.414002
646 0.414002
647 0.413849
648 0.413849
649 0.409128
650 0.409128
651 0.409128
652 0.409128
653 0.409128
654 0.409128
655 0.408859
656 0.408859
657 0.40479
658 0.40479
659 0.40479
660 0.40479
661 0.40479
662 0.40479
663 0.404637
664 0.404637
665 0.399954
666 0.399954
667 0.399954
668 0.399954
669 0.399954
670 0.399954
671 0.3998
672 0.3998
673 0.394926
674 0.394926
675 0.394926
676 0.394926
677 0.394926
678 0.394926
679 0.394811
680 0.394811
681 0.390205
682 0.390205
683 0.390205
684 0.390205
685 0.390205
686 0.390205
687 0.390166
688 0.390166
689 0.386021
690 0.386021
691 0.386021
692 0.386021
693 0.386021
694 0.386021
695 0.385906
696 0.385906
697 0.380724
698 0.380724
699 0.380724
700 0.380724
701 0.380724
702 0.380724
703 0.380686
704 0.380686
705 0.37631
706 0.37631
707 0.37631
708 0.37631
709 0.37631
710 0.37631
711 0.376156
712 0.376156
713 0.371665
714 0.371665
715 0.371665
716 0.371665
717 0.371665
718 0.371665
719 0.37155
720 0.37155
721 0.366484
722 0.366484
723 0.366484
724 0.366484
725 0.366484
726 0.366484
727 0.366292
728 0.366292
729 0.361494
730 0.361494
731 0.361494
732 0.361494
733 0.361494
734 0.361494
735 0.361417
736 0.361417
737 0.357387
738 0.357387
739 0.357387
740 0.357387
741 0.357387
742 0.357387
743 0.357157
744 0.357157
745 0.352589
746 0.352589
747 0.352589
748 0.352589
749 0.352589
750 0.352589
751 0.352551
752 0.352551
753 0.349019
754 0.349019
755 0.349019
756 0.349019
757 0.349019
758 0.349019
759 0.348712
760 0.348712
761 0.343991
762 0.343991
763 0.343991
764 0.343991
765 0.343991
766 0.343991
767 0.343838
768 0.343838
769 0.340613
770 0.340613
771 0.340613
772 0.340613
773 0.340613
774 0.340613
775 0.340537
776 0.340537
777 0.336314
778 0.336314
779 0.336314
780 0.336314
781 0.336314
782 0.336314
783 0.336161
784 0.336161
785 0.332323
786 0.332323
787 0.332323
788 0.332323
789 0.332323
790 0.332323
791 0.332284
792 0.332284
793 0.3281
794 0.3281
795 0.3281
796 0.3281
797 0.3281
798 0.3281
799 0.327985
800 0.327985
801 0.324646
802 0.324646
803 0.324646
804 0.324646
805 0.324646
806 0.324646
807 0.324492
808 0.324492
809 0.320347
810 0.320347
811 0.320347
812 0.320347
813 0.320347
814 0.320347
815 0.320155
816 0.320155
817 0.316662
818 0.316662
819 0.316662
820 0.316662
821 0.316662
822 0.316662
823 0.316547
824 0.316547
825 0.312785
826 0.312785
827 0.312785
828 0.312785
829 0.312785
830 0.312785
831 0.31267
832 0.31267
833 0.308678
834 0.308678
835 0.308678
836 0.308678
837 0.308678
838 0.308678
839 0.308563
840 0.308563
841 0.30438
842 0.30438
843 0.30438
844 0.30438
845 0.30438
846 0.30438
847 0.304303
848 0.304303
849 0.301079
850 0.301079
851 0.301079
852 0.301079
853 0.301079
854 0.301079
855 0.301002
856 0.301002
857 0.297432
858 0.297432
859 0.297432
860 0.297432
861 0.297432
862 0.297432
863 0.297394
864 0.297394
865 0.294016
866 0.294016
867 0.294016
868 0.294016
869 0.294016
870 0.294016
871 0.293786
872 0.293786
873 0.290139
874 0.290139
875 0.290139
876 0.290139
877 0.290139
878 0.290139
879 0.290024
880 0.290024
881 0.286992
882 0.286992
883 0.286992
884 0.286992
885 0.286992
886 0.286992
887 0.286877
888 0.286877
889 0.284267
890 0.284267
891 0.284267
892 0.284267
893 0.284267
894 0.284267
895 0.28419
896 0.28419
897 0.280889
898 0.280889
899 0.280889
900 0.280889
901 0.280889
902 0.280889
903 0.280812
904 0.280812
905 0.277319
906 0.277319
907 0.277319
908 0.277319
909 0.277319
910 0.277319
911 0.277204
912 0.277204
913 0.273788
914 0.273788
915 0.273788
916 0.273788
917 0.273788
918 0.273788
919 0.273711
920 0.273711
921 0.270372
922 0.270372
923 0.270372
924 0.270372
925 0.270372
926 0.270372
927 0.270257
928 0.270257
929 0.266534
930 0.266534
931 0.266534
932 0.266534
933 0.266534
934 0.266534
935 0.266495
936 0.266495
937 0.263386
938 0.263386
939 0.263386
940 0.263386
941 0.263386
942 0.263386
943 0.263309
944 0.263309
945 0.2602
946 0.2602
947 0.2602
948 0.2602
949 0.2602
950 0.2602
951 0.260162
952 0.260162
953 0.257398
954 0.257398
955 0.257398
956 0.257398
957 0.257398
958 0.257398
959 0.257283
960 0.257283
961 0.254635
962 0.254635
963 0.254635
964 0.254635
965 0.254635
966 0.254635
967 0.254596
968 0.254596
969 0.251871
970 0.251871
971 0.251871
972 0.251871
973 0.251871
974 0.251871
975 0.251718
976 0.251718
977 0.248493
978 0.248493
979 0.248493
980 0.248493
981 0.248493
982 0.248493
983 0.248225
984 0.248225
985 0.245116
986 0.245116
987 0.245116
988 0.245116
989 0.245116
990 0.245116
991 0.244924
992 0.244924
993 0.241508
994 0.241508
995 0.241508
996 0.241508
997 0.241508
998 0.241508
999 0.241431
1000 0.241431
1001 0.238245
1002 0.238245
1003 0.238245
1004 0.238245
1005 0.238245
1006 0.238245
1007 0.23813
1008 0.23813
1009 0.235443
1010 0.235443
1011 0.235443
1012 0.235443
1013 0.235443
1014 0.235443
1015 0.235405
1016 0.235405
1017 0.232718
1018 0.232718
1019 0.232718
1020 0.232718
1021 0.232718
1022 0.232718
1023 0.232641
1024 0.232641
1025 0.230223
1026 0.230223
1027 0.230223
1028 0.230223
1029 0.230223
1030 0.230223
1031 0.230069
1032 0.230069
1033 0.227498
1034 0.227498
1035 0.227498
1036 0.227498
1037 0.227498
1038 0.227498
1039 0.227344
1040 0.227344
1041 0.224926
1042 0.224926
1043 0.224926
1044 0.224926
1045 0.224926
1046 0.224926
1047 0.224888
1048 0.224888
1049 0.221894
1050 0.221894
1051 0.221894
1052 0.221894
1053 0.221894
1054 0.221894
1055 0.221817
1056 0.221817
1057 0.219476
1058 0.219476
1059 0.219476
1060 0.219476
1061 0.219476
1062 0.219476
1063 0.219437
1064 0.219437
1065 0.21629
1066 0.21629
1067 0.21629
1068 0.21629
1069 0.21629
1070 0.21629
1071 0.216136
1072 0.216136
1073 0.213411
1074 0.213411
1075 0.213411
1076 0.213411
1077 0.213411
1078 0.213411
1079 0.213296
1080 0.213296
1081 0.210724
1082 0.210724
1083 0.210724
1084 0.210724
1085 0.210724
1086 0.210724
1087 0.210686
1088 0.210686
1089 0.207846
1090 0.207846
1091 0.207846
1092 0.207846
1093 0.207846
1094 0.207846
1095 0.20773
1096 0.20773
1097 0.205619
1098 0.205619
1099 0.205619
1100 0.205619
1101 0.205619
1102 0.205619
1103 0.205581
1104 0.205581
1105 0.202894
1106 0.202894
1107 0.202894
1108 0.202894
1109 0.202894
1110 0.202894
1111 0.202894
1112 0.202894
1113 0.200092
1114 0.200092
1115 0.200092
1116 0.200092
1117 0.200092
1118 0.200092
1119 0.200054
1120 0.200054
1121 0.197712
1122 0.197712
1123 0.197712
1124 0.197712
1125 0.197712
1126 0.197712
1127 0.197597
1128 0.197597
1129 0.195448
1130 0.195448
1131 0.195448
1132 0.195448
1133 0.195448
1134 0.195448
1135 0.195333
1136 0.195333
1137 0.192799
1138 0.192799
1139 0.192799
1140 0.192799
1141 0.192799
1142 0.192799
1143 0.192607
1144 0.192607
1145 0.190535
1146 0.190535
1147 0.190535
1148 0.190535
1149 0.190535
1150 0.190535
1151 0.19042
1152 0.19042
1153 0.188117
1154 0.188117
1155 0.188117
1156 0.188117
1157 0.188117
1158 0.188117
1159 0.188117
1160 0.188117
1161 0.186197
1162 0.186197
1163 0.186197
1164 0.186197
1165 0.186197
1166 0.186197
1167 0.186121
1168 0.186121
1169 0.183702
1170 0.183702
1171 0.183702
1172 0.183702
1173 0.183702
1174 0.183702
1175 0.183664
1176 0.183664
1177 0.180977
1178 0.180977
1179 0.180977
1180 0.180977
1181 0.180977
1182 0.180977
1183 0.180939
1184 0.180939
1185 0.178866
1186 0.178866
1187 0.178866
1188 0.178866
1189 0.178866
1190 0.178866
1191 0.178713
1192 0.178713
1193 0.17687
1194 0.17687
1195 0.17687
1196 0.17687
1197 0.17687
1198 0.17687
1199 0.176793
1200 0.176793
1201 0.174989
1202 0.174989
1203 0.174989
1204 0.174989
1205 0.174989
1206 0.174989
1207 0.174951
1208 0.174951
1209 0.173185
1210 0.173185
1211 0.173185
1212 0.173185
1213 0.173185
1214 0.173185
1215 0.17307
1216 0.17307
1217 0.171458
1218 0.171458
1219 0.171458
1220 0.171458
1221 0.171458
1222 0.171458
1223 0.171381
1224 0.171381
1225 0.169654
1226 0.169654
1227 0.169654
1228 0.169654
1229 0.169654
1230 0.169654
1231 0.169654
1232 0.169654
1233 0.167351
1234 0.167351
1235 0.167351
1236 0.167351
1237 0.167351
1238 0.167351
1239 0.167236
1240 0.167236
1241 0.16501
1242 0.16501
1243 0.16501
1244 0.16501
1245 0.16501
1246 0.16501
1247 0.164895
1248 0.164895
1249 0.16286
1250 0.16286
1251 0.16286
1252 0.16286
1253 0.16286
1254 0.16286
1255 0.162707
1256 0.162707
1257 0.16144
1258 0.16144
1259 0.16144
1260 0.16144
1261 0.16144
1262 0.16144
1263 0.161363
1264 0.161363
1265 0.16002
1266 0.16002
1267 0.16002
1268 0.16002
1269 0.16002
1270 0.16002
1271 0.159905
1272 0.159905
1273 0.158101
1274 0.158101
1275 0.158101
1276 0.158101
1277 0.158101
1278 0.158101
1279 0.158024
1280 0.158024
1281 0.15599
1282 0.15599
1283 0.15599
1284 0.15599
1285 0.15599
1286 0.15599
1287 0.155913
1288 0.155913
1289 0.154186
1290 0.154186
1291 0.154186
1292 0.154186
1293 0.154186
1294 0.154186
1295 0.154147
1296 0.154147
1297 0.151959
1298 0.151959
1299 0.151959
1300 0.151959
1301 0.151959
1302 0.151959
1303 0.151959
1304 0.151959
1305 0.150194
1306 0.150194
1307 0.150194
1308 0.150194
1309 0.150194
1310 0.150194
1311 0.150194
1312 0.150194
1313 0.148774
1314 0.148774
1315 0.148774
1316 0.148774
1317 0.148774
1318 0.148774
1319 0.148735
1320 0.148735
1321 0.14624
1322 0.14624
1323 0.14624
1324 0.14624
1325 0.14624
1326 0.14624
1327 0.14624
1328 0.14624
1329 0.144398
1330 0.144398
1331 0.144398
1332 0.144398
1333 0.144398
1334 0.144398
1335 0.14436
1336 0.14436
1337 0.142978
1338 0.142978
1339 0.142978
1340 0.142978
1341 0.142978
1342 0.142978
1343 0.142939
1344 0.142939
1345 0.141251
1346 0.141251
1347 0.141251
1348 0.141251
1349 0.141251
1350 0.141251
1351 0.141135
1352 0.141135
1353 0.139485
1354 0.139485
1355 0.139485
1356 0.139485
1357 0.139485
1358 0.139485
1359 0.139447
1360 0.139447
1361 0.137796
1362 0.137796
1363 0.137796
1364 0.137796
1365 0.137796
1366 0.137796
1367 0.137719
1368 0.137719
1369 0.135608
1370 0.135608
1371 0.135608
1372 0.135608
1373 0.135608
1374 0.135608
1375 0.135455
1376 0.135455
1377 0.133996
1378 0.133996
1379 0.133996
1380 0.133996
1381 0.133996
1382 0.133996
1383 0.133958
1384 0.133958
1385 0.13223
1386 0.13223
1387 0.13223
1388 0.13223
1389 0.13223
1390 0.13223
1391 0.132154
1392 0.132154
1393 0.130235
1394 0.130235
1395 0.130235
1396 0.130235
1397 0.130235
1398 0.130235
1399 0.130196
1400 0.130196
1401 0.128891
1402 0.128891
1403 0.128891
1404 0.128891
1405 0.128891
1406 0.128891
1407 0.128776
1408 0.128776
1409 0.127586
1410 0.127586
1411 0.127586
1412 0.127586
1413 0.127586
1414 0.127586
1415 0.127548
1416 0.127548
1417 0.126166
1418 0.126166
1419 0.126166
1420 0.126166
1421 0.126166
1422 0.126166
1423 0.126089
1424 0.126089
1425 0.124554
1426 0.124554
1427 0.124554
1428 0.124554
1429 0.124554
1430 0.124554
1431 0.124477
1432 0.124477
1433 0.122673
1434 0.122673
1435 0.122673
1436 0.122673
1437 0.122673
1438 0.122673
1439 0.122558
1440 0.122558
1441 0.121023
1442 0.121023
1443 0.121023
1444 0.121023
1445 0.121023
1446 0.121023
1447 0.120907
1448 0.120907
1449 0.119641
1450 0.119641
1451 0.119641
1452 0.119641
1453 0.119641
1454 0.119641
1455 0.119526
1456 0.119526
1457 0.118489
1458 0.118489
1459 0.118489
1460 0.118489
1461 0.118489
1462 0.118489
1463 0.118489
1464 0.118489
1465 0.11776
1466 0.11776
1467 0.11776
1468 0.11776
1469 0.11776
1470 0.11776
1471 0.117645
1472 0.117645
1473 0.116378
1474 0.116378
1475 0.116378
1476 0.116378
1477 0.116378
1478 0.116378
1479 0.116263
1480 0.116263
1481 0.115035
1482 0.115035
1483 0.115035
1484 0.115035
1485 0.115035
1486 0.115035
1487 0.114996
1488 0.114996
1489 0.113653
1490 0.113653
1491 0.113653
1492 0.113653
1493 0.113653
1494 0.113653
1495 0.113615
1496 0.113615
1497 0.112271
1498 0.112271
1499 0.112271
1500 0.112271
1501 0.112271
1502 0.112271
1503 0.112194
1504 0.112194
1505 0.110467
1506 0.110467
1507 0.110467
1508 0.110467
1509 0.110467
1510 0.110467
1511 0.110352
1512 0.110352
1513 0.109047
1514 0.109047
1515 0.109047
1516 0.109047
1517 0.109047
1518 0.109047
1519 0.109009
1520 0.109009
1521 0.108356
1522 0.108356
1523 0.108356
1524 0.108356
1525 0.108356
1526 0.108356
1527 0.108279
1528 0.108279
1529 0.106782
1530 0.106782
1531 0.106782
1532 0.106782
1533 0.106782
1534 0.106782
1535 0.106667
1536 0.106667
1537 0.105401
1538 0.105401
1539 0.105401
1540 0.105401
1541 0.105401
1542 0.105401
1543 0.105401
1544 0.105401
1545 0.103904
1546 0.103904
1547 0.103904
1548 0.103904
1549 0.103904
1550 0.103904
1551 0.103827
1552 0.103827
1553 0.102906
1554 0.102906
1555 0.102906
1556 0.102906
1557 0.102906
1558 0.102906
1559 0.10279
1560 0.10279
1561 0.101601
1562 0.101601
1563 0.101601
1564 0.101601
1565 0.101601
1566 0.101601
1567 0.101601
1568 0.101601
1569 0.100219
1570 0.100219
1571 0.100219
1572 0.100219
1573 0.100219
1574 0.100219
1575 0.10018
1576 0.10018
1577 0.0992208
1578 0.0992208
1579 0.0992208
1580 0.0992208
1581 0.0992208
1582 0.0992208
1583 0.0992208
1584 0.0992208
1585 0.0981077
1586 0.0981077
1587 0.0981077
1588 0.0981077
1589 0.0981077
1590 0.0981077
1591 0.0979926
1592 0.0979926
1593 0.0969178
1594 0.0969178
1595 0.0969178
1596 0.0969178
1597 0.0969178
1598 0.0969178
1599 0.0969178
1600 0.0969178
1601 0.0959199
1602 0.0959199
1603 0.0959199
1604 0.0959199
1605 0.0959199
1606 0.0959199
1607 0.0959199
1608 0.0959199
1609 0.0950754
1610 0.0950754
1611 0.0950754
1612 0.0950754
1613 0.0950754
1614 0.0950754
1615 0.095037
1616 0.095037
1617 0.0939623
1618 0.0939623
1619 0.0939623
1620 0.0939623
1621 0.0939623
1622 0.0939623
1623 0.0938855
1624 0.0938855
1625 0.092926
1626 0.092926
1627 0.092926
1628 0.092926
1629 0.092926
1630 0.092926
1631 0.0928876
1632 0.0928876
1633 0.0917745
1634 0.0917745
1635 0.0917745
1636 0.0917745
1637 0.0917745
1638 0.0917745
1639 0.0916977
1640 0.0916977
1641 0.0905078
1642 0.0905078
1643 0.0905078
1644 0.0905078
1645 0.0905078
1646 0.0905078
1647 0.0904694
1648 0.0904694
1649 0.0890876
1650 0.0890876
1651 0.0890876
1652 0.0890876
1653 0.0890876
1654 0.0890876
1655 0.0890492
1656 0.0890492
1657 0.0882432
1658 0.0882432
1659 0.0882432
1660 0.0882432
1661 0.0882432
1662 0.0882432
1663 0.0882048
1664 0.0882048
1665 0.0872836
1666 0.0872836
1667 0.0872836
1668 0.0872836
1669 0.0872836
1670 0.0872836
1671 0.0872836
1672 0.0872836
1673 0.0862473
1674 0.0862473
1675 0.0862473
1676 0.0862473
1677 0.0862473
1678 0.0862473
1679 0.0862473
1680 0.0862473
1681 0.0856715
1682 0.0856715
1683 0.0856715
1684 0.0856715
1685 0.0856715
1686 0.0856715
1687 0.0856331
1688 0.0856331
1689 0.0844049
1690 0.0844049
1691 0.0844049
1692 0.0844049
1693 0.0844049
1694 0.0844049
1695 0.0843281
1696 0.0843281
1697 0.0831382
1698 0.0831382
1699 0.0831382
1700 0.0831382
1701 0.0831382
1702 0.0831382
1703 0.0831382
1704 0.0831382
1705 0.081718
1706 0.081718
1707 0.081718
1708 0.081718
1709 0.081718
1710 0.081718
1711 0.081718
1712 0.081718
1713 0.0809504
1714 0.0809504
1715 0.0809504
1716 0.0809504
1717 0.0809504
1718 0.0809504
1719 0.080912
1720 0.080912
1721 0.0798373
1722 0.0798373
1723 0.0798373
1724 0.0798373
1725 0.0798373
1726 0.0798373
1727 0.0797605
1728 0.0797605
1729 0.0787241
1730 0.0787241
1731 0.0787241
1732 0.0787241
1733 0.0787241
1734 0.0787241
1735 0.0786858
1736 0.0786858
1737 0.0780716
1738 0.0780716
1739 0.0780716
1740 0.0780716
1741 0.0780716
1742 0.0780716
1743 0.0780332
1744 0.0780332
1745 0.0767282
1746 0.0767282
1747 0.0767282
1748 0.0767282
1749 0.0767282
1750 0.0767282
1751 0.0767282
1752 0.0767282
1753 0.0760757
1754 0.0760757
1755 0.0760757
1756 0.0760757
1757 0.0760757
1758 0.0760757
1759 0.0759989
1760 0.0759989
1761 0.0752313
1762 0.0752313
1763 0.0752313
1764 0.0752313
1765 0.0752313
1766 0.0752313
1767 0.0751929
1768 0.0751929
1769 0.0743868
1770 0.0743868
1771 0.0743868
1772 0.0743868
1773 0.0743868
1774 0.0743868
1775 0.0743101
1776 0.0743101
1777 0.0733505
1778 0.0733505
1779 0.0733505
1780 0.0733505
1781 0.0733505
1782 0.0733505
1783 0.0733121
1784 0.0733121
1785 0.072506
1786 0.072506
1787 0.072506
1788 0.072506
1789 0.072506
1790 0.072506
1791 0.0724677
1792 0.0724677
1793 0.0714697
1794 0.0714697
1795 0.0714697
1796 0.0714697
1797 0.0714697
1798 0.0714697
1799 0.0714313
1800 0.0714313
1801 0.0707404
1802 0.0707404
1803 0.0707404
1804 0.0707404
1805 0.0707404
1806 0.0707404
1807 0.070702
1808 0.070702
1809 0.0698576
1810 0.0698576
1811 0.0698576
1812 0.0698576
1813 0.0698576
1814 0.0698576
1815 0.0697424
1816 0.0697424
1817 0.0690515
1818 0.0690515
1819 0.0690515
1820 0.0690515
1821 0.0690515
1822 0.0690515
1823 0.0690515
1824 0.0690515
1825 0.0685526
1826 0.0685526
1827 0.0685526
1828 0.0685526
1829 0.0685526
1830 0.0685526
1831 0.0685142
1832 0.0685142
1833 0.0678617
1834 0.0678617
1835 0.0678617
1836 0.0678617
1837 0.0678617
1838 0.0678617
1839 0.0677849
1840 0.0677849
1841 0.0672091
1842 0.0672091
1843 0.0672091
1844 0.0672091
1845 0.0672091
1846 0.0672091
1847 0.0671708
1848 0.0671708
1849 0.0665566
1850 0.0665566
1851 0.0665566
1852 0.0665566
1853 0.0665566
1854 0.0665566
1855 0.0664799
1856 0.0664799
1857 0.065789
1858 0.065789
1859 0.065789
1860 0.065789
1861 0.065789
1862 0.065789
1863 0.0657506
1864 0.0657506
1865 0.0650981
1866 0.0650981
1867 0.0650981
1868 0.0650981
1869 0.0650981
1870 0.0650981
1871 0.0650981
1872 0.0650981
1873 0.0643688
1874 0.0643688
1875 0.0643688
1876 0.0643688
1877 0.0643688
1878 0.0643688
1879 0.064292
1880 0.064292
1881 0.0633708
1882 0.0633708
1883 0.0633708
1884 0.0633708
1885 0.0633708
1886 0.0633708
1887 0.0633708
1888 0.0633708
1889 0.0626032
1890 0.0626032
1891 0.0626032
1892 0.0626032
1893 0.0626032
1894 0.0626032
1895 0.0626032
1896 0.0626032
1897 0.0616052
1898 0.0616052
1899 0.0616052
1900 0.0616052
1901 0.0616052
1902 0.0616052
1903 0.0615284
1904 0.0615284
1905 0.060684
1906 0.060684
1907 0.060684
1908 0.060684
1909 0.060684
1910 0.060684
1911 0.0606072
1912 0.0606072
1913 0.0598396
1914 0.0598396
1915 0.0598396
1916 0.0598396
1917 0.0598396
1918 0.0598396
1919 0.0598012
1920 0.0598012
1921 0.05888
1922 0.05888
1923 0.05888
1924 0.05888
1925 0.05888
1926 0.05888
1927 0.0588032
1928 0.0588032
1929 0.0580355
1930 0.0580355
1931 0.0580355
1932 0.0580355
1933 0.0580355
1934 0.0580355
1935 0.0579588
1936 0.0579588
1937 0.0567305
1938 0.0567305
1939 0.0567305
1940 0.0567305
1941 0.0567305
1942 0.0567305
1943 0.0567305
1944 0.0567305
1945 0.0561164
1946 0.0561164
1947 0.0561164
1948 0.0561164
1949 0.0561164
1950 0.0561164
1951 0.0561164
1952 0.0561164
1953 0.0556942
1954 0.0556942
1955 0.0556942
1956 0.0556942
1957 0.0556942
1958 0.0556942
1959 0.0556942
1960 0.0556942
1961 0.0551952
1962 0.0551952
1963 0.0551952
1964 0.0551952
1965 0.0551952
1966 0.0551952
1967 0.0551952
1968 0.0551952
1969 0.0546194
1970 0.0546194
1971 0.0546194
1972 0.0546194
1973 0.0546194
1974 0.0546194
1975 0.054581
1976 0.054581
1977 0.0540437
1978 0.0540437
1979 0.0540437
1980 0.0540437
1981 0.0540437
1982 0.0540437
1983 0.0540053
1984 0.0540053
1985 0.0533912
1986 0.0533912
1987 0.0533912
1988 0.0533912
1989 0.0533912
1990 0.0533912
1991 0.0533912
1992 0.0533912
1993 0.0528154
1994 0.0528154
1995 0.0528154
1996 0.0528154
1997 0.0528154
1998 0.0528154
1999 0.0527386
2000 0.0527386
2001 0.0521245
2002 0.0521245
2003 0.0521245
2004 0.0521245
2005 0.0521245
2006 0.0521245
2007 0.0520861
2008 0.0520861
2009 0.0511266
2010 0.0511266
2011 0.0511266
2012 0.0511266
2013 0.0511266
2014 0.0511266
2015 0.0510882
2016 0.0510882
2017 0.0502053
2018 0.0502053
2019 0.0502053
2020 0.0502053
2021 0.0502053
2022 0.0502053
2023 0.0502053
2024 0.0502053
2025 0.0495528
2026 0.0495528
2027 0.0495528
2028 0.0495528
2029 0.0495528
2030 0.0495528
2031 0.0494761
2032 0.0494761
2033 0.0488236
2034 0.0488236
2035 0.0488236
2036 0.0488236
2037 0.0488236
2038 0.0488236
2039 0.0487852
2040 0.0487852
2041 0.0486316
2042 0.0486316
2043 0.0486316
2044 0.0486316
2045 0.0486316
2046 0.0486316
2047 0.0486316
2048 0.0486316
2049 0.048171
2050 0.048171
2051 0.048171
2052 0.048171
2053 0.048171
2054 0.048171
2055 0.0481327
2056 0.0481327
2057 0.0472882
2058 0.0472882
2059 0.0472882
2060 0.0472882
2061 0.0472882
2062 0.0472882
2063 0.0472882
2064 0.0472882
2065 0.0467892
2066 0.0467892
2067 0.0467892
2068 0.0467892
2069 0.0467892
2070 0.0467892
2071 0.0467892
2072 0.0467892
2073 0.0462519
2074 0.0462519
2075 0.0462519
2076 0.0462519
2077 0.0462519
2078 0.0462519
2079 0.0461751
2080 0.0461751
2081 0.0455994
2082 0.0455994
2083 0.0455994
2084 0.0455994
2085 0.0455994
2086 0.0455994
2087 0.045561
2088 0.045561
2089 0.0449468
2090 0.0449468
2091 0.0449468
2092 0.0449468
2093 0.0449468
2094 0.0449468
2095 0.0449085
2096 0.0449085
2097 0.0443711
2098 0.0443711
2099 0.0443711
2100 0.0443711
2101 0.0443711
2102 0.0443711
2103 0.0443327
2104 0.0443327
2105 0.0439489
2106 0.0439489
2107 0.0439489
2108 0.0439489
2109 0.0439489
2110 0.0439489
2111 0.0439105
2112 0.0439105
2113 0.0436034
2114 0.0436034
2115 0.0436034
2116 0.0436034
2117 0.0436034
2118 0.0436034
2119 0.0436034
2120 0.0436034
2121 0.0431044
2122 0.0431044
2123 0.0431044
2124 0.0431044
2125 0.0431044
2126 0.0431044
2127 0.0430661
2128 0.0430661
2129 0.0424135
2130 0.0424135
2131 0.0424135
2132 0.0424135
2133 0.0424135
2134 0.0424135
2135 0.0423752
2136 0.0423752
2137 0.0419913
2138 0.0419913
2139 0.0419913
2140 0.0419913
2141 0.0419913
2142 0.0419913
2143 0.0419529
2144 0.0419529
2145 0.0416843
2146 0.0416843
2147 0.0416843
2148 0.0416843
2149 0.0416843
2150 0.0416843
2151 0.0416843
2152 0.0416843
2153 0.0413004
2154 0.0413004
2155 0.0413004
2156 0.0413004
2157 0.0413004
2158 0.0413004
2159 0.0412237
2160 0.0412237
2161 0.0408398
2162 0.0408398
2163 0.0408398
2164 0.0408398
2165 0.0408398
2166 0.0408398
2167 0.0408398
2168 0.0408398
2169 0.0404944
2170 0.0404944
2171 0.0404944
2172 0.0404944
2173 0.0404944
2174 0.0404944
2175 0.0404944
2176 0.0404944
2177 0.0401873
2178 0.0401873
2179 0.0401873
2180 0.0401873
2181 0.0401873
2182 0.0401873
2183 0.0401105
2184 0.0401105
2185 0.0398035
2186 0.0398035
2187 0.0398035
2188 0.0398035
2189 0.0398035
2190 0.0398035
2191 0.0398035
2192 0.0398035
2193 0.0393429
2194 0.0393429
2195 0.0393429
2196 0.0393429
2197 0.0393429
2198 0.0393429
2199 0.0393429
2200 0.0393429
2201 0.0389207
2202 0.0389207
2203 0.0389207
2204 0.0389207
2205 0.0389207
2206 0.0389207
2207 0.0388439
2208 0.0388439
2209 0.0385752
2210 0.0385752
2211 0.0385752
2212 0.0385752
2213 0.0385752
2214 0.0385752
2215 0.0385368
2216 0.0385368
2217 0.0380762
2218 0.0380762
2219 0.0380762
2220 0.0380762
2221 0.0380762
2222 0.0380762
2223 0.0380378
2224 0.0380378
2225 0.037654
2226 0.037654
2227 0.037654
2228 0.037654
2229 0.037654
2230 0.037654
2231 0.0376156
2232 0.0376156
2233 0.0372318
2234 0.0372318
2235 0.0372318
2236 0.0372318
2237 0.0372318
2238 0.0372318
2239 0.0371934
2240 0.0371934
2241 0.0367712
2242 0.0367712
2243 0.0367712
2244 0.0367712
2245 0.0367712
2246 0.0367712
2247 0.0367328
2248 0.0367328
2249 0.0362722
2250 0.0362722
2251 0.0362722
2252 0.0362722
2253 0.0362722
2254 0.0362722
2255 0.0362722
2256 0.0362722
2257 0.0360035
2258 0.0360035
2259 0.0360035
2260 0.0360035
2261 0.0360035
2262 0.0360035
2263 0.0359268
2264 0.0359268
2265 0.0355429
2266 0.0355429
2267 0.0355429
2268 0.0355429
2269 0.0355429
2270 0.0355429
2271 0.0355429
2272 0.0355429
2273 0.0351975
2274 0.0351975
2275 0.0351975
2276 0.0351975
2277 0.0351975
2278 0.0351975
2279 0.0351591
2280 0.0351591
2281 0.0347369
2282 0.0347369
2283 0.0347369
2284 0.0347369
2285 0.0347369
2286 0.0347369
2287 0.0346985
2288 0.0346985
2289 0.0343147
2290 0.0343147
2291 0.0343147
2292 0.0343147
2293 0.0343147
2294 0.0343147
2295 0.0343147
2296 0.0343147
2297 0.0338924
2298 0.0338924
2299 0.0338924
2300 0.0338924
2301 0.0338924
2302 0.0338924
2303 0.0338541
2304 0.0338541
2305 0.0335086
2306 0.0335086
2307 0.0335086
2308 0.0335086
2309 0.0335086
2310 0.0335086
2311 0.0334702
2312 0.0334702
2313 0.033048
2314 0.033048
2315 0.033048
2316 0.033048
2317 0.033048
2318 0.033048
2319 0.033048
2320 0.033048
2321 0.0329329
2322 0.0329329
2323 0.0329329
2324 0.0329329
2325 0.0329329
2326 0.0329329
2327 0.0328945
2328 0.0328945
2329 0.0324723
2330 0.0324723
2331 0.0324723
2332 0.0324723
2333 0.0324723
2334 0.0324723
2335 0.0324723
2336 0.0324723
2337 0.0320117
2338 0.0320117
2339 0.0320117
2340 0.0320117
2341 0.0320117
2342 0.0320117
2343 0.0319733
2344 0.0319733
2345 0.0315511
2346 0.0315511
2347 0.0315511
2348 0.0315511
2349 0.0315511
2350 0.0315511
2351 0.0315511
2352 0.0315511
2353 0.0313975
2354 0.0313975
2355 0.0313975
2356 0.0313975
2357 0.0313975
2358 0.0313975
2359 0.0313592
2360 0.0313592
2361 0.0310137
2362 0.0310137
2363 0.0310137
2364 0.0310137
2365 0.0310137
2366 0.0310137
2367 0.0309753
2368 0.0309753
2369 0.0305147
2370 0.0305147
2371 0.0305147
2372 0.0305147
2373 0.0305147
2374 0.0305147
2375 0.030438
2376 0.030438
2377 0.0301693
2378 0.0301693
2379 0.0301693
2380 0.0301693
2381 0.0301693
2382 0.0301693
2383 0.0301309
2384 0.0301309
2385 0.0298622
2386 0.0298622
2387 0.0298622
2388 0.0298622
2389 0.0298622
2390 0.0298622
2391 0.0298238
2392 0.0298238
2393 0.0297087
2394 0.0297087
2395 0.0297087
2396 0.0297087
2397 0.0297087
2398 0.0297087
2399 0.0296319
2400 0.0296319
2401 0.0293632
2402 0.0293632
2403 0.0293632
2404 0.0293632
2405 0.0293632
2406 0.0293632
2407 0.0293248
2408 0.0293248
2409 0.0290178
2410 0.0290178
2411 0.0290178
2412 0.0290178
2413 0.0290178
2414 0.0290178
2415 0.0289794
2416 0.0289794
2417 0.0283653
2418 0.0283653
2419 0.0283653
2420 0.0283653
2421 0.0283653
2422 0.0283653
2423 0.0283653
2424 0.0283653
2425 0.0280966
2426 0.0280966
2427 0.0280966
2428 0.0280966
2429 0.0280966
2430 0.0280966
2431 0.0280966
2432 0.0280966
2433 0.0278663
2434 0.0278663
2435 0.0278663
2436 0.0278663
2437 0.0278663
2438 0.0278663
2439 0.0278663
2440 0.0278663
2441 0.0275592
2442 0.0275592
2443 0.0275592
2444 0.0275592
2445 0.0275592
2446 0.0275592
2447 0.0274824
2448 0.0274824
2449 0.0269835
2450 0.0269835
2451 0.0269835
2452 0.0269835
2453 0.0269835
2454 0.0269835
2455 0.0269835
2456 0.0269835
2457 0.0267148
2458 0.0267148
2459 0.0267148
2460 0.0267148
2461 0.0267148
2462 0.0267148
2463 0.0267148
2464 0.0267148
2465 0.0262926
2466 0.0262926
2467 0.0262926
2468 0.0262926
2469 0.0262926
2470 0.0262926
2471 0.0261774
2472 0.0261774
2473 0.0257936
2474 0.0257936
2475 0.0257936
2476 0.0257936
2477 0.0257936
2478 0.0257936
2479 0.0257168
2480 0.0257168
2481 0.0254481
2482 0.0254481
2483 0.0254481
2484 0.0254481
2485 0.0254481
2486 0.0254481
2487 0.0254481
2488 0.0254481
2489 0.0251411
2490 0.0251411
2491 0.0251411
2492 0.0251411
2493 0.0251411
2494 0.0251411
2495 0.0251411
2496 0.0251411
2497 0.0250643
2498 0.0250643
2499 0.0250643
2500 0.0250643
2501 0.0250643
2502 0.0250643
2503 0.0250259
2504 0.0250259
2505 0.0247572
2506 0.0247572
2507 0.0247572
2508 0.0247572
2509 0.0247572
2510 0.0247572
2511 0.0247572
2512 0.0247572
2513 0.0246421
2514 0.0246421
2515 0.0246421
2516 0.0246421
2517 0.0246421
2518 0.0246421
2519 0.0246421
2520 0.0246421
2521 0.0241431
2522 0.0241431
2523 0.0241431
2524 0.0241431
2525 0.0241431
2526 0.0241431
2527 0.0241431
2528 0.0241431
2529 0.023836
2530 0.023836
2531 0.023836
2532 0.023836
2533 0.023836
2534 0.023836
2535 0.0237976
2536 0.0237976
2537 0.0236441
2538 0.0236441
2539 0.0236441
2540 0.0236441
2541 0.0236441
2542 0.0236441
2543 0.0236057
2544 0.0236057
2545 0.0232987
2546 0.0232987
2547 0.0232987
2548 0.0232987
2549 0.0232987
2550 0.0232987
2551 0.0232603
2552 0.0232603
2553 0.0229916
2554 0.0229916
2555 0.0229916
2556 0.0229916
2557 0.0229916
2558 0.0229916
2559 0.0229532
2560 0.0229532
2561 0.0227997
2562 0.0227997
2563 0.0227997
2564 0.0227997
2565 0.0227997
2566 0.0227997
2567 0.0227613
2568 0.0227613
2569 0.0223007
2570 0.0223007
2571 0.0223007
2572 0.0223007
2573 0.0223007
2574 0.0223007
2575 0.0223007
2576 0.0223007
2577 0.0218785
2578 0.0218785
2579 0.0218785
2580 0.0218785
2581 0.0218785
2582 0.0218785
2583 0.0218401
2584 0.0218401
2585 0.0213795
2586 0.0213795
2587 0.0213795
2588 0.0213795
2589 0.0213795
2590 0.0213795
2591 0.0213027
2592 0.0213027
2593 0.0210724
2594 0.0210724
2595 0.0210724
2596 0.0210724
2597 0.0210724
2598 0.0210724
2599 0.0210724
2600 0.0210724
2601 0.020727
2602 0.020727
2603 0.020727
2604 0.020727
2605 0.020727
2606 0.020727
2607 0.0206502
2608 0.0206502
2609 0.0203815
2610 0.0203815
2611 0.0203815
2612 0.0203815
2613 0.0203815
2614 0.0203815
2615 0.0203815
2616 0.0203815
2617 0.0199977
2618 0.0199977
2619 0.0199977
2620 0.0199977
2621 0.0199977
2622 0.0199977
2623 0.0199593
2624 0.0199593
2625 0.019729
2626 0.019729
2627 0.019729
2628 0.019729
2629 0.019729
2630 0.019729
2631 0.019729
2632 0.019729
2633 0.0196139
2634 0.0196139
2635 0.0196139
2636 0.0196139
2637 0.0196139
2638 0.0196139
2639 0.0195755
2640 0.0195755
2641 0.0193452
2642 0.0193452
2643 0.0193452
2644 0.0193452
2645 0.0193452
2646 0.0193452
2647 0.0193452
2648 0.0193452
2649 0.0191149
2650 0.0191149
2651 0.0191149
2652 0.0191149
2653 0.0191149
2654 0.0191149
2655 0.0191149
2656 0.0191149
2657 0.0189613
2658 0.0189613
2659 0.0189613
2660 0.0189613
2661 0.0189613
2662 0.0189613
2663 0.0189613
2664 0.0189613
2665 0.0186927
2666 0.0186927
2667 0.0186927
2668 0.0186927
2669 0.0186927
2670 0.0186927
2671 0.0186927
2672 0.0186927
2673 0.0183088
2674 0.0183088
2675 0.0183088
2676 0.0183088
2677 0.0183088
2678 0.0183088
2679 0.0182321
2680 0.0182321
2681 0.017925
2682 0.017925
2683 0.017925
2684 0.017925
2685 0.017925
2686 0.017925
2687 0.0178866
2688 0.0178866
2689 0.0176947
2690 0.0176947
2691 0.0176947
2692 0.0176947
2693 0.0176947
2694 0.0176947
2695 0.0176947
2696 0.0176947
2697 0.0175028
2698 0.0175028
2699 0.0175028
2700 0.0175028
2701 0.0175028
2702 0.0175028
2703 0.0175028
2704 0.0175028
2705 0.017426
2706 0.017426
2707 0.017426
2708 0.017426
2709 0.017426
2710 0.017426
2711 0.0173492
2712 0.0173492
2713 0.0171189
2714 0.0171189
2715 0.0171189
2716 0.0171189
2717 0.0171189
2718 0.0171189
2719 0.016927
2720 0.016927
2721 0.0166584
2722 0.0166584
2723 0.0166584
2724 0.0166584
2725 0.0166584
2726 0.0166584
2727 0.0166584
2728 0.0166584
2729 0.0164664
2730 0.0164664
2731 0.0164664
2732 0.0164664
2733 0.0164664
2734 0.0164664
2735 0.0164664
2736 0.0164664
2737 0.0163129
2738 0.0163129
2739 0.0163129
2740 0.0163129
2741 0.0163129
2742 0.0163129
2743 0.0163129
2744 0.0163129
2745 0.0161594
2746 0.0161594
2747 0.0161594
2748 0.0161594
2749 0.0161594
2750 0.0161594
2751 0.0160826
2752 0.0160826
2753 0.0157755
2754 0.0157755
2755 0.0157755
2756 0.0157755
2757 0.0157755
2758 0.0157755
2759 0.0157755
2760 0.0157755
2761 0.0155069
2762 0.0155069
2763 0.0155069
2764 0.0155069
2765 0.0155069
2766 0.0155069
2767 0.0155069
2768 0.0155069
2769 0.0153149
2770 0.0153149
2771 0.0153149
2772 0.0153149
2773 0.0153149
2774 0.0153149
2775 0.0152766
2776 0.0152766
2777 0.0151614
2778 0.0151614
2779 0.0151614
2780 0.0151614
2781 0.0151614
2782 0.0151614
2783 0.0151614
2784 0.0151614
2785 0.015123
2786 0.015123
2787 0.015123
2788 0.015123
2789 0.015123
2790 0.015123
2791 0.015123
2792 0.015123
2793 0.014816
2794 0.014816
2795 0.014816
2796 0.014816
2797 0.014816
2798 0.014816
2799 0.014816
2800 0.014816
2801 0.0147008
2802 0.0147008
2803 0.0147008
2804 0.0147008
2805 0.0147008
2806 0.0147008
2807 0.0147008
2808 0.0147008
2809 0.0145089
2810 0.0145089
2811 0.0145089
2812 0.0145089
2813 0.0145089
2814 0.0145089
2815 0.0145089
2816 0.0145089
2817 0.0143937
2818 0.0143937
2819 0.0143937
2820 0.0143937
2821 0.0143937
2822 0.0143937
2823 0.0143937
2824 0.0143937
2825 0.0142402
2826 0.0142402
2827 0.0142402
2828 0.0142402
2829 0.0142402
2830 0.0142402
2831 0.0142402
2832 0.0142402
2833 0.0141634
2834 0.0141634
2835 0.0141634
2836 0.0141634
2837 0.0141634
2838 0.0141634
2839 0.0141634
2840 0.0141634
2841 0.0139715
2842 0.0139715
2843 0.0139715
2844 0.0139715
2845 0.0139715
2846 0.0139715
2847 0.0139715
2848 0.0139715
2849 0.0137796
2850 0.0137796
2851 0.0137796
2852 0.0137796
2853 0.0137796
2854 0.0137796
2855 0.0137796
2856 0.0137796
2857 0.0135877
2858 0.0135877
2859 0.0135877
2860 0.0135877
2861 0.0135877
2862 0.0135877
2863 0.0135493
2864 0.0135493
2865 0.0134725
2866 0.0134725
2867 0.0134725
2868 0.0134725
2869 0.0134725
2870 0.0134725
2871 0.0134725
2872 0.0134725
2873 0.0134725
2874 0.0134725
2875 0.0134725
2876 0.0134725
2877 0.0134725
2878 0.0134725
2879 0.0134725
2880 0.0134725
2881 0.0133574
2882 0.0133574
2883 0.0133574
2884 0.0133574
2885 0.0133574
2886 0.0133574
2887 0.0133574
2888 0.0133574
2889 0.013319
2890 0.013319
2891 0.013319
2892 0.013319
2893 0.013319
2894 0.013319
2895 0.013319
2896 0.013319
2897 0.0132806
2898 0.0132806
2899 0.0132806
2900 0.0132806
2901 0.0132806
2902 0.0132806
2903 0.0132806
2904 0.0132806
2905 0.0131655
2906 0.0131655
2907 0.0131655
2908 0.0131655
2909 0.0131655
2910 0.0131655
2911 0.0131655
2912 0.0131655
2913 0.0130119
2914 0.0130119
2915 0.0130119
2916 0.0130119
2917 0.0130119
2918 0.0130119
2919 0.0129736
2920 0.0129736
2921 0.0129352
2922 0.0129352
2923 0.0129352
2924 0.0129352
2925 0.0129352
2926 0.0129352
2927 0.0129352
2928 0.0129352
2929 0.0127049
2930 0.0127049
2931 0.0127049
2932 0.0127049
2933 0.0127049
2934 0.0127049
2935 0.0126665
2936 0.0126665
2937 0.0126281
2938 0.0126281
2939 0.0126281
2940 0.0126281
2941 0.0126281
2942 0.0126281
2943 0.0125513
2944 0.0125513
2945 0.0124746
2946 0.0124746
2947 0.0124746
2948 0.0124746
2949 0.0124746
2950 0.0124746
2951 0.0124746
2952 0.0124746
2953 0.012321
2954 0.012321
2955 0.012321
2956 0.012321
2957 0.012321
2958 0.012321
2959 0.012321
2960 0.012321
2961 0.0122443
2962 0.0122443
2963 0.0122443
2964 0.0122443
2965 0.0122443
2966 0.0122443
2967 0.0122443
2968 0.0122443
2969 0.0121675
2970 0.0121675
2971 0.0121675
2972 0.0121675
2973 0.0121675
2974 0.0121675
2975 0.0121675
2976 0.0121675
2977 0.0120524
2978 0.0120524
2979 0.0120524
2980 0.0120524
2981 0.0120524
2982 0.0120524
2983 0.0120524
2984 0.0120524
2985 0.0119756
2986 0.0119756
2987 0.0119756
2988 0.0119756
2989 0.0119756
2990 0.0119756
2991 0.0119756
2992 0.0119756
2993 0.0118604
2994 0.0118604
2995 0.0118604
2996 0.0118604
2997 0.0118604
2998 0.0118604
2999 0.0118604
3000 0.0118604
3001 0.0115918
3002 0.0115918
3003 0.0115918
3004 0.0115918
3005 0.0115918
3006 0.0115918
3007 0.0115918
3008 0.0115918
3009 0.0114382
3010 0.0114382
3011 0.0114382
3012 0.0114382
3013 0.0114382
3014 0.0114382
3015 0.0114382
3016 0.0114382
3017 0.0113998
3018 0.0113998
3019 0.0113998
3020 0.0113998
3021 0.0113998
3022 0.0113998
3023 0.0113998
3024 0.0113998
3025 0.0112463
3026 0.0112463
3027 0.0112463
3028 0.0112463
3029 0.0112463
3030 0.0112463
3031 0.0112079
3032 0.0112079
3033 0.0111695
3034 0.0111695
3035 0.0111695
3036 0.0111695
3037 0.0111695
3038 0.0111695
3039 0.0111695
3040 0.0111695
3041 0.0111312
3042 0.0111312
3043 0.0111312
3044 0.0111312
3045 0.0111312
3046 0.0111312
3047 0.0111312
3048 0.0111312
3049 0.0110544
3050 0.0110544
3051 0.0110544
3052 0.0110544
3053 0.0110544
3054 0.0110544
3055 0.0110544
3056 0.0110544
3057 0.0109776
3058 0.0109776
3059 0.0109776
3060 0.0109776
3061 0.0109776
3062 0.0109776
3063 0.0109776
3064 0.0109776
3065 0.0109009
3066 0.0109009
3067 0.0109009
3068 0.0109009
3069 0.0109009
3070 0.0109009
3071 0.0109009
3072 0.0109009
3073 0.0107857
3074 0.0107857
3075 0.0107857
3076 0.0107857
3077 0.0107857
3078 0.0107857
3079 0.0107857
3080 0.0107857
3081 0.0106706
3082 0.0106706
3083 0.0106706
3084 0.0106706
3085 0.0106706
3086 0.0106706
3087 0.0106706
3088 0.0106706
3089 0.0105554
3090 0.0105554
3091 0.0105554
3092 0.0105554
3093 0.0105554
3094 0.0105554
3095 0.0105554
3096 0.0105554
3097 0.0104786
3098 0.0104786
3099 0.0104786
3100 0.0104786
3101 0.0104786
3102 0.0104786
3103 0.0104403
3104 0.0104403
3105 0.0101332
3106 0.0101332
3107 0.0101332
3108 0.0101332
3109 0.0101332
3110 0.0101332
3111 0.0101332
3112 0.0101332
3113 0.00994127
3114 0.00994127
3115 0.00994127
3116 0.00994127
3117 0.00994127
3118 0.00994127
3119 0.00994127
3120 0.00994127
3121 0.00978774
3122 0.00978774
3123 0.00978774
3124 0.00978774
3125 0.00978774
3126 0.00978774
3127 0.00971097
3128 0.00971097
3129 0.00967259
3130 0.00967259
3131 0.00967259
3132 0.00967259
3133 0.00967259
3134 0.00967259
3135 0.00967259
3136 0.00967259
3137 0.00963421
3138 0.00963421
3139 0.00963421
3140 0.00963421
3141 0.00963421
3142 0.00963421
3143 0.00963421
3144 0.00963421
3145 0.00940391
3146 0.00940391
3147 0.00940391
3148 0.00940391
3149 0.00940391
3150 0.00940391
3151 0.00936552
3152 0.00936552
3153 0.00925037
3154 0.00925037
3155 0.00925037
3156 0.00925037
3157 0.00925037
3158 0.00925037
3159 0.00921199
3160 0.00921199
3161 0.00913522
3162 0.00913522
3163 0.00913522
3164 0.00913522
3165 0.00913522
3166 0.00913522
3167 0.00913522
3168 0.00913522
3169 0.00905846
3170 0.00905846
3171 0.00905846
3172 0.00905846
3173 0.00905846
3174 0.00905846
3175 0.00905846
3176 0.00905846
3177 0.00882816
3178 0.00882816
3179 0.00882816
3180 0.00882816
3181 0.00882816
3182 0.00882816
3183 0.00878977
3184 0.00878977
3185 0.00875139
3186 0.00875139
3187 0.00875139
3188 0.00875139
3189 0.00875139
3190 0.00875139
3191 0.00875139
3192 0.00875139
3193 0.00867462
3194 0.00867462
3195 0.00867462
3196 0.00867462
3197 0.00867462
3198 0.00867462
3199 0.00863624
3200 0.00863624
3201 0.00855947
3202 0.00855947
3203 0.00855947
3204 0.00855947
3205 0.00855947
3206 0.00855947
3207 0.00852109
3208 0.00852109
3209 0.00832918
3210 0.00832918
3211 0.00832918
3212 0.00832918
3213 0.00832918
3214 0.00832918
3215 0.00829079
3216 0.00829079
3217 0.00821402
3218 0.00821402
3219 0.00821402
3220 0.00821402
3221 0.00821402
3222 0.00821402
3223 0.00821402
3224 0.00821402
3225 0.00817564
3226 0.00817564
3227 0.00817564
3228 0.00817564
3229 0.00817564
3230 0.00817564
3231 0.00817564
3232 0.00817564
3233 0.00817564
3234 0.00817564
3235 0.00817564
3236 0.00817564
3237 0.00817564
3238 0.00817564
3239 0.00817564
3240 0.00817564
3241 0.00806049
3242 0.00806049
3243 0.00806049
3244 0.00806049
3245 0.00806049
3246 0.00806049
3247 0.00806049
3248 0.00806049
3249 0.00798373
3250 0.00798373
3251 0.00798373
3252 0.00798373
3253 0.00798373
3254 0.00798373
3255 0.00794534
3256 0.00794534
3257 0.00794534
3258 0.00794534
3259 0.00794534
3260 0.00794534
3261 0.00794534
3262 0.00794534
3263 0.00794534
3264 0.00794534
3265 0.00786858
3266 0.00786858
3267 0.00786858
3268 0.00786858
3269 0.00786858
3270 0.00786858
3271 0.00786858
3272 0.00786858
3273 0.00779181
3274 0.00779181
3275 0.00779181
3276 0.00779181
3277 0.00779181
3278 0.00779181
3279 0.00775343
3280 0.00775343
3281 0.00771504
3282 0.00771504
3283 0.00771504
3284 0.00771504
3285 0.00771504
3286 0.00771504
3287 0.00771504
3288 0.00771504
3289 0.00759989
3290 0.00759989
3291 0.00759989
3292 0.00759989
3293 0.00759989
3294 0.00759989
3295 0.00759989
3296 0.00759989
3297 0.00756151
3298 0.00756151
3299 0.00756151
3300 0.00756151
3301 0.00756151
3302 0.00756151
3303 0.00752313
3304 0.00752313
3305 0.00736959
3306 0.00736959
3307 0.00736959
3308 0.00736959
3309 0.00736959
3310 0.00736959
3311 0.00736959
3312 0.00736959
3313 0.00733121
3314 0.00733121
3315 0.00733121
3316 0.00733121
3317 0.00733121
3318 0.00733121
3319 0.00733121
3320 0.00733121
3321 0.00721606
3322 0.00721606
3323 0.00721606
3324 0.00721606
3325 0.00721606
3326 0.00721606
3327 0.00721606
3328 0.00721606
3329 0.00721606
3330 0.00721606
3331 0.00721606
3332 0.00721606
3333 0.00721606
3334 0.00721606
3335 0.00721606
3336 0.00721606
3337 0.00717768
3338 0.00717768
3339 0.00717768
3340 0.00717768
3341 0.00717768
3342 0.00717768
3343 0.00717768
3344 0.00717768
3345 0.00713929
3346 0.00713929
3347 0.00713929
3348 0.00713929
3349 0.00713929
3350 0.00713929
3351 0.00713929
3352 0.00713929
3353 0.00710091
3354 0.00710091
3355 0.00710091
3356 0.00710091
3357 0.00710091
3358 0.00710091
3359 0.00706253
3360 0.00706253
3361 0.00698576
3362 0.00698576
3363 0.00698576
3364 0.00698576
3365 0.00698576
3366 0.00698576
3367 0.00698576
3368 0.00698576
3369 0.00690899
3370 0.00690899
3371 0.00690899
3372 0.00690899
3373 0.00690899
3374 0.00690899
3375 0.00690899
3376 0.00690899
3377 0.00671708
3378 0.00671708
3379 0.00671708
3380 0.00671708
3381 0.00671708
3382 0.00671708
3383 0.00671708
3384 0.00671708
3385 0.00664031
3386 0.00664031
3387 0.00664031
3388 0.00664031
3389 0.00664031
3390 0.00664031
3391 0.00660193
3392 0.00660193
3393 0.00656354
3394 0.00656354
3395 0.00656354
3396 0.00656354
3397 0.00656354
3398 0.00656354
3399 0.00656354
3400 0.00656354
3401 0.00641001
3402 0.00641001
3403 0.00641001
3404 0.00641001
3405 0.00641001
3406 0.00641001
3407 0.00637163
3408 0.00637163
3409 0.00625648
3410 0.00625648
3411 0.00625648
3412 0.00625648
3413 0.00625648
3414 0.00625648
3415 0.00625648
3416 0.00625648
3417 0.00617971
3418 0.00617971
3419 0.00617971
3420 0.00617971
3421 0.00617971
3422 0.00617971
3423 0.00614133
3424 0.00614133
3425 0.00606456
3426 0.00606456
3427 0.00606456
3428 0.00606456
3429 0.00606456
3430 0.00606456
3431 0.00602618
3432 0.00602618
3433 0.00602618
3434 0.00602618
3435 0.00602618
3436 0.00602618
3437 0.00602618
3438 0.00602618
3439 0.00602618
3440 0.00602618
3441 0.00598779
3442 0.00598779
3443 0.00598779
3444 0.00598779
3445 0.00598779
3446 0.00598779
3447 0.00598779
3448 0.00598779
3449 0.00598779
3450 0.00598779
3451 0.00598779
3452 0.00598779
3453 0.00598779
3454 0.00598779
3455 0.00594941
3456 0.00594941
3457 0.00583426
3458 0.00583426
3459 0.00583426
3460 0.00583426
3461 0.00583426
3462 0.00583426
3463 0.00583426
3464 0.00583426
3465 0.00579588
3466 0.00579588
3467 0.00579588
3468 0.00579588
3469 0.00579588
3470 0.00579588
3471 0.00579588
3472 0.00579588
3473 0.00579588
3474 0.00579588
3475 0.00579588
3476 0.00579588
3477 0.00579588
3478 0.00579588
3479 0.00579588
3480 0.00579588
3481 0.00571911
3482 0.00571911
3483 0.00571911
3484 0.00571911
3485 0.00571911
3486 0.00571911
3487 0.00571911
3488 0.00571911
3489 0.00560396
3490 0.00560396
3491 0.00560396
3492 0.00560396
3493 0.00560396
3494 0.00560396
3495 0.00560396
3496 0.00560396
3497 0.00560396
3498 0.00560396
3499 0.00560396
3500 0.00560396
3501 0.00560396
3502 0.00560396
3503 0.00556558
3504 0.00556558
3505 0.00541204
3506 0.00541204
3507 0.00541204
3508 0.00541204
3509 0.00541204
3510 0.00541204
3511 0.00541204
3512 0.00541204
3513 0.00533528
3514 0.00533528
3515 0.00533528
3516 0.00533528
3517 0.00533528
3518 0.00533528
3519 0.00533528
3520 0.00533528
3521 0.00518174
3522 0.00518174
3523 0.00518174
3524 0.00518174
3525 0.00518174
3526 0.00518174
3527 0.00518174
3528 0.00518174
3529 0.0050666
3530 0.0050666
3531 0.0050666
3532 0.0050666
3533 0.0050666
3534 0.0050666
3535 0.0050666
3536 0.0050666
3537 0.00498983
3538 0.00498983
3539 0.00498983
3540 0.00498983
3541 0.00498983
3542 0.00498983
3543 0.00498983
3544 0.00498983
3545 0.00498983
3546 0.00498983
3547 0.00498983
3548 0.00498983
3549 0.00498983
3550 0.00498983
3551 0.00498983
3552 0.00498983
3553 0.00495144
3554 0.00495144
3555 0.00495144
3556 0.00495144
3557 0.00495144
3558 0.00495144
3559 0.00495144
3560 0.00495144
3561 0.00491306
3562 0.00491306
3563 0.00491306
3564 0.00491306
3565 0.00491306
3566 0.00491306
3567 0.00491306
3568 0.00491306
3569 0.0048363
3570 0.0048363
3571 0.0048363
3572 0.0048363
3573 0.0048363
3574 0.0048363
3575 0.0048363
3576 0.0048363
3577 0.0048363
3578 0.0048363
3579 0.0048363
3580 0.0048363
3581 0.0048363
3582 0.0048363
3583 0.0048363
3584 0.0048363
3585 0.0048363
3586 0.0048363
3587 0.0048363
3588 0.0048363
3589 0.0048363
3590 0.0048363
3591 0.0048363
3592 0.0048363
3593 0.00472115
3594 0.00472115
3595 0.00472115
3596 0.00472115
3597 0.00472115
3598 0.00472115
3599 0.00472115
3600 0.00472115
3601 0.00464438
3602 0.00464438
3603 0.00464438
3604 0.00464438
3605 0.00464438
3606 0.00464438
3607 0.00464438
3608 0.00464438
3609 0.00449085
3610 0.00449085
3611 0.00449085
3612 0.00449085
3613 0.00449085
3614 0.00449085
3615 0.00449085
3616 0.00449085
3617 0.00445246
3618 0.00445246
3619 0.00445246
3620 0.00445246
3621 0.00445246
3622 0.00445246
3623 0.00445246
3624 0.00445246
3625 0.0043757
3626 0.0043757
3627 0.0043757
3628 0.0043757
3629 0.0043757
3630 0.0043757
3631 0.00433731
3632 0.00433731
3633 0.00429893
3634 0.00429893
3635 0.00429893
3636 0.00429893
3637 0.00429893
3638 0.00429893
3639 0.00429893
3640 0.00429893
3641 0.00429893
3642 0.00429893
3643 0.00429893
3644 0.00429893
3645 0.00429893
3646 0.00429893
3647 0.00429893
3648 0.00429893
3649 0.00422216
3650 0.00422216
3651 0.00422216
3652 0.00422216
3653 0.00422216
3654 0.00422216
3655 0.00418378
3656 0.00418378
3657 0.0041454
3658 0.0041454
3659 0.0041454
3660 0.0041454
3661 0.0041454
3662 0.0041454
3663 0.00410701
3664 0.00410701
3665 0.00410701
3666 0.00410701
3667 0.00410701
3668 0.00410701
3669 0.00410701
3670 0.00410701
3671 0.00410701
3672 0.00410701
3673 0.00403025
3674 0.00403025
3675 0.00403025
3676 0.00403025
3677 0.00403025
3678 0.00403025
3679 0.00403025
3680 0.00403025
3681 0.00395348
3682 0.00395348
3683 0.00395348
3684 0.00395348
3685 0.00395348
3686 0.00395348
3687 0.00395348
3688 0.00395348
3689 0.0039151
3690 0.0039151
3691 0.0039151
3692 0.0039151
3693 0.0039151
3694 0.0039151
3695 0.0039151
3696 0.0039151
3697 0.00387671
3698 0.00387671
3699 0.00387671
3700 0.00387671
3701 0.00387671
3702 0.00387671
3703 0.00387671
3704 0.00387671
3705 0.00383833
3706 0.00383833
3707 0.00383833
3708 0.00383833
3709 0.00383833
3710 0.00383833
3711 0.00383833
3712 0.00383833
3713 0.00372318
3714 0.00372318
3715 0.00372318
3716 0.00372318
3717 0.00372318
3718 0.00372318
3719 0.00372318
3720 0.00372318
3721 0.00364641
3722 0.00364641
3723 0.00364641
3724 0.00364641
3725 0.00364641
3726 0.00364641
3727 0.00364641
3728 0.00364641
3729 0.00360803
3730 0.00360803
3731 0.00360803
3732 0.00360803
3733 0.00360803
3734 0.00360803
3735 0.00360803
3736 0.00360803
3737 0.00360803
3738 0.00360803
3739 0.00360803
3740 0.00360803
3741 0.00360803
3742 0.00360803
3743 0.00360803
3744 0.00360803
3745 0.00349288
3746 0.00349288
3747 0.00349288
3748 0.00349288
3749 0.00349288
3750 0.00349288
3751 0.00349288
3752 0.00349288
3753 0.0034545
3754 0.0034545
3755 0.0034545
3756 0.0034545
3757 0.0034545
3758 0.0034545
3759 0.0034545
3760 0.0034545
3761 0.00337773
3762 0.00337773
3763 0.00337773
3764 0.00337773
3765 0.00337773
3766 0.00337773
3767 0.00337773
3768 0.00337773
3769 0.00333935
3770 0.00333935
3771 0.00333935
3772 0.00333935
3773 0.00333935
3774 0.00333935
3775 0.00333935
3776 0.00333935
3777 0.00330096
3778 0.00330096
3779 0.00330096
3780 0.00330096
3781 0.00330096
3782 0.00330096
3783 0.00330096
3784 0.00330096
3785 0.00326258
3786 0.00326258
3787 0.00326258
3788 0.00326258
3789 0.00326258
3790 0.00326258
3791 0.00326258
3792 0.00326258
3793 0.00326258
3794 0.00326258
3795 0.00326258
3796 0.00326258
3797 0.00326258
3798 0.00326258
3799 0.00326258
3800 0.00326258
3801 0.0032242
3802 0.0032242
3803 0.0032242
3804 0.0032242
3805 0.0032242
3806 0.0032242
3807 0.0032242
3808 0.0032242
3809 0.0032242
3810 0.0032242
3811 0.0032242
3812 0.0032242
3813 0.0032242
3814 0.0032242
3815 0.0032242
3816 0.0032242
3817 0.00314743
3818 0.00314743
3819 0.00314743
3820 0.00314743
3821 0.00314743
3822 0.00314743
3823 0.00314743
3824 0.00314743
3825 0.00307066
3826 0.00307066
3827 0.00307066
3828 0.00307066
3829 0.00307066
3830 0.00307066
3831 0.00307066
3832 0.00307066
3833 0.00295551
3834 0.00295551
3835 0.00295551
3836 0.00295551
3837 0.00295551
3838 0.00295551
3839 0.00295551
3840 0.00295551
3841 0.00291713
3842 0.00291713
3843 0.00291713
3844 0.00291713
3845 0.00291713
3846 0.00291713
3847 0.00291713
3848 0.00291713
3849 0.00287875
3850 0.00287875
3851 0.00287875
3852 0.00287875
3853 0.00287875
3854 0.00287875
3855 0.00287875
3856 0.00287875
3857 0.00284036
3858 0.00284036
3859 0.00284036
3860 0.00284036
3861 0.00284036
3862 0.00284036
3863 0.00284036
3864 0.00284036
3865 0.00280198
3866 0.00280198
3867 0.00280198
3868 0.00280198
3869 0.00280198
3870 0.00280198
3871 0.00280198
3872 0.00280198
3873 0.00280198
3874 0.00280198
3875 0.00280198
3876 0.00280198
3877 0.00280198
3878 0.00280198
3879 0.00280198
3880 0.00280198
3881 0.00272521
3882 0.00272521
3883 0.00272521
3884 0.00272521
3885 0.00272521
3886 0.00272521
3887 0.00272521
3888 0.00272521
3889 0.00272521
3890 0.00272521
3891 0.00272521
3892 0.00272521
3893 0.00272521
3894 0.00272521
3895 0.00268683
3896 0.00268683
3897 0.00268683
3898 0.00268683
3899 0.00268683
3900 0.00268683
3901 0.00268683
3902 0.00268683
3903 0.00264845
3904 0.00264845
3905 0.00264845
3906 0.00264845
3907 0.00264845
3908 0.00264845
3909 0.00264845
3910 0.00264845
3911 0.00264845
3912 0.00264845
3913 0.00261006
3914 0.00261006
3915 0.00261006
3916 0.00261006
3917 0.00261006
3918 0.00261006
3919 0.00261006
3920 0.00261006
3921 0.00261006
3922 0.00261006
3923 0.00261006
3924 0.00261006
3925 0.00261006
3926 0.00261006
3927 0.00261006
3928 0.00261006
3929 0.0025333
3930 0.0025333
3931 0.0025333
3932 0.0025333
3933 0.0025333
3934 0.0025333
3935 0.0025333
3936 0.0025333
3937 0.00249491
3938 0.00249491
3939 0.00249491
3940 0.00249491
3941 0.00249491
3942 0.00249491
3943 0.00249491
3944 0.00249491
3945 0.00249491
3946 0.00249491
3947 0.00249491
3948 0.00249491
3949 0.00249491
3950 0.00249491
3951 0.00249491
3952 0.00249491
3953 0.00237976
3954 0.00237976
3955 0.00237976
3956 0.00237976
3957 0.00237976
3958 0.00237976
3959 0.00237976
3960 0.00237976
3961 0.00237976
3962 0.00237976
3963 0.00237976
3964 0.00237976
3965 0.00237976
3966 0.00237976
3967 0.00237976
3968 0.00237976
3969 0.00237976
3970 0.00237976
3971 0.00237976
3972 0.00237976
3973 0.00237976
3974 0.00237976
3975 0.00237976
3976 0.00237976
3977 0.00237976
3978 0.00237976
3979 0.00237976
3980 0.00237976
3981 0.00237976
3982 0.00237976
3983 0.00237976
3984 0.00237976
3985 0.00237976
3986 0.00237976
3987 0.00237976
3988 0.00237976
3989 0.00237976
3990 0.00237976
3991 0.00237976
3992 0.00237976
3993 0.00237976
3994 0.00237976
3995 0.00237976
3996 0.00237976
3997 0.00237976
3998 0.00237976
3999 0.00237976
4000 0.00237976
4001 0.00234138
4002 0.00234138
4003 0.00234138
4004 0.00234138
4005 0.00234138
4006 0.00234138
4007 0.00234138
4008 0.00234138
4009 0.00226461
4010 0.00226461
4011 0.00226461
4012 0.00226461
4013 0.00226461
4014 0.00226461
4015 0.00226461
4016 0.00226461
4017 0.00226461
4018 0.00226461
4019 0.00226461
4020 0.00226461
4021 0.00226461
4022 0.00226461
4023 0.00226461
4024 0.00226461
4025 0.00222623
4026 0.00222623
4027 0.00222623
4028 0.00222623
4029 0.00222623
4030 0.00222623
4031 0.00222623
4032 0.00222623
4033 0.00222623
4034 0.00222623
4035 0.00222623
4036 0.00222623
4037 0.00222623
4038 0.00222623
4039 0.00222623
4040 0.00222623
4041 0.00222623
4042 0.00222623
4043 0.00222623
4044 0.00222623
4045 0.00222623
4046 0.00222623
4047 0.00222623
4048 0.00222623
4049 0.00222623
4050 0.00222623
4051 0.00222623
4052 0.00222623
4053 0.00222623
4054 0.00222623
4055 0.00222623
4056 0.00222623
4057 0.00218785
4058 0.00218785
4059 0.00218785
4060 0.00218785
4061 0.00218785
4062 0.00218785
4063 0.00218785
4064 0.00218785
4065 0.00214946
4066 0.00214946
4067 0.00214946
4068 0.00214946
4069 0.00214946
4070 0.00214946
4071 0.00214946
4072 0.00214946
4073 0.0020727
4074 0.0020727
4075 0.0020727
4076 0.0020727
4077 0.0020727
4078 0.0020727
4079 0.0020727
4080 0.0020727
4081 0.0020727
4082 0.0020727
4083 0.0020727
4084 0.0020727
4085 0.0020727
4086 0.0020727
4087 0.00203431
4088 0.00203431
4089 0.00203431
4090 0.00203431
4091 0.00203431
4092 0.00203431
4093 0.00203431
4094 0.00203431
4095 0.00203431
4096 0.00203431
4097 0.00203431
4098 0.00203431
4099 0.00203431
4100 0.00203431
4101 0.00203431
4102 0.00203431
4103 0.00203431
4104 0.00203431
4105 0.00203431
4106 0.00203431
4107 0.00203431
4108 0.00203431
4109 0.00203431
4110 0.00203431
4111 0.00203431
4112 0.00203431
4113 0.00203431
4114 0.00203431
4115 0.00203431
4116 0.00203431
4117 0.00203431
4118 0.00203431
4119 0.00203431
4120 0.00203431
4121 0.00199593
4122 0.00199593
4123 0.00199593
4124 0.00199593
4125 0.00199593
4126 0.00199593
4127 0.00199593
4128 0.00199593
4129 0.00199593
4130 0.00199593
4131 0.00199593
4132 0.00199593
4133 0.00199593
4134 0.00199593
4135 0.00199593
4136 0.00199593
4137 0.00199593
4138 0.00199593
4139 0.00199593
4140 0.00199593
4141 0.00199593
4142 0.00199593
4143 0.00199593
4144 0.00199593
4145 0.00199593
4146 0.00199593
4147 0.00199593
4148 0.00199593
4149 0.00199593
4150 0.00199593
4151 0.00199593
4152 0.00199593
4153 0.00199593
4154 0.00199593
4155 0.00199593
4156 0.00199593
4157 0.00199593
4158 0.00199593
4159 0.00195755
4160 0.00195755
4161 0.00191916
4162 0.00191916
4163 0.00191916
4164 0.00191916
4165 0.00191916
4166 0.00191916
4167 0.00191916
4168 0.00191916
4169 0.00188078
4170 0.00188078
4171 0.00188078
4172 0.00188078
4173 0.00188078
4174 0.00188078
4175 0.00188078
4176 0.00188078
4177 0.0018424
4178 0.0018424
4179 0.0018424
4180 0.0018424
4181 0.0018424
4182 0.0018424
4183 0.0018424
4184 0.0018424
4185 0.0018424
4186 0.0018424
4187 0.0018424
4188 0.0018424
4189 0.0018424
4190 0.0018424
4191 0.0018424
4192 0.0018424
4193 0.0018424
4194 0.0018424
4195 0.0018424
4196 0.0018424
4197 0.0018424
4198 0.0018424
4199 0.0018424
4200 0.0018424
4201 0.0018424
4202 0.0018424
4203 0.0018424
4204 0.0018424
4205 0.0018424
4206 0.0018424
4207 0.0018424
4208 0.0018424
4209 0.0018424
4210 0.0018424
4211 0.0018424
4212 0.0018424
4213 0.0018424
4214 0.0018424
4215 0.0018424
4216 0.0018424
4217 0.00180401
4218 0.00180401
4219 0.00180401
4220 0.00180401
4221 0.00180401
4222 0.00180401
4223 0.00180401
4224 0.00180401
4225 0.00176563
4226 0.00176563
4227 0.00176563
4228 0.00176563
4229 0.00176563
4230 0.00176563
4231 0.00176563
4232 0.00176563
4233 0.00176563
4234 0.00176563
4235 0.00176563
4236 0.00176563
4237 0.00176563
4238 0.00176563
4239 0.00176563
4240 0.00176563
4241 0.00176563
4242 0.00176563
4243 0.00176563
4244 0.00176563
4245 0.00176563
4246 0.00176563
4247 0.00176563
4248 0.00176563
4249 0.00176563
4250 0.00176563
4251 0.00176563
4252 0.00176563
4253 0.00176563
4254 0.00176563
4255 0.00176563
4256 0.00176563
4257 0.00176563
4258 0.00176563
4259 0.00176563
4260 0.00176563
4261 0.00176563
4262 0.00176563
4263 0.00176563
4264 0.00176563
4265 0.00172725
4266 0.00172725
4267 0.00172725
4268 0.00172725
4269 0.00172725
4270 0.00172725
4271 0.00172725
4272 0.00172725
4273 0.00172725
4274 0.00172725
4275 0.00172725
4276 0.00172725
4277 0.00172725
4278 0.00172725
4279 0.00172725
4280 0.00172725
4281 0.00172725
4282 0.00172725
4283 0.00172725
4284 0.00172725
4285 0.00172725
4286 0.00172725
4287 0.00172725
4288 0.00172725
4289 0.00172725
4290 0.00172725
4291 0.00172725
4292 0.00172725
4293 0.00172725
4294 0.00172725
4295 0.00172725
4296 0.00172725
4297 0.00172725
4298 0.00172725
4299 0.00172725
4300 0.00172725
4301 0.00172725
4302 0.00172725
4303 0.00172725
4304 0.00172725
4305 0.00172725
4306 0.00172725
4307 0.00172725
4308 0.00172725
4309 0.00172725
4310 0.00172725
4311 0.00172725
4312 0.00172725
4313 0.00172725
4314 0.00172725
4315 0.00172725
4316 0.00172725
4317 0.00172725
4318 0.00172725
4319 0.00172725
4320 0.00172725
4321 0.00172725
4322 0.00172725
4323 0.00172725
4324 0.00172725
4325 0.00172725
4326 0.00172725
4327 0.00172725
4328 0.00172725
4329 0.00172725
4330 0.00172725
4331 0.00172725
4332 0.00172725
4333 0.00172725
4334 0.00172725
4335 0.00172725
4336 0.00172725
4337 0.00172725
4338 0.00172725
4339 0.00172725
4340 0.00172725
4341 0.00172725
4342 0.00172725
4343 0.00172725
4344 0.00172725
4345 0.00168887
4346 0.00168887
4347 0.00168887
4348 0.00168887
4349 0.00168887
4350 0.00168887
4351 0.00168887
4352 0.00168887
4353 0.00168887
4354 0.00168887
4355 0.00168887
4356 0.00168887
4357 0.00168887
4358 0.00168887
4359 0.00165048
4360 0.00165048
4361 0.00165048
4362 0.00165048
4363 0.00165048
4364 0.00165048
4365 0.00165048
4366 0.00165048
4367 0.00165048
4368 0.00165048
4369 0.00165048
4370 0.00165048
4371 0.00165048
4372 0.00165048
4373 0.00165048
4374 0.00165048
4375 0.00165048
4376 0.00165048
4377 0.0016121
4378 0.0016121
4379 0.0016121
4380 0.0016121
4381 0.0016121
4382 0.0016121
4383 0.00157372
4384 0.00157372
4385 0.00157372
4386 0.00157372
4387 0.00157372
4388 0.00157372
4389 0.00157372
4390 0.00157372
4391 0.00157372
4392 0.00157372
4393 0.00157372
4394 0.00157372
4395 0.00157372
4396 0.00157372
4397 0.00157372
4398 0.00157372
4399 0.00157372
4400 0.00157372
4401 0.00157372
4402 0.00157372
4403 0.00157372
4404 0.00157372
4405 0.00157372
4406 0.00157372
4407 0.00157372
4408 0.00157372
4409 0.00149695
4410 0.00149695
4411 0.00149695
4412 0.00149695
4413 0.00149695
4414 0.00149695
4415 0.00149695
4416 0.00149695
4417 0.00149695
4418 0.00149695
4419 0.00149695
4420 0.00149695
4421 0.00149695
4422 0.00149695
4423 0.00149695
4424 0.00149695
4425 0.00142018
4426 0.00142018
4427 0.00142018
4428 0.00142018
4429 0.00142018
4430 0.00142018
4431 0.00142018
4432 0.00142018
4433 0.00142018
4434 0.00142018
4435 0.00142018
4436 0.00142018
4437 0.00142018
4438 0.00142018
4439 0.00142018
4440 0.00142018
4441 0.00142018
4442 0.00142018
4443 0.00142018
4444 0.00142018
4445 0.00142018
4446 0.00142018
4447 0.00142018
4448 0.00142018
4449 0.00142018
4450 0.00142018
4451 0.00142018
4452 0.00142018
4453 0.00142018
4454 0.00142018
4455 0.00142018
4456 0.00142018
4457 0.00142018
4458 0.00142018
4459 0.00142018
4460 0.00142018
4461 0.00142018
4462 0.00142018
4463 0.00142018
4464 0.00142018
4465 0.0013818
4466 0.0013818
4467 0.0013818
4468 0.0013818
4469 0.0013818
4470 0.0013818
4471 0.0013818
4472 0.0013818
4473 0.00134342
4474 0.00134342
4475 0.00134342
4476 0.00134342
4477 0.00134342
4478 0.00134342
4479 0.00134342
4480 0.00134342
4481 0.00134342
4482 0.00134342
4483 0.00134342
4484 0.00134342
4485 0.00134342
4486 0.00134342
4487 0.00134342
4488 0.00134342
4489 0.00134342
4490 0.00134342
4491 0.00134342
4492 0.00134342
4493 0.00134342
4494 0.00134342
4495 0.00134342
4496 0.00134342
4497 0.00134342
4498 0.00134342
4499 0.00134342
4500 0.00134342
4501 0.00134342
4502 0.00134342
4503 0.00134342
4504 0.00134342
4505 0.00134342
4506 0.00134342
4507 0.00134342
4508 0.00134342
4509 0.00134342
4510 0.00134342
4511 0.00134342
4512 0.00134342
4513 0.00134342
4514 0.00134342
4515 0.00134342
4516 0.00134342
4517 0.00134342
4518 0.00134342
4519 0.00134342
4520 0.00134342
4521 0.00130503
4522 0.00130503
4523 0.00130503
4524 0.00130503
4525 0.00130503
4526 0.00130503
4527 0.00130503
4528 0.00130503
4529 0.00130503
4530 0.00130503
4531 0.00130503
4532 0.00130503
4533 0.00130503
4534 0.00130503
4535 0.00130503
4536 0.00130503
4537 0.00130503
4538 0.00130503
4539 0.00130503
4540 0.00130503
4541 0.00130503
4542 0.00130503
4543 0.00126665
4544 0.00126665
4545 0.00126665
4546 0.00126665
4547 0.00126665
4548 0.00126665
4549 0.00126665
4550 0.00126665
4551 0.00126665
4552 0.00126665
4553 0.00126665
4554 0.00126665
4555 0.00126665
4556 0.00126665
4557 0.00126665
4558 0.00126665
4559 0.00126665
4560 0.00126665
4561 0.00126665
4562 0.00126665
4563 0.00126665
4564 0.00126665
4565 0.00126665
4566 0.00126665
4567 0.00126665
4568 0.00126665
4569 0.00126665
4570 0.00126665
4571 0.00126665
4572 0.00126665
4573 0.00126665
4574 0.00126665
4575 0.00126665
4576 0.00126665
4577 0.00126665
4578 0.00126665
4579 0.00126665
4580 0.00126665
4581 0.00126665
4582 0.00126665
4583 0.00126665
4584 0.00126665
4585 0.00126665
4586 0.00126665
4587 0.00126665
4588 0.00126665
4589 0.00126665
4590 0.00126665
4591 0.00126665
4592 0.00126665
4593 0.00126665
4594 0.00126665
4595 0.00126665
4596 0.00126665
4597 0.00126665
4598 0.00126665
4599 0.00126665
4600 0.00126665
4601 0.00122827
4602 0.00122827
4603 0.00122827
4604 0.00122827
4605 0.00122827
4606 0.00122827
4607 0.00122827
4608 0.00122827
4609 0.00122827
4610 0.00122827
4611 0.00122827
4612 0.00122827
4613 0.00122827
4614 0.00122827
4615 0.00122827
4616 0.00122827
4617 0.00122827
4618 0.00122827
4619 0.00122827
4620 0.00122827
4621 0.00122827
4622 0.00122827
4623 0.00118988
4624 0.00118988
4625 0.00118988
4626 0.00118988
4627 0.00118988
4628 0.00118988
4629 0.00118988
4630 0.00118988
4631 0.00118988
4632 0.00118988
4633 0.00118988
4634 0.00118988
4635 0.00118988
4636 0.00118988
4637 0.00118988
4638 0.00118988
4639 0.00118988
4640 0.00118988
4641 0.0011515
4642 0.0011515
4643 0.0011515
4644 0.0011515
4645 0.0011515
4646 0.0011515
4647 0.0011515
4648 0.0011515
4649 0.00111312
4650 0.00111312
4651 0.00111312
4652 0.00111312
4653 0.00111312
4654 0.00111312
4655 0.00103635
4656 0.00103635
4657 0.000997966
4658 0.000997966
4659 0.000997966
4660 0.000997966
4661 0.000997966
4662 0.000997966
4663 0.000997966
4664 0.000997966
4665 0.000997966
4666 0.000997966
4667 0.000997966
4668 0.000997966
4669 0.000997966
4670 0.000997966
4671 0.000997966
4672 0.000997966
4673 0.000997966
4674 0.000997966
4675 0.000997966
4676 0.000997966
4677 0.000997966
4678 0.000997966
4679 0.000997966
4680 0.000997966
4681 0.000959582
4682 0.000959582
4683 0.000959582
4684 0.000959582
4685 0.000959582
4686 0.000959582
4687 0.000959582
4688 0.000959582
4689 0.000959582
4690 0.000959582
4691 0.000959582
4692 0.000959582
4693 0.000959582
4694 0.000959582
4695 0.000959582
4696 0.000959582
4697 0.000959582
4698 0.000959582
4699 0.000959582
4700 0.000959582
4701 0.000959582
4702 0.000959582
4703 0.000959582
4704 0.000959582
4705 0.000959582
4706 0.000959582
4707 0.000959582
4708 0.000959582
4709 0.000959582
4710 0.000959582
4711 0.000959582
4712 0.000959582
4713 0.000959582
4714 0.000959582
4715 0.000959582
4716 0.000959582
4717 0.000959582
4718 0.000959582
4719 0.000959582
4720 0.000959582
4721 0.000959582
4722 0.000959582
4723 0.000959582
4724 0.000959582
4725 0.000959582
4726 0.000959582
4727 0.000959582
4728 0.000959582
4729 0.000959582
4730 0.000959582
4731 0.000959582
4732 0.000959582
4733 0.000959582
4734 0.000959582
4735 0.000959582
4736 0.000959582
4737 0.000921199
4738 0.000921199
4739 0.000921199
4740 0.000921199
4741 0.000921199
4742 0.000921199
4743 0.000921199
4744 0.000921199
4745 0.000921199
4746 0.000921199
4747 0.000921199
4748 0.000921199
4749 0.000921199
4750 0.000921199
4751 0.000921199
4752 0.000921199
4753 0.000921199
4754 0.000921199
4755 0.000921199
4756 0.000921199
4757 0.000921199
4758 0.000921199
4759 0.000921199
4760 0.000921199
4761 0.000921199
4762 0.000921199
4763 0.000921199
4764 0.000921199
4765 0.000921199
4766 0.000921199
4767 0.000882816
4768 0.000882816
4769 0.000882816
4770 0.000882816
4771 0.000882816
4772 0.000882816
4773 0.000882816
4774 0.000882816
4775 0.000882816
4776 0.000882816
4777 0.000844433
4778 0.000844433
4779 0.000844433
4780 0.000844433
4781 0.000844433
4782 0.000844433
4783 0.000844433
4784 0.000844433
4785 0.000806049
4786 0.000806049
4787 0.000806049
4788 0.000806049
4789 0.000806049
4790 0.000806049
4791 0.000806049
4792 0.000806049
4793 0.000806049
4794 0.000806049
4795 0.000806049
4796 0.000806049
4797 0.000806049
4798 0.000806049
4799 0.000806049
4800 0.000806049
4801 0.000806049
4802 0.000806049
4803 0.000806049
4804 0.000806049
4805 0.000806049
4806 0.000806049
4807 0.000806049
4808 0.000806049
4809 0.000729283
4810 0.000729283
4811 0.000729283
4812 0.000729283
4813 0.000729283
4814 0.000729283
4815 0.000729283
4816 0.000729283
4817 0.000729283
4818 0.000729283
4819 0.000729283
4820 0.000729283
4821 0.000729283
4822 0.000729283
4823 0.000690899
4824 0.000690899
4825 0.000614133
4826 0.000614133
4827 0.000614133
4828 0.000614133
4829 0.000614133
4830 0.000614133
4831 0.000614133
4832 0.000614133
4833 0.000575749
4834 0.000575749
4835 0.000575749
4836 0.000575749
4837 0.000575749
4838 0.000575749
4839 0.000575749
4840 0.000575749
4841 0.000575749
4842 0.000575749
4843 0.000575749
4844 0.000575749
4845 0.000575749
4846 0.000575749
4847 0.000575749
4848 0.000575749
4849 0.000537366
4850 0.000537366
4851 0.000537366
4852 0.000537366
4853 0.000537366
4854 0.000537366
4855 0.000537366
4856 0.000537366
4857 0.000537366
4858 0.000537366
4859 0.000537366
4860 0.000537366
4861 0.000537366
4862 0.000537366
4863 0.000537366
4864 0.000537366
4865 0.000537366
4866 0.000537366
4867 0.000537366
4868 0.000537366
4869 0.000537366
4870 0.000537366
4871 0.000537366
4872 0.000537366
4873 0.000537366
4874 0.000537366
4875 0.000537366
4876 0.000537366
4877 0.000537366
4878 0.000537366
4879 0.000537366
4880 0.000537366
4881 0.000537366
4882 0.000537366
4883 0.000537366
4884 0.000537366
4885 0.000537366
4886 0.000537366
4887 0.000537366
4888 0.000537366
4889 0.000537366
4890 0.000537366
4891 0.000537366
4892 0.000537366
4893 0.000537366
4894 0.000537366
4895 0.000537366
4896 0.000537366
4897 0.000537366
4898 0.000537366
4899 0.000537366
4900 0.000537366
4901 0.000537366
4902 0.000537366
4903 0.000537366
4904 0.000537366
4905 0.000537366
4906 0.000537366
4907 0.000537366
4908 0.000537366
4909 0.000537366
4910 0.000537366
4911 0.000537366
4912 0.000537366
4913 0.000537366
4914 0.000537366
4915 0.000537366
4916 0.000537366
4917 0.000537366
4918 0.000537366
4919 0.000537366
4920 0.000537366
4921 0.000537366
4922 0.000537366
4923 0.000537366
4924 0.000537366
4925 0.000537366
4926 0.000537366
4927 0.000498983
4928 0.000498983
4929 0.000498983
4930 0.000498983
4931 0.000498983
4932 0.000498983
4933 0.000498983
4934 0.000498983
4935 0.000498983
4936 0.000498983
4937 0.000498983
4938 0.000498983
4939 0.000498983
4940 0.000498983
4941 0.000498983
4942 0.000498983
4943 0.0004606
4944 0.0004606
4945 0.0004606
4946 0.0004606
4947 0.0004606
4948 0.0004606
4949 0.0004606
4950 0.0004606
4951 0.0004606
4952 0.0004606
4953 0.0004606
4954 0.0004606
4955 0.0004606
4956 0.0004606
4957 0.0004606
4958 0.0004606
4959 0.0004606
4960 0.0004606
4961 0.0004606
4962 0.0004606
4963 0.0004606
4964 0.0004606
4965 0.0004606
4966 0.0004606
4967 0.0004606
4968 0.0004606
4969 0.0004606
4970 0.0004606
4971 0.0004606
4972 0.0004606
4973 0.0004606
4974 0.0004606
4975 0.0004606
4976 0.0004606
4977 0.0004606
4978 0.0004606
4979 0.0004606
4980 0.0004606
4981 0.0004606
4982 0.0004606
4983 0.0004606
4984 0.0004606
4985 0.0004606
4986 0.0004606
4987 0.0004606
4988 0.0004606
4989 0.0004606
4990 0.0004606
4991 0.0004606
4992 0.0004606
4993 0.0004606
4994 0.0004606
4995 0.0004606
4996 0.0004606
4997 0.0004606
4998 0.0004606
4999 0.0004606
5000 0.0004606
5001 0.0004606
5002 0.0004606
5003 0.0004606
5004 0.0004606
5005 0.0004606
5006 0.0004606
5007 0.0004606
5008 0.0004606
5009 0.0004606
5010 0.0004606
5011 0.0004606
5012 0.0004606
5013 0.0004606
5014 0.0004606
5015 0.0004606
5016 0.0004606
5017 0.000422216
5018 0.000422216
5019 0.000422216
5020 0.000422216
5021 0.000422216
5022 0.000422216
5023 0.000422216
5024 0.000422216
5025 0.000422216
5026 0.000422216
5027 0.000422216
5028 0.000422216
5029 0.000422216
5030 0.000422216
5031 0.000422216
5032 0.000422216
5033 0.000422216
5034 0.000422216
5035 0.000422216
5036 0.000422216
5037 0.000422216
5038 0.000422216
5039 0.000422216
5040 0.000422216
5041 0.000422216
5042 0.000422216
5043 0.000422216
5044 0.000422216
5045 0.000422216
5046 0.000422216
5047 0.000422216
5048 0.000422216
5049 0.000383833
5050 0.000383833
5051 0.000383833
5052 0.000383833
5053 0.000383833
5054 0.000383833
5055 0.000383833
5056 0.000383833
5057 0.000383833
5058 0.000383833
5059 0.000383833
5060 0.000383833
5061 0.000383833
5062 0.000383833
5063 0.000383833
5064 0.000383833
5065 0.000383833
5066 0.000383833
5067 0.000383833
5068 0.000383833
5069 0.000383833
5070 0.000383833
5071 0.000383833
5072 0.000383833
5073 0.000383833
5074 0.000383833
5075 0.000383833
5076 0.000383833
5077 0.000383833
5078 0.000383833
5079 0.000383833
5080 0.000383833
5081 0.00034545
5082 0.00034545
5083 0.00034545
5084 0.00034545
5085 0.00034545
5086 0.00034545
5087 0.00034545
5088 0.00034545
5089 0.00034545
5090 0.00034545
5091 0.00034545
5092 0.00034545
5093 0.00034545
5094 0.00034545
5095 0.00034545
5096 0.00034545
5097 0.00034545
5098 0.00034545
5099 0.00034545
5100 0.00034545
5101 0.00034545
5102 0.00034545
5103 0.00034545
5104 0.00034545
5105 0.00034545
5106 0.00034545
5107 0.00034545
5108 0.00034545
5109 0.00034545
5110 0.00034545
5111 0.00034545
5112 0.00034545
5113 0.00034545
5114 0.00034545
5115 0.00034545
5116 0.00034545
5117 0.00034545
5118 0.00034545
5119 0.00034545
5120 0.00034545
5121 0.00034545
5122 0.00034545
5123 0.00034545
5124 0.00034545
5125 0.00034545
5126 0.00034545
5127 0.00034545
5128 0.00034545
5129 0.00034545
5130 0.00034545
5131 0.00034545
5132 0.00034545
5133 0.00034545
5134 0.00034545
5135 0.00034545
5136 0.00034545
5137 0.00034545
5138 0.00034545
5139 0.00034545
5140 0.00034545
5141 0.00034545
5142 0.00034545
5143 0.00034545
5144 0.00034545
5145 0.00034545
5146 0.00034545
5147 0.00034545
5148 0.00034545
5149 0.00034545
5150 0.00034545
5151 0.00034545
5152 0.00034545
5153 0.00034545
5154 0.00034545
5155 0.00034545
5156 0.00034545
5157 0.00034545
5158 0.00034545
5159 0.00034545
5160 0.00034545
5161 0.00034545
5162 0.00034545
5163 0.00034545
5164 0.00034545
5165 0.00034545
5166 0.00034545
5167 0.00034545
5168 0.00034545
5169 0.00034545
5170 0.00034545
5171 0.00034545
5172 0.00034545
5173 0.00034545
5174 0.00034545
5175 0.00034545
5176 0.00034545
5177 0.00034545
5178 0.00034545
5179 0.00034545
5180 0.00034545
5181 0.00034545
5182 0.00034545
5183 0.00034545
5184 0.00034545
5185 0.00034545
5186 0.00034545
5187 0.00034545
5188 0.00034545
5189 0.00034545
5190 0.00034545
5191 0.00034545
5192 0.00034545
5193 0.00034545
5194 0.00034545
5195 0.00034545
5196 0.00034545
5197 0.00034545
5198 0.00034545
5199 0.00034545
5200 0.00034545
5201 0.00034545
5202 0.00034545
5203 0.00034545
5204 0.00034545
5205 0.00034545
5206 0.00034545
5207 0.00034545
5208 0.00034545
5209 0.00034545
5210 0.00034545
5211 0.00034545
5212 0.00034545
5213 0.00034545
5214 0.00034545
5215 0.00034545
5216 0.00034545
5217 0.00034545
5218 0.00034545
5219 0.00034545
5220 0.00034545
5221 0.00034545
5222 0.00034545
5223 0.00034545
5224 0.00034545
5225 0.00034545
5226 0.00034545
5227 0.00034545
5228 0.00034545
5229 0.00034545
5230 0.00034545
5231 0.00034545
5232 0.00034545
5233 0.000307066
5234 0.000307066
5235 0.000307066
5236 0.000307066
5237 0.000307066
5238 0.000307066
5239 0.000307066
5240 0.000307066
5241 0.000307066
5242 0.000307066
5243 0.000307066
5244 0.000307066
5245 0.000307066
5246 0.000307066
5247 0.000307066
5248 0.000307066
5249 0.000307066
5250 0.000307066
5251 0.000307066
5252 0.000307066
5253 0.000307066
5254 0.000307066
5255 0.000307066
5256 0.000307066
5257 0.000307066
5258 0.000307066
5259 0.000307066
5260 0.000307066
5261 0.000307066
5262 0.000307066
5263 0.000307066
5264 0.000307066
5265 0.000307066
5266 0.000307066
5267 0.000307066
5268 0.000307066
5269 0.000307066
5270 0.000307066
5271 0.000268683
5272 0.000268683
5273 0.000268683
5274 0.000268683
5275 0.000268683
5276 0.000268683
5277 0.000268683
5278 0.000268683
5279 0.000268683
5280 0.000268683
5281 0.000268683
5282 0.000268683
5283 0.000268683
5284 0.000268683
5285 0.000268683
5286 0.000268683
5287 0.000268683
5288 0.000268683
5289 0.000268683
5290 0.000268683
5291 0.000268683
5292 0.000268683
5293 0.000268683
5294 0.000268683
5295 0.000268683
5296 0.000268683
5297 0.000268683
5298 0.000268683
5299 0.000268683
5300 0.000268683
5301 0.000268683
5302 0.000268683
5303 0.000268683
5304 0.000268683
5305 0.000268683
5306 0.000268683
5307 0.000268683
5308 0.000268683
5309 0.000268683
5310 0.000268683
5311 0.000268683
5312 0.000268683
5313 0.000268683
5314 0.000268683
5315 0.000268683
5316 0.000268683
5317 0.000268683
5318 0.000268683
5319 0.000268683
5320 0.000268683
5321 0.000268683
5322 0.000268683
5323 0.000268683
5324 0.000268683
5325 0.000268683
5326 0.000268683
5327 0.000268683
5328 0.000268683
5329 0.000268683
5330 0.000268683
5331 0.000268683
5332 0.000268683
5333 0.000268683
5334 0.000268683
5335 0.000268683
5336 0.000268683
5337 0.000268683
5338 0.000268683
5339 0.000268683
5340 0.000268683
5341 0.000268683
5342 0.000268683
5343 0.000268683
5344 0.000268683
5345 0.000268683
5346 0.000268683
5347 0.000268683
5348 0.000268683
5349 0.000268683
5350 0.000268683
5351 0.000268683
5352 0.000268683
5353 0.0002303
5354 0.0002303
5355 0.0002303
5356 0.0002303
5357 0.0002303
5358 0.0002303
5359 0.0002303
5360 0.0002303
5361 0.0002303
5362 0.0002303
5363 0.0002303
5364 0.0002303
5365 0.0002303
5366 0.0002303
5367 0.0002303
5368 0.0002303
5369 0.0002303
5370 0.0002303
5371 0.0002303
5372 0.0002303
5373 0.0002303
5374 0.0002303
5375 0.0002303
5376 0.0002303
5377 0.0002303
5378 0.0002303
5379 0.0002303
5380 0.0002303
5381 0.0002303
5382 0.0002303
5383 0.0002303
5384 0.0002303
5385 0.0002303
5386 0.0002303
5387 0.0002303
5388 0.0002303
5389 0.0002303
5390 0.0002303
5391 0.0002303
5392 0.0002303
5393 0.0002303
5394 0.0002303
5395 0.0002303
5396 0.0002303
5397 0.0002303
5398 0.0002303
5399 0.0002303
5400 0.0002303
5401 0.0002303
5402 0.0002303
5403 0.0002303
5404 0.0002303
5405 0.0002303
5406 0.0002303
5407 0.0002303
5408 0.0002303
5409 0.0002303
5410 0.0002303
5411 0.0002303
5412 0.0002303
5413 0.0002303
5414 0.0002303
5415 0.0002303
5416 0.0002303
5417 0.0002303
5418 0.0002303
5419 0.0002303
5420 0.0002303
5421 0.0002303
5422 0.0002303
5423 0.0002303
5424 0.0002303
5425 0.0002303
5426 0.0002303
5427 0.0002303
5428 0.0002303
5429 0.0002303
5430 0.0002303
5431 0.000191916
5432 0.000191916
5433 0.000191916
5434 0.000191916
5435 0.000191916
5436 0.000191916
5437 0.000191916
5438 0.000191916
5439 0.000191916
5440 0.000191916
5441 0.000191916
5442 0.000191916
5443 0.000191916
5444 0.000191916
5445 0.000191916
5446 0.000191916
5447 0.000191916
5448 0.000191916
5449 0.000191916
5450 0.000191916
5451 0.000191916
5452 0.000191916
5453 0.000191916
5454 0.000191916
5455 0.000191916
5456 0.000191916
5457 0.000191916
5458 0.000191916
5459 0.000191916
5460 0.000191916
5461 0.000191916
5462 0.000191916
5463 0.000191916
5464 0.000191916
5465 0.000191916
5466 0.000191916
5467 0.000191916
5468 0.000191916
5469 0.000191916
5470 0.000191916
5471 0.000191916
5472 0.000191916
5473 0.000191916
5474 0.000191916
5475 0.000191916
5476 0.000191916
5477 0.000191916
5478 0.000191916
5479 0.000191916
5480 0.000191916
5481 0.000191916
5482 0.000191916
5483 0.000191916
5484 0.000191916
5485 0.000191916
5486 0.000191916
5487 0.000191916
5488 0.000191916
5489 0.000191916
5490 0.000191916
5491 0.000191916
5492 0.000191916
5493 0.000191916
5494 0.000191916
5495 0.000191916
5496 0.000191916
5497 0.000191916
5498 0.000191916
5499 0.000191916
5500 0.000191916
5501 0.000191916
5502 0.000191916
5503 0.000191916
5504 0.000191916
5505 0.000191916
5506 0.000191916
5507 0.000191916
5508 0.000191916
5509 0.000191916
5510 0.000191916
5511 0.000191916
5512 0.000191916
5513 0.000191916
5514 0.000191916
5515 0.000191916
5516 0.000191916
5517 0.000191916
5518 0.000191916
5519 0.000191916
5520 0.000191916
5521 0.000191916
5522 0.000191916
5523 0.000191916
5524 0.000191916
5525 0.000191916
5526 0.000191916
5527 0.000191916
5528 0.000191916
5529 0.000191916
5530 0.000191916
5531 0.000191916
5532 0.000191916
5533 0.000191916
5534 0.000191916
5535 0.000191916
5536 0.000191916
5537 0.000191916
5538 0.000191916
5539 0.000191916
5540 0.000191916
5541 0.000191916
5542 0.000191916
5543 0.000191916
5544 0.000191916
5545 0.000191916
5546 0.000191916
5547 0.000191916
5548 0.000191916
5549 0.000191916
5550 0.000191916
5551 0.000191916
5552 0.000191916
5553 0.000191916
5554 0.000191916
5555 0.000191916
5556 0.000191916
5557 0.000191916
5558 0.000191916
5559 0.000191916
5560 0.000191916
5561 0.000191916
5562 0.000191916
5563 0.000191916
5564 0.000191916
5565 0.000191916
5566 0.000191916
5567 0.000191916
5568 0.000191916
5569 0.000191916
5570 0.000191916
5571 0.000191916
5572 0.000191916
5573 0.000191916
5574 0.000191916
5575 0.000191916
5576 0.000191916
5577 0.000191916
5578 0.000191916
5579 0.000191916
5580 0.000191916
5581 0.000191916
5582 0.000191916
5583 0.000191916
5584 0.000191916
5585 0.000191916
5586 0.000191916
5587 0.000191916
5588 0.000191916
5589 0.000191916
5590 0.000191916
5591 0.000191916
5592 0.000191916
5593 0.000191916
5594 0.000191916
5595 0.000191916
5596 0.000191916
5597 0.000191916
5598 0.000191916
5599 0.000191916
5600 0.000191916
5601 0.000191916
5602 0.000191916
5603 0.000191916
5604 0.000191916
5605 0.000191916
5606 0.000191916
5607 0.000191916
5608 0.000191916
5609 0.000153533
5610 0.000153533
5611 0.000153533
5612 0.000153533
5613 0.000153533
5614 0.000153533
5615 0.000153533
5616 0.000153533
5617 0.000153533
5618 0.000153533
5619 0.000153533
5620 0.000153533
5621 0.000153533
5622 0.000153533
5623 0.000153533
5624 0.000153533
5625 0.000153533
5626 0.000153533
5627 0.000153533
5628 0.000153533
5629 0.000153533
5630 0.000153533
5631 0.000153533
5632 0.000153533
5633 0.000153533
5634 0.000153533
5635 0.000153533
5636 0.000153533
5637 0.000153533
5638 0.000153533
5639 0.000153533
5640 0.000153533
5641 0.000153533
5642 0.000153533
5643 0.000153533
5644 0.000153533
5645 0.000153533
5646 0.000153533
5647 0.000153533
5648 0.000153533
5649 0.000153533
5650 0.000153533
5651 0.000153533
5652 0.000153533
5653 0.000153533
5654 0.000153533
5655 0.000153533
5656 0.000153533
5657 0.000153533
5658 0.000153533
5659 0.000153533
5660 0.000153533
5661 0.000153533
5662 0.000153533
5663 0.000153533
5664 0.000153533
5665 0.000153533
5666 0.000153533
5667 0.000153533
5668 0.000153533
5669 0.000153533
5670 0.000153533
5671 0.000153533
5672 0.000153533
5673 0.000153533
5674 0.000153533
5675 0.000153533
5676 0.000153533
5677 0.000153533
5678 0.000153533
5679 0.000153533
5680 0.000153533
5681 0.000153533
5682 0.000153533
5683 0.000153533
5684 0.000153533
5685 0.000153533
5686 0.000153533
5687 0.000153533
5688 0.000153533
5689 0.000153533
5690 0.000153533
5691 0.000153533
5692 0.000153533
5693 0.000153533
5694 0.000153533
5695 0.000153533
5696 0.000153533
5697 0.000153533
5698 0.000153533
5699 0.000153533
5700 0.000153533
5701 0.000153533
5702 0.000153533
5703 0.000153533
5704 0.000153533
5705 0.000153533
5706 0.000153533
5707 0.000153533
5708 0.000153533
5709 0.000153533
5710 0.000153533
5711 0.000153533
5712 0.000153533
5713 0.000153533
5714 0.000153533
5715 0.000153533
5716 0.000153533
5717 0.000153533
5718 0.000153533
5719 0.000153533
5720 0.000153533
5721 0.000153533
5722 0.000153533
5723 0.000153533
5724 0.000153533
5725 0.000153533
5726 0.000153533
5727 0.000153533
5728 0.000153533
5729 0.000153533
5730 0.000153533
5731 0.000153533
5732 0.000153533
5733 0.000153533
5734 0.000153533
5735 0.000153533
5736 0.000153533
5737 0.000153533
5738 0.000153533
5739 0.000153533
5740 0.000153533
5741 0.000153533
5742 0.000153533
5743 0.000153533
5744 0.000153533
5745 0.000153533
5746 0.000153533
5747 0.000153533
5748 0.000153533
5749 0.000153533
5750 0.000153533
5751 0.000153533
5752 0.000153533
5753 0.000153533
5754 0.000153533
5755 0.000153533
5756 0.000153533
5757 0.000153533
5758 0.000153533
5759 0.000153533
5760 0.000153533
5761 0.000153533
5762 0.000153533
5763 0.000153533
5764 0.000153533
5765 0.000153533
5766 0.000153533
5767 0.000153533
5768 0.000153533
5769 0.000153533
5770 0.000153533
5771 0.000153533
5772 0.000153533
5773 0.000153533
5774 0.000153533
5775 0.000153533
5776 0.000153533
5777 0.000153533
5778 0.000153533
5779 0.000153533
5780 0.000153533
5781 0.000153533
5782 0.000153533
5783 0.000153533
5784 0.000153533
5785 0.00011515
5786 0.00011515
5787 0.00011515
5788 0.00011515
5789 0.00011515
5790 0.00011515
5791 0.00011515
5792 0.00011515
5793 0.00011515
5794 0.00011515
5795 0.00011515
5796 0.00011515
5797 0.00011515
5798 0.00011515
5799 0.00011515
5800 0.00011515
5801 0.00011515
5802 0.00011515
5803 0.00011515
5804 0.00011515
5805 0.00011515
5806 0.00011515
5807 0.00011515
5808 0.00011515
5809 0.00011515
5810 0.00011515
5811 0.00011515
5812 0.00011515
5813 0.00011515
5814 0.00011515
5815 0.00011515
5816 0.00011515
5817 0.00011515
5818 0.00011515
5819 0.00011515
5820 0.00011515
5821 0.00011515
5822 0.00011515
5823 0.00011515
5824 0.00011515
5825 0.00011515
5826 0.00011515
5827 0.00011515
5828 0.00011515
5829 0.00011515
5830 0.00011515
5831 0.00011515
5832 0.00011515
5833 0.00011515
5834 0.00011515
5835 0.00011515
5836 0.00011515
5837 0.00011515
5838 0.00011515
5839 0.00011515
5840 0.00011515
5841 0.00011515
5842 0.00011515
5843 0.00011515
5844 0.00011515
5845 0.00011515
5846 0.00011515
5847 0.00011515
5848 0.00011515
5849 7.67666e-05
5850 7.67666e-05
5851 7.67666e-05
5852 7.67666e-05
5853 7.67666e-05
5854 7.67666e-05
5855 7.67666e-05
5856 7.67666e-05
5857 7.67666e-05
5858 7.67666e-05
5859 7.67666e-05
5860 7.67666e-05
5861 7.67666e-05
5862 7.67666e-05
5863 7.67666e-05
5864 7.67666e-05
5865 7.67666e-05
5866 7.67666e-05
5867 7.67666e-05
5868 7.67666e-05
5869 7.67666e-05
5870 7.67666e-05
5871 7.67666e-05
5872 7.67666e-05
5873 7.67666e-05
5874 7.67666e-05
5875 7.67666e-05
5876 7.67666e-05
5877 7.67666e-05
5878 7.67666e-05
5879 7.67666e-05
5880 7.67666e-05
5881 7.67666e-05
5882 7.67666e-05
5883 7.67666e-05
5884 7.67666e-05
5885 7.67666e-05
5886 7.67666e-05
5887 7.67666e-05
5888 7.67666e-05
5889 7.67666e-05
5890 7.67666e-05
5891 7.67666e-05
5892 7.67666e-05
5893 7.67666e-05
5894 7.67666e-05
5895 7.67666e-05
5896 7.67666e-05
5897 7.67666e-05
5898 7.67666e-05
5899 7.67666e-05
5900 7.67666e-05
5901 7.67666e-05
5902 7.67666e-05
5903 7.67666e-05
5904 7.67666e-05
5905 7.67666e-05
5906 7.67666e-05
5907 7.67666e-05
5908 7.67666e-05
5909 7.67666e-05
5910 7.67666e-05
5911 7.67666e-05
5912 7.67666e-05
5913 7.67666e-05
5914 7.67666e-05
5915 7.67666e-05
5916 7.67666e-05
5917 7.67666e-05
5918 7.67666e-05
5919 7.67666e-05
5920 7.67666e-05
5921 7.67666e-05
5922 7.67666e-05
5923 7.67666e-05
5924 7.67666e-05
5925 7.67666e-05
5926 7.67666e-05
5927 7.67666e-05
5928 7.67666e-05
5929 7.67666e-05
5930 7.67666e-05
5931 7.67666e-05
5932 7.67666e-05
5933 7.67666e-05
5934 7.67666e-05
5935 7.67666e-05
5936 7.67666e-05
5937 7.67666e-05
5938 7.67666e-05
5939 7.67666e-05
5940 7.67666e-05
5941 7.67666e-05
5942 7.67666e-05
5943 7.67666e-05
5944 7.67666e-05
5945 7.67666e-05
5946 7.67666e-05
5947 7.67666e-05
5948 7.67666e-05
5949 7.67666e-05
5950 7.67666e-05
5951 7.67666e-05
5952 7.67666e-05
5953 3.83833e-05
5954 3.83833e-05
5955 3.83833e-05
5956 3.83833e-05
5957 3.83833e-05
5958 3.83833e-05
5959 3.83833e-05
5960 3.83833e-05
5961 3.83833e-05
5962 3.83833e-05
5963 3.83833e-05
5964 3.83833e-05
5965 3.83833e-05
5966 3.83833e-05
5967 3.83833e-05
5968 3.83833e-05
5969 3.83833e-05
5970 3.83833e-05
5971 3.83833e-05
5972 3.83833e-05
5973 3.83833e-05
5974 3.83833e-05
5975 3.83833e-05
5976 3.83833e-05
5977 3.83833e-05
5978 3.83833e-05
5979 3.83833e-05
5980 3.83833e-05
5981 3.83833e-05
5982 3.83833e-05
5983 3.83833e-05
5984 3.83833e-05
5985 3.83833e-05
5986 3.83833e-05
5987 3.83833e-05
5988 3.83833e-05
5989 3.83833e-05
5990 3.83833e-05
5991 3.83833e-05
5992 3.83833e-05
5993 3.83833e-05
5994 3.83833e-05
5995 3.83833e-05
5996 3.83833e-05
5997 3.83833e-05
5998 3.83833e-05
5999 3.83833e-05
6000 3.83833e-05
6001 3.83833e-05
6002 3.83833e-05
6003 3.83833e-05
6004 3.83833e-05
6005 3.83833e-05
6006 3.83833e-05
6007 3.83833e-05
6008 3.83833e-05
6009 3.83833e-05
6010 3.83833e-05
6011 3.83833e-05
6012 3.83833e-05
6013 3.83833e-05
6014 3.83833e-05
6015 3.83833e-05
6016 3.83833e-05
6017 3.83833e-05
6018 3.83833e-05
6019 3.83833e-05
6020 3.83833e-05
6021 3.83833e-05
6022 3.83833e-05
6023 3.83833e-05
6024 3.83833e-05
6025 3.83833e-05
6026 3.83833e-05
6027 3.83833e-05
6028 3.83833e-05
6029 3.83833e-05
6030 3.83833e-05
6031 3.83833e-05
6032 3.83833e-05
6033 3.83833e-05
6034 3.83833e-05
6035 3.83833e-05
6036 3.83833e-05
6037 3.83833e-05
6038 3.83833e-05
6039 3.83833e-05
6040 3.83833e-05
6041 3.83833e-05
6042 3.83833e-05
6043 3.83833e-05
6044 3.83833e-05
6045 3.83833e-05
6046 3.83833e-05
6047 3.83833e-05
6048 3.83833e-05
6049 3.83833e-05
6050 3.83833e-05
6051 3.83833e-05
6052 3.83833e-05
6053 3.83833e-05
6054 3.83833e-05
6055 3.83833e-05
6056 3.83833e-05
6057 3.83833e-05
6058 3.83833e-05
6059 3.83833e-05
6060 3.83833e-05
6061 3.83833e-05
6062 3.83833e-05
6063 3.83833e-05
6064 3.83833e-05
6065 3.83833e-05
6066 3.83833e-05
6067 3.83833e-05
6068 3.83833e-05
6069 3.83833e-05
6070 3.83833e-05
6071 3.83833e-05
6072 3.83833e-05
6073 3.83833e-05
6074 3.83833e-05
6075 3.83833e-05
6076 3.83833e-05
6077 3.83833e-05
6078 3.83833e-05
6079 3.83833e-05
6080 3.83833e-05
6081 3.83833e-05
6082 3.83833e-05
6083 3.83833e-05
6084 3.83833e-05
6085 3.83833e-05
6086 3.83833e-05
6087 3.83833e-05
6088 3.83833e-05
6089 3.83833e-05
6090 3.83833e-05
6091 3.83833e-05
6092 3.83833e-05
6093 3.83833e-05
6094 3.83833e-05
6095 3.83833e-05
6096 3.83833e-05
6097 3.83833e-05
6098 3.83833e-05
6099 3.83833e-05
6100 3.83833e-05
6101 3.83833e-05
6102 3.83833e-05
6103 3.83833e-05
6104 3.83833e-05
6105 3.83833e-05
6106 3.83833e-05
6107 3.83833e-05
6108 3.83833e-05
6109 3.83833e-05
6110 3.83833e-05
6111 3.83833e-05
6112 3.83833e-05
6113 3.83833e-05
6114 3.83833e-05
6115 3.83833e-05
6116 3.83833e-05
6117 3.83833e-05
6118 3.83833e-05
6119 3.83833e-05
6120 3.83833e-05
6121 3.83833e-05
6122 3.83833e-05
6123 3.83833e-05
6124 3.83833e-05
6125 3.83833e-05
6126 3.83833e-05
6127 3.83833e-05
6128 3.83833e-05
6129 3.83833e-05
6130 3.83833e-05
6131 3.83833e-05
6132 3.83833e-05
6133 3.83833e-05
6134 3.83833e-05
6135 3.83833e-05
6136 3.83833e-05
6137 3.83833e-05
6138 3.83833e-05
6139 3.83833e-05
6140 3.83833e-05
6141 3.83833e-05
6142 3.83833e-05
6143 3.83833e-05
6144 3.83833e-05
6145 3.83833e-05
6146 3.83833e-05
6147 3.83833e-05
6148 3.83833e-05
6149 3.83833e-05
6150 3.83833e-05
6151 3.83833e-05
6152 3.83833e-05
6153 3.83833e-05
6154 3.83833e-05
6155 3.83833e-05
6156 3.83833e-05
6157 3.83833e-05
6158 3.83833e-05
6159 3.83833e-05
6160 3.83833e-05
6161 3.83833e-05
6162 3.83833e-05
6163 3.83833e-05
6164 3.83833e-05
6165 3.83833e-05
6166 3.83833e-05
6167 3.83833e-05
6168 3.83833e-05
6169 3.83833e-05
6170 3.83833e-05
6171 3.83833e-05
6172 3.83833e-05
6173 3.83833e-05
6174 3.83833e-05
6175 3.83833e-05
6176 3.83833e-05
6177 3.83833e-05
6178 3.83833e-05
6179 3.83833e-05
6180 3.83833e-05
6181 3.83833e-05
6182 3.83833e-05
6183 3.83833e-05
6184 3.83833e-05
6185 3.83833e-05
6186 3.83833e-05
6187 3.83833e-05
6188 3.83833e-05
6189 3.83833e-05
6190 3.83833e-05
6191 3.83833e-05
6192 3.83833e-05
6193 3.83833e-05
6194 3.83833e-05
6195 3.83833e-05
6196 3.83833e-05
6197 3.83833e-05
6198 3.83833e-05
6199 3.83833e-05
6200 3.83833e-05
6201 3.83833e-05
6202 3.83833e-05
6203 3.83833e-05
6204 3.83833e-05
6205 3.83833e-05
6206 3.83833e-05
6207 3.83833e-05
6208 3.83833e-05
6209 3.83833e-05
6210 3.83833e-05
6211 3.83833e-05
6212 3.83833e-05
6213 3.83833e-05
6214 3.83833e-05
6215 3.83833e-05
6216 3.83833e-05
6217 3.83833e-05
6218 3.83833e-05
6219 3.83833e-05
6220 3.83833e-05
6221 3.83833e-05
6222 3.83833e-05
6223 3.83833e-05
6224 3.83833e-05
6225 3.83833e-05
6226 3.83833e-05
6227 3.83833e-05
6228 3.83833e-05
6229 3.83833e-05
6230 3.83833e-05
6231 3.83833e-05
6232 3.83833e-05
6233 3.83833e-05
6234 3.83833e-05
6235 3.83833e-05
6236 3.83833e-05
6237 3.83833e-05
6238 3.83833e-05
6239 3.83833e-05
6240 3.83833e-05
6241 3.83833e-05
6242 3.83833e-05
6243 3.83833e-05
6244 3.83833e-05
6245 3.83833e-05
6246 3.83833e-05
6247 3.83833e-05
6248 3.83833e-05
6249 3.83833e-05
6250 3.83833e-05
6251 3.83833e-05
6252 3.83833e-05
6253 3.83833e-05
6254 3.83833e-05
6255 3.83833e-05
6256 3.83833e-05
6257 3.83833e-05
6258 3.83833e-05
6259 3.83833e-05
6260 3.83833e-05
6261 3.83833e-05
6262 3.83833e-05
6263 3.83833e-05
6264 3.83833e-05
6265 3.83833e-05
6266 3.83833e-05
6267 3.83833e-05
6268 3.83833e-05
6269 3.83833e-05
6270 3.83833e-05
6271 3.83833e-05
6272 3.83833e-05
6273 3.83833e-05
6274 3.83833e-05
6275 3.83833e-05
6276 3.83833e-05
6277 3.83833e-05
6278 3.83833e-05
6279 3.83833e-05
6280 3.83833e-05
6281 3.83833e-05
6282 3.83833e-05
6283 3.83833e-05
6284 3.83833e-05
6285 3.83833e-05
6286 3.83833e-05
6287 3.83833e-05
6288 3.83833e-05
6289 3.83833e-05
6290 3.83833e-05
6291 3.83833e-05
6292 3.83833e-05
6293 3.83833e-05
6294 3.83833e-05
6295 3.83833e-05
6296 3.83833e-05
