0 1
1 1
2 1
3 1
4 1
5 1
6 1
7 1
8 1
9 1
10 1
11 1
12 1
13 1
14 1
15 0.999828
16 0.999828
17 0.999828
18 0.999828
19 0.999828
20 0.999828
21 0.999828
22 0.999828
23 0.999714
24 0.999714
25 0.999714
26 0.999714
27 0.999714
28 0.999714
29 0.999714
30 0.999714
31 0.99937
32 0.99937
33 0.942594
34 0.942594
35 0.942594
36 0.942594
37 0.942594
38 0.942594
39 0.942422
40 0.942422
41 0.889709
42 0.889709
43 0.889709
44 0.889709
45 0.889709
46 0.889709
47 0.889538
48 0.889538
49 0.835222
50 0.835222
51 0.835222
52 0.835222
53 0.835222
54 0.835222
55 0.834993
56 0.834993
57 0.777873
58 0.777873
59 0.777873
60 0.777873
61 0.777873
62 0.777873
63 0.777587
64 0.777587
65 0.725561
66 0.725561
67 0.725561
68 0.725561
69 0.725561
70 0.725561
71 0.725389
72 0.725389
73 0.67611
74 0.67611
75 0.67611
76 0.67611
77 0.67611
78 0.67611
79 0.676053
80 0.676053
81 0.628949
82 0.628949
83 0.628949
84 0.628949
85 0.628949
86 0.628949
87 0.628835
88 0.628835
89 0.58465
90 0.58465
91 0.58465
92 0.58465
93 0.58465
94 0.58465
95 0.584535
96 0.584535
97 0.547218
98 0.547218
99 0.547218
100 0.547218
101 0.547218
102 0.547218
103 0.547161
104 0.547161
105 0.511103
106 0.511103
107 0.511103
108 0.511103
109 0.511103
110 0.511103
111 0.510989
112 0.510989
113 0.481113
114 0.481113
115 0.481113
116 0.481113
117 0.481113
118 0.481113
119 0.480884
120 0.480884
121 0.452381
122 0.452381
123 0.452381
124 0.452381
125 0.452381
126 0.452381
127 0.452095
128 0.452095
129 0.424279
130 0.424279
131 0.424279
132 0.424279
133 0.424279
134 0.424279
135 0.424164
136 0.424164
137 0.397321
138 0.397321
139 0.397321
140 0.397321
141 0.397321
142 0.397321
143 0.397207
144 0.397207
145 0.37334
146 0.37334
147 0.37334
148 0.37334
149 0.37334
150 0.37334
151 0.373226
152 0.373226
153 0.349931
154 0.349931
155 0.349931
156 0.349931
157 0.349931
158 0.349931
159 0.349874
160 0.349874
161 0.329441
162 0.329441
163 0.329441
164 0.329441
165 0.329441
166 0.329441
167 0.329212
168 0.329212
169 0.307692
170 0.307692
171 0.307692
172 0.307692
173 0.307692
174 0.307692
175 0.307521
176 0.307521
177 0.288404
178 0.288404
179 0.288404
180 0.288404
181 0.288404
182 0.288404
183 0.288347
184 0.288347
185 0.271635
186 0.271635
187 0.271635
188 0.271635
189 0.271635
190 0.271635
191 0.271463
192 0.271463
193 0.255895
194 0.255895
195 0.255895
196 0.255895
197 0.255895
198 0.255895
199 0.255781
200 0.255781
201 0.241071
202 0.241071
203 0.241071
204 0.241071
205 0.241071
206 0.241071
207 0.241014
208 0.241014
209 0.228823
210 0.228823
211 0.228823
212 0.228823
213 0.228823
214 0.228823
215 0.228709
216 0.228709
217 0.216632
218 0.216632
219 0.216632
220 0.216632
221 0.216632
222 0.216632
223 0.216632
224 0.216632
225 0.204899
226 0.204899
227 0.204899
228 0.204899
229 0.204899
230 0.204899
231 0.204842
232 0.204842
233 0.193452
234 0.193452
235 0.193452
236 0.193452
237 0.193452
238 0.193452
239 0.193395
240 0.193395
241 0.182807
242 0.182807
243 0.182807
244 0.182807
245 0.182807
246 0.182807
247 0.18275
248 0.18275
249 0.174107
250 0.174107
251 0.174107
252 0.174107
253 0.174107
254 0.174107
255 0.174107
256 0.174107
257 0.16495
258 0.16495
259 0.16495
260 0.16495
261 0.16495
262 0.16495
263 0.16495
264 0.16495
265 0.157166
266 0.157166
267 0.157166
268 0.157166
269 0.157166
270 0.157166
271 0.157166
272 0.157166
273 0.148123
274 0.148123
275 0.148123
276 0.148123
277 0.148123
278 0.148123
279 0.148065
280 0.148065
281 0.140739
282 0.140739
283 0.140739
284 0.140739
285 0.140739
286 0.140739
287 0.140739
288 0.140739
289 0.133413
290 0.133413
291 0.133413
292 0.133413
293 0.133413
294 0.133413
295 0.133413
296 0.133413
297 0.126374
298 0.126374
299 0.126374
300 0.126374
301 0.126374
302 0.126374
303 0.126202
304 0.126202
305 0.120307
306 0.120307
307 0.120307
308 0.120307
309 0.120307
310 0.120307
311 0.120192
312 0.120192
313 0.114297
314 0.114297
315 0.114297
316 0.114297
317 0.114297
318 0.114297
319 0.114297
320 0.114297
321 0.109489
322 0.109489
323 0.109489
324 0.109489
325 0.109489
326 0.109489
327 0.109432
328 0.109432
329 0.104853
330 0.104853
331 0.104853
332 0.104853
333 0.104853
334 0.104853
335 0.104853
336 0.104853
337 0.100446
338 0.100446
339 0.100446
340 0.100446
341 0.100446
342 0.100446
343 0.100446
344 0.100446
345 0.0967262
346 0.0967262
347 0.0967262
348 0.0967262
349 0.0967262
350 0.0967262
351 0.0967262
352 0.0967262
353 0.0923764
354 0.0923764
355 0.0923764
356 0.0923764
357 0.0923764
358 0.0923764
359 0.0923764
360 0.0923764
361 0.0888278
362 0.0888278
363 0.0888278
364 0.0888278
365 0.0888278
366 0.0888278
367 0.0888278
368 0.0888278
369 0.0845925
370 0.0845925
371 0.0845925
372 0.0845925
373 0.0845925
374 0.0845925
375 0.0845925
376 0.0845925
377 0.0808723
378 0.0808723
379 0.0808723
380 0.0808723
381 0.0808723
382 0.0808723
383 0.0808723
384 0.0808723
385 0.0777244
386 0.0777244
387 0.0777244
388 0.0777244
389 0.0777244
390 0.0777244
391 0.0777244
392 0.0777244
393 0.0741758
394 0.0741758
395 0.0741758
396 0.0741758
397 0.0741758
398 0.0741758
399 0.0741186
400 0.0741186
401 0.0709707
402 0.0709707
403 0.0709707
404 0.0709707
405 0.0709707
406 0.0709707
407 0.0708562
408 0.0708562
409 0.0676511
410 0.0676511
411 0.0676511
412 0.0676511
413 0.0676511
414 0.0676511
415 0.0676511
416 0.0676511
417 0.0649038
418 0.0649038
419 0.0649038
420 0.0649038
421 0.0649038
422 0.0649038
423 0.0648466
424 0.0648466
425 0.061756
426 0.061756
427 0.061756
428 0.061756
429 0.061756
430 0.061756
431 0.0616987
432 0.0616987
433 0.0587798
434 0.0587798
435 0.0587798
436 0.0587798
437 0.0587798
438 0.0587798
439 0.0587798
440 0.0587798
441 0.0566621
442 0.0566621
443 0.0566621
444 0.0566621
445 0.0566621
446 0.0566621
447 0.0566049
448 0.0566049
449 0.0541438
450 0.0541438
451 0.0541438
452 0.0541438
453 0.0541438
454 0.0541438
455 0.0541438
456 0.0541438
457 0.0520833
458 0.0520833
459 0.0520833
460 0.0520833
461 0.0520833
462 0.0520833
463 0.0520833
464 0.0520833
465 0.0503663
466 0.0503663
467 0.0503663
468 0.0503663
469 0.0503663
470 0.0503663
471 0.0503663
472 0.0503663
473 0.0484203
474 0.0484203
475 0.0484203
476 0.0484203
477 0.0484203
478 0.0484203
479 0.0484203
480 0.0484203
481 0.0463599
482 0.0463599
483 0.0463599
484 0.0463599
485 0.0463599
486 0.0463599
487 0.0463599
488 0.0463599
489 0.045158
490 0.045158
491 0.045158
492 0.045158
493 0.045158
494 0.045158
495 0.045158
496 0.045158
497 0.0436126
498 0.0436126
499 0.0436126
500 0.0436126
501 0.0436126
502 0.0436126
503 0.0435554
504 0.0435554
505 0.0420101
506 0.0420101
507 0.0420101
508 0.0420101
509 0.0420101
510 0.0420101
511 0.0420101
512 0.0420101
513 0.0404647
514 0.0404647
515 0.0404647
516 0.0404647
517 0.0404647
518 0.0404647
519 0.0404647
520 0.0404647
521 0.0390339
522 0.0390339
523 0.0390339
524 0.0390339
525 0.0390339
526 0.0390339
527 0.0390339
528 0.0390339
529 0.0372596
530 0.0372596
531 0.0372596
532 0.0372596
533 0.0372596
534 0.0372596
535 0.0372596
536 0.0372596
537 0.0359432
538 0.0359432
539 0.0359432
540 0.0359432
541 0.0359432
542 0.0359432
543 0.0359432
544 0.0359432
545 0.034913
546 0.034913
547 0.034913
548 0.034913
549 0.034913
550 0.034913
551 0.034913
552 0.034913
553 0.0333677
554 0.0333677
555 0.0333677
556 0.0333677
557 0.0333677
558 0.0333677
559 0.0333677
560 0.0333677
561 0.0325092
562 0.0325092
563 0.0325092
564 0.0325092
565 0.0325092
566 0.0325092
567 0.0325092
568 0.0325092
569 0.0313645
570 0.0313645
571 0.0313645
572 0.0313645
573 0.0313645
574 0.0313645
575 0.0313645
576 0.0313645
577 0.0302198
578 0.0302198
579 0.0302198
580 0.0302198
581 0.0302198
582 0.0302198
583 0.0302198
584 0.0302198
585 0.0294185
586 0.0294185
587 0.0294185
588 0.0294185
589 0.0294185
590 0.0294185
591 0.0294185
592 0.0294185
593 0.0286172
594 0.0286172
595 0.0286172
596 0.0286172
597 0.0286172
598 0.0286172
599 0.0286172
600 0.0286172
601 0.0274725
602 0.0274725
603 0.0274725
604 0.0274725
605 0.0274725
606 0.0274725
607 0.0274725
608 0.0274725
609 0.0267285
610 0.0267285
611 0.0267285
612 0.0267285
613 0.0267285
614 0.0267285
615 0.0267285
616 0.0267285
617 0.0255266
618 0.0255266
619 0.0255266
620 0.0255266
621 0.0255266
622 0.0255266
623 0.0255266
624 0.0255266
625 0.0248397
626 0.0248397
627 0.0248397
628 0.0248397
629 0.0248397
630 0.0248397
631 0.0248397
632 0.0248397
633 0.0240957
634 0.0240957
635 0.0240957
636 0.0240957
637 0.0240957
638 0.0240957
639 0.0240957
640 0.0240957
641 0.0236951
642 0.0236951
643 0.0236951
644 0.0236951
645 0.0236951
646 0.0236951
647 0.0236951
648 0.0236951
649 0.0227793
650 0.0227793
651 0.0227793
652 0.0227793
653 0.0227793
654 0.0227793
655 0.0227221
656 0.0227221
657 0.0217491
658 0.0217491
659 0.0217491
660 0.0217491
661 0.0217491
662 0.0217491
663 0.0216918
664 0.0216918
665 0.0208906
666 0.0208906
667 0.0208906
668 0.0208906
669 0.0208906
670 0.0208906
671 0.0208906
672 0.0208906
673 0.0201465
674 0.0201465
675 0.0201465
676 0.0201465
677 0.0201465
678 0.0201465
679 0.0201465
680 0.0201465
681 0.0191735
682 0.0191735
683 0.0191735
684 0.0191735
685 0.0191735
686 0.0191735
687 0.0191735
688 0.0191735
689 0.018544
690 0.018544
691 0.018544
692 0.018544
693 0.018544
694 0.018544
695 0.018544
696 0.018544
697 0.0176854
698 0.0176854
699 0.0176854
700 0.0176854
701 0.0176854
702 0.0176854
703 0.0176854
704 0.0176854
705 0.0170559
706 0.0170559
707 0.0170559
708 0.0170559
709 0.0170559
710 0.0170559
711 0.0170559
712 0.0170559
713 0.0167125
714 0.0167125
715 0.0167125
716 0.0167125
717 0.0167125
718 0.0167125
719 0.0167125
720 0.0167125
721 0.0160829
722 0.0160829
723 0.0160829
724 0.0160829
725 0.0160829
726 0.0160829
727 0.0160829
728 0.0160829
729 0.0157395
730 0.0157395
731 0.0157395
732 0.0157395
733 0.0157395
734 0.0157395
735 0.0157395
736 0.0157395
737 0.0151099
738 0.0151099
739 0.0151099
740 0.0151099
741 0.0151099
742 0.0151099
743 0.0150527
744 0.0150527
745 0.0143658
746 0.0143658
747 0.0143658
748 0.0143658
749 0.0143658
750 0.0143658
751 0.0143658
752 0.0143658
753 0.0140797
754 0.0140797
755 0.0140797
756 0.0140797
757 0.0140797
758 0.0140797
759 0.0140224
760 0.0140224
761 0.0136218
762 0.0136218
763 0.0136218
764 0.0136218
765 0.0136218
766 0.0136218
767 0.0136218
768 0.0136218
769 0.012935
770 0.012935
771 0.012935
772 0.012935
773 0.012935
774 0.012935
775 0.012935
776 0.012935
777 0.012706
778 0.012706
779 0.012706
780 0.012706
781 0.012706
782 0.012706
783 0.012706
784 0.012706
785 0.0120192
786 0.0120192
787 0.0120192
788 0.0120192
789 0.0120192
790 0.0120192
791 0.0120192
792 0.0120192
793 0.0115041
794 0.0115041
795 0.0115041
796 0.0115041
797 0.0115041
798 0.0115041
799 0.0115041
800 0.0115041
801 0.010989
802 0.010989
803 0.010989
804 0.010989
805 0.010989
806 0.010989
807 0.010989
808 0.010989
809 0.0105311
810 0.0105311
811 0.0105311
812 0.0105311
813 0.0105311
814 0.0105311
815 0.0105311
816 0.0105311
817 0.010245
818 0.010245
819 0.010245
820 0.010245
821 0.010245
822 0.010245
823 0.010245
824 0.010245
825 0.00995879
826 0.00995879
827 0.00995879
828 0.00995879
829 0.00995879
830 0.00995879
831 0.00995879
832 0.00995879
833 0.00967262
834 0.00967262
835 0.00967262
836 0.00967262
837 0.00967262
838 0.00967262
839 0.00967262
840 0.00967262
841 0.00927198
842 0.00927198
843 0.00927198
844 0.00927198
845 0.00927198
846 0.00927198
847 0.00927198
848 0.00927198
849 0.00910028
850 0.00910028
851 0.00910028
852 0.00910028
853 0.00910028
854 0.00910028
855 0.00910028
856 0.00910028
857 0.00887134
858 0.00887134
859 0.00887134
860 0.00887134
861 0.00887134
862 0.00887134
863 0.00887134
864 0.00887134
865 0.00841346
866 0.00841346
867 0.00841346
868 0.00841346
869 0.00841346
870 0.00841346
871 0.00841346
872 0.00841346
873 0.00824176
874 0.00824176
875 0.00824176
876 0.00824176
877 0.00824176
878 0.00824176
879 0.00824176
880 0.00824176
881 0.00807006
882 0.00807006
883 0.00807006
884 0.00807006
885 0.00807006
886 0.00807006
887 0.00807006
888 0.00807006
889 0.00761218
890 0.00761218
891 0.00761218
892 0.00761218
893 0.00761218
894 0.00761218
895 0.00761218
896 0.00761218
897 0.00732601
898 0.00732601
899 0.00732601
900 0.00732601
901 0.00732601
902 0.00732601
903 0.00732601
904 0.00732601
905 0.00686813
906 0.00686813
907 0.00686813
908 0.00686813
909 0.00686813
910 0.00686813
911 0.00686813
912 0.00686813
913 0.00669643
914 0.00669643
915 0.00669643
916 0.00669643
917 0.00669643
918 0.00669643
919 0.00669643
920 0.00669643
921 0.00646749
922 0.00646749
923 0.00646749
924 0.00646749
925 0.00646749
926 0.00646749
927 0.00641026
928 0.00641026
929 0.00623855
930 0.00623855
931 0.00623855
932 0.00623855
933 0.00623855
934 0.00623855
935 0.00623855
936 0.00623855
937 0.00600962
938 0.00600962
939 0.00600962
940 0.00600962
941 0.00600962
942 0.00600962
943 0.00600962
944 0.00600962
945 0.00583791
946 0.00583791
947 0.00583791
948 0.00583791
949 0.00583791
950 0.00583791
951 0.00583791
952 0.00583791
953 0.00555174
954 0.00555174
955 0.00555174
956 0.00555174
957 0.00555174
958 0.00555174
959 0.00555174
960 0.00555174
961 0.0053228
962 0.0053228
963 0.0053228
964 0.0053228
965 0.0053228
966 0.0053228
967 0.0053228
968 0.0053228
969 0.0051511
970 0.0051511
971 0.0051511
972 0.0051511
973 0.0051511
974 0.0051511
975 0.0051511
976 0.0051511
977 0.00503663
978 0.00503663
979 0.00503663
980 0.00503663
981 0.00503663
982 0.00503663
983 0.00503663
984 0.00503663
985 0.00475046
986 0.00475046
987 0.00475046
988 0.00475046
989 0.00475046
990 0.00475046
991 0.00475046
992 0.00475046
993 0.00463599
994 0.00463599
995 0.00463599
996 0.00463599
997 0.00463599
998 0.00463599
999 0.00463599
1000 0.00463599
1001 0.00440705
1002 0.00440705
1003 0.00440705
1004 0.00440705
1005 0.00440705
1006 0.00440705
1007 0.00440705
1008 0.00440705
1009 0.00423535
1010 0.00423535
1011 0.00423535
1012 0.00423535
1013 0.00423535
1014 0.00423535
1015 0.00423535
1016 0.00423535
1017 0.00417811
1018 0.00417811
1019 0.00417811
1020 0.00417811
1021 0.00417811
1022 0.00417811
1023 0.00417811
1024 0.00417811
1025 0.00406364
1026 0.00406364
1027 0.00406364
1028 0.00406364
1029 0.00406364
1030 0.00406364
1031 0.00406364
1032 0.00406364
1033 0.00383471
1034 0.00383471
1035 0.00383471
1036 0.00383471
1037 0.00383471
1038 0.00383471
1039 0.00383471
1040 0.00383471
1041 0.00360577
1042 0.00360577
1043 0.00360577
1044 0.00360577
1045 0.00360577
1046 0.00360577
1047 0.00360577
1048 0.00360577
1049 0.00354853
1050 0.00354853
1051 0.00354853
1052 0.00354853
1053 0.00354853
1054 0.00354853
1055 0.00354853
1056 0.00354853
1057 0.00343407
1058 0.00343407
1059 0.00343407
1060 0.00343407
1061 0.00343407
1062 0.00343407
1063 0.00343407
1064 0.00343407
1065 0.00320513
1066 0.00320513
1067 0.00320513
1068 0.00320513
1069 0.00320513
1070 0.00320513
1071 0.00320513
1072 0.00320513
1073 0.00314789
1074 0.00314789
1075 0.00314789
1076 0.00314789
1077 0.00314789
1078 0.00314789
1079 0.00314789
1080 0.00314789
1081 0.00303342
1082 0.00303342
1083 0.00303342
1084 0.00303342
1085 0.00303342
1086 0.00303342
1087 0.00303342
1088 0.00303342
1089 0.00303342
1090 0.00303342
1091 0.00303342
1092 0.00303342
1093 0.00303342
1094 0.00303342
1095 0.00303342
1096 0.00303342
1097 0.00303342
1098 0.00303342
1099 0.00303342
1100 0.00303342
1101 0.00303342
1102 0.00303342
1103 0.00303342
1104 0.00303342
1105 0.00303342
1106 0.00303342
1107 0.00303342
1108 0.00303342
1109 0.00303342
1110 0.00303342
1111 0.00303342
1112 0.00303342
1113 0.00303342
1114 0.00303342
1115 0.00303342
1116 0.00303342
1117 0.00303342
1118 0.00303342
1119 0.00303342
1120 0.00303342
1121 0.00297619
1122 0.00297619
1123 0.00297619
1124 0.00297619
1125 0.00297619
1126 0.00297619
1127 0.00297619
1128 0.00297619
1129 0.00297619
1130 0.00297619
1131 0.00297619
1132 0.00297619
1133 0.00297619
1134 0.00297619
1135 0.00291896
1136 0.00291896
1137 0.00286172
1138 0.00286172
1139 0.00286172
1140 0.00286172
1141 0.00286172
1142 0.00286172
1143 0.00286172
1144 0.00286172
1145 0.00286172
1146 0.00286172
1147 0.00286172
1148 0.00286172
1149 0.00286172
1150 0.00286172
1151 0.00286172
1152 0.00286172
1153 0.00269002
1154 0.00269002
1155 0.00269002
1156 0.00269002
1157 0.00269002
1158 0.00269002
1159 0.00269002
1160 0.00269002
1161 0.00257555
1162 0.00257555
1163 0.00257555
1164 0.00257555
1165 0.00257555
1166 0.00257555
1167 0.00257555
1168 0.00257555
1169 0.00251832
1170 0.00251832
1171 0.00251832
1172 0.00251832
1173 0.00251832
1174 0.00251832
1175 0.00251832
1176 0.00251832
1177 0.00240385
1178 0.00240385
1179 0.00240385
1180 0.00240385
1181 0.00240385
1182 0.00240385
1183 0.00240385
1184 0.00240385
1185 0.00234661
1186 0.00234661
1187 0.00234661
1188 0.00234661
1189 0.00234661
1190 0.00234661
1191 0.00234661
1192 0.00234661
1193 0.00223214
1194 0.00223214
1195 0.00223214
1196 0.00223214
1197 0.00223214
1198 0.00223214
1199 0.00223214
1200 0.00223214
1201 0.00223214
1202 0.00223214
1203 0.00223214
1204 0.00223214
1205 0.00223214
1206 0.00223214
1207 0.00223214
1208 0.00223214
1209 0.00217491
1210 0.00217491
1211 0.00217491
1212 0.00217491
1213 0.00217491
1214 0.00217491
1215 0.00217491
1216 0.00217491
1217 0.00217491
1218 0.00217491
1219 0.00217491
1220 0.00217491
1221 0.00217491
1222 0.00217491
1223 0.00217491
1224 0.00217491
1225 0.00217491
1226 0.00217491
1227 0.00217491
1228 0.00217491
1229 0.00217491
1230 0.00217491
1231 0.00217491
1232 0.00217491
1233 0.00206044
1234 0.00206044
1235 0.00206044
1236 0.00206044
1237 0.00206044
1238 0.00206044
1239 0.00206044
1240 0.00206044
1241 0.00194597
1242 0.00194597
1243 0.00194597
1244 0.00194597
1245 0.00194597
1246 0.00194597
1247 0.00194597
1248 0.00194597
1249 0.00194597
1250 0.00194597
1251 0.00194597
1252 0.00194597
1253 0.00194597
1254 0.00194597
1255 0.00194597
1256 0.00194597
1257 0.00177427
1258 0.00177427
1259 0.00177427
1260 0.00177427
1261 0.00177427
1262 0.00177427
1263 0.00177427
1264 0.00177427
1265 0.00171703
1266 0.00171703
1267 0.00171703
1268 0.00171703
1269 0.00171703
1270 0.00171703
1271 0.00171703
1272 0.00171703
1273 0.00171703
1274 0.00171703
1275 0.00171703
1276 0.00171703
1277 0.00171703
1278 0.00171703
1279 0.00171703
1280 0.00171703
1281 0.0016598
1282 0.0016598
1283 0.0016598
1284 0.0016598
1285 0.0016598
1286 0.0016598
1287 0.0016598
1288 0.0016598
1289 0.00154533
1290 0.00154533
1291 0.00154533
1292 0.00154533
1293 0.00154533
1294 0.00154533
1295 0.00154533
1296 0.00154533
1297 0.0014881
1298 0.0014881
1299 0.0014881
1300 0.0014881
1301 0.0014881
1302 0.0014881
1303 0.0014881
1304 0.0014881
1305 0.00143086
1306 0.00143086
1307 0.00143086
1308 0.00143086
1309 0.00143086
1310 0.00143086
1311 0.00143086
1312 0.00143086
1313 0.00143086
1314 0.00143086
1315 0.00143086
1316 0.00143086
1317 0.00143086
1318 0.00143086
1319 0.00143086
1320 0.00143086
1321 0.00125916
1322 0.00125916
1323 0.00125916
1324 0.00125916
1325 0.00125916
1326 0.00125916
1327 0.00125916
1328 0.00125916
1329 0.00125916
1330 0.00125916
1331 0.00125916
1332 0.00125916
1333 0.00125916
1334 0.00125916
1335 0.00125916
1336 0.00125916
1337 0.00120192
1338 0.00120192
1339 0.00120192
1340 0.00120192
1341 0.00120192
1342 0.00120192
1343 0.00120192
1344 0.00120192
1345 0.00108745
1346 0.00108745
1347 0.00108745
1348 0.00108745
1349 0.00108745
1350 0.00108745
1351 0.00108745
1352 0.00108745
1353 0.00103022
1354 0.00103022
1355 0.00103022
1356 0.00103022
1357 0.00103022
1358 0.00103022
1359 0.00103022
1360 0.00103022
1361 0.00103022
1362 0.00103022
1363 0.00103022
1364 0.00103022
1365 0.00103022
1366 0.00103022
1367 0.00103022
1368 0.00103022
1369 0.000972985
1370 0.000972985
1371 0.000972985
1372 0.000972985
1373 0.000972985
1374 0.000972985
1375 0.000972985
1376 0.000972985
1377 0.000972985
1378 0.000972985
1379 0.000972985
1380 0.000972985
1381 0.000972985
1382 0.000972985
1383 0.000972985
1384 0.000972985
1385 0.000972985
1386 0.000972985
1387 0.000972985
1388 0.000972985
1389 0.000972985
1390 0.000972985
1391 0.000972985
1392 0.000972985
1393 0.000972985
1394 0.000972985
1395 0.000972985
1396 0.000972985
1397 0.000972985
1398 0.000972985
1399 0.000972985
1400 0.000972985
1401 0.000915751
1402 0.000915751
1403 0.000915751
1404 0.000915751
1405 0.000915751
1406 0.000915751
1407 0.000858516
1408 0.000858516
1409 0.000801282
1410 0.000801282
1411 0.000801282
1412 0.000801282
1413 0.000801282
1414 0.000801282
1415 0.000801282
1416 0.000801282
1417 0.000801282
1418 0.000801282
1419 0.000801282
1420 0.000801282
1421 0.000801282
1422 0.000801282
1423 0.000801282
1424 0.000801282
1425 0.000801282
1426 0.000801282
1427 0.000801282
1428 0.000801282
1429 0.000801282
1430 0.000801282
1431 0.000801282
1432 0.000801282
1433 0.000744048
1434 0.000744048
1435 0.000744048
1436 0.000744048
1437 0.000744048
1438 0.000744048
1439 0.000744048
1440 0.000744048
1441 0.000686813
1442 0.000686813
1443 0.000686813
1444 0.000686813
1445 0.000686813
1446 0.000686813
1447 0.000686813
1448 0.000686813
1449 0.000686813
1450 0.000686813
1451 0.000686813
1452 0.000686813
1453 0.000686813
1454 0.000686813
1455 0.000686813
1456 0.000686813
1457 0.000686813
1458 0.000686813
1459 0.000686813
1460 0.000686813
1461 0.000686813
1462 0.000686813
1463 0.000686813
1464 0.000686813
1465 0.000629579
1466 0.000629579
1467 0.000629579
1468 0.000629579
1469 0.000629579
1470 0.000629579
1471 0.000629579
1472 0.000629579
1473 0.000629579
1474 0.000629579
1475 0.000629579
1476 0.000629579
1477 0.000629579
1478 0.000629579
1479 0.000629579
1480 0.000629579
1481 0.000629579
1482 0.000629579
1483 0.000629579
1484 0.000629579
1485 0.000629579
1486 0.000629579
1487 0.000629579
1488 0.000629579
1489 0.000629579
1490 0.000629579
1491 0.000629579
1492 0.000629579
1493 0.000629579
1494 0.000629579
1495 0.000629579
1496 0.000629579
1497 0.000629579
1498 0.000629579
1499 0.000629579
1500 0.000629579
1501 0.000629579
1502 0.000629579
1503 0.000629579
1504 0.000629579
1505 0.000629579
1506 0.000629579
1507 0.000629579
1508 0.000629579
1509 0.000629579
1510 0.000629579
1511 0.000629579
1512 0.000629579
1513 0.000629579
1514 0.000629579
1515 0.000629579
1516 0.000629579
1517 0.000629579
1518 0.000629579
1519 0.000629579
1520 0.000629579
1521 0.000629579
1522 0.000629579
1523 0.000629579
1524 0.000629579
1525 0.000629579
1526 0.000629579
1527 0.000629579
1528 0.000629579
1529 0.000629579
1530 0.000629579
1531 0.000629579
1532 0.000629579
1533 0.000629579
1534 0.000629579
1535 0.000629579
1536 0.000629579
1537 0.000629579
1538 0.000629579
1539 0.000629579
1540 0.000629579
1541 0.000629579
1542 0.000629579
1543 0.000629579
1544 0.000629579
1545 0.000629579
1546 0.000629579
1547 0.000629579
1548 0.000629579
1549 0.000629579
1550 0.000629579
1551 0.000629579
1552 0.000629579
1553 0.000629579
1554 0.000629579
1555 0.000629579
1556 0.000629579
1557 0.000629579
1558 0.000629579
1559 0.000572344
1560 0.000572344
1561 0.000572344
1562 0.000572344
1563 0.000572344
1564 0.000572344
1565 0.000572344
1566 0.000572344
1567 0.000572344
1568 0.000572344
1569 0.000572344
1570 0.000572344
1571 0.000572344
1572 0.000572344
1573 0.000572344
1574 0.000572344
1575 0.000572344
1576 0.000572344
1577 0.000572344
1578 0.000572344
1579 0.000572344
1580 0.000572344
1581 0.000572344
1582 0.000572344
1583 0.000572344
1584 0.000572344
1585 0.000572344
1586 0.000572344
1587 0.000572344
1588 0.000572344
1589 0.000572344
1590 0.000572344
1591 0.000572344
1592 0.000572344
1593 0.000572344
1594 0.000572344
1595 0.000572344
1596 0.000572344
1597 0.000572344
1598 0.000572344
1599 0.000572344
1600 0.000572344
1601 0.000572344
1602 0.000572344
1603 0.000572344
1604 0.000572344
1605 0.000572344
1606 0.000572344
1607 0.000572344
1608 0.000572344
1609 0.000572344
1610 0.000572344
1611 0.000572344
1612 0.000572344
1613 0.000572344
1614 0.000572344
1615 0.000572344
1616 0.000572344
1617 0.00051511
1618 0.00051511
1619 0.00051511
1620 0.00051511
1621 0.00051511
1622 0.00051511
1623 0.00051511
1624 0.00051511
1625 0.00051511
1626 0.00051511
1627 0.00051511
1628 0.00051511
1629 0.00051511
1630 0.00051511
1631 0.00051511
1632 0.00051511
1633 0.00051511
1634 0.00051511
1635 0.00051511
1636 0.00051511
1637 0.00051511
1638 0.00051511
1639 0.00051511
1640 0.00051511
1641 0.000457875
1642 0.000457875
1643 0.000457875
1644 0.000457875
1645 0.000457875
1646 0.000457875
1647 0.000457875
1648 0.000457875
1649 0.000457875
1650 0.000457875
1651 0.000457875
1652 0.000457875
1653 0.000457875
1654 0.000457875
1655 0.000457875
1656 0.000457875
1657 0.000400641
1658 0.000400641
1659 0.000400641
1660 0.000400641
1661 0.000400641
1662 0.000400641
1663 0.000400641
1664 0.000400641
1665 0.000400641
1666 0.000400641
1667 0.000400641
1668 0.000400641
1669 0.000400641
1670 0.000400641
1671 0.000400641
1672 0.000400641
1673 0.000343407
1674 0.000343407
1675 0.000343407
1676 0.000343407
1677 0.000343407
1678 0.000343407
1679 0.000343407
1680 0.000343407
1681 0.000286172
1682 0.000286172
1683 0.000286172
1684 0.000286172
1685 0.000286172
1686 0.000286172
1687 0.000286172
1688 0.000286172
1689 0.000286172
1690 0.000286172
1691 0.000286172
1692 0.000286172
1693 0.000286172
1694 0.000286172
1695 0.000286172
1696 0.000286172
1697 0.000286172
1698 0.000286172
1699 0.000286172
1700 0.000286172
1701 0.000286172
1702 0.000286172
1703 0.000286172
1704 0.000286172
1705 0.000286172
1706 0.000286172
1707 0.000286172
1708 0.000286172
1709 0.000286172
1710 0.000286172
1711 0.000286172
1712 0.000286172
1713 0.000286172
1714 0.000286172
1715 0.000286172
1716 0.000286172
1717 0.000286172
1718 0.000286172
1719 0.000286172
1720 0.000286172
1721 0.000286172
1722 0.000286172
1723 0.000286172
1724 0.000286172
1725 0.000286172
1726 0.000286172
1727 0.000286172
1728 0.000286172
1729 0.000286172
1730 0.000286172
1731 0.000286172
1732 0.000286172
1733 0.000286172
1734 0.000286172
1735 0.000286172
1736 0.000286172
1737 0.000286172
1738 0.000286172
1739 0.000286172
1740 0.000286172
1741 0.000286172
1742 0.000286172
1743 0.000286172
1744 0.000286172
1745 0.000286172
1746 0.000286172
1747 0.000286172
1748 0.000286172
1749 0.000286172
1750 0.000286172
1751 0.000286172
1752 0.000286172
1753 0.000286172
1754 0.000286172
1755 0.000286172
1756 0.000286172
1757 0.000286172
1758 0.000286172
1759 0.000286172
1760 0.000286172
1761 0.000286172
1762 0.000286172
1763 0.000286172
1764 0.000286172
1765 0.000286172
1766 0.000286172
1767 0.000286172
1768 0.000286172
1769 0.000286172
1770 0.000286172
1771 0.000286172
1772 0.000286172
1773 0.000286172
1774 0.000286172
1775 0.000286172
1776 0.000286172
1777 0.000228938
1778 0.000228938
1779 0.000228938
1780 0.000228938
1781 0.000228938
1782 0.000228938
1783 0.000228938
1784 0.000228938
1785 0.000171703
1786 0.000171703
1787 0.000171703
1788 0.000171703
1789 0.000171703
1790 0.000171703
1791 0.000171703
1792 0.000171703
1793 0.000171703
1794 0.000171703
1795 0.000171703
1796 0.000171703
1797 0.000171703
1798 0.000171703
1799 0.000171703
1800 0.000171703
1801 0.000171703
1802 0.000171703
1803 0.000171703
1804 0.000171703
1805 0.000171703
1806 0.000171703
1807 0.000171703
1808 0.000171703
1809 0.000171703
1810 0.000171703
1811 0.000171703
1812 0.000171703
1813 0.000171703
1814 0.000171703
1815 0.000171703
1816 0.000171703
1817 0.000171703
1818 0.000171703
1819 0.000171703
1820 0.000171703
1821 0.000171703
1822 0.000171703
1823 0.000171703
1824 0.000171703
1825 0.000171703
1826 0.000171703
1827 0.000171703
1828 0.000171703
1829 0.000171703
1830 0.000171703
1831 0.000171703
1832 0.000171703
1833 0.000171703
1834 0.000171703
1835 0.000171703
1836 0.000171703
1837 0.000171703
1838 0.000171703
1839 0.000171703
1840 0.000171703
1841 0.000171703
1842 0.000171703
1843 0.000171703
1844 0.000171703
1845 0.000171703
1846 0.000171703
1847 0.000171703
1848 0.000171703
1849 0.000171703
1850 0.000171703
1851 0.000171703
1852 0.000171703
1853 0.000171703
1854 0.000171703
1855 0.000171703
1856 0.000171703
1857 0.000171703
1858 0.000171703
1859 0.000171703
1860 0.000171703
1861 0.000171703
1862 0.000171703
1863 0.000171703
1864 0.000171703
1865 0.000171703
1866 0.000171703
1867 0.000171703
1868 0.000171703
1869 0.000171703
1870 0.000171703
1871 0.000171703
1872 0.000171703
1873 0.000171703
1874 0.000171703
1875 0.000171703
1876 0.000171703
1877 0.000171703
1878 0.000171703
1879 0.000171703
1880 0.000171703
1881 0.000171703
1882 0.000171703
1883 0.000171703
1884 0.000171703
1885 0.000171703
1886 0.000171703
1887 0.000171703
1888 0.000171703
1889 0.000171703
1890 0.000171703
1891 0.000171703
1892 0.000171703
1893 0.000171703
1894 0.000171703
1895 0.000171703
1896 0.000171703
1897 0.000171703
1898 0.000171703
1899 0.000171703
1900 0.000171703
1901 0.000171703
1902 0.000171703
1903 0.000171703
1904 0.000171703
1905 0.000114469
1906 0.000114469
1907 0.000114469
1908 0.000114469
1909 0.000114469
1910 0.000114469
1911 0.000114469
1912 0.000114469
1913 0.000114469
1914 0.000114469
1915 0.000114469
1916 0.000114469
1917 0.000114469
1918 0.000114469
1919 0.000114469
1920 0.000114469
1921 0.000114469
1922 0.000114469
1923 0.000114469
1924 0.000114469
1925 0.000114469
1926 0.000114469
1927 0.000114469
1928 0.000114469
1929 0.000114469
1930 0.000114469
1931 0.000114469
1932 0.000114469
1933 0.000114469
1934 0.000114469
1935 0.000114469
1936 0.000114469
1937 0.000114469
1938 0.000114469
1939 0.000114469
1940 0.000114469
1941 0.000114469
1942 0.000114469
1943 0.000114469
1944 0.000114469
1945 5.72344e-05
1946 5.72344e-05
1947 5.72344e-05
1948 5.72344e-05
1949 5.72344e-05
1950 5.72344e-05
1951 5.72344e-05
1952 5.72344e-05
1953 5.72344e-05
1954 5.72344e-05
1955 5.72344e-05
1956 5.72344e-05
1957 5.72344e-05
1958 5.72344e-05
1959 5.72344e-05
1960 5.72344e-05
1961 5.72344e-05
1962 5.72344e-05
1963 5.72344e-05
1964 5.72344e-05
1965 5.72344e-05
1966 5.72344e-05
1967 5.72344e-05
1968 5.72344e-05
1969 5.72344e-05
1970 5.72344e-05
1971 5.72344e-05
1972 5.72344e-05
1973 5.72344e-05
1974 5.72344e-05
1975 5.72344e-05
1976 5.72344e-05
1977 5.72344e-05
1978 5.72344e-05
1979 5.72344e-05
1980 5.72344e-05
1981 5.72344e-05
1982 5.72344e-05
1983 5.72344e-05
1984 5.72344e-05
1985 5.72344e-05
1986 5.72344e-05
1987 5.72344e-05
1988 5.72344e-05
1989 5.72344e-05
1990 5.72344e-05
1991 5.72344e-05
1992 5.72344e-05
1993 5.72344e-05
1994 5.72344e-05
1995 5.72344e-05
1996 5.72344e-05
1997 5.72344e-05
1998 5.72344e-05
1999 5.72344e-05
2000 5.72344e-05
2001 5.72344e-05
2002 5.72344e-05
2003 5.72344e-05
2004 5.72344e-05
2005 5.72344e-05
2006 5.72344e-05
2007 5.72344e-05
2008 5.72344e-05
2009 5.72344e-05
2010 5.72344e-05
2011 5.72344e-05
2012 5.72344e-05
2013 5.72344e-05
2014 5.72344e-05
2015 5.72344e-05
2016 5.72344e-05
2017 5.72344e-05
2018 5.72344e-05
2019 5.72344e-05
2020 5.72344e-05
2021 5.72344e-05
2022 5.72344e-05
2023 5.72344e-05
2024 5.72344e-05
2025 5.72344e-05
2026 5.72344e-05
2027 5.72344e-05
2028 5.72344e-05
2029 5.72344e-05
2030 5.72344e-05
2031 5.72344e-05
2032 5.72344e-05
2033 5.72344e-05
2034 5.72344e-05
2035 5.72344e-05
2036 5.72344e-05
2037 5.72344e-05
2038 5.72344e-05
2039 5.72344e-05
2040 5.72344e-05
2041 5.72344e-05
2042 5.72344e-05
2043 5.72344e-05
2044 5.72344e-05
2045 5.72344e-05
2046 5.72344e-05
2047 5.72344e-05
2048 5.72344e-05
2049 5.72344e-05
2050 5.72344e-05
2051 5.72344e-05
2052 5.72344e-05
2053 5.72344e-05
2054 5.72344e-05
2055 5.72344e-05
2056 5.72344e-05
2057 5.72344e-05
2058 5.72344e-05
2059 5.72344e-05
2060 5.72344e-05
2061 5.72344e-05
2062 5.72344e-05
2063 5.72344e-05
2064 5.72344e-05
2065 5.72344e-05
2066 5.72344e-05
2067 5.72344e-05
2068 5.72344e-05
2069 5.72344e-05
2070 5.72344e-05
2071 5.72344e-05
2072 5.72344e-05
2073 5.72344e-05
2074 5.72344e-05
2075 5.72344e-05
2076 5.72344e-05
2077 5.72344e-05
2078 5.72344e-05
2079 5.72344e-05
2080 5.72344e-05
2081 5.72344e-05
2082 5.72344e-05
2083 5.72344e-05
2084 5.72344e-05
2085 5.72344e-05
2086 5.72344e-05
2087 5.72344e-05
2088 5.72344e-05
2089 5.72344e-05
2090 5.72344e-05
2091 5.72344e-05
2092 5.72344e-05
2093 5.72344e-05
2094 5.72344e-05
2095 5.72344e-05
2096 5.72344e-05
2097 5.72344e-05
2098 5.72344e-05
2099 5.72344e-05
2100 5.72344e-05
2101 5.72344e-05
2102 5.72344e-05
2103 5.72344e-05
2104 5.72344e-05
2105 5.72344e-05
2106 5.72344e-05
2107 5.72344e-05
2108 5.72344e-05
2109 5.72344e-05
2110 5.72344e-05
2111 5.72344e-05
2112 5.72344e-05
2113 5.72344e-05
2114 5.72344e-05
2115 5.72344e-05
2116 5.72344e-05
2117 5.72344e-05
2118 5.72344e-05
2119 5.72344e-05
2120 5.72344e-05
2121 5.72344e-05
2122 5.72344e-05
2123 5.72344e-05
2124 5.72344e-05
2125 5.72344e-05
2126 5.72344e-05
2127 5.72344e-05
2128 5.72344e-05
2129 5.72344e-05
2130 5.72344e-05
2131 5.72344e-05
2132 5.72344e-05
2133 5.72344e-05
2134 5.72344e-05
2135 5.72344e-05
2136 5.72344e-05
2137 5.72344e-05
2138 5.72344e-05
2139 5.72344e-05
2140 5.72344e-05
2141 5.72344e-05
2142 5.72344e-05
2143 5.72344e-05
2144 5.72344e-05
2145 5.72344e-05
2146 5.72344e-05
2147 5.72344e-05
2148 5.72344e-05
2149 5.72344e-05
2150 5.72344e-05
2151 5.72344e-05
2152 5.72344e-05
2153 5.72344e-05
2154 5.72344e-05
2155 5.72344e-05
2156 5.72344e-05
2157 5.72344e-05
2158 5.72344e-05
2159 5.72344e-05
2160 5.72344e-05
2161 5.72344e-05
2162 5.72344e-05
2163 5.72344e-05
2164 5.72344e-05
2165 5.72344e-05
2166 5.72344e-05
2167 5.72344e-05
2168 5.72344e-05
2169 5.72344e-05
2170 5.72344e-05
2171 5.72344e-05
2172 5.72344e-05
2173 5.72344e-05
2174 5.72344e-05
2175 5.72344e-05
2176 5.72344e-05
2177 5.72344e-05
2178 5.72344e-05
2179 5.72344e-05
2180 5.72344e-05
2181 5.72344e-05
2182 5.72344e-05
2183 5.72344e-05
2184 5.72344e-05
2185 5.72344e-05
2186 5.72344e-05
2187 5.72344e-05
2188 5.72344e-05
2189 5.72344e-05
2190 5.72344e-05
2191 5.72344e-05
2192 5.72344e-05
2193 5.72344e-05
2194 5.72344e-05
2195 5.72344e-05
2196 5.72344e-05
2197 5.72344e-05
2198 5.72344e-05
2199 5.72344e-05
2200 5.72344e-05
2201 5.72344e-05
2202 5.72344e-05
2203 5.72344e-05
2204 5.72344e-05
2205 5.72344e-05
2206 5.72344e-05
2207 5.72344e-05
2208 5.72344e-05
2209 5.72344e-05
2210 5.72344e-05
2211 5.72344e-05
2212 5.72344e-05
2213 5.72344e-05
2214 5.72344e-05
2215 5.72344e-05
2216 5.72344e-05
2217 5.72344e-05
2218 5.72344e-05
2219 5.72344e-05
2220 5.72344e-05
2221 5.72344e-05
2222 5.72344e-05
2223 5.72344e-05
2224 5.72344e-05
2225 5.72344e-05
2226 5.72344e-05
2227 5.72344e-05
2228 5.72344e-05
2229 5.72344e-05
2230 5.72344e-05
2231 5.72344e-05
2232 5.72344e-05
2233 5.72344e-05
2234 5.72344e-05
2235 5.72344e-05
2236 5.72344e-05
2237 5.72344e-05
2238 5.72344e-05
2239 5.72344e-05
2240 5.72344e-05
2241 5.72344e-05
2242 5.72344e-05
2243 5.72344e-05
2244 5.72344e-05
2245 5.72344e-05
2246 5.72344e-05
2247 5.72344e-05
2248 5.72344e-05
2249 5.72344e-05
2250 5.72344e-05
2251 5.72344e-05
2252 5.72344e-05
2253 5.72344e-05
2254 5.72344e-05
2255 5.72344e-05
2256 5.72344e-05
2257 5.72344e-05
2258 5.72344e-05
2259 5.72344e-05
2260 5.72344e-05
2261 5.72344e-05
2262 5.72344e-05
2263 5.72344e-05
2264 5.72344e-05
2265 5.72344e-05
2266 5.72344e-05
2267 5.72344e-05
2268 5.72344e-05
2269 5.72344e-05
2270 5.72344e-05
2271 5.72344e-05
2272 5.72344e-05
2273 5.72344e-05
2274 5.72344e-05
2275 5.72344e-05
2276 5.72344e-05
2277 5.72344e-05
2278 5.72344e-05
2279 5.72344e-05
2280 5.72344e-05
2281 5.72344e-05
2282 5.72344e-05
2283 5.72344e-05
2284 5.72344e-05
2285 5.72344e-05
2286 5.72344e-05
2287 5.72344e-05
2288 5.72344e-05
2289 5.72344e-05
2290 5.72344e-05
2291 5.72344e-05
2292 5.72344e-05
2293 5.72344e-05
2294 5.72344e-05
2295 5.72344e-05
2296 5.72344e-05
2297 5.72344e-05
2298 5.72344e-05
2299 5.72344e-05
2300 5.72344e-05
2301 5.72344e-05
2302 5.72344e-05
2303 5.72344e-05
2304 5.72344e-05
2305 5.72344e-05
2306 5.72344e-05
2307 5.72344e-05
2308 5.72344e-05
2309 5.72344e-05
2310 5.72344e-05
2311 5.72344e-05
2312 5.72344e-05
2313 5.72344e-05
2314 5.72344e-05
2315 5.72344e-05
2316 5.72344e-05
2317 5.72344e-05
2318 5.72344e-05
2319 5.72344e-05
2320 5.72344e-05
2321 5.72344e-05
2322 5.72344e-05
2323 5.72344e-05
2324 5.72344e-05
2325 5.72344e-05
2326 5.72344e-05
2327 5.72344e-05
2328 5.72344e-05
2329 5.72344e-05
2330 5.72344e-05
2331 5.72344e-05
2332 5.72344e-05
2333 5.72344e-05
2334 5.72344e-05
2335 5.72344e-05
2336 5.72344e-05
2337 5.72344e-05
2338 5.72344e-05
2339 5.72344e-05
2340 5.72344e-05
2341 5.72344e-05
2342 5.72344e-05
2343 5.72344e-05
2344 5.72344e-05
2345 5.72344e-05
2346 5.72344e-05
2347 5.72344e-05
2348 5.72344e-05
2349 5.72344e-05
2350 5.72344e-05
2351 5.72344e-05
2352 5.72344e-05
2353 5.72344e-05
2354 5.72344e-05
2355 5.72344e-05
2356 5.72344e-05
2357 5.72344e-05
2358 5.72344e-05
2359 5.72344e-05
2360 5.72344e-05
2361 5.72344e-05
2362 5.72344e-05
2363 5.72344e-05
2364 5.72344e-05
2365 5.72344e-05
2366 5.72344e-05
2367 5.72344e-05
2368 5.72344e-05
2369 5.72344e-05
2370 5.72344e-05
2371 5.72344e-05
2372 5.72344e-05
2373 5.72344e-05
2374 5.72344e-05
2375 5.72344e-05
2376 5.72344e-05
2377 5.72344e-05
2378 5.72344e-05
2379 5.72344e-05
2380 5.72344e-05
2381 5.72344e-05
2382 5.72344e-05
2383 5.72344e-05
2384 5.72344e-05
2385 5.72344e-05
2386 5.72344e-05
2387 5.72344e-05
2388 5.72344e-05
2389 5.72344e-05
2390 5.72344e-05
2391 5.72344e-05
2392 5.72344e-05
2393 5.72344e-05
2394 5.72344e-05
2395 5.72344e-05
2396 5.72344e-05
2397 5.72344e-05
2398 5.72344e-05
2399 5.72344e-05
2400 5.72344e-05
2401 5.72344e-05
2402 5.72344e-05
2403 5.72344e-05
2404 5.72344e-05
2405 5.72344e-05
2406 5.72344e-05
2407 5.72344e-05
2408 5.72344e-05
2409 5.72344e-05
2410 5.72344e-05
2411 5.72344e-05
2412 5.72344e-05
2413 5.72344e-05
2414 5.72344e-05
2415 5.72344e-05
2416 5.72344e-05
2417 5.72344e-05
2418 5.72344e-05
2419 5.72344e-05
2420 5.72344e-05
2421 5.72344e-05
2422 5.72344e-05
2423 5.72344e-05
2424 5.72344e-05
2425 5.72344e-05
2426 5.72344e-05
2427 5.72344e-05
2428 5.72344e-05
2429 5.72344e-05
2430 5.72344e-05
2431 5.72344e-05
2432 5.72344e-05
2433 5.72344e-05
2434 5.72344e-05
2435 5.72344e-05
2436 5.72344e-05
2437 5.72344e-05
2438 5.72344e-05
2439 5.72344e-05
2440 5.72344e-05
2441 5.72344e-05
2442 5.72344e-05
2443 5.72344e-05
2444 5.72344e-05
2445 5.72344e-05
2446 5.72344e-05
2447 5.72344e-05
2448 5.72344e-05
2449 5.72344e-05
2450 5.72344e-05
2451 5.72344e-05
2452 5.72344e-05
2453 5.72344e-05
2454 5.72344e-05
2455 5.72344e-05
2456 5.72344e-05
2457 5.72344e-05
2458 5.72344e-05
2459 5.72344e-05
2460 5.72344e-05
2461 5.72344e-05
2462 5.72344e-05
2463 5.72344e-05
2464 5.72344e-05
2465 5.72344e-05
2466 5.72344e-05
2467 5.72344e-05
2468 5.72344e-05
2469 5.72344e-05
2470 5.72344e-05
2471 5.72344e-05
2472 5.72344e-05
2473 5.72344e-05
2474 5.72344e-05
2475 5.72344e-05
2476 5.72344e-05
2477 5.72344e-05
2478 5.72344e-05
2479 5.72344e-05
2480 5.72344e-05
2481 5.72344e-05
2482 5.72344e-05
2483 5.72344e-05
2484 5.72344e-05
2485 5.72344e-05
2486 5.72344e-05
2487 5.72344e-05
2488 5.72344e-05
2489 5.72344e-05
2490 5.72344e-05
2491 5.72344e-05
2492 5.72344e-05
2493 5.72344e-05
2494 5.72344e-05
2495 5.72344e-05
2496 5.72344e-05
2497 5.72344e-05
2498 5.72344e-05
2499 5.72344e-05
2500 5.72344e-05
2501 5.72344e-05
2502 5.72344e-05
2503 5.72344e-05
2504 5.72344e-05
2505 5.72344e-05
2506 5.72344e-05
2507 5.72344e-05
2508 5.72344e-05
2509 5.72344e-05
2510 5.72344e-05
2511 5.72344e-05
2512 5.72344e-05
2513 5.72344e-05
2514 5.72344e-05
2515 5.72344e-05
2516 5.72344e-05
2517 5.72344e-05
2518 5.72344e-05
2519 5.72344e-05
2520 5.72344e-05
2521 5.72344e-05
2522 5.72344e-05
2523 5.72344e-05
2524 5.72344e-05
2525 5.72344e-05
2526 5.72344e-05
2527 5.72344e-05
2528 5.72344e-05
2529 5.72344e-05
2530 5.72344e-05
2531 5.72344e-05
2532 5.72344e-05
2533 5.72344e-05
2534 5.72344e-05
2535 5.72344e-05
2536 5.72344e-05
2537 5.72344e-05
2538 5.72344e-05
2539 5.72344e-05
2540 5.72344e-05
2541 5.72344e-05
2542 5.72344e-05
2543 5.72344e-05
2544 5.72344e-05
2545 5.72344e-05
2546 5.72344e-05
2547 5.72344e-05
2548 5.72344e-05
2549 5.72344e-05
2550 5.72344e-05
2551 5.72344e-05
2552 5.72344e-05
2553 5.72344e-05
2554 5.72344e-05
2555 5.72344e-05
2556 5.72344e-05
2557 5.72344e-05
2558 5.72344e-05
2559 5.72344e-05
2560 5.72344e-05
2561 5.72344e-05
2562 5.72344e-05
2563 5.72344e-05
2564 5.72344e-05
2565 5.72344e-05
2566 5.72344e-05
2567 5.72344e-05
2568 5.72344e-05
2569 5.72344e-05
2570 5.72344e-05
2571 5.72344e-05
2572 5.72344e-05
2573 5.72344e-05
2574 5.72344e-05
2575 5.72344e-05
2576 5.72344e-05
2577 5.72344e-05
2578 5.72344e-05
2579 5.72344e-05
2580 5.72344e-05
2581 5.72344e-05
2582 5.72344e-05
2583 5.72344e-05
2584 5.72344e-05
2585 5.72344e-05
2586 5.72344e-05
2587 5.72344e-05
2588 5.72344e-05
2589 5.72344e-05
2590 5.72344e-05
2591 5.72344e-05
2592 5.72344e-05
2593 5.72344e-05
2594 5.72344e-05
2595 5.72344e-05
2596 5.72344e-05
2597 5.72344e-05
2598 5.72344e-05
2599 5.72344e-05
2600 5.72344e-05
2601 5.72344e-05
2602 5.72344e-05
2603 5.72344e-05
2604 5.72344e-05
2605 5.72344e-05
2606 5.72344e-05
2607 5.72344e-05
2608 5.72344e-05
2609 5.72344e-05
2610 5.72344e-05
2611 5.72344e-05
2612 5.72344e-05
2613 5.72344e-05
2614 5.72344e-05
2615 5.72344e-05
2616 5.72344e-05
2617 5.72344e-05
2618 5.72344e-05
2619 5.72344e-05
2620 5.72344e-05
2621 5.72344e-05
2622 5.72344e-05
2623 5.72344e-05
2624 5.72344e-05
2625 5.72344e-05
2626 5.72344e-05
2627 5.72344e-05
2628 5.72344e-05
2629 5.72344e-05
2630 5.72344e-05
2631 5.72344e-05
2632 5.72344e-05
2633 5.72344e-05
2634 5.72344e-05
2635 5.72344e-05
2636 5.72344e-05
2637 5.72344e-05
2638 5.72344e-05
2639 5.72344e-05
2640 5.72344e-05
2641 5.72344e-05
2642 5.72344e-05
2643 5.72344e-05
2644 5.72344e-05
2645 5.72344e-05
2646 5.72344e-05
2647 5.72344e-05
2648 5.72344e-05
2649 5.72344e-05
2650 5.72344e-05
2651 5.72344e-05
2652 5.72344e-05
2653 5.72344e-05
2654 5.72344e-05
2655 5.72344e-05
2656 5.72344e-05
2657 5.72344e-05
2658 5.72344e-05
2659 5.72344e-05
2660 5.72344e-05
2661 5.72344e-05
2662 5.72344e-05
2663 5.72344e-05
2664 5.72344e-05
2665 5.72344e-05
2666 5.72344e-05
2667 5.72344e-05
2668 5.72344e-05
2669 5.72344e-05
2670 5.72344e-05
2671 5.72344e-05
2672 5.72344e-05
2673 5.72344e-05
2674 5.72344e-05
2675 5.72344e-05
2676 5.72344e-05
2677 5.72344e-05
2678 5.72344e-05
2679 5.72344e-05
2680 5.72344e-05
2681 5.72344e-05
2682 5.72344e-05
2683 5.72344e-05
2684 5.72344e-05
2685 5.72344e-05
2686 5.72344e-05
2687 5.72344e-05
2688 5.72344e-05
2689 5.72344e-05
2690 5.72344e-05
2691 5.72344e-05
2692 5.72344e-05
2693 5.72344e-05
2694 5.72344e-05
2695 5.72344e-05
2696 5.72344e-05
2697 5.72344e-05
2698 5.72344e-05
2699 5.72344e-05
2700 5.72344e-05
2701 5.72344e-05
2702 5.72344e-05
2703 5.72344e-05
2704 5.72344e-05
2705 5.72344e-05
2706 5.72344e-05
2707 5.72344e-05
2708 5.72344e-05
2709 5.72344e-05
2710 5.72344e-05
2711 5.72344e-05
2712 5.72344e-05
2713 5.72344e-05
2714 5.72344e-05
2715 5.72344e-05
2716 5.72344e-05
2717 5.72344e-05
2718 5.72344e-05
2719 5.72344e-05
2720 5.72344e-05
2721 5.72344e-05
2722 5.72344e-05
2723 5.72344e-05
2724 5.72344e-05
2725 5.72344e-05
2726 5.72344e-05
2727 5.72344e-05
2728 5.72344e-05
2729 5.72344e-05
2730 5.72344e-05
2731 5.72344e-05
2732 5.72344e-05
2733 5.72344e-05
2734 5.72344e-05
2735 5.72344e-05
2736 5.72344e-05
2737 5.72344e-05
2738 5.72344e-05
2739 5.72344e-05
2740 5.72344e-05
2741 5.72344e-05
2742 5.72344e-05
2743 5.72344e-05
2744 5.72344e-05
2745 5.72344e-05
2746 5.72344e-05
2747 5.72344e-05
2748 5.72344e-05
2749 5.72344e-05
2750 5.72344e-05
2751 5.72344e-05
2752 5.72344e-05
2753 5.72344e-05
2754 5.72344e-05
2755 5.72344e-05
2756 5.72344e-05
2757 5.72344e-05
2758 5.72344e-05
2759 5.72344e-05
2760 5.72344e-05
2761 5.72344e-05
2762 5.72344e-05
2763 5.72344e-05
2764 5.72344e-05
2765 5.72344e-05
2766 5.72344e-05
2767 5.72344e-05
2768 5.72344e-05
2769 5.72344e-05
2770 5.72344e-05
2771 5.72344e-05
2772 5.72344e-05
2773 5.72344e-05
2774 5.72344e-05
2775 5.72344e-05
2776 5.72344e-05
2777 5.72344e-05
2778 5.72344e-05
2779 5.72344e-05
2780 5.72344e-05
2781 5.72344e-05
2782 5.72344e-05
2783 5.72344e-05
2784 5.72344e-05
2785 5.72344e-05
2786 5.72344e-05
2787 5.72344e-05
2788 5.72344e-05
2789 5.72344e-05
2790 5.72344e-05
2791 5.72344e-05
2792 5.72344e-05
2793 5.72344e-05
2794 5.72344e-05
2795 5.72344e-05
2796 5.72344e-05
2797 5.72344e-05
2798 5.72344e-05
2799 5.72344e-05
2800 5.72344e-05
2801 5.72344e-05
2802 5.72344e-05
2803 5.72344e-05
2804 5.72344e-05
2805 5.72344e-05
2806 5.72344e-05
2807 5.72344e-05
2808 5.72344e-05
2809 5.72344e-05
2810 5.72344e-05
2811 5.72344e-05
2812 5.72344e-05
2813 5.72344e-05
2814 5.72344e-05
2815 5.72344e-05
2816 5.72344e-05
