0 1
1 1
2 1
3 1
4 1
5 1
6 1
7 0.999973
8 0.999973
9 0.999945
10 0.999945
11 0.999945
12 0.999945
13 0.999945
14 0.999945
15 0.999945
16 0.999945
17 0.999945
18 0.999945
19 0.999945
20 0.999945
21 0.999945
22 0.999945
23 0.999864
24 0.999864
25 0.999864
26 0.999864
27 0.999864
28 0.999864
29 0.999864
30 0.999864
31 0.999755
32 0.999755
33 0.957863
34 0.957863
35 0.957863
36 0.957863
37 0.957863
38 0.957863
39 0.957781
40 0.957781
41 0.918398
42 0.918398
43 0.918398
44 0.918398
45 0.918398
46 0.918398
47 0.91818
48 0.91818
49 0.87648
50 0.87648
51 0.87648
52 0.87648
53 0.87648
54 0.87648
55 0.87637
56 0.87637
57 0.83347
58 0.83347
59 0.83347
60 0.83347
61 0.83347
62 0.83347
63 0.833333
64 0.833333
65 0.791878
66 0.791878
67 0.791878
68 0.791878
69 0.791878
70 0.791878
71 0.791742
72 0.791742
73 0.753096
74 0.753096
75 0.753096
76 0.753096
77 0.753096
78 0.753096
79 0.752905
80 0.752905
81 0.714122
82 0.714122
83 0.714122
84 0.714122
85 0.714122
86 0.714122
87 0.713877
88 0.713877
89 0.67654
90 0.67654
91 0.67654
92 0.67654
93 0.67654
94 0.67654
95 0.676321
96 0.676321
97 0.640866
98 0.640866
99 0.640866
100 0.640866
101 0.640866
102 0.640866
103 0.640757
104 0.640757
105 0.607457
106 0.607457
107 0.607457
108 0.607457
109 0.607457
110 0.607457
111 0.607347
112 0.607347
113 0.57462
114 0.57462
115 0.57462
116 0.57462
117 0.57462
118 0.57462
119 0.57451
120 0.57451
121 0.544401
122 0.544401
123 0.544401
124 0.544401
125 0.544401
126 0.544401
127 0.544155
128 0.544155
129 0.515791
130 0.515791
131 0.515791
132 0.515791
133 0.515791
134 0.515791
135 0.515709
136 0.515709
137 0.487891
138 0.487891
139 0.487891
140 0.487891
141 0.487891
142 0.487891
143 0.4877
144 0.4877
145 0.462772
146 0.462772
147 0.462772
148 0.462772
149 0.462772
150 0.462772
151 0.462663
152 0.462663
153 0.43869
154 0.43869
155 0.43869
156 0.43869
157 0.43869
158 0.43869
159 0.438526
160 0.438526
161 0.41638
162 0.41638
163 0.41638
164 0.41638
165 0.41638
166 0.41638
167 0.416271
168 0.416271
169 0.395434
170 0.395434
171 0.395434
172 0.395434
173 0.395434
174 0.395434
175 0.395298
176 0.395298
177 0.375798
178 0.375798
179 0.375798
180 0.375798
181 0.375798
182 0.375798
183 0.375689
184 0.375689
185 0.357497
186 0.357497
187 0.357497
188 0.357497
189 0.357497
190 0.357497
191 0.357416
192 0.357416
193 0.338624
194 0.338624
195 0.338624
196 0.338624
197 0.338624
198 0.338624
199 0.338543
200 0.338543
201 0.322315
202 0.322315
203 0.322315
204 0.322315
205 0.322315
206 0.322315
207 0.322124
208 0.322124
209 0.305378
210 0.305378
211 0.305378
212 0.305378
213 0.305378
214 0.305378
215 0.305296
216 0.305296
217 0.289369
218 0.289369
219 0.289369
220 0.289369
221 0.289369
222 0.289369
223 0.289233
224 0.289233
225 0.274423
226 0.274423
227 0.274423
228 0.274423
229 0.274423
230 0.274423
231 0.274396
232 0.274396
233 0.260923
234 0.260923
235 0.260923
236 0.260923
237 0.260923
238 0.260923
239 0.260841
240 0.260841
241 0.247777
242 0.247777
243 0.247777
244 0.247777
245 0.247777
246 0.247777
247 0.24775
248 0.24775
249 0.235832
250 0.235832
251 0.235832
252 0.235832
253 0.235832
254 0.235832
255 0.23575
256 0.23575
257 0.22454
258 0.22454
259 0.22454
260 0.22454
261 0.22454
262 0.22454
263 0.224486
264 0.224486
265 0.21344
266 0.21344
267 0.21344
268 0.21344
269 0.21344
270 0.21344
271 0.213331
272 0.213331
273 0.202449
274 0.202449
275 0.202449
276 0.202449
277 0.202449
278 0.202449
279 0.202367
280 0.202367
281 0.192331
282 0.192331
283 0.192331
284 0.192331
285 0.192331
286 0.192331
287 0.192276
288 0.192276
289 0.182894
290 0.182894
291 0.182894
292 0.182894
293 0.182894
294 0.182894
295 0.182894
296 0.182894
297 0.174058
298 0.174058
299 0.174058
300 0.174058
301 0.174058
302 0.174058
303 0.174003
304 0.174003
305 0.166012
306 0.166012
307 0.166012
308 0.166012
309 0.166012
310 0.166012
311 0.165985
312 0.165985
313 0.158294
314 0.158294
315 0.158294
316 0.158294
317 0.158294
318 0.158294
319 0.158212
320 0.158212
321 0.150603
322 0.150603
323 0.150603
324 0.150603
325 0.150603
326 0.150603
327 0.150548
328 0.150548
329 0.143757
330 0.143757
331 0.143757
332 0.143757
333 0.143757
334 0.143757
335 0.14373
336 0.14373
337 0.13683
338 0.13683
339 0.13683
340 0.13683
341 0.13683
342 0.13683
343 0.136802
344 0.136802
345 0.130639
346 0.130639
347 0.130639
348 0.130639
349 0.130639
350 0.130639
351 0.130611
352 0.130611
353 0.123957
354 0.123957
355 0.123957
356 0.123957
357 0.123957
358 0.123957
359 0.123902
360 0.123902
361 0.11812
362 0.11812
363 0.11812
364 0.11812
365 0.11812
366 0.11812
367 0.117984
368 0.117984
369 0.112884
370 0.112884
371 0.112884
372 0.112884
373 0.112884
374 0.112884
375 0.112802
376 0.112802
377 0.10822
378 0.10822
379 0.10822
380 0.10822
381 0.10822
382 0.10822
383 0.108166
384 0.108166
385 0.102875
386 0.102875
387 0.102875
388 0.102875
389 0.102875
390 0.102875
391 0.102738
392 0.102738
393 0.0980745
394 0.0980745
395 0.0980745
396 0.0980745
397 0.0980745
398 0.0980745
399 0.0980472
400 0.0980472
401 0.0941744
402 0.0941744
403 0.0941744
404 0.0941744
405 0.0941744
406 0.0941744
407 0.0941472
408 0.0941472
409 0.0897562
410 0.0897562
411 0.0897562
412 0.0897562
413 0.0897562
414 0.0897562
415 0.0897016
416 0.0897016
417 0.0844652
418 0.0844652
419 0.0844652
420 0.0844652
421 0.0844652
422 0.0844652
423 0.0844652
424 0.0844652
425 0.0806742
426 0.0806742
427 0.0806742
428 0.0806742
429 0.0806742
430 0.0806742
431 0.0806469
432 0.0806469
433 0.0769923
434 0.0769923
435 0.0769923
436 0.0769923
437 0.0769923
438 0.0769923
439 0.076965
440 0.076965
441 0.073365
442 0.073365
443 0.073365
444 0.073365
445 0.073365
446 0.073365
447 0.0733377
448 0.0733377
449 0.0705831
450 0.0705831
451 0.0705831
452 0.0705831
453 0.0705831
454 0.0705831
455 0.0705831
456 0.0705831
457 0.0675558
458 0.0675558
459 0.0675558
460 0.0675558
461 0.0675558
462 0.0675558
463 0.0675012
464 0.0675012
465 0.0640103
466 0.0640103
467 0.0640103
468 0.0640103
469 0.0640103
470 0.0640103
471 0.0639557
472 0.0639557
473 0.0613375
474 0.0613375
475 0.0613375
476 0.0613375
477 0.0613375
478 0.0613375
479 0.0613102
480 0.0613102
481 0.0584192
482 0.0584192
483 0.0584192
484 0.0584192
485 0.0584192
486 0.0584192
487 0.0584192
488 0.0584192
489 0.0560465
490 0.0560465
491 0.0560465
492 0.0560465
493 0.0560465
494 0.0560465
495 0.0559919
496 0.0559919
497 0.0537555
498 0.0537555
499 0.0537555
500 0.0537555
501 0.0537555
502 0.0537555
503 0.0537555
504 0.0537555
505 0.0516009
506 0.0516009
507 0.0516009
508 0.0516009
509 0.0516009
510 0.0516009
511 0.0516009
512 0.0516009
513 0.0494191
514 0.0494191
515 0.0494191
516 0.0494191
517 0.0494191
518 0.0494191
519 0.0493918
520 0.0493918
521 0.047019
522 0.047019
523 0.047019
524 0.047019
525 0.047019
526 0.047019
527 0.0469099
528 0.0469099
529 0.0446735
530 0.0446735
531 0.0446735
532 0.0446735
533 0.0446735
534 0.0446735
535 0.0446735
536 0.0446735
537 0.0427644
538 0.0427644
539 0.0427644
540 0.0427644
541 0.0427644
542 0.0427644
543 0.0427099
544 0.0427099
545 0.0406098
546 0.0406098
547 0.0406098
548 0.0406098
549 0.0406098
550 0.0406098
551 0.0405826
552 0.0405826
553 0.0384825
554 0.0384825
555 0.0384825
556 0.0384825
557 0.0384825
558 0.0384825
559 0.0384552
560 0.0384552
561 0.0369279
562 0.0369279
563 0.0369279
564 0.0369279
565 0.0369279
566 0.0369279
567 0.0368734
568 0.0368734
569 0.0351825
570 0.0351825
571 0.0351825
572 0.0351825
573 0.0351825
574 0.0351825
575 0.0351825
576 0.0351825
577 0.0336824
578 0.0336824
579 0.0336824
580 0.0336824
581 0.0336824
582 0.0336824
583 0.0336824
584 0.0336824
585 0.0321279
586 0.0321279
587 0.0321279
588 0.0321279
589 0.0321279
590 0.0321279
591 0.0321006
592 0.0321006
593 0.0307096
594 0.0307096
595 0.0307096
596 0.0307096
597 0.0307096
598 0.0307096
599 0.0306824
600 0.0306824
601 0.0295914
602 0.0295914
603 0.0295914
604 0.0295914
605 0.0295914
606 0.0295914
607 0.0295914
608 0.0295914
609 0.0281732
610 0.0281732
611 0.0281732
612 0.0281732
613 0.0281732
614 0.0281732
615 0.028146
616 0.028146
617 0.0267823
618 0.0267823
619 0.0267823
620 0.0267823
621 0.0267823
622 0.0267823
623 0.026755
624 0.026755
625 0.0251732
626 0.0251732
627 0.0251732
628 0.0251732
629 0.0251732
630 0.0251732
631 0.0251186
632 0.0251186
633 0.0240823
634 0.0240823
635 0.0240823
636 0.0240823
637 0.0240823
638 0.0240823
639 0.0240277
640 0.0240277
641 0.0231004
642 0.0231004
643 0.0231004
644 0.0231004
645 0.0231004
646 0.0231004
647 0.0231004
648 0.0231004
649 0.0219004
650 0.0219004
651 0.0219004
652 0.0219004
653 0.0219004
654 0.0219004
655 0.0218731
656 0.0218731
657 0.0207549
658 0.0207549
659 0.0207549
660 0.0207549
661 0.0207549
662 0.0207549
663 0.0207549
664 0.0207549
665 0.0198822
666 0.0198822
667 0.0198822
668 0.0198822
669 0.0198822
670 0.0198822
671 0.0198549
672 0.0198549
673 0.0189003
674 0.0189003
675 0.0189003
676 0.0189003
677 0.0189003
678 0.0189003
679 0.0189003
680 0.0189003
681 0.0180549
682 0.0180549
683 0.0180549
684 0.0180549
685 0.0180549
686 0.0180549
687 0.0180003
688 0.0180003
689 0.0175094
690 0.0175094
691 0.0175094
692 0.0175094
693 0.0175094
694 0.0175094
695 0.0174821
696 0.0174821
697 0.0165003
698 0.0165003
699 0.0165003
700 0.0165003
701 0.0165003
702 0.0165003
703 0.0165003
704 0.0165003
705 0.0157367
706 0.0157367
707 0.0157367
708 0.0157367
709 0.0157367
710 0.0157367
711 0.0157094
712 0.0157094
713 0.0151094
714 0.0151094
715 0.0151094
716 0.0151094
717 0.0151094
718 0.0151094
719 0.0151094
720 0.0151094
721 0.0144003
722 0.0144003
723 0.0144003
724 0.0144003
725 0.0144003
726 0.0144003
727 0.0144003
728 0.0144003
729 0.0138003
730 0.0138003
731 0.0138003
732 0.0138003
733 0.0138003
734 0.0138003
735 0.0138003
736 0.0138003
737 0.0132002
738 0.0132002
739 0.0132002
740 0.0132002
741 0.0132002
742 0.0132002
743 0.013173
744 0.013173
745 0.0125184
746 0.0125184
747 0.0125184
748 0.0125184
749 0.0125184
750 0.0125184
751 0.0125184
752 0.0125184
753 0.0119184
754 0.0119184
755 0.0119184
756 0.0119184
757 0.0119184
758 0.0119184
759 0.0118911
760 0.0118911
761 0.0114548
762 0.0114548
763 0.0114548
764 0.0114548
765 0.0114548
766 0.0114548
767 0.0114275
768 0.0114275
769 0.0110729
770 0.0110729
771 0.0110729
772 0.0110729
773 0.0110729
774 0.0110729
775 0.0110729
776 0.0110729
777 0.0106638
778 0.0106638
779 0.0106638
780 0.0106638
781 0.0106638
782 0.0106638
783 0.0106638
784 0.0106638
785 0.0104184
786 0.0104184
787 0.0104184
788 0.0104184
789 0.0104184
790 0.0104184
791 0.0103638
792 0.0103638
793 0.00990018
794 0.00990018
795 0.00990018
796 0.00990018
797 0.00990018
798 0.00990018
799 0.00990018
800 0.00990018
801 0.0092729
802 0.0092729
803 0.0092729
804 0.0092729
805 0.0092729
806 0.0092729
807 0.00924562
808 0.00924562
809 0.00875471
810 0.00875471
811 0.00875471
812 0.00875471
813 0.00875471
814 0.00875471
815 0.00875471
816 0.00875471
817 0.00826379
818 0.00826379
819 0.00826379
820 0.00826379
821 0.00826379
822 0.00826379
823 0.00826379
824 0.00826379
825 0.0080456
826 0.0080456
827 0.0080456
828 0.0080456
829 0.0080456
830 0.0080456
831 0.0080456
832 0.0080456
833 0.00780014
834 0.00780014
835 0.00780014
836 0.00780014
837 0.00780014
838 0.00780014
839 0.00780014
840 0.00780014
841 0.00744559
842 0.00744559
843 0.00744559
844 0.00744559
845 0.00744559
846 0.00744559
847 0.00744559
848 0.00744559
849 0.0072274
850 0.0072274
851 0.0072274
852 0.0072274
853 0.0072274
854 0.0072274
855 0.0072274
856 0.0072274
857 0.00690013
858 0.00690013
859 0.00690013
860 0.00690013
861 0.00690013
862 0.00690013
863 0.00690013
864 0.00690013
865 0.00660012
866 0.00660012
867 0.00660012
868 0.00660012
869 0.00660012
870 0.00660012
871 0.00660012
872 0.00660012
873 0.00635466
874 0.00635466
875 0.00635466
876 0.00635466
877 0.00635466
878 0.00635466
879 0.00635466
880 0.00635466
881 0.00600011
882 0.00600011
883 0.00600011
884 0.00600011
885 0.00600011
886 0.00600011
887 0.00597284
888 0.00597284
889 0.00572738
890 0.00572738
891 0.00572738
892 0.00572738
893 0.00572738
894 0.00572738
895 0.00572738
896 0.00572738
897 0.00559101
898 0.00559101
899 0.00559101
900 0.00559101
901 0.00559101
902 0.00559101
903 0.00559101
904 0.00559101
905 0.00529101
906 0.00529101
907 0.00529101
908 0.00529101
909 0.00529101
910 0.00529101
911 0.00529101
912 0.00529101
913 0.004991
914 0.004991
915 0.004991
916 0.004991
917 0.004991
918 0.004991
919 0.004991
920 0.004991
921 0.00474554
922 0.00474554
923 0.00474554
924 0.00474554
925 0.00474554
926 0.00474554
927 0.00474554
928 0.00474554
929 0.00452736
930 0.00452736
931 0.00452736
932 0.00452736
933 0.00452736
934 0.00452736
935 0.00452736
936 0.00452736
937 0.00439099
938 0.00439099
939 0.00439099
940 0.00439099
941 0.00439099
942 0.00439099
943 0.00439099
944 0.00439099
945 0.00414553
946 0.00414553
947 0.00414553
948 0.00414553
949 0.00414553
950 0.00414553
951 0.00414553
952 0.00414553
953 0.00392734
954 0.00392734
955 0.00392734
956 0.00392734
957 0.00392734
958 0.00392734
959 0.00392734
960 0.00392734
961 0.00368189
962 0.00368189
963 0.00368189
964 0.00368189
965 0.00368189
966 0.00368189
967 0.00368189
968 0.00368189
969 0.00349097
970 0.00349097
971 0.00349097
972 0.00349097
973 0.00349097
974 0.00349097
975 0.00349097
976 0.00349097
977 0.00343643
978 0.00343643
979 0.00343643
980 0.00343643
981 0.00343643
982 0.00343643
983 0.00343643
984 0.00343643
985 0.00338188
986 0.00338188
987 0.00338188
988 0.00338188
989 0.00338188
990 0.00338188
991 0.00335461
992 0.00335461
993 0.00319097
994 0.00319097
995 0.00319097
996 0.00319097
997 0.00319097
998 0.00319097
999 0.00319097
1000 0.00319097
1001 0.0030546
1002 0.0030546
1003 0.0030546
1004 0.0030546
1005 0.0030546
1006 0.0030546
1007 0.0030546
1008 0.0030546
1009 0.00297278
1010 0.00297278
1011 0.00297278
1012 0.00297278
1013 0.00297278
1014 0.00297278
1015 0.00297278
1016 0.00297278
1017 0.00291823
1018 0.00291823
1019 0.00291823
1020 0.00291823
1021 0.00291823
1022 0.00291823
1023 0.00291823
1024 0.00291823
1025 0.00280914
1026 0.00280914
1027 0.00280914
1028 0.00280914
1029 0.00280914
1030 0.00280914
1031 0.00280914
1032 0.00280914
1033 0.00267278
1034 0.00267278
1035 0.00267278
1036 0.00267278
1037 0.00267278
1038 0.00267278
1039 0.00267278
1040 0.00267278
1041 0.00259096
1042 0.00259096
1043 0.00259096
1044 0.00259096
1045 0.00259096
1046 0.00259096
1047 0.00259096
1048 0.00259096
1049 0.00253641
1050 0.00253641
1051 0.00253641
1052 0.00253641
1053 0.00253641
1054 0.00253641
1055 0.00253641
1056 0.00253641
1057 0.00250914
1058 0.00250914
1059 0.00250914
1060 0.00250914
1061 0.00250914
1062 0.00250914
1063 0.00250914
1064 0.00250914
1065 0.00248186
1066 0.00248186
1067 0.00248186
1068 0.00248186
1069 0.00248186
1070 0.00248186
1071 0.00248186
1072 0.00248186
1073 0.00237277
1074 0.00237277
1075 0.00237277
1076 0.00237277
1077 0.00237277
1078 0.00237277
1079 0.00237277
1080 0.00237277
1081 0.00231822
1082 0.00231822
1083 0.00231822
1084 0.00231822
1085 0.00231822
1086 0.00231822
1087 0.00231822
1088 0.00231822
1089 0.00220913
1090 0.00220913
1091 0.00220913
1092 0.00220913
1093 0.00220913
1094 0.00220913
1095 0.00220913
1096 0.00220913
1097 0.00212731
1098 0.00212731
1099 0.00212731
1100 0.00212731
1101 0.00212731
1102 0.00212731
1103 0.00212731
1104 0.00212731
1105 0.00201822
1106 0.00201822
1107 0.00201822
1108 0.00201822
1109 0.00201822
1110 0.00201822
1111 0.00201822
1112 0.00201822
1113 0.00188185
1114 0.00188185
1115 0.00188185
1116 0.00188185
1117 0.00188185
1118 0.00188185
1119 0.00188185
1120 0.00188185
1121 0.00182731
1122 0.00182731
1123 0.00182731
1124 0.00182731
1125 0.00182731
1126 0.00182731
1127 0.00182731
1128 0.00182731
1129 0.00174549
1130 0.00174549
1131 0.00174549
1132 0.00174549
1133 0.00174549
1134 0.00174549
1135 0.00174549
1136 0.00174549
1137 0.00174549
1138 0.00174549
1139 0.00174549
1140 0.00174549
1141 0.00174549
1142 0.00174549
1143 0.00174549
1144 0.00174549
1145 0.00163639
1146 0.00163639
1147 0.00163639
1148 0.00163639
1149 0.00163639
1150 0.00163639
1151 0.00163639
1152 0.00163639
1153 0.00158185
1154 0.00158185
1155 0.00158185
1156 0.00158185
1157 0.00158185
1158 0.00158185
1159 0.00158185
1160 0.00158185
1161 0.00150003
1162 0.00150003
1163 0.00150003
1164 0.00150003
1165 0.00150003
1166 0.00150003
1167 0.00150003
1168 0.00150003
1169 0.00141821
1170 0.00141821
1171 0.00141821
1172 0.00141821
1173 0.00141821
1174 0.00141821
1175 0.00141821
1176 0.00141821
1177 0.00139093
1178 0.00139093
1179 0.00139093
1180 0.00139093
1181 0.00139093
1182 0.00139093
1183 0.00139093
1184 0.00139093
1185 0.00136366
1186 0.00136366
1187 0.00136366
1188 0.00136366
1189 0.00136366
1190 0.00136366
1191 0.00136366
1192 0.00136366
1193 0.00133639
1194 0.00133639
1195 0.00133639
1196 0.00133639
1197 0.00133639
1198 0.00133639
1199 0.00133639
1200 0.00133639
1201 0.00128184
1202 0.00128184
1203 0.00128184
1204 0.00128184
1205 0.00128184
1206 0.00128184
1207 0.00128184
1208 0.00128184
1209 0.00125457
1210 0.00125457
1211 0.00125457
1212 0.00125457
1213 0.00125457
1214 0.00125457
1215 0.00125457
1216 0.00125457
1217 0.00120002
1218 0.00120002
1219 0.00120002
1220 0.00120002
1221 0.00120002
1222 0.00120002
1223 0.00120002
1224 0.00120002
1225 0.0011182
1226 0.0011182
1227 0.0011182
1228 0.0011182
1229 0.0011182
1230 0.0011182
1231 0.0011182
1232 0.0011182
1233 0.00109093
1234 0.00109093
1235 0.00109093
1236 0.00109093
1237 0.00109093
1238 0.00109093
1239 0.00109093
1240 0.00109093
1241 0.00109093
1242 0.00109093
1243 0.00109093
1244 0.00109093
1245 0.00109093
1246 0.00109093
1247 0.00109093
1248 0.00109093
1249 0.00103638
1250 0.00103638
1251 0.00103638
1252 0.00103638
1253 0.00103638
1254 0.00103638
1255 0.00103638
1256 0.00103638
1257 0.00103638
1258 0.00103638
1259 0.00103638
1260 0.00103638
1261 0.00103638
1262 0.00103638
1263 0.00103638
1264 0.00103638
1265 0.000981836
1266 0.000981836
1267 0.000981836
1268 0.000981836
1269 0.000981836
1270 0.000981836
1271 0.000981836
1272 0.000981836
1273 0.000954563
1274 0.000954563
1275 0.000954563
1276 0.000954563
1277 0.000954563
1278 0.000954563
1279 0.000954563
1280 0.000954563
1281 0.000954563
1282 0.000954563
1283 0.000954563
1284 0.000954563
1285 0.000954563
1286 0.000954563
1287 0.000954563
1288 0.000954563
1289 0.00092729
1290 0.00092729
1291 0.00092729
1292 0.00092729
1293 0.00092729
1294 0.00092729
1295 0.00092729
1296 0.00092729
1297 0.000900016
1298 0.000900016
1299 0.000900016
1300 0.000900016
1301 0.000900016
1302 0.000900016
1303 0.000900016
1304 0.000900016
1305 0.000872743
1306 0.000872743
1307 0.000872743
1308 0.000872743
1309 0.000872743
1310 0.000872743
1311 0.000872743
1312 0.000872743
1313 0.00084547
1314 0.00084547
1315 0.00084547
1316 0.00084547
1317 0.00084547
1318 0.00084547
1319 0.00084547
1320 0.00084547
1321 0.000818197
1322 0.000818197
1323 0.000818197
1324 0.000818197
1325 0.000818197
1326 0.000818197
1327 0.000790923
1328 0.000790923
1329 0.000790923
1330 0.000790923
1331 0.000790923
1332 0.000790923
1333 0.000790923
1334 0.000790923
1335 0.000790923
1336 0.000790923
1337 0.00076365
1338 0.00076365
1339 0.00076365
1340 0.00076365
1341 0.00076365
1342 0.00076365
1343 0.00076365
1344 0.00076365
1345 0.00076365
1346 0.00076365
1347 0.00076365
1348 0.00076365
1349 0.00076365
1350 0.00076365
1351 0.00076365
1352 0.00076365
1353 0.00076365
1354 0.00076365
1355 0.00076365
1356 0.00076365
1357 0.00076365
1358 0.00076365
1359 0.00076365
1360 0.00076365
1361 0.000709104
1362 0.000709104
1363 0.000709104
1364 0.000709104
1365 0.000709104
1366 0.000709104
1367 0.000709104
1368 0.000709104
1369 0.000681831
1370 0.000681831
1371 0.000681831
1372 0.000681831
1373 0.000681831
1374 0.000681831
1375 0.000681831
1376 0.000681831
1377 0.000654557
1378 0.000654557
1379 0.000654557
1380 0.000654557
1381 0.000654557
1382 0.000654557
1383 0.000654557
1384 0.000654557
1385 0.000627284
1386 0.000627284
1387 0.000627284
1388 0.000627284
1389 0.000627284
1390 0.000627284
1391 0.000627284
1392 0.000627284
1393 0.000627284
1394 0.000627284
1395 0.000627284
1396 0.000627284
1397 0.000627284
1398 0.000627284
1399 0.000627284
1400 0.000627284
1401 0.000600011
1402 0.000600011
1403 0.000600011
1404 0.000600011
1405 0.000600011
1406 0.000600011
1407 0.000600011
1408 0.000600011
1409 0.000600011
1410 0.000600011
1411 0.000600011
1412 0.000600011
1413 0.000600011
1414 0.000600011
1415 0.000600011
1416 0.000600011
1417 0.000600011
1418 0.000600011
1419 0.000600011
1420 0.000600011
1421 0.000600011
1422 0.000600011
1423 0.000600011
1424 0.000600011
1425 0.000600011
1426 0.000600011
1427 0.000600011
1428 0.000600011
1429 0.000600011
1430 0.000600011
1431 0.000600011
1432 0.000600011
1433 0.000572738
1434 0.000572738
1435 0.000572738
1436 0.000572738
1437 0.000572738
1438 0.000572738
1439 0.000572738
1440 0.000572738
1441 0.000572738
1442 0.000572738
1443 0.000572738
1444 0.000572738
1445 0.000572738
1446 0.000572738
1447 0.000572738
1448 0.000572738
1449 0.000545464
1450 0.000545464
1451 0.000545464
1452 0.000545464
1453 0.000545464
1454 0.000545464
1455 0.000545464
1456 0.000545464
1457 0.000545464
1458 0.000545464
1459 0.000545464
1460 0.000545464
1461 0.000545464
1462 0.000545464
1463 0.000545464
1464 0.000545464
1465 0.000545464
1466 0.000545464
1467 0.000545464
1468 0.000545464
1469 0.000545464
1470 0.000545464
1471 0.000545464
1472 0.000545464
1473 0.000545464
1474 0.000545464
1475 0.000545464
1476 0.000545464
1477 0.000545464
1478 0.000545464
1479 0.000545464
1480 0.000545464
1481 0.000518191
1482 0.000518191
1483 0.000518191
1484 0.000518191
1485 0.000518191
1486 0.000518191
1487 0.000518191
1488 0.000518191
1489 0.000518191
1490 0.000518191
1491 0.000518191
1492 0.000518191
1493 0.000518191
1494 0.000518191
1495 0.000518191
1496 0.000518191
1497 0.000490918
1498 0.000490918
1499 0.000490918
1500 0.000490918
1501 0.000490918
1502 0.000490918
1503 0.000490918
1504 0.000490918
1505 0.000463645
1506 0.000463645
1507 0.000463645
1508 0.000463645
1509 0.000463645
1510 0.000463645
1511 0.000463645
1512 0.000463645
1513 0.000463645
1514 0.000463645
1515 0.000463645
1516 0.000463645
1517 0.000463645
1518 0.000463645
1519 0.000463645
1520 0.000463645
1521 0.000381825
1522 0.000381825
1523 0.000381825
1524 0.000381825
1525 0.000381825
1526 0.000381825
1527 0.000381825
1528 0.000381825
1529 0.000327279
1530 0.000327279
1531 0.000327279
1532 0.000327279
1533 0.000327279
1534 0.000327279
1535 0.000327279
1536 0.000327279
1537 0.000300005
1538 0.000300005
1539 0.000300005
1540 0.000300005
1541 0.000300005
1542 0.000300005
1543 0.000300005
1544 0.000300005
1545 0.000300005
1546 0.000300005
1547 0.000300005
1548 0.000300005
1549 0.000300005
1550 0.000300005
1551 0.000300005
1552 0.000300005
1553 0.000300005
1554 0.000300005
1555 0.000300005
1556 0.000300005
1557 0.000300005
1558 0.000300005
1559 0.000300005
1560 0.000300005
1561 0.000300005
1562 0.000300005
1563 0.000300005
1564 0.000300005
1565 0.000300005
1566 0.000300005
1567 0.000300005
1568 0.000300005
1569 0.000300005
1570 0.000300005
1571 0.000300005
1572 0.000300005
1573 0.000300005
1574 0.000300005
1575 0.000300005
1576 0.000300005
1577 0.000300005
1578 0.000300005
1579 0.000300005
1580 0.000300005
1581 0.000300005
1582 0.000300005
1583 0.000300005
1584 0.000300005
1585 0.000272732
1586 0.000272732
1587 0.000272732
1588 0.000272732
1589 0.000272732
1590 0.000272732
1591 0.000272732
1592 0.000272732
1593 0.000272732
1594 0.000272732
1595 0.000272732
1596 0.000272732
1597 0.000272732
1598 0.000272732
1599 0.000272732
1600 0.000272732
1601 0.000245459
1602 0.000245459
1603 0.000245459
1604 0.000245459
1605 0.000245459
1606 0.000245459
1607 0.000245459
1608 0.000245459
1609 0.000245459
1610 0.000245459
1611 0.000245459
1612 0.000245459
1613 0.000245459
1614 0.000245459
1615 0.000245459
1616 0.000245459
1617 0.000245459
1618 0.000245459
1619 0.000245459
1620 0.000245459
1621 0.000245459
1622 0.000245459
1623 0.000245459
1624 0.000245459
1625 0.000190913
1626 0.000190913
1627 0.000190913
1628 0.000190913
1629 0.000190913
1630 0.000190913
1631 0.000190913
1632 0.000190913
1633 0.000190913
1634 0.000190913
1635 0.000190913
1636 0.000190913
1637 0.000190913
1638 0.000190913
1639 0.000190913
1640 0.000190913
1641 0.000190913
1642 0.000190913
1643 0.000190913
1644 0.000190913
1645 0.000190913
1646 0.000190913
1647 0.000190913
1648 0.000190913
1649 0.000190913
1650 0.000190913
1651 0.000190913
1652 0.000190913
1653 0.000190913
1654 0.000190913
1655 0.000190913
1656 0.000190913
1657 0.000190913
1658 0.000190913
1659 0.000190913
1660 0.000190913
1661 0.000190913
1662 0.000190913
1663 0.000190913
1664 0.000190913
1665 0.000190913
1666 0.000190913
1667 0.000190913
1668 0.000190913
1669 0.000190913
1670 0.000190913
1671 0.000190913
1672 0.000190913
1673 0.000163639
1674 0.000163639
1675 0.000163639
1676 0.000163639
1677 0.000163639
1678 0.000163639
1679 0.000163639
1680 0.000163639
1681 0.000163639
1682 0.000163639
1683 0.000163639
1684 0.000163639
1685 0.000163639
1686 0.000163639
1687 0.000163639
1688 0.000163639
1689 0.000163639
1690 0.000163639
1691 0.000163639
1692 0.000163639
1693 0.000163639
1694 0.000163639
1695 0.000163639
1696 0.000163639
1697 0.000163639
1698 0.000163639
1699 0.000163639
1700 0.000163639
1701 0.000163639
1702 0.000163639
1703 0.000163639
1704 0.000163639
1705 0.000163639
1706 0.000163639
1707 0.000163639
1708 0.000163639
1709 0.000163639
1710 0.000163639
1711 0.000163639
1712 0.000163639
1713 0.000163639
1714 0.000163639
1715 0.000163639
1716 0.000163639
1717 0.000163639
1718 0.000163639
1719 0.000163639
1720 0.000163639
1721 0.000163639
1722 0.000163639
1723 0.000163639
1724 0.000163639
1725 0.000163639
1726 0.000163639
1727 0.000163639
1728 0.000163639
1729 0.000163639
1730 0.000163639
1731 0.000163639
1732 0.000163639
1733 0.000163639
1734 0.000163639
1735 0.000163639
1736 0.000163639
1737 0.000163639
1738 0.000163639
1739 0.000163639
1740 0.000163639
1741 0.000163639
1742 0.000163639
1743 0.000163639
1744 0.000163639
1745 0.000163639
1746 0.000163639
1747 0.000163639
1748 0.000163639
1749 0.000163639
1750 0.000163639
1751 0.000163639
1752 0.000163639
1753 0.000163639
1754 0.000163639
1755 0.000163639
1756 0.000163639
1757 0.000163639
1758 0.000163639
1759 0.000163639
1760 0.000163639
1761 0.000136366
1762 0.000136366
1763 0.000136366
1764 0.000136366
1765 0.000136366
1766 0.000136366
1767 0.000136366
1768 0.000136366
1769 0.000136366
1770 0.000136366
1771 0.000136366
1772 0.000136366
1773 0.000136366
1774 0.000136366
1775 0.000136366
1776 0.000136366
1777 0.000136366
1778 0.000136366
1779 0.000136366
1780 0.000136366
1781 0.000136366
1782 0.000136366
1783 0.000136366
1784 0.000136366
1785 0.000136366
1786 0.000136366
1787 0.000136366
1788 0.000136366
1789 0.000136366
1790 0.000136366
1791 0.000136366
1792 0.000136366
1793 0.000136366
1794 0.000136366
1795 0.000136366
1796 0.000136366
1797 0.000136366
1798 0.000136366
1799 0.000136366
1800 0.000136366
1801 0.000109093
1802 0.000109093
1803 0.000109093
1804 0.000109093
1805 0.000109093
1806 0.000109093
1807 0.000109093
1808 0.000109093
1809 0.000109093
1810 0.000109093
1811 0.000109093
1812 0.000109093
1813 0.000109093
1814 0.000109093
1815 0.000109093
1816 0.000109093
1817 0.000109093
1818 0.000109093
1819 0.000109093
1820 0.000109093
1821 0.000109093
1822 0.000109093
1823 0.000109093
1824 0.000109093
1825 0.000109093
1826 0.000109093
1827 0.000109093
1828 0.000109093
1829 0.000109093
1830 0.000109093
1831 0.000109093
1832 0.000109093
1833 0.000109093
1834 0.000109093
1835 0.000109093
1836 0.000109093
1837 0.000109093
1838 0.000109093
1839 0.000109093
1840 0.000109093
1841 0.000109093
1842 0.000109093
1843 0.000109093
1844 0.000109093
1845 0.000109093
1846 0.000109093
1847 0.000109093
1848 0.000109093
1849 0.000109093
1850 0.000109093
1851 0.000109093
1852 0.000109093
1853 0.000109093
1854 0.000109093
1855 0.000109093
1856 0.000109093
1857 0.000109093
1858 0.000109093
1859 0.000109093
1860 0.000109093
1861 0.000109093
1862 0.000109093
1863 0.000109093
1864 0.000109093
1865 0.000109093
1866 0.000109093
1867 0.000109093
1868 0.000109093
1869 0.000109093
1870 0.000109093
1871 0.000109093
1872 0.000109093
1873 0.000109093
1874 0.000109093
1875 0.000109093
1876 0.000109093
1877 0.000109093
1878 0.000109093
1879 0.000109093
1880 0.000109093
1881 0.000109093
1882 0.000109093
1883 0.000109093
1884 0.000109093
1885 0.000109093
1886 0.000109093
1887 0.000109093
1888 0.000109093
1889 0.000109093
1890 0.000109093
1891 0.000109093
1892 0.000109093
1893 0.000109093
1894 0.000109093
1895 0.000109093
1896 0.000109093
1897 0.000109093
1898 0.000109093
1899 0.000109093
1900 0.000109093
1901 0.000109093
1902 0.000109093
1903 0.000109093
1904 0.000109093
1905 0.000109093
1906 0.000109093
1907 0.000109093
1908 0.000109093
1909 0.000109093
1910 0.000109093
1911 0.000109093
1912 0.000109093
1913 0.000109093
1914 0.000109093
1915 0.000109093
1916 0.000109093
1917 0.000109093
1918 0.000109093
1919 0.000109093
1920 0.000109093
1921 0.000109093
1922 0.000109093
1923 0.000109093
1924 0.000109093
1925 0.000109093
1926 0.000109093
1927 0.000109093
1928 0.000109093
1929 8.18197e-05
1930 8.18197e-05
1931 8.18197e-05
1932 8.18197e-05
1933 8.18197e-05
1934 8.18197e-05
1935 8.18197e-05
1936 8.18197e-05
1937 8.18197e-05
1938 8.18197e-05
1939 8.18197e-05
1940 8.18197e-05
1941 8.18197e-05
1942 8.18197e-05
1943 8.18197e-05
1944 8.18197e-05
1945 8.18197e-05
1946 8.18197e-05
1947 8.18197e-05
1948 8.18197e-05
1949 8.18197e-05
1950 8.18197e-05
1951 8.18197e-05
1952 8.18197e-05
1953 8.18197e-05
1954 8.18197e-05
1955 8.18197e-05
1956 8.18197e-05
1957 8.18197e-05
1958 8.18197e-05
1959 8.18197e-05
1960 8.18197e-05
1961 8.18197e-05
1962 8.18197e-05
1963 8.18197e-05
1964 8.18197e-05
1965 8.18197e-05
1966 8.18197e-05
1967 8.18197e-05
1968 8.18197e-05
1969 8.18197e-05
1970 8.18197e-05
1971 8.18197e-05
1972 8.18197e-05
1973 8.18197e-05
1974 8.18197e-05
1975 8.18197e-05
1976 8.18197e-05
1977 8.18197e-05
1978 8.18197e-05
1979 8.18197e-05
1980 8.18197e-05
1981 8.18197e-05
1982 8.18197e-05
1983 8.18197e-05
1984 8.18197e-05
1985 8.18197e-05
1986 8.18197e-05
1987 8.18197e-05
1988 8.18197e-05
1989 8.18197e-05
1990 8.18197e-05
1991 8.18197e-05
1992 8.18197e-05
1993 8.18197e-05
1994 8.18197e-05
1995 8.18197e-05
1996 8.18197e-05
1997 8.18197e-05
1998 8.18197e-05
1999 8.18197e-05
2000 8.18197e-05
2001 8.18197e-05
2002 8.18197e-05
2003 8.18197e-05
2004 8.18197e-05
2005 8.18197e-05
2006 8.18197e-05
2007 8.18197e-05
2008 8.18197e-05
2009 8.18197e-05
2010 8.18197e-05
2011 8.18197e-05
2012 8.18197e-05
2013 8.18197e-05
2014 8.18197e-05
2015 8.18197e-05
2016 8.18197e-05
2017 8.18197e-05
2018 8.18197e-05
2019 8.18197e-05
2020 8.18197e-05
2021 8.18197e-05
2022 8.18197e-05
2023 8.18197e-05
2024 8.18197e-05
2025 8.18197e-05
2026 8.18197e-05
2027 8.18197e-05
2028 8.18197e-05
2029 8.18197e-05
2030 8.18197e-05
2031 8.18197e-05
2032 8.18197e-05
2033 8.18197e-05
2034 8.18197e-05
2035 8.18197e-05
2036 8.18197e-05
2037 8.18197e-05
2038 8.18197e-05
2039 8.18197e-05
2040 8.18197e-05
2041 8.18197e-05
2042 8.18197e-05
2043 8.18197e-05
2044 8.18197e-05
2045 8.18197e-05
2046 8.18197e-05
2047 8.18197e-05
2048 8.18197e-05
2049 8.18197e-05
2050 8.18197e-05
2051 8.18197e-05
2052 8.18197e-05
2053 8.18197e-05
2054 8.18197e-05
2055 8.18197e-05
2056 8.18197e-05
2057 8.18197e-05
2058 8.18197e-05
2059 8.18197e-05
2060 8.18197e-05
2061 8.18197e-05
2062 8.18197e-05
2063 8.18197e-05
2064 8.18197e-05
2065 8.18197e-05
2066 8.18197e-05
2067 8.18197e-05
2068 8.18197e-05
2069 8.18197e-05
2070 8.18197e-05
2071 8.18197e-05
2072 8.18197e-05
2073 8.18197e-05
2074 8.18197e-05
2075 8.18197e-05
2076 8.18197e-05
2077 8.18197e-05
2078 8.18197e-05
2079 8.18197e-05
2080 8.18197e-05
2081 8.18197e-05
2082 8.18197e-05
2083 8.18197e-05
2084 8.18197e-05
2085 8.18197e-05
2086 8.18197e-05
2087 8.18197e-05
2088 8.18197e-05
2089 8.18197e-05
2090 8.18197e-05
2091 8.18197e-05
2092 8.18197e-05
2093 8.18197e-05
2094 8.18197e-05
2095 8.18197e-05
2096 8.18197e-05
2097 8.18197e-05
2098 8.18197e-05
2099 8.18197e-05
2100 8.18197e-05
2101 8.18197e-05
2102 8.18197e-05
2103 8.18197e-05
2104 8.18197e-05
2105 8.18197e-05
2106 8.18197e-05
2107 8.18197e-05
2108 8.18197e-05
2109 8.18197e-05
2110 8.18197e-05
2111 8.18197e-05
2112 8.18197e-05
2113 8.18197e-05
2114 8.18197e-05
2115 8.18197e-05
2116 8.18197e-05
2117 8.18197e-05
2118 8.18197e-05
2119 8.18197e-05
2120 8.18197e-05
2121 8.18197e-05
2122 8.18197e-05
2123 8.18197e-05
2124 8.18197e-05
2125 8.18197e-05
2126 8.18197e-05
2127 8.18197e-05
2128 8.18197e-05
2129 5.45464e-05
2130 5.45464e-05
2131 5.45464e-05
2132 5.45464e-05
2133 5.45464e-05
2134 5.45464e-05
2135 5.45464e-05
2136 5.45464e-05
2137 5.45464e-05
2138 5.45464e-05
2139 5.45464e-05
2140 5.45464e-05
2141 5.45464e-05
2142 5.45464e-05
2143 5.45464e-05
2144 5.45464e-05
2145 5.45464e-05
2146 5.45464e-05
2147 5.45464e-05
2148 5.45464e-05
2149 5.45464e-05
2150 5.45464e-05
2151 5.45464e-05
2152 5.45464e-05
2153 5.45464e-05
2154 5.45464e-05
2155 5.45464e-05
2156 5.45464e-05
2157 5.45464e-05
2158 5.45464e-05
2159 5.45464e-05
2160 5.45464e-05
2161 5.45464e-05
2162 5.45464e-05
2163 5.45464e-05
2164 5.45464e-05
2165 5.45464e-05
2166 5.45464e-05
2167 5.45464e-05
2168 5.45464e-05
2169 5.45464e-05
2170 5.45464e-05
2171 5.45464e-05
2172 5.45464e-05
2173 5.45464e-05
2174 5.45464e-05
2175 5.45464e-05
2176 5.45464e-05
2177 2.72732e-05
2178 2.72732e-05
2179 2.72732e-05
2180 2.72732e-05
2181 2.72732e-05
2182 2.72732e-05
2183 2.72732e-05
2184 2.72732e-05
2185 2.72732e-05
2186 2.72732e-05
2187 2.72732e-05
2188 2.72732e-05
2189 2.72732e-05
2190 2.72732e-05
2191 2.72732e-05
2192 2.72732e-05
2193 2.72732e-05
2194 2.72732e-05
2195 2.72732e-05
2196 2.72732e-05
2197 2.72732e-05
2198 2.72732e-05
2199 2.72732e-05
2200 2.72732e-05
2201 2.72732e-05
2202 2.72732e-05
2203 2.72732e-05
2204 2.72732e-05
2205 2.72732e-05
2206 2.72732e-05
2207 2.72732e-05
2208 2.72732e-05
2209 2.72732e-05
2210 2.72732e-05
2211 2.72732e-05
2212 2.72732e-05
2213 2.72732e-05
2214 2.72732e-05
2215 2.72732e-05
2216 2.72732e-05
2217 2.72732e-05
2218 2.72732e-05
2219 2.72732e-05
2220 2.72732e-05
2221 2.72732e-05
2222 2.72732e-05
2223 2.72732e-05
2224 2.72732e-05
2225 2.72732e-05
2226 2.72732e-05
2227 2.72732e-05
2228 2.72732e-05
2229 2.72732e-05
2230 2.72732e-05
2231 2.72732e-05
2232 2.72732e-05
2233 2.72732e-05
2234 2.72732e-05
2235 2.72732e-05
2236 2.72732e-05
2237 2.72732e-05
2238 2.72732e-05
2239 2.72732e-05
2240 2.72732e-05
2241 2.72732e-05
2242 2.72732e-05
2243 2.72732e-05
2244 2.72732e-05
2245 2.72732e-05
2246 2.72732e-05
2247 2.72732e-05
2248 2.72732e-05
2249 2.72732e-05
2250 2.72732e-05
2251 2.72732e-05
2252 2.72732e-05
2253 2.72732e-05
2254 2.72732e-05
2255 2.72732e-05
2256 2.72732e-05
2257 2.72732e-05
2258 2.72732e-05
2259 2.72732e-05
2260 2.72732e-05
2261 2.72732e-05
2262 2.72732e-05
2263 2.72732e-05
2264 2.72732e-05
2265 2.72732e-05
2266 2.72732e-05
2267 2.72732e-05
2268 2.72732e-05
2269 2.72732e-05
2270 2.72732e-05
2271 2.72732e-05
2272 2.72732e-05
2273 2.72732e-05
2274 2.72732e-05
2275 2.72732e-05
2276 2.72732e-05
2277 2.72732e-05
2278 2.72732e-05
2279 2.72732e-05
2280 2.72732e-05
2281 2.72732e-05
2282 2.72732e-05
2283 2.72732e-05
2284 2.72732e-05
2285 2.72732e-05
2286 2.72732e-05
2287 2.72732e-05
2288 2.72732e-05
2289 2.72732e-05
2290 2.72732e-05
2291 2.72732e-05
2292 2.72732e-05
2293 2.72732e-05
2294 2.72732e-05
2295 2.72732e-05
2296 2.72732e-05
2297 2.72732e-05
2298 2.72732e-05
2299 2.72732e-05
2300 2.72732e-05
2301 2.72732e-05
2302 2.72732e-05
2303 2.72732e-05
2304 2.72732e-05
2305 2.72732e-05
2306 2.72732e-05
2307 2.72732e-05
2308 2.72732e-05
2309 2.72732e-05
2310 2.72732e-05
2311 2.72732e-05
2312 2.72732e-05
2313 2.72732e-05
2314 2.72732e-05
2315 2.72732e-05
2316 2.72732e-05
2317 2.72732e-05
2318 2.72732e-05
2319 2.72732e-05
2320 2.72732e-05
2321 2.72732e-05
2322 2.72732e-05
2323 2.72732e-05
2324 2.72732e-05
2325 2.72732e-05
2326 2.72732e-05
2327 2.72732e-05
2328 2.72732e-05
2329 2.72732e-05
2330 2.72732e-05
2331 2.72732e-05
2332 2.72732e-05
2333 2.72732e-05
2334 2.72732e-05
2335 2.72732e-05
2336 2.72732e-05
2337 2.72732e-05
2338 2.72732e-05
2339 2.72732e-05
2340 2.72732e-05
2341 2.72732e-05
2342 2.72732e-05
2343 2.72732e-05
2344 2.72732e-05
2345 2.72732e-05
2346 2.72732e-05
2347 2.72732e-05
2348 2.72732e-05
2349 2.72732e-05
2350 2.72732e-05
2351 2.72732e-05
2352 2.72732e-05
2353 2.72732e-05
2354 2.72732e-05
2355 2.72732e-05
2356 2.72732e-05
2357 2.72732e-05
2358 2.72732e-05
2359 2.72732e-05
2360 2.72732e-05
2361 2.72732e-05
2362 2.72732e-05
2363 2.72732e-05
2364 2.72732e-05
2365 2.72732e-05
2366 2.72732e-05
2367 2.72732e-05
2368 2.72732e-05
2369 2.72732e-05
2370 2.72732e-05
2371 2.72732e-05
2372 2.72732e-05
2373 2.72732e-05
2374 2.72732e-05
2375 2.72732e-05
2376 2.72732e-05
2377 2.72732e-05
2378 2.72732e-05
2379 2.72732e-05
2380 2.72732e-05
2381 2.72732e-05
2382 2.72732e-05
2383 2.72732e-05
2384 2.72732e-05
2385 2.72732e-05
2386 2.72732e-05
2387 2.72732e-05
2388 2.72732e-05
2389 2.72732e-05
2390 2.72732e-05
2391 2.72732e-05
2392 2.72732e-05
2393 2.72732e-05
2394 2.72732e-05
2395 2.72732e-05
2396 2.72732e-05
2397 2.72732e-05
2398 2.72732e-05
2399 2.72732e-05
2400 2.72732e-05
2401 2.72732e-05
2402 2.72732e-05
2403 2.72732e-05
2404 2.72732e-05
2405 2.72732e-05
2406 2.72732e-05
2407 2.72732e-05
2408 2.72732e-05
2409 2.72732e-05
2410 2.72732e-05
2411 2.72732e-05
2412 2.72732e-05
2413 2.72732e-05
2414 2.72732e-05
2415 2.72732e-05
2416 2.72732e-05
2417 2.72732e-05
2418 2.72732e-05
2419 2.72732e-05
2420 2.72732e-05
2421 2.72732e-05
2422 2.72732e-05
2423 2.72732e-05
2424 2.72732e-05
2425 2.72732e-05
2426 2.72732e-05
2427 2.72732e-05
2428 2.72732e-05
2429 2.72732e-05
2430 2.72732e-05
2431 2.72732e-05
2432 2.72732e-05
2433 2.72732e-05
2434 2.72732e-05
2435 2.72732e-05
2436 2.72732e-05
2437 2.72732e-05
2438 2.72732e-05
2439 2.72732e-05
2440 2.72732e-05
2441 2.72732e-05
2442 2.72732e-05
2443 2.72732e-05
2444 2.72732e-05
2445 2.72732e-05
2446 2.72732e-05
2447 2.72732e-05
2448 2.72732e-05
2449 2.72732e-05
2450 2.72732e-05
2451 2.72732e-05
2452 2.72732e-05
2453 2.72732e-05
2454 2.72732e-05
2455 2.72732e-05
2456 2.72732e-05
2457 2.72732e-05
2458 2.72732e-05
2459 2.72732e-05
2460 2.72732e-05
2461 2.72732e-05
2462 2.72732e-05
2463 2.72732e-05
2464 2.72732e-05
2465 2.72732e-05
2466 2.72732e-05
2467 2.72732e-05
2468 2.72732e-05
2469 2.72732e-05
2470 2.72732e-05
2471 2.72732e-05
2472 2.72732e-05
2473 2.72732e-05
2474 2.72732e-05
2475 2.72732e-05
2476 2.72732e-05
2477 2.72732e-05
2478 2.72732e-05
2479 2.72732e-05
2480 2.72732e-05
2481 2.72732e-05
2482 2.72732e-05
2483 2.72732e-05
2484 2.72732e-05
2485 2.72732e-05
2486 2.72732e-05
2487 2.72732e-05
2488 2.72732e-05
2489 2.72732e-05
2490 2.72732e-05
2491 2.72732e-05
2492 2.72732e-05
2493 2.72732e-05
2494 2.72732e-05
2495 2.72732e-05
2496 2.72732e-05
2497 2.72732e-05
2498 2.72732e-05
2499 2.72732e-05
2500 2.72732e-05
2501 2.72732e-05
2502 2.72732e-05
2503 2.72732e-05
2504 2.72732e-05
2505 2.72732e-05
2506 2.72732e-05
2507 2.72732e-05
2508 2.72732e-05
2509 2.72732e-05
2510 2.72732e-05
2511 2.72732e-05
2512 2.72732e-05
2513 2.72732e-05
2514 2.72732e-05
2515 2.72732e-05
2516 2.72732e-05
2517 2.72732e-05
2518 2.72732e-05
2519 2.72732e-05
2520 2.72732e-05
2521 2.72732e-05
2522 2.72732e-05
2523 2.72732e-05
2524 2.72732e-05
2525 2.72732e-05
2526 2.72732e-05
2527 2.72732e-05
2528 2.72732e-05
2529 2.72732e-05
2530 2.72732e-05
2531 2.72732e-05
2532 2.72732e-05
2533 2.72732e-05
2534 2.72732e-05
2535 2.72732e-05
2536 2.72732e-05
2537 2.72732e-05
2538 2.72732e-05
2539 2.72732e-05
2540 2.72732e-05
2541 2.72732e-05
2542 2.72732e-05
2543 2.72732e-05
2544 2.72732e-05
2545 2.72732e-05
2546 2.72732e-05
2547 2.72732e-05
2548 2.72732e-05
2549 2.72732e-05
2550 2.72732e-05
2551 2.72732e-05
2552 2.72732e-05
2553 2.72732e-05
2554 2.72732e-05
2555 2.72732e-05
2556 2.72732e-05
2557 2.72732e-05
2558 2.72732e-05
2559 2.72732e-05
2560 2.72732e-05
2561 2.72732e-05
2562 2.72732e-05
2563 2.72732e-05
2564 2.72732e-05
2565 2.72732e-05
2566 2.72732e-05
2567 2.72732e-05
2568 2.72732e-05
2569 2.72732e-05
2570 2.72732e-05
2571 2.72732e-05
2572 2.72732e-05
2573 2.72732e-05
2574 2.72732e-05
2575 2.72732e-05
2576 2.72732e-05
2577 2.72732e-05
2578 2.72732e-05
2579 2.72732e-05
2580 2.72732e-05
2581 2.72732e-05
2582 2.72732e-05
2583 2.72732e-05
2584 2.72732e-05
2585 2.72732e-05
2586 2.72732e-05
2587 2.72732e-05
2588 2.72732e-05
2589 2.72732e-05
2590 2.72732e-05
2591 2.72732e-05
2592 2.72732e-05
2593 2.72732e-05
2594 2.72732e-05
2595 2.72732e-05
2596 2.72732e-05
2597 2.72732e-05
2598 2.72732e-05
2599 2.72732e-05
2600 2.72732e-05
2601 2.72732e-05
2602 2.72732e-05
2603 2.72732e-05
2604 2.72732e-05
2605 2.72732e-05
2606 2.72732e-05
2607 2.72732e-05
2608 2.72732e-05
2609 2.72732e-05
2610 2.72732e-05
2611 2.72732e-05
2612 2.72732e-05
2613 2.72732e-05
2614 2.72732e-05
2615 2.72732e-05
2616 2.72732e-05
2617 2.72732e-05
2618 2.72732e-05
2619 2.72732e-05
2620 2.72732e-05
2621 2.72732e-05
2622 2.72732e-05
2623 2.72732e-05
2624 2.72732e-05
2625 2.72732e-05
2626 2.72732e-05
2627 2.72732e-05
2628 2.72732e-05
2629 2.72732e-05
2630 2.72732e-05
2631 2.72732e-05
2632 2.72732e-05
2633 2.72732e-05
2634 2.72732e-05
2635 2.72732e-05
2636 2.72732e-05
2637 2.72732e-05
2638 2.72732e-05
2639 2.72732e-05
2640 2.72732e-05
2641 2.72732e-05
2642 2.72732e-05
2643 2.72732e-05
2644 2.72732e-05
2645 2.72732e-05
2646 2.72732e-05
2647 2.72732e-05
2648 2.72732e-05
2649 2.72732e-05
2650 2.72732e-05
2651 2.72732e-05
2652 2.72732e-05
2653 2.72732e-05
2654 2.72732e-05
2655 2.72732e-05
2656 2.72732e-05
2657 2.72732e-05
2658 2.72732e-05
2659 2.72732e-05
2660 2.72732e-05
2661 2.72732e-05
2662 2.72732e-05
2663 2.72732e-05
2664 2.72732e-05
2665 2.72732e-05
2666 2.72732e-05
2667 2.72732e-05
2668 2.72732e-05
2669 2.72732e-05
2670 2.72732e-05
2671 2.72732e-05
2672 2.72732e-05
2673 2.72732e-05
2674 2.72732e-05
2675 2.72732e-05
2676 2.72732e-05
2677 2.72732e-05
2678 2.72732e-05
2679 2.72732e-05
2680 2.72732e-05
2681 2.72732e-05
2682 2.72732e-05
2683 2.72732e-05
2684 2.72732e-05
2685 2.72732e-05
2686 2.72732e-05
2687 2.72732e-05
2688 2.72732e-05
2689 2.72732e-05
2690 2.72732e-05
2691 2.72732e-05
2692 2.72732e-05
2693 2.72732e-05
2694 2.72732e-05
2695 2.72732e-05
2696 2.72732e-05
2697 2.72732e-05
2698 2.72732e-05
2699 2.72732e-05
2700 2.72732e-05
2701 2.72732e-05
2702 2.72732e-05
2703 2.72732e-05
2704 2.72732e-05
2705 2.72732e-05
2706 2.72732e-05
2707 2.72732e-05
2708 2.72732e-05
2709 2.72732e-05
2710 2.72732e-05
2711 2.72732e-05
2712 2.72732e-05
2713 2.72732e-05
2714 2.72732e-05
2715 2.72732e-05
2716 2.72732e-05
2717 2.72732e-05
2718 2.72732e-05
2719 2.72732e-05
2720 2.72732e-05
2721 2.72732e-05
2722 2.72732e-05
2723 2.72732e-05
2724 2.72732e-05
2725 2.72732e-05
2726 2.72732e-05
2727 2.72732e-05
2728 2.72732e-05
2729 2.72732e-05
2730 2.72732e-05
2731 2.72732e-05
2732 2.72732e-05
2733 2.72732e-05
2734 2.72732e-05
2735 2.72732e-05
2736 2.72732e-05
2737 2.72732e-05
2738 2.72732e-05
2739 2.72732e-05
2740 2.72732e-05
2741 2.72732e-05
2742 2.72732e-05
2743 2.72732e-05
2744 2.72732e-05
2745 2.72732e-05
2746 2.72732e-05
2747 2.72732e-05
2748 2.72732e-05
2749 2.72732e-05
2750 2.72732e-05
2751 2.72732e-05
2752 2.72732e-05
2753 2.72732e-05
2754 2.72732e-05
2755 2.72732e-05
2756 2.72732e-05
2757 2.72732e-05
2758 2.72732e-05
2759 2.72732e-05
2760 2.72732e-05
2761 2.72732e-05
2762 2.72732e-05
2763 2.72732e-05
2764 2.72732e-05
2765 2.72732e-05
2766 2.72732e-05
2767 2.72732e-05
2768 2.72732e-05
2769 2.72732e-05
2770 2.72732e-05
2771 2.72732e-05
2772 2.72732e-05
2773 2.72732e-05
2774 2.72732e-05
2775 2.72732e-05
2776 2.72732e-05
2777 2.72732e-05
2778 2.72732e-05
2779 2.72732e-05
2780 2.72732e-05
2781 2.72732e-05
2782 2.72732e-05
2783 2.72732e-05
2784 2.72732e-05
2785 2.72732e-05
2786 2.72732e-05
2787 2.72732e-05
2788 2.72732e-05
2789 2.72732e-05
2790 2.72732e-05
2791 2.72732e-05
2792 2.72732e-05
2793 2.72732e-05
2794 2.72732e-05
2795 2.72732e-05
2796 2.72732e-05
2797 2.72732e-05
2798 2.72732e-05
2799 2.72732e-05
2800 2.72732e-05
2801 2.72732e-05
2802 2.72732e-05
2803 2.72732e-05
2804 2.72732e-05
2805 2.72732e-05
2806 2.72732e-05
2807 2.72732e-05
2808 2.72732e-05
2809 2.72732e-05
2810 2.72732e-05
2811 2.72732e-05
2812 2.72732e-05
2813 2.72732e-05
2814 2.72732e-05
2815 2.72732e-05
2816 2.72732e-05
2817 2.72732e-05
2818 2.72732e-05
2819 2.72732e-05
2820 2.72732e-05
2821 2.72732e-05
2822 2.72732e-05
2823 2.72732e-05
2824 2.72732e-05
2825 2.72732e-05
2826 2.72732e-05
2827 2.72732e-05
2828 2.72732e-05
2829 2.72732e-05
2830 2.72732e-05
2831 2.72732e-05
2832 2.72732e-05
2833 2.72732e-05
2834 2.72732e-05
2835 2.72732e-05
2836 2.72732e-05
2837 2.72732e-05
2838 2.72732e-05
2839 2.72732e-05
2840 2.72732e-05
2841 2.72732e-05
2842 2.72732e-05
2843 2.72732e-05
2844 2.72732e-05
2845 2.72732e-05
2846 2.72732e-05
2847 2.72732e-05
2848 2.72732e-05
2849 2.72732e-05
2850 2.72732e-05
2851 2.72732e-05
2852 2.72732e-05
2853 2.72732e-05
2854 2.72732e-05
2855 2.72732e-05
2856 2.72732e-05
2857 2.72732e-05
2858 2.72732e-05
2859 2.72732e-05
2860 2.72732e-05
2861 2.72732e-05
2862 2.72732e-05
2863 2.72732e-05
2864 2.72732e-05
2865 2.72732e-05
2866 2.72732e-05
2867 2.72732e-05
2868 2.72732e-05
2869 2.72732e-05
2870 2.72732e-05
2871 2.72732e-05
2872 2.72732e-05
2873 2.72732e-05
2874 2.72732e-05
2875 2.72732e-05
2876 2.72732e-05
2877 2.72732e-05
2878 2.72732e-05
2879 2.72732e-05
2880 2.72732e-05
2881 2.72732e-05
2882 2.72732e-05
2883 2.72732e-05
2884 2.72732e-05
2885 2.72732e-05
2886 2.72732e-05
2887 2.72732e-05
2888 2.72732e-05
2889 2.72732e-05
2890 2.72732e-05
2891 2.72732e-05
2892 2.72732e-05
2893 2.72732e-05
2894 2.72732e-05
2895 2.72732e-05
2896 2.72732e-05
2897 2.72732e-05
2898 2.72732e-05
2899 2.72732e-05
2900 2.72732e-05
2901 2.72732e-05
2902 2.72732e-05
2903 2.72732e-05
2904 2.72732e-05
2905 2.72732e-05
2906 2.72732e-05
2907 2.72732e-05
2908 2.72732e-05
2909 2.72732e-05
2910 2.72732e-05
2911 2.72732e-05
2912 2.72732e-05
2913 2.72732e-05
2914 2.72732e-05
2915 2.72732e-05
2916 2.72732e-05
2917 2.72732e-05
2918 2.72732e-05
2919 2.72732e-05
2920 2.72732e-05
2921 2.72732e-05
2922 2.72732e-05
2923 2.72732e-05
2924 2.72732e-05
2925 2.72732e-05
2926 2.72732e-05
2927 2.72732e-05
2928 2.72732e-05
2929 2.72732e-05
2930 2.72732e-05
2931 2.72732e-05
2932 2.72732e-05
2933 2.72732e-05
2934 2.72732e-05
2935 2.72732e-05
2936 2.72732e-05
2937 2.72732e-05
2938 2.72732e-05
2939 2.72732e-05
2940 2.72732e-05
2941 2.72732e-05
2942 2.72732e-05
2943 2.72732e-05
2944 2.72732e-05
2945 2.72732e-05
2946 2.72732e-05
2947 2.72732e-05
2948 2.72732e-05
2949 2.72732e-05
2950 2.72732e-05
2951 2.72732e-05
2952 2.72732e-05
2953 2.72732e-05
2954 2.72732e-05
2955 2.72732e-05
2956 2.72732e-05
2957 2.72732e-05
2958 2.72732e-05
2959 2.72732e-05
2960 2.72732e-05
2961 2.72732e-05
2962 2.72732e-05
2963 2.72732e-05
2964 2.72732e-05
2965 2.72732e-05
2966 2.72732e-05
2967 2.72732e-05
2968 2.72732e-05
2969 2.72732e-05
2970 2.72732e-05
2971 2.72732e-05
2972 2.72732e-05
2973 2.72732e-05
2974 2.72732e-05
2975 2.72732e-05
2976 2.72732e-05
2977 2.72732e-05
2978 2.72732e-05
2979 2.72732e-05
2980 2.72732e-05
2981 2.72732e-05
2982 2.72732e-05
2983 2.72732e-05
2984 2.72732e-05
2985 2.72732e-05
2986 2.72732e-05
2987 2.72732e-05
2988 2.72732e-05
2989 2.72732e-05
2990 2.72732e-05
2991 2.72732e-05
2992 2.72732e-05
2993 2.72732e-05
2994 2.72732e-05
2995 2.72732e-05
2996 2.72732e-05
2997 2.72732e-05
2998 2.72732e-05
2999 2.72732e-05
3000 2.72732e-05
3001 2.72732e-05
3002 2.72732e-05
3003 2.72732e-05
3004 2.72732e-05
3005 2.72732e-05
3006 2.72732e-05
3007 2.72732e-05
3008 2.72732e-05
3009 2.72732e-05
3010 2.72732e-05
3011 2.72732e-05
3012 2.72732e-05
3013 2.72732e-05
3014 2.72732e-05
3015 2.72732e-05
3016 2.72732e-05
3017 2.72732e-05
3018 2.72732e-05
3019 2.72732e-05
3020 2.72732e-05
3021 2.72732e-05
3022 2.72732e-05
3023 2.72732e-05
3024 2.72732e-05
3025 2.72732e-05
3026 2.72732e-05
3027 2.72732e-05
3028 2.72732e-05
3029 2.72732e-05
3030 2.72732e-05
3031 2.72732e-05
3032 2.72732e-05
3033 2.72732e-05
3034 2.72732e-05
3035 2.72732e-05
3036 2.72732e-05
3037 2.72732e-05
3038 2.72732e-05
3039 2.72732e-05
3040 2.72732e-05
3041 2.72732e-05
3042 2.72732e-05
3043 2.72732e-05
3044 2.72732e-05
3045 2.72732e-05
3046 2.72732e-05
3047 2.72732e-05
3048 2.72732e-05
3049 2.72732e-05
3050 2.72732e-05
3051 2.72732e-05
3052 2.72732e-05
3053 2.72732e-05
3054 2.72732e-05
3055 2.72732e-05
3056 2.72732e-05
3057 2.72732e-05
3058 2.72732e-05
3059 2.72732e-05
3060 2.72732e-05
3061 2.72732e-05
3062 2.72732e-05
3063 2.72732e-05
3064 2.72732e-05
3065 2.72732e-05
3066 2.72732e-05
3067 2.72732e-05
3068 2.72732e-05
3069 2.72732e-05
3070 2.72732e-05
3071 2.72732e-05
3072 2.72732e-05
3073 2.72732e-05
3074 2.72732e-05
3075 2.72732e-05
3076 2.72732e-05
3077 2.72732e-05
3078 2.72732e-05
3079 2.72732e-05
3080 2.72732e-05
3081 2.72732e-05
3082 2.72732e-05
3083 2.72732e-05
3084 2.72732e-05
3085 2.72732e-05
3086 2.72732e-05
3087 2.72732e-05
3088 2.72732e-05
3089 2.72732e-05
3090 2.72732e-05
3091 2.72732e-05
3092 2.72732e-05
3093 2.72732e-05
3094 2.72732e-05
3095 2.72732e-05
3096 2.72732e-05
3097 2.72732e-05
3098 2.72732e-05
3099 2.72732e-05
3100 2.72732e-05
3101 2.72732e-05
3102 2.72732e-05
3103 2.72732e-05
3104 2.72732e-05
3105 2.72732e-05
3106 2.72732e-05
3107 2.72732e-05
3108 2.72732e-05
3109 2.72732e-05
3110 2.72732e-05
3111 2.72732e-05
3112 2.72732e-05
3113 2.72732e-05
3114 2.72732e-05
3115 2.72732e-05
3116 2.72732e-05
3117 2.72732e-05
3118 2.72732e-05
3119 2.72732e-05
3120 2.72732e-05
3121 2.72732e-05
3122 2.72732e-05
3123 2.72732e-05
3124 2.72732e-05
3125 2.72732e-05
3126 2.72732e-05
3127 2.72732e-05
3128 2.72732e-05
3129 2.72732e-05
3130 2.72732e-05
3131 2.72732e-05
3132 2.72732e-05
3133 2.72732e-05
3134 2.72732e-05
3135 2.72732e-05
3136 2.72732e-05
3137 2.72732e-05
3138 2.72732e-05
3139 2.72732e-05
3140 2.72732e-05
3141 2.72732e-05
3142 2.72732e-05
3143 2.72732e-05
3144 2.72732e-05
3145 2.72732e-05
3146 2.72732e-05
3147 2.72732e-05
3148 2.72732e-05
3149 2.72732e-05
3150 2.72732e-05
3151 2.72732e-05
3152 2.72732e-05
3153 2.72732e-05
3154 2.72732e-05
3155 2.72732e-05
3156 2.72732e-05
3157 2.72732e-05
3158 2.72732e-05
3159 2.72732e-05
3160 2.72732e-05
3161 2.72732e-05
3162 2.72732e-05
3163 2.72732e-05
3164 2.72732e-05
3165 2.72732e-05
3166 2.72732e-05
3167 2.72732e-05
3168 2.72732e-05
3169 2.72732e-05
3170 2.72732e-05
3171 2.72732e-05
3172 2.72732e-05
3173 2.72732e-05
3174 2.72732e-05
3175 2.72732e-05
3176 2.72732e-05
3177 2.72732e-05
3178 2.72732e-05
3179 2.72732e-05
3180 2.72732e-05
3181 2.72732e-05
3182 2.72732e-05
3183 2.72732e-05
3184 2.72732e-05
3185 2.72732e-05
3186 2.72732e-05
3187 2.72732e-05
3188 2.72732e-05
3189 2.72732e-05
3190 2.72732e-05
3191 2.72732e-05
3192 2.72732e-05
3193 2.72732e-05
3194 2.72732e-05
3195 2.72732e-05
3196 2.72732e-05
3197 2.72732e-05
3198 2.72732e-05
3199 2.72732e-05
3200 2.72732e-05
3201 2.72732e-05
3202 2.72732e-05
3203 2.72732e-05
3204 2.72732e-05
3205 2.72732e-05
3206 2.72732e-05
3207 2.72732e-05
3208 2.72732e-05
