0 1
1 1
2 1
3 1
4 1
5 1
6 1
7 0.999704
8 0.999704
9 0.999704
10 0.999704
11 0.999704
12 0.999704
13 0.999704
14 0.999704
15 0.999667
16 0.999667
17 0.999667
18 0.999667
19 0.999667
20 0.999667
21 0.999667
22 0.999667
23 0.99963
24 0.99963
25 0.99963
26 0.99963
27 0.99963
28 0.99963
29 0.99963
30 0.99963
31 0.999519
32 0.999519
33 0.944794
34 0.944794
35 0.944794
36 0.944794
37 0.944794
38 0.944794
39 0.944646
40 0.944646
41 0.887369
42 0.887369
43 0.887369
44 0.887369
45 0.887369
46 0.887369
47 0.88711
48 0.88711
49 0.835971
50 0.835971
51 0.835971
52 0.835971
53 0.835971
54 0.835971
55 0.835712
56 0.835712
57 0.782946
58 0.782946
59 0.782946
60 0.782946
61 0.782946
62 0.782946
63 0.782798
64 0.782798
65 0.73214
66 0.73214
67 0.73214
68 0.73214
69 0.73214
70 0.73214
71 0.732029
72 0.732029
73 0.687509
74 0.687509
75 0.687509
76 0.687509
77 0.687509
78 0.687509
79 0.687287
80 0.687287
81 0.645541
82 0.645541
83 0.645541
84 0.645541
85 0.645541
86 0.645541
87 0.64543
88 0.64543
89 0.60457
90 0.60457
91 0.60457
92 0.60457
93 0.60457
94 0.60457
95 0.604533
96 0.604533
97 0.568185
98 0.568185
99 0.568185
100 0.568185
101 0.568185
102 0.568185
103 0.568074
104 0.568074
105 0.531393
106 0.531393
107 0.531393
108 0.531393
109 0.531393
110 0.531393
111 0.531319
112 0.531319
113 0.498077
114 0.498077
115 0.498077
116 0.498077
117 0.498077
118 0.498077
119 0.497855
120 0.497855
121 0.464502
122 0.464502
123 0.464502
124 0.464502
125 0.464502
126 0.464502
127 0.464354
128 0.464354
129 0.432739
130 0.432739
131 0.432739
132 0.432739
133 0.432739
134 0.432739
135 0.43248
136 0.43248
137 0.405192
138 0.405192
139 0.405192
140 0.405192
141 0.405192
142 0.405192
143 0.404896
144 0.404896
145 0.378457
146 0.378457
147 0.378457
148 0.378457
149 0.378457
150 0.378457
151 0.378272
152 0.378272
153 0.355347
154 0.355347
155 0.355347
156 0.355347
157 0.355347
158 0.355347
159 0.355236
160 0.355236
161 0.333678
162 0.333678
163 0.333678
164 0.333678
165 0.333678
166 0.333678
167 0.333641
168 0.333641
169 0.311566
170 0.311566
171 0.311566
172 0.311566
173 0.311566
174 0.311566
175 0.311455
176 0.311455
177 0.289713
178 0.289713
179 0.289713
180 0.289713
181 0.289713
182 0.289713
183 0.289491
184 0.289491
185 0.269598
186 0.269598
187 0.269598
188 0.269598
189 0.269598
190 0.269598
191 0.269598
192 0.269598
193 0.251479
194 0.251479
195 0.251479
196 0.251479
197 0.251479
198 0.251479
199 0.251442
200 0.251442
201 0.23569
202 0.23569
203 0.23569
204 0.23569
205 0.23569
206 0.23569
207 0.235616
208 0.235616
209 0.219198
210 0.219198
211 0.219198
212 0.219198
213 0.219198
214 0.219198
215 0.219198
216 0.219198
217 0.206404
218 0.206404
219 0.206404
220 0.206404
221 0.206404
222 0.206404
223 0.206293
224 0.206293
225 0.193019
226 0.193019
227 0.193019
228 0.193019
229 0.193019
230 0.193019
231 0.192945
232 0.192945
233 0.179892
234 0.179892
235 0.179892
236 0.179892
237 0.179892
238 0.179892
239 0.179855
240 0.179855
241 0.167764
242 0.167764
243 0.167764
244 0.167764
245 0.167764
246 0.167764
247 0.167727
248 0.167727
249 0.158556
250 0.158556
251 0.158556
252 0.158556
253 0.158556
254 0.158556
255 0.158482
256 0.158482
257 0.148129
258 0.148129
259 0.148129
260 0.148129
261 0.148129
262 0.148129
263 0.148055
264 0.148055
265 0.139255
266 0.139255
267 0.139255
268 0.139255
269 0.139255
270 0.139255
271 0.139218
272 0.139218
273 0.131194
274 0.131194
275 0.131194
276 0.131194
277 0.131194
278 0.131194
279 0.131157
280 0.131157
281 0.123835
282 0.123835
283 0.123835
284 0.123835
285 0.123835
286 0.123835
287 0.123835
288 0.123835
289 0.117364
290 0.117364
291 0.117364
292 0.117364
293 0.117364
294 0.117364
295 0.117364
296 0.117364
297 0.110671
298 0.110671
299 0.110671
300 0.110671
301 0.110671
302 0.110671
303 0.110635
304 0.110635
305 0.103683
306 0.103683
307 0.103683
308 0.103683
309 0.103683
310 0.103683
311 0.103683
312 0.103683
313 0.097064
314 0.097064
315 0.097064
316 0.097064
317 0.097064
318 0.097064
319 0.0970271
320 0.0970271
321 0.090741
322 0.090741
323 0.090741
324 0.090741
325 0.090741
326 0.090741
327 0.090741
328 0.090741
329 0.084418
330 0.084418
331 0.084418
332 0.084418
333 0.084418
334 0.084418
335 0.084381
336 0.084381
337 0.0792412
338 0.0792412
339 0.0792412
340 0.0792412
341 0.0792412
342 0.0792412
343 0.0792412
344 0.0792412
345 0.0745822
346 0.0745822
347 0.0745822
348 0.0745822
349 0.0745822
350 0.0745822
351 0.0745822
352 0.0745822
353 0.0706256
354 0.0706256
355 0.0706256
356 0.0706256
357 0.0706256
358 0.0706256
359 0.0705887
360 0.0705887
361 0.066928
362 0.066928
363 0.066928
364 0.066928
365 0.066928
366 0.066928
367 0.066891
368 0.066891
369 0.0627126
370 0.0627126
371 0.0627126
372 0.0627126
373 0.0627126
374 0.0627126
375 0.0626756
376 0.0626756
377 0.058941
378 0.058941
379 0.058941
380 0.058941
381 0.058941
382 0.058941
383 0.058941
384 0.058941
385 0.0546147
386 0.0546147
387 0.0546147
388 0.0546147
389 0.0546147
390 0.0546147
391 0.0545777
392 0.0545777
393 0.0513607
394 0.0513607
395 0.0513607
396 0.0513607
397 0.0513607
398 0.0513607
399 0.0513238
400 0.0513238
401 0.0478849
402 0.0478849
403 0.0478849
404 0.0478849
405 0.0478849
406 0.0478849
407 0.0478849
408 0.0478849
409 0.0450007
410 0.0450007
411 0.0450007
412 0.0450007
413 0.0450007
414 0.0450007
415 0.0449268
416 0.0449268
417 0.0421535
418 0.0421535
419 0.0421535
420 0.0421535
421 0.0421535
422 0.0421535
423 0.0421535
424 0.0421535
425 0.03975
426 0.03975
427 0.03975
428 0.03975
429 0.03975
430 0.03975
431 0.03975
432 0.03975
433 0.0376054
434 0.0376054
435 0.0376054
436 0.0376054
437 0.0376054
438 0.0376054
439 0.0376054
440 0.0376054
441 0.0355717
442 0.0355717
443 0.0355717
444 0.0355717
445 0.0355717
446 0.0355717
447 0.0354238
448 0.0354238
449 0.0336119
450 0.0336119
451 0.0336119
452 0.0336119
453 0.0336119
454 0.0336119
455 0.0335749
456 0.0335749
457 0.0312824
458 0.0312824
459 0.0312824
460 0.0312824
461 0.0312824
462 0.0312824
463 0.0312824
464 0.0312824
465 0.0296554
466 0.0296554
467 0.0296554
468 0.0296554
469 0.0296554
470 0.0296554
471 0.0296554
472 0.0296554
473 0.0275847
474 0.0275847
475 0.0275847
476 0.0275847
477 0.0275847
478 0.0275847
479 0.0275847
480 0.0275847
481 0.0259947
482 0.0259947
483 0.0259947
484 0.0259947
485 0.0259947
486 0.0259947
487 0.0259577
488 0.0259577
489 0.0242568
490 0.0242568
491 0.0242568
492 0.0242568
493 0.0242568
494 0.0242568
495 0.0242568
496 0.0242568
497 0.0229256
498 0.0229256
499 0.0229256
500 0.0229256
501 0.0229256
502 0.0229256
503 0.0228886
504 0.0228886
505 0.0215575
506 0.0215575
507 0.0215575
508 0.0215575
509 0.0215575
510 0.0215575
511 0.0215575
512 0.0215575
513 0.0202263
514 0.0202263
515 0.0202263
516 0.0202263
517 0.0202263
518 0.0202263
519 0.0202263
520 0.0202263
521 0.0191909
522 0.0191909
523 0.0191909
524 0.0191909
525 0.0191909
526 0.0191909
527 0.0191909
528 0.0191909
529 0.0181186
530 0.0181186
531 0.0181186
532 0.0181186
533 0.0181186
534 0.0181186
535 0.0181186
536 0.0181186
537 0.0168614
538 0.0168614
539 0.0168614
540 0.0168614
541 0.0168614
542 0.0168614
543 0.0168614
544 0.0168614
545 0.0160849
546 0.0160849
547 0.0160849
548 0.0160849
549 0.0160849
550 0.0160849
551 0.0160849
552 0.0160849
553 0.0154933
554 0.0154933
555 0.0154933
556 0.0154933
557 0.0154933
558 0.0154933
559 0.0154563
560 0.0154563
561 0.0147168
562 0.0147168
563 0.0147168
564 0.0147168
565 0.0147168
566 0.0147168
567 0.0147168
568 0.0147168
569 0.0136814
570 0.0136814
571 0.0136814
572 0.0136814
573 0.0136814
574 0.0136814
575 0.0136814
576 0.0136814
577 0.0128679
578 0.0128679
579 0.0128679
580 0.0128679
581 0.0128679
582 0.0128679
583 0.0128679
584 0.0128679
585 0.0120544
586 0.0120544
587 0.0120544
588 0.0120544
589 0.0120544
590 0.0120544
591 0.0120544
592 0.0120544
593 0.0114258
594 0.0114258
595 0.0114258
596 0.0114258
597 0.0114258
598 0.0114258
599 0.0114258
600 0.0114258
601 0.0109082
602 0.0109082
603 0.0109082
604 0.0109082
605 0.0109082
606 0.0109082
607 0.0109082
608 0.0109082
609 0.0103165
610 0.0103165
611 0.0103165
612 0.0103165
613 0.0103165
614 0.0103165
615 0.0103165
616 0.0103165
617 0.00979885
618 0.00979885
619 0.00979885
620 0.00979885
621 0.00979885
622 0.00979885
623 0.00979885
624 0.00979885
625 0.00920722
626 0.00920722
627 0.00920722
628 0.00920722
629 0.00920722
630 0.00920722
631 0.00920722
632 0.00920722
633 0.00865257
634 0.00865257
635 0.00865257
636 0.00865257
637 0.00865257
638 0.00865257
639 0.00865257
640 0.00865257
641 0.00802396
642 0.00802396
643 0.00802396
644 0.00802396
645 0.00802396
646 0.00802396
647 0.00802396
648 0.00802396
649 0.00746931
650 0.00746931
651 0.00746931
652 0.00746931
653 0.00746931
654 0.00746931
655 0.00746931
656 0.00746931
657 0.00687768
658 0.00687768
659 0.00687768
660 0.00687768
661 0.00687768
662 0.00687768
663 0.00687768
664 0.00687768
665 0.00654489
666 0.00654489
667 0.00654489
668 0.00654489
669 0.00654489
670 0.00654489
671 0.00650791
672 0.00650791
673 0.00639698
674 0.00639698
675 0.00639698
676 0.00639698
677 0.00639698
678 0.00639698
679 0.00639698
680 0.00639698
681 0.00584233
682 0.00584233
683 0.00584233
684 0.00584233
685 0.00584233
686 0.00584233
687 0.00584233
688 0.00584233
689 0.00565745
690 0.00565745
691 0.00565745
692 0.00565745
693 0.00565745
694 0.00565745
695 0.00565745
696 0.00565745
697 0.0051028
698 0.0051028
699 0.0051028
700 0.0051028
701 0.0051028
702 0.0051028
703 0.0051028
704 0.0051028
705 0.00473303
706 0.00473303
707 0.00473303
708 0.00473303
709 0.00473303
710 0.00473303
711 0.00473303
712 0.00473303
713 0.00432628
714 0.00432628
715 0.00432628
716 0.00432628
717 0.00432628
718 0.00432628
719 0.00432628
720 0.00432628
721 0.00399349
722 0.00399349
723 0.00399349
724 0.00399349
725 0.00399349
726 0.00399349
727 0.00399349
728 0.00399349
729 0.0036607
730 0.0036607
731 0.0036607
732 0.0036607
733 0.0036607
734 0.0036607
735 0.0036607
736 0.0036607
737 0.00340186
738 0.00340186
739 0.00340186
740 0.00340186
741 0.00340186
742 0.00340186
743 0.00340186
744 0.00340186
745 0.00329093
746 0.00329093
747 0.00329093
748 0.00329093
749 0.00329093
750 0.00329093
751 0.00329093
752 0.00329093
753 0.00318
754 0.00318
755 0.00318
756 0.00318
757 0.00318
758 0.00318
759 0.00318
760 0.00318
761 0.00306907
762 0.00306907
763 0.00306907
764 0.00306907
765 0.00306907
766 0.00306907
767 0.00306907
768 0.00306907
769 0.00288419
770 0.00288419
771 0.00288419
772 0.00288419
773 0.00288419
774 0.00288419
775 0.00288419
776 0.00288419
777 0.0026993
778 0.0026993
779 0.0026993
780 0.0026993
781 0.0026993
782 0.0026993
783 0.0026993
784 0.0026993
785 0.00258837
786 0.00258837
787 0.00258837
788 0.00258837
789 0.00258837
790 0.00258837
791 0.00258837
792 0.00258837
793 0.00232954
794 0.00232954
795 0.00232954
796 0.00232954
797 0.00232954
798 0.00232954
799 0.00232954
800 0.00232954
801 0.00221861
802 0.00221861
803 0.00221861
804 0.00221861
805 0.00221861
806 0.00221861
807 0.00221861
808 0.00221861
809 0.0020707
810 0.0020707
811 0.0020707
812 0.0020707
813 0.0020707
814 0.0020707
815 0.0020707
816 0.0020707
817 0.00192279
818 0.00192279
819 0.00192279
820 0.00192279
821 0.00192279
822 0.00192279
823 0.00192279
824 0.00192279
825 0.00188582
826 0.00188582
827 0.00188582
828 0.00188582
829 0.00188582
830 0.00188582
831 0.00188582
832 0.00188582
833 0.00184884
834 0.00184884
835 0.00184884
836 0.00184884
837 0.00184884
838 0.00184884
839 0.00181186
840 0.00181186
841 0.00166396
842 0.00166396
843 0.00166396
844 0.00166396
845 0.00166396
846 0.00166396
847 0.00166396
848 0.00166396
849 0.00144209
850 0.00144209
851 0.00144209
852 0.00144209
853 0.00144209
854 0.00144209
855 0.00144209
856 0.00144209
857 0.00140512
858 0.00140512
859 0.00140512
860 0.00140512
861 0.00140512
862 0.00140512
863 0.00140512
864 0.00140512
865 0.00129419
866 0.00129419
867 0.00129419
868 0.00129419
869 0.00129419
870 0.00129419
871 0.00129419
872 0.00129419
873 0.00118326
874 0.00118326
875 0.00118326
876 0.00118326
877 0.00118326
878 0.00118326
879 0.00118326
880 0.00118326
881 0.00118326
882 0.00118326
883 0.00118326
884 0.00118326
885 0.00118326
886 0.00118326
887 0.00118326
888 0.00118326
889 0.0011093
890 0.0011093
891 0.0011093
892 0.0011093
893 0.0011093
894 0.0011093
895 0.0011093
896 0.0011093
897 0.000998373
898 0.000998373
899 0.000998373
900 0.000998373
901 0.000998373
902 0.000998373
903 0.000998373
904 0.000998373
905 0.000998373
906 0.000998373
907 0.000998373
908 0.000998373
909 0.000998373
910 0.000998373
911 0.000998373
912 0.000998373
913 0.000961396
914 0.000961396
915 0.000961396
916 0.000961396
917 0.000961396
918 0.000961396
919 0.000961396
920 0.000961396
921 0.000887443
922 0.000887443
923 0.000887443
924 0.000887443
925 0.000887443
926 0.000887443
927 0.000887443
928 0.000887443
929 0.000850466
930 0.000850466
931 0.000850466
932 0.000850466
933 0.000850466
934 0.000850466
935 0.000850466
936 0.000850466
937 0.000850466
938 0.000850466
939 0.000850466
940 0.000850466
941 0.000850466
942 0.000850466
943 0.000850466
944 0.000850466
945 0.000776512
946 0.000776512
947 0.000776512
948 0.000776512
949 0.000776512
950 0.000776512
951 0.000776512
952 0.000776512
953 0.000776512
954 0.000776512
955 0.000776512
956 0.000776512
957 0.000776512
958 0.000776512
959 0.000776512
960 0.000776512
961 0.000702559
962 0.000702559
963 0.000702559
964 0.000702559
965 0.000702559
966 0.000702559
967 0.000702559
968 0.000702559
969 0.000591628
970 0.000591628
971 0.000591628
972 0.000591628
973 0.000591628
974 0.000591628
975 0.000591628
976 0.000591628
977 0.000554652
978 0.000554652
979 0.000554652
980 0.000554652
981 0.000554652
982 0.000554652
983 0.000554652
984 0.000554652
985 0.000554652
986 0.000554652
987 0.000554652
988 0.000554652
989 0.000554652
990 0.000554652
991 0.000554652
992 0.000554652
993 0.000517675
994 0.000517675
995 0.000517675
996 0.000517675
997 0.000517675
998 0.000517675
999 0.000517675
1000 0.000517675
1001 0.000517675
1002 0.000517675
1003 0.000517675
1004 0.000517675
1005 0.000517675
1006 0.000517675
1007 0.000517675
1008 0.000517675
1009 0.000443721
1010 0.000443721
1011 0.000443721
1012 0.000443721
1013 0.000443721
1014 0.000443721
1015 0.000443721
1016 0.000443721
1017 0.000443721
1018 0.000443721
1019 0.000443721
1020 0.000443721
1021 0.000443721
1022 0.000443721
1023 0.000406745
1024 0.000406745
1025 0.000406745
1026 0.000406745
1027 0.000406745
1028 0.000406745
1029 0.000406745
1030 0.000406745
1031 0.000406745
1032 0.000406745
1033 0.000332791
1034 0.000332791
1035 0.000332791
1036 0.000332791
1037 0.000332791
1038 0.000332791
1039 0.000332791
1040 0.000332791
1041 0.000332791
1042 0.000332791
1043 0.000332791
1044 0.000332791
1045 0.000332791
1046 0.000332791
1047 0.000332791
1048 0.000332791
1049 0.000332791
1050 0.000332791
1051 0.000332791
1052 0.000332791
1053 0.000332791
1054 0.000332791
1055 0.000332791
1056 0.000332791
1057 0.000332791
1058 0.000332791
1059 0.000332791
1060 0.000332791
1061 0.000332791
1062 0.000332791
1063 0.000332791
1064 0.000332791
1065 0.000295814
1066 0.000295814
1067 0.000295814
1068 0.000295814
1069 0.000295814
1070 0.000295814
1071 0.000295814
1072 0.000295814
1073 0.000295814
1074 0.000295814
1075 0.000295814
1076 0.000295814
1077 0.000295814
1078 0.000295814
1079 0.000295814
1080 0.000295814
1081 0.000295814
1082 0.000295814
1083 0.000295814
1084 0.000295814
1085 0.000295814
1086 0.000295814
1087 0.000295814
1088 0.000295814
1089 0.000295814
1090 0.000295814
1091 0.000295814
1092 0.000295814
1093 0.000295814
1094 0.000295814
1095 0.000295814
1096 0.000295814
1097 0.000258837
1098 0.000258837
1099 0.000258837
1100 0.000258837
1101 0.000258837
1102 0.000258837
1103 0.000258837
1104 0.000258837
1105 0.000258837
1106 0.000258837
1107 0.000258837
1108 0.000258837
1109 0.000258837
1110 0.000258837
1111 0.000258837
1112 0.000258837
1113 0.000184884
1114 0.000184884
1115 0.000184884
1116 0.000184884
1117 0.000184884
1118 0.000184884
1119 0.000184884
1120 0.000184884
1121 0.000184884
1122 0.000184884
1123 0.000184884
1124 0.000184884
1125 0.000184884
1126 0.000184884
1127 0.000184884
1128 0.000184884
1129 0.000184884
1130 0.000184884
1131 0.000184884
1132 0.000184884
1133 0.000184884
1134 0.000184884
1135 0.000184884
1136 0.000184884
1137 0.000184884
1138 0.000184884
1139 0.000184884
1140 0.000184884
1141 0.000184884
1142 0.000184884
1143 0.000184884
1144 0.000184884
1145 0.000147907
1146 0.000147907
1147 0.000147907
1148 0.000147907
1149 0.000147907
1150 0.000147907
1151 0.000147907
1152 0.000147907
1153 0.000147907
1154 0.000147907
1155 0.000147907
1156 0.000147907
1157 0.000147907
1158 0.000147907
1159 0.000147907
1160 0.000147907
1161 0.000147907
1162 0.000147907
1163 0.000147907
1164 0.000147907
1165 0.000147907
1166 0.000147907
1167 0.000147907
1168 0.000147907
1169 0.000147907
1170 0.000147907
1171 0.000147907
1172 0.000147907
1173 0.000147907
1174 0.000147907
1175 0.000147907
1176 0.000147907
1177 0.00011093
1178 0.00011093
1179 0.00011093
1180 0.00011093
1181 0.00011093
1182 0.00011093
1183 0.00011093
1184 0.00011093
1185 0.00011093
1186 0.00011093
1187 0.00011093
1188 0.00011093
1189 0.00011093
1190 0.00011093
1191 0.00011093
1192 0.00011093
1193 0.00011093
1194 0.00011093
1195 0.00011093
1196 0.00011093
1197 0.00011093
1198 0.00011093
1199 0.00011093
1200 0.00011093
1201 0.00011093
1202 0.00011093
1203 0.00011093
1204 0.00011093
1205 0.00011093
1206 0.00011093
1207 0.00011093
1208 0.00011093
1209 7.39536e-05
1210 7.39536e-05
1211 7.39536e-05
1212 7.39536e-05
1213 7.39536e-05
1214 7.39536e-05
1215 7.39536e-05
1216 7.39536e-05
1217 7.39536e-05
1218 7.39536e-05
1219 7.39536e-05
1220 7.39536e-05
1221 7.39536e-05
1222 7.39536e-05
1223 7.39536e-05
1224 7.39536e-05
1225 3.69768e-05
1226 3.69768e-05
1227 3.69768e-05
1228 3.69768e-05
1229 3.69768e-05
1230 3.69768e-05
1231 3.69768e-05
1232 3.69768e-05
1233 3.69768e-05
1234 3.69768e-05
1235 3.69768e-05
1236 3.69768e-05
1237 3.69768e-05
1238 3.69768e-05
1239 3.69768e-05
1240 3.69768e-05
1241 3.69768e-05
1242 3.69768e-05
1243 3.69768e-05
1244 3.69768e-05
1245 3.69768e-05
1246 3.69768e-05
1247 3.69768e-05
1248 3.69768e-05
1249 3.69768e-05
1250 3.69768e-05
1251 3.69768e-05
1252 3.69768e-05
1253 3.69768e-05
1254 3.69768e-05
1255 3.69768e-05
1256 3.69768e-05
1257 3.69768e-05
1258 3.69768e-05
1259 3.69768e-05
1260 3.69768e-05
1261 3.69768e-05
1262 3.69768e-05
1263 3.69768e-05
1264 3.69768e-05
1265 3.69768e-05
1266 3.69768e-05
1267 3.69768e-05
1268 3.69768e-05
1269 3.69768e-05
1270 3.69768e-05
1271 3.69768e-05
1272 3.69768e-05
1273 3.69768e-05
1274 3.69768e-05
1275 3.69768e-05
1276 3.69768e-05
1277 3.69768e-05
1278 3.69768e-05
1279 3.69768e-05
1280 3.69768e-05
1281 3.69768e-05
1282 3.69768e-05
1283 3.69768e-05
1284 3.69768e-05
1285 3.69768e-05
1286 3.69768e-05
1287 3.69768e-05
1288 3.69768e-05
1289 3.69768e-05
1290 3.69768e-05
1291 3.69768e-05
1292 3.69768e-05
1293 3.69768e-05
1294 3.69768e-05
1295 3.69768e-05
1296 3.69768e-05
1297 3.69768e-05
1298 3.69768e-05
1299 3.69768e-05
1300 3.69768e-05
1301 3.69768e-05
1302 3.69768e-05
1303 3.69768e-05
1304 3.69768e-05
1305 3.69768e-05
1306 3.69768e-05
1307 3.69768e-05
1308 3.69768e-05
1309 3.69768e-05
1310 3.69768e-05
1311 3.69768e-05
1312 3.69768e-05
1313 3.69768e-05
1314 3.69768e-05
1315 3.69768e-05
1316 3.69768e-05
1317 3.69768e-05
1318 3.69768e-05
1319 3.69768e-05
1320 3.69768e-05
1321 3.69768e-05
1322 3.69768e-05
1323 3.69768e-05
1324 3.69768e-05
1325 3.69768e-05
1326 3.69768e-05
1327 3.69768e-05
1328 3.69768e-05
1329 3.69768e-05
1330 3.69768e-05
1331 3.69768e-05
1332 3.69768e-05
1333 3.69768e-05
1334 3.69768e-05
1335 3.69768e-05
1336 3.69768e-05
1337 3.69768e-05
1338 3.69768e-05
1339 3.69768e-05
1340 3.69768e-05
1341 3.69768e-05
1342 3.69768e-05
1343 3.69768e-05
1344 3.69768e-05
1345 3.69768e-05
1346 3.69768e-05
1347 3.69768e-05
1348 3.69768e-05
1349 3.69768e-05
1350 3.69768e-05
1351 3.69768e-05
1352 3.69768e-05
1353 3.69768e-05
1354 3.69768e-05
1355 3.69768e-05
1356 3.69768e-05
1357 3.69768e-05
1358 3.69768e-05
1359 3.69768e-05
1360 3.69768e-05
1361 3.69768e-05
1362 3.69768e-05
1363 3.69768e-05
1364 3.69768e-05
1365 3.69768e-05
1366 3.69768e-05
1367 3.69768e-05
1368 3.69768e-05
1369 3.69768e-05
1370 3.69768e-05
1371 3.69768e-05
1372 3.69768e-05
1373 3.69768e-05
1374 3.69768e-05
1375 3.69768e-05
1376 3.69768e-05
1377 3.69768e-05
1378 3.69768e-05
1379 3.69768e-05
1380 3.69768e-05
1381 3.69768e-05
1382 3.69768e-05
1383 3.69768e-05
1384 3.69768e-05
1385 3.69768e-05
1386 3.69768e-05
1387 3.69768e-05
1388 3.69768e-05
1389 3.69768e-05
1390 3.69768e-05
1391 3.69768e-05
1392 3.69768e-05
1393 3.69768e-05
1394 3.69768e-05
1395 3.69768e-05
1396 3.69768e-05
1397 3.69768e-05
1398 3.69768e-05
1399 3.69768e-05
1400 3.69768e-05
1401 3.69768e-05
1402 3.69768e-05
1403 3.69768e-05
1404 3.69768e-05
1405 3.69768e-05
1406 3.69768e-05
1407 3.69768e-05
1408 3.69768e-05
1409 3.69768e-05
1410 3.69768e-05
1411 3.69768e-05
1412 3.69768e-05
1413 3.69768e-05
1414 3.69768e-05
1415 3.69768e-05
1416 3.69768e-05
