0 1
1 1
2 1
3 1
4 1
5 1
6 1
7 0.943785
8 0.888643
9 0.834709
10 0.783525
11 0.737103
12 0.693298
13 0.651036
14 0.610519
15 0.575434
16 0.539277
17 0.505668
18 0.474878
19 0.447977
20 0.423291
21 0.402563
22 0.380224
23 0.360971
24 0.342457
25 0.323338
26 0.306366
27 0.2904
28 0.276112
29 0.261488
30 0.248809
31 0.237472
32 0.226605
33 0.215469
34 0.206011
35 0.194808
36 0.187227
37 0.178507
38 0.171329
39 0.16348
40 0.156504
41 0.14946
42 0.142886
43 0.137318
44 0.132354
45 0.126384
46 0.12095
47 0.116053
48 0.110753
49 0.106661
50 0.1021
51 0.0988797
52 0.0947206
53 0.0913665
54 0.0873415
55 0.0833166
56 0.0809016
57 0.0782854
58 0.0751996
59 0.0718454
60 0.0696317
61 0.067418
62 0.0647347
63 0.0629235
64 0.0605085
65 0.0584289
66 0.0556785
67 0.0540686
68 0.0521902
69 0.0505132
70 0.048702
71 0.0468236
72 0.0453478
73 0.043872
74 0.0420608
75 0.0405179
76 0.0391762
77 0.0379017
78 0.0364258
79 0.0348159
80 0.0336084
81 0.0322667
82 0.0310592
83 0.030053
84 0.029248
85 0.0283759
86 0.0277051
87 0.026833
88 0.0256255
89 0.0248206
90 0.0236802
91 0.0230764
92 0.0223385
93 0.0218018
94 0.0209298
95 0.0198564
96 0.0191185
97 0.0185148
98 0.017911
99 0.0177769
100 0.0173744
101 0.0165023
102 0.0156973
103 0.0153619
104 0.0149594
105 0.0146911
106 0.0144228
107 0.0138861
108 0.0134165
109 0.0127457
110 0.0126115
111 0.0123432
112 0.0118736
113 0.0115382
114 0.0112699
115 0.0110015
116 0.0106661
117 0.0103978
118 0.00992822
119 0.00979406
120 0.00959281
121 0.00932448
122 0.00898907
123 0.0088549
124 0.00858657
125 0.00831824
126 0.00778158
127 0.00737908
128 0.007312
129 0.00724492
130 0.00724492
131 0.00704367
132 0.00684242
133 0.00650701
134 0.00637284
135 0.0061716
136 0.00603743
137 0.00597035
138 0.00583618
139 0.00563494
140 0.00563494
141 0.00556785
142 0.00529952
143 0.00516536
144 0.00509828
145 0.00503119
146 0.00503119
147 0.00482995
148 0.00469578
149 0.0046287
150 0.00456162
151 0.00442745
152 0.00415912
153 0.00409204
154 0.00389079
155 0.00382371
156 0.00375662
157 0.00368954
158 0.00362246
159 0.00355538
160 0.00355538
161 0.00348829
162 0.00328705
163 0.00321996
164 0.00295163
165 0.00288455
166 0.00281747
167 0.0026833
168 0.00261622
169 0.00254914
170 0.00248206
171 0.00241497
172 0.00241497
173 0.00234789
174 0.00228081
175 0.00228081
176 0.00221373
177 0.00207956
178 0.00201248
179 0.00201248
180 0.00201248
181 0.00201248
182 0.00187831
183 0.00187831
184 0.00181123
185 0.00181123
186 0.00174415
187 0.00167706
188 0.00167706
189 0.00167706
190 0.0015429
191 0.00147582
192 0.00147582
193 0.00147582
194 0.00147582
195 0.00147582
196 0.00140873
197 0.00140873
198 0.00140873
199 0.00140873
200 0.00140873
201 0.00134165
202 0.00134165
203 0.00134165
204 0.00127457
205 0.00127457
206 0.00127457
207 0.00120749
208 0.00120749
209 0.00120749
210 0.00120749
211 0.0011404
212 0.0011404
213 0.0011404
214 0.0011404
215 0.0011404
216 0.00107332
217 0.00100624
218 0.000939156
219 0.000872074
220 0.000804991
221 0.000804991
222 0.000804991
223 0.000804991
224 0.000804991
225 0.000737908
226 0.000603743
227 0.000603743
228 0.000603743
229 0.000603743
230 0.000603743
231 0.000536661
232 0.000536661
233 0.000536661
234 0.000469578
235 0.000469578
236 0.000469578
237 0.000402495
238 0.000402495
239 0.000402495
240 0.000402495
241 0.000402495
242 0.000402495
243 0.000402495
244 0.000402495
245 0.000402495
246 0.000402495
247 0.000335413
248 0.000335413
249 0.000335413
250 0.000335413
251 0.000335413
252 0.000335413
253 0.000335413
254 0.00026833
255 0.00026833
256 0.00026833
257 0.00026833
258 0.00026833
259 0.00026833
260 0.00026833
261 0.00026833
262 0.00026833
263 0.00026833
264 0.00026833
265 0.00026833
266 0.00026833
267 0.00026833
268 0.00026833
269 0.00026833
270 0.00026833
271 0.00026833
272 0.00026833
273 0.00026833
274 0.00026833
275 0.00026833
276 0.00026833
277 0.000201248
278 0.000201248
279 0.000201248
280 0.000134165
281 0.000134165
282 6.70826e-05
283 6.70826e-05
284 6.70826e-05
285 6.70826e-05
286 6.70826e-05
287 6.70826e-05
288 6.70826e-05
289 6.70826e-05
290 6.70826e-05
