0 1
1 1
2 1
3 1
4 1
5 1
6 1
7 0.965726
8 0.926741
9 0.889776
10 0.85406
11 0.817719
12 0.781714
13 0.751286
14 0.721963
15 0.691823
16 0.662453
17 0.634428
18 0.609864
19 0.586069
20 0.563621
21 0.543768
22 0.522761
23 0.503052
24 0.485555
25 0.469355
26 0.452627
27 0.437437
28 0.42417
29 0.410758
30 0.398308
31 0.386771
32 0.375571
33 0.364563
34 0.354324
35 0.34221
36 0.33226
37 0.323944
38 0.315147
39 0.306494
40 0.298274
41 0.290823
42 0.2827
43 0.274576
44 0.266837
45 0.259338
46 0.252896
47 0.245878
48 0.239244
49 0.232611
50 0.226217
51 0.220161
52 0.214104
53 0.208287
54 0.203
55 0.198096
56 0.193049
57 0.188723
58 0.184348
59 0.179205
60 0.174734
61 0.17036
62 0.166995
63 0.163198
64 0.160313
65 0.157429
66 0.154112
67 0.15094
68 0.147815
69 0.144643
70 0.141855
71 0.13873
72 0.135894
73 0.132865
74 0.129308
75 0.127241
76 0.124405
77 0.122146
78 0.119887
79 0.117387
80 0.115176
81 0.112676
82 0.109648
83 0.107484
84 0.106139
85 0.10311
86 0.100899
87 0.09888
88 0.0961881
89 0.0944095
90 0.0925828
91 0.0905639
92 0.0888333
93 0.0866221
94 0.0852281
95 0.0834495
96 0.0818151
97 0.0800846
98 0.0788348
99 0.0774888
100 0.0759025
101 0.0744123
102 0.0730664
103 0.0712878
104 0.0698457
105 0.0686439
106 0.0669134
107 0.0657597
108 0.0645099
109 0.0631159
110 0.0617699
111 0.0601356
112 0.0588377
113 0.0580205
114 0.0565784
115 0.0551843
116 0.0539345
117 0.0526847
118 0.0518194
119 0.0511945
120 0.0502812
121 0.0493198
122 0.0485988
123 0.0475893
124 0.0469163
125 0.0462914
126 0.0459068
127 0.04533
128 0.0445609
129 0.0440321
130 0.0431668
131 0.0424939
132 0.0417728
133 0.041196
134 0.0405711
135 0.0401384
136 0.0396097
137 0.0392251
138 0.0385041
139 0.0379272
140 0.0369178
141 0.0362448
142 0.0353795
143 0.0351392
144 0.03437
145 0.0339374
146 0.0337451
147 0.0332164
148 0.0326395
149 0.0320627
150 0.0316781
151 0.0311974
152 0.0308129
153 0.0303802
154 0.0298515
155 0.0293708
156 0.0286497
157 0.0282652
158 0.0280248
159 0.0275922
160 0.0271595
161 0.0269192
162 0.026775
163 0.0263424
164 0.0259578
165 0.0258136
166 0.025381
167 0.0252848
168 0.024708
169 0.0242753
170 0.024035
171 0.0236024
172 0.0232178
173 0.0227852
174 0.0224487
175 0.0220161
176 0.0216315
177 0.0214392
178 0.0211027
179 0.0209104
180 0.020622
181 0.0203336
182 0.0201413
183 0.019949
184 0.0197087
185 0.0193241
186 0.019228
187 0.0189396
188 0.0188434
189 0.0186031
190 0.0183627
191 0.0179782
192 0.0177859
193 0.0174013
194 0.0172091
195 0.0171129
196 0.0169687
197 0.0166322
198 0.0165361
199 0.0164399
200 0.0162957
201 0.0160073
202 0.015767
203 0.0154785
204 0.015142
205 0.0149498
206 0.0147575
207 0.0144691
208 0.0140845
209 0.0139884
210 0.0138922
211 0.013748
212 0.0136519
213 0.0135077
214 0.0133635
215 0.0131231
216 0.0129789
217 0.0126424
218 0.012354
219 0.0121617
220 0.0118733
221 0.0117771
222 0.0117291
223 0.0116329
224 0.0114887
225 0.0112964
226 0.0111522
227 0.01096
228 0.0105754
229 0.010335
230 0.0101908
231 0.00995049
232 0.00985435
233 0.00975821
234 0.00951786
235 0.00937365
236 0.00927751
237 0.00918137
238 0.00918137
239 0.0091333
240 0.0091333
241 0.00903716
242 0.00879681
243 0.0086526
244 0.00855646
245 0.00850839
246 0.00846032
247 0.00812383
248 0.00807576
249 0.00797962
250 0.00793155
251 0.00778734
252 0.00764313
253 0.00754699
254 0.00745085
255 0.00735471
256 0.00730664
257 0.0072105
258 0.00697015
259 0.00687401
260 0.00677787
261 0.0067298
262 0.00648945
263 0.00644138
264 0.00634524
265 0.00629717
266 0.00615296
267 0.00610489
268 0.00605682
269 0.00600875
270 0.00596068
271 0.00596068
272 0.0057684
273 0.00572033
274 0.00572033
275 0.00567226
276 0.00562419
277 0.00562419
278 0.00562419
279 0.00547998
280 0.00547998
281 0.00543191
282 0.00538384
283 0.00533577
284 0.00523963
285 0.00519156
286 0.00519156
287 0.00514349
288 0.00514349
289 0.00509542
290 0.00509542
291 0.00504735
292 0.00499928
293 0.00499928
294 0.00495121
295 0.00495121
296 0.00490314
297 0.00485507
298 0.00485507
299 0.004807
300 0.004807
301 0.00471086
302 0.00471086
303 0.00466279
304 0.00461472
305 0.00461472
306 0.00447051
307 0.00442244
308 0.00437437
309 0.0043263
310 0.00423016
311 0.00423016
312 0.00418209
313 0.00403788
314 0.00403788
315 0.00398981
316 0.00394174
317 0.00389367
318 0.0038456
319 0.0038456
320 0.00374946
321 0.00374946
322 0.00370139
323 0.00370139
324 0.00360525
325 0.00346104
326 0.0033649
327 0.00322069
328 0.00312455
329 0.00307648
330 0.00307648
331 0.00302841
332 0.00293227
333 0.0028842
334 0.00283613
335 0.00273999
336 0.00273999
337 0.00264385
338 0.00264385
339 0.00259578
340 0.00254771
341 0.00254771
342 0.00245157
343 0.00245157
344 0.00245157
345 0.0024035
346 0.00235543
347 0.00235543
348 0.00221122
349 0.00221122
350 0.00216315
351 0.00216315
352 0.00216315
353 0.00206701
354 0.00206701
355 0.00206701
356 0.00206701
357 0.00206701
358 0.00206701
359 0.00201894
360 0.00201894
361 0.00201894
362 0.00201894
363 0.00197087
364 0.0019228
365 0.00187473
366 0.00187473
367 0.00187473
368 0.00187473
369 0.00187473
370 0.00187473
371 0.00182666
372 0.00182666
373 0.00182666
374 0.00182666
375 0.00182666
376 0.00182666
377 0.00182666
378 0.00177859
379 0.00177859
380 0.00177859
381 0.00177859
382 0.00173052
383 0.00168245
384 0.00153824
385 0.00153824
386 0.00153824
387 0.00153824
388 0.00153824
389 0.00153824
390 0.00149017
391 0.00149017
392 0.00149017
393 0.0014421
394 0.0014421
395 0.0014421
396 0.0014421
397 0.00139403
398 0.00139403
399 0.00139403
400 0.00134596
401 0.00134596
402 0.00134596
403 0.00134596
404 0.00129789
405 0.00129789
406 0.00129789
407 0.00124982
408 0.00124982
409 0.00124982
410 0.00124982
411 0.00124982
412 0.00124982
413 0.00124982
414 0.00124982
415 0.00124982
416 0.00120175
417 0.00120175
418 0.00120175
419 0.00120175
420 0.00120175
421 0.00120175
422 0.00120175
423 0.00120175
424 0.00120175
425 0.00115368
426 0.00115368
427 0.00115368
428 0.00115368
429 0.00115368
430 0.00115368
431 0.00115368
432 0.00110561
433 0.00110561
434 0.00110561
435 0.00110561
436 0.00110561
437 0.00110561
438 0.00110561
439 0.00105754
440 0.00105754
441 0.00100947
442 0.00100947
443 0.00100947
444 0.00100947
445 0.00100947
446 0.00100947
447 0.00100947
448 0.00100947
449 0.00100947
450 0.00100947
451 0.00100947
452 0.00100947
453 0.00100947
454 0.00100947
455 0.00100947
456 0.00091333
457 0.00091333
458 0.00091333
459 0.00091333
460 0.00091333
461 0.00091333
462 0.00091333
463 0.00086526
464 0.00086526
465 0.00086526
466 0.00086526
467 0.00086526
468 0.00086526
469 0.00086526
470 0.00086526
471 0.00081719
472 0.00081719
473 0.00081719
474 0.00081719
475 0.00076912
476 0.00076912
477 0.00072105
478 0.00072105
479 0.00072105
480 0.00072105
481 0.00072105
482 0.00067298
483 0.00062491
484 0.00062491
485 0.00062491
486 0.00062491
487 0.00062491
488 0.00062491
489 0.00062491
490 0.00062491
491 0.00062491
492 0.00062491
493 0.00062491
494 0.00062491
495 0.00062491
496 0.00062491
497 0.00062491
498 0.00062491
499 0.00062491
500 0.00062491
501 0.00062491
502 0.00062491
503 0.00062491
504 0.00062491
505 0.00057684
506 0.0004807
507 0.0004807
508 0.0004807
509 0.0004807
510 0.0004807
511 0.00043263
512 0.00043263
513 0.00043263
514 0.00038456
515 0.00038456
516 0.00038456
517 0.00038456
518 0.00038456
519 0.00038456
520 0.00038456
521 0.00038456
522 0.00038456
523 0.00038456
524 0.00038456
525 0.00038456
526 0.00038456
527 0.00038456
528 0.00038456
529 0.00038456
530 0.00038456
531 0.00038456
532 0.00038456
533 0.00038456
534 0.00038456
535 0.00038456
536 0.00038456
537 0.00038456
538 0.00038456
539 0.00038456
540 0.00033649
541 0.00033649
542 0.00033649
543 0.00033649
544 0.00033649
545 0.00033649
546 0.00033649
547 0.00033649
548 0.00033649
549 0.00033649
550 0.00033649
551 0.00033649
552 0.00033649
553 0.00033649
554 0.00033649
555 0.00033649
556 0.00033649
557 0.00033649
558 0.00033649
559 0.00033649
560 0.00033649
561 0.00033649
562 0.00033649
563 0.00033649
564 0.00033649
565 0.00028842
566 0.00028842
567 0.00028842
568 0.00028842
569 0.00028842
570 0.00028842
571 0.00028842
572 0.00028842
573 0.00028842
574 0.00028842
575 0.00028842
576 0.00028842
577 0.00028842
578 0.00028842
579 0.00028842
580 0.00028842
581 0.00028842
582 0.00028842
583 0.00028842
584 0.00028842
585 0.00028842
586 0.00028842
587 0.00028842
588 0.00028842
589 0.00028842
590 0.00028842
591 0.00028842
592 0.00028842
593 0.00028842
594 0.00028842
595 0.00028842
596 0.00028842
597 0.00028842
598 0.00028842
599 0.00028842
600 0.00028842
601 0.00028842
602 0.00028842
603 0.00028842
604 0.00028842
605 0.00028842
606 0.00028842
607 0.00028842
608 0.00028842
609 0.00028842
610 0.00028842
611 0.00028842
612 0.00028842
613 0.00028842
614 0.00028842
615 0.00024035
616 0.00024035
617 0.00019228
618 0.00019228
619 0.00019228
620 0.00019228
621 0.00019228
622 0.00019228
623 0.00019228
624 0.00019228
625 0.00019228
626 0.00019228
627 0.00019228
628 0.00019228
629 0.00019228
630 0.00014421
631 0.00014421
632 0.00014421
633 0.00014421
634 0.00014421
635 0.00014421
636 0.00014421
637 0.00014421
638 0.00014421
639 0.00014421
640 0.00014421
641 0.00014421
642 0.00014421
643 0.00014421
644 0.00014421
645 0.00014421
646 0.00014421
647 0.00014421
648 0.00014421
649 0.00014421
650 0.00014421
651 0.00014421
652 0.00014421
653 0.00014421
654 0.00014421
655 0.00014421
656 0.00014421
657 0.00014421
658 0.00014421
659 0.00014421
660 0.00014421
661 0.00014421
662 0.00014421
663 0.00014421
664 0.00014421
665 0.00014421
666 0.00014421
667 0.00014421
668 0.00014421
669 0.00014421
670 0.00014421
671 0.00014421
672 0.00014421
673 0.00014421
674 0.00014421
675 0.00014421
676 0.00014421
677 0.00014421
678 0.00014421
679 0.00014421
680 0.00014421
681 0.00014421
682 0.00014421
683 0.00014421
684 0.00014421
685 0.00014421
686 0.00014421
687 0.00014421
688 0.00014421
689 0.00014421
690 0.00014421
691 0.00014421
692 0.00014421
693 0.00014421
694 0.00014421
695 0.00014421
696 9.614e-05
697 9.614e-05
698 9.614e-05
699 9.614e-05
700 9.614e-05
701 9.614e-05
702 9.614e-05
703 9.614e-05
704 9.614e-05
705 9.614e-05
706 9.614e-05
707 9.614e-05
708 9.614e-05
709 9.614e-05
710 9.614e-05
711 9.614e-05
712 9.614e-05
713 9.614e-05
714 9.614e-05
715 9.614e-05
716 9.614e-05
717 9.614e-05
718 9.614e-05
719 9.614e-05
720 9.614e-05
721 9.614e-05
722 9.614e-05
723 9.614e-05
724 9.614e-05
725 9.614e-05
726 9.614e-05
727 9.614e-05
728 9.614e-05
729 9.614e-05
730 4.807e-05
731 4.807e-05
732 4.807e-05
733 4.807e-05
734 4.807e-05
735 4.807e-05
736 4.807e-05
737 4.807e-05
738 4.807e-05
739 4.807e-05
740 4.807e-05
741 4.807e-05
742 4.807e-05
743 4.807e-05
744 4.807e-05
745 4.807e-05
746 4.807e-05
747 4.807e-05
748 4.807e-05
749 4.807e-05
750 4.807e-05
751 4.807e-05
752 4.807e-05
753 4.807e-05
754 4.807e-05
755 4.807e-05
756 4.807e-05
757 4.807e-05
758 4.807e-05
759 4.807e-05
760 4.807e-05
761 4.807e-05
762 4.807e-05
763 4.807e-05
764 4.807e-05
765 4.807e-05
766 4.807e-05
767 4.807e-05
768 4.807e-05
769 4.807e-05
770 4.807e-05
771 4.807e-05
772 4.807e-05
773 4.807e-05
774 4.807e-05
775 4.807e-05
776 4.807e-05
777 4.807e-05
778 4.807e-05
779 4.807e-05
780 4.807e-05
781 4.807e-05
782 4.807e-05
783 4.807e-05
784 4.807e-05
785 4.807e-05
786 4.807e-05
787 4.807e-05
788 4.807e-05
789 4.807e-05
790 4.807e-05
791 4.807e-05
792 4.807e-05
793 4.807e-05
794 4.807e-05
795 4.807e-05
796 4.807e-05
797 4.807e-05
798 4.807e-05
799 4.807e-05
800 4.807e-05
801 4.807e-05
802 4.807e-05
803 4.807e-05
804 4.807e-05
805 4.807e-05
806 4.807e-05
807 4.807e-05
808 4.807e-05
809 4.807e-05
810 4.807e-05
811 4.807e-05
812 4.807e-05
813 4.807e-05
814 4.807e-05
815 4.807e-05
816 4.807e-05
817 4.807e-05
818 4.807e-05
819 4.807e-05
820 4.807e-05
821 4.807e-05
822 4.807e-05
823 4.807e-05
824 4.807e-05
825 4.807e-05
826 4.807e-05
827 4.807e-05
828 4.807e-05
829 4.807e-05
830 4.807e-05
831 4.807e-05
832 4.807e-05
833 4.807e-05
834 4.807e-05
835 4.807e-05
836 4.807e-05
837 4.807e-05
838 4.807e-05
839 4.807e-05
840 4.807e-05
841 4.807e-05
842 4.807e-05
843 4.807e-05
844 4.807e-05
845 4.807e-05
846 4.807e-05
847 4.807e-05
848 4.807e-05
849 4.807e-05
850 4.807e-05
851 4.807e-05
852 4.807e-05
853 4.807e-05
854 4.807e-05
855 4.807e-05
856 4.807e-05
857 4.807e-05
858 4.807e-05
859 4.807e-05
860 4.807e-05
861 4.807e-05
862 4.807e-05
863 4.807e-05
864 4.807e-05
865 4.807e-05
866 4.807e-05
867 4.807e-05
868 4.807e-05
869 4.807e-05
870 4.807e-05
871 4.807e-05
872 4.807e-05
873 4.807e-05
