0 1
1 1
2 1
3 1
4 1
5 1
6 1
7 0.874449
8 0.777061
9 0.683068
10 0.604004
11 0.530031
12 0.463183
13 0.409908
14 0.355616
15 0.316593
16 0.28775
17 0.251442
18 0.228029
19 0.203597
20 0.184594
21 0.164574
22 0.14659
23 0.13132
24 0.118086
25 0.106888
26 0.0984052
27 0.089922
28 0.0810994
29 0.0746522
30 0.0675263
31 0.0610791
32 0.0559891
33 0.0519172
34 0.0451306
35 0.04038
36 0.0356295
37 0.0329148
38 0.0312182
39 0.0298609
40 0.0274856
41 0.0254496
42 0.0223957
43 0.0213777
44 0.0200204
45 0.0173057
46 0.0156091
47 0.0149304
48 0.0145911
49 0.0142518
50 0.0132338
51 0.0122158
52 0.0105192
53 0.00882253
54 0.00746522
55 0.00712589
56 0.00678656
57 0.00644723
58 0.00610791
59 0.00576858
60 0.00576858
61 0.00542925
62 0.00475059
63 0.00475059
64 0.00441127
65 0.00339328
66 0.00339328
67 0.00305395
68 0.00271463
69 0.00271463
70 0.0023753
71 0.00203597
72 0.00203597
73 0.00203597
74 0.00203597
75 0.00135731
76 0.00135731
77 0.00101798
78 0.00101798
79 0.000339328
80 0.000339328
81 0.000339328
82 0.000339328
83 0.000339328
84 0.000339328
85 0.000339328
