0 1
1 1
2 1
3 1
4 1
5 1
6 1
7 1
8 1
9 1
10 1
11 1
12 1
13 1
14 1
15 0.999894
16 0.999894
17 0.999894
18 0.999894
19 0.999894
20 0.999894
21 0.999894
22 0.999894
23 0.999894
24 0.999894
25 0.999894
26 0.999894
27 0.999894
28 0.999894
29 0.999894
30 0.999894
31 0.999577
32 0.999577
33 0.999577
34 0.999577
35 0.999577
36 0.999577
37 0.999577
38 0.999577
39 0.999471
40 0.999471
41 0.999471
42 0.999471
43 0.999471
44 0.999471
45 0.999471
46 0.999471
47 0.999471
48 0.999471
49 0.999471
50 0.999471
51 0.999471
52 0.999471
53 0.999471
54 0.999471
55 0.999365
56 0.999365
57 0.999365
58 0.999365
59 0.999365
60 0.999365
61 0.999365
62 0.999365
63 0.999153
64 0.999153
65 0.999153
66 0.999153
67 0.999153
68 0.999153
69 0.999153
70 0.999153
71 0.999047
72 0.999047
73 0.999047
74 0.999047
75 0.999047
76 0.999047
77 0.999047
78 0.999047
79 0.998941
80 0.998941
81 0.998941
82 0.998941
83 0.998941
84 0.998941
85 0.998941
86 0.998941
87 0.998624
88 0.998624
89 0.998624
90 0.998624
91 0.998624
92 0.998624
93 0.998624
94 0.998624
95 0.998306
96 0.998306
97 0.96835
98 0.96835
99 0.96835
100 0.96835
101 0.96835
102 0.96835
103 0.96835
104 0.96835
105 0.938817
106 0.938817
107 0.938817
108 0.938817
109 0.938817
110 0.938817
111 0.938711
112 0.938711
113 0.912247
114 0.912247
115 0.912247
116 0.912247
117 0.912247
118 0.912247
119 0.911824
120 0.911824
121 0.882502
122 0.882502
123 0.882502
124 0.882502
125 0.882502
126 0.882502
127 0.882502
128 0.882502
129 0.851699
130 0.851699
131 0.851699
132 0.851699
133 0.851699
134 0.851699
135 0.851699
136 0.851699
137 0.824706
138 0.824706
139 0.824706
140 0.824706
141 0.824706
142 0.824706
143 0.8246
144 0.8246
145 0.799513
146 0.799513
147 0.799513
148 0.799513
149 0.799513
150 0.799513
151 0.799513
152 0.799513
153 0.774426
154 0.774426
155 0.774426
156 0.774426
157 0.774426
158 0.774426
159 0.77432
160 0.77432
161 0.746163
162 0.746163
163 0.746163
164 0.746163
165 0.746163
166 0.746163
167 0.746163
168 0.746163
169 0.718958
170 0.718958
171 0.718958
172 0.718958
173 0.718958
174 0.718958
175 0.718853
176 0.718853
177 0.692072
178 0.692072
179 0.692072
180 0.692072
181 0.692072
182 0.692072
183 0.691966
184 0.691966
185 0.664761
186 0.664761
187 0.664761
188 0.664761
189 0.664761
190 0.664761
191 0.66455
192 0.66455
193 0.635334
194 0.635334
195 0.635334
196 0.635334
197 0.635334
198 0.635334
199 0.635334
200 0.635334
201 0.612575
202 0.612575
203 0.612575
204 0.612575
205 0.612575
206 0.612575
207 0.612575
208 0.612575
209 0.589393
210 0.589393
211 0.589393
212 0.589393
213 0.589393
214 0.589393
215 0.589288
216 0.589288
217 0.565471
218 0.565471
219 0.565471
220 0.565471
221 0.565471
222 0.565471
223 0.565259
224 0.565259
225 0.540172
226 0.540172
227 0.540172
228 0.540172
229 0.540172
230 0.540172
231 0.540172
232 0.540172
233 0.518048
234 0.518048
235 0.518048
236 0.518048
237 0.518048
238 0.518048
239 0.517836
240 0.517836
241 0.496136
242 0.496136
243 0.496136
244 0.496136
245 0.496136
246 0.496136
247 0.495607
248 0.495607
249 0.477083
250 0.477083
251 0.477083
252 0.477083
253 0.477083
254 0.477083
255 0.477083
256 0.477083
257 0.457711
258 0.457711
259 0.457711
260 0.457711
261 0.457711
262 0.457711
263 0.457606
264 0.457606
265 0.441198
266 0.441198
267 0.441198
268 0.441198
269 0.441198
270 0.441198
271 0.440987
272 0.440987
273 0.42278
274 0.42278
275 0.42278
276 0.42278
277 0.42278
278 0.42278
279 0.42278
280 0.42278
281 0.402879
282 0.402879
283 0.402879
284 0.402879
285 0.402879
286 0.402879
287 0.402668
288 0.402668
289 0.387001
290 0.387001
291 0.387001
292 0.387001
293 0.387001
294 0.387001
295 0.386895
296 0.386895
297 0.371017
298 0.371017
299 0.371017
300 0.371017
301 0.371017
302 0.371017
303 0.3707
304 0.3707
305 0.353975
306 0.353975
307 0.353975
308 0.353975
309 0.353975
310 0.353975
311 0.353975
312 0.353975
313 0.338732
314 0.338732
315 0.338732
316 0.338732
317 0.338732
318 0.338732
319 0.338732
320 0.338732
321 0.325288
322 0.325288
323 0.325288
324 0.325288
325 0.325288
326 0.325288
327 0.325077
328 0.325077
329 0.310998
330 0.310998
331 0.310998
332 0.310998
333 0.310998
334 0.310998
335 0.310892
336 0.310892
337 0.298296
338 0.298296
339 0.298296
340 0.298296
341 0.298296
342 0.298296
343 0.298296
344 0.298296
345 0.28771
346 0.28771
347 0.28771
348 0.28771
349 0.28771
350 0.28771
351 0.287605
352 0.287605
353 0.273949
354 0.273949
355 0.273949
356 0.273949
357 0.273949
358 0.273949
359 0.273949
360 0.273949
361 0.265269
362 0.265269
363 0.265269
364 0.265269
365 0.265269
366 0.265269
367 0.265058
368 0.265058
369 0.254049
370 0.254049
371 0.254049
372 0.254049
373 0.254049
374 0.254049
375 0.254049
376 0.254049
377 0.24304
378 0.24304
379 0.24304
380 0.24304
381 0.24304
382 0.24304
383 0.242934
384 0.242934
385 0.233302
386 0.233302
387 0.233302
388 0.233302
389 0.233302
390 0.233302
391 0.233196
392 0.233196
393 0.225363
394 0.225363
395 0.225363
396 0.225363
397 0.225363
398 0.225363
399 0.225363
400 0.225363
401 0.217212
402 0.217212
403 0.217212
404 0.217212
405 0.217212
406 0.217212
407 0.217
408 0.217
409 0.208849
410 0.208849
411 0.208849
412 0.208849
413 0.208849
414 0.208849
415 0.208744
416 0.208744
417 0.199852
418 0.199852
419 0.199852
420 0.199852
421 0.199852
422 0.199852
423 0.199852
424 0.199852
425 0.191066
426 0.191066
427 0.191066
428 0.191066
429 0.191066
430 0.191066
431 0.191066
432 0.191066
433 0.183762
434 0.183762
435 0.183762
436 0.183762
437 0.183762
438 0.183762
439 0.18355
440 0.18355
441 0.175823
442 0.175823
443 0.175823
444 0.175823
445 0.175823
446 0.175823
447 0.175823
448 0.175823
449 0.169472
450 0.169472
451 0.169472
452 0.169472
453 0.169472
454 0.169472
455 0.169472
456 0.169472
457 0.161004
458 0.161004
459 0.161004
460 0.161004
461 0.161004
462 0.161004
463 0.160898
464 0.160898
465 0.15497
466 0.15497
467 0.15497
468 0.15497
469 0.15497
470 0.15497
471 0.15497
472 0.15497
473 0.148089
474 0.148089
475 0.148089
476 0.148089
477 0.148089
478 0.148089
479 0.147983
480 0.147983
481 0.142691
482 0.142691
483 0.142691
484 0.142691
485 0.142691
486 0.142691
487 0.142691
488 0.142691
489 0.137186
490 0.137186
491 0.137186
492 0.137186
493 0.137186
494 0.137186
495 0.137186
496 0.137186
497 0.13147
498 0.13147
499 0.13147
500 0.13147
501 0.13147
502 0.13147
503 0.13147
504 0.13147
505 0.127342
506 0.127342
507 0.127342
508 0.127342
509 0.127342
510 0.127342
511 0.127236
512 0.127236
513 0.121732
514 0.121732
515 0.121732
516 0.121732
517 0.121732
518 0.121732
519 0.121732
520 0.121732
521 0.11718
522 0.11718
523 0.11718
524 0.11718
525 0.11718
526 0.11718
527 0.11718
528 0.11718
529 0.111676
530 0.111676
531 0.111676
532 0.111676
533 0.111676
534 0.111676
535 0.11157
536 0.11157
537 0.105324
538 0.105324
539 0.105324
540 0.105324
541 0.105324
542 0.105324
543 0.105324
544 0.105324
545 0.100032
546 0.100032
547 0.100032
548 0.100032
549 0.100032
550 0.100032
551 0.0999259
552 0.0999259
553 0.0971737
554 0.0971737
555 0.0971737
556 0.0971737
557 0.0971737
558 0.0971737
559 0.0970679
560 0.0970679
561 0.0942098
562 0.0942098
563 0.0942098
564 0.0942098
565 0.0942098
566 0.0942098
567 0.0942098
568 0.0942098
569 0.0906108
570 0.0906108
571 0.0906108
572 0.0906108
573 0.0906108
574 0.0906108
575 0.0906108
576 0.0906108
577 0.0863766
578 0.0863766
579 0.0863766
580 0.0863766
581 0.0863766
582 0.0863766
583 0.0863766
584 0.0863766
585 0.0834127
586 0.0834127
587 0.0834127
588 0.0834127
589 0.0834127
590 0.0834127
591 0.0834127
592 0.0834127
593 0.0801313
594 0.0801313
595 0.0801313
596 0.0801313
597 0.0801313
598 0.0801313
599 0.0801313
600 0.0801313
601 0.0769556
602 0.0769556
603 0.0769556
604 0.0769556
605 0.0769556
606 0.0769556
607 0.0769556
608 0.0769556
609 0.0742035
610 0.0742035
611 0.0742035
612 0.0742035
613 0.0742035
614 0.0742035
615 0.0742035
616 0.0742035
617 0.0712395
618 0.0712395
619 0.0712395
620 0.0712395
621 0.0712395
622 0.0712395
623 0.0712395
624 0.0712395
625 0.0693342
626 0.0693342
627 0.0693342
628 0.0693342
629 0.0693342
630 0.0693342
631 0.0692283
632 0.0692283
633 0.0671113
634 0.0671113
635 0.0671113
636 0.0671113
637 0.0671113
638 0.0671113
639 0.0670054
640 0.0670054
641 0.0634064
642 0.0634064
643 0.0634064
644 0.0634064
645 0.0634064
646 0.0634064
647 0.0633005
648 0.0633005
649 0.0606542
650 0.0606542
651 0.0606542
652 0.0606542
653 0.0606542
654 0.0606542
655 0.0606542
656 0.0606542
657 0.0585371
658 0.0585371
659 0.0585371
660 0.0585371
661 0.0585371
662 0.0585371
663 0.0584312
664 0.0584312
665 0.0554673
666 0.0554673
667 0.0554673
668 0.0554673
669 0.0554673
670 0.0554673
671 0.0554673
672 0.0554673
673 0.0533503
674 0.0533503
675 0.0533503
676 0.0533503
677 0.0533503
678 0.0533503
679 0.0533503
680 0.0533503
681 0.0508098
682 0.0508098
683 0.0508098
684 0.0508098
685 0.0508098
686 0.0508098
687 0.0508098
688 0.0508098
689 0.0490103
690 0.0490103
691 0.0490103
692 0.0490103
693 0.0490103
694 0.0490103
695 0.0490103
696 0.0490103
697 0.0467873
698 0.0467873
699 0.0467873
700 0.0467873
701 0.0467873
702 0.0467873
703 0.0467873
704 0.0467873
705 0.044882
706 0.044882
707 0.044882
708 0.044882
709 0.044882
710 0.044882
711 0.044882
712 0.044882
713 0.0431883
714 0.0431883
715 0.0431883
716 0.0431883
717 0.0431883
718 0.0431883
719 0.0431883
720 0.0431883
721 0.0419181
722 0.0419181
723 0.0419181
724 0.0419181
725 0.0419181
726 0.0419181
727 0.0419181
728 0.0419181
729 0.0404361
730 0.0404361
731 0.0404361
732 0.0404361
733 0.0404361
734 0.0404361
735 0.0404361
736 0.0404361
737 0.0394834
738 0.0394834
739 0.0394834
740 0.0394834
741 0.0394834
742 0.0394834
743 0.0394834
744 0.0394834
745 0.0382132
746 0.0382132
747 0.0382132
748 0.0382132
749 0.0382132
750 0.0382132
751 0.0382132
752 0.0382132
753 0.0370488
754 0.0370488
755 0.0370488
756 0.0370488
757 0.0370488
758 0.0370488
759 0.0370488
760 0.0370488
761 0.0357786
762 0.0357786
763 0.0357786
764 0.0357786
765 0.0357786
766 0.0357786
767 0.0356727
768 0.0356727
769 0.0348259
770 0.0348259
771 0.0348259
772 0.0348259
773 0.0348259
774 0.0348259
775 0.0348259
776 0.0348259
777 0.0334498
778 0.0334498
779 0.0334498
780 0.0334498
781 0.0334498
782 0.0334498
783 0.0334498
784 0.0334498
785 0.0321795
786 0.0321795
787 0.0321795
788 0.0321795
789 0.0321795
790 0.0321795
791 0.0321795
792 0.0321795
793 0.0313327
794 0.0313327
795 0.0313327
796 0.0313327
797 0.0313327
798 0.0313327
799 0.0312268
800 0.0312268
801 0.0302742
802 0.0302742
803 0.0302742
804 0.0302742
805 0.0302742
806 0.0302742
807 0.0302742
808 0.0302742
809 0.0285805
810 0.0285805
811 0.0285805
812 0.0285805
813 0.0285805
814 0.0285805
815 0.0285805
816 0.0285805
817 0.0274161
818 0.0274161
819 0.0274161
820 0.0274161
821 0.0274161
822 0.0274161
823 0.0273103
824 0.0273103
825 0.0266751
826 0.0266751
827 0.0266751
828 0.0266751
829 0.0266751
830 0.0266751
831 0.0266751
832 0.0266751
833 0.0258283
834 0.0258283
835 0.0258283
836 0.0258283
837 0.0258283
838 0.0258283
839 0.0258283
840 0.0258283
841 0.0249815
842 0.0249815
843 0.0249815
844 0.0249815
845 0.0249815
846 0.0249815
847 0.0249815
848 0.0249815
849 0.0238171
850 0.0238171
851 0.0238171
852 0.0238171
853 0.0238171
854 0.0238171
855 0.0238171
856 0.0238171
857 0.0228644
858 0.0228644
859 0.0228644
860 0.0228644
861 0.0228644
862 0.0228644
863 0.0228644
864 0.0228644
865 0.0215942
866 0.0215942
867 0.0215942
868 0.0215942
869 0.0215942
870 0.0215942
871 0.0215942
872 0.0215942
873 0.0206415
874 0.0206415
875 0.0206415
876 0.0206415
877 0.0206415
878 0.0206415
879 0.0206415
880 0.0206415
881 0.0199005
882 0.0199005
883 0.0199005
884 0.0199005
885 0.0199005
886 0.0199005
887 0.0199005
888 0.0199005
889 0.0193712
890 0.0193712
891 0.0193712
892 0.0193712
893 0.0193712
894 0.0193712
895 0.0193712
896 0.0193712
897 0.0189478
898 0.0189478
899 0.0189478
900 0.0189478
901 0.0189478
902 0.0189478
903 0.0189478
904 0.0189478
905 0.0184185
906 0.0184185
907 0.0184185
908 0.0184185
909 0.0184185
910 0.0184185
911 0.0184185
912 0.0184185
913 0.0178893
914 0.0178893
915 0.0178893
916 0.0178893
917 0.0178893
918 0.0178893
919 0.0178893
920 0.0178893
921 0.01736
922 0.01736
923 0.01736
924 0.01736
925 0.01736
926 0.01736
927 0.01736
928 0.01736
929 0.016619
930 0.016619
931 0.016619
932 0.016619
933 0.016619
934 0.016619
935 0.016619
936 0.016619
937 0.0161956
938 0.0161956
939 0.0161956
940 0.0161956
941 0.0161956
942 0.0161956
943 0.0161956
944 0.0161956
945 0.0157722
946 0.0157722
947 0.0157722
948 0.0157722
949 0.0157722
950 0.0157722
951 0.0157722
952 0.0157722
953 0.0153488
954 0.0153488
955 0.0153488
956 0.0153488
957 0.0153488
958 0.0153488
959 0.0153488
960 0.0153488
961 0.0152429
962 0.0152429
963 0.0152429
964 0.0152429
965 0.0152429
966 0.0152429
967 0.0152429
968 0.0152429
969 0.0149254
970 0.0149254
971 0.0149254
972 0.0149254
973 0.0149254
974 0.0149254
975 0.0149254
976 0.0149254
977 0.0147137
978 0.0147137
979 0.0147137
980 0.0147137
981 0.0147137
982 0.0147137
983 0.0146078
984 0.0146078
985 0.0140785
986 0.0140785
987 0.0140785
988 0.0140785
989 0.0140785
990 0.0140785
991 0.0140785
992 0.0140785
993 0.0136551
994 0.0136551
995 0.0136551
996 0.0136551
997 0.0136551
998 0.0136551
999 0.0136551
1000 0.0136551
1001 0.0134434
1002 0.0134434
1003 0.0134434
1004 0.0134434
1005 0.0134434
1006 0.0134434
1007 0.0134434
1008 0.0134434
1009 0.0129142
1010 0.0129142
1011 0.0129142
1012 0.0129142
1013 0.0129142
1014 0.0129142
1015 0.0129142
1016 0.0129142
1017 0.0123849
1018 0.0123849
1019 0.0123849
1020 0.0123849
1021 0.0123849
1022 0.0123849
1023 0.0123849
1024 0.0123849
1025 0.0120673
1026 0.0120673
1027 0.0120673
1028 0.0120673
1029 0.0120673
1030 0.0120673
1031 0.0120673
1032 0.0120673
1033 0.0116439
1034 0.0116439
1035 0.0116439
1036 0.0116439
1037 0.0116439
1038 0.0116439
1039 0.0116439
1040 0.0116439
1041 0.0115381
1042 0.0115381
1043 0.0115381
1044 0.0115381
1045 0.0115381
1046 0.0115381
1047 0.0115381
1048 0.0115381
1049 0.0113263
1050 0.0113263
1051 0.0113263
1052 0.0113263
1053 0.0113263
1054 0.0113263
1055 0.0113263
1056 0.0113263
1057 0.0111146
1058 0.0111146
1059 0.0111146
1060 0.0111146
1061 0.0111146
1062 0.0111146
1063 0.0111146
1064 0.0111146
1065 0.0109029
1066 0.0109029
1067 0.0109029
1068 0.0109029
1069 0.0109029
1070 0.0109029
1071 0.0109029
1072 0.0109029
1073 0.0105854
1074 0.0105854
1075 0.0105854
1076 0.0105854
1077 0.0105854
1078 0.0105854
1079 0.0105854
1080 0.0105854
1081 0.0100561
1082 0.0100561
1083 0.0100561
1084 0.0100561
1085 0.0100561
1086 0.0100561
1087 0.0100561
1088 0.0100561
1089 0.0098444
1090 0.0098444
1091 0.0098444
1092 0.0098444
1093 0.0098444
1094 0.0098444
1095 0.0098444
1096 0.0098444
1097 0.00920927
1098 0.00920927
1099 0.00920927
1100 0.00920927
1101 0.00920927
1102 0.00920927
1103 0.00920927
1104 0.00920927
1105 0.00889171
1106 0.00889171
1107 0.00889171
1108 0.00889171
1109 0.00889171
1110 0.00889171
1111 0.00889171
1112 0.00889171
1113 0.00868
1114 0.00868
1115 0.00868
1116 0.00868
1117 0.00868
1118 0.00868
1119 0.00868
1120 0.00868
1121 0.00836244
1122 0.00836244
1123 0.00836244
1124 0.00836244
1125 0.00836244
1126 0.00836244
1127 0.00836244
1128 0.00836244
1129 0.00804488
1130 0.00804488
1131 0.00804488
1132 0.00804488
1133 0.00804488
1134 0.00804488
1135 0.00804488
1136 0.00804488
1137 0.00772732
1138 0.00772732
1139 0.00772732
1140 0.00772732
1141 0.00772732
1142 0.00772732
1143 0.00772732
1144 0.00772732
1145 0.00762147
1146 0.00762147
1147 0.00762147
1148 0.00762147
1149 0.00762147
1150 0.00762147
1151 0.00762147
1152 0.00762147
1153 0.00762147
1154 0.00762147
1155 0.00762147
1156 0.00762147
1157 0.00762147
1158 0.00762147
1159 0.00762147
1160 0.00762147
1161 0.00751561
1162 0.00751561
1163 0.00751561
1164 0.00751561
1165 0.00751561
1166 0.00751561
1167 0.00751561
1168 0.00751561
1169 0.00751561
1170 0.00751561
1171 0.00751561
1172 0.00751561
1173 0.00751561
1174 0.00751561
1175 0.00751561
1176 0.00751561
1177 0.00740976
1178 0.00740976
1179 0.00740976
1180 0.00740976
1181 0.00740976
1182 0.00740976
1183 0.00740976
1184 0.00740976
1185 0.0070922
1186 0.0070922
1187 0.0070922
1188 0.0070922
1189 0.0070922
1190 0.0070922
1191 0.0070922
1192 0.0070922
1193 0.00698634
1194 0.00698634
1195 0.00698634
1196 0.00698634
1197 0.00698634
1198 0.00698634
1199 0.00698634
1200 0.00698634
1201 0.00698634
1202 0.00698634
1203 0.00698634
1204 0.00698634
1205 0.00698634
1206 0.00698634
1207 0.00698634
1208 0.00698634
1209 0.00677464
1210 0.00677464
1211 0.00677464
1212 0.00677464
1213 0.00677464
1214 0.00677464
1215 0.00677464
1216 0.00677464
1217 0.00666878
1218 0.00666878
1219 0.00666878
1220 0.00666878
1221 0.00666878
1222 0.00666878
1223 0.00666878
1224 0.00666878
1225 0.00635122
1226 0.00635122
1227 0.00635122
1228 0.00635122
1229 0.00635122
1230 0.00635122
1231 0.00635122
1232 0.00635122
1233 0.00624537
1234 0.00624537
1235 0.00624537
1236 0.00624537
1237 0.00624537
1238 0.00624537
1239 0.00624537
1240 0.00624537
1241 0.00624537
1242 0.00624537
1243 0.00624537
1244 0.00624537
1245 0.00624537
1246 0.00624537
1247 0.00624537
1248 0.00624537
1249 0.00592781
1250 0.00592781
1251 0.00592781
1252 0.00592781
1253 0.00592781
1254 0.00592781
1255 0.00592781
1256 0.00592781
1257 0.0057161
1258 0.0057161
1259 0.0057161
1260 0.0057161
1261 0.0057161
1262 0.0057161
1263 0.0057161
1264 0.0057161
1265 0.00561025
1266 0.00561025
1267 0.00561025
1268 0.00561025
1269 0.00561025
1270 0.00561025
1271 0.00561025
1272 0.00561025
1273 0.00561025
1274 0.00561025
1275 0.00561025
1276 0.00561025
1277 0.00561025
1278 0.00561025
1279 0.00561025
1280 0.00561025
1281 0.00561025
1282 0.00561025
1283 0.00561025
1284 0.00561025
1285 0.00561025
1286 0.00561025
1287 0.00561025
1288 0.00561025
1289 0.00550439
1290 0.00550439
1291 0.00550439
1292 0.00550439
1293 0.00550439
1294 0.00550439
1295 0.00550439
1296 0.00550439
1297 0.00529269
1298 0.00529269
1299 0.00529269
1300 0.00529269
1301 0.00529269
1302 0.00529269
1303 0.00529269
1304 0.00529269
1305 0.00518683
1306 0.00518683
1307 0.00518683
1308 0.00518683
1309 0.00518683
1310 0.00518683
1311 0.00518683
1312 0.00518683
1313 0.00508098
1314 0.00508098
1315 0.00508098
1316 0.00508098
1317 0.00508098
1318 0.00508098
1319 0.00508098
1320 0.00508098
1321 0.00486927
1322 0.00486927
1323 0.00486927
1324 0.00486927
1325 0.00486927
1326 0.00486927
1327 0.00486927
1328 0.00486927
1329 0.00476342
1330 0.00476342
1331 0.00476342
1332 0.00476342
1333 0.00476342
1334 0.00476342
1335 0.00476342
1336 0.00476342
1337 0.00476342
1338 0.00476342
1339 0.00476342
1340 0.00476342
1341 0.00476342
1342 0.00476342
1343 0.00476342
1344 0.00476342
1345 0.00455171
1346 0.00455171
1347 0.00455171
1348 0.00455171
1349 0.00455171
1350 0.00455171
1351 0.00455171
1352 0.00455171
1353 0.00444586
1354 0.00444586
1355 0.00444586
1356 0.00444586
1357 0.00444586
1358 0.00444586
1359 0.00444586
1360 0.00444586
1361 0.00423415
1362 0.00423415
1363 0.00423415
1364 0.00423415
1365 0.00423415
1366 0.00423415
1367 0.00423415
1368 0.00423415
1369 0.00391659
1370 0.00391659
1371 0.00391659
1372 0.00391659
1373 0.00391659
1374 0.00391659
1375 0.00391659
1376 0.00391659
1377 0.00391659
1378 0.00391659
1379 0.00391659
1380 0.00391659
1381 0.00391659
1382 0.00391659
1383 0.00391659
1384 0.00391659
1385 0.00381073
1386 0.00381073
1387 0.00381073
1388 0.00381073
1389 0.00381073
1390 0.00381073
1391 0.00381073
1392 0.00381073
1393 0.00370488
1394 0.00370488
1395 0.00370488
1396 0.00370488
1397 0.00370488
1398 0.00370488
1399 0.00370488
1400 0.00370488
1401 0.00349317
1402 0.00349317
1403 0.00349317
1404 0.00349317
1405 0.00349317
1406 0.00349317
1407 0.00349317
1408 0.00349317
1409 0.00349317
1410 0.00349317
1411 0.00349317
1412 0.00349317
1413 0.00349317
1414 0.00349317
1415 0.00349317
1416 0.00349317
1417 0.00338732
1418 0.00338732
1419 0.00338732
1420 0.00338732
1421 0.00338732
1422 0.00338732
1423 0.00338732
1424 0.00338732
1425 0.00306976
1426 0.00306976
1427 0.00306976
1428 0.00306976
1429 0.00306976
1430 0.00306976
1431 0.00306976
1432 0.00306976
1433 0.00306976
1434 0.00306976
1435 0.00306976
1436 0.00306976
1437 0.00306976
1438 0.00306976
1439 0.00306976
1440 0.00306976
1441 0.00285805
1442 0.00285805
1443 0.00285805
1444 0.00285805
1445 0.00285805
1446 0.00285805
1447 0.00285805
1448 0.00285805
1449 0.00264634
1450 0.00264634
1451 0.00264634
1452 0.00264634
1453 0.00264634
1454 0.00264634
1455 0.00264634
1456 0.00264634
1457 0.00243464
1458 0.00243464
1459 0.00243464
1460 0.00243464
1461 0.00243464
1462 0.00243464
1463 0.00243464
1464 0.00243464
1465 0.00222293
1466 0.00222293
1467 0.00222293
1468 0.00222293
1469 0.00222293
1470 0.00222293
1471 0.00222293
1472 0.00222293
1473 0.00211707
1474 0.00211707
1475 0.00211707
1476 0.00211707
1477 0.00211707
1478 0.00211707
1479 0.00211707
1480 0.00211707
1481 0.00201122
1482 0.00201122
1483 0.00201122
1484 0.00201122
1485 0.00201122
1486 0.00201122
1487 0.00201122
1488 0.00201122
1489 0.00190537
1490 0.00190537
1491 0.00190537
1492 0.00190537
1493 0.00190537
1494 0.00190537
1495 0.00190537
1496 0.00190537
1497 0.00190537
1498 0.00190537
1499 0.00190537
1500 0.00190537
1501 0.00190537
1502 0.00190537
1503 0.00190537
1504 0.00190537
1505 0.00190537
1506 0.00190537
1507 0.00190537
1508 0.00190537
1509 0.00190537
1510 0.00190537
1511 0.00190537
1512 0.00190537
1513 0.00158781
1514 0.00158781
1515 0.00158781
1516 0.00158781
1517 0.00158781
1518 0.00158781
1519 0.00158781
1520 0.00158781
1521 0.00158781
1522 0.00158781
1523 0.00158781
1524 0.00158781
1525 0.00158781
1526 0.00158781
1527 0.00158781
1528 0.00158781
1529 0.00158781
1530 0.00158781
1531 0.00158781
1532 0.00158781
1533 0.00158781
1534 0.00158781
1535 0.00158781
1536 0.00158781
1537 0.00158781
1538 0.00158781
1539 0.00158781
1540 0.00158781
1541 0.00158781
1542 0.00158781
1543 0.00158781
1544 0.00158781
1545 0.00158781
1546 0.00158781
1547 0.00158781
1548 0.00158781
1549 0.00158781
1550 0.00158781
1551 0.00158781
1552 0.00158781
1553 0.00158781
1554 0.00158781
1555 0.00158781
1556 0.00158781
1557 0.00158781
1558 0.00158781
1559 0.00158781
1560 0.00158781
1561 0.0013761
1562 0.0013761
1563 0.0013761
1564 0.0013761
1565 0.0013761
1566 0.0013761
1567 0.0013761
1568 0.0013761
1569 0.0013761
1570 0.0013761
1571 0.0013761
1572 0.0013761
1573 0.0013761
1574 0.0013761
1575 0.0013761
1576 0.0013761
1577 0.0013761
1578 0.0013761
1579 0.0013761
1580 0.0013761
1581 0.0013761
1582 0.0013761
1583 0.0013761
1584 0.0013761
1585 0.0013761
1586 0.0013761
1587 0.0013761
1588 0.0013761
1589 0.0013761
1590 0.0013761
1591 0.0013761
1592 0.0013761
1593 0.0013761
1594 0.0013761
1595 0.0013761
1596 0.0013761
1597 0.0013761
1598 0.0013761
1599 0.0013761
1600 0.0013761
1601 0.0013761
1602 0.0013761
1603 0.0013761
1604 0.0013761
1605 0.0013761
1606 0.0013761
1607 0.0013761
1608 0.0013761
1609 0.0013761
1610 0.0013761
1611 0.0013761
1612 0.0013761
1613 0.0013761
1614 0.0013761
1615 0.0013761
1616 0.0013761
1617 0.00127024
1618 0.00127024
1619 0.00127024
1620 0.00127024
1621 0.00127024
1622 0.00127024
1623 0.00127024
1624 0.00127024
1625 0.00127024
1626 0.00127024
1627 0.00127024
1628 0.00127024
1629 0.00127024
1630 0.00127024
1631 0.00127024
1632 0.00127024
1633 0.00127024
1634 0.00127024
1635 0.00127024
1636 0.00127024
1637 0.00127024
1638 0.00127024
1639 0.00127024
1640 0.00127024
1641 0.00116439
1642 0.00116439
1643 0.00116439
1644 0.00116439
1645 0.00116439
1646 0.00116439
1647 0.00116439
1648 0.00116439
1649 0.00116439
1650 0.00116439
1651 0.00116439
1652 0.00116439
1653 0.00116439
1654 0.00116439
1655 0.00116439
1656 0.00116439
1657 0.00105854
1658 0.00105854
1659 0.00105854
1660 0.00105854
1661 0.00105854
1662 0.00105854
1663 0.00105854
1664 0.00105854
1665 0.00105854
1666 0.00105854
1667 0.00105854
1668 0.00105854
1669 0.00105854
1670 0.00105854
1671 0.00105854
1672 0.00105854
1673 0.00105854
1674 0.00105854
1675 0.00105854
1676 0.00105854
1677 0.00105854
1678 0.00105854
1679 0.00105854
1680 0.00105854
1681 0.00105854
1682 0.00105854
1683 0.00105854
1684 0.00105854
1685 0.00105854
1686 0.00105854
1687 0.00105854
1688 0.00105854
1689 0.00105854
1690 0.00105854
1691 0.00105854
1692 0.00105854
1693 0.00105854
1694 0.00105854
1695 0.00105854
1696 0.00105854
1697 0.00105854
1698 0.00105854
1699 0.00105854
1700 0.00105854
1701 0.00105854
1702 0.00105854
1703 0.00105854
1704 0.00105854
1705 0.000952683
1706 0.000952683
1707 0.000952683
1708 0.000952683
1709 0.000952683
1710 0.000952683
1711 0.000952683
1712 0.000952683
1713 0.000952683
1714 0.000952683
1715 0.000952683
1716 0.000952683
1717 0.000952683
1718 0.000952683
1719 0.000952683
1720 0.000952683
1721 0.000952683
1722 0.000952683
1723 0.000952683
1724 0.000952683
1725 0.000952683
1726 0.000952683
1727 0.000952683
1728 0.000952683
1729 0.000952683
1730 0.000952683
1731 0.000952683
1732 0.000952683
1733 0.000952683
1734 0.000952683
1735 0.000952683
1736 0.000952683
1737 0.00084683
1738 0.00084683
1739 0.00084683
1740 0.00084683
1741 0.00084683
1742 0.00084683
1743 0.00084683
1744 0.00084683
1745 0.00084683
1746 0.00084683
1747 0.00084683
1748 0.00084683
1749 0.00084683
1750 0.00084683
1751 0.00084683
1752 0.00084683
1753 0.00084683
1754 0.00084683
1755 0.00084683
1756 0.00084683
1757 0.00084683
1758 0.00084683
1759 0.00084683
1760 0.00084683
1761 0.00084683
1762 0.00084683
1763 0.00084683
1764 0.00084683
1765 0.00084683
1766 0.00084683
1767 0.00084683
1768 0.00084683
1769 0.00084683
1770 0.00084683
1771 0.00084683
1772 0.00084683
1773 0.00084683
1774 0.00084683
1775 0.00084683
1776 0.00084683
1777 0.00084683
1778 0.00084683
1779 0.00084683
1780 0.00084683
1781 0.00084683
1782 0.00084683
1783 0.00084683
1784 0.00084683
1785 0.00084683
1786 0.00084683
1787 0.00084683
1788 0.00084683
1789 0.00084683
1790 0.00084683
1791 0.00084683
1792 0.00084683
1793 0.00084683
1794 0.00084683
1795 0.00084683
1796 0.00084683
1797 0.00084683
1798 0.00084683
1799 0.00084683
1800 0.00084683
1801 0.00084683
1802 0.00084683
1803 0.00084683
1804 0.00084683
1805 0.00084683
1806 0.00084683
1807 0.00084683
1808 0.00084683
1809 0.00084683
1810 0.00084683
1811 0.00084683
1812 0.00084683
1813 0.00084683
1814 0.00084683
1815 0.00084683
1816 0.00084683
1817 0.00084683
1818 0.00084683
1819 0.00084683
1820 0.00084683
1821 0.00084683
1822 0.00084683
1823 0.00084683
1824 0.00084683
1825 0.00084683
1826 0.00084683
1827 0.00084683
1828 0.00084683
1829 0.00084683
1830 0.00084683
1831 0.00084683
1832 0.00084683
1833 0.00084683
1834 0.00084683
1835 0.00084683
1836 0.00084683
1837 0.00084683
1838 0.00084683
1839 0.00084683
1840 0.00084683
1841 0.00084683
1842 0.00084683
1843 0.00084683
1844 0.00084683
1845 0.00084683
1846 0.00084683
1847 0.00084683
1848 0.00084683
1849 0.00084683
1850 0.00084683
1851 0.00084683
1852 0.00084683
1853 0.00084683
1854 0.00084683
1855 0.00084683
1856 0.00084683
1857 0.00084683
1858 0.00084683
1859 0.00084683
1860 0.00084683
1861 0.00084683
1862 0.00084683
1863 0.00084683
1864 0.00084683
1865 0.00084683
1866 0.00084683
1867 0.00084683
1868 0.00084683
1869 0.00084683
1870 0.00084683
1871 0.00084683
1872 0.00084683
1873 0.000635122
1874 0.000635122
1875 0.000635122
1876 0.000635122
1877 0.000635122
1878 0.000635122
1879 0.000635122
1880 0.000635122
1881 0.000635122
1882 0.000635122
1883 0.000635122
1884 0.000635122
1885 0.000635122
1886 0.000635122
1887 0.000635122
1888 0.000635122
1889 0.000635122
1890 0.000635122
1891 0.000635122
1892 0.000635122
1893 0.000635122
1894 0.000635122
1895 0.000635122
1896 0.000635122
1897 0.000529269
1898 0.000529269
1899 0.000529269
1900 0.000529269
1901 0.000529269
1902 0.000529269
1903 0.000529269
1904 0.000529269
1905 0.000529269
1906 0.000529269
1907 0.000529269
1908 0.000529269
1909 0.000529269
1910 0.000529269
1911 0.000529269
1912 0.000529269
1913 0.000529269
1914 0.000529269
1915 0.000529269
1916 0.000529269
1917 0.000529269
1918 0.000529269
1919 0.000529269
1920 0.000529269
1921 0.000529269
1922 0.000529269
1923 0.000529269
1924 0.000529269
1925 0.000529269
1926 0.000529269
1927 0.000529269
1928 0.000529269
1929 0.000529269
1930 0.000529269
1931 0.000529269
1932 0.000529269
1933 0.000529269
1934 0.000529269
1935 0.000529269
1936 0.000529269
1937 0.000423415
1938 0.000423415
1939 0.000423415
1940 0.000423415
1941 0.000423415
1942 0.000423415
1943 0.000423415
1944 0.000423415
1945 0.000317561
1946 0.000317561
1947 0.000317561
1948 0.000317561
1949 0.000317561
1950 0.000317561
1951 0.000317561
1952 0.000317561
1953 0.000317561
1954 0.000317561
1955 0.000317561
1956 0.000317561
1957 0.000317561
1958 0.000317561
1959 0.000317561
1960 0.000317561
1961 0.000317561
1962 0.000317561
1963 0.000317561
1964 0.000317561
1965 0.000317561
1966 0.000317561
1967 0.000317561
1968 0.000317561
1969 0.000317561
1970 0.000317561
1971 0.000317561
1972 0.000317561
1973 0.000317561
1974 0.000317561
1975 0.000317561
1976 0.000317561
1977 0.000317561
1978 0.000317561
1979 0.000317561
1980 0.000317561
1981 0.000317561
1982 0.000317561
1983 0.000317561
1984 0.000317561
1985 0.000317561
1986 0.000317561
1987 0.000317561
1988 0.000317561
1989 0.000317561
1990 0.000317561
1991 0.000317561
1992 0.000317561
1993 0.000211707
1994 0.000211707
1995 0.000211707
1996 0.000211707
1997 0.000211707
1998 0.000211707
1999 0.000211707
2000 0.000211707
2001 0.000211707
2002 0.000211707
2003 0.000211707
2004 0.000211707
2005 0.000211707
2006 0.000211707
2007 0.000211707
2008 0.000211707
2009 0.000211707
2010 0.000211707
2011 0.000211707
2012 0.000211707
2013 0.000211707
2014 0.000211707
2015 0.000211707
2016 0.000211707
2017 0.000211707
2018 0.000211707
2019 0.000211707
2020 0.000211707
2021 0.000211707
2022 0.000211707
2023 0.000211707
2024 0.000211707
2025 0.000211707
2026 0.000211707
2027 0.000211707
2028 0.000211707
2029 0.000211707
2030 0.000211707
2031 0.000211707
2032 0.000211707
2033 0.000211707
2034 0.000211707
2035 0.000211707
2036 0.000211707
2037 0.000211707
2038 0.000211707
2039 0.000211707
2040 0.000211707
2041 0.000211707
2042 0.000211707
2043 0.000211707
2044 0.000211707
2045 0.000211707
2046 0.000211707
2047 0.000211707
2048 0.000211707
2049 0.000211707
2050 0.000211707
2051 0.000211707
2052 0.000211707
2053 0.000211707
2054 0.000211707
2055 0.000211707
2056 0.000211707
2057 0.000105854
2058 0.000105854
2059 0.000105854
2060 0.000105854
2061 0.000105854
2062 0.000105854
2063 0.000105854
2064 0.000105854
2065 0.000105854
2066 0.000105854
2067 0.000105854
2068 0.000105854
2069 0.000105854
2070 0.000105854
2071 0.000105854
2072 0.000105854
2073 0.000105854
2074 0.000105854
2075 0.000105854
2076 0.000105854
2077 0.000105854
2078 0.000105854
2079 0.000105854
2080 0.000105854
