0 1
1 1
2 1
3 1
4 1
5 1
6 1
7 0.999652
8 0.999652
9 0.999652
10 0.999652
11 0.999652
12 0.999652
13 0.999652
14 0.999652
15 0.999652
16 0.999652
17 0.999652
18 0.999652
19 0.999652
20 0.999652
21 0.999652
22 0.999652
23 0.999582
24 0.999582
25 0.999582
26 0.999582
27 0.999582
28 0.999582
29 0.999582
30 0.999582
31 0.999512
32 0.999512
33 0.999512
34 0.999512
35 0.999512
36 0.999512
37 0.999512
38 0.999512
39 0.999303
40 0.999303
41 0.999303
42 0.999303
43 0.999303
44 0.999303
45 0.999303
46 0.999303
47 0.998955
48 0.998955
49 0.998955
50 0.998955
51 0.998955
52 0.998955
53 0.998955
54 0.998955
55 0.998746
56 0.998746
57 0.998746
58 0.998746
59 0.998746
60 0.998746
61 0.998746
62 0.998746
63 0.998607
64 0.998607
65 0.998607
66 0.998607
67 0.998607
68 0.998607
69 0.998607
70 0.998607
71 0.998328
72 0.998328
73 0.998328
74 0.998328
75 0.998328
76 0.998328
77 0.998328
78 0.998328
79 0.99805
80 0.99805
81 0.99805
82 0.99805
83 0.99805
84 0.99805
85 0.99805
86 0.99805
87 0.997771
88 0.997771
89 0.997771
90 0.997771
91 0.997771
92 0.997771
93 0.997771
94 0.997771
95 0.997632
96 0.997632
97 0.967194
98 0.967194
99 0.967194
100 0.967194
101 0.967194
102 0.967194
103 0.967194
104 0.967194
105 0.933343
106 0.933343
107 0.933343
108 0.933343
109 0.933343
110 0.933343
111 0.933134
112 0.933134
113 0.900049
114 0.900049
115 0.900049
116 0.900049
117 0.900049
118 0.900049
119 0.89984
120 0.89984
121 0.865501
122 0.865501
123 0.865501
124 0.865501
125 0.865501
126 0.865501
127 0.865223
128 0.865223
129 0.831859
130 0.831859
131 0.831859
132 0.831859
133 0.831859
134 0.831859
135 0.831371
136 0.831371
137 0.798913
138 0.798913
139 0.798913
140 0.798913
141 0.798913
142 0.798913
143 0.798565
144 0.798565
145 0.767709
146 0.767709
147 0.767709
148 0.767709
149 0.767709
150 0.767709
151 0.7675
152 0.7675
153 0.738525
154 0.738525
155 0.738525
156 0.738525
157 0.738525
158 0.738525
159 0.738316
160 0.738316
161 0.709828
162 0.709828
163 0.709828
164 0.709828
165 0.709828
166 0.709828
167 0.709619
168 0.709619
169 0.68134
170 0.68134
171 0.68134
172 0.68134
173 0.68134
174 0.68134
175 0.68127
176 0.68127
177 0.651041
178 0.651041
179 0.651041
180 0.651041
181 0.651041
182 0.651041
183 0.650763
184 0.650763
185 0.62123
186 0.62123
187 0.62123
188 0.62123
189 0.62123
190 0.62123
191 0.62116
192 0.62116
193 0.593508
194 0.593508
195 0.593508
196 0.593508
197 0.593508
198 0.593508
199 0.593439
200 0.593439
201 0.56906
202 0.56906
203 0.56906
204 0.56906
205 0.56906
206 0.56906
207 0.568921
208 0.568921
209 0.541826
210 0.541826
211 0.541826
212 0.541826
213 0.541826
214 0.541826
215 0.541757
216 0.541757
217 0.520373
218 0.520373
219 0.520373
220 0.520373
221 0.520373
222 0.520373
223 0.520164
224 0.520164
225 0.498781
226 0.498781
227 0.498781
228 0.498781
229 0.498781
230 0.498781
231 0.498502
232 0.498502
233 0.474472
234 0.474472
235 0.474472
236 0.474472
237 0.474472
238 0.474472
239 0.474472
240 0.474472
241 0.451139
242 0.451139
243 0.451139
244 0.451139
245 0.451139
246 0.451139
247 0.45093
248 0.45093
249 0.43296
250 0.43296
251 0.43296
252 0.43296
253 0.43296
254 0.43296
255 0.43282
256 0.43282
257 0.412691
258 0.412691
259 0.412691
260 0.412691
261 0.412691
262 0.412691
263 0.412412
264 0.412412
265 0.393954
266 0.393954
267 0.393954
268 0.393954
269 0.393954
270 0.393954
271 0.393815
272 0.393815
273 0.376889
274 0.376889
275 0.376889
276 0.376889
277 0.376889
278 0.376889
279 0.37668
280 0.37668
281 0.359337
282 0.359337
283 0.359337
284 0.359337
285 0.359337
286 0.359337
287 0.359337
288 0.359337
289 0.34478
290 0.34478
291 0.34478
292 0.34478
293 0.34478
294 0.34478
295 0.34471
296 0.34471
297 0.329595
298 0.329595
299 0.329595
300 0.329595
301 0.329595
302 0.329595
303 0.329526
304 0.329526
305 0.313784
306 0.313784
307 0.313784
308 0.313784
309 0.313784
310 0.313784
311 0.313784
312 0.313784
313 0.300202
314 0.300202
315 0.300202
316 0.300202
317 0.300202
318 0.300202
319 0.300063
320 0.300063
321 0.284739
322 0.284739
323 0.284739
324 0.284739
325 0.284739
326 0.284739
327 0.284669
328 0.284669
329 0.272202
330 0.272202
331 0.272202
332 0.272202
333 0.272202
334 0.272202
335 0.272202
336 0.272202
337 0.260013
338 0.260013
339 0.260013
340 0.260013
341 0.260013
342 0.260013
343 0.260013
344 0.260013
345 0.249425
346 0.249425
347 0.249425
348 0.249425
349 0.249425
350 0.249425
351 0.249425
352 0.249425
353 0.238699
354 0.238699
355 0.238699
356 0.238699
357 0.238699
358 0.238699
359 0.238699
360 0.238699
361 0.227137
362 0.227137
363 0.227137
364 0.227137
365 0.227137
366 0.227137
367 0.226997
368 0.226997
369 0.216619
370 0.216619
371 0.216619
372 0.216619
373 0.216619
374 0.216619
375 0.216619
376 0.216619
377 0.20645
378 0.20645
379 0.20645
380 0.20645
381 0.20645
382 0.20645
383 0.20645
384 0.20645
385 0.196002
386 0.196002
387 0.196002
388 0.196002
389 0.196002
390 0.196002
391 0.196002
392 0.196002
393 0.188062
394 0.188062
395 0.188062
396 0.188062
397 0.188062
398 0.188062
399 0.187992
400 0.187992
401 0.179146
402 0.179146
403 0.179146
404 0.179146
405 0.179146
406 0.179146
407 0.179007
408 0.179007
409 0.170788
410 0.170788
411 0.170788
412 0.170788
413 0.170788
414 0.170788
415 0.170718
416 0.170718
417 0.163962
418 0.163962
419 0.163962
420 0.163962
421 0.163962
422 0.163962
423 0.163892
424 0.163892
425 0.156997
426 0.156997
427 0.156997
428 0.156997
429 0.156997
430 0.156997
431 0.156997
432 0.156997
433 0.150449
434 0.150449
435 0.150449
436 0.150449
437 0.150449
438 0.150449
439 0.150449
440 0.150449
441 0.143484
442 0.143484
443 0.143484
444 0.143484
445 0.143484
446 0.143484
447 0.143136
448 0.143136
449 0.136031
450 0.136031
451 0.136031
452 0.136031
453 0.136031
454 0.136031
455 0.135753
456 0.135753
457 0.129554
458 0.129554
459 0.129554
460 0.129554
461 0.129554
462 0.129554
463 0.129554
464 0.129554
465 0.123912
466 0.123912
467 0.123912
468 0.123912
469 0.123912
470 0.123912
471 0.123912
472 0.123912
473 0.11827
474 0.11827
475 0.11827
476 0.11827
477 0.11827
478 0.11827
479 0.11827
480 0.11827
481 0.113533
482 0.113533
483 0.113533
484 0.113533
485 0.113533
486 0.113533
487 0.113394
488 0.113394
489 0.108727
490 0.108727
491 0.108727
492 0.108727
493 0.108727
494 0.108727
495 0.108727
496 0.108727
497 0.103782
498 0.103782
499 0.103782
500 0.103782
501 0.103782
502 0.103782
503 0.103643
504 0.103643
505 0.0994637
506 0.0994637
507 0.0994637
508 0.0994637
509 0.0994637
510 0.0994637
511 0.0994637
512 0.0994637
513 0.094797
514 0.094797
515 0.094797
516 0.094797
517 0.094797
518 0.094797
519 0.094797
520 0.094797
521 0.0903392
522 0.0903392
523 0.0903392
524 0.0903392
525 0.0903392
526 0.0903392
527 0.0903392
528 0.0903392
529 0.0869262
530 0.0869262
531 0.0869262
532 0.0869262
533 0.0869262
534 0.0869262
535 0.0869262
536 0.0869262
537 0.0826774
538 0.0826774
539 0.0826774
540 0.0826774
541 0.0826774
542 0.0826774
543 0.0825381
544 0.0825381
545 0.0788466
546 0.0788466
547 0.0788466
548 0.0788466
549 0.0788466
550 0.0788466
551 0.0787769
552 0.0787769
553 0.0752943
554 0.0752943
555 0.0752943
556 0.0752943
557 0.0752943
558 0.0752943
559 0.0752246
560 0.0752246
561 0.0727171
562 0.0727171
563 0.0727171
564 0.0727171
565 0.0727171
566 0.0727171
567 0.0727171
568 0.0727171
569 0.0698614
570 0.0698614
571 0.0698614
572 0.0698614
573 0.0698614
574 0.0698614
575 0.0698614
576 0.0698614
577 0.0663788
578 0.0663788
579 0.0663788
580 0.0663788
581 0.0663788
582 0.0663788
583 0.0663788
584 0.0663788
585 0.0632444
586 0.0632444
587 0.0632444
588 0.0632444
589 0.0632444
590 0.0632444
591 0.0632444
592 0.0632444
593 0.060528
594 0.060528
595 0.060528
596 0.060528
597 0.060528
598 0.060528
599 0.0604583
600 0.0604583
601 0.0576722
602 0.0576722
603 0.0576722
604 0.0576722
605 0.0576722
606 0.0576722
607 0.0576722
608 0.0576722
609 0.0554433
610 0.0554433
611 0.0554433
612 0.0554433
613 0.0554433
614 0.0554433
615 0.0554433
616 0.0554433
617 0.0527965
618 0.0527965
619 0.0527965
620 0.0527965
621 0.0527965
622 0.0527965
623 0.0527269
624 0.0527269
625 0.050707
626 0.050707
627 0.050707
628 0.050707
629 0.050707
630 0.050707
631 0.050707
632 0.050707
633 0.0487567
634 0.0487567
635 0.0487567
636 0.0487567
637 0.0487567
638 0.0487567
639 0.0487567
640 0.0487567
641 0.0466671
642 0.0466671
643 0.0466671
644 0.0466671
645 0.0466671
646 0.0466671
647 0.0465975
648 0.0465975
649 0.0433935
650 0.0433935
651 0.0433935
652 0.0433935
653 0.0433935
654 0.0433935
655 0.0433935
656 0.0433935
657 0.0410949
658 0.0410949
659 0.0410949
660 0.0410949
661 0.0410949
662 0.0410949
663 0.0410949
664 0.0410949
665 0.039075
666 0.039075
667 0.039075
668 0.039075
669 0.039075
670 0.039075
671 0.0390054
672 0.0390054
673 0.0373337
674 0.0373337
675 0.0373337
676 0.0373337
677 0.0373337
678 0.0373337
679 0.0373337
680 0.0373337
681 0.0353834
682 0.0353834
683 0.0353834
684 0.0353834
685 0.0353834
686 0.0353834
687 0.0353834
688 0.0353834
689 0.034269
690 0.034269
691 0.034269
692 0.034269
693 0.034269
694 0.034269
695 0.034269
696 0.034269
697 0.0320401
698 0.0320401
699 0.0320401
700 0.0320401
701 0.0320401
702 0.0320401
703 0.0320401
704 0.0320401
705 0.0300202
706 0.0300202
707 0.0300202
708 0.0300202
709 0.0300202
710 0.0300202
711 0.0300202
712 0.0300202
713 0.0287665
714 0.0287665
715 0.0287665
716 0.0287665
717 0.0287665
718 0.0287665
719 0.0287665
720 0.0287665
721 0.0273734
722 0.0273734
723 0.0273734
724 0.0273734
725 0.0273734
726 0.0273734
727 0.0273734
728 0.0273734
729 0.0261893
730 0.0261893
731 0.0261893
732 0.0261893
733 0.0261893
734 0.0261893
735 0.0261893
736 0.0261893
737 0.0252142
738 0.0252142
739 0.0252142
740 0.0252142
741 0.0252142
742 0.0252142
743 0.0252142
744 0.0252142
745 0.0243087
746 0.0243087
747 0.0243087
748 0.0243087
749 0.0243087
750 0.0243087
751 0.0243087
752 0.0243087
753 0.0234032
754 0.0234032
755 0.0234032
756 0.0234032
757 0.0234032
758 0.0234032
759 0.0234032
760 0.0234032
761 0.0229853
762 0.0229853
763 0.0229853
764 0.0229853
765 0.0229853
766 0.0229853
767 0.0229853
768 0.0229853
769 0.0218709
770 0.0218709
771 0.0218709
772 0.0218709
773 0.0218709
774 0.0218709
775 0.0218709
776 0.0218709
777 0.0209654
778 0.0209654
779 0.0209654
780 0.0209654
781 0.0209654
782 0.0209654
783 0.0209654
784 0.0209654
785 0.0199902
786 0.0199902
787 0.0199902
788 0.0199902
789 0.0199902
790 0.0199902
791 0.0199902
792 0.0199902
793 0.0191544
794 0.0191544
795 0.0191544
796 0.0191544
797 0.0191544
798 0.0191544
799 0.0191544
800 0.0191544
801 0.0182489
802 0.0182489
803 0.0182489
804 0.0182489
805 0.0182489
806 0.0182489
807 0.0182489
808 0.0182489
809 0.0174131
810 0.0174131
811 0.0174131
812 0.0174131
813 0.0174131
814 0.0174131
815 0.0174131
816 0.0174131
817 0.0162987
818 0.0162987
819 0.0162987
820 0.0162987
821 0.0162987
822 0.0162987
823 0.0162987
824 0.0162987
825 0.0156718
826 0.0156718
827 0.0156718
828 0.0156718
829 0.0156718
830 0.0156718
831 0.0156718
832 0.0156718
833 0.0151842
834 0.0151842
835 0.0151842
836 0.0151842
837 0.0151842
838 0.0151842
839 0.0151842
840 0.0151842
841 0.0144181
842 0.0144181
843 0.0144181
844 0.0144181
845 0.0144181
846 0.0144181
847 0.0144181
848 0.0144181
849 0.0137912
850 0.0137912
851 0.0137912
852 0.0137912
853 0.0137912
854 0.0137912
855 0.0137912
856 0.0137912
857 0.0133036
858 0.0133036
859 0.0133036
860 0.0133036
861 0.0133036
862 0.0133036
863 0.0133036
864 0.0133036
865 0.0126071
866 0.0126071
867 0.0126071
868 0.0126071
869 0.0126071
870 0.0126071
871 0.0125374
872 0.0125374
873 0.0119802
874 0.0119802
875 0.0119802
876 0.0119802
877 0.0119802
878 0.0119802
879 0.0119802
880 0.0119802
881 0.0113533
882 0.0113533
883 0.0113533
884 0.0113533
885 0.0113533
886 0.0113533
887 0.0113533
888 0.0113533
889 0.0110051
890 0.0110051
891 0.0110051
892 0.0110051
893 0.0110051
894 0.0110051
895 0.0110051
896 0.0110051
897 0.0106568
898 0.0106568
899 0.0106568
900 0.0106568
901 0.0106568
902 0.0106568
903 0.0106568
904 0.0106568
905 0.0100996
906 0.0100996
907 0.0100996
908 0.0100996
909 0.0100996
910 0.0100996
911 0.01003
912 0.01003
913 0.00982099
914 0.00982099
915 0.00982099
916 0.00982099
917 0.00982099
918 0.00982099
919 0.00982099
920 0.00982099
921 0.00912447
922 0.00912447
923 0.00912447
924 0.00912447
925 0.00912447
926 0.00912447
927 0.00912447
928 0.00912447
929 0.0086369
930 0.0086369
931 0.0086369
932 0.0086369
933 0.0086369
934 0.0086369
935 0.0086369
936 0.0086369
937 0.00828864
938 0.00828864
939 0.00828864
940 0.00828864
941 0.00828864
942 0.00828864
943 0.00828864
944 0.00828864
945 0.00787073
946 0.00787073
947 0.00787073
948 0.00787073
949 0.00787073
950 0.00787073
951 0.00787073
952 0.00787073
953 0.00759212
954 0.00759212
955 0.00759212
956 0.00759212
957 0.00759212
958 0.00759212
959 0.00759212
960 0.00759212
961 0.00724385
962 0.00724385
963 0.00724385
964 0.00724385
965 0.00724385
966 0.00724385
967 0.00724385
968 0.00724385
969 0.00682594
970 0.00682594
971 0.00682594
972 0.00682594
973 0.00682594
974 0.00682594
975 0.00682594
976 0.00682594
977 0.00647768
978 0.00647768
979 0.00647768
980 0.00647768
981 0.00647768
982 0.00647768
983 0.00647768
984 0.00647768
985 0.00619907
986 0.00619907
987 0.00619907
988 0.00619907
989 0.00619907
990 0.00619907
991 0.00619907
992 0.00619907
993 0.00592046
994 0.00592046
995 0.00592046
996 0.00592046
997 0.00592046
998 0.00592046
999 0.00592046
1000 0.00592046
1001 0.00578115
1002 0.00578115
1003 0.00578115
1004 0.00578115
1005 0.00578115
1006 0.00578115
1007 0.00578115
1008 0.00578115
1009 0.00564185
1010 0.00564185
1011 0.00564185
1012 0.00564185
1013 0.00564185
1014 0.00564185
1015 0.00564185
1016 0.00564185
1017 0.00543289
1018 0.00543289
1019 0.00543289
1020 0.00543289
1021 0.00543289
1022 0.00543289
1023 0.00536324
1024 0.00536324
1025 0.00522393
1026 0.00522393
1027 0.00522393
1028 0.00522393
1029 0.00522393
1030 0.00522393
1031 0.00522393
1032 0.00522393
1033 0.00501498
1034 0.00501498
1035 0.00501498
1036 0.00501498
1037 0.00501498
1038 0.00501498
1039 0.00501498
1040 0.00501498
1041 0.00466671
1042 0.00466671
1043 0.00466671
1044 0.00466671
1045 0.00466671
1046 0.00466671
1047 0.00466671
1048 0.00466671
1049 0.00459706
1050 0.00459706
1051 0.00459706
1052 0.00459706
1053 0.00459706
1054 0.00459706
1055 0.00459706
1056 0.00459706
1057 0.0043881
1058 0.0043881
1059 0.0043881
1060 0.0043881
1061 0.0043881
1062 0.0043881
1063 0.0043881
1064 0.0043881
1065 0.00410949
1066 0.00410949
1067 0.00410949
1068 0.00410949
1069 0.00410949
1070 0.00410949
1071 0.00410949
1072 0.00410949
1073 0.00397019
1074 0.00397019
1075 0.00397019
1076 0.00397019
1077 0.00397019
1078 0.00397019
1079 0.00397019
1080 0.00397019
1081 0.00390054
1082 0.00390054
1083 0.00390054
1084 0.00390054
1085 0.00390054
1086 0.00390054
1087 0.00390054
1088 0.00390054
1089 0.00383088
1090 0.00383088
1091 0.00383088
1092 0.00383088
1093 0.00383088
1094 0.00383088
1095 0.00383088
1096 0.00383088
1097 0.00376123
1098 0.00376123
1099 0.00376123
1100 0.00376123
1101 0.00376123
1102 0.00376123
1103 0.00376123
1104 0.00376123
1105 0.00341297
1106 0.00341297
1107 0.00341297
1108 0.00341297
1109 0.00341297
1110 0.00341297
1111 0.00341297
1112 0.00341297
1113 0.00327366
1114 0.00327366
1115 0.00327366
1116 0.00327366
1117 0.00327366
1118 0.00327366
1119 0.00327366
1120 0.00327366
1121 0.00320401
1122 0.00320401
1123 0.00320401
1124 0.00320401
1125 0.00320401
1126 0.00320401
1127 0.00320401
1128 0.00320401
1129 0.00306471
1130 0.00306471
1131 0.00306471
1132 0.00306471
1133 0.00306471
1134 0.00306471
1135 0.00306471
1136 0.00306471
1137 0.00285575
1138 0.00285575
1139 0.00285575
1140 0.00285575
1141 0.00285575
1142 0.00285575
1143 0.00285575
1144 0.00285575
1145 0.00243784
1146 0.00243784
1147 0.00243784
1148 0.00243784
1149 0.00243784
1150 0.00243784
1151 0.00243784
1152 0.00243784
1153 0.00243784
1154 0.00243784
1155 0.00243784
1156 0.00243784
1157 0.00243784
1158 0.00243784
1159 0.00243784
1160 0.00243784
1161 0.00243784
1162 0.00243784
1163 0.00243784
1164 0.00243784
1165 0.00243784
1166 0.00243784
1167 0.00243784
1168 0.00243784
1169 0.00229853
1170 0.00229853
1171 0.00229853
1172 0.00229853
1173 0.00229853
1174 0.00229853
1175 0.00229853
1176 0.00229853
1177 0.00208957
1178 0.00208957
1179 0.00208957
1180 0.00208957
1181 0.00208957
1182 0.00208957
1183 0.00208957
1184 0.00208957
1185 0.00208957
1186 0.00208957
1187 0.00208957
1188 0.00208957
1189 0.00208957
1190 0.00208957
1191 0.00201992
1192 0.00201992
1193 0.00188062
1194 0.00188062
1195 0.00188062
1196 0.00188062
1197 0.00188062
1198 0.00188062
1199 0.00188062
1200 0.00188062
1201 0.00181096
1202 0.00181096
1203 0.00181096
1204 0.00181096
1205 0.00181096
1206 0.00181096
1207 0.00181096
1208 0.00181096
1209 0.00160201
1210 0.00160201
1211 0.00160201
1212 0.00160201
1213 0.00160201
1214 0.00160201
1215 0.00160201
1216 0.00160201
1217 0.00160201
1218 0.00160201
1219 0.00160201
1220 0.00160201
1221 0.00160201
1222 0.00160201
1223 0.00160201
1224 0.00160201
1225 0.00153235
1226 0.00153235
1227 0.00153235
1228 0.00153235
1229 0.00153235
1230 0.00153235
1231 0.00153235
1232 0.00153235
1233 0.00153235
1234 0.00153235
1235 0.00153235
1236 0.00153235
1237 0.00153235
1238 0.00153235
1239 0.00153235
1240 0.00153235
1241 0.00153235
1242 0.00153235
1243 0.00153235
1244 0.00153235
1245 0.00153235
1246 0.00153235
1247 0.00153235
1248 0.00153235
1249 0.0014627
1250 0.0014627
1251 0.0014627
1252 0.0014627
1253 0.0014627
1254 0.0014627
1255 0.0014627
1256 0.0014627
1257 0.0014627
1258 0.0014627
1259 0.0014627
1260 0.0014627
1261 0.0014627
1262 0.0014627
1263 0.0014627
1264 0.0014627
1265 0.00139305
1266 0.00139305
1267 0.00139305
1268 0.00139305
1269 0.00139305
1270 0.00139305
1271 0.00139305
1272 0.00139305
1273 0.00139305
1274 0.00139305
1275 0.00139305
1276 0.00139305
1277 0.00139305
1278 0.00139305
1279 0.00139305
1280 0.00139305
1281 0.00125374
1282 0.00125374
1283 0.00125374
1284 0.00125374
1285 0.00125374
1286 0.00125374
1287 0.00125374
1288 0.00125374
1289 0.00125374
1290 0.00125374
1291 0.00125374
1292 0.00125374
1293 0.00125374
1294 0.00125374
1295 0.00125374
1296 0.00125374
1297 0.00118409
1298 0.00118409
1299 0.00118409
1300 0.00118409
1301 0.00118409
1302 0.00118409
1303 0.00118409
1304 0.00118409
1305 0.00118409
1306 0.00118409
1307 0.00118409
1308 0.00118409
1309 0.00118409
1310 0.00118409
1311 0.00118409
1312 0.00118409
1313 0.00118409
1314 0.00118409
1315 0.00118409
1316 0.00118409
1317 0.00118409
1318 0.00118409
1319 0.00118409
1320 0.00118409
1321 0.00118409
1322 0.00118409
1323 0.00118409
1324 0.00118409
1325 0.00118409
1326 0.00118409
1327 0.00118409
1328 0.00118409
1329 0.00118409
1330 0.00118409
1331 0.00118409
1332 0.00118409
1333 0.00118409
1334 0.00118409
1335 0.00118409
1336 0.00118409
1337 0.00111444
1338 0.00111444
1339 0.00111444
1340 0.00111444
1341 0.00111444
1342 0.00111444
1343 0.00111444
1344 0.00111444
1345 0.00104479
1346 0.00104479
1347 0.00104479
1348 0.00104479
1349 0.00104479
1350 0.00104479
1351 0.00104479
1352 0.00104479
1353 0.00104479
1354 0.00104479
1355 0.00104479
1356 0.00104479
1357 0.00104479
1358 0.00104479
1359 0.00104479
1360 0.00104479
1361 0.00104479
1362 0.00104479
1363 0.00104479
1364 0.00104479
1365 0.00104479
1366 0.00104479
1367 0.00104479
1368 0.00104479
1369 0.00104479
1370 0.00104479
1371 0.00104479
1372 0.00104479
1373 0.00104479
1374 0.00104479
1375 0.00104479
1376 0.00104479
1377 0.00104479
1378 0.00104479
1379 0.00104479
1380 0.00104479
1381 0.00104479
1382 0.00104479
1383 0.00104479
1384 0.00104479
1385 0.000975134
1386 0.000975134
1387 0.000975134
1388 0.000975134
1389 0.000975134
1390 0.000975134
1391 0.000975134
1392 0.000975134
1393 0.000975134
1394 0.000975134
1395 0.000975134
1396 0.000975134
1397 0.000975134
1398 0.000975134
1399 0.000975134
1400 0.000975134
1401 0.000905482
1402 0.000905482
1403 0.000905482
1404 0.000905482
1405 0.000905482
1406 0.000905482
1407 0.000905482
1408 0.000905482
1409 0.000905482
1410 0.000905482
1411 0.000905482
1412 0.000905482
1413 0.000905482
1414 0.000905482
1415 0.000905482
1416 0.000905482
1417 0.000766177
1418 0.000766177
1419 0.000766177
1420 0.000766177
1421 0.000766177
1422 0.000766177
1423 0.000766177
1424 0.000766177
1425 0.000696524
1426 0.000696524
1427 0.000696524
1428 0.000696524
1429 0.000696524
1430 0.000696524
1431 0.000696524
1432 0.000696524
1433 0.000696524
1434 0.000696524
1435 0.000696524
1436 0.000696524
1437 0.000696524
1438 0.000696524
1439 0.000696524
1440 0.000696524
1441 0.000696524
1442 0.000696524
1443 0.000696524
1444 0.000696524
1445 0.000696524
1446 0.000696524
1447 0.000696524
1448 0.000696524
1449 0.000696524
1450 0.000696524
1451 0.000696524
1452 0.000696524
1453 0.000696524
1454 0.000696524
1455 0.000696524
1456 0.000696524
1457 0.000626872
1458 0.000626872
1459 0.000626872
1460 0.000626872
1461 0.000626872
1462 0.000626872
1463 0.000626872
1464 0.000626872
1465 0.000557219
1466 0.000557219
1467 0.000557219
1468 0.000557219
1469 0.000557219
1470 0.000557219
1471 0.000557219
1472 0.000557219
1473 0.000557219
1474 0.000557219
1475 0.000557219
1476 0.000557219
1477 0.000557219
1478 0.000557219
1479 0.000557219
1480 0.000557219
1481 0.000417915
1482 0.000417915
1483 0.000417915
1484 0.000417915
1485 0.000417915
1486 0.000417915
1487 0.000417915
1488 0.000417915
1489 0.000417915
1490 0.000417915
1491 0.000417915
1492 0.000417915
1493 0.000417915
1494 0.000417915
1495 0.000417915
1496 0.000417915
1497 0.000417915
1498 0.000417915
1499 0.000417915
1500 0.000417915
1501 0.000417915
1502 0.000417915
1503 0.000417915
1504 0.000417915
1505 0.000417915
1506 0.000417915
1507 0.000417915
1508 0.000417915
1509 0.000417915
1510 0.000417915
1511 0.000417915
1512 0.000417915
1513 0.000417915
1514 0.000417915
1515 0.000417915
1516 0.000417915
1517 0.000417915
1518 0.000417915
1519 0.000417915
1520 0.000417915
1521 0.000417915
1522 0.000417915
1523 0.000417915
1524 0.000417915
1525 0.000417915
1526 0.000417915
1527 0.000417915
1528 0.000417915
1529 0.000348262
1530 0.000348262
1531 0.000348262
1532 0.000348262
1533 0.000348262
1534 0.000348262
1535 0.000348262
1536 0.000348262
1537 0.00027861
1538 0.00027861
1539 0.00027861
1540 0.00027861
1541 0.00027861
1542 0.00027861
1543 0.00027861
1544 0.00027861
1545 0.00027861
1546 0.00027861
1547 0.00027861
1548 0.00027861
1549 0.00027861
1550 0.00027861
1551 0.00027861
1552 0.00027861
1553 0.00027861
1554 0.00027861
1555 0.00027861
1556 0.00027861
1557 0.00027861
1558 0.00027861
1559 0.00027861
1560 0.00027861
1561 0.00027861
1562 0.00027861
1563 0.00027861
1564 0.00027861
1565 0.00027861
1566 0.00027861
1567 0.00027861
1568 0.00027861
1569 0.000208957
1570 0.000208957
1571 0.000208957
1572 0.000208957
1573 0.000208957
1574 0.000208957
1575 0.000208957
1576 0.000208957
1577 0.000139305
1578 0.000139305
1579 0.000139305
1580 0.000139305
1581 0.000139305
1582 0.000139305
1583 0.000139305
1584 0.000139305
1585 0.000139305
1586 0.000139305
1587 0.000139305
1588 0.000139305
1589 0.000139305
1590 0.000139305
1591 0.000139305
1592 0.000139305
1593 0.000139305
1594 0.000139305
1595 0.000139305
1596 0.000139305
1597 0.000139305
1598 0.000139305
1599 0.000139305
1600 0.000139305
1601 0.000139305
1602 0.000139305
1603 0.000139305
1604 0.000139305
1605 0.000139305
1606 0.000139305
1607 0.000139305
1608 0.000139305
1609 0.000139305
1610 0.000139305
1611 0.000139305
1612 0.000139305
1613 0.000139305
1614 0.000139305
1615 0.000139305
1616 0.000139305
1617 6.96524e-05
1618 6.96524e-05
1619 6.96524e-05
1620 6.96524e-05
1621 6.96524e-05
1622 6.96524e-05
1623 6.96524e-05
1624 6.96524e-05
1625 6.96524e-05
1626 6.96524e-05
1627 6.96524e-05
1628 6.96524e-05
1629 6.96524e-05
1630 6.96524e-05
1631 6.96524e-05
1632 6.96524e-05
1633 6.96524e-05
1634 6.96524e-05
1635 6.96524e-05
1636 6.96524e-05
1637 6.96524e-05
1638 6.96524e-05
1639 6.96524e-05
1640 6.96524e-05
1641 6.96524e-05
1642 6.96524e-05
1643 6.96524e-05
1644 6.96524e-05
1645 6.96524e-05
1646 6.96524e-05
1647 6.96524e-05
1648 6.96524e-05
1649 6.96524e-05
1650 6.96524e-05
1651 6.96524e-05
1652 6.96524e-05
1653 6.96524e-05
1654 6.96524e-05
1655 6.96524e-05
1656 6.96524e-05
1657 6.96524e-05
1658 6.96524e-05
1659 6.96524e-05
1660 6.96524e-05
1661 6.96524e-05
1662 6.96524e-05
1663 6.96524e-05
1664 6.96524e-05
1665 6.96524e-05
1666 6.96524e-05
1667 6.96524e-05
1668 6.96524e-05
1669 6.96524e-05
1670 6.96524e-05
1671 6.96524e-05
1672 6.96524e-05
1673 6.96524e-05
1674 6.96524e-05
1675 6.96524e-05
1676 6.96524e-05
1677 6.96524e-05
1678 6.96524e-05
1679 6.96524e-05
1680 6.96524e-05
1681 6.96524e-05
1682 6.96524e-05
1683 6.96524e-05
1684 6.96524e-05
1685 6.96524e-05
1686 6.96524e-05
1687 6.96524e-05
1688 6.96524e-05
1689 6.96524e-05
1690 6.96524e-05
1691 6.96524e-05
1692 6.96524e-05
1693 6.96524e-05
1694 6.96524e-05
1695 6.96524e-05
1696 6.96524e-05
1697 6.96524e-05
1698 6.96524e-05
1699 6.96524e-05
1700 6.96524e-05
1701 6.96524e-05
1702 6.96524e-05
1703 6.96524e-05
1704 6.96524e-05
1705 6.96524e-05
1706 6.96524e-05
1707 6.96524e-05
1708 6.96524e-05
1709 6.96524e-05
1710 6.96524e-05
1711 6.96524e-05
1712 6.96524e-05
1713 6.96524e-05
1714 6.96524e-05
1715 6.96524e-05
1716 6.96524e-05
1717 6.96524e-05
1718 6.96524e-05
1719 6.96524e-05
1720 6.96524e-05
1721 6.96524e-05
1722 6.96524e-05
1723 6.96524e-05
1724 6.96524e-05
1725 6.96524e-05
1726 6.96524e-05
1727 6.96524e-05
1728 6.96524e-05
1729 6.96524e-05
1730 6.96524e-05
1731 6.96524e-05
1732 6.96524e-05
1733 6.96524e-05
1734 6.96524e-05
1735 6.96524e-05
1736 6.96524e-05
1737 6.96524e-05
1738 6.96524e-05
1739 6.96524e-05
1740 6.96524e-05
1741 6.96524e-05
1742 6.96524e-05
1743 6.96524e-05
1744 6.96524e-05
1745 6.96524e-05
1746 6.96524e-05
1747 6.96524e-05
1748 6.96524e-05
1749 6.96524e-05
1750 6.96524e-05
1751 6.96524e-05
1752 6.96524e-05
1753 6.96524e-05
1754 6.96524e-05
1755 6.96524e-05
1756 6.96524e-05
1757 6.96524e-05
1758 6.96524e-05
1759 6.96524e-05
1760 6.96524e-05
1761 6.96524e-05
1762 6.96524e-05
1763 6.96524e-05
1764 6.96524e-05
1765 6.96524e-05
1766 6.96524e-05
1767 6.96524e-05
1768 6.96524e-05
1769 6.96524e-05
1770 6.96524e-05
1771 6.96524e-05
1772 6.96524e-05
1773 6.96524e-05
1774 6.96524e-05
1775 6.96524e-05
1776 6.96524e-05
1777 6.96524e-05
1778 6.96524e-05
1779 6.96524e-05
1780 6.96524e-05
1781 6.96524e-05
1782 6.96524e-05
1783 6.96524e-05
1784 6.96524e-05
1785 6.96524e-05
1786 6.96524e-05
1787 6.96524e-05
1788 6.96524e-05
1789 6.96524e-05
1790 6.96524e-05
1791 6.96524e-05
1792 6.96524e-05
1793 6.96524e-05
1794 6.96524e-05
1795 6.96524e-05
1796 6.96524e-05
1797 6.96524e-05
1798 6.96524e-05
1799 6.96524e-05
1800 6.96524e-05
1801 6.96524e-05
1802 6.96524e-05
1803 6.96524e-05
1804 6.96524e-05
1805 6.96524e-05
1806 6.96524e-05
1807 6.96524e-05
1808 6.96524e-05
1809 6.96524e-05
1810 6.96524e-05
1811 6.96524e-05
1812 6.96524e-05
1813 6.96524e-05
1814 6.96524e-05
1815 6.96524e-05
1816 6.96524e-05
1817 6.96524e-05
1818 6.96524e-05
1819 6.96524e-05
1820 6.96524e-05
1821 6.96524e-05
1822 6.96524e-05
1823 6.96524e-05
1824 6.96524e-05
1825 6.96524e-05
1826 6.96524e-05
1827 6.96524e-05
1828 6.96524e-05
1829 6.96524e-05
1830 6.96524e-05
1831 6.96524e-05
1832 6.96524e-05
1833 6.96524e-05
1834 6.96524e-05
1835 6.96524e-05
1836 6.96524e-05
1837 6.96524e-05
1838 6.96524e-05
1839 6.96524e-05
1840 6.96524e-05
1841 6.96524e-05
1842 6.96524e-05
1843 6.96524e-05
1844 6.96524e-05
1845 6.96524e-05
1846 6.96524e-05
1847 6.96524e-05
1848 6.96524e-05
1849 6.96524e-05
1850 6.96524e-05
1851 6.96524e-05
1852 6.96524e-05
1853 6.96524e-05
1854 6.96524e-05
1855 6.96524e-05
1856 6.96524e-05
1857 6.96524e-05
1858 6.96524e-05
1859 6.96524e-05
1860 6.96524e-05
1861 6.96524e-05
1862 6.96524e-05
1863 6.96524e-05
1864 6.96524e-05
