0 1
1 1
2 1
3 1
4 1
5 1
6 1
7 1
8 1
9 1
10 1
11 1
12 1
13 1
14 1
15 0.999773
16 0.999773
17 0.999773
18 0.999773
19 0.999773
20 0.999773
21 0.999773
22 0.999773
23 0.999546
24 0.999546
25 0.999546
26 0.999546
27 0.999546
28 0.999546
29 0.999546
30 0.999546
31 0.999092
32 0.999092
33 0.999092
34 0.999092
35 0.999092
36 0.999092
37 0.999092
38 0.999092
39 0.998978
40 0.998978
41 0.998978
42 0.998978
43 0.998978
44 0.998978
45 0.998978
46 0.998978
47 0.998751
48 0.998751
49 0.998751
50 0.998751
51 0.998751
52 0.998751
53 0.998751
54 0.998751
55 0.998297
56 0.998297
57 0.998297
58 0.998297
59 0.998297
60 0.998297
61 0.998297
62 0.998297
63 0.997729
64 0.997729
65 0.997729
66 0.997729
67 0.997729
68 0.997729
69 0.997729
70 0.997729
71 0.997502
72 0.997502
73 0.997502
74 0.997502
75 0.997502
76 0.997502
77 0.997502
78 0.997502
79 0.997502
80 0.997502
81 0.997502
82 0.997502
83 0.997502
84 0.997502
85 0.997502
86 0.997502
87 0.997275
88 0.997275
89 0.997275
90 0.997275
91 0.997275
92 0.997275
93 0.997275
94 0.997275
95 0.997275
96 0.997275
97 0.966167
98 0.966167
99 0.966167
100 0.966167
101 0.966167
102 0.966167
103 0.966054
104 0.966054
105 0.934491
106 0.934491
107 0.934491
108 0.934491
109 0.934491
110 0.934491
111 0.934378
112 0.934378
113 0.907016
114 0.907016
115 0.907016
116 0.907016
117 0.907016
118 0.907016
119 0.906562
120 0.906562
121 0.877044
122 0.877044
123 0.877044
124 0.877044
125 0.877044
126 0.877044
127 0.876703
128 0.876703
129 0.849114
130 0.849114
131 0.849114
132 0.849114
133 0.849114
134 0.849114
135 0.849001
136 0.849001
137 0.81846
138 0.81846
139 0.81846
140 0.81846
141 0.81846
142 0.81846
143 0.818347
144 0.818347
145 0.790758
146 0.790758
147 0.790758
148 0.790758
149 0.790758
150 0.790758
151 0.790645
152 0.790645
153 0.75965
154 0.75965
155 0.75965
156 0.75965
157 0.75965
158 0.75965
159 0.759423
160 0.759423
161 0.734332
162 0.734332
163 0.734332
164 0.734332
165 0.734332
166 0.734332
167 0.733992
168 0.733992
169 0.703224
170 0.703224
171 0.703224
172 0.703224
173 0.703224
174 0.703224
175 0.703111
176 0.703111
177 0.675295
178 0.675295
179 0.675295
180 0.675295
181 0.675295
182 0.675295
183 0.674955
184 0.674955
185 0.64975
186 0.64975
187 0.64975
188 0.64975
189 0.64975
190 0.64975
191 0.64941
192 0.64941
193 0.620799
194 0.620799
195 0.620799
196 0.620799
197 0.620799
198 0.620799
199 0.620686
200 0.620686
201 0.594232
202 0.594232
203 0.594232
204 0.594232
205 0.594232
206 0.594232
207 0.593892
208 0.593892
209 0.572207
210 0.572207
211 0.572207
212 0.572207
213 0.572207
214 0.572207
215 0.572207
216 0.572207
217 0.547797
218 0.547797
219 0.547797
220 0.547797
221 0.547797
222 0.547797
223 0.547797
224 0.547797
225 0.524183
226 0.524183
227 0.524183
228 0.524183
229 0.524183
230 0.524183
231 0.524069
232 0.524069
233 0.501362
234 0.501362
235 0.501362
236 0.501362
237 0.501362
238 0.501362
239 0.501249
240 0.501249
241 0.478656
242 0.478656
243 0.478656
244 0.478656
245 0.478656
246 0.478656
247 0.478542
248 0.478542
249 0.459469
250 0.459469
251 0.459469
252 0.459469
253 0.459469
254 0.459469
255 0.459355
256 0.459355
257 0.439714
258 0.439714
259 0.439714
260 0.439714
261 0.439714
262 0.439714
263 0.439487
264 0.439487
265 0.421322
266 0.421322
267 0.421322
268 0.421322
269 0.421322
270 0.421322
271 0.421322
272 0.421322
273 0.40327
274 0.40327
275 0.40327
276 0.40327
277 0.40327
278 0.40327
279 0.403043
280 0.403043
281 0.387262
282 0.387262
283 0.387262
284 0.387262
285 0.387262
286 0.387262
287 0.387262
288 0.387262
289 0.370459
290 0.370459
291 0.370459
292 0.370459
293 0.370459
294 0.370459
295 0.370459
296 0.370459
297 0.356381
298 0.356381
299 0.356381
300 0.356381
301 0.356381
302 0.356381
303 0.355813
304 0.355813
305 0.344233
306 0.344233
307 0.344233
308 0.344233
309 0.344233
310 0.344233
311 0.344119
312 0.344119
313 0.328678
314 0.328678
315 0.328678
316 0.328678
317 0.328678
318 0.328678
319 0.328565
320 0.328565
321 0.315736
322 0.315736
323 0.315736
324 0.315736
325 0.315736
326 0.315736
327 0.315509
328 0.315509
329 0.30302
330 0.30302
331 0.30302
332 0.30302
333 0.30302
334 0.30302
335 0.30302
336 0.30302
337 0.290758
338 0.290758
339 0.290758
340 0.290758
341 0.290758
342 0.290758
343 0.290645
344 0.290645
345 0.281335
346 0.281335
347 0.281335
348 0.281335
349 0.281335
350 0.281335
351 0.281335
352 0.281335
353 0.271912
354 0.271912
355 0.271912
356 0.271912
357 0.271912
358 0.271912
359 0.271912
360 0.271912
361 0.260104
362 0.260104
363 0.260104
364 0.260104
365 0.260104
366 0.260104
367 0.259991
368 0.259991
369 0.250341
370 0.250341
371 0.250341
372 0.250341
373 0.250341
374 0.250341
375 0.250341
376 0.250341
377 0.240577
378 0.240577
379 0.240577
380 0.240577
381 0.240577
382 0.240577
383 0.240577
384 0.240577
385 0.232062
386 0.232062
387 0.232062
388 0.232062
389 0.232062
390 0.232062
391 0.232062
392 0.232062
393 0.223093
394 0.223093
395 0.223093
396 0.223093
397 0.223093
398 0.223093
399 0.223093
400 0.223093
401 0.21401
402 0.21401
403 0.21401
404 0.21401
405 0.21401
406 0.21401
407 0.213896
408 0.213896
409 0.206063
410 0.206063
411 0.206063
412 0.206063
413 0.206063
414 0.206063
415 0.205949
416 0.205949
417 0.197661
418 0.197661
419 0.197661
420 0.197661
421 0.197661
422 0.197661
423 0.197548
424 0.197548
425 0.1896
426 0.1896
427 0.1896
428 0.1896
429 0.1896
430 0.1896
431 0.189373
432 0.189373
433 0.182561
434 0.182561
435 0.182561
436 0.182561
437 0.182561
438 0.182561
439 0.182561
440 0.182561
441 0.17609
442 0.17609
443 0.17609
444 0.17609
445 0.17609
446 0.17609
447 0.175976
448 0.175976
449 0.169505
450 0.169505
451 0.169505
452 0.169505
453 0.169505
454 0.169505
455 0.169391
456 0.169391
457 0.162807
458 0.162807
459 0.162807
460 0.162807
461 0.162807
462 0.162807
463 0.162807
464 0.162807
465 0.157016
466 0.157016
467 0.157016
468 0.157016
469 0.157016
470 0.157016
471 0.156903
472 0.156903
473 0.150886
474 0.150886
475 0.150886
476 0.150886
477 0.150886
478 0.150886
479 0.150886
480 0.150886
481 0.145777
482 0.145777
483 0.145777
484 0.145777
485 0.145777
486 0.145777
487 0.145777
488 0.145777
489 0.140895
490 0.140895
491 0.140895
492 0.140895
493 0.140895
494 0.140895
495 0.140895
496 0.140895
497 0.136921
498 0.136921
499 0.136921
500 0.136921
501 0.136921
502 0.136921
503 0.136807
504 0.136807
505 0.132153
506 0.132153
507 0.132153
508 0.132153
509 0.132153
510 0.132153
511 0.132153
512 0.132153
513 0.127952
514 0.127952
515 0.127952
516 0.127952
517 0.127952
518 0.127952
519 0.127952
520 0.127952
521 0.123524
522 0.123524
523 0.123524
524 0.123524
525 0.123524
526 0.123524
527 0.123411
528 0.123411
529 0.118415
530 0.118415
531 0.118415
532 0.118415
533 0.118415
534 0.118415
535 0.118415
536 0.118415
537 0.11342
538 0.11342
539 0.11342
540 0.11342
541 0.11342
542 0.11342
543 0.11342
544 0.11342
545 0.110695
546 0.110695
547 0.110695
548 0.110695
549 0.110695
550 0.110695
551 0.110695
552 0.110695
553 0.106835
554 0.106835
555 0.106835
556 0.106835
557 0.106835
558 0.106835
559 0.106835
560 0.106835
561 0.103769
562 0.103769
563 0.103769
564 0.103769
565 0.103769
566 0.103769
567 0.103769
568 0.103769
569 0.100136
570 0.100136
571 0.100136
572 0.100136
573 0.100136
574 0.100136
575 0.100136
576 0.100136
577 0.0974114
578 0.0974114
579 0.0974114
580 0.0974114
581 0.0974114
582 0.0974114
583 0.0972979
584 0.0972979
585 0.0946866
586 0.0946866
587 0.0946866
588 0.0946866
589 0.0946866
590 0.0946866
591 0.0946866
592 0.0946866
593 0.0908265
594 0.0908265
595 0.0908265
596 0.0908265
597 0.0908265
598 0.0908265
599 0.0908265
600 0.0908265
601 0.0877611
602 0.0877611
603 0.0877611
604 0.0877611
605 0.0877611
606 0.0877611
607 0.0877611
608 0.0877611
609 0.0851499
610 0.0851499
611 0.0851499
612 0.0851499
613 0.0851499
614 0.0851499
615 0.0851499
616 0.0851499
617 0.0825386
618 0.0825386
619 0.0825386
620 0.0825386
621 0.0825386
622 0.0825386
623 0.082198
624 0.082198
625 0.0802679
626 0.0802679
627 0.0802679
628 0.0802679
629 0.0802679
630 0.0802679
631 0.0802679
632 0.0802679
633 0.0777702
634 0.0777702
635 0.0777702
636 0.0777702
637 0.0777702
638 0.0777702
639 0.0777702
640 0.0777702
641 0.0766349
642 0.0766349
643 0.0766349
644 0.0766349
645 0.0766349
646 0.0766349
647 0.0766349
648 0.0766349
649 0.0740236
650 0.0740236
651 0.0740236
652 0.0740236
653 0.0740236
654 0.0740236
655 0.0739101
656 0.0739101
657 0.0710718
658 0.0710718
659 0.0710718
660 0.0710718
661 0.0710718
662 0.0710718
663 0.0709582
664 0.0709582
665 0.0686876
666 0.0686876
667 0.0686876
668 0.0686876
669 0.0686876
670 0.0686876
671 0.0686876
672 0.0686876
673 0.0663034
674 0.0663034
675 0.0663034
676 0.0663034
677 0.0663034
678 0.0663034
679 0.0663034
680 0.0663034
681 0.0636921
682 0.0636921
683 0.0636921
684 0.0636921
685 0.0636921
686 0.0636921
687 0.0636921
688 0.0636921
689 0.0614214
690 0.0614214
691 0.0614214
692 0.0614214
693 0.0614214
694 0.0614214
695 0.0614214
696 0.0614214
697 0.0591508
698 0.0591508
699 0.0591508
700 0.0591508
701 0.0591508
702 0.0591508
703 0.0591508
704 0.0591508
705 0.0569936
706 0.0569936
707 0.0569936
708 0.0569936
709 0.0569936
710 0.0569936
711 0.0569936
712 0.0569936
713 0.0554042
714 0.0554042
715 0.0554042
716 0.0554042
717 0.0554042
718 0.0554042
719 0.0554042
720 0.0554042
721 0.0539282
722 0.0539282
723 0.0539282
724 0.0539282
725 0.0539282
726 0.0539282
727 0.0539282
728 0.0539282
729 0.0521117
730 0.0521117
731 0.0521117
732 0.0521117
733 0.0521117
734 0.0521117
735 0.0521117
736 0.0521117
737 0.0502952
738 0.0502952
739 0.0502952
740 0.0502952
741 0.0502952
742 0.0502952
743 0.0501817
744 0.0501817
745 0.0487057
746 0.0487057
747 0.0487057
748 0.0487057
749 0.0487057
750 0.0487057
751 0.0487057
752 0.0487057
753 0.0475704
754 0.0475704
755 0.0475704
756 0.0475704
757 0.0475704
758 0.0475704
759 0.0475704
760 0.0475704
761 0.0464351
762 0.0464351
763 0.0464351
764 0.0464351
765 0.0464351
766 0.0464351
767 0.0464351
768 0.0464351
769 0.044505
770 0.044505
771 0.044505
772 0.044505
773 0.044505
774 0.044505
775 0.044505
776 0.044505
777 0.0437103
778 0.0437103
779 0.0437103
780 0.0437103
781 0.0437103
782 0.0437103
783 0.0437103
784 0.0437103
785 0.0429155
786 0.0429155
787 0.0429155
788 0.0429155
789 0.0429155
790 0.0429155
791 0.0429155
792 0.0429155
793 0.0418937
794 0.0418937
795 0.0418937
796 0.0418937
797 0.0418937
798 0.0418937
799 0.0417802
800 0.0417802
801 0.0403043
802 0.0403043
803 0.0403043
804 0.0403043
805 0.0403043
806 0.0403043
807 0.0403043
808 0.0403043
809 0.0383742
810 0.0383742
811 0.0383742
812 0.0383742
813 0.0383742
814 0.0383742
815 0.0383742
816 0.0383742
817 0.0373524
818 0.0373524
819 0.0373524
820 0.0373524
821 0.0373524
822 0.0373524
823 0.0373524
824 0.0373524
825 0.03599
826 0.03599
827 0.03599
828 0.03599
829 0.03599
830 0.03599
831 0.03599
832 0.03599
833 0.0346276
834 0.0346276
835 0.0346276
836 0.0346276
837 0.0346276
838 0.0346276
839 0.0346276
840 0.0346276
841 0.0336058
842 0.0336058
843 0.0336058
844 0.0336058
845 0.0336058
846 0.0336058
847 0.0336058
848 0.0336058
849 0.0328111
850 0.0328111
851 0.0328111
852 0.0328111
853 0.0328111
854 0.0328111
855 0.0328111
856 0.0328111
857 0.0319028
858 0.0319028
859 0.0319028
860 0.0319028
861 0.0319028
862 0.0319028
863 0.0319028
864 0.0319028
865 0.0311081
866 0.0311081
867 0.0311081
868 0.0311081
869 0.0311081
870 0.0311081
871 0.0311081
872 0.0311081
873 0.0300863
874 0.0300863
875 0.0300863
876 0.0300863
877 0.0300863
878 0.0300863
879 0.0300863
880 0.0300863
881 0.0290645
882 0.0290645
883 0.0290645
884 0.0290645
885 0.0290645
886 0.0290645
887 0.0290645
888 0.0290645
889 0.0278156
890 0.0278156
891 0.0278156
892 0.0278156
893 0.0278156
894 0.0278156
895 0.0278156
896 0.0278156
897 0.027248
898 0.027248
899 0.027248
900 0.027248
901 0.027248
902 0.027248
903 0.027248
904 0.027248
905 0.0258856
906 0.0258856
907 0.0258856
908 0.0258856
909 0.0258856
910 0.0258856
911 0.0258856
912 0.0258856
913 0.0252044
914 0.0252044
915 0.0252044
916 0.0252044
917 0.0252044
918 0.0252044
919 0.0252044
920 0.0252044
921 0.0245232
922 0.0245232
923 0.0245232
924 0.0245232
925 0.0245232
926 0.0245232
927 0.0244096
928 0.0244096
929 0.023842
930 0.023842
931 0.023842
932 0.023842
933 0.023842
934 0.023842
935 0.023842
936 0.023842
937 0.0231608
938 0.0231608
939 0.0231608
940 0.0231608
941 0.0231608
942 0.0231608
943 0.0231608
944 0.0231608
945 0.0225931
946 0.0225931
947 0.0225931
948 0.0225931
949 0.0225931
950 0.0225931
951 0.0225931
952 0.0225931
953 0.0220254
954 0.0220254
955 0.0220254
956 0.0220254
957 0.0220254
958 0.0220254
959 0.0220254
960 0.0220254
961 0.0208901
962 0.0208901
963 0.0208901
964 0.0208901
965 0.0208901
966 0.0208901
967 0.0208901
968 0.0208901
969 0.020436
970 0.020436
971 0.020436
972 0.020436
973 0.020436
974 0.020436
975 0.020436
976 0.020436
977 0.0198683
978 0.0198683
979 0.0198683
980 0.0198683
981 0.0198683
982 0.0198683
983 0.0198683
984 0.0198683
985 0.01896
986 0.01896
987 0.01896
988 0.01896
989 0.01896
990 0.01896
991 0.0188465
992 0.0188465
993 0.0178247
994 0.0178247
995 0.0178247
996 0.0178247
997 0.0178247
998 0.0178247
999 0.0178247
1000 0.0178247
1001 0.0173706
1002 0.0173706
1003 0.0173706
1004 0.0173706
1005 0.0173706
1006 0.0173706
1007 0.0173706
1008 0.0173706
1009 0.017257
1010 0.017257
1011 0.017257
1012 0.017257
1013 0.017257
1014 0.017257
1015 0.017257
1016 0.017257
1017 0.0168029
1018 0.0168029
1019 0.0168029
1020 0.0168029
1021 0.0168029
1022 0.0168029
1023 0.0168029
1024 0.0168029
1025 0.0163488
1026 0.0163488
1027 0.0163488
1028 0.0163488
1029 0.0163488
1030 0.0163488
1031 0.0163488
1032 0.0163488
1033 0.0156676
1034 0.0156676
1035 0.0156676
1036 0.0156676
1037 0.0156676
1038 0.0156676
1039 0.0156676
1040 0.0156676
1041 0.0148728
1042 0.0148728
1043 0.0148728
1044 0.0148728
1045 0.0148728
1046 0.0148728
1047 0.0148728
1048 0.0148728
1049 0.0146458
1050 0.0146458
1051 0.0146458
1052 0.0146458
1053 0.0146458
1054 0.0146458
1055 0.0146458
1056 0.0146458
1057 0.0143052
1058 0.0143052
1059 0.0143052
1060 0.0143052
1061 0.0143052
1062 0.0143052
1063 0.0143052
1064 0.0143052
1065 0.013624
1066 0.013624
1067 0.013624
1068 0.013624
1069 0.013624
1070 0.013624
1071 0.013624
1072 0.013624
1073 0.0133969
1074 0.0133969
1075 0.0133969
1076 0.0133969
1077 0.0133969
1078 0.0133969
1079 0.0133969
1080 0.0133969
1081 0.0129428
1082 0.0129428
1083 0.0129428
1084 0.0129428
1085 0.0129428
1086 0.0129428
1087 0.0129428
1088 0.0129428
1089 0.0129428
1090 0.0129428
1091 0.0129428
1092 0.0129428
1093 0.0129428
1094 0.0129428
1095 0.0129428
1096 0.0129428
1097 0.0127157
1098 0.0127157
1099 0.0127157
1100 0.0127157
1101 0.0127157
1102 0.0127157
1103 0.0127157
1104 0.0127157
1105 0.0127157
1106 0.0127157
1107 0.0127157
1108 0.0127157
1109 0.0127157
1110 0.0127157
1111 0.0127157
1112 0.0127157
1113 0.0123751
1114 0.0123751
1115 0.0123751
1116 0.0123751
1117 0.0123751
1118 0.0123751
1119 0.0123751
1120 0.0123751
1121 0.0120345
1122 0.0120345
1123 0.0120345
1124 0.0120345
1125 0.0120345
1126 0.0120345
1127 0.0120345
1128 0.0120345
1129 0.0118074
1130 0.0118074
1131 0.0118074
1132 0.0118074
1133 0.0118074
1134 0.0118074
1135 0.0116939
1136 0.0116939
1137 0.0113533
1138 0.0113533
1139 0.0113533
1140 0.0113533
1141 0.0113533
1142 0.0113533
1143 0.0113533
1144 0.0113533
1145 0.0111262
1146 0.0111262
1147 0.0111262
1148 0.0111262
1149 0.0111262
1150 0.0111262
1151 0.0111262
1152 0.0111262
1153 0.010445
1154 0.010445
1155 0.010445
1156 0.010445
1157 0.010445
1158 0.010445
1159 0.010445
1160 0.010445
1161 0.0103315
1162 0.0103315
1163 0.0103315
1164 0.0103315
1165 0.0103315
1166 0.0103315
1167 0.0103315
1168 0.0103315
1169 0.0101045
1170 0.0101045
1171 0.0101045
1172 0.0101045
1173 0.0101045
1174 0.0101045
1175 0.0101045
1176 0.0101045
1177 0.00976385
1178 0.00976385
1179 0.00976385
1180 0.00976385
1181 0.00976385
1182 0.00976385
1183 0.00976385
1184 0.00976385
1185 0.00965032
1186 0.00965032
1187 0.00965032
1188 0.00965032
1189 0.00965032
1190 0.00965032
1191 0.00965032
1192 0.00965032
1193 0.00953679
1194 0.00953679
1195 0.00953679
1196 0.00953679
1197 0.00953679
1198 0.00953679
1199 0.00953679
1200 0.00953679
1201 0.00953679
1202 0.00953679
1203 0.00953679
1204 0.00953679
1205 0.00953679
1206 0.00953679
1207 0.00953679
1208 0.00953679
1209 0.00919619
1210 0.00919619
1211 0.00919619
1212 0.00919619
1213 0.00919619
1214 0.00919619
1215 0.00919619
1216 0.00919619
1217 0.00908265
1218 0.00908265
1219 0.00908265
1220 0.00908265
1221 0.00908265
1222 0.00908265
1223 0.00908265
1224 0.00908265
1225 0.00908265
1226 0.00908265
1227 0.00908265
1228 0.00908265
1229 0.00908265
1230 0.00908265
1231 0.00908265
1232 0.00908265
1233 0.00862852
1234 0.00862852
1235 0.00862852
1236 0.00862852
1237 0.00862852
1238 0.00862852
1239 0.00862852
1240 0.00862852
1241 0.00862852
1242 0.00862852
1243 0.00862852
1244 0.00862852
1245 0.00862852
1246 0.00862852
1247 0.00862852
1248 0.00862852
1249 0.00862852
1250 0.00862852
1251 0.00862852
1252 0.00862852
1253 0.00862852
1254 0.00862852
1255 0.00862852
1256 0.00862852
1257 0.00851499
1258 0.00851499
1259 0.00851499
1260 0.00851499
1261 0.00851499
1262 0.00851499
1263 0.00851499
1264 0.00851499
1265 0.00840145
1266 0.00840145
1267 0.00840145
1268 0.00840145
1269 0.00840145
1270 0.00840145
1271 0.00840145
1272 0.00840145
1273 0.00806085
1274 0.00806085
1275 0.00806085
1276 0.00806085
1277 0.00806085
1278 0.00806085
1279 0.00806085
1280 0.00806085
1281 0.00772025
1282 0.00772025
1283 0.00772025
1284 0.00772025
1285 0.00772025
1286 0.00772025
1287 0.00772025
1288 0.00772025
1289 0.00772025
1290 0.00772025
1291 0.00772025
1292 0.00772025
1293 0.00772025
1294 0.00772025
1295 0.00772025
1296 0.00772025
1297 0.00737965
1298 0.00737965
1299 0.00737965
1300 0.00737965
1301 0.00737965
1302 0.00737965
1303 0.00737965
1304 0.00737965
1305 0.00715259
1306 0.00715259
1307 0.00715259
1308 0.00715259
1309 0.00715259
1310 0.00715259
1311 0.00715259
1312 0.00715259
1313 0.00715259
1314 0.00715259
1315 0.00715259
1316 0.00715259
1317 0.00715259
1318 0.00715259
1319 0.00715259
1320 0.00715259
1321 0.00669846
1322 0.00669846
1323 0.00669846
1324 0.00669846
1325 0.00669846
1326 0.00669846
1327 0.00669846
1328 0.00669846
1329 0.00658492
1330 0.00658492
1331 0.00658492
1332 0.00658492
1333 0.00658492
1334 0.00658492
1335 0.00658492
1336 0.00658492
1337 0.00647139
1338 0.00647139
1339 0.00647139
1340 0.00647139
1341 0.00647139
1342 0.00647139
1343 0.00647139
1344 0.00647139
1345 0.00624432
1346 0.00624432
1347 0.00624432
1348 0.00624432
1349 0.00624432
1350 0.00624432
1351 0.00624432
1352 0.00624432
1353 0.00613079
1354 0.00613079
1355 0.00613079
1356 0.00613079
1357 0.00613079
1358 0.00613079
1359 0.00613079
1360 0.00613079
1361 0.00556312
1362 0.00556312
1363 0.00556312
1364 0.00556312
1365 0.00556312
1366 0.00556312
1367 0.00556312
1368 0.00556312
1369 0.00522252
1370 0.00522252
1371 0.00522252
1372 0.00522252
1373 0.00522252
1374 0.00522252
1375 0.00522252
1376 0.00522252
1377 0.00488193
1378 0.00488193
1379 0.00488193
1380 0.00488193
1381 0.00488193
1382 0.00488193
1383 0.00488193
1384 0.00488193
1385 0.00476839
1386 0.00476839
1387 0.00476839
1388 0.00476839
1389 0.00476839
1390 0.00476839
1391 0.00476839
1392 0.00476839
1393 0.00465486
1394 0.00465486
1395 0.00465486
1396 0.00465486
1397 0.00465486
1398 0.00465486
1399 0.00465486
1400 0.00465486
1401 0.00442779
1402 0.00442779
1403 0.00442779
1404 0.00442779
1405 0.00442779
1406 0.00442779
1407 0.00431426
1408 0.00431426
1409 0.00431426
1410 0.00431426
1411 0.00431426
1412 0.00431426
1413 0.00431426
1414 0.00431426
1415 0.00431426
1416 0.00431426
1417 0.00408719
1418 0.00408719
1419 0.00408719
1420 0.00408719
1421 0.00408719
1422 0.00408719
1423 0.00408719
1424 0.00408719
1425 0.00408719
1426 0.00408719
1427 0.00408719
1428 0.00408719
1429 0.00408719
1430 0.00408719
1431 0.00408719
1432 0.00408719
1433 0.00408719
1434 0.00408719
1435 0.00408719
1436 0.00408719
1437 0.00408719
1438 0.00408719
1439 0.00408719
1440 0.00408719
1441 0.00397366
1442 0.00397366
1443 0.00397366
1444 0.00397366
1445 0.00397366
1446 0.00397366
1447 0.00397366
1448 0.00397366
1449 0.00386013
1450 0.00386013
1451 0.00386013
1452 0.00386013
1453 0.00386013
1454 0.00386013
1455 0.00386013
1456 0.00386013
1457 0.00374659
1458 0.00374659
1459 0.00374659
1460 0.00374659
1461 0.00374659
1462 0.00374659
1463 0.00374659
1464 0.00374659
1465 0.00363306
1466 0.00363306
1467 0.00363306
1468 0.00363306
1469 0.00363306
1470 0.00363306
1471 0.00363306
1472 0.00363306
1473 0.00363306
1474 0.00363306
1475 0.00363306
1476 0.00363306
1477 0.00363306
1478 0.00363306
1479 0.00363306
1480 0.00363306
1481 0.00363306
1482 0.00363306
1483 0.00363306
1484 0.00363306
1485 0.00363306
1486 0.00363306
1487 0.00363306
1488 0.00363306
1489 0.00363306
1490 0.00363306
1491 0.00363306
1492 0.00363306
1493 0.00363306
1494 0.00363306
1495 0.00363306
1496 0.00363306
1497 0.00363306
1498 0.00363306
1499 0.00363306
1500 0.00363306
1501 0.00363306
1502 0.00363306
1503 0.00363306
1504 0.00363306
1505 0.00363306
1506 0.00363306
1507 0.00363306
1508 0.00363306
1509 0.00363306
1510 0.00363306
1511 0.00363306
1512 0.00363306
1513 0.00351953
1514 0.00351953
1515 0.00351953
1516 0.00351953
1517 0.00351953
1518 0.00351953
1519 0.00351953
1520 0.00351953
1521 0.00351953
1522 0.00351953
1523 0.00351953
1524 0.00351953
1525 0.00351953
1526 0.00351953
1527 0.00351953
1528 0.00351953
1529 0.00329246
1530 0.00329246
1531 0.00329246
1532 0.00329246
1533 0.00329246
1534 0.00329246
1535 0.00329246
1536 0.00329246
1537 0.00317893
1538 0.00317893
1539 0.00317893
1540 0.00317893
1541 0.00317893
1542 0.00317893
1543 0.00317893
1544 0.00317893
1545 0.0030654
1546 0.0030654
1547 0.0030654
1548 0.0030654
1549 0.0030654
1550 0.0030654
1551 0.0030654
1552 0.0030654
1553 0.0030654
1554 0.0030654
1555 0.0030654
1556 0.0030654
1557 0.0030654
1558 0.0030654
1559 0.0030654
1560 0.0030654
1561 0.00283833
1562 0.00283833
1563 0.00283833
1564 0.00283833
1565 0.00283833
1566 0.00283833
1567 0.00283833
1568 0.00283833
1569 0.0027248
1570 0.0027248
1571 0.0027248
1572 0.0027248
1573 0.0027248
1574 0.0027248
1575 0.0027248
1576 0.0027248
1577 0.0027248
1578 0.0027248
1579 0.0027248
1580 0.0027248
1581 0.0027248
1582 0.0027248
1583 0.0027248
1584 0.0027248
1585 0.00261126
1586 0.00261126
1587 0.00261126
1588 0.00261126
1589 0.00261126
1590 0.00261126
1591 0.00261126
1592 0.00261126
1593 0.00261126
1594 0.00261126
1595 0.00261126
1596 0.00261126
1597 0.00261126
1598 0.00261126
1599 0.00261126
1600 0.00261126
1601 0.00249773
1602 0.00249773
1603 0.00249773
1604 0.00249773
1605 0.00249773
1606 0.00249773
1607 0.00249773
1608 0.00249773
1609 0.0023842
1610 0.0023842
1611 0.0023842
1612 0.0023842
1613 0.0023842
1614 0.0023842
1615 0.0023842
1616 0.0023842
1617 0.00227066
1618 0.00227066
1619 0.00227066
1620 0.00227066
1621 0.00227066
1622 0.00227066
1623 0.00227066
1624 0.00227066
1625 0.00227066
1626 0.00227066
1627 0.00227066
1628 0.00227066
1629 0.00227066
1630 0.00227066
1631 0.00227066
1632 0.00227066
1633 0.00227066
1634 0.00227066
1635 0.00227066
1636 0.00227066
1637 0.00227066
1638 0.00227066
1639 0.00227066
1640 0.00227066
1641 0.00215713
1642 0.00215713
1643 0.00215713
1644 0.00215713
1645 0.00215713
1646 0.00215713
1647 0.00215713
1648 0.00215713
1649 0.0020436
1650 0.0020436
1651 0.0020436
1652 0.0020436
1653 0.0020436
1654 0.0020436
1655 0.0020436
1656 0.0020436
1657 0.00193006
1658 0.00193006
1659 0.00193006
1660 0.00193006
1661 0.00193006
1662 0.00193006
1663 0.00193006
1664 0.00193006
1665 0.00193006
1666 0.00193006
1667 0.00193006
1668 0.00193006
1669 0.00193006
1670 0.00193006
1671 0.00193006
1672 0.00193006
1673 0.00193006
1674 0.00193006
1675 0.00193006
1676 0.00193006
1677 0.00193006
1678 0.00193006
1679 0.00193006
1680 0.00193006
1681 0.00158946
1682 0.00158946
1683 0.00158946
1684 0.00158946
1685 0.00158946
1686 0.00158946
1687 0.00158946
1688 0.00158946
1689 0.00158946
1690 0.00158946
1691 0.00158946
1692 0.00158946
1693 0.00158946
1694 0.00158946
1695 0.00158946
1696 0.00158946
1697 0.00158946
1698 0.00158946
1699 0.00158946
1700 0.00158946
1701 0.00158946
1702 0.00158946
1703 0.00158946
1704 0.00158946
1705 0.00158946
1706 0.00158946
1707 0.00158946
1708 0.00158946
1709 0.00158946
1710 0.00158946
1711 0.00158946
1712 0.00158946
1713 0.00158946
1714 0.00158946
1715 0.00158946
1716 0.00158946
1717 0.00158946
1718 0.00158946
1719 0.00158946
1720 0.00158946
1721 0.00158946
1722 0.00158946
1723 0.00158946
1724 0.00158946
1725 0.00158946
1726 0.00158946
1727 0.00158946
1728 0.00158946
1729 0.00158946
1730 0.00158946
1731 0.00158946
1732 0.00158946
1733 0.00158946
1734 0.00158946
1735 0.00158946
1736 0.00158946
1737 0.00158946
1738 0.00158946
1739 0.00158946
1740 0.00158946
1741 0.00158946
1742 0.00158946
1743 0.00158946
1744 0.00158946
1745 0.00158946
1746 0.00158946
1747 0.00158946
1748 0.00158946
1749 0.00158946
1750 0.00158946
1751 0.00158946
1752 0.00158946
1753 0.00158946
1754 0.00158946
1755 0.00158946
1756 0.00158946
1757 0.00158946
1758 0.00158946
1759 0.00158946
1760 0.00158946
1761 0.00158946
1762 0.00158946
1763 0.00158946
1764 0.00158946
1765 0.00158946
1766 0.00158946
1767 0.00158946
1768 0.00158946
1769 0.00158946
1770 0.00158946
1771 0.00158946
1772 0.00158946
1773 0.00158946
1774 0.00158946
1775 0.00158946
1776 0.00158946
1777 0.00147593
1778 0.00147593
1779 0.00147593
1780 0.00147593
1781 0.00147593
1782 0.00147593
1783 0.00147593
1784 0.00147593
1785 0.00124886
1786 0.00124886
1787 0.00124886
1788 0.00124886
1789 0.00124886
1790 0.00124886
1791 0.00124886
1792 0.00124886
1793 0.00113533
1794 0.00113533
1795 0.00113533
1796 0.00113533
1797 0.00113533
1798 0.00113533
1799 0.00113533
1800 0.00113533
1801 0.0010218
1802 0.0010218
1803 0.0010218
1804 0.0010218
1805 0.0010218
1806 0.0010218
1807 0.0010218
1808 0.0010218
1809 0.000908265
1810 0.000908265
1811 0.000908265
1812 0.000908265
1813 0.000908265
1814 0.000908265
1815 0.000908265
1816 0.000908265
1817 0.000908265
1818 0.000908265
1819 0.000908265
1820 0.000908265
1821 0.000908265
1822 0.000908265
1823 0.000908265
1824 0.000908265
1825 0.000908265
1826 0.000908265
1827 0.000908265
1828 0.000908265
1829 0.000908265
1830 0.000908265
1831 0.000908265
1832 0.000908265
1833 0.000908265
1834 0.000908265
1835 0.000908265
1836 0.000908265
1837 0.000908265
1838 0.000908265
1839 0.000908265
1840 0.000908265
1841 0.000794732
1842 0.000794732
1843 0.000794732
1844 0.000794732
1845 0.000794732
1846 0.000794732
1847 0.000794732
1848 0.000794732
1849 0.000794732
1850 0.000794732
1851 0.000794732
1852 0.000794732
1853 0.000794732
1854 0.000794732
1855 0.000794732
1856 0.000794732
1857 0.000681199
1858 0.000681199
1859 0.000681199
1860 0.000681199
1861 0.000681199
1862 0.000681199
1863 0.000681199
1864 0.000681199
1865 0.000681199
1866 0.000681199
1867 0.000681199
1868 0.000681199
1869 0.000681199
1870 0.000681199
1871 0.000681199
1872 0.000681199
1873 0.000681199
1874 0.000681199
1875 0.000681199
1876 0.000681199
1877 0.000681199
1878 0.000681199
1879 0.000567666
1880 0.000567666
1881 0.000567666
1882 0.000567666
1883 0.000567666
1884 0.000567666
1885 0.000567666
1886 0.000567666
1887 0.000567666
1888 0.000567666
1889 0.000567666
1890 0.000567666
1891 0.000567666
1892 0.000567666
1893 0.000567666
1894 0.000567666
1895 0.000567666
1896 0.000567666
1897 0.000567666
1898 0.000567666
1899 0.000567666
1900 0.000567666
1901 0.000567666
1902 0.000567666
1903 0.000567666
1904 0.000567666
1905 0.000454133
1906 0.000454133
1907 0.000454133
1908 0.000454133
1909 0.000454133
1910 0.000454133
1911 0.000454133
1912 0.000454133
1913 0.000454133
1914 0.000454133
1915 0.000454133
1916 0.000454133
1917 0.000454133
1918 0.000454133
1919 0.000454133
1920 0.000454133
1921 0.000454133
1922 0.000454133
1923 0.000454133
1924 0.000454133
1925 0.000454133
1926 0.000454133
1927 0.000454133
1928 0.000454133
1929 0.000340599
1930 0.000340599
1931 0.000340599
1932 0.000340599
1933 0.000340599
1934 0.000340599
1935 0.000340599
1936 0.000340599
1937 0.000340599
1938 0.000340599
1939 0.000340599
1940 0.000340599
1941 0.000340599
1942 0.000340599
1943 0.000340599
1944 0.000340599
1945 0.000227066
1946 0.000227066
1947 0.000227066
1948 0.000227066
1949 0.000227066
1950 0.000227066
1951 0.000227066
1952 0.000227066
1953 0.000227066
1954 0.000227066
1955 0.000227066
1956 0.000227066
1957 0.000227066
1958 0.000227066
1959 0.000227066
1960 0.000227066
1961 0.000227066
1962 0.000227066
1963 0.000227066
1964 0.000227066
1965 0.000227066
1966 0.000227066
1967 0.000227066
1968 0.000227066
1969 0.000227066
1970 0.000227066
1971 0.000227066
1972 0.000227066
1973 0.000227066
1974 0.000227066
1975 0.000227066
1976 0.000227066
1977 0.000227066
1978 0.000227066
1979 0.000227066
1980 0.000227066
1981 0.000227066
1982 0.000227066
1983 0.000227066
1984 0.000227066
1985 0.000227066
1986 0.000227066
1987 0.000227066
1988 0.000227066
1989 0.000227066
1990 0.000227066
1991 0.000227066
1992 0.000227066
1993 0.000227066
1994 0.000227066
1995 0.000227066
1996 0.000227066
1997 0.000227066
1998 0.000227066
1999 0.000227066
2000 0.000227066
2001 0.000227066
2002 0.000227066
2003 0.000227066
2004 0.000227066
2005 0.000227066
2006 0.000227066
2007 0.000227066
2008 0.000227066
2009 0.000227066
2010 0.000227066
2011 0.000227066
2012 0.000227066
2013 0.000227066
2014 0.000227066
2015 0.000227066
2016 0.000227066
2017 0.000227066
2018 0.000227066
2019 0.000227066
2020 0.000227066
2021 0.000227066
2022 0.000227066
2023 0.000227066
2024 0.000227066
2025 0.000227066
2026 0.000227066
2027 0.000227066
2028 0.000227066
2029 0.000227066
2030 0.000227066
2031 0.000227066
2032 0.000227066
2033 0.000227066
2034 0.000227066
2035 0.000227066
2036 0.000227066
2037 0.000227066
2038 0.000227066
2039 0.000227066
2040 0.000227066
2041 0.000227066
2042 0.000227066
2043 0.000227066
2044 0.000227066
2045 0.000227066
2046 0.000227066
2047 0.000227066
2048 0.000227066
2049 0.000227066
2050 0.000227066
2051 0.000227066
2052 0.000227066
2053 0.000227066
2054 0.000227066
2055 0.000227066
2056 0.000227066
2057 0.000227066
2058 0.000227066
2059 0.000227066
2060 0.000227066
2061 0.000227066
2062 0.000227066
2063 0.000227066
2064 0.000227066
2065 0.000227066
2066 0.000227066
2067 0.000227066
2068 0.000227066
2069 0.000227066
2070 0.000227066
2071 0.000227066
2072 0.000227066
2073 0.000227066
2074 0.000227066
2075 0.000227066
2076 0.000227066
2077 0.000227066
2078 0.000227066
2079 0.000227066
2080 0.000227066
2081 0.000227066
2082 0.000227066
2083 0.000227066
2084 0.000227066
2085 0.000227066
2086 0.000227066
2087 0.000227066
2088 0.000227066
2089 0.000227066
2090 0.000227066
2091 0.000227066
2092 0.000227066
2093 0.000227066
2094 0.000227066
2095 0.000227066
2096 0.000227066
2097 0.000227066
2098 0.000227066
2099 0.000227066
2100 0.000227066
2101 0.000227066
2102 0.000227066
2103 0.000227066
2104 0.000227066
2105 0.000227066
2106 0.000227066
2107 0.000227066
2108 0.000227066
2109 0.000227066
2110 0.000227066
2111 0.000227066
2112 0.000227066
2113 0.000227066
2114 0.000227066
2115 0.000227066
2116 0.000227066
2117 0.000227066
2118 0.000227066
2119 0.000227066
2120 0.000227066
2121 0.000227066
2122 0.000227066
2123 0.000227066
2124 0.000227066
2125 0.000227066
2126 0.000227066
2127 0.000227066
2128 0.000227066
2129 0.000227066
2130 0.000227066
2131 0.000227066
2132 0.000227066
2133 0.000227066
2134 0.000227066
2135 0.000227066
2136 0.000227066
2137 0.000227066
2138 0.000227066
2139 0.000227066
2140 0.000227066
2141 0.000227066
2142 0.000227066
2143 0.000227066
2144 0.000227066
2145 0.000227066
2146 0.000227066
2147 0.000227066
2148 0.000227066
2149 0.000227066
2150 0.000227066
2151 0.000227066
2152 0.000227066
2153 0.000227066
2154 0.000227066
2155 0.000227066
2156 0.000227066
2157 0.000227066
2158 0.000227066
2159 0.000227066
2160 0.000227066
2161 0.000227066
2162 0.000227066
2163 0.000227066
2164 0.000227066
2165 0.000227066
2166 0.000227066
2167 0.000227066
2168 0.000227066
2169 0.000227066
2170 0.000227066
2171 0.000227066
2172 0.000227066
2173 0.000227066
2174 0.000227066
2175 0.000227066
2176 0.000227066
2177 0.000227066
2178 0.000227066
2179 0.000227066
2180 0.000227066
2181 0.000227066
2182 0.000227066
2183 0.000227066
2184 0.000227066
2185 0.000227066
2186 0.000227066
2187 0.000227066
2188 0.000227066
2189 0.000227066
2190 0.000227066
2191 0.000227066
2192 0.000227066
2193 0.000227066
2194 0.000227066
2195 0.000227066
2196 0.000227066
2197 0.000227066
2198 0.000227066
2199 0.000227066
2200 0.000227066
2201 0.000227066
2202 0.000227066
2203 0.000227066
2204 0.000227066
2205 0.000227066
2206 0.000227066
2207 0.000227066
2208 0.000227066
2209 0.000227066
2210 0.000227066
2211 0.000227066
2212 0.000227066
2213 0.000227066
2214 0.000227066
2215 0.000227066
2216 0.000227066
2217 0.000227066
2218 0.000227066
2219 0.000227066
2220 0.000227066
2221 0.000227066
2222 0.000227066
2223 0.000227066
2224 0.000227066
2225 0.000227066
2226 0.000227066
2227 0.000227066
2228 0.000227066
2229 0.000227066
2230 0.000227066
2231 0.000227066
2232 0.000227066
2233 0.000227066
2234 0.000227066
2235 0.000227066
2236 0.000227066
2237 0.000227066
2238 0.000227066
2239 0.000227066
2240 0.000227066
2241 0.000227066
2242 0.000227066
2243 0.000227066
2244 0.000227066
2245 0.000227066
2246 0.000227066
2247 0.000227066
2248 0.000227066
2249 0.000227066
2250 0.000227066
2251 0.000227066
2252 0.000227066
2253 0.000227066
2254 0.000227066
2255 0.000227066
2256 0.000227066
2257 0.000113533
2258 0.000113533
2259 0.000113533
2260 0.000113533
2261 0.000113533
2262 0.000113533
2263 0.000113533
2264 0.000113533
2265 0.000113533
2266 0.000113533
2267 0.000113533
2268 0.000113533
2269 0.000113533
2270 0.000113533
2271 0.000113533
2272 0.000113533
2273 0.000113533
2274 0.000113533
2275 0.000113533
2276 0.000113533
2277 0.000113533
2278 0.000113533
2279 0.000113533
2280 0.000113533
2281 0.000113533
2282 0.000113533
2283 0.000113533
2284 0.000113533
2285 0.000113533
2286 0.000113533
2287 0.000113533
2288 0.000113533
2289 0.000113533
2290 0.000113533
2291 0.000113533
2292 0.000113533
2293 0.000113533
2294 0.000113533
2295 0.000113533
2296 0.000113533
2297 0.000113533
2298 0.000113533
2299 0.000113533
2300 0.000113533
2301 0.000113533
2302 0.000113533
2303 0.000113533
2304 0.000113533
2305 0.000113533
2306 0.000113533
2307 0.000113533
2308 0.000113533
2309 0.000113533
2310 0.000113533
2311 0.000113533
2312 0.000113533
2313 0.000113533
2314 0.000113533
2315 0.000113533
2316 0.000113533
2317 0.000113533
2318 0.000113533
2319 0.000113533
2320 0.000113533
2321 0.000113533
2322 0.000113533
2323 0.000113533
2324 0.000113533
2325 0.000113533
2326 0.000113533
2327 0.000113533
2328 0.000113533
2329 0.000113533
2330 0.000113533
2331 0.000113533
2332 0.000113533
2333 0.000113533
2334 0.000113533
2335 0.000113533
2336 0.000113533
2337 0.000113533
2338 0.000113533
2339 0.000113533
2340 0.000113533
2341 0.000113533
2342 0.000113533
2343 0.000113533
2344 0.000113533
2345 0.000113533
2346 0.000113533
2347 0.000113533
2348 0.000113533
2349 0.000113533
2350 0.000113533
2351 0.000113533
2352 0.000113533
2353 0.000113533
2354 0.000113533
2355 0.000113533
2356 0.000113533
2357 0.000113533
2358 0.000113533
2359 0.000113533
2360 0.000113533
2361 0.000113533
2362 0.000113533
2363 0.000113533
2364 0.000113533
2365 0.000113533
2366 0.000113533
2367 0.000113533
2368 0.000113533
2369 0.000113533
2370 0.000113533
2371 0.000113533
2372 0.000113533
2373 0.000113533
2374 0.000113533
2375 0.000113533
2376 0.000113533
2377 0.000113533
2378 0.000113533
2379 0.000113533
2380 0.000113533
2381 0.000113533
2382 0.000113533
2383 0.000113533
2384 0.000113533
2385 0.000113533
2386 0.000113533
2387 0.000113533
2388 0.000113533
2389 0.000113533
2390 0.000113533
2391 0.000113533
2392 0.000113533
2393 0.000113533
2394 0.000113533
2395 0.000113533
2396 0.000113533
2397 0.000113533
2398 0.000113533
2399 0.000113533
2400 0.000113533
2401 0.000113533
2402 0.000113533
2403 0.000113533
2404 0.000113533
2405 0.000113533
2406 0.000113533
2407 0.000113533
2408 0.000113533
2409 0.000113533
2410 0.000113533
2411 0.000113533
2412 0.000113533
2413 0.000113533
2414 0.000113533
2415 0.000113533
2416 0.000113533
2417 0.000113533
2418 0.000113533
2419 0.000113533
2420 0.000113533
2421 0.000113533
2422 0.000113533
2423 0.000113533
2424 0.000113533
2425 0.000113533
2426 0.000113533
2427 0.000113533
2428 0.000113533
2429 0.000113533
2430 0.000113533
2431 0.000113533
2432 0.000113533
2433 0.000113533
2434 0.000113533
2435 0.000113533
2436 0.000113533
2437 0.000113533
2438 0.000113533
2439 0.000113533
2440 0.000113533
2441 0.000113533
2442 0.000113533
2443 0.000113533
2444 0.000113533
2445 0.000113533
2446 0.000113533
2447 0.000113533
2448 0.000113533
2449 0.000113533
2450 0.000113533
2451 0.000113533
2452 0.000113533
2453 0.000113533
2454 0.000113533
2455 0.000113533
2456 0.000113533
2457 0.000113533
2458 0.000113533
2459 0.000113533
2460 0.000113533
2461 0.000113533
2462 0.000113533
2463 0.000113533
2464 0.000113533
2465 0.000113533
2466 0.000113533
2467 0.000113533
2468 0.000113533
2469 0.000113533
2470 0.000113533
2471 0.000113533
2472 0.000113533
2473 0.000113533
2474 0.000113533
2475 0.000113533
2476 0.000113533
2477 0.000113533
2478 0.000113533
2479 0.000113533
2480 0.000113533
2481 0.000113533
2482 0.000113533
2483 0.000113533
2484 0.000113533
2485 0.000113533
2486 0.000113533
2487 0.000113533
2488 0.000113533
2489 0.000113533
2490 0.000113533
2491 0.000113533
2492 0.000113533
2493 0.000113533
2494 0.000113533
2495 0.000113533
2496 0.000113533
2497 0.000113533
2498 0.000113533
2499 0.000113533
2500 0.000113533
2501 0.000113533
2502 0.000113533
2503 0.000113533
2504 0.000113533
2505 0.000113533
2506 0.000113533
2507 0.000113533
2508 0.000113533
2509 0.000113533
2510 0.000113533
2511 0.000113533
2512 0.000113533
2513 0.000113533
2514 0.000113533
2515 0.000113533
2516 0.000113533
2517 0.000113533
2518 0.000113533
2519 0.000113533
2520 0.000113533
2521 0.000113533
2522 0.000113533
2523 0.000113533
2524 0.000113533
2525 0.000113533
2526 0.000113533
2527 0.000113533
2528 0.000113533
2529 0.000113533
2530 0.000113533
2531 0.000113533
2532 0.000113533
2533 0.000113533
2534 0.000113533
2535 0.000113533
2536 0.000113533
2537 0.000113533
2538 0.000113533
2539 0.000113533
2540 0.000113533
2541 0.000113533
2542 0.000113533
2543 0.000113533
2544 0.000113533
2545 0.000113533
2546 0.000113533
2547 0.000113533
2548 0.000113533
2549 0.000113533
2550 0.000113533
2551 0.000113533
2552 0.000113533
2553 0.000113533
2554 0.000113533
2555 0.000113533
2556 0.000113533
2557 0.000113533
2558 0.000113533
2559 0.000113533
2560 0.000113533
2561 0.000113533
2562 0.000113533
2563 0.000113533
2564 0.000113533
2565 0.000113533
2566 0.000113533
2567 0.000113533
2568 0.000113533
2569 0.000113533
2570 0.000113533
2571 0.000113533
2572 0.000113533
2573 0.000113533
2574 0.000113533
2575 0.000113533
2576 0.000113533
2577 0.000113533
2578 0.000113533
2579 0.000113533
2580 0.000113533
2581 0.000113533
2582 0.000113533
2583 0.000113533
2584 0.000113533
2585 0.000113533
2586 0.000113533
2587 0.000113533
2588 0.000113533
2589 0.000113533
2590 0.000113533
2591 0.000113533
2592 0.000113533
2593 0.000113533
2594 0.000113533
2595 0.000113533
2596 0.000113533
2597 0.000113533
2598 0.000113533
2599 0.000113533
2600 0.000113533
2601 0.000113533
2602 0.000113533
2603 0.000113533
2604 0.000113533
2605 0.000113533
2606 0.000113533
2607 0.000113533
2608 0.000113533
2609 0.000113533
2610 0.000113533
2611 0.000113533
2612 0.000113533
2613 0.000113533
2614 0.000113533
2615 0.000113533
2616 0.000113533
2617 0.000113533
2618 0.000113533
2619 0.000113533
2620 0.000113533
2621 0.000113533
2622 0.000113533
2623 0.000113533
2624 0.000113533
2625 0.000113533
2626 0.000113533
2627 0.000113533
2628 0.000113533
2629 0.000113533
2630 0.000113533
2631 0.000113533
2632 0.000113533
2633 0.000113533
2634 0.000113533
2635 0.000113533
2636 0.000113533
2637 0.000113533
2638 0.000113533
2639 0.000113533
2640 0.000113533
2641 0.000113533
2642 0.000113533
2643 0.000113533
2644 0.000113533
2645 0.000113533
2646 0.000113533
2647 0.000113533
2648 0.000113533
2649 0.000113533
2650 0.000113533
2651 0.000113533
2652 0.000113533
2653 0.000113533
2654 0.000113533
2655 0.000113533
2656 0.000113533
2657 0.000113533
2658 0.000113533
2659 0.000113533
2660 0.000113533
2661 0.000113533
2662 0.000113533
2663 0.000113533
2664 0.000113533
2665 0.000113533
2666 0.000113533
2667 0.000113533
2668 0.000113533
2669 0.000113533
2670 0.000113533
2671 0.000113533
2672 0.000113533
2673 0.000113533
2674 0.000113533
2675 0.000113533
2676 0.000113533
2677 0.000113533
2678 0.000113533
2679 0.000113533
2680 0.000113533
2681 0.000113533
2682 0.000113533
2683 0.000113533
2684 0.000113533
2685 0.000113533
2686 0.000113533
2687 0.000113533
2688 0.000113533
2689 0.000113533
2690 0.000113533
2691 0.000113533
2692 0.000113533
2693 0.000113533
2694 0.000113533
2695 0.000113533
2696 0.000113533
2697 0.000113533
2698 0.000113533
2699 0.000113533
2700 0.000113533
2701 0.000113533
2702 0.000113533
2703 0.000113533
2704 0.000113533
2705 0.000113533
2706 0.000113533
2707 0.000113533
2708 0.000113533
2709 0.000113533
2710 0.000113533
2711 0.000113533
2712 0.000113533
2713 0.000113533
2714 0.000113533
2715 0.000113533
2716 0.000113533
2717 0.000113533
2718 0.000113533
2719 0.000113533
2720 0.000113533
2721 0.000113533
2722 0.000113533
2723 0.000113533
2724 0.000113533
2725 0.000113533
2726 0.000113533
2727 0.000113533
2728 0.000113533
2729 0.000113533
2730 0.000113533
2731 0.000113533
2732 0.000113533
2733 0.000113533
2734 0.000113533
2735 0.000113533
2736 0.000113533
2737 0.000113533
2738 0.000113533
2739 0.000113533
2740 0.000113533
2741 0.000113533
2742 0.000113533
2743 0.000113533
2744 0.000113533
2745 0.000113533
2746 0.000113533
2747 0.000113533
2748 0.000113533
2749 0.000113533
2750 0.000113533
2751 0.000113533
2752 0.000113533
2753 0.000113533
2754 0.000113533
2755 0.000113533
2756 0.000113533
2757 0.000113533
2758 0.000113533
2759 0.000113533
2760 0.000113533
2761 0.000113533
2762 0.000113533
2763 0.000113533
2764 0.000113533
2765 0.000113533
2766 0.000113533
2767 0.000113533
2768 0.000113533
2769 0.000113533
2770 0.000113533
2771 0.000113533
2772 0.000113533
2773 0.000113533
2774 0.000113533
2775 0.000113533
2776 0.000113533
2777 0.000113533
2778 0.000113533
2779 0.000113533
2780 0.000113533
2781 0.000113533
2782 0.000113533
2783 0.000113533
2784 0.000113533
2785 0.000113533
2786 0.000113533
2787 0.000113533
2788 0.000113533
2789 0.000113533
2790 0.000113533
2791 0.000113533
2792 0.000113533
2793 0.000113533
2794 0.000113533
2795 0.000113533
2796 0.000113533
2797 0.000113533
2798 0.000113533
2799 0.000113533
2800 0.000113533
2801 0.000113533
2802 0.000113533
2803 0.000113533
2804 0.000113533
2805 0.000113533
2806 0.000113533
2807 0.000113533
2808 0.000113533
2809 0.000113533
2810 0.000113533
2811 0.000113533
2812 0.000113533
2813 0.000113533
2814 0.000113533
2815 0.000113533
2816 0.000113533
2817 0.000113533
2818 0.000113533
2819 0.000113533
2820 0.000113533
2821 0.000113533
2822 0.000113533
2823 0.000113533
2824 0.000113533
2825 0.000113533
2826 0.000113533
2827 0.000113533
2828 0.000113533
2829 0.000113533
2830 0.000113533
2831 0.000113533
2832 0.000113533
2833 0.000113533
2834 0.000113533
2835 0.000113533
2836 0.000113533
2837 0.000113533
2838 0.000113533
2839 0.000113533
2840 0.000113533
2841 0.000113533
2842 0.000113533
2843 0.000113533
2844 0.000113533
2845 0.000113533
2846 0.000113533
2847 0.000113533
2848 0.000113533
2849 0.000113533
2850 0.000113533
2851 0.000113533
2852 0.000113533
2853 0.000113533
2854 0.000113533
2855 0.000113533
2856 0.000113533
2857 0.000113533
2858 0.000113533
2859 0.000113533
2860 0.000113533
2861 0.000113533
2862 0.000113533
2863 0.000113533
2864 0.000113533
