0 1
1 1
2 1
3 1
4 1
5 0.870133
6 0.754255
7 0.64374
8 0.554908
9 0.471905
10 0.405922
11 0.345535
12 0.292609
13 0.257869
14 0.221264
15 0.192586
16 0.170436
17 0.147587
18 0.1301
19 0.115178
20 0.103521
21 0.0932618
22 0.0816041
23 0.0729774
24 0.0650501
25 0.0585218
26 0.0552576
27 0.0494288
28 0.0445325
29 0.0412684
30 0.0373047
31 0.0326416
32 0.0291443
33 0.0270459
34 0.0240149
35 0.0214502
36 0.0186524
37 0.0163208
38 0.0153882
39 0.0146887
40 0.0130567
41 0.0118909
42 0.0109583
43 0.0107251
44 0.00979249
45 0.00792726
46 0.00699464
47 0.00676148
48 0.00676148
49 0.00629517
50 0.00559571
51 0.00536256
52 0.00466309
53 0.00419678
54 0.00373047
55 0.00349732
56 0.00326416
57 0.00303101
58 0.00303101
59 0.00279786
60 0.00279786
61 0.0025647
62 0.00233155
63 0.00233155
64 0.00209839
65 0.00139893
66 0.00139893
67 0.00116577
68 0.000932618
69 0.000932618
70 0.000932618
71 0.000699464
72 0.000699464
73 0.000699464
74 0.000699464
75 0.000466309
76 0.000466309
77 0.000466309
78 0.000466309
79 0.000233155
80 0.000233155
81 0.000233155
82 0.000233155
83 0.000233155
84 0.000233155
85 0.000233155
