0 1
1 1
2 1
3 1
4 1
5 0.960428
6 0.924941
7 0.888243
8 0.851576
9 0.818479
10 0.787378
11 0.756973
12 0.730744
13 0.704272
14 0.681128
15 0.660495
16 0.640558
17 0.620742
18 0.603588
19 0.587191
20 0.571671
21 0.554577
22 0.54054
23 0.527258
24 0.513886
25 0.50233
26 0.491832
27 0.480819
28 0.470019
29 0.4594
30 0.449295
31 0.44028
32 0.431294
33 0.42361
34 0.415381
35 0.408725
36 0.401162
37 0.394173
38 0.388486
39 0.381648
40 0.375779
41 0.369486
42 0.363496
43 0.358081
44 0.352605
45 0.347371
46 0.341895
47 0.33775
48 0.333303
49 0.328644
50 0.323985
51 0.318963
52 0.314153
53 0.309282
54 0.305409
55 0.301023
56 0.297634
57 0.293943
58 0.290404
59 0.286471
60 0.282719
61 0.278544
62 0.275126
63 0.271888
64 0.268258
65 0.265172
66 0.261542
67 0.258395
68 0.255249
69 0.252314
70 0.250045
71 0.24699
72 0.24463
73 0.242331
74 0.239336
75 0.236825
76 0.234737
77 0.232166
78 0.230199
79 0.228202
80 0.225933
81 0.223846
82 0.221728
83 0.219731
84 0.217493
85 0.214951
86 0.212501
87 0.210353
88 0.208659
89 0.206813
90 0.204816
91 0.203062
92 0.201246
93 0.199613
94 0.197646
95 0.195982
96 0.19453
97 0.193108
98 0.191293
99 0.189538
100 0.188147
101 0.186483
102 0.185031
103 0.183276
104 0.181461
105 0.179706
106 0.178345
107 0.176469
108 0.175047
109 0.173897
110 0.172475
111 0.171053
112 0.169117
113 0.168028
114 0.166394
115 0.165124
116 0.163853
117 0.162734
118 0.161312
119 0.159678
120 0.158317
121 0.157046
122 0.155896
123 0.155019
124 0.153779
125 0.152901
126 0.151873
127 0.150602
128 0.149725
129 0.148726
130 0.147577
131 0.146185
132 0.145429
133 0.144249
134 0.143341
135 0.142464
136 0.140921
137 0.139983
138 0.138743
139 0.137472
140 0.136413
141 0.135445
142 0.134386
143 0.133842
144 0.13251
145 0.131633
146 0.130695
147 0.129636
148 0.12885
149 0.128093
150 0.127307
151 0.12652
152 0.125552
153 0.124947
154 0.123979
155 0.123192
156 0.122285
157 0.121468
158 0.120772
159 0.120167
160 0.119592
161 0.119048
162 0.118382
163 0.117444
164 0.116779
165 0.116022
166 0.115145
167 0.114328
168 0.113451
169 0.112815
170 0.112271
171 0.111575
172 0.110909
173 0.110183
174 0.109699
175 0.108671
176 0.107914
177 0.106916
178 0.10619
179 0.105766
180 0.10498
181 0.104435
182 0.103709
183 0.103316
184 0.102922
185 0.101985
186 0.101561
187 0.100805
188 0.1002
189 0.0995644
190 0.0992316
191 0.0988383
192 0.0985357
193 0.0981122
194 0.0975676
195 0.0968415
196 0.0963877
197 0.0958432
198 0.0953289
199 0.0947843
200 0.0943305
201 0.0935439
202 0.0930598
203 0.0924245
204 0.092001
205 0.0913656
206 0.0908211
207 0.090337
208 0.0897017
209 0.0892479
210 0.0886731
211 0.088189
212 0.087826
213 0.0874629
214 0.0869184
215 0.0863436
216 0.0858595
217 0.0853452
218 0.0848006
219 0.0842561
220 0.0839233
221 0.083651
222 0.0833787
223 0.0828341
224 0.0824409
225 0.0821383
226 0.081624
227 0.0813215
228 0.0808072
229 0.0802021
230 0.0797785
231 0.0791735
232 0.0787802
233 0.0782659
234 0.077691
235 0.077328
236 0.076844
237 0.0763599
238 0.0757851
239 0.075301
240 0.074817
241 0.0744237
242 0.0741211
243 0.0737581
244 0.0733648
245 0.073032
246 0.0725177
247 0.0721244
248 0.0717614
249 0.0714286
250 0.0710353
251 0.070642
252 0.0702184
253 0.0697041
254 0.0691898
255 0.0686755
256 0.068373
257 0.0680099
258 0.0675864
259 0.0672838
260 0.0669511
261 0.066588
262 0.0662552
263 0.0658922
264 0.0654384
265 0.0648938
266 0.0644703
267 0.064198
268 0.0638047
269 0.0634114
270 0.0629878
271 0.062655
272 0.0623223
273 0.0618685
274 0.0614752
275 0.0609609
276 0.0606281
277 0.0602953
278 0.0597507
279 0.0593272
280 0.0588734
281 0.0586011
282 0.0583288
283 0.0579355
284 0.0577237
285 0.0573909
286 0.0570884
287 0.0567859
288 0.0563926
289 0.0561505
290 0.0557572
291 0.0555757
292 0.0552732
293 0.0550312
294 0.0547589
295 0.0544563
296 0.0541236
297 0.0538815
298 0.053458
299 0.0530042
300 0.0525504
301 0.0522478
302 0.0519453
303 0.0516125
304 0.0513402
305 0.0509772
306 0.0506444
307 0.0503116
308 0.0501603
309 0.0499788
310 0.0499486
311 0.0496763
312 0.049283
313 0.049041
314 0.0488292
315 0.0485872
316 0.0484056
317 0.0481334
318 0.0477703
319 0.0474375
320 0.0472863
321 0.046893
322 0.0464694
323 0.0462274
324 0.0460156
325 0.0456828
326 0.0455013
327 0.0454105
328 0.044987
329 0.0448357
330 0.0446845
331 0.0444424
332 0.0443214
333 0.0441399
334 0.0439584
335 0.0436861
336 0.0435348
337 0.0432323
338 0.0429903
339 0.0427482
340 0.0425365
341 0.0423247
342 0.0421432
343 0.0419919
344 0.0415986
345 0.0413868
346 0.0412356
347 0.0411145
348 0.0410238
349 0.0407818
350 0.0406002
351 0.0404792
352 0.0402674
353 0.0399649
354 0.0396624
355 0.0394506
356 0.0393598
357 0.0391481
358 0.0389968
359 0.038906
360 0.0386943
361 0.038422
362 0.0382102
363 0.0379682
364 0.0378169
365 0.0374841
366 0.0371513
367 0.0370001
368 0.0368185
369 0.036516
370 0.0363647
371 0.0360925
372 0.0358807
373 0.0356992
374 0.0355479
375 0.0353059
376 0.0351243
377 0.0350336
378 0.0347008
379 0.0345193
380 0.0343983
381 0.0343075
382 0.0340957
383 0.0339445
384 0.0337629
385 0.0336722
386 0.0335814
387 0.0331881
388 0.0330369
389 0.0327948
390 0.0326738
391 0.0324318
392 0.0323108
393 0.0321292
394 0.0320687
395 0.0320082
396 0.0319477
397 0.0317662
398 0.0315847
399 0.0315544
400 0.0314334
401 0.0312519
402 0.0311914
403 0.0310099
404 0.0308888
405 0.0307678
406 0.0307073
407 0.0304956
408 0.030314
409 0.0302535
410 0.0301325
411 0.0300115
412 0.0297695
413 0.0297392
414 0.0295577
415 0.0293762
416 0.0292249
417 0.0291039
418 0.0290736
419 0.0290434
420 0.0288316
421 0.0286501
422 0.0285291
423 0.0284383
424 0.0284081
425 0.0282265
426 0.0281358
427 0.028045
428 0.0278332
429 0.0276215
430 0.0274702
431 0.0272282
432 0.0269256
433 0.0268349
434 0.0267441
435 0.0265626
436 0.0264718
437 0.0263811
438 0.0263206
439 0.0260785
440 0.0259575
441 0.0258668
442 0.0257155
443 0.025655
444 0.025534
445 0.0254735
446 0.0253827
447 0.0252919
448 0.0252617
449 0.0252012
450 0.0251709
451 0.0251407
452 0.0249289
453 0.0248079
454 0.0246566
455 0.0245659
456 0.0245659
457 0.0244146
458 0.0243541
459 0.0242331
460 0.0240516
461 0.0240516
462 0.0239305
463 0.0238398
464 0.0236885
465 0.023628
466 0.0234465
467 0.0234162
468 0.0232347
469 0.0231742
470 0.0231137
471 0.0229624
472 0.0229019
473 0.0227506
474 0.0226296
475 0.0226296
476 0.0224481
477 0.0223876
478 0.0223574
479 0.0222666
480 0.0221456
481 0.0220851
482 0.0220246
483 0.0219641
484 0.021843
485 0.0216615
486 0.0215405
487 0.02148
488 0.0213892
489 0.0212682
490 0.0212077
491 0.0211472
492 0.0210867
493 0.0210565
494 0.0209959
495 0.0208749
496 0.0207539
497 0.0206934
498 0.0206027
499 0.0204816
500 0.0203909
501 0.0203001
502 0.0201488
503 0.0199976
504 0.0199371
505 0.019695
506 0.019453
507 0.019332
508 0.0192715
509 0.0192412
510 0.0190597
511 0.018969
512 0.0188479
513 0.0188177
514 0.0187874
515 0.0187269
516 0.0186362
517 0.0185152
518 0.0184244
519 0.0183336
520 0.0182126
521 0.0181521
522 0.0180311
523 0.0179101
524 0.0178193
525 0.0177891
526 0.0177286
527 0.0176681
528 0.0174865
529 0.017426
530 0.0173655
531 0.0172748
532 0.0171537
533 0.0171235
534 0.0170932
535 0.0170025
536 0.0168815
537 0.016821
538 0.0167302
539 0.0166394
540 0.0165487
541 0.0165184
542 0.0164579
543 0.0163369
544 0.0163369
545 0.0162461
546 0.0161856
547 0.0161856
548 0.0161554
549 0.0161251
550 0.0160949
551 0.0159739
552 0.0159134
553 0.0158528
554 0.0158226
555 0.0157318
556 0.0156108
557 0.0154898
558 0.0154898
559 0.0154898
560 0.015399
561 0.0153385
562 0.015278
563 0.0152478
564 0.0150965
565 0.0149755
566 0.0149452
567 0.0148545
568 0.0147637
569 0.0146427
570 0.0145217
571 0.0144612
572 0.0143402
573 0.0143402
574 0.0142494
575 0.0141889
576 0.0141586
577 0.0139771
578 0.0139469
579 0.0139166
580 0.0138864
581 0.0138864
582 0.0138864
583 0.0137654
584 0.0137654
585 0.0137048
586 0.0136141
587 0.0134931
588 0.0134326
589 0.0133418
590 0.0133116
591 0.0131905
592 0.0131603
593 0.0130998
594 0.0129788
595 0.0129183
596 0.012888
597 0.0128275
598 0.0127972
599 0.012646
600 0.0125855
601 0.0125552
602 0.0125552
603 0.012525
604 0.0124947
605 0.0123737
606 0.0122829
607 0.0122527
608 0.0122224
609 0.0122224
610 0.0121922
611 0.0121922
612 0.0121317
613 0.0119804
614 0.0119501
615 0.0118896
616 0.0117989
617 0.0117384
618 0.0117081
619 0.0116174
620 0.0115266
621 0.0114661
622 0.0114661
623 0.0114358
624 0.0113451
625 0.0113451
626 0.0112846
627 0.0111938
628 0.0111636
629 0.011103
630 0.0110728
631 0.0110123
632 0.010982
633 0.0109215
634 0.0108308
635 0.0108308
636 0.01074
637 0.0106795
638 0.010619
639 0.0105887
640 0.010498
641 0.010498
642 0.0104677
643 0.0104072
644 0.010377
645 0.0103467
646 0.0103165
647 0.0102559
648 0.0102257
649 0.0101652
650 0.0101047
651 0.0100744
652 0.0100744
653 0.00998366
654 0.00998366
655 0.00995341
656 0.00980214
657 0.00977189
658 0.00977189
659 0.00971138
660 0.00965087
661 0.00959037
662 0.00946935
663 0.00946935
664 0.00946935
665 0.0094391
666 0.00940885
667 0.00937859
668 0.00934834
669 0.00931809
670 0.00925758
671 0.00925758
672 0.00922733
673 0.00919707
674 0.00913656
675 0.00910631
676 0.0090458
677 0.00901555
678 0.0089853
679 0.0089853
680 0.0089853
681 0.00892479
682 0.00889454
683 0.00889454
684 0.00883403
685 0.00883403
686 0.00883403
687 0.00874327
688 0.00874327
689 0.00868276
690 0.00868276
691 0.00865251
692 0.008592
693 0.00856175
694 0.00856175
695 0.00850124
696 0.00841048
697 0.00838023
698 0.00834997
699 0.00831972
700 0.00828947
701 0.00825921
702 0.00819871
703 0.00819871
704 0.00819871
705 0.00810794
706 0.00804744
707 0.00804744
708 0.00798693
709 0.00798693
710 0.00798693
711 0.00798693
712 0.00792642
713 0.00786592
714 0.00786592
715 0.00780541
716 0.0077449
717 0.00771465
718 0.00771465
719 0.0076844
720 0.00762389
721 0.00756338
722 0.00750287
723 0.00747262
724 0.00744237
725 0.00744237
726 0.00735161
727 0.0072911
728 0.00720034
729 0.00720034
730 0.00720034
731 0.00717009
732 0.00713983
733 0.00710958
734 0.00707932
735 0.00701882
736 0.00701882
737 0.00701882
738 0.00698856
739 0.00698856
740 0.00695831
741 0.00695831
742 0.0068978
743 0.0068978
744 0.0068373
745 0.00677679
746 0.00677679
747 0.00677679
748 0.00674654
749 0.00671628
750 0.00668603
751 0.00662552
752 0.00662552
753 0.00656501
754 0.00653476
755 0.00653476
756 0.00647425
757 0.006444
758 0.00638349
759 0.00635324
760 0.00635324
761 0.00635324
762 0.00626248
763 0.00626248
764 0.00626248
765 0.00623223
766 0.00623223
767 0.00617172
768 0.00617172
769 0.00614147
770 0.00611121
771 0.00608096
772 0.00608096
773 0.0060507
774 0.00602045
775 0.0059902
776 0.00595994
777 0.00589944
778 0.00583893
779 0.00580868
780 0.00577842
781 0.00574817
782 0.00574817
783 0.00571792
784 0.00571792
785 0.00571792
786 0.00568766
787 0.00562716
788 0.0055969
789 0.00556665
790 0.0055364
791 0.0055364
792 0.00550614
793 0.00550614
794 0.00550614
795 0.00547589
796 0.00547589
797 0.00547589
798 0.00547589
799 0.00547589
800 0.00544563
801 0.00544563
802 0.00544563
803 0.00541538
804 0.00541538
805 0.00541538
806 0.00541538
807 0.00538513
808 0.00538513
809 0.00538513
810 0.00538513
811 0.00532462
812 0.00532462
813 0.00523386
814 0.00523386
815 0.00520361
816 0.00520361
817 0.00517335
818 0.00511285
819 0.00511285
820 0.00508259
821 0.00505234
822 0.00502209
823 0.00502209
824 0.00502209
825 0.00502209
826 0.00496158
827 0.00496158
828 0.00490107
829 0.00490107
830 0.00487082
831 0.00484056
832 0.00484056
833 0.00484056
834 0.00484056
835 0.00484056
836 0.00484056
837 0.00484056
838 0.00481031
839 0.0047498
840 0.00471955
841 0.0046893
842 0.0046893
843 0.0046893
844 0.00465904
845 0.00456828
846 0.00456828
847 0.00456828
848 0.00456828
849 0.00456828
850 0.00450777
851 0.00450777
852 0.00447752
853 0.00447752
854 0.00444727
855 0.00444727
856 0.00441701
857 0.00438676
858 0.00438676
859 0.00435651
860 0.00435651
861 0.00435651
862 0.00435651
863 0.00435651
864 0.00435651
865 0.004296
866 0.004296
867 0.00423549
868 0.00420524
869 0.00411448
870 0.00408423
871 0.00405397
872 0.00405397
873 0.00402372
874 0.00402372
875 0.00402372
876 0.00402372
877 0.00399347
878 0.00396321
879 0.00396321
880 0.00396321
881 0.00396321
882 0.0039027
883 0.0039027
884 0.00387245
885 0.0038422
886 0.0038422
887 0.0038422
888 0.00378169
889 0.00378169
890 0.00378169
891 0.00375144
892 0.00375144
893 0.00372118
894 0.00372118
895 0.00372118
896 0.00369093
897 0.00366068
898 0.00363042
899 0.00363042
900 0.00363042
901 0.00360017
902 0.00356992
903 0.00356992
904 0.00356992
905 0.00356992
906 0.00353966
907 0.00350941
908 0.00350941
909 0.00350941
910 0.00350941
911 0.00347916
912 0.00347916
913 0.00347916
914 0.00347916
915 0.0034489
916 0.0034489
917 0.0034489
918 0.0034489
919 0.00341865
920 0.00341865
921 0.00341865
922 0.00338839
923 0.00338839
924 0.00332789
925 0.00329763
926 0.00323713
927 0.00323713
928 0.00323713
929 0.00320687
930 0.00320687
931 0.00317662
932 0.00317662
933 0.00317662
934 0.00314637
935 0.00314637
936 0.00311611
937 0.00305561
938 0.0029951
939 0.0029951
940 0.0029951
941 0.0029951
942 0.00296485
943 0.00296485
944 0.00293459
945 0.00287408
946 0.00287408
947 0.00287408
948 0.00287408
949 0.00287408
950 0.00284383
951 0.00281358
952 0.00281358
953 0.00278332
954 0.00278332
955 0.00278332
956 0.00269256
957 0.00266231
958 0.00263206
959 0.00263206
960 0.00263206
961 0.00263206
962 0.0026018
963 0.0025413
964 0.0025413
965 0.00251104
966 0.00251104
967 0.00251104
968 0.00251104
969 0.00248079
970 0.00248079
971 0.00245054
972 0.00245054
973 0.00242028
974 0.00242028
975 0.00242028
976 0.00242028
977 0.00242028
978 0.00242028
979 0.00242028
980 0.00239003
981 0.00235977
982 0.00235977
983 0.00235977
984 0.00232952
985 0.00232952
986 0.00229927
987 0.00229927
988 0.00229927
989 0.00229927
990 0.00229927
991 0.00229927
992 0.00223876
993 0.00223876
994 0.00223876
995 0.00223876
996 0.00223876
997 0.00223876
998 0.00217825
999 0.00217825
1000 0.00217825
1001 0.00217825
1002 0.00217825
1003 0.00217825
1004 0.00217825
1005 0.00217825
1006 0.00217825
1007 0.002148
1008 0.002148
1009 0.00211775
1010 0.00211775
1011 0.00211775
1012 0.00211775
1013 0.00211775
1014 0.00208749
1015 0.00205724
1016 0.00202699
1017 0.00202699
1018 0.00202699
1019 0.00202699
1020 0.00202699
1021 0.00199673
1022 0.00199673
1023 0.00187572
1024 0.00187572
1025 0.00187572
1026 0.00187572
1027 0.00187572
1028 0.00187572
1029 0.00187572
1030 0.00187572
1031 0.00187572
1032 0.00184547
1033 0.00184547
1034 0.00181521
1035 0.00178496
1036 0.00178496
1037 0.00178496
1038 0.00178496
1039 0.00178496
1040 0.00178496
1041 0.0017547
1042 0.00172445
1043 0.00172445
1044 0.00172445
1045 0.00172445
1046 0.00172445
1047 0.00172445
1048 0.0016942
1049 0.0016942
1050 0.0016942
1051 0.0016942
1052 0.0016942
1053 0.0016942
1054 0.0016942
1055 0.0016942
1056 0.0016942
1057 0.0016942
1058 0.0016942
1059 0.0016942
1060 0.0016942
1061 0.0016942
1062 0.0016942
1063 0.0016942
1064 0.00166394
1065 0.00166394
1066 0.00166394
1067 0.00166394
1068 0.00166394
1069 0.00166394
1070 0.00163369
1071 0.00163369
1072 0.00163369
1073 0.00157318
1074 0.00157318
1075 0.00157318
1076 0.00157318
1077 0.00154293
1078 0.00151268
1079 0.00151268
1080 0.00145217
1081 0.00145217
1082 0.00145217
1083 0.00142192
1084 0.00142192
1085 0.00142192
1086 0.00139166
1087 0.00139166
1088 0.00139166
1089 0.00139166
1090 0.00139166
1091 0.00139166
1092 0.00139166
1093 0.00136141
1094 0.00136141
1095 0.00136141
1096 0.00133116
1097 0.00133116
1098 0.00133116
1099 0.00133116
1100 0.00133116
1101 0.00133116
1102 0.00133116
1103 0.00133116
1104 0.00133116
1105 0.0013009
1106 0.0013009
1107 0.0013009
1108 0.0013009
1109 0.0013009
1110 0.0013009
1111 0.0013009
1112 0.0013009
1113 0.0013009
1114 0.0013009
1115 0.0013009
1116 0.00127065
1117 0.00124039
1118 0.00124039
1119 0.00124039
1120 0.00124039
1121 0.00124039
1122 0.00124039
1123 0.00124039
1124 0.00124039
1125 0.00124039
1126 0.00124039
1127 0.00124039
1128 0.00124039
1129 0.00121014
1130 0.00121014
1131 0.00121014
1132 0.00121014
1133 0.00121014
1134 0.00121014
1135 0.00121014
1136 0.00121014
1137 0.00117989
1138 0.00117989
1139 0.00117989
1140 0.00117989
1141 0.00117989
1142 0.00117989
1143 0.00117989
1144 0.00117989
1145 0.00111938
1146 0.00108913
1147 0.00108913
1148 0.00102862
1149 0.00102862
1150 0.00102862
1151 0.00102862
1152 0.00102862
1153 0.00102862
1154 0.00102862
1155 0.00102862
1156 0.00102862
1157 0.00102862
1158 0.00102862
1159 0.00102862
1160 0.00102862
1161 0.00102862
1162 0.00102862
1163 0.00102862
1164 0.00102862
1165 0.00102862
1166 0.00102862
1167 0.00102862
1168 0.00102862
1169 0.000998366
1170 0.000998366
1171 0.000998366
1172 0.000968113
1173 0.000968113
1174 0.000968113
1175 0.000968113
1176 0.000968113
1177 0.000937859
1178 0.000937859
1179 0.000937859
1180 0.000937859
1181 0.000937859
1182 0.000937859
1183 0.000937859
1184 0.000937859
1185 0.000907606
1186 0.000907606
1187 0.000907606
1188 0.000907606
1189 0.000907606
1190 0.000907606
1191 0.000907606
1192 0.000907606
1193 0.000907606
1194 0.000907606
1195 0.000907606
1196 0.000907606
1197 0.000877352
1198 0.000877352
1199 0.000877352
1200 0.000847099
1201 0.000847099
1202 0.000847099
1203 0.000847099
1204 0.000847099
1205 0.000847099
1206 0.000816845
1207 0.000816845
1208 0.000816845
1209 0.000816845
1210 0.000816845
1211 0.000786592
1212 0.000786592
1213 0.000786592
1214 0.000786592
1215 0.000786592
1216 0.000786592
1217 0.000786592
1218 0.000786592
1219 0.000786592
1220 0.000786592
1221 0.000786592
1222 0.000786592
1223 0.000786592
1224 0.000786592
1225 0.000786592
1226 0.000786592
1227 0.000786592
1228 0.000786592
1229 0.000786592
1230 0.000756338
1231 0.000756338
1232 0.000756338
1233 0.000756338
1234 0.000756338
1235 0.000756338
1236 0.000756338
1237 0.000726085
1238 0.000726085
1239 0.000726085
1240 0.000726085
1241 0.000726085
1242 0.000726085
1243 0.000726085
1244 0.000726085
1245 0.000726085
1246 0.000726085
1247 0.000726085
1248 0.000726085
1249 0.000726085
1250 0.000695831
1251 0.000695831
1252 0.000695831
1253 0.000695831
1254 0.000695831
1255 0.000695831
1256 0.000695831
1257 0.000695831
1258 0.000695831
1259 0.000695831
1260 0.000695831
1261 0.000695831
1262 0.000695831
1263 0.000695831
1264 0.000695831
1265 0.000665578
1266 0.000665578
1267 0.000665578
1268 0.000635324
1269 0.000635324
1270 0.000635324
1271 0.000635324
1272 0.000635324
1273 0.000635324
1274 0.000635324
1275 0.000635324
1276 0.000635324
1277 0.000635324
1278 0.000635324
1279 0.00060507
1280 0.00060507
1281 0.00060507
1282 0.00060507
1283 0.00060507
1284 0.00060507
1285 0.00060507
1286 0.00060507
1287 0.000574817
1288 0.000574817
1289 0.000544563
1290 0.000544563
1291 0.000544563
1292 0.00051431
1293 0.00051431
1294 0.000484056
1295 0.000484056
1296 0.000484056
1297 0.000484056
1298 0.000484056
1299 0.000484056
1300 0.000484056
1301 0.000484056
1302 0.000484056
1303 0.000484056
1304 0.000453803
1305 0.000453803
1306 0.000453803
1307 0.000453803
1308 0.000453803
1309 0.000453803
1310 0.000453803
1311 0.000453803
1312 0.000393296
1313 0.000393296
1314 0.000393296
1315 0.000393296
1316 0.000393296
1317 0.000393296
1318 0.000393296
1319 0.000393296
1320 0.000393296
1321 0.000393296
1322 0.000393296
1323 0.000393296
1324 0.000393296
1325 0.000393296
1326 0.000393296
1327 0.000393296
1328 0.000393296
1329 0.000393296
1330 0.000393296
1331 0.000393296
1332 0.000393296
1333 0.000393296
1334 0.000393296
1335 0.000393296
1336 0.000393296
1337 0.000393296
1338 0.000363042
1339 0.000363042
1340 0.000363042
1341 0.000363042
1342 0.000363042
1343 0.000363042
1344 0.000363042
1345 0.000363042
1346 0.000363042
1347 0.000363042
1348 0.000363042
1349 0.000363042
1350 0.000363042
1351 0.000363042
1352 0.000363042
1353 0.000363042
1354 0.000363042
1355 0.000363042
1356 0.000363042
1357 0.000363042
1358 0.000363042
1359 0.000363042
1360 0.000363042
1361 0.000363042
1362 0.000363042
1363 0.000363042
1364 0.000363042
1365 0.000363042
1366 0.000363042
1367 0.000363042
1368 0.000363042
1369 0.000363042
1370 0.000363042
1371 0.000363042
1372 0.000363042
1373 0.000363042
1374 0.000363042
1375 0.000363042
1376 0.000332789
1377 0.000332789
1378 0.000332789
1379 0.000332789
1380 0.000332789
1381 0.000332789
1382 0.000332789
1383 0.000332789
1384 0.000332789
1385 0.000332789
1386 0.000332789
1387 0.000332789
1388 0.000332789
1389 0.000332789
1390 0.000332789
1391 0.000332789
1392 0.000332789
1393 0.000332789
1394 0.000332789
1395 0.000332789
1396 0.000332789
1397 0.000332789
1398 0.000332789
1399 0.000332789
1400 0.000332789
1401 0.000332789
1402 0.000332789
1403 0.000332789
1404 0.000332789
1405 0.000332789
1406 0.000332789
1407 0.000332789
1408 0.000332789
1409 0.000332789
1410 0.000332789
1411 0.000332789
1412 0.000332789
1413 0.000332789
1414 0.000332789
1415 0.000332789
1416 0.000332789
1417 0.000332789
1418 0.000332789
1419 0.000332789
1420 0.000332789
1421 0.000332789
1422 0.000332789
1423 0.000332789
1424 0.000332789
1425 0.000332789
1426 0.000332789
1427 0.000332789
1428 0.000332789
1429 0.000302535
1430 0.000302535
1431 0.000302535
1432 0.000302535
1433 0.000302535
1434 0.000302535
1435 0.000302535
1436 0.000272282
1437 0.000272282
1438 0.000272282
1439 0.000272282
1440 0.000272282
1441 0.000272282
1442 0.000272282
1443 0.000272282
1444 0.000272282
1445 0.000242028
1446 0.000242028
1447 0.000242028
1448 0.000242028
1449 0.000242028
1450 0.000242028
1451 0.000242028
1452 0.000242028
1453 0.000242028
1454 0.000242028
1455 0.000242028
1456 0.000242028
1457 0.000242028
1458 0.000242028
1459 0.000242028
1460 0.000242028
1461 0.000211775
1462 0.000211775
1463 0.000211775
1464 0.000211775
1465 0.000211775
1466 0.000211775
1467 0.000211775
1468 0.000211775
1469 0.000211775
1470 0.000211775
1471 0.000211775
1472 0.000211775
1473 0.000211775
1474 0.000211775
1475 0.000211775
1476 0.000211775
1477 0.000211775
1478 0.000211775
1479 0.000211775
1480 0.000211775
1481 0.000211775
1482 0.000211775
1483 0.000211775
1484 0.000211775
1485 0.000211775
1486 0.000211775
1487 0.000211775
1488 0.000211775
1489 0.000211775
1490 0.000211775
1491 0.000211775
1492 0.000211775
1493 0.000211775
1494 0.000211775
1495 0.000211775
1496 0.000211775
1497 0.000211775
1498 0.000211775
1499 0.000211775
1500 0.000211775
1501 0.000211775
1502 0.000211775
1503 0.000211775
1504 0.000211775
1505 0.000211775
1506 0.000211775
1507 0.000211775
1508 0.000211775
1509 0.000211775
1510 0.000211775
1511 0.000211775
1512 0.000211775
1513 0.000211775
1514 0.000211775
1515 0.000211775
1516 0.000211775
1517 0.000211775
1518 0.000211775
1519 0.000211775
1520 0.000211775
1521 0.000211775
1522 0.000211775
1523 0.000211775
1524 0.000211775
1525 0.000211775
1526 0.000211775
1527 0.000211775
1528 0.000211775
1529 0.000211775
1530 0.000211775
1531 0.000211775
1532 0.000211775
1533 0.000211775
1534 0.000211775
1535 0.000211775
1536 0.000181521
1537 0.000181521
1538 0.000181521
1539 0.000181521
1540 0.000181521
1541 0.000181521
1542 0.000181521
1543 0.000181521
1544 0.000181521
1545 0.000181521
1546 0.000181521
1547 0.000181521
1548 0.000181521
1549 0.000181521
1550 0.000181521
1551 0.000181521
1552 0.000181521
1553 0.000181521
1554 0.000181521
1555 0.000181521
1556 0.000181521
1557 0.000181521
1558 0.000181521
1559 0.000181521
1560 0.000181521
1561 0.000181521
1562 0.000181521
1563 0.000181521
1564 0.000181521
1565 0.000181521
1566 0.000181521
1567 0.000181521
1568 0.000181521
1569 0.000181521
1570 0.000181521
1571 0.000181521
1572 0.000181521
1573 0.000181521
1574 0.000181521
1575 0.000181521
1576 0.000181521
1577 0.000181521
1578 0.000181521
1579 0.000181521
1580 0.000181521
1581 0.000181521
1582 0.000181521
1583 0.000181521
1584 0.000181521
1585 0.000181521
1586 0.000181521
1587 0.000181521
1588 0.000181521
1589 0.000181521
1590 0.000181521
1591 0.000181521
1592 0.000181521
1593 0.000181521
1594 0.000181521
1595 0.000181521
1596 0.000181521
1597 0.000181521
1598 0.000181521
1599 0.000181521
1600 0.000181521
1601 0.000181521
1602 0.000181521
1603 0.000181521
1604 0.000181521
1605 0.000181521
1606 0.000181521
1607 0.000181521
1608 0.000181521
1609 0.000181521
1610 0.000181521
1611 0.000181521
1612 0.000181521
1613 0.000181521
1614 0.000181521
1615 0.000181521
1616 0.000181521
1617 0.000181521
1618 0.000181521
1619 0.000181521
1620 0.000151268
1621 0.000151268
1622 0.000151268
1623 0.000151268
1624 0.000151268
1625 0.000151268
1626 0.000151268
1627 0.000151268
1628 0.000151268
1629 0.000151268
1630 0.000151268
1631 0.000151268
1632 0.000151268
1633 0.000151268
1634 0.000151268
1635 0.000151268
1636 0.000151268
1637 0.000151268
1638 0.000151268
1639 0.000151268
1640 0.000151268
1641 0.000151268
1642 0.000151268
1643 0.000151268
1644 0.000151268
1645 0.000151268
1646 0.000121014
1647 0.000121014
1648 0.000121014
1649 0.000121014
1650 0.000121014
1651 0.000121014
1652 0.000121014
1653 0.000121014
1654 0.000121014
1655 0.000121014
1656 0.000121014
1657 0.000121014
1658 0.000121014
1659 0.000121014
1660 0.000121014
1661 0.000121014
1662 0.000121014
1663 0.000121014
1664 0.000121014
1665 0.000121014
1666 0.000121014
1667 0.000121014
1668 0.000121014
1669 0.000121014
1670 0.000121014
1671 0.000121014
1672 0.000121014
1673 0.000121014
1674 9.07606e-05
1675 9.07606e-05
1676 9.07606e-05
1677 9.07606e-05
1678 9.07606e-05
1679 9.07606e-05
1680 9.07606e-05
1681 9.07606e-05
1682 9.07606e-05
1683 9.07606e-05
1684 9.07606e-05
1685 9.07606e-05
1686 9.07606e-05
1687 9.07606e-05
1688 9.07606e-05
1689 9.07606e-05
1690 9.07606e-05
1691 9.07606e-05
1692 9.07606e-05
1693 9.07606e-05
1694 9.07606e-05
1695 9.07606e-05
1696 9.07606e-05
1697 9.07606e-05
1698 9.07606e-05
1699 9.07606e-05
1700 9.07606e-05
1701 9.07606e-05
1702 9.07606e-05
1703 9.07606e-05
1704 9.07606e-05
1705 9.07606e-05
1706 9.07606e-05
1707 9.07606e-05
1708 9.07606e-05
1709 9.07606e-05
1710 9.07606e-05
1711 9.07606e-05
1712 9.07606e-05
1713 9.07606e-05
1714 9.07606e-05
1715 9.07606e-05
1716 9.07606e-05
1717 9.07606e-05
1718 9.07606e-05
1719 9.07606e-05
1720 9.07606e-05
1721 9.07606e-05
1722 9.07606e-05
1723 9.07606e-05
1724 9.07606e-05
1725 9.07606e-05
1726 9.07606e-05
1727 9.07606e-05
1728 9.07606e-05
1729 9.07606e-05
1730 9.07606e-05
1731 9.07606e-05
1732 9.07606e-05
1733 9.07606e-05
1734 9.07606e-05
1735 9.07606e-05
1736 9.07606e-05
1737 9.07606e-05
1738 9.07606e-05
1739 9.07606e-05
1740 9.07606e-05
1741 9.07606e-05
1742 9.07606e-05
1743 9.07606e-05
1744 9.07606e-05
1745 9.07606e-05
1746 9.07606e-05
1747 9.07606e-05
1748 9.07606e-05
1749 9.07606e-05
1750 9.07606e-05
1751 9.07606e-05
1752 9.07606e-05
1753 9.07606e-05
1754 9.07606e-05
1755 9.07606e-05
1756 9.07606e-05
1757 9.07606e-05
1758 9.07606e-05
1759 9.07606e-05
1760 9.07606e-05
1761 9.07606e-05
1762 9.07606e-05
1763 9.07606e-05
1764 9.07606e-05
1765 9.07606e-05
1766 9.07606e-05
1767 9.07606e-05
1768 9.07606e-05
1769 9.07606e-05
1770 9.07606e-05
1771 9.07606e-05
1772 9.07606e-05
1773 9.07606e-05
1774 9.07606e-05
1775 9.07606e-05
1776 9.07606e-05
1777 9.07606e-05
1778 9.07606e-05
1779 9.07606e-05
1780 9.07606e-05
1781 9.07606e-05
1782 9.07606e-05
1783 9.07606e-05
1784 9.07606e-05
1785 9.07606e-05
1786 9.07606e-05
1787 9.07606e-05
1788 9.07606e-05
1789 9.07606e-05
1790 9.07606e-05
1791 9.07606e-05
1792 9.07606e-05
1793 9.07606e-05
1794 9.07606e-05
1795 9.07606e-05
1796 9.07606e-05
1797 9.07606e-05
1798 9.07606e-05
1799 9.07606e-05
1800 9.07606e-05
1801 9.07606e-05
1802 9.07606e-05
1803 9.07606e-05
1804 9.07606e-05
1805 9.07606e-05
1806 9.07606e-05
1807 9.07606e-05
1808 9.07606e-05
1809 9.07606e-05
1810 9.07606e-05
1811 9.07606e-05
1812 9.07606e-05
1813 9.07606e-05
1814 9.07606e-05
1815 9.07606e-05
1816 9.07606e-05
1817 9.07606e-05
1818 9.07606e-05
1819 9.07606e-05
1820 9.07606e-05
1821 9.07606e-05
1822 9.07606e-05
1823 9.07606e-05
1824 9.07606e-05
1825 9.07606e-05
1826 6.0507e-05
1827 6.0507e-05
1828 6.0507e-05
1829 6.0507e-05
1830 6.0507e-05
1831 6.0507e-05
1832 6.0507e-05
1833 6.0507e-05
1834 6.0507e-05
1835 6.0507e-05
1836 6.0507e-05
1837 6.0507e-05
1838 6.0507e-05
1839 6.0507e-05
1840 6.0507e-05
1841 6.0507e-05
1842 6.0507e-05
1843 6.0507e-05
1844 6.0507e-05
1845 6.0507e-05
1846 6.0507e-05
1847 6.0507e-05
1848 6.0507e-05
1849 6.0507e-05
1850 6.0507e-05
1851 6.0507e-05
1852 6.0507e-05
1853 6.0507e-05
1854 6.0507e-05
1855 6.0507e-05
1856 6.0507e-05
1857 6.0507e-05
1858 6.0507e-05
1859 6.0507e-05
1860 6.0507e-05
1861 6.0507e-05
1862 6.0507e-05
1863 6.0507e-05
1864 6.0507e-05
1865 6.0507e-05
1866 6.0507e-05
1867 6.0507e-05
1868 6.0507e-05
1869 6.0507e-05
1870 6.0507e-05
1871 6.0507e-05
1872 6.0507e-05
1873 6.0507e-05
1874 6.0507e-05
1875 6.0507e-05
1876 6.0507e-05
1877 6.0507e-05
1878 6.0507e-05
1879 6.0507e-05
1880 6.0507e-05
1881 6.0507e-05
1882 6.0507e-05
1883 6.0507e-05
1884 6.0507e-05
1885 6.0507e-05
1886 6.0507e-05
1887 6.0507e-05
1888 6.0507e-05
1889 6.0507e-05
1890 6.0507e-05
1891 6.0507e-05
1892 6.0507e-05
1893 6.0507e-05
1894 6.0507e-05
1895 6.0507e-05
1896 6.0507e-05
1897 6.0507e-05
1898 6.0507e-05
1899 6.0507e-05
1900 6.0507e-05
1901 6.0507e-05
1902 6.0507e-05
1903 6.0507e-05
1904 6.0507e-05
1905 6.0507e-05
1906 6.0507e-05
1907 6.0507e-05
1908 6.0507e-05
1909 6.0507e-05
1910 6.0507e-05
1911 6.0507e-05
1912 6.0507e-05
1913 6.0507e-05
1914 6.0507e-05
1915 6.0507e-05
1916 6.0507e-05
1917 6.0507e-05
1918 6.0507e-05
1919 6.0507e-05
1920 6.0507e-05
1921 6.0507e-05
1922 6.0507e-05
1923 6.0507e-05
1924 6.0507e-05
1925 6.0507e-05
1926 6.0507e-05
1927 6.0507e-05
1928 6.0507e-05
1929 6.0507e-05
1930 6.0507e-05
1931 6.0507e-05
1932 6.0507e-05
1933 6.0507e-05
1934 3.02535e-05
1935 3.02535e-05
1936 3.02535e-05
1937 3.02535e-05
1938 3.02535e-05
1939 3.02535e-05
1940 3.02535e-05
1941 3.02535e-05
1942 3.02535e-05
1943 3.02535e-05
1944 3.02535e-05
1945 3.02535e-05
1946 3.02535e-05
1947 3.02535e-05
1948 3.02535e-05
1949 3.02535e-05
1950 3.02535e-05
1951 3.02535e-05
1952 3.02535e-05
1953 3.02535e-05
1954 3.02535e-05
1955 3.02535e-05
1956 3.02535e-05
1957 3.02535e-05
1958 3.02535e-05
1959 3.02535e-05
1960 3.02535e-05
1961 3.02535e-05
1962 3.02535e-05
1963 3.02535e-05
1964 3.02535e-05
1965 3.02535e-05
1966 3.02535e-05
1967 3.02535e-05
1968 3.02535e-05
1969 3.02535e-05
1970 3.02535e-05
1971 3.02535e-05
1972 3.02535e-05
1973 3.02535e-05
1974 3.02535e-05
1975 3.02535e-05
1976 3.02535e-05
1977 3.02535e-05
1978 3.02535e-05
1979 3.02535e-05
1980 3.02535e-05
1981 3.02535e-05
1982 3.02535e-05
1983 3.02535e-05
1984 3.02535e-05
1985 3.02535e-05
1986 3.02535e-05
1987 3.02535e-05
1988 3.02535e-05
1989 3.02535e-05
1990 3.02535e-05
1991 3.02535e-05
1992 3.02535e-05
1993 3.02535e-05
1994 3.02535e-05
1995 3.02535e-05
1996 3.02535e-05
1997 3.02535e-05
1998 3.02535e-05
1999 3.02535e-05
2000 3.02535e-05
2001 3.02535e-05
2002 3.02535e-05
2003 3.02535e-05
2004 3.02535e-05
2005 3.02535e-05
2006 3.02535e-05
2007 3.02535e-05
2008 3.02535e-05
2009 3.02535e-05
2010 3.02535e-05
2011 3.02535e-05
2012 3.02535e-05
2013 3.02535e-05
2014 3.02535e-05
2015 3.02535e-05
2016 3.02535e-05
2017 3.02535e-05
2018 3.02535e-05
2019 3.02535e-05
2020 3.02535e-05
2021 3.02535e-05
2022 3.02535e-05
2023 3.02535e-05
2024 3.02535e-05
2025 3.02535e-05
2026 3.02535e-05
2027 3.02535e-05
2028 3.02535e-05
2029 3.02535e-05
2030 3.02535e-05
2031 3.02535e-05
2032 3.02535e-05
2033 3.02535e-05
2034 3.02535e-05
2035 3.02535e-05
2036 3.02535e-05
2037 3.02535e-05
2038 3.02535e-05
2039 3.02535e-05
2040 3.02535e-05
2041 3.02535e-05
2042 3.02535e-05
2043 3.02535e-05
2044 3.02535e-05
2045 3.02535e-05
2046 3.02535e-05
2047 3.02535e-05
2048 3.02535e-05
2049 3.02535e-05
2050 3.02535e-05
2051 3.02535e-05
2052 3.02535e-05
2053 3.02535e-05
2054 3.02535e-05
2055 3.02535e-05
2056 3.02535e-05
2057 3.02535e-05
2058 3.02535e-05
2059 3.02535e-05
2060 3.02535e-05
2061 3.02535e-05
2062 3.02535e-05
2063 3.02535e-05
2064 3.02535e-05
2065 3.02535e-05
2066 3.02535e-05
2067 3.02535e-05
2068 3.02535e-05
2069 3.02535e-05
2070 3.02535e-05
2071 3.02535e-05
2072 3.02535e-05
2073 3.02535e-05
2074 3.02535e-05
2075 3.02535e-05
2076 3.02535e-05
2077 3.02535e-05
2078 3.02535e-05
2079 3.02535e-05
2080 3.02535e-05
2081 3.02535e-05
2082 3.02535e-05
2083 3.02535e-05
2084 3.02535e-05
2085 3.02535e-05
2086 3.02535e-05
2087 3.02535e-05
2088 3.02535e-05
2089 3.02535e-05
2090 3.02535e-05
2091 3.02535e-05
2092 3.02535e-05
2093 3.02535e-05
2094 3.02535e-05
2095 3.02535e-05
2096 3.02535e-05
2097 3.02535e-05
2098 3.02535e-05
2099 3.02535e-05
2100 3.02535e-05
2101 3.02535e-05
2102 3.02535e-05
2103 3.02535e-05
2104 3.02535e-05
2105 3.02535e-05
2106 3.02535e-05
2107 3.02535e-05
2108 3.02535e-05
2109 3.02535e-05
2110 3.02535e-05
2111 3.02535e-05
2112 3.02535e-05
2113 3.02535e-05
2114 3.02535e-05
2115 3.02535e-05
2116 3.02535e-05
2117 3.02535e-05
2118 3.02535e-05
2119 3.02535e-05
2120 3.02535e-05
2121 3.02535e-05
2122 3.02535e-05
2123 3.02535e-05
2124 3.02535e-05
2125 3.02535e-05
2126 3.02535e-05
2127 3.02535e-05
2128 3.02535e-05
2129 3.02535e-05
2130 3.02535e-05
2131 3.02535e-05
2132 3.02535e-05
2133 3.02535e-05
2134 3.02535e-05
2135 3.02535e-05
2136 3.02535e-05
2137 3.02535e-05
2138 3.02535e-05
2139 3.02535e-05
2140 3.02535e-05
2141 3.02535e-05
2142 3.02535e-05
2143 3.02535e-05
2144 3.02535e-05
2145 3.02535e-05
2146 3.02535e-05
2147 3.02535e-05
2148 3.02535e-05
2149 3.02535e-05
2150 3.02535e-05
2151 3.02535e-05
2152 3.02535e-05
2153 3.02535e-05
2154 3.02535e-05
2155 3.02535e-05
2156 3.02535e-05
2157 3.02535e-05
2158 3.02535e-05
2159 3.02535e-05
2160 3.02535e-05
2161 3.02535e-05
2162 3.02535e-05
2163 3.02535e-05
2164 3.02535e-05
2165 3.02535e-05
2166 3.02535e-05
2167 3.02535e-05
2168 3.02535e-05
2169 3.02535e-05
2170 3.02535e-05
2171 3.02535e-05
2172 3.02535e-05
2173 3.02535e-05
2174 3.02535e-05
2175 3.02535e-05
2176 3.02535e-05
2177 3.02535e-05
2178 3.02535e-05
2179 3.02535e-05
2180 3.02535e-05
2181 3.02535e-05
2182 3.02535e-05
2183 3.02535e-05
2184 3.02535e-05
2185 3.02535e-05
2186 3.02535e-05
2187 3.02535e-05
2188 3.02535e-05
2189 3.02535e-05
2190 3.02535e-05
2191 3.02535e-05
2192 3.02535e-05
2193 3.02535e-05
2194 3.02535e-05
2195 3.02535e-05
2196 3.02535e-05
2197 3.02535e-05
2198 3.02535e-05
2199 3.02535e-05
2200 3.02535e-05
2201 3.02535e-05
2202 3.02535e-05
2203 3.02535e-05
2204 3.02535e-05
2205 3.02535e-05
2206 3.02535e-05
2207 3.02535e-05
2208 3.02535e-05
2209 3.02535e-05
2210 3.02535e-05
2211 3.02535e-05
2212 3.02535e-05
2213 3.02535e-05
2214 3.02535e-05
2215 3.02535e-05
2216 3.02535e-05
2217 3.02535e-05
2218 3.02535e-05
2219 3.02535e-05
2220 3.02535e-05
2221 3.02535e-05
2222 3.02535e-05
2223 3.02535e-05
2224 3.02535e-05
2225 3.02535e-05
2226 3.02535e-05
2227 3.02535e-05
2228 3.02535e-05
2229 3.02535e-05
2230 3.02535e-05
2231 3.02535e-05
2232 3.02535e-05
2233 3.02535e-05
2234 3.02535e-05
2235 3.02535e-05
2236 3.02535e-05
2237 3.02535e-05
2238 3.02535e-05
2239 3.02535e-05
2240 3.02535e-05
2241 3.02535e-05
2242 3.02535e-05
2243 3.02535e-05
2244 3.02535e-05
2245 3.02535e-05
2246 3.02535e-05
2247 3.02535e-05
2248 3.02535e-05
2249 3.02535e-05
2250 3.02535e-05
2251 3.02535e-05
2252 3.02535e-05
2253 3.02535e-05
2254 3.02535e-05
2255 3.02535e-05
2256 3.02535e-05
2257 3.02535e-05
2258 3.02535e-05
2259 3.02535e-05
2260 3.02535e-05
2261 3.02535e-05
2262 3.02535e-05
2263 3.02535e-05
2264 3.02535e-05
2265 3.02535e-05
2266 3.02535e-05
2267 3.02535e-05
2268 3.02535e-05
2269 3.02535e-05
2270 3.02535e-05
2271 3.02535e-05
2272 3.02535e-05
2273 3.02535e-05
2274 3.02535e-05
2275 3.02535e-05
2276 3.02535e-05
2277 3.02535e-05
2278 3.02535e-05
2279 3.02535e-05
2280 3.02535e-05
2281 3.02535e-05
2282 3.02535e-05
2283 3.02535e-05
2284 3.02535e-05
2285 3.02535e-05
2286 3.02535e-05
2287 3.02535e-05
2288 3.02535e-05
2289 3.02535e-05
2290 3.02535e-05
2291 3.02535e-05
2292 3.02535e-05
2293 3.02535e-05
2294 3.02535e-05
2295 3.02535e-05
2296 3.02535e-05
2297 3.02535e-05
2298 3.02535e-05
2299 3.02535e-05
2300 3.02535e-05
2301 3.02535e-05
2302 3.02535e-05
2303 3.02535e-05
2304 3.02535e-05
2305 3.02535e-05
2306 3.02535e-05
2307 3.02535e-05
2308 3.02535e-05
2309 3.02535e-05
2310 3.02535e-05
2311 3.02535e-05
2312 3.02535e-05
2313 3.02535e-05
2314 3.02535e-05
2315 3.02535e-05
2316 3.02535e-05
2317 3.02535e-05
2318 3.02535e-05
2319 3.02535e-05
2320 3.02535e-05
2321 3.02535e-05
2322 3.02535e-05
2323 3.02535e-05
2324 3.02535e-05
2325 3.02535e-05
2326 3.02535e-05
2327 3.02535e-05
2328 3.02535e-05
2329 3.02535e-05
2330 3.02535e-05
2331 3.02535e-05
2332 3.02535e-05
2333 3.02535e-05
2334 3.02535e-05
2335 3.02535e-05
2336 3.02535e-05
2337 3.02535e-05
2338 3.02535e-05
2339 3.02535e-05
2340 3.02535e-05
2341 3.02535e-05
2342 3.02535e-05
2343 3.02535e-05
2344 3.02535e-05
2345 3.02535e-05
2346 3.02535e-05
2347 3.02535e-05
2348 3.02535e-05
2349 3.02535e-05
2350 3.02535e-05
2351 3.02535e-05
2352 3.02535e-05
2353 3.02535e-05
2354 3.02535e-05
2355 3.02535e-05
2356 3.02535e-05
2357 3.02535e-05
2358 3.02535e-05
2359 3.02535e-05
2360 3.02535e-05
2361 3.02535e-05
2362 3.02535e-05
2363 3.02535e-05
2364 3.02535e-05
2365 3.02535e-05
2366 3.02535e-05
2367 3.02535e-05
2368 3.02535e-05
2369 3.02535e-05
2370 3.02535e-05
2371 3.02535e-05
2372 3.02535e-05
2373 3.02535e-05
2374 3.02535e-05
2375 3.02535e-05
2376 3.02535e-05
2377 3.02535e-05
2378 3.02535e-05
2379 3.02535e-05
2380 3.02535e-05
2381 3.02535e-05
2382 3.02535e-05
2383 3.02535e-05
2384 3.02535e-05
2385 3.02535e-05
2386 3.02535e-05
2387 3.02535e-05
2388 3.02535e-05
2389 3.02535e-05
2390 3.02535e-05
2391 3.02535e-05
2392 3.02535e-05
2393 3.02535e-05
2394 3.02535e-05
2395 3.02535e-05
2396 3.02535e-05
2397 3.02535e-05
2398 3.02535e-05
2399 3.02535e-05
2400 3.02535e-05
