0 1
1 1
2 1
3 1
4 1
5 0.937777
6 0.876263
7 0.811472
8 0.751816
9 0.69746
10 0.645889
11 0.599836
12 0.5587
13 0.52035
14 0.485059
15 0.45392
16 0.423272
17 0.394155
18 0.368042
19 0.346627
20 0.326414
21 0.309151
22 0.291068
23 0.275171
24 0.25971
25 0.244414
26 0.230046
27 0.2177
28 0.206719
29 0.195302
30 0.18525
31 0.176345
32 0.16826
33 0.159792
34 0.152527
35 0.144551
36 0.138978
37 0.132095
38 0.12625
39 0.120076
40 0.11445
41 0.109041
42 0.104125
43 0.0999181
44 0.0958754
45 0.0918328
46 0.087681
47 0.0841846
48 0.080142
49 0.0773013
50 0.0741327
51 0.0720022
52 0.0691614
53 0.0663753
54 0.0633707
55 0.0606938
56 0.0585086
57 0.0565419
58 0.0544114
59 0.0520623
60 0.0505326
61 0.0489484
62 0.0470363
63 0.0459437
64 0.0438678
65 0.0421196
66 0.0402622
67 0.0387872
68 0.0374215
69 0.0360011
70 0.0345807
71 0.0331057
72 0.0319039
73 0.0304288
74 0.0291177
75 0.0281344
76 0.0269872
77 0.0260585
78 0.025239
79 0.0238733
80 0.0231631
81 0.0220705
82 0.0213603
83 0.0207594
84 0.0201038
85 0.0195029
86 0.0189019
87 0.0184103
88 0.0177001
89 0.0173177
90 0.0165529
91 0.0161158
92 0.0156241
93 0.0152417
94 0.0148047
95 0.0142584
96 0.013876
97 0.013439
98 0.0130565
99 0.0127288
100 0.0126195
101 0.0120186
102 0.0115269
103 0.0111991
104 0.0107621
105 0.0105982
106 0.0104889
107 0.0101065
108 0.00988801
109 0.00939634
110 0.00928708
111 0.00901393
112 0.00863152
113 0.008413
114 0.00819448
115 0.00781207
116 0.00753892
117 0.00737503
118 0.00704726
119 0.00688337
120 0.00666485
121 0.00628244
122 0.0058454
123 0.00573614
124 0.00562688
125 0.00546299
126 0.00535373
127 0.00513521
128 0.00502595
129 0.00491669
130 0.00491669
131 0.00480743
132 0.00453428
133 0.00437039
134 0.00431576
135 0.00415187
136 0.00404261
137 0.00404261
138 0.00404261
139 0.00387872
140 0.00382409
141 0.00376946
142 0.00360557
143 0.00349631
144 0.00344168
145 0.00338705
146 0.00338705
147 0.00333242
148 0.00327779
149 0.00327779
150 0.00316853
151 0.00300464
152 0.00273149
153 0.00273149
154 0.0025676
155 0.00245834
156 0.00245834
157 0.00245834
158 0.00240371
159 0.00240371
160 0.00240371
161 0.00234908
162 0.00223983
163 0.0021852
164 0.00202131
165 0.00196668
166 0.00191205
167 0.00191205
168 0.00185742
169 0.00185742
170 0.00180279
171 0.00174816
172 0.00174816
173 0.0016389
174 0.0016389
175 0.0016389
176 0.00158427
177 0.00147501
178 0.00147501
179 0.00147501
180 0.00147501
181 0.00147501
182 0.00136575
183 0.00131112
184 0.00120186
185 0.00120186
186 0.00114723
187 0.00114723
188 0.00114723
189 0.00114723
190 0.0010926
191 0.0010926
192 0.0010926
193 0.0010926
194 0.0010926
195 0.0010926
196 0.00103797
197 0.00103797
198 0.00103797
199 0.00103797
200 0.00103797
201 0.000983338
202 0.000928708
203 0.000928708
204 0.000874078
205 0.000874078
206 0.000874078
207 0.000819448
208 0.000819448
209 0.000819448
210 0.000819448
211 0.000764818
212 0.000764818
213 0.000764818
214 0.000764818
215 0.000764818
216 0.000764818
217 0.000710188
218 0.000600929
219 0.000546299
220 0.000437039
221 0.000437039
222 0.000437039
223 0.000437039
224 0.000437039
225 0.000382409
226 0.000327779
227 0.000327779
228 0.000327779
229 0.000327779
230 0.000327779
231 0.000327779
232 0.000327779
233 0.000327779
234 0.000273149
235 0.000273149
236 0.000273149
237 0.00021852
238 0.00021852
239 0.00021852
240 0.00021852
241 0.00021852
242 0.00021852
243 0.00021852
244 0.00021852
245 0.00021852
246 0.00021852
247 0.00021852
248 0.00021852
249 0.00021852
250 0.00021852
251 0.00021852
252 0.00021852
253 0.00021852
254 0.00016389
255 0.00016389
256 0.00016389
257 0.00016389
258 0.00016389
259 0.00016389
260 0.00016389
261 0.00016389
262 0.00016389
263 0.00016389
264 0.00016389
265 0.00016389
266 0.00016389
267 0.00016389
268 0.00016389
269 0.00016389
270 0.00016389
271 0.00016389
272 0.00016389
273 0.00016389
274 0.00016389
275 0.00016389
276 0.00016389
277 0.00010926
278 0.00010926
279 0.00010926
280 5.46299e-05
281 5.46299e-05
