0 1
1 1
2 0.999924
3 0.999924
4 0.999924
5 0.889326
6 0.791437
7 0.701112
8 0.621303
9 0.5539
10 0.490506
11 0.438233
12 0.38891
13 0.352599
14 0.31432
15 0.281337
16 0.255314
17 0.230728
18 0.205008
19 0.185339
20 0.167713
21 0.152281
22 0.140026
23 0.128981
24 0.119147
25 0.107648
26 0.0984189
27 0.0891142
28 0.0818519
29 0.0753461
30 0.0682351
31 0.0626371
32 0.0580982
33 0.0542401
34 0.0494742
35 0.0450866
36 0.0417581
37 0.0382782
38 0.0357062
39 0.0334367
40 0.0306377
41 0.0280657
42 0.0263257
43 0.0242832
44 0.0222407
45 0.0207277
46 0.019593
47 0.0185339
48 0.0176261
49 0.0163401
50 0.015281
51 0.013995
52 0.0132385
53 0.0125577
54 0.0117255
55 0.0111204
56 0.0102882
57 0.00968303
58 0.00922914
59 0.0085483
60 0.00786746
61 0.00718663
62 0.00658144
63 0.0060519
64 0.0057493
65 0.00537106
66 0.00499281
67 0.00453892
68 0.00446327
69 0.00423633
70 0.00385808
71 0.00378243
72 0.00347984
73 0.00317724
74 0.0031016
75 0.0029503
76 0.00257206
77 0.00257206
78 0.00249641
79 0.00242076
80 0.00226946
81 0.00219381
82 0.00196687
83 0.00173992
84 0.00151297
85 0.00143733
86 0.00136168
87 0.00128603
88 0.00128603
89 0.00113473
90 0.00105908
91 0.00105908
92 0.00105908
93 0.000983433
94 0.000983433
95 0.000983433
96 0.000983433
97 0.000983433
98 0.000907784
99 0.000832136
100 0.000756487
101 0.000605189
102 0.000605189
103 0.000605189
104 0.000605189
105 0.000529541
106 0.000529541
107 0.000529541
108 0.000529541
109 0.000453892
110 0.000453892
111 0.000453892
112 0.000302595
113 0.000226946
114 0.000226946
115 0.000226946
116 0.000151297
117 0.000151297
118 0.000151297
119 0.000151297
120 0.000151297
121 0.000151297
122 0.000151297
123 0.000151297
124 0.000151297
125 0.000151297
126 0.000151297
127 0.000151297
128 0.000151297
129 0.000151297
130 0.000151297
131 0.000151297
132 0.000151297
133 0.000151297
134 0.000151297
135 0.000151297
136 0.000151297
137 0.000151297
138 0.000151297
139 0.000151297
140 0.000151297
141 0.000151297
142 7.56487e-05
143 7.56487e-05
