0 1
1 1
2 1
3 1
4 1
5 0.963904
6 0.921455
7 0.879337
8 0.834289
9 0.795182
10 0.757601
11 0.720597
12 0.685327
13 0.655419
14 0.626624
15 0.59816
16 0.570686
17 0.544903
18 0.522297
19 0.500598
20 0.480756
21 0.462233
22 0.443216
23 0.426303
24 0.410379
25 0.396477
26 0.381791
27 0.368467
28 0.356503
29 0.344416
30 0.333278
31 0.323006
32 0.31356
33 0.303618
34 0.294872
35 0.284683
36 0.276432
37 0.268925
38 0.26055
39 0.252836
40 0.245699
41 0.238563
42 0.231137
43 0.223959
44 0.217524
45 0.211501
46 0.20585
47 0.200033
48 0.194629
49 0.188895
50 0.18378
51 0.178458
52 0.173301
53 0.168392
54 0.163731
55 0.159729
56 0.155439
57 0.152015
58 0.148715
59 0.144383
60 0.140918
61 0.137329
62 0.134359
63 0.131183
64 0.128213
65 0.12582
66 0.12351
67 0.120787
68 0.118064
69 0.115177
70 0.112743
71 0.110226
72 0.107834
73 0.105854
74 0.102925
75 0.100945
76 0.0987996
77 0.0967369
78 0.0947981
79 0.092983
80 0.0907966
81 0.0890227
82 0.0866301
83 0.0849387
84 0.0836187
85 0.0813085
86 0.0798234
87 0.0779671
88 0.0759045
89 0.0741719
90 0.0726043
91 0.0709954
92 0.0695928
93 0.0677365
94 0.0666227
95 0.0648488
96 0.0636937
97 0.0624562
98 0.0612186
99 0.060146
100 0.0591147
101 0.0580009
102 0.0569696
103 0.0555258
104 0.0540819
105 0.0530506
106 0.0517718
107 0.0507405
108 0.0495854
109 0.0486366
110 0.047399
111 0.0463677
112 0.0453777
113 0.0448414
114 0.0436451
115 0.0425725
116 0.0415824
117 0.0406749
118 0.0400149
119 0.0395198
120 0.0391486
121 0.0381585
122 0.0376222
123 0.0369209
124 0.0365084
125 0.0359721
126 0.0356421
127 0.0353946
128 0.0348583
129 0.034322
130 0.0336207
131 0.0331669
132 0.0325894
133 0.0321356
134 0.0315581
135 0.0310218
136 0.0306506
137 0.0301968
138 0.029743
139 0.0293305
140 0.0287117
141 0.0280516
142 0.0274329
143 0.0271441
144 0.0265253
145 0.0260303
146 0.025824
147 0.0253702
148 0.0250815
149 0.0244214
150 0.0239677
151 0.0235139
152 0.0232664
153 0.0228951
154 0.0226476
155 0.0224413
156 0.0219875
157 0.0216988
158 0.0215338
159 0.0211625
160 0.020915
161 0.0207087
162 0.0205437
163 0.0202137
164 0.0199249
165 0.0198424
166 0.0196774
167 0.0195949
168 0.0189349
169 0.0185636
170 0.0183161
171 0.0180273
172 0.017656
173 0.017326
174 0.0170373
175 0.0167485
176 0.016501
177 0.0162535
178 0.0160059
179 0.0158822
180 0.0156347
181 0.0154697
182 0.0152634
183 0.0150984
184 0.0149334
185 0.0146859
186 0.0145621
187 0.0143558
188 0.0142321
189 0.0139021
190 0.0138196
191 0.0134895
192 0.0132833
193 0.0131183
194 0.0130358
195 0.0128708
196 0.0128295
197 0.0125407
198 0.0123757
199 0.012252
200 0.012087
201 0.0118394
202 0.0116332
203 0.0115094
204 0.0113032
205 0.0111794
206 0.0110144
207 0.0108494
208 0.0106844
209 0.0105606
210 0.0104369
211 0.0103544
212 0.0102719
213 0.0100656
214 0.00985933
215 0.00957056
216 0.00944681
217 0.00919929
218 0.00895178
219 0.00886927
220 0.00866301
221 0.0085805
222 0.00853925
223 0.00841549
224 0.00829174
225 0.00820923
226 0.00816798
227 0.00796172
228 0.00767295
229 0.00746669
230 0.00730168
231 0.00713667
232 0.00705416
233 0.00697166
234 0.0068479
235 0.00680665
236 0.0067654
237 0.00668289
238 0.00668289
239 0.00664164
240 0.00660039
241 0.00660039
242 0.00635287
243 0.00614661
244 0.00610536
245 0.00606411
246 0.00606411
247 0.00585784
248 0.00577534
249 0.00577534
250 0.00573409
251 0.00561033
252 0.00552782
253 0.00544532
254 0.00544532
255 0.00540407
256 0.00540407
257 0.00532156
258 0.00528031
259 0.00519781
260 0.00507405
261 0.00499154
262 0.00478528
263 0.00474403
264 0.00462027
265 0.00453777
266 0.00449651
267 0.00445526
268 0.00445526
269 0.00445526
270 0.00441401
271 0.00441401
272 0.0043315
273 0.00429025
274 0.00429025
275 0.00420775
276 0.00412524
277 0.00412524
278 0.00412524
279 0.00404274
280 0.00404274
281 0.00404274
282 0.00400149
283 0.00396023
284 0.00387773
285 0.00383648
286 0.00383648
287 0.00379522
288 0.00379522
289 0.00371272
290 0.00371272
291 0.00367147
292 0.00367147
293 0.00367147
294 0.00367147
295 0.00367147
296 0.00363021
297 0.00358896
298 0.00358896
299 0.00354771
300 0.00354771
301 0.00342395
302 0.0033827
303 0.00334145
304 0.00325894
305 0.00321769
306 0.00313518
307 0.00309393
308 0.00309393
309 0.00309393
310 0.00305268
311 0.00305268
312 0.00301143
313 0.00292892
314 0.00292892
315 0.00288767
316 0.00284642
317 0.00280516
318 0.00276391
319 0.00276391
320 0.00272266
321 0.00272266
322 0.00268141
323 0.0025989
324 0.00247515
325 0.00235139
326 0.00231014
327 0.00218638
328 0.00210387
329 0.00206262
330 0.00206262
331 0.00206262
332 0.00206262
333 0.00206262
334 0.00206262
335 0.00202137
336 0.00202137
337 0.00193886
338 0.00193886
339 0.00189761
340 0.00181511
341 0.00181511
342 0.00177385
343 0.00177385
344 0.00177385
345 0.0017326
346 0.00169135
347 0.00169135
348 0.00156759
349 0.00156759
350 0.00156759
351 0.00156759
352 0.00156759
353 0.00148509
354 0.00148509
355 0.00148509
356 0.00148509
357 0.00148509
358 0.00148509
359 0.00144383
360 0.00144383
361 0.00144383
362 0.00144383
363 0.00144383
364 0.00140258
365 0.00136133
366 0.00136133
367 0.00136133
368 0.00136133
369 0.00136133
370 0.00136133
371 0.00132008
372 0.00132008
373 0.00132008
374 0.00132008
375 0.00132008
376 0.00132008
377 0.00132008
378 0.00127883
379 0.00127883
380 0.00127883
381 0.00127883
382 0.00127883
383 0.00123757
384 0.00115507
385 0.00115507
386 0.00115507
387 0.00115507
388 0.00115507
389 0.00115507
390 0.00115507
391 0.00115507
392 0.00115507
393 0.00111382
394 0.00111382
395 0.00111382
396 0.00111382
397 0.00107256
398 0.00107256
399 0.00107256
400 0.00103131
401 0.00103131
402 0.00103131
403 0.00103131
404 0.000990058
405 0.000990058
406 0.000990058
407 0.000907553
408 0.000907553
409 0.000907553
410 0.000907553
411 0.000907553
412 0.000907553
413 0.000907553
414 0.000907553
415 0.000907553
416 0.000866301
417 0.000866301
418 0.000866301
419 0.000866301
420 0.000866301
421 0.000866301
422 0.000866301
423 0.000866301
424 0.000866301
425 0.000825048
426 0.000825048
427 0.000825048
428 0.000825048
429 0.000825048
430 0.000825048
431 0.000825048
432 0.000783796
433 0.000783796
434 0.000783796
435 0.000783796
436 0.000742544
437 0.000742544
438 0.000742544
439 0.000701291
440 0.000701291
441 0.000660039
442 0.000660039
443 0.000660039
444 0.000660039
445 0.000660039
446 0.000660039
447 0.000660039
448 0.000660039
449 0.000660039
450 0.000660039
451 0.000660039
452 0.000660039
453 0.000660039
454 0.000660039
455 0.000660039
456 0.000577534
457 0.000577534
458 0.000577534
459 0.000577534
460 0.000577534
461 0.000577534
462 0.000577534
463 0.000577534
464 0.000577534
465 0.000577534
466 0.000577534
467 0.000577534
468 0.000577534
469 0.000577534
470 0.000577534
471 0.000577534
472 0.000577534
473 0.000577534
474 0.000577534
475 0.000536281
476 0.000536281
477 0.000536281
478 0.000536281
479 0.000536281
480 0.000536281
481 0.000536281
482 0.000495029
483 0.000453777
484 0.000453777
485 0.000453777
486 0.000453777
487 0.000453777
488 0.000453777
489 0.000453777
490 0.000453777
491 0.000453777
492 0.000453777
493 0.000453777
494 0.000453777
495 0.000453777
496 0.000453777
497 0.000453777
498 0.000453777
499 0.000453777
500 0.000453777
501 0.000453777
502 0.000453777
503 0.000453777
504 0.000453777
505 0.000453777
506 0.000412524
507 0.000412524
508 0.000412524
509 0.000412524
510 0.000412524
511 0.000371272
512 0.000371272
513 0.000371272
514 0.000330019
515 0.000330019
516 0.000330019
517 0.000330019
518 0.000330019
519 0.000330019
520 0.000330019
521 0.000330019
522 0.000330019
523 0.000330019
524 0.000330019
525 0.000330019
526 0.000330019
527 0.000330019
528 0.000330019
529 0.000330019
530 0.000330019
531 0.000330019
532 0.000330019
533 0.000330019
534 0.000330019
535 0.000330019
536 0.000330019
537 0.000330019
538 0.000330019
539 0.000330019
540 0.000288767
541 0.000288767
542 0.000288767
543 0.000288767
544 0.000288767
545 0.000288767
546 0.000288767
547 0.000288767
548 0.000288767
549 0.000288767
550 0.000288767
551 0.000288767
552 0.000288767
553 0.000288767
554 0.000288767
555 0.000288767
556 0.000288767
557 0.000288767
558 0.000288767
559 0.000288767
560 0.000288767
561 0.000288767
562 0.000288767
563 0.000288767
564 0.000288767
565 0.000247515
566 0.000247515
567 0.000247515
568 0.000247515
569 0.000247515
570 0.000247515
571 0.000247515
572 0.000247515
573 0.000247515
574 0.000247515
575 0.000247515
576 0.000247515
577 0.000247515
578 0.000247515
579 0.000247515
580 0.000247515
581 0.000247515
582 0.000247515
583 0.000247515
584 0.000247515
585 0.000247515
586 0.000247515
587 0.000247515
588 0.000247515
589 0.000247515
590 0.000247515
591 0.000247515
592 0.000247515
593 0.000247515
594 0.000247515
595 0.000206262
596 0.000206262
597 0.000206262
598 0.000206262
599 0.000206262
600 0.000206262
601 0.000206262
602 0.000206262
603 0.000206262
604 0.000206262
605 0.000206262
606 0.000206262
607 0.000206262
608 0.000206262
609 0.000206262
610 0.000206262
611 0.000206262
612 0.000206262
613 0.000206262
614 0.000206262
615 0.00016501
616 0.00016501
617 0.00016501
618 0.00016501
619 0.00016501
620 0.00016501
621 0.00016501
622 0.00016501
623 0.00016501
624 0.00016501
625 0.00016501
626 0.00016501
627 0.00016501
628 0.00016501
629 0.00016501
630 0.000123757
631 0.000123757
632 0.000123757
633 0.000123757
634 0.000123757
635 0.000123757
636 0.000123757
637 0.000123757
638 0.000123757
639 0.000123757
640 0.000123757
641 0.000123757
642 0.000123757
643 0.000123757
644 0.000123757
645 0.000123757
646 0.000123757
647 0.000123757
648 0.000123757
649 0.000123757
650 0.000123757
651 0.000123757
652 0.000123757
653 0.000123757
654 0.000123757
655 0.000123757
656 0.000123757
657 0.000123757
658 0.000123757
659 0.000123757
660 0.000123757
661 0.000123757
662 0.000123757
663 0.000123757
664 0.000123757
665 0.000123757
666 0.000123757
667 0.000123757
668 0.000123757
669 0.000123757
670 0.000123757
671 0.000123757
672 0.000123757
673 0.000123757
674 0.000123757
675 0.000123757
676 0.000123757
677 0.000123757
678 0.000123757
679 0.000123757
680 0.000123757
681 0.000123757
682 0.000123757
683 0.000123757
684 0.000123757
685 0.000123757
686 0.000123757
687 0.000123757
688 0.000123757
689 0.000123757
690 0.000123757
691 0.000123757
692 0.000123757
693 0.000123757
694 0.000123757
695 0.000123757
696 8.25048e-05
697 8.25048e-05
698 8.25048e-05
699 8.25048e-05
700 8.25048e-05
701 8.25048e-05
702 8.25048e-05
703 8.25048e-05
704 8.25048e-05
705 8.25048e-05
706 8.25048e-05
707 8.25048e-05
708 8.25048e-05
709 8.25048e-05
710 8.25048e-05
711 8.25048e-05
712 8.25048e-05
713 8.25048e-05
714 8.25048e-05
715 8.25048e-05
716 8.25048e-05
717 8.25048e-05
718 8.25048e-05
719 8.25048e-05
720 8.25048e-05
721 8.25048e-05
722 8.25048e-05
723 8.25048e-05
724 8.25048e-05
725 8.25048e-05
726 8.25048e-05
727 8.25048e-05
728 8.25048e-05
729 8.25048e-05
730 4.12524e-05
731 4.12524e-05
732 4.12524e-05
733 4.12524e-05
734 4.12524e-05
735 4.12524e-05
736 4.12524e-05
737 4.12524e-05
738 4.12524e-05
739 4.12524e-05
740 4.12524e-05
741 4.12524e-05
742 4.12524e-05
743 4.12524e-05
744 4.12524e-05
745 4.12524e-05
746 4.12524e-05
747 4.12524e-05
748 4.12524e-05
749 4.12524e-05
750 4.12524e-05
751 4.12524e-05
752 4.12524e-05
753 4.12524e-05
754 4.12524e-05
755 4.12524e-05
756 4.12524e-05
757 4.12524e-05
758 4.12524e-05
759 4.12524e-05
760 4.12524e-05
761 4.12524e-05
762 4.12524e-05
763 4.12524e-05
764 4.12524e-05
765 4.12524e-05
766 4.12524e-05
767 4.12524e-05
768 4.12524e-05
769 4.12524e-05
770 4.12524e-05
771 4.12524e-05
772 4.12524e-05
773 4.12524e-05
774 4.12524e-05
775 4.12524e-05
776 4.12524e-05
777 4.12524e-05
778 4.12524e-05
779 4.12524e-05
780 4.12524e-05
781 4.12524e-05
782 4.12524e-05
783 4.12524e-05
784 4.12524e-05
785 4.12524e-05
786 4.12524e-05
787 4.12524e-05
788 4.12524e-05
789 4.12524e-05
790 4.12524e-05
791 4.12524e-05
792 4.12524e-05
793 4.12524e-05
794 4.12524e-05
795 4.12524e-05
796 4.12524e-05
797 4.12524e-05
798 4.12524e-05
799 4.12524e-05
800 4.12524e-05
801 4.12524e-05
802 4.12524e-05
803 4.12524e-05
804 4.12524e-05
805 4.12524e-05
806 4.12524e-05
807 4.12524e-05
808 4.12524e-05
809 4.12524e-05
810 4.12524e-05
811 4.12524e-05
812 4.12524e-05
813 4.12524e-05
814 4.12524e-05
815 4.12524e-05
816 4.12524e-05
817 4.12524e-05
818 4.12524e-05
819 4.12524e-05
820 4.12524e-05
821 4.12524e-05
822 4.12524e-05
823 4.12524e-05
824 4.12524e-05
825 4.12524e-05
826 4.12524e-05
827 4.12524e-05
828 4.12524e-05
829 4.12524e-05
830 4.12524e-05
831 4.12524e-05
832 4.12524e-05
833 4.12524e-05
834 4.12524e-05
835 4.12524e-05
836 4.12524e-05
837 4.12524e-05
838 4.12524e-05
839 4.12524e-05
840 4.12524e-05
841 4.12524e-05
842 4.12524e-05
843 4.12524e-05
844 4.12524e-05
845 4.12524e-05
846 4.12524e-05
847 4.12524e-05
848 4.12524e-05
849 4.12524e-05
850 4.12524e-05
851 4.12524e-05
852 4.12524e-05
853 4.12524e-05
854 4.12524e-05
855 4.12524e-05
856 4.12524e-05
857 4.12524e-05
858 4.12524e-05
859 4.12524e-05
860 4.12524e-05
861 4.12524e-05
862 4.12524e-05
863 4.12524e-05
864 4.12524e-05
865 4.12524e-05
866 4.12524e-05
867 4.12524e-05
868 4.12524e-05
869 4.12524e-05
870 4.12524e-05
871 4.12524e-05
872 4.12524e-05
873 4.12524e-05
874 4.12524e-05
875 4.12524e-05
876 4.12524e-05
877 4.12524e-05
878 4.12524e-05
