0 1
1 1
2 1
3 1
4 1
5 1
6 0.999821
7 0.999821
8 0.999821
9 0.999821
10 0.999643
11 0.999643
12 0.999643
13 0.999643
14 0.999643
15 0.999643
16 0.999643
17 0.999643
18 0.999464
19 0.999464
20 0.999464
21 0.999464
22 0.999464
23 0.999464
24 0.999464
25 0.973924
26 0.953027
27 0.932488
28 0.911234
29 0.894624
30 0.876228
31 0.86194
32 0.849259
33 0.835149
34 0.815681
35 0.804251
36 0.789605
37 0.777996
38 0.762636
39 0.747634
40 0.732631
41 0.720843
42 0.708341
43 0.696374
44 0.684587
45 0.674049
46 0.664226
47 0.651724
48 0.640114
49 0.630291
50 0.61761
51 0.605822
52 0.595285
53 0.584747
54 0.573852
55 0.564565
56 0.554206
57 0.542597
58 0.532952
59 0.523129
60 0.514378
61 0.50509
62 0.495803
63 0.48723
64 0.476335
65 0.467048
66 0.459725
67 0.453117
68 0.443293
69 0.436328
70 0.426862
71 0.419718
72 0.411681
73 0.406144
74 0.397928
75 0.39382
76 0.388641
77 0.381318
78 0.374353
79 0.36703
80 0.362029
81 0.355421
82 0.349705
83 0.342025
84 0.337024
85 0.331666
86 0.327023
87 0.323093
88 0.317378
89 0.311306
90 0.305054
91 0.298446
92 0.292552
93 0.288087
94 0.282908
95 0.278621
96 0.272727
97 0.267905
98 0.263797
99 0.260404
100 0.255939
101 0.251473
102 0.248794
103 0.244329
104 0.241114
105 0.234685
106 0.230398
107 0.225397
108 0.218968
109 0.215931
110 0.211645
111 0.207894
112 0.203965
113 0.20075
114 0.198428
115 0.194142
116 0.190213
117 0.186819
118 0.182354
119 0.179139
120 0.175567
121 0.171459
122 0.16878
123 0.166637
124 0.164494
125 0.1611
126 0.157171
127 0.155742
128 0.153777
129 0.151456
130 0.149134
131 0.146276
132 0.143061
133 0.140204
134 0.137346
135 0.134846
136 0.132881
137 0.130559
138 0.128594
139 0.126987
140 0.124665
141 0.121986
142 0.119843
143 0.115914
144 0.113056
145 0.110198
146 0.108055
147 0.105733
148 0.103054
149 0.100554
150 0.0993034
151 0.0964458
152 0.0957314
153 0.0939453
154 0.0919807
155 0.0905519
156 0.0891231
157 0.0876942
158 0.0860868
159 0.0844794
160 0.0828719
161 0.0812645
162 0.0800143
163 0.0780497
164 0.0771566
165 0.076085
166 0.0750134
167 0.0725129
168 0.0710841
169 0.0692981
170 0.0675121
171 0.0662618
172 0.0651902
173 0.0641186
174 0.063047
175 0.0619754
176 0.0603679
177 0.0592963
178 0.0585819
179 0.0576889
180 0.0567959
181 0.0560814
182 0.0539382
183 0.0532238
184 0.0521522
185 0.0514378
186 0.0507233
187 0.0500089
188 0.0492945
189 0.0484015
190 0.0476871
191 0.0469727
192 0.0460797
193 0.0453652
194 0.0444722
195 0.0437578
196 0.043222
197 0.0426862
198 0.0417932
199 0.0409002
200 0.0398285
201 0.0391141
202 0.0387569
203 0.0387569
204 0.0382211
205 0.0375067
206 0.0369709
207 0.0367923
208 0.0364351
209 0.0351849
210 0.034649
211 0.0342918
212 0.0341132
213 0.0339346
214 0.0330416
215 0.0326844
216 0.0323272
217 0.0314342
218 0.031077
219 0.0303626
220 0.0298268
221 0.0292909
222 0.0283979
223 0.0278621
224 0.0269691
225 0.0262547
226 0.0253617
227 0.0250045
228 0.0244687
229 0.0241114
230 0.0239328
231 0.0232184
232 0.0232184
233 0.0230398
234 0.0230398
235 0.0228612
236 0.022504
237 0.0223254
238 0.0219682
239 0.0208966
240 0.0205394
241 0.019825
242 0.0194678
243 0.0194678
244 0.0194678
245 0.0192892
246 0.0187533
247 0.0183961
248 0.0176817
249 0.0175031
250 0.0175031
251 0.0171459
252 0.0169673
253 0.0166101
254 0.0166101
255 0.0164315
256 0.0160743
257 0.0158957
258 0.0155385
259 0.0153599
260 0.0153599
261 0.0150027
262 0.0148241
263 0.0146455
264 0.0146455
265 0.0144669
266 0.0142883
267 0.0142883
268 0.0142883
269 0.0142883
270 0.0137525
271 0.0137525
272 0.0125022
273 0.0117878
274 0.0117878
275 0.0117878
276 0.011252
277 0.011252
278 0.0108948
279 0.0108948
280 0.0107162
281 0.0107162
282 0.0107162
283 0.010359
284 0.0100018
285 0.0100018
286 0.00946598
287 0.00928737
288 0.00928737
289 0.00928737
290 0.00928737
291 0.00928737
292 0.00928737
293 0.00910877
294 0.00893017
295 0.00857296
296 0.00857296
297 0.00857296
298 0.00803715
299 0.00785855
300 0.00785855
301 0.00767994
302 0.00767994
303 0.00767994
304 0.00732274
305 0.00696553
306 0.00696553
307 0.00678693
308 0.00678693
309 0.00678693
310 0.00678693
311 0.00660832
312 0.00642972
313 0.00589391
314 0.00589391
315 0.0053581
316 0.00500089
317 0.00482229
318 0.00482229
319 0.00482229
320 0.00482229
321 0.00428648
322 0.00428648
323 0.00410788
324 0.00410788
325 0.00410788
326 0.00410788
327 0.00375067
328 0.00375067
329 0.00357207
330 0.00357207
331 0.00357207
332 0.00357207
333 0.00357207
334 0.00357207
335 0.00357207
336 0.00357207
337 0.00357207
338 0.00339346
339 0.00339346
340 0.00339346
341 0.00339346
342 0.00321486
343 0.00321486
344 0.00321486
345 0.00321486
346 0.00321486
347 0.00303626
348 0.00303626
349 0.00285765
350 0.00285765
351 0.00285765
352 0.00285765
353 0.00285765
354 0.00285765
355 0.00267905
356 0.00267905
357 0.00267905
358 0.00250045
359 0.00250045
360 0.00232184
361 0.00232184
362 0.00232184
363 0.00232184
364 0.00232184
365 0.00232184
366 0.00232184
367 0.00232184
368 0.00214324
369 0.00196464
370 0.00196464
371 0.00196464
372 0.00196464
373 0.00196464
374 0.00196464
375 0.00196464
376 0.00196464
377 0.00196464
378 0.00178603
379 0.00178603
380 0.00178603
381 0.00178603
382 0.00178603
383 0.00178603
384 0.00178603
385 0.00178603
386 0.00178603
387 0.00178603
388 0.00178603
389 0.00160743
390 0.00160743
391 0.00160743
392 0.00160743
393 0.00160743
394 0.00160743
395 0.00160743
396 0.00160743
397 0.00142883
398 0.00142883
399 0.00142883
400 0.00142883
401 0.00125022
402 0.00107162
403 0.00107162
404 0.00107162
405 0.00107162
406 0.00107162
407 0.00107162
408 0.00107162
409 0.00107162
410 0.00107162
411 0.00107162
412 0.00107162
413 0.00107162
414 0.00107162
415 0.00107162
416 0.00107162
417 0.00107162
418 0.00107162
419 0.00107162
420 0.00107162
421 0.00107162
422 0.00107162
423 0.00107162
424 0.00107162
425 0.00107162
426 0.00107162
427 0.00107162
428 0.00107162
429 0.00107162
430 0.00107162
431 0.00107162
432 0.00107162
433 0.00107162
434 0.00107162
435 0.00107162
436 0.00107162
437 0.00107162
438 0.00107162
439 0.00107162
440 0.00107162
441 0.00107162
442 0.00107162
443 0.00107162
444 0.00107162
445 0.00107162
446 0.000893017
447 0.000893017
448 0.000893017
449 0.000893017
450 0.000893017
451 0.000893017
452 0.000714413
453 0.000714413
454 0.000714413
455 0.000714413
456 0.000714413
457 0.000714413
458 0.000714413
459 0.000714413
460 0.000714413
461 0.000714413
462 0.000714413
463 0.000714413
464 0.000714413
465 0.000714413
466 0.000714413
467 0.000714413
468 0.000714413
469 0.000714413
470 0.000714413
471 0.000714413
472 0.000714413
473 0.000714413
474 0.000714413
475 0.000714413
476 0.000714413
477 0.000714413
478 0.000714413
479 0.000714413
480 0.000714413
481 0.000714413
482 0.000714413
483 0.000714413
484 0.000714413
485 0.00053581
486 0.00053581
487 0.00053581
488 0.00053581
489 0.00053581
490 0.00053581
491 0.00053581
492 0.00053581
493 0.00053581
494 0.00053581
495 0.00053581
496 0.00053581
497 0.00053581
498 0.00053581
499 0.00053581
500 0.00053581
501 0.00053581
502 0.00053581
503 0.00053581
504 0.00053581
505 0.00053581
506 0.00053581
507 0.00053581
508 0.00053581
509 0.00053581
510 0.00053581
511 0.00053581
512 0.00053581
513 0.00053581
514 0.00053581
515 0.00053581
516 0.00053581
517 0.00053581
518 0.00053581
519 0.00053581
520 0.00053581
521 0.00053581
522 0.00053581
523 0.00053581
524 0.00053581
525 0.00053581
526 0.00053581
527 0.00053581
528 0.00053581
529 0.00053581
530 0.00053581
531 0.00053581
532 0.00053581
533 0.00053581
534 0.00053581
535 0.00053581
536 0.00053581
537 0.00053581
538 0.00053581
539 0.00053581
540 0.00053581
541 0.00053581
542 0.00053581
543 0.00053581
544 0.00053581
545 0.00053581
546 0.00053581
547 0.00053581
548 0.00053581
549 0.00053581
550 0.00053581
551 0.000357207
552 0.000357207
553 0.000357207
554 0.000357207
555 0.000357207
556 0.000357207
557 0.000357207
558 0.000357207
559 0.000357207
560 0.000357207
561 0.000357207
562 0.000178603
563 0.000178603
564 0.000178603
565 0.000178603
566 0.000178603
567 0.000178603
568 0.000178603
569 0.000178603
570 0.000178603
571 0.000178603
572 0.000178603
573 0.000178603
574 0.000178603
575 0.000178603
576 0.000178603
577 0.000178603
578 0.000178603
579 0.000178603
580 0.000178603
581 0.000178603
582 0.000178603
583 0.000178603
584 0.000178603
585 0.000178603
586 0.000178603
587 0.000178603
588 0.000178603
589 0.000178603
590 0.000178603
591 0.000178603
592 0.000178603
593 0.000178603
594 0.000178603
595 0.000178603
596 0.000178603
597 0.000178603
598 0.000178603
599 0.000178603
600 0.000178603
601 0.000178603
602 0.000178603
603 0.000178603
604 0.000178603
605 0.000178603
606 0.000178603
607 0.000178603
608 0.000178603
609 0.000178603
610 0.000178603
611 0.000178603
612 0.000178603
613 0.000178603
614 0.000178603
615 0.000178603
616 0.000178603
617 0.000178603
618 0.000178603
619 0.000178603
620 0.000178603
621 0.000178603
622 0.000178603
623 0.000178603
624 0.000178603
625 0.000178603
626 0.000178603
627 0.000178603
628 0.000178603
629 0.000178603
630 0.000178603
631 0.000178603
632 0.000178603
633 0.000178603
634 0.000178603
635 0.000178603
636 0.000178603
637 0.000178603
638 0.000178603
639 0.000178603
640 0.000178603
641 0.000178603
642 0.000178603
643 0.000178603
644 0.000178603
645 0.000178603
646 0.000178603
647 0.000178603
648 0.000178603
649 0.000178603
650 0.000178603
651 0.000178603
652 0.000178603
653 0.000178603
654 0.000178603
655 0.000178603
656 0.000178603
657 0.000178603
658 0.000178603
659 0.000178603
660 0.000178603
661 0.000178603
662 0.000178603
663 0.000178603
664 0.000178603
