0 1
1 1
2 1
3 1
4 1
5 1
6 1
7 1
8 1
9 1
10 1
11 1
12 1
13 1
14 1
15 1
16 1
17 1
18 1
19 1
20 1
21 1
22 1
23 1
24 1
25 0.992492
26 0.982364
27 0.972411
28 0.963506
29 0.951283
30 0.940632
31 0.929282
32 0.91671
33 0.907805
34 0.897678
35 0.887376
36 0.878296
37 0.867644
38 0.857692
39 0.84739
40 0.839881
41 0.830452
42 0.821896
43 0.811943
44 0.804784
45 0.793784
46 0.786625
47 0.778243
48 0.768989
49 0.760084
50 0.752401
51 0.745067
52 0.736686
53 0.727606
54 0.718526
55 0.710843
56 0.700192
57 0.691462
58 0.68308
59 0.675921
60 0.667714
61 0.658809
62 0.65165
63 0.643618
64 0.635237
65 0.6293
66 0.622141
67 0.613934
68 0.6066
69 0.598394
70 0.592981
71 0.587742
72 0.581456
73 0.574821
74 0.567662
75 0.560677
76 0.553693
77 0.547931
78 0.53955
79 0.533613
80 0.528025
81 0.520691
82 0.513183
83 0.507945
84 0.502881
85 0.495722
86 0.489785
87 0.482801
88 0.477388
89 0.471626
90 0.466213
91 0.459927
92 0.454164
93 0.449625
94 0.443513
95 0.438275
96 0.434783
97 0.430767
98 0.425528
99 0.421338
100 0.416274
101 0.411909
102 0.406146
103 0.400559
104 0.396892
105 0.392527
106 0.386241
107 0.381352
108 0.376986
109 0.371748
110 0.367383
111 0.364065
112 0.359176
113 0.353937
114 0.351144
115 0.34835
116 0.342937
117 0.338746
118 0.335429
119 0.331762
120 0.328095
121 0.323904
122 0.321111
123 0.317793
124 0.314126
125 0.311158
126 0.307665
127 0.302776
128 0.299633
129 0.29457
130 0.292125
131 0.28776
132 0.283744
133 0.280601
134 0.276759
135 0.272743
136 0.269775
137 0.267679
138 0.266108
139 0.26314
140 0.259473
141 0.255806
142 0.252488
143 0.249694
144 0.246028
145 0.243758
146 0.239742
147 0.237122
148 0.235551
149 0.232757
150 0.230836
151 0.226995
152 0.224376
153 0.221931
154 0.219836
155 0.216169
156 0.214772
157 0.212677
158 0.210058
159 0.207962
160 0.205518
161 0.2022
162 0.200454
163 0.197835
164 0.195565
165 0.194168
166 0.191898
167 0.190327
168 0.188406
169 0.18631
170 0.184041
171 0.182469
172 0.180548
173 0.177754
174 0.176358
175 0.174437
176 0.17304
177 0.170421
178 0.169199
179 0.167627
180 0.165357
181 0.162738
182 0.160643
183 0.159595
184 0.157325
185 0.15523
186 0.153833
187 0.152785
188 0.151912
189 0.149467
190 0.14842
191 0.147197
192 0.145801
193 0.144928
194 0.144054
195 0.143356
196 0.141435
197 0.140038
198 0.138816
199 0.136895
200 0.134625
201 0.132181
202 0.130435
203 0.128514
204 0.127466
205 0.125546
206 0.1238
207 0.122228
208 0.121006
209 0.119958
210 0.119085
211 0.117514
212 0.11664
213 0.114545
214 0.113672
215 0.112275
216 0.111053
217 0.109831
218 0.108085
219 0.106862
220 0.10564
221 0.103894
222 0.103719
223 0.103195
224 0.101798
225 0.1011
226 0.0997032
227 0.0984809
228 0.0972586
229 0.0963855
230 0.0951633
231 0.0951633
232 0.0937664
233 0.0930679
234 0.0923695
235 0.0911472
236 0.0904488
237 0.0892265
238 0.0883534
239 0.0874804
240 0.0867819
241 0.0852104
242 0.0843373
243 0.0829405
244 0.0824166
245 0.0820674
246 0.081369
247 0.0801467
248 0.0801467
249 0.0796228
250 0.0789244
251 0.0782259
252 0.0777021
253 0.0766544
254 0.0757814
255 0.0752576
256 0.0742099
257 0.0731622
258 0.0717653
259 0.0712415
260 0.0707177
261 0.0703684
262 0.0689715
263 0.0682731
264 0.0675747
265 0.0668762
266 0.066527
267 0.0660031
268 0.0656539
269 0.0649555
270 0.064257
271 0.0635586
272 0.0626855
273 0.0616379
274 0.0612886
275 0.0607648
276 0.0600664
277 0.0598917
278 0.0593679
279 0.0586695
280 0.0577964
281 0.0572726
282 0.0560503
283 0.0551772
284 0.054828
285 0.0544788
286 0.0543042
287 0.0534311
288 0.0527327
289 0.0522088
290 0.0520342
291 0.0513358
292 0.0508119
293 0.0501135
294 0.0499389
295 0.0492404
296 0.0487166
297 0.048542
298 0.0483674
299 0.0476689
300 0.0471451
301 0.046272
302 0.0457482
303 0.0448752
304 0.0447005
305 0.0440021
306 0.0433036
307 0.043129
308 0.043129
309 0.0426052
310 0.0420814
311 0.0419068
312 0.0417321
313 0.0417321
314 0.0413829
315 0.0412083
316 0.0410337
317 0.0405099
318 0.0403353
319 0.0401606
320 0.039986
321 0.0398114
322 0.039113
323 0.0387638
324 0.0382399
325 0.0378907
326 0.0366684
327 0.0364938
328 0.0364938
329 0.0361446
330 0.0357954
331 0.0354461
332 0.0350969
333 0.0349223
334 0.0343985
335 0.0338746
336 0.0335254
337 0.0331762
338 0.032827
339 0.0323031
340 0.0316047
341 0.0310808
342 0.0309062
343 0.0307316
344 0.0307316
345 0.0302078
346 0.0298586
347 0.0295093
348 0.0295093
349 0.0291601
350 0.0289855
351 0.0289855
352 0.0288109
353 0.0288109
354 0.0286363
355 0.0284617
356 0.0279378
357 0.027414
358 0.027414
359 0.0267156
360 0.0260171
361 0.0260171
362 0.0258425
363 0.0258425
364 0.0256679
365 0.0251441
366 0.0249694
367 0.0247948
368 0.0246202
369 0.0246202
370 0.0240964
371 0.0239218
372 0.0239218
373 0.0239218
374 0.0239218
375 0.0237472
376 0.0232233
377 0.0230487
378 0.0228741
379 0.0226995
380 0.0223503
381 0.022001
382 0.0214772
383 0.0214772
384 0.0214772
385 0.0207788
386 0.0207788
387 0.0206042
388 0.0202549
389 0.0202549
390 0.0199057
391 0.0193819
392 0.0190327
393 0.0190327
394 0.0185088
395 0.0185088
396 0.0181596
397 0.0181596
398 0.017985
399 0.0178104
400 0.0178104
401 0.0176358
402 0.0172865
403 0.0172865
404 0.0172865
405 0.0172865
406 0.0172865
407 0.0171119
408 0.0169373
409 0.0169373
410 0.0167627
411 0.0165881
412 0.0162389
413 0.0162389
414 0.0160643
415 0.0158896
416 0.015715
417 0.015715
418 0.0153658
419 0.0153658
420 0.0153658
421 0.0150166
422 0.0150166
423 0.0150166
424 0.0150166
425 0.0144928
426 0.0144928
427 0.0144928
428 0.0143181
429 0.0141435
430 0.0137943
431 0.0136197
432 0.0136197
433 0.0136197
434 0.0136197
435 0.0136197
436 0.0136197
437 0.0136197
438 0.0136197
439 0.0134451
440 0.0134451
441 0.0134451
442 0.0132705
443 0.0130959
444 0.0130959
445 0.0130959
446 0.0130959
447 0.0130959
448 0.0129213
449 0.0129213
450 0.0129213
451 0.0127466
452 0.0123974
453 0.0123974
454 0.0123974
455 0.0120482
456 0.0118736
457 0.011699
458 0.011699
459 0.011699
460 0.011699
461 0.0115244
462 0.0113497
463 0.0113497
464 0.0113497
465 0.0113497
466 0.0113497
467 0.0113497
468 0.0113497
469 0.0110005
470 0.0110005
471 0.0110005
472 0.0110005
473 0.0110005
474 0.0110005
475 0.0110005
476 0.0110005
477 0.0108259
478 0.0104767
479 0.0104767
480 0.0104767
481 0.0101275
482 0.0101275
483 0.0101275
484 0.0101275
485 0.0101275
486 0.0101275
487 0.0101275
488 0.0101275
489 0.0101275
490 0.00995286
491 0.00995286
492 0.00995286
493 0.00995286
494 0.00942902
495 0.00925441
496 0.00925441
497 0.0090798
498 0.0090798
499 0.00890519
500 0.00890519
501 0.00890519
502 0.00873057
503 0.00873057
504 0.00855596
505 0.00838135
506 0.00820674
507 0.00785752
508 0.00768291
509 0.00715907
510 0.00680985
511 0.00680985
512 0.00680985
513 0.00663524
514 0.00646063
515 0.00646063
516 0.00646063
517 0.00646063
518 0.00646063
519 0.00646063
520 0.00646063
521 0.00593679
522 0.00593679
523 0.00576218
524 0.00576218
525 0.00576218
526 0.00558757
527 0.00558757
528 0.00558757
529 0.00558757
530 0.00558757
531 0.00558757
532 0.00541296
533 0.00523834
534 0.00523834
535 0.00523834
536 0.00523834
537 0.00506373
538 0.00506373
539 0.00506373
540 0.00506373
541 0.00506373
542 0.00506373
543 0.00506373
544 0.00488912
545 0.00488912
546 0.00488912
547 0.00471451
548 0.00471451
549 0.00471451
550 0.00471451
551 0.00471451
552 0.00471451
553 0.00471451
554 0.00471451
555 0.00471451
556 0.0045399
557 0.0045399
558 0.0045399
559 0.0045399
560 0.0045399
561 0.0045399
562 0.0045399
563 0.0045399
564 0.0045399
565 0.0045399
566 0.0045399
567 0.0045399
568 0.0045399
569 0.0045399
570 0.0045399
571 0.0045399
572 0.0045399
573 0.0045399
574 0.0045399
575 0.0045399
576 0.0045399
577 0.0045399
578 0.00436529
579 0.00436529
580 0.00436529
581 0.00419068
582 0.00419068
583 0.00419068
584 0.00419068
585 0.00419068
586 0.00419068
587 0.00401606
588 0.00401606
589 0.00384145
590 0.00384145
591 0.00384145
592 0.00384145
593 0.00366684
594 0.00349223
595 0.00331762
596 0.00314301
597 0.00314301
598 0.00314301
599 0.00314301
600 0.00314301
601 0.00314301
602 0.00314301
603 0.00314301
604 0.00314301
605 0.00314301
606 0.00314301
607 0.00314301
608 0.00279378
609 0.00261917
610 0.00261917
611 0.00261917
612 0.00261917
613 0.00261917
614 0.00261917
615 0.00261917
616 0.00261917
617 0.00261917
618 0.00244456
619 0.00244456
620 0.00244456
621 0.00244456
622 0.00244456
623 0.00244456
624 0.00244456
625 0.00244456
626 0.00244456
627 0.00244456
628 0.00244456
629 0.00244456
630 0.00244456
631 0.00244456
632 0.00244456
633 0.00226995
634 0.00226995
635 0.00226995
636 0.00226995
637 0.00226995
638 0.00226995
639 0.00226995
640 0.00226995
641 0.00226995
642 0.00226995
643 0.00226995
644 0.00209534
645 0.00209534
646 0.00209534
647 0.00209534
648 0.00209534
649 0.00209534
650 0.00209534
651 0.00209534
652 0.00209534
653 0.00209534
654 0.00209534
655 0.00192073
656 0.00192073
657 0.00192073
658 0.00192073
659 0.00192073
660 0.00192073
661 0.00192073
662 0.00174611
663 0.00174611
664 0.0015715
665 0.0015715
666 0.0015715
667 0.0015715
668 0.0015715
669 0.0015715
670 0.0015715
671 0.0015715
672 0.0015715
673 0.0015715
674 0.0015715
675 0.0015715
676 0.00139689
677 0.00139689
678 0.00139689
679 0.00139689
680 0.00122228
681 0.00122228
682 0.00122228
683 0.00122228
684 0.00122228
685 0.00122228
686 0.00122228
687 0.00122228
688 0.00122228
689 0.00122228
690 0.00122228
691 0.00122228
692 0.00122228
693 0.00122228
694 0.00122228
695 0.00122228
696 0.00122228
697 0.00122228
698 0.00122228
699 0.00122228
700 0.00122228
701 0.00122228
702 0.00122228
703 0.00122228
704 0.00122228
705 0.00122228
706 0.00122228
707 0.00122228
708 0.00122228
709 0.00122228
710 0.00122228
711 0.00122228
712 0.00122228
713 0.00122228
714 0.00122228
715 0.00122228
716 0.00122228
717 0.00122228
718 0.00122228
719 0.00122228
720 0.00122228
721 0.00122228
722 0.00122228
723 0.00122228
724 0.00122228
725 0.00122228
726 0.00122228
727 0.00104767
728 0.00104767
729 0.00104767
730 0.00104767
731 0.00104767
732 0.00104767
733 0.00104767
734 0.00104767
735 0.00104767
736 0.00104767
737 0.00104767
738 0.00104767
739 0.00104767
740 0.00104767
741 0.00104767
742 0.00104767
743 0.00104767
744 0.00104767
745 0.00104767
746 0.00104767
747 0.00104767
748 0.00104767
749 0.00104767
750 0.00104767
751 0.00104767
752 0.00104767
753 0.000873057
754 0.000873057
755 0.000873057
756 0.000873057
757 0.000873057
758 0.000873057
759 0.000873057
760 0.000873057
761 0.000873057
762 0.000873057
763 0.000873057
764 0.000873057
765 0.000873057
766 0.000873057
767 0.000873057
768 0.000873057
769 0.000873057
770 0.000873057
771 0.000873057
772 0.000873057
773 0.000873057
774 0.000873057
775 0.000873057
776 0.000873057
777 0.000873057
778 0.000873057
779 0.000698446
780 0.000698446
781 0.000698446
782 0.000698446
783 0.000698446
784 0.000698446
785 0.000698446
786 0.000698446
787 0.000698446
788 0.000698446
789 0.000698446
790 0.000698446
791 0.000698446
792 0.000698446
793 0.000698446
794 0.000698446
795 0.000698446
796 0.000698446
797 0.000698446
798 0.000698446
799 0.000698446
800 0.000698446
801 0.000698446
802 0.000698446
803 0.000698446
804 0.000523834
805 0.000523834
806 0.000523834
807 0.000523834
808 0.000523834
809 0.000523834
810 0.000523834
811 0.000523834
812 0.000523834
813 0.000523834
814 0.000523834
815 0.000523834
816 0.000523834
817 0.000523834
818 0.000523834
819 0.000523834
820 0.000523834
821 0.000523834
822 0.000523834
823 0.000349223
824 0.000349223
825 0.000349223
826 0.000349223
827 0.000349223
828 0.000349223
829 0.000349223
830 0.000349223
831 0.000349223
832 0.000349223
833 0.000349223
834 0.000349223
835 0.000349223
836 0.000349223
837 0.000349223
838 0.000349223
839 0.000349223
840 0.000349223
841 0.000349223
842 0.000349223
843 0.000349223
844 0.000349223
845 0.000349223
846 0.000349223
847 0.000349223
848 0.000349223
849 0.000349223
850 0.000349223
851 0.000349223
852 0.000349223
853 0.000349223
854 0.000349223
855 0.000349223
856 0.000349223
857 0.000349223
858 0.000349223
859 0.000349223
860 0.000349223
861 0.000349223
862 0.000349223
863 0.000349223
864 0.000349223
865 0.000349223
866 0.000349223
867 0.000349223
868 0.000349223
869 0.000349223
870 0.000349223
871 0.000349223
872 0.000349223
873 0.000349223
874 0.000349223
875 0.000349223
876 0.000349223
877 0.000174611
878 0.000174611
879 0.000174611
880 0.000174611
881 0.000174611
882 0.000174611
883 0.000174611
884 0.000174611
885 0.000174611
886 0.000174611
887 0.000174611
888 0.000174611
889 0.000174611
890 0.000174611
891 0.000174611
892 0.000174611
893 0.000174611
894 0.000174611
895 0.000174611
896 0.000174611
897 0.000174611
898 0.000174611
899 0.000174611
900 0.000174611
901 0.000174611
902 0.000174611
903 0.000174611
904 0.000174611
905 0.000174611
906 0.000174611
907 0.000174611
908 0.000174611
909 0.000174611
910 0.000174611
911 0.000174611
912 0.000174611
913 0.000174611
914 0.000174611
915 0.000174611
916 0.000174611
917 0.000174611
918 0.000174611
919 0.000174611
920 0.000174611
921 0.000174611
922 0.000174611
923 0.000174611
924 0.000174611
925 0.000174611
926 0.000174611
927 0.000174611
928 0.000174611
929 0.000174611
930 0.000174611
931 0.000174611
932 0.000174611
933 0.000174611
934 0.000174611
935 0.000174611
936 0.000174611
937 0.000174611
938 0.000174611
939 0.000174611
940 0.000174611
941 0.000174611
942 0.000174611
943 0.000174611
944 0.000174611
945 0.000174611
946 0.000174611
947 0.000174611
948 0.000174611
949 0.000174611
950 0.000174611
951 0.000174611
952 0.000174611
953 0.000174611
954 0.000174611
955 0.000174611
956 0.000174611
957 0.000174611
958 0.000174611
959 0.000174611
960 0.000174611
961 0.000174611
962 0.000174611
963 0.000174611
964 0.000174611
965 0.000174611
966 0.000174611
967 0.000174611
968 0.000174611
969 0.000174611
970 0.000174611
971 0.000174611
972 0.000174611
973 0.000174611
974 0.000174611
975 0.000174611
976 0.000174611
977 0.000174611
978 0.000174611
979 0.000174611
980 0.000174611
981 0.000174611
982 0.000174611
983 0.000174611
984 0.000174611
985 0.000174611
986 0.000174611
987 0.000174611
988 0.000174611
989 0.000174611
990 0.000174611
991 0.000174611
992 0.000174611
993 0.000174611
994 0.000174611
995 0.000174611
996 0.000174611
997 0.000174611
998 0.000174611
999 0.000174611
1000 0.000174611
1001 0.000174611
1002 0.000174611
1003 0.000174611
1004 0.000174611
1005 0.000174611
1006 0.000174611
1007 0.000174611
1008 0.000174611
1009 0.000174611
1010 0.000174611
1011 0.000174611
1012 0.000174611
1013 0.000174611
1014 0.000174611
1015 0.000174611
