0 1
1 1
2 1
3 1
4 1
5 1
6 1
7 1
8 1
9 1
10 1
11 1
12 1
13 1
14 0.999336
15 0.999336
16 0.999336
17 0.999336
18 0.999336
19 0.999336
20 0.999336
21 0.999336
22 0.999336
23 0.998672
24 0.998672
25 0.958831
26 0.921647
27 0.887118
28 0.867198
29 0.836653
30 0.811421
31 0.782869
32 0.7583
33 0.733068
34 0.709827
35 0.693891
36 0.672643
37 0.652722
38 0.636786
39 0.619522
40 0.60757
41 0.590305
42 0.577025
43 0.562417
44 0.547145
45 0.532537
46 0.52324
47 0.510624
48 0.496016
49 0.486056
50 0.472112
51 0.460159
52 0.446879
53 0.440239
54 0.430943
55 0.416335
56 0.403718
57 0.394422
58 0.389774
59 0.380478
60 0.367198
61 0.35923
62 0.351926
63 0.339973
64 0.330013
65 0.320053
66 0.312085
67 0.302125
68 0.290173
69 0.286189
70 0.276892
71 0.272244
72 0.268924
73 0.257636
74 0.249668
75 0.242364
76 0.230412
77 0.224436
78 0.220452
79 0.213147
80 0.211819
81 0.203187
82 0.197211
83 0.194555
84 0.191899
85 0.186587
86 0.182603
87 0.179283
88 0.174635
89 0.169323
90 0.165339
91 0.158699
92 0.153386
93 0.149402
94 0.145418
95 0.142098
96 0.139442
97 0.13413
98 0.130146
99 0.128818
100 0.122178
101 0.118194
102 0.115538
103 0.112882
104 0.10757
105 0.104914
106 0.101594
107 0.0996016
108 0.0969456
109 0.0942895
110 0.0896414
111 0.0876494
112 0.0849934
113 0.0810093
114 0.0790173
115 0.0783533
116 0.0770252
117 0.0750332
118 0.0737052
119 0.0723772
120 0.0717131
121 0.0703851
122 0.0683931
123 0.0664011
124 0.064409
125 0.063745
126 0.061753
127 0.061089
128 0.059761
129 0.0571049
130 0.0571049
131 0.0551129
132 0.0531209
133 0.0517928
134 0.0498008
135 0.0484728
136 0.0478088
137 0.0464807
138 0.0458167
139 0.0451527
140 0.0451527
141 0.0444887
142 0.0438247
143 0.0424967
144 0.0418327
145 0.0398406
146 0.0398406
147 0.0378486
148 0.0371846
149 0.0365206
150 0.0345286
151 0.0325365
152 0.0312085
153 0.0298805
154 0.0298805
155 0.0292165
156 0.0292165
157 0.0285525
158 0.0272244
159 0.0265604
160 0.0265604
161 0.0258964
162 0.0245684
163 0.0245684
164 0.0239044
165 0.0232404
166 0.0232404
167 0.0232404
168 0.0225764
169 0.0225764
170 0.0225764
171 0.0225764
172 0.0212483
173 0.0212483
174 0.0212483
175 0.0212483
176 0.0199203
177 0.0192563
178 0.0185923
179 0.0185923
180 0.0185923
181 0.0185923
182 0.0185923
183 0.0185923
184 0.0179283
185 0.0172643
186 0.0172643
187 0.0159363
188 0.0146082
189 0.0146082
190 0.0146082
191 0.0139442
192 0.0139442
193 0.0139442
194 0.0139442
195 0.0132802
196 0.0119522
197 0.0119522
198 0.0112882
199 0.0112882
200 0.00996016
201 0.00996016
202 0.00996016
203 0.00996016
204 0.00929615
205 0.00863214
206 0.00796813
207 0.00730412
208 0.00664011
209 0.00664011
210 0.00664011
211 0.00664011
212 0.00664011
213 0.0059761
214 0.0059761
215 0.0059761
216 0.0059761
217 0.00531209
218 0.00531209
219 0.00531209
220 0.00531209
221 0.00531209
222 0.00531209
223 0.00531209
224 0.00531209
225 0.00531209
226 0.00531209
227 0.00531209
228 0.00531209
229 0.00531209
230 0.00531209
231 0.00531209
232 0.00464807
233 0.00398406
234 0.00398406
235 0.00398406
236 0.00398406
237 0.00398406
238 0.00398406
239 0.00398406
240 0.00398406
241 0.00398406
242 0.00398406
243 0.00398406
244 0.00398406
245 0.00398406
246 0.00398406
247 0.00398406
248 0.00398406
249 0.00398406
250 0.00398406
251 0.00332005
252 0.00265604
253 0.00199203
254 0.00199203
255 0.00199203
256 0.00199203
257 0.00199203
258 0.00132802
259 0.00132802
260 0.000664011
261 0.000664011
