0 1
1 1
2 1
3 1
4 1
5 1
6 1
7 1
8 1
9 1
10 1
11 1
12 1
13 1
14 1
15 1
16 1
17 0.990532
18 0.981621
19 0.971874
20 0.96287
21 0.952288
22 0.943655
23 0.936694
24 0.928247
25 0.9198
26 0.912002
27 0.902163
28 0.89418
29 0.88434
30 0.877379
31 0.870138
32 0.861784
33 0.854451
34 0.847118
35 0.840527
36 0.834029
37 0.826789
38 0.82122
39 0.815557
40 0.808596
41 0.802562
42 0.795879
43 0.790959
44 0.783811
45 0.777128
46 0.769888
47 0.763947
48 0.758377
49 0.753179
50 0.747888
51 0.742319
52 0.737028
53 0.730808
54 0.725239
55 0.719762
56 0.715214
57 0.710201
58 0.705189
59 0.700826
60 0.6947
61 0.688759
62 0.682911
63 0.677991
64 0.671679
65 0.667409
66 0.662304
67 0.657663
68 0.653671
69 0.649123
70 0.645131
71 0.640397
72 0.636499
73 0.633621
74 0.62768
75 0.624339
76 0.620718
77 0.617284
78 0.6132
79 0.609672
80 0.60466
81 0.600854
82 0.595377
83 0.591943
84 0.587859
85 0.584238
86 0.581175
87 0.577833
88 0.575606
89 0.572542
90 0.567901
91 0.564652
92 0.560475
93 0.557226
94 0.553792
95 0.550729
96 0.548408
97 0.54553
98 0.542653
99 0.539033
100 0.536619
101 0.533278
102 0.530771
103 0.528265
104 0.525295
105 0.522696
106 0.520653
107 0.517219
108 0.513413
109 0.511
110 0.508215
111 0.505616
112 0.502553
113 0.501067
114 0.498561
115 0.496426
116 0.494384
117 0.491878
118 0.489372
119 0.485566
120 0.483245
121 0.480832
122 0.477768
123 0.475541
124 0.472849
125 0.470899
126 0.469043
127 0.466537
128 0.465052
129 0.463195
130 0.460874
131 0.458368
132 0.456512
133 0.454191
134 0.452427
135 0.450292
136 0.447972
137 0.44593
138 0.442495
139 0.439989
140 0.438596
141 0.436647
142 0.434605
143 0.432563
144 0.4295
145 0.427643
146 0.425137
147 0.423559
148 0.421424
149 0.419289
150 0.417432
151 0.415854
152 0.414184
153 0.412791
154 0.411213
155 0.40945
156 0.40815
157 0.405829
158 0.404251
159 0.402952
160 0.401002
161 0.399981
162 0.398589
163 0.396733
164 0.394783
165 0.392741
166 0.390977
167 0.389585
168 0.387729
169 0.385965
170 0.384387
171 0.383273
172 0.381788
173 0.379746
174 0.377982
175 0.376218
176 0.374362
177 0.372691
178 0.371113
179 0.369349
180 0.367957
181 0.365636
182 0.364522
183 0.363316
184 0.362295
185 0.361181
186 0.359974
187 0.35821
188 0.356725
189 0.355054
190 0.353755
191 0.352362
192 0.350506
193 0.348464
194 0.346607
195 0.344844
196 0.343915
197 0.341595
198 0.34011
199 0.338996
200 0.337882
201 0.336582
202 0.335283
203 0.333705
204 0.332962
205 0.331384
206 0.330456
207 0.329528
208 0.327857
209 0.325907
210 0.324422
211 0.323308
212 0.322194
213 0.320895
214 0.319967
215 0.319131
216 0.317553
217 0.316254
218 0.315233
219 0.313933
220 0.312448
221 0.31152
222 0.310684
223 0.309477
224 0.309013
225 0.308178
226 0.306971
227 0.306043
228 0.304465
229 0.303815
230 0.303072
231 0.302237
232 0.300938
233 0.299731
234 0.298246
235 0.297317
236 0.295647
237 0.294625
238 0.293697
239 0.292676
240 0.291655
241 0.290448
242 0.28952
243 0.288963
244 0.288035
245 0.287199
246 0.286364
247 0.285157
248 0.283858
249 0.282744
250 0.281259
251 0.280609
252 0.279495
253 0.278845
254 0.277917
255 0.276803
256 0.276153
257 0.275039
258 0.274111
259 0.273276
260 0.271976
261 0.271234
262 0.270677
263 0.269748
264 0.269284
265 0.268542
266 0.267799
267 0.267242
268 0.266407
269 0.265107
270 0.264179
271 0.263436
272 0.262601
273 0.261951
274 0.260837
275 0.260095
276 0.259352
277 0.258609
278 0.258145
279 0.257403
280 0.256753
281 0.25601
282 0.254989
283 0.25369
284 0.253133
285 0.252112
286 0.251462
287 0.250812
288 0.250162
289 0.249327
290 0.24877
291 0.248399
292 0.247749
293 0.246821
294 0.246171
295 0.245521
296 0.244222
297 0.243201
298 0.242922
299 0.241994
300 0.241066
301 0.239859
302 0.239023
303 0.238188
304 0.237167
305 0.236424
306 0.235682
307 0.234939
308 0.234011
309 0.233176
310 0.23299
311 0.232247
312 0.231133
313 0.230669
314 0.230205
315 0.229277
316 0.22872
317 0.228163
318 0.22742
319 0.226956
320 0.226678
321 0.225935
322 0.225193
323 0.224543
324 0.223429
325 0.222686
326 0.221758
327 0.22018
328 0.219252
329 0.218231
330 0.217859
331 0.216931
332 0.216374
333 0.215632
334 0.214982
335 0.214518
336 0.214054
337 0.213497
338 0.213125
339 0.212476
340 0.212104
341 0.211083
342 0.210248
343 0.209877
344 0.20932
345 0.20867
346 0.207556
347 0.207092
348 0.206721
349 0.205792
350 0.204957
351 0.204678
352 0.204586
353 0.20375
354 0.203008
355 0.202172
356 0.201894
357 0.201522
358 0.200594
359 0.199851
360 0.199573
361 0.19883
362 0.198273
363 0.197345
364 0.196603
365 0.196139
366 0.195396
367 0.194746
368 0.194096
369 0.19289
370 0.19224
371 0.191404
372 0.190569
373 0.189826
374 0.189084
375 0.188434
376 0.188063
377 0.187691
378 0.18732
379 0.186763
380 0.186299
381 0.185928
382 0.185556
383 0.185185
384 0.184071
385 0.1837
386 0.183236
387 0.182865
388 0.182493
389 0.181936
390 0.181379
391 0.180451
392 0.179801
393 0.179244
394 0.178687
395 0.177945
396 0.177295
397 0.176738
398 0.175996
399 0.175717
400 0.174789
401 0.174046
402 0.173489
403 0.17284
404 0.172468
405 0.171818
406 0.171354
407 0.170612
408 0.170333
409 0.169869
410 0.169498
411 0.168848
412 0.168013
413 0.167363
414 0.166713
415 0.166249
416 0.165599
417 0.165135
418 0.164857
419 0.164671
420 0.164207
421 0.164021
422 0.163186
423 0.16235
424 0.161886
425 0.161329
426 0.161144
427 0.160494
428 0.160401
429 0.160123
430 0.159844
431 0.159751
432 0.158823
433 0.158452
434 0.15808
435 0.157338
436 0.156781
437 0.155945
438 0.155296
439 0.15446
440 0.153532
441 0.153346
442 0.153161
443 0.152882
444 0.152511
445 0.151768
446 0.151675
447 0.15149
448 0.15084
449 0.150376
450 0.15019
451 0.149633
452 0.149076
453 0.148798
454 0.148241
455 0.14787
456 0.147684
457 0.14722
458 0.146477
459 0.146013
460 0.145178
461 0.144528
462 0.144157
463 0.1436
464 0.143228
465 0.142671
466 0.142393
467 0.141465
468 0.141093
469 0.140815
470 0.140537
471 0.140165
472 0.139794
473 0.139144
474 0.138773
475 0.138309
476 0.137659
477 0.137102
478 0.136916
479 0.136359
480 0.136267
481 0.135802
482 0.135617
483 0.134781
484 0.134317
485 0.134132
486 0.133667
487 0.133482
488 0.133296
489 0.132925
490 0.132832
491 0.132554
492 0.132461
493 0.131811
494 0.131347
495 0.130511
496 0.130233
497 0.129862
498 0.129862
499 0.129305
500 0.128748
501 0.128284
502 0.127912
503 0.127634
504 0.126891
505 0.126242
506 0.125406
507 0.125128
508 0.124571
509 0.124014
510 0.12355
511 0.123457
512 0.123178
513 0.122621
514 0.12225
515 0.122157
516 0.121879
517 0.121415
518 0.121229
519 0.120858
520 0.120208
521 0.120022
522 0.119837
523 0.119373
524 0.119094
525 0.118537
526 0.118537
527 0.118351
528 0.11798
529 0.117609
530 0.117238
531 0.116959
532 0.116588
533 0.116588
534 0.116031
535 0.115752
536 0.115288
537 0.114731
538 0.114267
539 0.113989
540 0.113896
541 0.113246
542 0.112968
543 0.112503
544 0.112411
545 0.111947
546 0.111854
547 0.111854
548 0.111761
549 0.111297
550 0.111111
551 0.110554
552 0.110276
553 0.109812
554 0.109626
555 0.109347
556 0.109069
557 0.10879
558 0.108698
559 0.108698
560 0.108419
561 0.107955
562 0.107584
563 0.106563
564 0.106284
565 0.106191
566 0.105542
567 0.105263
568 0.104985
569 0.104706
570 0.104521
571 0.103871
572 0.103499
573 0.103221
574 0.102386
575 0.1022
576 0.102014
577 0.101643
578 0.101643
579 0.101179
580 0.100715
581 0.100343
582 0.100158
583 0.0998793
584 0.0998793
585 0.0997865
586 0.099508
587 0.0992296
588 0.0988583
589 0.0986726
590 0.0983941
591 0.0981157
592 0.0977444
593 0.0972802
594 0.0970018
595 0.0965376
596 0.0961663
597 0.0957022
598 0.0954237
599 0.0950524
600 0.0949596
601 0.0945883
602 0.0944027
603 0.0943099
604 0.0939386
605 0.0938457
606 0.0936601
607 0.0933816
608 0.093196
609 0.0927318
610 0.0921749
611 0.0919892
612 0.0915251
613 0.0914323
614 0.0912466
615 0.091061
616 0.0906897
617 0.0904112
618 0.0903184
619 0.0900399
620 0.0895758
621 0.0893901
622 0.0892045
623 0.0886475
624 0.0883691
625 0.0880906
626 0.0879978
627 0.0876265
628 0.0875336
629 0.087348
630 0.0871624
631 0.0867911
632 0.0864198
633 0.0860485
634 0.0858628
635 0.0853987
636 0.085213
637 0.0851202
638 0.0847489
639 0.084192
640 0.0839135
641 0.0837278
642 0.083635
643 0.0832637
644 0.0830781
645 0.0830781
646 0.0827068
647 0.0825211
648 0.0822426
649 0.0819642
650 0.0814072
651 0.0811287
652 0.0808503
653 0.080479
654 0.0801077
655 0.0797364
656 0.0795507
657 0.0791794
658 0.078901
659 0.0787153
660 0.078344
661 0.0780655
662 0.0778799
663 0.0776942
664 0.0775086
665 0.0771373
666 0.0770445
667 0.0766732
668 0.0766732
669 0.0763947
670 0.0761162
671 0.0758377
672 0.0752808
673 0.0752808
674 0.0752808
675 0.0749095
676 0.0748167
677 0.074631
678 0.0742597
679 0.0739812
680 0.0738884
681 0.0737956
682 0.0735171
683 0.0734243
684 0.073053
685 0.0728674
686 0.0726817
687 0.0724032
688 0.0722176
689 0.0722176
690 0.0720319
691 0.0719391
692 0.0716606
693 0.071475
694 0.0710109
695 0.0710109
696 0.070918
697 0.0705467
698 0.0702683
699 0.0700826
700 0.069897
701 0.0697113
702 0.0696185
703 0.06934
704 0.0690615
705 0.0689687
706 0.0687831
707 0.0685974
708 0.0684118
709 0.0683189
710 0.0680405
711 0.0680405
712 0.0678548
713 0.0676692
714 0.0676692
715 0.0675763
716 0.0672979
717 0.0672979
718 0.0671122
719 0.0667409
720 0.0663696
721 0.066184
722 0.0657199
723 0.0655342
724 0.0652557
725 0.0652557
726 0.0650701
727 0.0648844
728 0.0647916
729 0.064606
730 0.0645131
731 0.0642347
732 0.064049
733 0.0639562
734 0.0639562
735 0.0637705
736 0.0636777
737 0.0634921
738 0.0633992
739 0.0632136
740 0.0627495
741 0.0623782
742 0.0622853
743 0.0620997
744 0.0618212
745 0.0617284
746 0.0613571
747 0.0611714
748 0.060893
749 0.0607073
750 0.0606145
751 0.0601504
752 0.0601504
753 0.0597791
754 0.0597791
755 0.0595006
756 0.0591293
757 0.0590365
758 0.0589437
759 0.0585724
760 0.0585724
761 0.0584795
762 0.0582011
763 0.0580154
764 0.0577369
765 0.0576441
766 0.0574585
767 0.0573656
768 0.0573656
769 0.05718
770 0.0570872
771 0.0570872
772 0.0568087
773 0.0568087
774 0.056623
775 0.056623
776 0.0562517
777 0.0560661
778 0.0560661
779 0.0560661
780 0.0560661
781 0.0559733
782 0.0559733
783 0.0559733
784 0.0556948
785 0.055602
786 0.055602
787 0.055602
788 0.055602
789 0.055602
790 0.0555091
791 0.0553235
792 0.0552307
793 0.055045
794 0.0549522
795 0.0548594
796 0.0546737
797 0.0544881
798 0.0542096
799 0.0541168
800 0.0538383
801 0.0536527
802 0.0535598
803 0.0535598
804 0.053467
805 0.0533742
806 0.0532814
807 0.0531885
808 0.0530957
809 0.0530029
810 0.0528172
811 0.0527244
812 0.0526316
813 0.0523531
814 0.0521675
815 0.0519818
816 0.051889
817 0.0517962
818 0.0517033
819 0.0514249
820 0.051332
821 0.0511464
822 0.0507751
823 0.0506823
824 0.0506823
825 0.0505894
826 0.0504038
827 0.0504038
828 0.0502181
829 0.0499397
830 0.0498468
831 0.0496612
832 0.0494755
833 0.0494755
834 0.0492899
835 0.0492899
836 0.0492899
837 0.0492899
838 0.0492899
839 0.0491971
840 0.0490114
841 0.0489186
842 0.0488258
843 0.0485473
844 0.0483616
845 0.0480832
846 0.0477119
847 0.0477119
848 0.047619
849 0.0474334
850 0.0473406
851 0.0473406
852 0.0471549
853 0.0469693
854 0.0467836
855 0.0467836
856 0.0466908
857 0.0466908
858 0.0463195
859 0.0463195
860 0.0463195
861 0.0461339
862 0.046041
863 0.0458554
864 0.0458554
865 0.0456697
866 0.0454841
867 0.0453913
868 0.0453913
869 0.0453913
870 0.0452056
871 0.0449271
872 0.0449271
873 0.0448343
874 0.0446487
875 0.0445558
876 0.0445558
877 0.0445558
878 0.0445558
879 0.0443702
880 0.0443702
881 0.0440917
882 0.0440917
883 0.0439989
884 0.0438132
885 0.0434419
886 0.0433491
887 0.0433491
888 0.0432563
889 0.0431635
890 0.042885
891 0.0427922
892 0.0425137
893 0.0424209
894 0.0424209
895 0.042328
896 0.042328
897 0.042328
898 0.0421424
899 0.0421424
900 0.0417711
901 0.0417711
902 0.0417711
903 0.0416783
904 0.0414926
905 0.0414926
906 0.0414926
907 0.041307
908 0.0412141
909 0.0409357
910 0.04075
911 0.0404716
912 0.0404716
913 0.0402859
914 0.0402859
915 0.0401003
916 0.0401003
917 0.0401003
918 0.0400074
919 0.0399146
920 0.0399146
921 0.0399146
922 0.0399146
923 0.039729
924 0.0395433
925 0.0395433
926 0.0393577
927 0.0393577
928 0.0393577
929 0.0392648
930 0.0389864
931 0.0389864
932 0.0387079
933 0.0384294
934 0.0384294
935 0.0384294
936 0.0384294
937 0.0384294
938 0.0383366
939 0.0382438
940 0.0381509
941 0.0380581
942 0.0379653
943 0.0378725
944 0.037594
945 0.0374083
946 0.0374083
947 0.0372227
948 0.037037
949 0.0369442
950 0.0367586
951 0.0366657
952 0.0366657
953 0.0366657
954 0.0366657
955 0.0366657
956 0.0362944
957 0.0362016
958 0.0361088
959 0.0357375
960 0.0356447
961 0.0353662
962 0.0352734
963 0.0352734
964 0.0352734
965 0.0351805
966 0.0350877
967 0.0350877
968 0.0349949
969 0.0349949
970 0.0349949
971 0.0349949
972 0.0348092
973 0.0348092
974 0.0347164
975 0.0345308
976 0.0345308
977 0.0345308
978 0.0342523
979 0.0340666
980 0.0339738
981 0.0339738
982 0.033881
983 0.0337882
984 0.0336954
985 0.0335097
986 0.0335097
987 0.0335097
988 0.0335097
989 0.0334169
990 0.0334169
991 0.0331384
992 0.0328599
993 0.0328599
994 0.0326743
995 0.0326743
996 0.0324886
997 0.0323958
998 0.0321173
999 0.0321173
1000 0.0320245
1001 0.0319317
1002 0.031746
1003 0.031746
1004 0.0316532
1005 0.0316532
1006 0.0316532
1007 0.0315604
1008 0.0315604
1009 0.0315604
1010 0.0315604
1011 0.0315604
1012 0.0314676
1013 0.0314676
1014 0.0314676
1015 0.0313747
1016 0.0313747
1017 0.0311891
1018 0.0310034
1019 0.0309106
1020 0.030725
1021 0.030725
1022 0.0306321
1023 0.0305393
1024 0.0304465
1025 0.0303537
1026 0.0303537
1027 0.0302608
1028 0.0302608
1029 0.030168
1030 0.0300752
1031 0.0300752
1032 0.0299824
1033 0.0297039
1034 0.0296111
1035 0.0296111
1036 0.0296111
1037 0.0296111
1038 0.0295182
1039 0.0294254
1040 0.0294254
1041 0.0294254
1042 0.0293326
1043 0.0292398
1044 0.0290541
1045 0.0290541
1046 0.0289613
1047 0.0288685
1048 0.0286828
1049 0.0286828
1050 0.02859
1051 0.0284972
1052 0.0284972
1053 0.0284972
1054 0.0284972
1055 0.0284972
1056 0.0283115
1057 0.0283115
1058 0.0283115
1059 0.028033
1060 0.0279402
1061 0.0278474
1062 0.0276617
1063 0.0276617
1064 0.0275689
1065 0.0275689
1066 0.0274761
1067 0.0273833
1068 0.0273833
1069 0.0273833
1070 0.0273833
1071 0.0271976
1072 0.0271976
1073 0.0271976
1074 0.0271976
1075 0.0271048
1076 0.027012
1077 0.027012
1078 0.0269191
1079 0.0268263
1080 0.0266407
1081 0.0263622
1082 0.0263622
1083 0.0261766
1084 0.0260837
1085 0.0258981
1086 0.0258981
1087 0.0258981
1088 0.0258053
1089 0.0257124
1090 0.025434
1091 0.025434
1092 0.0253411
1093 0.0252483
1094 0.0251555
1095 0.024877
1096 0.024877
1097 0.024877
1098 0.024877
1099 0.024877
1100 0.0247842
1101 0.0247842
1102 0.0247842
1103 0.0245985
1104 0.0245985
1105 0.0245985
1106 0.0245057
1107 0.0245057
1108 0.0244129
1109 0.0243201
1110 0.0242272
1111 0.0239488
1112 0.0238559
1113 0.0237631
1114 0.0237631
1115 0.0237631
1116 0.0236703
1117 0.0234846
1118 0.0233918
1119 0.0233918
1120 0.0233918
1121 0.0233918
1122 0.023299
1123 0.0232062
1124 0.0232062
1125 0.0231133
1126 0.0231133
1127 0.0231133
1128 0.0228349
1129 0.0225564
1130 0.0224636
1131 0.0224636
1132 0.0222779
1133 0.0222779
1134 0.0222779
1135 0.0221851
1136 0.0219066
1137 0.0219066
1138 0.0219066
1139 0.0218138
1140 0.0218138
1141 0.0218138
1142 0.0218138
1143 0.0218138
1144 0.021721
1145 0.021721
1146 0.0216281
1147 0.0215353
1148 0.0215353
1149 0.0215353
1150 0.0215353
1151 0.0214425
1152 0.0214425
1153 0.0214425
1154 0.0213497
1155 0.0213497
1156 0.0212568
1157 0.0210712
1158 0.0210712
1159 0.0209784
1160 0.0207927
1161 0.0207927
1162 0.0207927
1163 0.0206071
1164 0.0206071
1165 0.0206071
1166 0.0205142
1167 0.0205142
1168 0.0205142
1169 0.0205142
1170 0.0204214
1171 0.0204214
1172 0.0204214
1173 0.0203286
1174 0.0202358
1175 0.020143
1176 0.020143
1177 0.0199573
1178 0.0197717
1179 0.0197717
1180 0.0196788
1181 0.019586
1182 0.019586
1183 0.0194004
1184 0.0193075
1185 0.0192147
1186 0.0191219
1187 0.0191219
1188 0.0191219
1189 0.0190291
1190 0.0190291
1191 0.0189362
1192 0.0189362
1193 0.0187506
1194 0.0187506
1195 0.0187506
1196 0.0187506
1197 0.0187506
1198 0.0186578
1199 0.0185649
1200 0.0185649
1201 0.0185649
1202 0.0185649
1203 0.0184721
1204 0.0184721
1205 0.0184721
1206 0.0184721
1207 0.0183793
1208 0.0181936
1209 0.0181936
1210 0.0181936
1211 0.0181936
1212 0.0181936
1213 0.0181936
1214 0.0181008
1215 0.018008
1216 0.0178223
1217 0.0178223
1218 0.0178223
1219 0.0177295
1220 0.0177295
1221 0.017451
1222 0.017451
1223 0.0173582
1224 0.0172654
1225 0.0170797
1226 0.0169869
1227 0.0169869
1228 0.0168941
1229 0.0168013
1230 0.0167084
1231 0.0166156
1232 0.0165228
1233 0.0165228
1234 0.0163371
1235 0.0162443
1236 0.0162443
1237 0.0161515
1238 0.0161515
1239 0.0161515
1240 0.0160587
1241 0.015873
1242 0.0157802
1243 0.0156874
1244 0.0155945
1245 0.0155017
1246 0.0155017
1247 0.0155017
1248 0.0154089
1249 0.0154089
1250 0.0152232
1251 0.0151304
1252 0.0150376
1253 0.0150376
1254 0.0149448
1255 0.0148519
1256 0.0148519
1257 0.0147591
1258 0.0146663
1259 0.0146663
1260 0.0146663
1261 0.0146663
1262 0.0146663
1263 0.0144806
1264 0.0144806
1265 0.0144806
1266 0.0144806
1267 0.0144806
1268 0.0144806
1269 0.0143878
1270 0.0143878
1271 0.0143878
1272 0.0143878
1273 0.014295
1274 0.014295
1275 0.0142022
1276 0.0142022
1277 0.0142022
1278 0.0142022
1279 0.0141093
1280 0.0141093
1281 0.0141093
1282 0.0140165
1283 0.0140165
1284 0.0140165
1285 0.0140165
1286 0.0140165
1287 0.0139237
1288 0.0139237
1289 0.0138309
1290 0.0138309
1291 0.0138309
1292 0.0138309
1293 0.0138309
1294 0.0138309
1295 0.0138309
1296 0.013738
1297 0.0136452
1298 0.0136452
1299 0.0134596
1300 0.0134596
1301 0.0134596
1302 0.0134596
1303 0.0134596
1304 0.0134596
1305 0.0134596
1306 0.0134596
1307 0.0134596
1308 0.0132739
1309 0.0132739
1310 0.0131811
1311 0.0131811
1312 0.0130883
1313 0.0130883
1314 0.0130883
1315 0.0129955
1316 0.0129955
1317 0.0129955
1318 0.0129955
1319 0.0129955
1320 0.0129026
1321 0.0129026
1322 0.0129026
1323 0.0129026
1324 0.0129026
1325 0.0128098
1326 0.0128098
1327 0.0128098
1328 0.0128098
1329 0.0128098
1330 0.0126242
1331 0.0123457
1332 0.01216
1333 0.01216
1334 0.01216
1335 0.01216
1336 0.01216
1337 0.01216
1338 0.01216
1339 0.0120672
1340 0.0120672
1341 0.0120672
1342 0.0120672
1343 0.0119744
1344 0.0119744
1345 0.0119744
1346 0.0119744
1347 0.0119744
1348 0.0119744
1349 0.0119744
1350 0.0119744
1351 0.0119744
1352 0.0118816
1353 0.0118816
1354 0.0118816
1355 0.0118816
1356 0.0118816
1357 0.0118816
1358 0.0118816
1359 0.0118816
1360 0.0118816
1361 0.0118816
1362 0.0118816
1363 0.0118816
1364 0.0118816
1365 0.0118816
1366 0.0118816
1367 0.0117887
1368 0.0117887
1369 0.0117887
1370 0.0116959
1371 0.0116959
1372 0.0116031
1373 0.0115103
1374 0.0115103
1375 0.0115103
1376 0.0115103
1377 0.0114174
1378 0.0114174
1379 0.0114174
1380 0.0114174
1381 0.0114174
1382 0.0113246
1383 0.0113246
1384 0.0113246
1385 0.0113246
1386 0.0112318
1387 0.0112318
1388 0.0112318
1389 0.0112318
1390 0.0112318
1391 0.0112318
1392 0.0112318
1393 0.0112318
1394 0.0112318
1395 0.0112318
1396 0.0112318
1397 0.011139
1398 0.011139
1399 0.011139
1400 0.011139
1401 0.0110461
1402 0.0109533
1403 0.0109533
1404 0.0109533
1405 0.0109533
1406 0.0108605
1407 0.0107677
1408 0.0106748
1409 0.0106748
1410 0.010582
1411 0.010582
1412 0.010582
1413 0.010582
1414 0.010582
1415 0.010582
1416 0.010582
1417 0.010582
1418 0.010582
1419 0.010582
1420 0.010582
1421 0.010582
1422 0.010582
1423 0.0104892
1424 0.0104892
1425 0.0104892
1426 0.0103964
1427 0.0103035
1428 0.0103035
1429 0.0103035
1430 0.0101179
1431 0.0101179
1432 0.0101179
1433 0.0101179
1434 0.0101179
1435 0.0101179
1436 0.00993224
1437 0.00983941
1438 0.00965376
1439 0.00965376
1440 0.00965376
1441 0.00965376
1442 0.00965376
1443 0.00965376
1444 0.00965376
1445 0.00965376
1446 0.00965376
1447 0.00965376
1448 0.00965376
1449 0.00965376
1450 0.00965376
1451 0.00965376
1452 0.00946811
1453 0.00946811
1454 0.00937529
1455 0.00937529
1456 0.00937529
1457 0.00937529
1458 0.00937529
1459 0.00937529
1460 0.00937529
1461 0.00937529
1462 0.00937529
1463 0.00937529
1464 0.00937529
1465 0.00937529
1466 0.00937529
1467 0.00937529
1468 0.00937529
1469 0.00928247
1470 0.00928247
1471 0.00928247
1472 0.00918964
1473 0.00909682
1474 0.00909682
1475 0.00909682
1476 0.00909682
1477 0.00909682
1478 0.00909682
1479 0.00909682
1480 0.00909682
1481 0.00909682
1482 0.00909682
1483 0.00909682
1484 0.00909682
1485 0.00900399
1486 0.00900399
1487 0.00900399
1488 0.00891117
1489 0.00881834
1490 0.00872552
1491 0.00863269
1492 0.00863269
1493 0.00863269
1494 0.00863269
1495 0.00863269
1496 0.00863269
1497 0.00863269
1498 0.00853987
1499 0.00844704
1500 0.00844704
1501 0.00844704
1502 0.00844704
1503 0.00844704
1504 0.00844704
1505 0.00844704
1506 0.00844704
1507 0.00835422
1508 0.00835422
1509 0.00835422
1510 0.00835422
1511 0.00835422
1512 0.00835422
1513 0.00835422
1514 0.00835422
1515 0.00835422
1516 0.00835422
1517 0.00826139
1518 0.00826139
1519 0.00816857
1520 0.00816857
1521 0.00816857
1522 0.00816857
1523 0.00816857
1524 0.00816857
1525 0.00807574
1526 0.00807574
1527 0.00807574
1528 0.00807574
1529 0.00798292
1530 0.00798292
1531 0.00798292
1532 0.00798292
1533 0.00798292
1534 0.0078901
1535 0.0078901
1536 0.0078901
1537 0.0078901
1538 0.00779727
1539 0.00779727
1540 0.00779727
1541 0.00779727
1542 0.00779727
1543 0.00779727
1544 0.00779727
1545 0.00779727
1546 0.00770445
1547 0.00770445
1548 0.00770445
1549 0.00770445
1550 0.00770445
1551 0.00770445
1552 0.00770445
1553 0.00770445
1554 0.00770445
1555 0.00770445
1556 0.00770445
1557 0.00770445
1558 0.00770445
1559 0.00770445
1560 0.00761162
1561 0.00761162
1562 0.00761162
1563 0.0075188
1564 0.0075188
1565 0.0075188
1566 0.0075188
1567 0.0075188
1568 0.0075188
1569 0.00742597
1570 0.00742597
1571 0.00733315
1572 0.00733315
1573 0.00733315
1574 0.00724032
1575 0.00724032
1576 0.00724032
1577 0.00724032
1578 0.00724032
1579 0.0071475
1580 0.0071475
1581 0.0071475
1582 0.0071475
1583 0.0071475
1584 0.0071475
1585 0.0071475
1586 0.0071475
1587 0.0071475
1588 0.0071475
1589 0.0071475
1590 0.0071475
1591 0.0071475
1592 0.0071475
1593 0.0071475
1594 0.0071475
1595 0.0071475
1596 0.0071475
1597 0.0071475
1598 0.0071475
1599 0.00705467
1600 0.00705467
1601 0.00705467
1602 0.00705467
1603 0.00705467
1604 0.00705467
1605 0.00705467
1606 0.00705467
1607 0.00705467
1608 0.00705467
1609 0.00705467
1610 0.00705467
1611 0.00696185
1612 0.00696185
1613 0.00696185
1614 0.00696185
1615 0.00696185
1616 0.00696185
1617 0.00696185
1618 0.00686902
1619 0.00686902
1620 0.00686902
1621 0.00686902
1622 0.00686902
1623 0.00686902
1624 0.00686902
1625 0.00686902
1626 0.00686902
1627 0.00686902
1628 0.00686902
1629 0.00686902
1630 0.00686902
1631 0.0067762
1632 0.0067762
1633 0.0067762
1634 0.0067762
1635 0.0067762
1636 0.0067762
1637 0.0067762
1638 0.0067762
1639 0.0067762
1640 0.00668338
1641 0.00668338
1642 0.00668338
1643 0.00668338
1644 0.00668338
1645 0.00668338
1646 0.00659055
1647 0.00659055
1648 0.00659055
1649 0.00659055
1650 0.00659055
1651 0.00659055
1652 0.00649773
1653 0.00649773
1654 0.0064049
1655 0.0064049
1656 0.0064049
1657 0.00631208
1658 0.00621925
1659 0.00621925
1660 0.00621925
1661 0.00621925
1662 0.00621925
1663 0.00621925
1664 0.00621925
1665 0.00621925
1666 0.00621925
1667 0.00621925
1668 0.00621925
1669 0.00621925
1670 0.00621925
1671 0.00612643
1672 0.00612643
1673 0.00612643
1674 0.0060336
1675 0.0060336
1676 0.0060336
1677 0.0060336
1678 0.0060336
1679 0.0060336
1680 0.0060336
1681 0.0060336
1682 0.0060336
1683 0.00594078
1684 0.00594078
1685 0.00594078
1686 0.00594078
1687 0.00584795
1688 0.00584795
1689 0.00584795
1690 0.00584795
1691 0.00584795
1692 0.00584795
1693 0.00575513
1694 0.00575513
1695 0.0056623
1696 0.00556948
1697 0.00556948
1698 0.00538383
1699 0.00529101
1700 0.00529101
1701 0.00529101
1702 0.00519818
1703 0.00519818
1704 0.00519818
1705 0.00519818
1706 0.00519818
1707 0.00519818
1708 0.00519818
1709 0.00510536
1710 0.00510536
1711 0.00510536
1712 0.00501253
1713 0.00501253
1714 0.00491971
1715 0.00491971
1716 0.00491971
1717 0.00491971
1718 0.00491971
1719 0.00491971
1720 0.00491971
1721 0.00491971
1722 0.00491971
1723 0.00482688
1724 0.00482688
1725 0.00482688
1726 0.00482688
1727 0.00482688
1728 0.00482688
1729 0.00482688
1730 0.00482688
1731 0.00473406
1732 0.00464123
1733 0.00464123
1734 0.00464123
1735 0.00464123
1736 0.00454841
1737 0.00454841
1738 0.00454841
1739 0.00454841
1740 0.00454841
1741 0.00454841
1742 0.00454841
1743 0.00454841
1744 0.00454841
1745 0.00454841
1746 0.00445558
1747 0.00445558
1748 0.00445558
1749 0.00436276
1750 0.00436276
1751 0.00436276
1752 0.00436276
1753 0.00436276
1754 0.00436276
1755 0.00436276
1756 0.00436276
1757 0.00436276
1758 0.00436276
1759 0.00436276
1760 0.00426993
1761 0.00426993
1762 0.00426993
1763 0.00426993
1764 0.00426993
1765 0.00426993
1766 0.00426993
1767 0.00426993
1768 0.00426993
1769 0.00426993
1770 0.00417711
1771 0.00408428
1772 0.00408428
1773 0.00408428
1774 0.00408428
1775 0.00408428
1776 0.00408428
1777 0.00399146
1778 0.00399146
1779 0.00399146
1780 0.00399146
1781 0.00399146
1782 0.00399146
1783 0.00399146
1784 0.00399146
1785 0.00399146
1786 0.00399146
1787 0.00399146
1788 0.00399146
1789 0.00399146
1790 0.00389864
1791 0.00380581
1792 0.00380581
1793 0.00380581
1794 0.00380581
1795 0.00380581
1796 0.00380581
1797 0.00380581
1798 0.00380581
1799 0.00380581
1800 0.00380581
1801 0.00380581
1802 0.00380581
1803 0.00380581
1804 0.00380581
1805 0.00380581
1806 0.00380581
1807 0.00380581
1808 0.00380581
1809 0.00380581
1810 0.00380581
1811 0.00380581
1812 0.00380581
1813 0.00380581
1814 0.00371299
1815 0.00371299
1816 0.00371299
1817 0.00362016
1818 0.00362016
1819 0.00362016
1820 0.00362016
1821 0.00362016
1822 0.00362016
1823 0.00362016
1824 0.00362016
1825 0.00362016
1826 0.00362016
1827 0.00362016
1828 0.00352734
1829 0.00352734
1830 0.00343451
1831 0.00343451
1832 0.00343451
1833 0.00343451
1834 0.00343451
1835 0.00334169
1836 0.00334169
1837 0.00334169
1838 0.00334169
1839 0.00334169
1840 0.00334169
1841 0.00334169
1842 0.00334169
1843 0.00334169
1844 0.00334169
1845 0.00334169
1846 0.00334169
1847 0.00334169
1848 0.00334169
1849 0.00324886
1850 0.00324886
1851 0.00324886
1852 0.00324886
1853 0.00324886
1854 0.00315604
1855 0.00315604
1856 0.00315604
1857 0.00315604
1858 0.00315604
1859 0.00315604
1860 0.00315604
1861 0.00315604
1862 0.00315604
1863 0.00315604
1864 0.00315604
1865 0.00315604
1866 0.00315604
1867 0.00315604
1868 0.00315604
1869 0.00306321
1870 0.00306321
1871 0.00306321
1872 0.00306321
1873 0.00306321
1874 0.00306321
1875 0.00306321
1876 0.00306321
1877 0.00306321
1878 0.00306321
1879 0.00306321
1880 0.00306321
1881 0.00306321
1882 0.00306321
1883 0.00306321
1884 0.00306321
1885 0.00306321
1886 0.00306321
1887 0.00306321
1888 0.00306321
1889 0.00306321
1890 0.00306321
1891 0.00306321
1892 0.00306321
1893 0.00306321
1894 0.00306321
1895 0.00297039
1896 0.00297039
1897 0.00297039
1898 0.00297039
1899 0.00297039
1900 0.00297039
1901 0.00297039
1902 0.00297039
1903 0.00297039
1904 0.00297039
1905 0.00297039
1906 0.00297039
1907 0.00297039
1908 0.00297039
1909 0.00297039
1910 0.00297039
1911 0.00287756
1912 0.00287756
1913 0.00287756
1914 0.00287756
1915 0.00287756
1916 0.00287756
1917 0.00287756
1918 0.00287756
1919 0.00287756
1920 0.00278474
1921 0.00278474
1922 0.00278474
1923 0.00278474
1924 0.00278474
1925 0.00278474
1926 0.00278474
1927 0.00278474
1928 0.00278474
1929 0.00278474
1930 0.00278474
1931 0.00278474
1932 0.00278474
1933 0.00269192
1934 0.00269192
1935 0.00269192
1936 0.00269192
1937 0.00269192
1938 0.00269192
1939 0.00269192
1940 0.00269192
1941 0.00269192
1942 0.00269192
1943 0.00269192
1944 0.00269192
1945 0.00269192
1946 0.00269192
1947 0.00269192
1948 0.00269192
1949 0.00269192
1950 0.00259909
1951 0.00259909
1952 0.00259909
1953 0.00259909
1954 0.00259909
1955 0.00259909
1956 0.00259909
1957 0.00259909
1958 0.00259909
1959 0.00259909
1960 0.00259909
1961 0.00259909
1962 0.00259909
1963 0.00259909
1964 0.00259909
1965 0.00250627
1966 0.00250627
1967 0.00250627
1968 0.00250627
1969 0.00250627
1970 0.00250627
1971 0.00250627
1972 0.00250627
1973 0.00250627
1974 0.00250627
1975 0.00250627
1976 0.00250627
1977 0.00250627
1978 0.00250627
1979 0.00250627
1980 0.00250627
1981 0.00250627
1982 0.00250627
1983 0.00250627
1984 0.00250627
1985 0.00250627
1986 0.00241344
1987 0.00241344
1988 0.00241344
1989 0.00241344
1990 0.00241344
1991 0.00241344
1992 0.00232062
1993 0.00232062
1994 0.00232062
1995 0.00232062
1996 0.00232062
1997 0.00232062
1998 0.00232062
1999 0.00232062
2000 0.00232062
2001 0.00232062
2002 0.00232062
2003 0.00232062
2004 0.00232062
2005 0.00232062
2006 0.00232062
2007 0.00232062
2008 0.00232062
2009 0.00232062
2010 0.00232062
2011 0.00232062
2012 0.00232062
2013 0.00232062
2014 0.00232062
2015 0.00232062
2016 0.00232062
2017 0.00222779
2018 0.00222779
2019 0.00222779
2020 0.00222779
2021 0.00222779
2022 0.00222779
2023 0.00222779
2024 0.00222779
2025 0.00222779
2026 0.00222779
2027 0.00222779
2028 0.00222779
2029 0.00222779
2030 0.00222779
2031 0.00222779
2032 0.00222779
2033 0.00222779
2034 0.00222779
2035 0.00222779
2036 0.00222779
2037 0.00222779
2038 0.00222779
2039 0.00222779
2040 0.00222779
2041 0.00222779
2042 0.00222779
2043 0.00222779
2044 0.00222779
2045 0.00222779
2046 0.00222779
2047 0.00222779
2048 0.00222779
2049 0.00222779
2050 0.00222779
2051 0.00222779
2052 0.00222779
2053 0.00222779
2054 0.00222779
2055 0.00222779
2056 0.00222779
2057 0.00222779
2058 0.00222779
2059 0.00222779
2060 0.00222779
2061 0.00222779
2062 0.00222779
2063 0.00222779
2064 0.00222779
2065 0.00222779
2066 0.00213497
2067 0.00213497
2068 0.00213497
2069 0.00213497
2070 0.00204214
2071 0.00204214
2072 0.00204214
2073 0.00204214
2074 0.00204214
2075 0.00204214
2076 0.00204214
2077 0.00204214
2078 0.00204214
2079 0.00204214
2080 0.00204214
2081 0.00204214
2082 0.00204214
2083 0.00204214
2084 0.00204214
2085 0.00204214
2086 0.00204214
2087 0.00204214
2088 0.00204214
2089 0.00204214
2090 0.00204214
2091 0.00204214
2092 0.00204214
2093 0.00204214
2094 0.00204214
2095 0.00194932
2096 0.00185649
2097 0.00185649
2098 0.00185649
2099 0.00185649
2100 0.00185649
2101 0.00185649
2102 0.00185649
2103 0.00176367
2104 0.00176367
2105 0.00176367
2106 0.00176367
2107 0.00176367
2108 0.00176367
2109 0.00176367
2110 0.00176367
2111 0.00176367
2112 0.00176367
2113 0.00176367
2114 0.00176367
2115 0.00176367
2116 0.00176367
2117 0.00176367
2118 0.00176367
2119 0.00176367
2120 0.00176367
2121 0.00176367
2122 0.00176367
2123 0.00176367
2124 0.00176367
2125 0.00176367
2126 0.00176367
2127 0.00176367
2128 0.00176367
2129 0.00176367
2130 0.00176367
2131 0.00176367
2132 0.00176367
2133 0.00176367
2134 0.00176367
2135 0.00176367
2136 0.00176367
2137 0.00176367
2138 0.00176367
2139 0.00176367
2140 0.00176367
2141 0.00167084
2142 0.00167084
2143 0.00167084
2144 0.00167084
2145 0.00167084
2146 0.00167084
2147 0.00167084
2148 0.00157802
2149 0.00148519
2150 0.00148519
2151 0.00148519
2152 0.00148519
2153 0.00148519
2154 0.00148519
2155 0.00148519
2156 0.00148519
2157 0.00148519
2158 0.00148519
2159 0.00148519
2160 0.00148519
2161 0.00148519
2162 0.00148519
2163 0.00148519
2164 0.00148519
2165 0.00148519
2166 0.00148519
2167 0.00148519
2168 0.00148519
2169 0.00148519
2170 0.00148519
2171 0.00148519
2172 0.00148519
2173 0.00148519
2174 0.00148519
2175 0.00148519
2176 0.00148519
2177 0.00148519
2178 0.00148519
2179 0.00148519
2180 0.00148519
2181 0.00148519
2182 0.00148519
2183 0.00139237
2184 0.00139237
2185 0.00139237
2186 0.00139237
2187 0.00139237
2188 0.00139237
2189 0.00139237
2190 0.00139237
2191 0.00139237
2192 0.00139237
2193 0.00139237
2194 0.00139237
2195 0.00139237
2196 0.00139237
2197 0.00139237
2198 0.00139237
2199 0.00139237
2200 0.00139237
2201 0.00139237
2202 0.00139237
2203 0.00139237
2204 0.00139237
2205 0.00139237
2206 0.00139237
2207 0.00139237
2208 0.00139237
2209 0.00139237
2210 0.00139237
2211 0.00129955
2212 0.00129955
2213 0.00129955
2214 0.00129955
2215 0.00129955
2216 0.00129955
2217 0.00129955
2218 0.00129955
2219 0.00129955
2220 0.00129955
2221 0.00129955
2222 0.00129955
2223 0.00129955
2224 0.00129955
2225 0.00129955
2226 0.00129955
2227 0.00129955
2228 0.00129955
2229 0.00129955
2230 0.00129955
2231 0.00129955
2232 0.00129955
2233 0.00129955
2234 0.00129955
2235 0.00129955
2236 0.00129955
2237 0.00129955
2238 0.00129955
2239 0.00129955
2240 0.00129955
2241 0.00129955
2242 0.00129955
2243 0.00129955
2244 0.00129955
2245 0.00129955
2246 0.00120672
2247 0.00120672
2248 0.00120672
2249 0.00120672
2250 0.00120672
2251 0.00120672
2252 0.00120672
2253 0.00120672
2254 0.00120672
2255 0.00120672
2256 0.00120672
2257 0.00120672
2258 0.00120672
2259 0.00120672
2260 0.00120672
2261 0.00120672
2262 0.00120672
2263 0.00120672
2264 0.00120672
2265 0.00120672
2266 0.00120672
2267 0.00120672
2268 0.00120672
2269 0.00120672
2270 0.00120672
2271 0.00120672
2272 0.00120672
2273 0.00120672
2274 0.00120672
2275 0.00120672
2276 0.00120672
2277 0.00120672
2278 0.00120672
2279 0.00120672
2280 0.00120672
2281 0.00120672
2282 0.00120672
2283 0.00120672
2284 0.00120672
2285 0.00120672
2286 0.00120672
2287 0.00120672
2288 0.00120672
2289 0.00120672
2290 0.00120672
2291 0.00120672
2292 0.00120672
2293 0.00120672
2294 0.00120672
2295 0.00120672
2296 0.00120672
2297 0.00120672
2298 0.00120672
2299 0.00120672
2300 0.0011139
2301 0.0011139
2302 0.0011139
2303 0.0011139
2304 0.0011139
2305 0.0011139
2306 0.0011139
2307 0.0011139
2308 0.0011139
2309 0.0011139
2310 0.0011139
2311 0.0011139
2312 0.0011139
2313 0.0011139
2314 0.0011139
2315 0.0011139
2316 0.0011139
2317 0.0011139
2318 0.0011139
2319 0.0011139
2320 0.0011139
2321 0.0011139
2322 0.0011139
2323 0.0011139
2324 0.0011139
2325 0.00102107
2326 0.00102107
2327 0.00102107
2328 0.00102107
2329 0.00102107
2330 0.00102107
2331 0.00102107
2332 0.00102107
2333 0.00102107
2334 0.00102107
2335 0.00102107
2336 0.00102107
2337 0.00102107
2338 0.00102107
2339 0.000928247
2340 0.000928247
2341 0.000928247
2342 0.000928247
2343 0.000928247
2344 0.000928247
2345 0.000928247
2346 0.000928247
2347 0.000928247
2348 0.000928247
2349 0.000928247
2350 0.000928247
2351 0.000928247
2352 0.000928247
2353 0.000928247
2354 0.000928247
2355 0.000928247
2356 0.000928247
2357 0.000928247
2358 0.000928247
2359 0.000928247
2360 0.000928247
2361 0.000928247
2362 0.000928247
2363 0.000928247
2364 0.000928247
2365 0.000928247
2366 0.000928247
2367 0.000928247
2368 0.000928247
2369 0.000928247
2370 0.000928247
2371 0.000928247
2372 0.000928247
2373 0.000928247
2374 0.000928247
2375 0.000928247
2376 0.000928247
2377 0.000928247
2378 0.000928247
2379 0.000928247
2380 0.000928247
2381 0.000928247
2382 0.000928247
2383 0.000928247
2384 0.000928247
2385 0.000928247
2386 0.000928247
2387 0.000928247
2388 0.000928247
2389 0.000928247
2390 0.000928247
2391 0.000835422
2392 0.000835422
2393 0.000835422
2394 0.000835422
2395 0.000835422
2396 0.000835422
2397 0.000835422
2398 0.000835422
2399 0.000835422
2400 0.000835422
2401 0.000835422
2402 0.000835422
2403 0.000835422
2404 0.000835422
2405 0.000835422
2406 0.000835422
2407 0.000835422
2408 0.000835422
2409 0.000835422
2410 0.000835422
2411 0.000835422
2412 0.000835422
2413 0.000835422
2414 0.000835422
2415 0.000835422
2416 0.000835422
2417 0.000835422
2418 0.000835422
2419 0.000835422
2420 0.000835422
2421 0.000835422
2422 0.000835422
2423 0.000835422
2424 0.000835422
2425 0.000835422
2426 0.000835422
2427 0.000835422
2428 0.000835422
2429 0.000835422
2430 0.000835422
2431 0.000742597
2432 0.000742597
2433 0.000742597
2434 0.000742597
2435 0.000742597
2436 0.000742597
2437 0.000742597
2438 0.000742597
2439 0.000742597
2440 0.000742597
2441 0.000742597
2442 0.000742597
2443 0.000742597
2444 0.000742597
2445 0.000742597
2446 0.000742597
2447 0.000742597
2448 0.000742597
2449 0.000742597
2450 0.000649773
2451 0.000649773
2452 0.000649773
2453 0.000649773
2454 0.000649773
2455 0.000649773
2456 0.000649773
2457 0.000649773
2458 0.000649773
2459 0.000649773
2460 0.000649773
2461 0.000649773
2462 0.000649773
2463 0.000649773
2464 0.000649773
2465 0.000649773
2466 0.000649773
2467 0.000649773
2468 0.000649773
2469 0.000649773
2470 0.000556948
2471 0.000556948
2472 0.000556948
2473 0.000556948
2474 0.000556948
2475 0.000556948
2476 0.000556948
2477 0.000556948
2478 0.000556948
2479 0.000556948
2480 0.000556948
2481 0.000556948
2482 0.000556948
2483 0.000556948
2484 0.000556948
2485 0.000556948
2486 0.000556948
2487 0.000556948
2488 0.000556948
2489 0.000556948
2490 0.000556948
2491 0.000556948
2492 0.000556948
2493 0.000556948
2494 0.000556948
2495 0.000556948
2496 0.000556948
2497 0.000556948
2498 0.000556948
2499 0.000556948
2500 0.000556948
2501 0.000556948
2502 0.000556948
2503 0.000556948
2504 0.000556948
2505 0.000556948
2506 0.000556948
2507 0.000556948
2508 0.000556948
2509 0.000556948
2510 0.000556948
2511 0.000556948
2512 0.000556948
2513 0.000556948
2514 0.000556948
2515 0.000556948
2516 0.000556948
2517 0.000556948
2518 0.000556948
2519 0.000556948
2520 0.000556948
2521 0.000556948
2522 0.000556948
2523 0.000556948
2524 0.000556948
2525 0.000556948
2526 0.000556948
2527 0.000556948
2528 0.000556948
2529 0.000556948
2530 0.000556948
2531 0.000556948
2532 0.000556948
2533 0.000556948
2534 0.000556948
2535 0.000556948
2536 0.000556948
2537 0.000556948
2538 0.000556948
2539 0.000556948
2540 0.000556948
2541 0.000556948
2542 0.000556948
2543 0.000556948
2544 0.000556948
2545 0.000556948
2546 0.000556948
2547 0.000556948
2548 0.000556948
2549 0.000556948
2550 0.000556948
2551 0.000556948
2552 0.000556948
2553 0.000556948
2554 0.000556948
2555 0.000556948
2556 0.000556948
2557 0.000556948
2558 0.000556948
2559 0.000556948
2560 0.000556948
2561 0.000556948
2562 0.000556948
2563 0.000556948
2564 0.000556948
2565 0.000556948
2566 0.000556948
2567 0.000556948
2568 0.000556948
2569 0.000556948
2570 0.000556948
2571 0.000556948
2572 0.000556948
2573 0.000556948
2574 0.000556948
2575 0.000556948
2576 0.000556948
2577 0.000556948
2578 0.000556948
2579 0.000556948
2580 0.000556948
2581 0.000556948
2582 0.000556948
2583 0.000556948
2584 0.000556948
2585 0.000556948
2586 0.000556948
2587 0.000556948
2588 0.000556948
2589 0.000556948
2590 0.000556948
2591 0.000556948
2592 0.000556948
2593 0.000556948
2594 0.000556948
2595 0.000556948
2596 0.000556948
2597 0.000556948
2598 0.000556948
2599 0.000556948
2600 0.000556948
2601 0.000556948
2602 0.000556948
2603 0.000556948
2604 0.000556948
2605 0.000556948
2606 0.000556948
2607 0.000556948
2608 0.000556948
2609 0.000556948
2610 0.000556948
2611 0.000556948
2612 0.000556948
2613 0.000556948
2614 0.000556948
2615 0.000556948
2616 0.000556948
2617 0.000556948
2618 0.000556948
2619 0.000556948
2620 0.000556948
2621 0.000556948
2622 0.000556948
2623 0.000556948
2624 0.000556948
2625 0.000556948
2626 0.000556948
2627 0.000556948
2628 0.000556948
2629 0.000556948
2630 0.000556948
2631 0.000556948
2632 0.000556948
2633 0.000556948
2634 0.000556948
2635 0.000556948
2636 0.000556948
2637 0.000556948
2638 0.000556948
2639 0.000556948
2640 0.000556948
2641 0.000556948
2642 0.000556948
2643 0.000556948
2644 0.000556948
2645 0.000556948
2646 0.000556948
2647 0.000556948
2648 0.000556948
2649 0.000556948
2650 0.000556948
2651 0.000556948
2652 0.000556948
2653 0.000556948
2654 0.000556948
2655 0.000556948
2656 0.000556948
2657 0.000556948
2658 0.000556948
2659 0.000556948
2660 0.000556948
2661 0.000556948
2662 0.000556948
2663 0.000556948
2664 0.000556948
2665 0.000556948
2666 0.000556948
2667 0.000556948
2668 0.000556948
2669 0.000556948
2670 0.000556948
2671 0.000556948
2672 0.000556948
2673 0.000556948
2674 0.000556948
2675 0.000556948
2676 0.000556948
2677 0.000556948
2678 0.000556948
2679 0.000556948
2680 0.000556948
2681 0.000556948
2682 0.000556948
2683 0.000464123
2684 0.000464123
2685 0.000464123
2686 0.000464123
2687 0.000464123
2688 0.000464123
2689 0.000464123
2690 0.000464123
2691 0.000464123
2692 0.000464123
2693 0.000464123
2694 0.000464123
2695 0.000464123
2696 0.000464123
2697 0.000464123
2698 0.000464123
2699 0.000464123
2700 0.000464123
2701 0.000464123
2702 0.000464123
2703 0.000464123
2704 0.000464123
2705 0.000464123
2706 0.000464123
2707 0.000371299
2708 0.000371299
2709 0.000371299
2710 0.000371299
2711 0.000371299
2712 0.000371299
2713 0.000371299
2714 0.000371299
2715 0.000371299
2716 0.000371299
2717 0.000371299
2718 0.000371299
2719 0.000371299
2720 0.000371299
2721 0.000371299
2722 0.000371299
2723 0.000371299
2724 0.000371299
2725 0.000371299
2726 0.000371299
2727 0.000371299
2728 0.000371299
2729 0.000371299
2730 0.000371299
2731 0.000371299
2732 0.000371299
2733 0.000371299
2734 0.000371299
2735 0.000371299
2736 0.000371299
2737 0.000371299
2738 0.000371299
2739 0.000371299
2740 0.000371299
2741 0.000371299
2742 0.000371299
2743 0.000371299
2744 0.000371299
2745 0.000371299
2746 0.000371299
2747 0.000371299
2748 0.000371299
2749 0.000371299
2750 0.000371299
2751 0.000371299
2752 0.000371299
2753 0.000371299
2754 0.000371299
2755 0.000371299
2756 0.000371299
2757 0.000371299
2758 0.000371299
2759 0.000371299
2760 0.000371299
2761 0.000371299
2762 0.000371299
2763 0.000371299
2764 0.000371299
2765 0.000371299
2766 0.000371299
2767 0.000371299
2768 0.000371299
2769 0.000371299
2770 0.000371299
2771 0.000371299
2772 0.000371299
2773 0.000371299
2774 0.000371299
2775 0.000371299
2776 0.000371299
2777 0.000371299
2778 0.000371299
2779 0.000371299
2780 0.000371299
2781 0.000371299
2782 0.000371299
2783 0.000371299
2784 0.000371299
2785 0.000371299
2786 0.000371299
2787 0.000371299
2788 0.000371299
2789 0.000371299
2790 0.000371299
2791 0.000371299
2792 0.000371299
2793 0.000371299
2794 0.000371299
2795 0.000371299
2796 0.000371299
2797 0.000371299
2798 0.000371299
2799 0.000371299
2800 0.000371299
2801 0.000371299
2802 0.000371299
2803 0.000371299
2804 0.000371299
2805 0.000371299
2806 0.000371299
2807 0.000278474
2808 0.000278474
2809 0.000278474
2810 0.000278474
2811 0.000278474
2812 0.000278474
2813 0.000278474
2814 0.000278474
2815 0.000278474
2816 0.000278474
2817 0.000278474
2818 0.000278474
2819 0.000278474
2820 0.000278474
2821 0.000278474
2822 0.000278474
2823 0.000278474
2824 0.000278474
2825 0.000278474
2826 0.000278474
2827 0.000278474
2828 0.000278474
2829 0.000278474
2830 0.000278474
2831 0.000278474
2832 0.000278474
2833 0.000278474
2834 0.000278474
2835 0.000278474
2836 0.000278474
2837 0.000278474
2838 0.000278474
2839 0.000278474
2840 0.000278474
2841 0.000278474
2842 0.000278474
2843 0.000278474
2844 0.000278474
2845 0.000278474
2846 0.000278474
2847 0.000278474
2848 0.000278474
2849 0.000278474
2850 0.000278474
2851 0.000278474
2852 0.000278474
2853 0.000278474
2854 0.000278474
2855 0.000278474
2856 0.000278474
2857 0.000278474
2858 0.000278474
2859 0.000278474
2860 0.000278474
2861 0.000278474
2862 0.000278474
2863 0.000278474
2864 0.000278474
2865 0.000278474
2866 0.000278474
2867 0.000278474
2868 0.000278474
2869 0.000278474
2870 0.000278474
2871 0.000278474
2872 0.000278474
2873 0.000278474
2874 0.000278474
2875 0.000278474
2876 0.000278474
2877 0.000278474
2878 0.000278474
2879 0.000278474
2880 0.000278474
2881 0.000278474
2882 0.000278474
2883 0.000278474
2884 0.000278474
2885 0.000278474
2886 0.000278474
2887 0.000278474
2888 0.000278474
2889 0.000278474
2890 0.000278474
2891 0.000278474
2892 0.000278474
2893 0.000278474
2894 0.000278474
2895 0.000278474
2896 0.000278474
2897 0.000278474
2898 0.000278474
2899 0.000278474
2900 0.000278474
2901 0.000278474
2902 0.000278474
2903 0.000278474
2904 0.000278474
2905 0.000278474
2906 0.000278474
2907 0.000278474
2908 0.000278474
2909 0.000278474
2910 0.000278474
2911 0.000278474
2912 0.000278474
2913 0.000278474
2914 0.000278474
2915 0.000278474
2916 0.000278474
2917 0.000278474
2918 0.000278474
2919 0.000278474
2920 0.000278474
2921 0.000278474
2922 0.000278474
2923 0.000278474
2924 0.000278474
2925 0.000278474
2926 0.000278474
2927 0.000278474
2928 0.000278474
2929 0.000278474
2930 0.000278474
2931 0.000278474
2932 0.000278474
2933 0.000278474
2934 0.000278474
2935 0.000278474
2936 0.000278474
2937 0.000278474
2938 0.000278474
2939 0.000278474
2940 0.000278474
2941 0.000278474
2942 0.000278474
2943 0.000278474
2944 0.000278474
2945 0.000278474
2946 0.000278474
2947 0.000278474
2948 0.000278474
2949 0.000278474
2950 0.000278474
2951 0.000278474
2952 0.000278474
2953 0.000278474
2954 0.000278474
2955 0.000278474
2956 0.000278474
2957 0.000278474
2958 0.000278474
2959 0.000278474
2960 0.000278474
2961 0.000278474
2962 0.000278474
2963 0.000278474
2964 0.000278474
2965 0.000278474
2966 0.000278474
2967 0.000278474
2968 0.000278474
2969 0.000278474
2970 0.000278474
2971 0.000278474
2972 0.000278474
2973 0.000278474
2974 0.000278474
2975 0.000278474
2976 0.000278474
2977 0.000278474
2978 0.000278474
2979 0.000278474
2980 0.000278474
2981 0.000278474
2982 0.000278474
2983 0.000278474
2984 0.000278474
2985 0.000278474
2986 0.000278474
2987 0.000278474
2988 0.000278474
2989 0.000278474
2990 0.000278474
2991 0.000278474
2992 0.000278474
2993 0.000278474
2994 0.000278474
2995 0.000278474
2996 0.000278474
2997 0.000278474
2998 0.000278474
2999 0.000278474
3000 0.000278474
3001 0.000278474
3002 0.000278474
3003 0.000278474
3004 0.000278474
3005 0.000278474
3006 0.000278474
3007 0.000278474
3008 0.000278474
3009 0.000278474
3010 0.000278474
3011 0.000278474
3012 0.000278474
3013 0.000278474
3014 0.000278474
3015 0.000278474
3016 0.000278474
3017 0.000278474
3018 0.000278474
3019 0.000278474
3020 0.000278474
3021 0.000278474
3022 0.000278474
3023 0.000278474
3024 0.000278474
3025 0.000278474
3026 0.000278474
3027 0.000278474
3028 0.000278474
3029 0.000278474
3030 0.000278474
3031 0.000278474
3032 0.000278474
3033 0.000278474
3034 0.000278474
3035 0.000278474
3036 0.000278474
3037 0.000278474
3038 0.000278474
3039 0.000278474
3040 0.000278474
3041 0.000278474
3042 0.000278474
3043 0.000278474
3044 0.000278474
3045 0.000278474
3046 0.000278474
3047 0.000278474
3048 0.000278474
3049 0.000278474
3050 0.000278474
3051 0.000278474
3052 0.000278474
3053 0.000278474
3054 0.000278474
3055 0.000278474
3056 0.000278474
3057 0.000278474
3058 0.000278474
3059 0.000278474
3060 0.000278474
3061 0.000278474
3062 0.000278474
3063 0.000278474
3064 0.000278474
3065 0.000278474
3066 0.000278474
3067 0.000278474
3068 0.000278474
3069 0.000278474
3070 0.000278474
3071 0.000278474
3072 0.000278474
3073 0.000278474
3074 0.000278474
3075 0.000278474
3076 0.000278474
3077 0.000278474
3078 0.000278474
3079 0.000278474
3080 0.000278474
3081 0.000278474
3082 0.000278474
3083 0.000278474
3084 0.000278474
3085 0.000278474
3086 0.000278474
3087 0.000278474
3088 0.000278474
3089 0.000278474
3090 0.000278474
3091 0.000278474
3092 0.000278474
3093 0.000278474
3094 0.000278474
3095 0.000278474
3096 0.000278474
3097 0.000278474
3098 0.000278474
3099 0.000278474
3100 0.000278474
3101 0.000278474
3102 0.000278474
3103 0.000278474
3104 0.000278474
3105 0.000278474
3106 0.000278474
3107 0.000278474
3108 0.000278474
3109 0.000278474
3110 0.000278474
3111 0.000278474
3112 0.000278474
3113 0.000278474
3114 0.000278474
3115 0.000278474
3116 0.000278474
3117 0.000278474
3118 0.000278474
3119 0.000278474
3120 0.000278474
3121 0.000278474
3122 0.000278474
3123 0.000278474
3124 0.000278474
3125 0.000278474
3126 0.000278474
3127 0.000278474
3128 0.000185649
3129 0.000185649
3130 0.000185649
3131 0.000185649
3132 0.000185649
3133 0.000185649
3134 0.000185649
3135 0.000185649
3136 0.000185649
3137 0.000185649
3138 0.000185649
3139 0.000185649
3140 0.000185649
3141 0.000185649
3142 0.000185649
3143 0.000185649
3144 0.000185649
3145 0.000185649
3146 0.000185649
3147 0.000185649
3148 0.000185649
3149 9.28247e-05
3150 9.28247e-05
3151 9.28247e-05
3152 9.28247e-05
3153 9.28247e-05
3154 9.28247e-05
3155 9.28247e-05
3156 9.28247e-05
3157 9.28247e-05
3158 9.28247e-05
3159 9.28247e-05
3160 9.28247e-05
3161 9.28247e-05
3162 9.28247e-05
3163 9.28247e-05
3164 9.28247e-05
3165 9.28247e-05
3166 9.28247e-05
3167 9.28247e-05
3168 9.28247e-05
3169 9.28247e-05
3170 9.28247e-05
3171 9.28247e-05
3172 9.28247e-05
3173 9.28247e-05
3174 9.28247e-05
3175 9.28247e-05
3176 9.28247e-05
3177 9.28247e-05
3178 9.28247e-05
3179 9.28247e-05
3180 9.28247e-05
3181 9.28247e-05
3182 9.28247e-05
3183 9.28247e-05
3184 9.28247e-05
3185 9.28247e-05
3186 9.28247e-05
3187 9.28247e-05
3188 9.28247e-05
3189 9.28247e-05
3190 9.28247e-05
3191 9.28247e-05
3192 9.28247e-05
3193 9.28247e-05
3194 9.28247e-05
3195 9.28247e-05
3196 9.28247e-05
3197 9.28247e-05
3198 9.28247e-05
3199 9.28247e-05
3200 9.28247e-05
3201 9.28247e-05
3202 9.28247e-05
3203 9.28247e-05
3204 9.28247e-05
3205 9.28247e-05
3206 9.28247e-05
3207 9.28247e-05
3208 9.28247e-05
3209 9.28247e-05
3210 9.28247e-05
3211 9.28247e-05
3212 9.28247e-05
3213 9.28247e-05
3214 9.28247e-05
3215 9.28247e-05
3216 9.28247e-05
3217 9.28247e-05
3218 9.28247e-05
3219 9.28247e-05
3220 9.28247e-05
3221 9.28247e-05
3222 9.28247e-05
3223 9.28247e-05
3224 9.28247e-05
3225 9.28247e-05
3226 9.28247e-05
3227 9.28247e-05
3228 9.28247e-05
3229 9.28247e-05
3230 9.28247e-05
3231 9.28247e-05
3232 9.28247e-05
3233 9.28247e-05
3234 9.28247e-05
3235 9.28247e-05
3236 9.28247e-05
3237 9.28247e-05
3238 9.28247e-05
3239 9.28247e-05
3240 9.28247e-05
3241 9.28247e-05
3242 9.28247e-05
3243 9.28247e-05
3244 9.28247e-05
3245 9.28247e-05
3246 9.28247e-05
3247 9.28247e-05
3248 9.28247e-05
3249 9.28247e-05
3250 9.28247e-05
3251 9.28247e-05
3252 9.28247e-05
3253 9.28247e-05
3254 9.28247e-05
3255 9.28247e-05
3256 9.28247e-05
3257 9.28247e-05
3258 9.28247e-05
3259 9.28247e-05
3260 9.28247e-05
