0 1
1 1
2 1
3 1
4 1
5 1
6 1
7 1
8 1
9 1
10 1
11 1
12 1
13 1
14 1
15 1
16 1
17 0.972924
18 0.942402
19 0.916475
20 0.89104
21 0.871021
22 0.847719
23 0.828684
24 0.809157
25 0.785691
26 0.768625
27 0.748277
28 0.728585
29 0.709714
30 0.692484
31 0.675254
32 0.658352
33 0.640958
34 0.625697
35 0.608139
36 0.59255
37 0.579422
38 0.566787
39 0.552675
40 0.535281
41 0.520348
42 0.503446
43 0.491139
44 0.478832
45 0.466689
46 0.45471
47 0.444864
48 0.433705
49 0.422875
50 0.411552
51 0.402199
52 0.390712
53 0.379225
54 0.368723
55 0.359042
56 0.350181
57 0.340007
58 0.332622
59 0.323925
60 0.31572
61 0.309321
62 0.299639
63 0.291926
64 0.285034
65 0.278142
66 0.271907
67 0.264851
68 0.258943
69 0.252379
70 0.247292
71 0.240072
72 0.23318
73 0.22678
74 0.220709
75 0.213653
76 0.208238
77 0.203151
78 0.198556
79 0.19232
80 0.186905
81 0.18067
82 0.174762
83 0.171316
84 0.16787
85 0.163932
86 0.159501
87 0.155399
88 0.150476
89 0.147194
90 0.141615
91 0.138825
92 0.135543
93 0.131933
94 0.129472
95 0.125697
96 0.123072
97 0.121103
98 0.117821
99 0.115852
100 0.113062
101 0.110272
102 0.106334
103 0.104529
104 0.100427
105 0.0986216
106 0.0966524
107 0.0951756
108 0.0915655
109 0.0904168
110 0.0892681
111 0.087299
112 0.0858221
113 0.0843453
114 0.0827043
115 0.0808992
116 0.0792583
117 0.0782737
118 0.0759764
119 0.0741713
120 0.071874
121 0.0694125
122 0.0671152
123 0.0662947
124 0.0653101
125 0.0636692
126 0.0615359
127 0.0590745
128 0.0572694
129 0.0569413
130 0.0559567
131 0.054808
132 0.0536593
133 0.0525107
134 0.0511979
135 0.049721
136 0.0482442
137 0.0475878
138 0.0461109
139 0.0443059
140 0.0431572
141 0.0425008
142 0.0411881
143 0.0402035
144 0.0397112
145 0.0388907
146 0.0380702
147 0.0369216
148 0.0362652
149 0.035937
150 0.0354447
151 0.0346242
152 0.0344601
153 0.0339678
154 0.0326551
155 0.0319987
156 0.0311782
157 0.0306859
158 0.0300295
159 0.0293732
160 0.0288809
161 0.0277322
162 0.0272399
163 0.0272399
164 0.0269117
165 0.0260912
166 0.025599
167 0.0252708
168 0.0252708
169 0.0246144
170 0.0241221
171 0.0233016
172 0.0233016
173 0.0226452
174 0.0218247
175 0.0214966
176 0.0203479
177 0.0195274
178 0.0183787
179 0.0180505
180 0.0175583
181 0.0172301
182 0.0165737
183 0.0160814
184 0.0160814
185 0.0159173
186 0.0159173
187 0.0157532
188 0.0157532
189 0.0155891
190 0.015425
191 0.0152609
192 0.0149327
193 0.0147686
194 0.0146045
195 0.0144404
196 0.0142763
197 0.0139481
198 0.0137841
199 0.0134559
200 0.0132918
201 0.0127995
202 0.0124713
203 0.0121431
204 0.0114867
205 0.0114867
206 0.0113226
207 0.0113226
208 0.0113226
209 0.0113226
210 0.0113226
211 0.0108303
212 0.0105021
213 0.0101739
214 0.00984575
215 0.00984575
216 0.00968165
217 0.00968165
218 0.00902527
219 0.00886117
220 0.00869708
221 0.00820479
222 0.0080407
223 0.0078766
224 0.0077125
225 0.00754841
226 0.00754841
227 0.00722022
228 0.00705612
229 0.00705612
230 0.00705612
231 0.00689203
232 0.00672793
233 0.00656383
234 0.00639974
235 0.00639974
236 0.00639974
237 0.00607155
238 0.00607155
239 0.00607155
240 0.00590745
241 0.00557926
242 0.00557926
243 0.00525107
244 0.00525107
245 0.00492287
246 0.00475878
247 0.00459468
248 0.00459468
249 0.00443059
250 0.00443059
251 0.0041024
252 0.0039383
253 0.0039383
254 0.0037742
255 0.0037742
256 0.00361011
257 0.00361011
258 0.00344601
259 0.00344601
260 0.00344601
261 0.00344601
262 0.00328192
263 0.00328192
264 0.00311782
265 0.00311782
266 0.00311782
267 0.00311782
268 0.00311782
269 0.00311782
270 0.00295372
271 0.00295372
272 0.00295372
273 0.00295372
274 0.00278963
275 0.00262553
276 0.00246144
277 0.00246144
278 0.00229734
279 0.00229734
280 0.00229734
281 0.00229734
282 0.00213325
283 0.00213325
284 0.00196915
285 0.00180505
286 0.00180505
287 0.00180505
288 0.00180505
289 0.00180505
290 0.00180505
291 0.00180505
292 0.00180505
293 0.00180505
294 0.00180505
295 0.00180505
296 0.00180505
297 0.00180505
298 0.00180505
299 0.00164096
300 0.00164096
301 0.00164096
302 0.00147686
303 0.00147686
304 0.00147686
305 0.00147686
306 0.00147686
307 0.00131277
308 0.00114867
309 0.00114867
310 0.00114867
311 0.00114867
312 0.00114867
313 0.000984575
314 0.000984575
315 0.000984575
316 0.000984575
317 0.000984575
318 0.000984575
319 0.000984575
320 0.000984575
321 0.000984575
322 0.000984575
323 0.000984575
324 0.000984575
325 0.000984575
326 0.000984575
327 0.000984575
328 0.000984575
329 0.000984575
330 0.000984575
331 0.000984575
332 0.000984575
333 0.000820479
334 0.000820479
335 0.000656383
336 0.000656383
337 0.000656383
338 0.000656383
339 0.000656383
340 0.000656383
341 0.000656383
342 0.000656383
343 0.000656383
344 0.000656383
345 0.000656383
346 0.000492288
347 0.000492288
348 0.000492288
349 0.000492288
350 0.000492288
351 0.000492288
352 0.000492288
353 0.000492288
354 0.000492288
355 0.000492288
356 0.000492288
357 0.000492288
358 0.000492288
359 0.000492288
360 0.000492288
361 0.000328192
362 0.000328192
363 0.000328192
364 0.000328192
365 0.000328192
366 0.000328192
367 0.000328192
368 0.000328192
369 0.000328192
370 0.000328192
371 0.000328192
372 0.000328192
373 0.000328192
374 0.000328192
375 0.000328192
376 0.000328192
377 0.000328192
378 0.000328192
379 0.000328192
380 0.000328192
381 0.000328192
382 0.000328192
383 0.000328192
384 0.000328192
385 0.000328192
386 0.000328192
387 0.000328192
388 0.000328192
389 0.000328192
390 0.000328192
391 0.000328192
392 0.000164096
393 0.000164096
