0 1
1 1
2 1
3 1
4 1
5 1
6 1
7 1
8 1
9 1
10 1
11 1
12 1
13 1
14 1
15 0.998261
16 0.998261
17 0.928696
18 0.886957
19 0.836522
20 0.803478
21 0.772174
22 0.725217
23 0.69913
24 0.674783
25 0.636522
26 0.610435
27 0.582609
28 0.556522
29 0.528696
30 0.513043
31 0.493913
32 0.481739
33 0.466087
34 0.441739
35 0.427826
36 0.405217
37 0.391304
38 0.38087
39 0.366957
40 0.346087
41 0.332174
42 0.311304
43 0.304348
44 0.292174
45 0.269565
46 0.253913
47 0.248696
48 0.241739
49 0.229565
50 0.21913
51 0.212174
52 0.194783
53 0.186087
54 0.177391
55 0.173913
56 0.172174
57 0.166957
58 0.156522
59 0.144348
60 0.135652
61 0.130435
62 0.125217
63 0.118261
64 0.116522
65 0.111304
66 0.107826
67 0.102609
68 0.10087
69 0.0991304
70 0.0956522
71 0.0921739
72 0.0886957
73 0.0834783
74 0.0817391
75 0.0747826
76 0.0747826
77 0.0730435
78 0.0730435
79 0.066087
80 0.0626087
81 0.0626087
82 0.0573913
83 0.0521739
84 0.0504348
85 0.0486957
86 0.0469565
87 0.0452174
88 0.0417391
89 0.04
90 0.0365217
91 0.0313043
92 0.0313043
93 0.0313043
94 0.0295652
95 0.0295652
96 0.026087
97 0.026087
98 0.0243478
99 0.0243478
100 0.0226087
101 0.0226087
102 0.0226087
103 0.0208696
104 0.0208696
105 0.0208696
106 0.0191304
107 0.0173913
108 0.0156522
109 0.0156522
110 0.0121739
111 0.00869565
112 0.00869565
113 0.00869565
114 0.00869565
115 0.00869565
116 0.00695652
117 0.00521739
118 0.00521739
119 0.00521739
120 0.00521739
121 0.00521739
122 0.00521739
123 0.00521739
124 0.00521739
125 0.00347826
126 0.00347826
127 0.00347826
128 0.00347826
129 0.00347826
130 0.00347826
131 0.00347826
132 0.00347826
133 0.00347826
134 0.00347826
135 0.00347826
136 0.00347826
137 0.00347826
138 0.00347826
139 0.00347826
140 0.00347826
141 0.00347826
142 0.00347826
143 0.00347826
144 0.00347826
145 0.00347826
146 0.00347826
147 0.00347826
148 0.00347826
149 0.00173913
150 0.00173913
151 0.00173913
152 0.00173913
153 0.00173913
154 0.00173913
155 0.00173913
156 0.00173913
157 0.00173913
158 0.00173913
159 0.00173913
160 0.00173913
161 0.00173913
162 0.00173913
163 0.00173913
164 0.00173913
165 0.00173913
166 0.00173913
167 0.00173913
168 0.00173913
169 0.00173913
170 0.00173913
171 0.00173913
172 0.00173913
173 0.00173913
174 0.00173913
175 0.00173913
176 0.00173913
177 0.00173913
178 0.00173913
179 0.00173913
180 0.00173913
181 0.00173913
182 0.00173913
183 0.00173913
184 0.00173913
185 0.00173913
186 0.00173913
187 0.00173913
188 0.00173913
189 0.00173913
190 0.00173913
191 0.00173913
192 0.00173913
193 0.00173913
194 0.00173913
195 0.00173913
196 0.00173913
197 0.00173913
198 0.00173913
199 0.00173913
200 0.00173913
201 0.00173913
202 0.00173913
203 0.00173913
204 0.00173913
205 0.00173913
206 0.00173913
207 0.00173913
208 0.00173913
209 0.00173913
210 0.00173913
211 0.00173913
212 0.00173913
213 0.00173913
214 0.00173913
215 0.00173913
216 0.00173913
