0 1
1 1
2 1
3 1
4 1
5 1
6 1
7 1
8 1
9 1
10 1
11 1
12 1
13 1
14 1
15 1
16 1
17 0.982166
18 0.965239
19 0.946801
20 0.929169
21 0.913249
22 0.895113
23 0.878892
24 0.86398
25 0.848766
26 0.833149
27 0.817834
28 0.804736
29 0.788816
30 0.775113
31 0.761511
32 0.749824
33 0.736322
34 0.72534
35 0.71204
36 0.700453
37 0.68927
38 0.679093
39 0.668715
40 0.657733
41 0.647657
42 0.635466
43 0.625592
44 0.615214
45 0.605239
46 0.595466
47 0.585189
48 0.575013
49 0.564534
50 0.554962
51 0.546398
52 0.53733
53 0.527456
54 0.517179
55 0.509622
56 0.501259
57 0.492796
58 0.48534
59 0.478086
60 0.470932
61 0.464584
62 0.457431
63 0.450277
64 0.444131
65 0.43738
66 0.430529
67 0.424685
68 0.41733
69 0.411385
70 0.404836
71 0.399496
72 0.392846
73 0.3866
74 0.381461
75 0.375718
76 0.369874
77 0.365441
78 0.359798
79 0.354156
80 0.349924
81 0.344181
82 0.339345
83 0.335416
84 0.331788
85 0.327355
86 0.322922
87 0.318086
88 0.312443
89 0.307406
90 0.304081
91 0.299849
92 0.296322
93 0.290781
94 0.288161
95 0.283526
96 0.279194
97 0.275365
98 0.272947
99 0.269924
100 0.266398
101 0.262972
102 0.258338
103 0.254106
104 0.251184
105 0.248161
106 0.244433
107 0.240302
108 0.23728
109 0.234861
110 0.231537
111 0.22801
112 0.225793
113 0.223275
114 0.21995
115 0.216423
116 0.213703
117 0.210882
118 0.207456
119 0.205139
120 0.202922
121 0.200202
122 0.198186
123 0.19597
124 0.193652
125 0.191637
126 0.189219
127 0.186801
128 0.183879
129 0.181662
130 0.179144
131 0.176322
132 0.174509
133 0.172594
134 0.170176
135 0.168262
136 0.166045
137 0.163728
138 0.161209
139 0.159597
140 0.15728
141 0.155668
142 0.153652
143 0.152544
144 0.15063
145 0.149118
146 0.147003
147 0.145189
148 0.143476
149 0.141662
150 0.140856
151 0.139144
152 0.137632
153 0.135919
154 0.134207
155 0.132997
156 0.131184
157 0.129975
158 0.128363
159 0.127154
160 0.126549
161 0.124836
162 0.123123
163 0.121814
164 0.120605
165 0.118388
166 0.116877
167 0.115466
168 0.113753
169 0.112846
170 0.112242
171 0.110831
172 0.108917
173 0.107506
174 0.106398
175 0.10529
176 0.103879
177 0.102771
178 0.101965
179 0.100856
180 0.0996474
181 0.0982368
182 0.0972292
183 0.0959194
184 0.0950126
185 0.0939043
186 0.0929975
187 0.0915869
188 0.0910831
189 0.0902771
190 0.0893703
191 0.0883627
192 0.0873552
193 0.0866499
194 0.0855416
195 0.0847355
196 0.0839295
197 0.0826196
198 0.0822166
199 0.0817128
200 0.0810076
201 0.079597
202 0.0788917
203 0.0773804
204 0.0764735
205 0.0759698
206 0.0751637
207 0.0744584
208 0.0735516
209 0.0728463
210 0.0721411
211 0.071335
212 0.0710327
213 0.0707305
214 0.0703275
215 0.0699244
216 0.0694207
217 0.0683123
218 0.067204
219 0.0660957
220 0.0652897
221 0.0641814
222 0.0632746
223 0.0627708
224 0.0623678
225 0.0611587
226 0.0605542
227 0.0602519
228 0.0593451
229 0.0589421
230 0.0584383
231 0.0580353
232 0.0572292
233 0.0563224
234 0.0557179
235 0.0551133
236 0.0543073
237 0.0539043
238 0.0532997
239 0.0528967
240 0.0525945
241 0.0516877
242 0.0513854
243 0.0505793
244 0.0502771
245 0.0500756
246 0.049471
247 0.0492695
248 0.0487657
249 0.0479597
250 0.0474559
251 0.0470529
252 0.0464484
253 0.0458438
254 0.0452393
255 0.0446348
256 0.0440302
257 0.0436272
258 0.0430227
259 0.0426196
260 0.0423174
261 0.0417128
262 0.0415113
263 0.0411083
264 0.0407053
265 0.0403023
266 0.0397985
267 0.039194
268 0.0388917
269 0.0383879
270 0.0380856
271 0.0376826
272 0.0365743
273 0.0364735
274 0.0361713
275 0.0360705
276 0.0355668
277 0.0355668
278 0.035063
279 0.0345592
280 0.0343577
281 0.0338539
282 0.0331486
283 0.0327456
284 0.0324433
285 0.0322418
286 0.0320403
287 0.0316373
288 0.0311335
289 0.0308312
290 0.0307305
291 0.030529
292 0.030529
293 0.0302267
294 0.0299244
295 0.0294207
296 0.0293199
297 0.0286146
298 0.0283123
299 0.0279093
300 0.0276071
301 0.0275063
302 0.027204
303 0.0271033
304 0.0267003
305 0.0267003
306 0.026398
307 0.0258942
308 0.0257934
309 0.0256927
310 0.0256927
311 0.0253904
312 0.0252897
313 0.0246851
314 0.0244836
315 0.0241814
316 0.0239798
317 0.0235768
318 0.0229723
319 0.02267
320 0.022267
321 0.022267
322 0.0221662
323 0.0219647
324 0.0217632
325 0.021461
326 0.0213602
327 0.0211587
328 0.0209572
329 0.0206549
330 0.0205542
331 0.0200504
332 0.0199496
333 0.0197481
334 0.0197481
335 0.0193451
336 0.0192443
337 0.0187406
338 0.0187406
339 0.0184383
340 0.0183375
341 0.0182368
342 0.0178338
343 0.0175315
344 0.0175315
345 0.0174307
346 0.0171285
347 0.0167254
348 0.0164232
349 0.0163224
350 0.0163224
351 0.0163224
352 0.0162217
353 0.0159194
354 0.0158186
355 0.0158186
356 0.0157179
357 0.0156171
358 0.0153149
359 0.0151134
360 0.0149118
361 0.0145088
362 0.0143073
363 0.014005
364 0.014005
365 0.0139043
366 0.0138035
367 0.013602
368 0.0135013
369 0.0134005
370 0.0132997
371 0.0132997
372 0.0130982
373 0.0129975
374 0.0128967
375 0.0128967
376 0.0128967
377 0.0126952
378 0.0125945
379 0.0124937
380 0.0124937
381 0.0123929
382 0.0122922
383 0.0121914
384 0.0119899
385 0.0117884
386 0.0116877
387 0.0113854
388 0.0113854
389 0.0111839
390 0.0111839
391 0.0111839
392 0.0110831
393 0.0108816
394 0.0104786
395 0.0104786
396 0.0101763
397 0.0100756
398 0.0100756
399 0.0100756
400 0.00997481
401 0.00987406
402 0.00987406
403 0.00947103
404 0.00937028
405 0.00937028
406 0.00926952
407 0.00916877
408 0.00916877
409 0.00916877
410 0.00916877
411 0.00916877
412 0.00916877
413 0.00896725
414 0.00876574
415 0.00876574
416 0.00876574
417 0.00866499
418 0.00856423
419 0.00846348
420 0.00836272
421 0.00836272
422 0.00806045
423 0.00806045
424 0.0079597
425 0.00785894
426 0.00775819
427 0.00775819
428 0.00765743
429 0.00765743
430 0.00755668
431 0.00755668
432 0.00745592
433 0.00745592
434 0.00745592
435 0.00725441
436 0.00725441
437 0.00715365
438 0.0070529
439 0.00695214
440 0.00685139
441 0.00675063
442 0.00664987
443 0.00654912
444 0.00654912
445 0.00654912
446 0.00654912
447 0.00644836
448 0.00644836
449 0.00634761
450 0.00634761
451 0.00634761
452 0.00634761
453 0.00634761
454 0.00634761
455 0.00624685
456 0.0061461
457 0.0061461
458 0.0061461
459 0.0061461
460 0.00604534
461 0.00604534
462 0.00594458
463 0.00584383
464 0.00584383
465 0.00574307
466 0.00564232
467 0.00554156
468 0.00544081
469 0.00544081
470 0.00544081
471 0.00544081
472 0.00544081
473 0.00544081
474 0.00544081
475 0.00534005
476 0.00523929
477 0.00513854
478 0.00503778
479 0.00503778
480 0.00503778
481 0.00503778
482 0.00473552
483 0.00463476
484 0.00463476
485 0.00463476
486 0.00463476
487 0.00453401
488 0.00453401
489 0.00453401
490 0.00443325
491 0.00433249
492 0.00433249
493 0.00423174
494 0.00423174
495 0.00423174
496 0.00423174
497 0.00413098
498 0.00413098
499 0.00403023
500 0.00403023
501 0.00403023
502 0.00403023
503 0.00403023
504 0.00392947
505 0.00392947
506 0.00372796
507 0.00372796
508 0.0036272
509 0.0036272
510 0.00332494
511 0.00332494
512 0.00332494
513 0.00332494
514 0.00322418
515 0.00322418
516 0.00322418
517 0.00322418
518 0.00322418
519 0.00322418
520 0.00322418
521 0.00312343
522 0.00312343
523 0.00312343
524 0.00312343
525 0.00312343
526 0.00312343
527 0.00312343
528 0.00312343
529 0.00312343
530 0.00312343
531 0.00312343
532 0.00312343
533 0.00312343
534 0.00312343
535 0.00302267
536 0.00302267
537 0.00302267
538 0.00302267
539 0.00302267
540 0.00302267
541 0.00302267
542 0.00302267
543 0.00302267
544 0.00302267
545 0.00302267
546 0.00292191
547 0.00292191
548 0.00292191
549 0.00282116
550 0.00282116
551 0.0027204
552 0.0027204
553 0.0027204
554 0.00251889
555 0.00251889
556 0.00241814
557 0.00241814
558 0.00221662
559 0.00221662
560 0.00221662
561 0.00221662
562 0.00221662
563 0.00221662
564 0.00221662
565 0.00221662
566 0.00221662
567 0.00221662
568 0.00221662
569 0.00221662
570 0.00211587
571 0.00211587
572 0.00211587
573 0.00211587
574 0.00211587
575 0.00211587
576 0.00211587
577 0.00211587
578 0.00211587
579 0.00211587
580 0.00211587
581 0.00211587
582 0.00201511
583 0.00201511
584 0.00191436
585 0.0018136
586 0.0018136
587 0.0018136
588 0.0018136
589 0.0018136
590 0.00171285
591 0.00171285
592 0.00171285
593 0.00161209
594 0.00161209
595 0.00161209
596 0.00161209
597 0.00161209
598 0.00161209
599 0.00161209
600 0.00161209
601 0.00161209
602 0.00161209
603 0.00161209
604 0.00161209
605 0.00161209
606 0.00161209
607 0.00151134
608 0.00141058
609 0.00141058
610 0.00141058
611 0.00141058
612 0.00141058
613 0.00141058
614 0.00141058
615 0.00130982
616 0.00130982
617 0.00120907
618 0.00120907
619 0.00120907
620 0.00120907
621 0.00120907
622 0.00120907
623 0.00120907
624 0.00120907
625 0.00120907
626 0.00120907
627 0.00120907
628 0.00120907
629 0.00120907
630 0.00120907
631 0.00120907
632 0.00120907
633 0.00120907
634 0.00120907
635 0.00120907
636 0.00120907
637 0.00120907
638 0.00120907
639 0.00120907
640 0.00120907
641 0.00120907
642 0.00120907
643 0.00110831
644 0.00110831
645 0.00110831
646 0.00100756
647 0.00100756
648 0.00100756
649 0.00100756
650 0.00100756
651 0.00100756
652 0.00100756
653 0.00100756
654 0.00100756
655 0.00100756
656 0.00100756
657 0.00100756
658 0.00100756
659 0.00100756
660 0.00100756
661 0.00100756
662 0.00100756
663 0.00100756
664 0.00100756
665 0.00100756
666 0.00100756
667 0.00100756
668 0.00100756
669 0.00100756
670 0.00100756
671 0.00100756
672 0.00100756
673 0.00100756
674 0.00100756
675 0.00100756
676 0.00100756
677 0.00100756
678 0.00100756
679 0.00100756
680 0.00100756
681 0.00100756
682 0.000906801
683 0.000906801
684 0.000906801
685 0.000906801
686 0.000906801
687 0.000906801
688 0.000906801
689 0.000906801
690 0.000906801
691 0.000906801
692 0.000906801
693 0.000906801
694 0.000906801
695 0.000906801
696 0.000906801
697 0.000906801
698 0.000906801
699 0.000906801
700 0.000906801
701 0.000906801
702 0.000906801
703 0.000906801
704 0.000906801
705 0.000906801
706 0.000806045
707 0.000806045
708 0.000806045
709 0.000806045
710 0.000806045
711 0.000806045
712 0.000806045
713 0.000806045
714 0.00070529
715 0.00070529
716 0.00070529
717 0.00070529
718 0.000604534
719 0.000604534
720 0.000604534
721 0.000604534
722 0.000604534
723 0.000604534
724 0.000604534
725 0.000604534
726 0.000604534
727 0.000604534
728 0.000604534
729 0.000604534
730 0.000604534
731 0.000604534
732 0.000604534
733 0.000604534
734 0.000604534
735 0.000604534
736 0.000604534
737 0.000604534
738 0.000604534
739 0.000604534
740 0.000604534
741 0.000604534
742 0.000604534
743 0.000604534
744 0.000604534
745 0.000604534
746 0.000604534
747 0.000604534
748 0.000604534
749 0.000604534
750 0.000604534
751 0.000604534
752 0.000604534
753 0.000604534
754 0.000604534
755 0.000604534
756 0.000604534
757 0.000604534
758 0.000604534
759 0.000604534
760 0.000604534
761 0.000604534
762 0.000604534
763 0.000604534
764 0.000604534
765 0.000604534
766 0.000604534
767 0.000604534
768 0.000503778
769 0.000503778
770 0.000503778
771 0.000503778
772 0.000503778
773 0.000503778
774 0.000503778
775 0.000503778
776 0.000503778
777 0.000503778
778 0.000503778
779 0.000503778
780 0.000503778
781 0.000503778
782 0.000503778
783 0.000503778
784 0.000503778
785 0.000503778
786 0.000503778
787 0.000503778
788 0.000503778
789 0.000503778
790 0.000503778
791 0.000503778
792 0.000503778
793 0.000503778
794 0.000503778
795 0.000503778
796 0.000503778
797 0.000503778
798 0.000503778
799 0.000503778
800 0.000503778
801 0.000503778
802 0.000503778
803 0.000503778
804 0.000503778
805 0.000503778
806 0.000503778
807 0.000503778
808 0.000503778
809 0.000503778
810 0.000503778
811 0.000503778
812 0.000503778
813 0.000503778
814 0.000503778
815 0.000503778
816 0.000503778
817 0.000503778
818 0.000503778
819 0.000403023
820 0.000403023
821 0.000403023
822 0.000403023
823 0.000403023
824 0.000403023
825 0.000403023
826 0.000403023
827 0.000403023
828 0.000403023
829 0.000403023
830 0.000403023
831 0.000403023
832 0.000403023
833 0.000403023
834 0.000403023
835 0.000403023
836 0.000403023
837 0.000403023
838 0.000403023
839 0.000403023
840 0.000403023
841 0.000403023
842 0.000403023
843 0.000403023
844 0.000403023
845 0.000403023
846 0.000403023
847 0.000403023
848 0.000403023
849 0.000403023
850 0.000403023
851 0.000403023
852 0.000403023
853 0.000403023
854 0.000403023
855 0.000403023
856 0.000403023
857 0.000403023
858 0.000403023
859 0.000403023
860 0.000403023
861 0.000403023
862 0.000403023
863 0.000403023
864 0.000403023
865 0.000403023
866 0.000403023
867 0.000403023
868 0.000403023
869 0.000403023
870 0.000403023
871 0.000403023
872 0.000403023
873 0.000403023
874 0.000403023
875 0.000403023
876 0.000403023
877 0.000403023
878 0.000403023
879 0.000403023
880 0.000403023
881 0.000403023
882 0.000403023
883 0.000403023
884 0.000403023
885 0.000403023
886 0.000403023
887 0.000403023
888 0.000403023
889 0.000403023
890 0.000403023
891 0.000302267
892 0.000302267
893 0.000302267
894 0.000201511
895 0.000201511
896 0.000201511
897 0.000201511
898 0.000201511
899 0.000201511
900 0.000201511
901 0.000201511
902 0.000201511
903 0.000201511
904 0.000201511
905 0.000201511
906 0.000201511
907 0.000201511
908 0.000201511
909 0.000201511
910 0.000201511
911 0.000201511
912 0.000201511
913 0.000201511
914 0.000201511
915 0.000201511
916 0.000201511
917 0.000201511
918 0.000201511
919 0.000201511
920 0.000201511
921 0.000201511
922 0.000201511
923 0.000201511
924 0.000201511
925 0.000201511
926 0.000201511
927 0.000201511
928 0.000201511
929 0.000201511
930 0.000201511
931 0.000201511
932 0.000201511
933 0.000201511
934 0.000201511
935 0.000201511
936 0.000201511
937 0.000201511
938 0.000201511
939 0.000201511
940 0.000201511
941 0.000201511
942 0.000201511
943 0.000201511
944 0.000201511
945 0.000201511
946 0.000201511
947 0.000201511
948 0.000201511
949 0.000201511
950 0.000201511
951 0.000201511
952 0.000201511
953 0.000201511
954 0.000201511
955 0.000201511
956 0.000100756
957 0.000100756
958 0.000100756
959 0.000100756
960 0.000100756
961 0.000100756
962 0.000100756
963 0.000100756
964 0.000100756
965 0.000100756
966 0.000100756
967 0.000100756
968 0.000100756
969 0.000100756
970 0.000100756
971 0.000100756
972 0.000100756
973 0.000100756
974 0.000100756
975 0.000100756
976 0.000100756
977 0.000100756
978 0.000100756
979 0.000100756
980 0.000100756
981 0.000100756
982 0.000100756
983 0.000100756
984 0.000100756
985 0.000100756
986 0.000100756
987 0.000100756
988 0.000100756
989 0.000100756
