0 1
1 1
2 1
3 1
4 1
5 0.999219
6 0.999219
7 0.998829
8 0.998829
9 0.998829
10 0.998829
11 0.998829
12 0.998829
13 0.998438
14 0.998438
15 0.998438
16 0.998438
17 0.951972
18 0.897306
19 0.855135
20 0.816087
21 0.781726
22 0.756736
23 0.730574
24 0.709098
25 0.680593
26 0.660679
27 0.632956
28 0.612651
29 0.591566
30 0.563061
31 0.540804
32 0.52089
33 0.500586
34 0.481843
35 0.455681
36 0.43772
37 0.42171
38 0.401796
39 0.386958
40 0.374463
41 0.356501
42 0.34713
43 0.333854
44 0.322921
45 0.310816
46 0.298321
47 0.287778
48 0.277626
49 0.269426
50 0.257321
51 0.249121
52 0.238579
53 0.23155
54 0.22296
55 0.215931
56 0.208903
57 0.202655
58 0.196798
59 0.191332
60 0.184303
61 0.178446
62 0.172198
63 0.163217
64 0.15736
65 0.153065
66 0.14916
67 0.144084
68 0.138227
69 0.134323
70 0.128856
71 0.122608
72 0.120266
73 0.115189
74 0.109723
75 0.103085
76 0.099961
77 0.0948848
78 0.0913706
79 0.0862944
80 0.0835611
81 0.0812183
82 0.0780945
83 0.0745802
84 0.0698946
85 0.0675517
86 0.0652089
87 0.0632565
88 0.0624756
89 0.0613042
90 0.0585709
91 0.056228
92 0.0531043
93 0.0523233
94 0.0511519
95 0.0488091
96 0.0460758
97 0.0452948
98 0.0437329
99 0.0417806
100 0.0390472
101 0.0378758
102 0.035533
103 0.0339711
104 0.0327997
105 0.0320187
106 0.0304569
107 0.0304569
108 0.0300664
109 0.0285045
110 0.028114
111 0.0273331
112 0.0265521
113 0.0253807
114 0.0249902
115 0.0230379
116 0.021476
117 0.0210855
118 0.0203046
119 0.0195236
120 0.0187427
121 0.0179617
122 0.0175713
123 0.0171808
124 0.0163998
125 0.0156189
126 0.014838
127 0.014838
128 0.014838
129 0.014057
130 0.014057
131 0.0136665
132 0.0136665
133 0.0128856
134 0.0124951
135 0.0121046
136 0.0121046
137 0.0117142
138 0.0109332
139 0.0109332
140 0.0109332
141 0.0105428
142 0.0105428
143 0.00937134
144 0.00898087
145 0.00898087
146 0.00859039
147 0.00859039
148 0.00780945
149 0.00780945
150 0.0070285
151 0.00663803
152 0.00624756
153 0.00624756
154 0.00624756
155 0.00624756
156 0.00624756
157 0.00585709
158 0.00546661
159 0.00507614
160 0.00468567
161 0.00468567
162 0.00468567
163 0.00468567
164 0.00468567
165 0.00468567
166 0.0042952
167 0.0042952
168 0.00390472
169 0.00390472
170 0.00390472
171 0.00390472
172 0.00273331
173 0.00273331
174 0.00234283
175 0.00156189
176 0.00156189
177 0.00156189
178 0.00156189
179 0.00156189
180 0.00156189
181 0.00156189
182 0.00156189
183 0.00156189
184 0.00156189
185 0.00117142
186 0.00117142
187 0.00117142
188 0.00117142
189 0.00117142
190 0.00117142
191 0.00117142
192 0.00117142
193 0.00117142
194 0.00117142
195 0.00117142
196 0.00117142
197 0.00117142
198 0.00117142
199 0.00117142
200 0.00117142
201 0.00117142
202 0.00117142
203 0.00117142
204 0.00117142
205 0.00117142
206 0.00117142
207 0.00117142
208 0.00117142
209 0.00117142
210 0.00117142
211 0.00117142
212 0.00117142
213 0.00117142
214 0.00117142
215 0.00117142
216 0.00117142
217 0.00117142
218 0.00117142
219 0.000780945
220 0.000780945
221 0.000780945
222 0.000780945
223 0.000780945
224 0.000780945
225 0.000390472
226 0.000390472
227 0.000390472
228 0.000390472
229 0.000390472
230 0.000390472
231 0.000390472
232 0.000390472
233 0.000390472
234 0.000390472
235 0.000390472
236 0.000390472
237 0.000390472
238 0.000390472
239 0.000390472
240 0.000390472
241 0.000390472
242 0.000390472
243 0.000390472
244 0.000390472
245 0.000390472
246 0.000390472
247 0.000390472
248 0.000390472
249 0.000390472
250 0.000390472
251 0.000390472
252 0.000390472
253 0.000390472
254 0.000390472
255 0.000390472
256 0.000390472
257 0.000390472
258 0.000390472
259 0.000390472
260 0.000390472
261 0.000390472
262 0.000390472
263 0.000390472
264 0.000390472
265 0.000390472
266 0.000390472
267 0.000390472
