0 1
1 1
2 1
3 1
4 1
5 1
6 1
7 1
8 1
9 1
10 1
11 1
12 1
13 1
14 1
15 0.999953
16 0.999953
17 0.999953
18 0.999953
19 0.999953
20 0.999953
21 0.999953
22 0.999953
23 0.999859
24 0.999859
25 0.999859
26 0.999859
27 0.999859
28 0.999859
29 0.999859
30 0.999859
31 0.999836
32 0.999836
33 0.966632
34 0.966632
35 0.966632
36 0.966632
37 0.966632
38 0.966632
39 0.966562
40 0.966562
41 0.935378
42 0.935378
43 0.935378
44 0.935378
45 0.935378
46 0.935378
47 0.93526
48 0.93526
49 0.903959
50 0.903959
51 0.903959
52 0.903959
53 0.903959
54 0.903959
55 0.903889
56 0.903889
57 0.873409
58 0.873409
59 0.873409
60 0.873409
61 0.873409
62 0.873409
63 0.873245
64 0.873245
65 0.843235
66 0.843235
67 0.843235
68 0.843235
69 0.843235
70 0.843235
71 0.843024
72 0.843024
73 0.81454
74 0.81454
75 0.81454
76 0.81454
77 0.81454
78 0.81454
79 0.814376
80 0.814376
81 0.785657
82 0.785657
83 0.785657
84 0.785657
85 0.785657
86 0.785657
87 0.78561
88 0.78561
89 0.758512
90 0.758512
91 0.758512
92 0.758512
93 0.758512
94 0.758512
95 0.75816
96 0.75816
97 0.732541
98 0.732541
99 0.732541
100 0.732541
101 0.732541
102 0.732541
103 0.732306
104 0.732306
105 0.707956
106 0.707956
107 0.707956
108 0.707956
109 0.707956
110 0.707956
111 0.707815
112 0.707815
113 0.683088
114 0.683088
115 0.683088
116 0.683088
117 0.683088
118 0.683088
119 0.682877
120 0.682877
121 0.659231
122 0.659231
123 0.659231
124 0.659231
125 0.659231
126 0.659231
127 0.659137
128 0.659137
129 0.636289
130 0.636289
131 0.636289
132 0.636289
133 0.636289
134 0.636289
135 0.636195
136 0.636195
137 0.61438
138 0.61438
139 0.61438
140 0.61438
141 0.61438
142 0.61438
143 0.614239
144 0.614239
145 0.593129
146 0.593129
147 0.593129
148 0.593129
149 0.593129
150 0.593129
151 0.592941
152 0.592941
153 0.57263
154 0.57263
155 0.57263
156 0.57263
157 0.57263
158 0.57263
159 0.572559
160 0.572559
161 0.551214
162 0.551214
163 0.551214
164 0.551214
165 0.551214
166 0.551214
167 0.551097
168 0.551097
169 0.532053
170 0.532053
171 0.532053
172 0.532053
173 0.532053
174 0.532053
175 0.531935
176 0.531935
177 0.513197
178 0.513197
179 0.513197
180 0.513197
181 0.513197
182 0.513197
183 0.513103
184 0.513103
185 0.496713
186 0.496713
187 0.496713
188 0.496713
189 0.496713
190 0.496713
191 0.496595
192 0.496595
193 0.480275
194 0.480275
195 0.480275
196 0.480275
197 0.480275
198 0.480275
199 0.480064
200 0.480064
201 0.463274
202 0.463274
203 0.463274
204 0.463274
205 0.463274
206 0.463274
207 0.46311
208 0.46311
209 0.447095
210 0.447095
211 0.447095
212 0.447095
213 0.447095
214 0.447095
215 0.446978
216 0.446978
217 0.432771
218 0.432771
219 0.432771
220 0.432771
221 0.432771
222 0.432771
223 0.432677
224 0.432677
225 0.4188
226 0.4188
227 0.4188
228 0.4188
229 0.4188
230 0.4188
231 0.418729
232 0.418729
233 0.405204
234 0.405204
235 0.405204
236 0.405204
237 0.405204
238 0.405204
239 0.405133
240 0.405133
241 0.390504
242 0.390504
243 0.390504
244 0.390504
245 0.390504
246 0.390504
247 0.390363
248 0.390363
249 0.37679
250 0.37679
251 0.37679
252 0.37679
253 0.37679
254 0.37679
255 0.376697
256 0.376697
257 0.364697
258 0.364697
259 0.364697
260 0.364697
261 0.364697
262 0.364697
263 0.36458
264 0.36458
265 0.352628
266 0.352628
267 0.352628
268 0.352628
269 0.352628
270 0.352628
271 0.352534
272 0.352534
273 0.340863
274 0.340863
275 0.340863
276 0.340863
277 0.340863
278 0.340863
279 0.340722
280 0.340722
281 0.329639
282 0.329639
283 0.329639
284 0.329639
285 0.329639
286 0.329639
287 0.329568
288 0.329568
289 0.318884
290 0.318884
291 0.318884
292 0.318884
293 0.318884
294 0.318884
295 0.318814
296 0.318814
297 0.308388
298 0.308388
299 0.308388
300 0.308388
301 0.308388
302 0.308388
303 0.308223
304 0.308223
305 0.298314
306 0.298314
307 0.298314
308 0.298314
309 0.298314
310 0.298314
311 0.298173
312 0.298173
313 0.28918
314 0.28918
315 0.28918
316 0.28918
317 0.28918
318 0.28918
319 0.289039
320 0.289039
321 0.280186
322 0.280186
323 0.280186
324 0.280186
325 0.280186
326 0.280186
327 0.280069
328 0.280069
329 0.270981
330 0.270981
331 0.270981
332 0.270981
333 0.270981
334 0.270981
335 0.270911
336 0.270911
337 0.262387
338 0.262387
339 0.262387
340 0.262387
341 0.262387
342 0.262387
343 0.262269
344 0.262269
345 0.254591
346 0.254591
347 0.254591
348 0.254591
349 0.254591
350 0.254591
351 0.25452
352 0.25452
353 0.246889
354 0.246889
355 0.246889
356 0.246889
357 0.246889
358 0.246889
359 0.246795
360 0.246795
361 0.239093
362 0.239093
363 0.239093
364 0.239093
365 0.239093
366 0.239093
367 0.238905
368 0.238905
369 0.231156
370 0.231156
371 0.231156
372 0.231156
373 0.231156
374 0.231156
375 0.231085
376 0.231085
377 0.223735
378 0.223735
379 0.223735
380 0.223735
381 0.223735
382 0.223735
383 0.223712
384 0.223712
385 0.216761
386 0.216761
387 0.216761
388 0.216761
389 0.216761
390 0.216761
391 0.216738
392 0.216738
393 0.209552
394 0.209552
395 0.209552
396 0.209552
397 0.209552
398 0.209552
399 0.209482
400 0.209482
401 0.202297
402 0.202297
403 0.202297
404 0.202297
405 0.202297
406 0.202297
407 0.202179
408 0.202179
409 0.195322
410 0.195322
411 0.195322
412 0.195322
413 0.195322
414 0.195322
415 0.195205
416 0.195205
417 0.189616
418 0.189616
419 0.189616
420 0.189616
421 0.189616
422 0.189616
423 0.189593
424 0.189593
425 0.183135
426 0.183135
427 0.183135
428 0.183135
429 0.183135
430 0.183135
431 0.183018
432 0.183018
433 0.177946
434 0.177946
435 0.177946
436 0.177946
437 0.177946
438 0.177946
439 0.177875
440 0.177875
441 0.172639
442 0.172639
443 0.172639
444 0.172639
445 0.172639
446 0.172639
447 0.172568
448 0.172568
449 0.167191
450 0.167191
451 0.167191
452 0.167191
453 0.167191
454 0.167191
455 0.167097
456 0.167097
457 0.162189
458 0.162189
459 0.162189
460 0.162189
461 0.162189
462 0.162189
463 0.162049
464 0.162049
465 0.15653
466 0.15653
467 0.15653
468 0.15653
469 0.15653
470 0.15653
471 0.15646
472 0.15646
473 0.151576
474 0.151576
475 0.151576
476 0.151576
477 0.151576
478 0.151576
479 0.151552
480 0.151552
481 0.147044
482 0.147044
483 0.147044
484 0.147044
485 0.147044
486 0.147044
487 0.146973
488 0.146973
489 0.1423
490 0.1423
491 0.1423
492 0.1423
493 0.1423
494 0.1423
495 0.142159
496 0.142159
497 0.137557
498 0.137557
499 0.137557
500 0.137557
501 0.137557
502 0.137557
503 0.137557
504 0.137557
505 0.133753
506 0.133753
507 0.133753
508 0.133753
509 0.133753
510 0.133753
511 0.133682
512 0.133682
513 0.129691
514 0.129691
515 0.129691
516 0.129691
517 0.129691
518 0.129691
519 0.129573
520 0.129573
521 0.125135
522 0.125135
523 0.125135
524 0.125135
525 0.125135
526 0.125135
527 0.125088
528 0.125088
529 0.121707
530 0.121707
531 0.121707
532 0.121707
533 0.121707
534 0.121707
535 0.121636
536 0.121636
537 0.117879
538 0.117879
539 0.117879
540 0.117879
541 0.117879
542 0.117879
543 0.117879
544 0.117879
545 0.114991
546 0.114991
547 0.114991
548 0.114991
549 0.114991
550 0.114991
551 0.114873
552 0.114873
553 0.111516
554 0.111516
555 0.111516
556 0.111516
557 0.111516
558 0.111516
559 0.111445
560 0.111445
561 0.107946
562 0.107946
563 0.107946
564 0.107946
565 0.107946
566 0.107946
567 0.107899
568 0.107899
569 0.104401
570 0.104401
571 0.104401
572 0.104401
573 0.104401
574 0.104401
575 0.104401
576 0.104401
577 0.101465
578 0.101465
579 0.101465
580 0.101465
581 0.101465
582 0.101465
583 0.101395
584 0.101395
585 0.0982248
586 0.0982248
587 0.0982248
588 0.0982248
589 0.0982248
590 0.0982248
591 0.0981778
592 0.0981778
593 0.0951252
594 0.0951252
595 0.0951252
596 0.0951252
597 0.0951252
598 0.0951252
599 0.0951017
600 0.0951017
601 0.0922604
602 0.0922604
603 0.0922604
604 0.0922604
605 0.0922604
606 0.0922604
607 0.0922369
608 0.0922369
609 0.0894895
610 0.0894895
611 0.0894895
612 0.0894895
613 0.0894895
614 0.0894895
615 0.0894191
616 0.0894191
617 0.0865308
618 0.0865308
619 0.0865308
620 0.0865308
621 0.0865308
622 0.0865308
623 0.0865073
624 0.0865073
625 0.0836895
626 0.0836895
627 0.0836895
628 0.0836895
629 0.0836895
630 0.0836895
631 0.083619
632 0.083619
633 0.0815291
634 0.0815291
635 0.0815291
636 0.0815291
637 0.0815291
638 0.0815291
639 0.0814822
640 0.0814822
641 0.0789227
642 0.0789227
643 0.0789227
644 0.0789227
645 0.0789227
646 0.0789227
647 0.0788522
648 0.0788522
649 0.0767154
650 0.0767154
651 0.0767154
652 0.0767154
653 0.0767154
654 0.0767154
655 0.0766919
656 0.0766919
657 0.0742263
658 0.0742263
659 0.0742263
660 0.0742263
661 0.0742263
662 0.0742263
663 0.0741558
664 0.0741558
665 0.0723712
666 0.0723712
667 0.0723712
668 0.0723712
669 0.0723712
670 0.0723712
671 0.0722773
672 0.0722773
673 0.0703987
674 0.0703987
675 0.0703987
676 0.0703987
677 0.0703987
678 0.0703987
679 0.0703283
680 0.0703283
681 0.0685906
682 0.0685906
683 0.0685906
684 0.0685906
685 0.0685906
686 0.0685906
687 0.0685202
688 0.0685202
689 0.0664068
690 0.0664068
691 0.0664068
692 0.0664068
693 0.0664068
694 0.0664068
695 0.0663833
696 0.0663833
697 0.0645048
698 0.0645048
699 0.0645048
700 0.0645048
701 0.0645048
702 0.0645048
703 0.0644578
704 0.0644578
705 0.0624853
706 0.0624853
707 0.0624853
708 0.0624853
709 0.0624853
710 0.0624853
711 0.0624384
712 0.0624384
713 0.060278
714 0.060278
715 0.060278
716 0.060278
717 0.060278
718 0.060278
719 0.060278
720 0.060278
721 0.0583525
722 0.0583525
723 0.0583525
724 0.0583525
725 0.0583525
726 0.0583525
727 0.058329
728 0.058329
729 0.0565914
730 0.0565914
731 0.0565914
732 0.0565914
733 0.0565914
734 0.0565914
735 0.0565914
736 0.0565914
737 0.0545484
738 0.0545484
739 0.0545484
740 0.0545484
741 0.0545484
742 0.0545484
743 0.054525
744 0.054525
745 0.0530691
746 0.0530691
747 0.0530691
748 0.0530691
749 0.0530691
750 0.0530691
751 0.0530221
752 0.0530221
753 0.0515428
754 0.0515428
755 0.0515428
756 0.0515428
757 0.0515428
758 0.0515428
759 0.0514958
760 0.0514958
761 0.0498521
762 0.0498521
763 0.0498521
764 0.0498521
765 0.0498521
766 0.0498521
767 0.0497816
768 0.0497816
769 0.0484197
770 0.0484197
771 0.0484197
772 0.0484197
773 0.0484197
774 0.0484197
775 0.0483492
776 0.0483492
777 0.0472221
778 0.0472221
779 0.0472221
780 0.0472221
781 0.0472221
782 0.0472221
783 0.0472221
784 0.0472221
785 0.0457662
786 0.0457662
787 0.0457662
788 0.0457662
789 0.0457662
790 0.0457662
791 0.0457427
792 0.0457427
793 0.0444043
794 0.0444043
795 0.0444043
796 0.0444043
797 0.0444043
798 0.0444043
799 0.0443808
800 0.0443808
801 0.0428779
802 0.0428779
803 0.0428779
804 0.0428779
805 0.0428779
806 0.0428779
807 0.0428779
808 0.0428779
809 0.0414221
810 0.0414221
811 0.0414221
812 0.0414221
813 0.0414221
814 0.0414221
815 0.0414221
816 0.0414221
817 0.0405532
818 0.0405532
819 0.0405532
820 0.0405532
821 0.0405532
822 0.0405532
823 0.0405063
824 0.0405063
825 0.0393557
826 0.0393557
827 0.0393557
828 0.0393557
829 0.0393557
830 0.0393557
831 0.0393557
832 0.0393557
833 0.038252
834 0.038252
835 0.038252
836 0.038252
837 0.038252
838 0.038252
839 0.038252
840 0.038252
841 0.0371484
842 0.0371484
843 0.0371484
844 0.0371484
845 0.0371484
846 0.0371484
847 0.0371484
848 0.0371484
849 0.0362795
850 0.0362795
851 0.0362795
852 0.0362795
853 0.0362795
854 0.0362795
855 0.0362795
856 0.0362795
857 0.0351524
858 0.0351524
859 0.0351524
860 0.0351524
861 0.0351524
862 0.0351524
863 0.0351524
864 0.0351524
865 0.0339079
866 0.0339079
867 0.0339079
868 0.0339079
869 0.0339079
870 0.0339079
871 0.0339079
872 0.0339079
873 0.033086
874 0.033086
875 0.033086
876 0.033086
877 0.033086
878 0.033086
879 0.033086
880 0.033086
881 0.0321937
882 0.0321937
883 0.0321937
884 0.0321937
885 0.0321937
886 0.0321937
887 0.0321467
888 0.0321467
889 0.0314423
890 0.0314423
891 0.0314423
892 0.0314423
893 0.0314423
894 0.0314423
895 0.0314423
896 0.0314423
897 0.0307378
898 0.0307378
899 0.0307378
900 0.0307378
901 0.0307378
902 0.0307378
903 0.0307143
904 0.0307143
905 0.029822
906 0.029822
907 0.029822
908 0.029822
909 0.029822
910 0.029822
911 0.0297985
912 0.0297985
913 0.0289297
914 0.0289297
915 0.0289297
916 0.0289297
917 0.0289297
918 0.0289297
919 0.0289062
920 0.0289062
921 0.0282487
922 0.0282487
923 0.0282487
924 0.0282487
925 0.0282487
926 0.0282487
927 0.0282252
928 0.0282252
929 0.0274973
930 0.0274973
931 0.0274973
932 0.0274973
933 0.0274973
934 0.0274973
935 0.0274738
936 0.0274738
937 0.0267928
938 0.0267928
939 0.0267928
940 0.0267928
941 0.0267928
942 0.0267928
943 0.0267694
944 0.0267694
945 0.0259475
946 0.0259475
947 0.0259475
948 0.0259475
949 0.0259475
950 0.0259475
951 0.0259475
952 0.0259475
953 0.0252196
954 0.0252196
955 0.0252196
956 0.0252196
957 0.0252196
958 0.0252196
959 0.0251961
960 0.0251961
961 0.0244916
962 0.0244916
963 0.0244916
964 0.0244916
965 0.0244916
966 0.0244916
967 0.0244916
968 0.0244916
969 0.0239281
970 0.0239281
971 0.0239281
972 0.0239281
973 0.0239281
974 0.0239281
975 0.0238341
976 0.0238341
977 0.0232471
978 0.0232471
979 0.0232471
980 0.0232471
981 0.0232471
982 0.0232471
983 0.0232471
984 0.0232471
985 0.0225191
986 0.0225191
987 0.0225191
988 0.0225191
989 0.0225191
990 0.0225191
991 0.0224957
992 0.0224957
993 0.0215329
994 0.0215329
995 0.0215329
996 0.0215329
997 0.0215329
998 0.0215329
999 0.0215329
1000 0.0215329
1001 0.0210163
1002 0.0210163
1003 0.0210163
1004 0.0210163
1005 0.0210163
1006 0.0210163
1007 0.0209693
1008 0.0209693
1009 0.0203118
1010 0.0203118
1011 0.0203118
1012 0.0203118
1013 0.0203118
1014 0.0203118
1015 0.0203118
1016 0.0203118
1017 0.0195839
1018 0.0195839
1019 0.0195839
1020 0.0195839
1021 0.0195839
1022 0.0195839
1023 0.0195839
1024 0.0195839
1025 0.0190673
1026 0.0190673
1027 0.0190673
1028 0.0190673
1029 0.0190673
1030 0.0190673
1031 0.0190438
1032 0.0190438
1033 0.0185742
1034 0.0185742
1035 0.0185742
1036 0.0185742
1037 0.0185742
1038 0.0185742
1039 0.0185742
1040 0.0185742
1041 0.0180811
1042 0.0180811
1043 0.0180811
1044 0.0180811
1045 0.0180811
1046 0.0180811
1047 0.0180811
1048 0.0180811
1049 0.017541
1050 0.017541
1051 0.017541
1052 0.017541
1053 0.017541
1054 0.017541
1055 0.017541
1056 0.017541
1057 0.0168835
1058 0.0168835
1059 0.0168835
1060 0.0168835
1061 0.0168835
1062 0.0168835
1063 0.0168365
1064 0.0168365
1065 0.0164608
1066 0.0164608
1067 0.0164608
1068 0.0164608
1069 0.0164608
1070 0.0164608
1071 0.0164138
1072 0.0164138
1073 0.0159442
1074 0.0159442
1075 0.0159442
1076 0.0159442
1077 0.0159442
1078 0.0159442
1079 0.0159207
1080 0.0159207
1081 0.0154041
1082 0.0154041
1083 0.0154041
1084 0.0154041
1085 0.0154041
1086 0.0154041
1087 0.0153806
1088 0.0153806
1089 0.0151223
1090 0.0151223
1091 0.0151223
1092 0.0151223
1093 0.0151223
1094 0.0151223
1095 0.0151223
1096 0.0151223
1097 0.0146057
1098 0.0146057
1099 0.0146057
1100 0.0146057
1101 0.0146057
1102 0.0146057
1103 0.0146057
1104 0.0146057
1105 0.014277
1106 0.014277
1107 0.014277
1108 0.014277
1109 0.014277
1110 0.014277
1111 0.014277
1112 0.014277
1113 0.0139013
1114 0.0139013
1115 0.0139013
1116 0.0139013
1117 0.0139013
1118 0.0139013
1119 0.0139013
1120 0.0139013
1121 0.0135491
1122 0.0135491
1123 0.0135491
1124 0.0135491
1125 0.0135491
1126 0.0135491
1127 0.0135491
1128 0.0135491
1129 0.0131968
1130 0.0131968
1131 0.0131968
1132 0.0131968
1133 0.0131968
1134 0.0131968
1135 0.0131968
1136 0.0131968
1137 0.0128681
1138 0.0128681
1139 0.0128681
1140 0.0128681
1141 0.0128681
1142 0.0128681
1143 0.0128681
1144 0.0128681
1145 0.0126098
1146 0.0126098
1147 0.0126098
1148 0.0126098
1149 0.0126098
1150 0.0126098
1151 0.0126098
1152 0.0126098
1153 0.0123045
1154 0.0123045
1155 0.0123045
1156 0.0123045
1157 0.0123045
1158 0.0123045
1159 0.012281
1160 0.012281
1161 0.0119992
1162 0.0119992
1163 0.0119992
1164 0.0119992
1165 0.0119992
1166 0.0119992
1167 0.0119992
1168 0.0119992
1169 0.0116235
1170 0.0116235
1171 0.0116235
1172 0.0116235
1173 0.0116235
1174 0.0116235
1175 0.0116001
1176 0.0116001
1177 0.0113887
1178 0.0113887
1179 0.0113887
1180 0.0113887
1181 0.0113887
1182 0.0113887
1183 0.0113887
1184 0.0113887
1185 0.0111539
1186 0.0111539
1187 0.0111539
1188 0.0111539
1189 0.0111539
1190 0.0111539
1191 0.0111304
1192 0.0111304
1193 0.0109191
1194 0.0109191
1195 0.0109191
1196 0.0109191
1197 0.0109191
1198 0.0109191
1199 0.0109191
1200 0.0109191
1201 0.0107312
1202 0.0107312
1203 0.0107312
1204 0.0107312
1205 0.0107312
1206 0.0107312
1207 0.0107312
1208 0.0107312
1209 0.0104494
1210 0.0104494
1211 0.0104494
1212 0.0104494
1213 0.0104494
1214 0.0104494
1215 0.0104494
1216 0.0104494
1217 0.0100972
1218 0.0100972
1219 0.0100972
1220 0.0100972
1221 0.0100972
1222 0.0100972
1223 0.0100737
1224 0.0100737
1225 0.00967454
1226 0.00967454
1227 0.00967454
1228 0.00967454
1229 0.00967454
1230 0.00967454
1231 0.00967454
1232 0.00967454
1233 0.0094632
1234 0.0094632
1235 0.0094632
1236 0.0094632
1237 0.0094632
1238 0.0094632
1239 0.0094632
1240 0.0094632
1241 0.0092049
1242 0.0092049
1243 0.0092049
1244 0.0092049
1245 0.0092049
1246 0.0092049
1247 0.00918142
1248 0.00918142
1249 0.00897008
1250 0.00897008
1251 0.00897008
1252 0.00897008
1253 0.00897008
1254 0.00897008
1255 0.00897008
1256 0.00897008
1257 0.00859437
1258 0.00859437
1259 0.00859437
1260 0.00859437
1261 0.00859437
1262 0.00859437
1263 0.00854741
1264 0.00854741
1265 0.00840652
1266 0.00840652
1267 0.00840652
1268 0.00840652
1269 0.00840652
1270 0.00840652
1271 0.00838304
1272 0.00838304
1273 0.0081717
1274 0.0081717
1275 0.0081717
1276 0.0081717
1277 0.0081717
1278 0.0081717
1279 0.0081717
1280 0.0081717
1281 0.00788992
1282 0.00788992
1283 0.00788992
1284 0.00788992
1285 0.00788992
1286 0.00788992
1287 0.00788992
1288 0.00788992
1289 0.00774903
1290 0.00774903
1291 0.00774903
1292 0.00774903
1293 0.00774903
1294 0.00774903
1295 0.00774903
1296 0.00774903
1297 0.00749072
1298 0.00749072
1299 0.00749072
1300 0.00749072
1301 0.00749072
1302 0.00749072
1303 0.00746724
1304 0.00746724
1305 0.00734983
1306 0.00734983
1307 0.00734983
1308 0.00734983
1309 0.00734983
1310 0.00734983
1311 0.00734983
1312 0.00734983
1313 0.00709153
1314 0.00709153
1315 0.00709153
1316 0.00709153
1317 0.00709153
1318 0.00709153
1319 0.00709153
1320 0.00709153
1321 0.0067393
1322 0.0067393
1323 0.0067393
1324 0.0067393
1325 0.0067393
1326 0.0067393
1327 0.0067393
1328 0.0067393
1329 0.00657493
1330 0.00657493
1331 0.00657493
1332 0.00657493
1333 0.00657493
1334 0.00657493
1335 0.00657493
1336 0.00657493
1337 0.00626967
1338 0.00626967
1339 0.00626967
1340 0.00626967
1341 0.00626967
1342 0.00626967
1343 0.00624618
1344 0.00624618
1345 0.00601137
1346 0.00601137
1347 0.00601137
1348 0.00601137
1349 0.00601137
1350 0.00601137
1351 0.00601137
1352 0.00601137
1353 0.00587047
1354 0.00587047
1355 0.00587047
1356 0.00587047
1357 0.00587047
1358 0.00587047
1359 0.00587047
1360 0.00587047
1361 0.00561217
1362 0.00561217
1363 0.00561217
1364 0.00561217
1365 0.00561217
1366 0.00561217
1367 0.00561217
1368 0.00561217
1369 0.0054478
1370 0.0054478
1371 0.0054478
1372 0.0054478
1373 0.0054478
1374 0.0054478
1375 0.0054478
1376 0.0054478
1377 0.00535387
1378 0.00535387
1379 0.00535387
1380 0.00535387
1381 0.00535387
1382 0.00535387
1383 0.00535387
1384 0.00535387
1385 0.00521298
1386 0.00521298
1387 0.00521298
1388 0.00521298
1389 0.00521298
1390 0.00521298
1391 0.00521298
1392 0.00521298
1393 0.00507209
1394 0.00507209
1395 0.00507209
1396 0.00507209
1397 0.00507209
1398 0.00507209
1399 0.00507209
1400 0.00507209
1401 0.0049312
1402 0.0049312
1403 0.0049312
1404 0.0049312
1405 0.0049312
1406 0.0049312
1407 0.0049312
1408 0.0049312
1409 0.00469638
1410 0.00469638
1411 0.00469638
1412 0.00469638
1413 0.00469638
1414 0.00469638
1415 0.00469638
1416 0.00469638
1417 0.00457897
1418 0.00457897
1419 0.00457897
1420 0.00457897
1421 0.00457897
1422 0.00457897
1423 0.00457897
1424 0.00457897
1425 0.00446156
1426 0.00446156
1427 0.00446156
1428 0.00446156
1429 0.00446156
1430 0.00446156
1431 0.00446156
1432 0.00446156
1433 0.00434415
1434 0.00434415
1435 0.00434415
1436 0.00434415
1437 0.00434415
1438 0.00434415
1439 0.00432067
1440 0.00432067
1441 0.00425022
1442 0.00425022
1443 0.00425022
1444 0.00425022
1445 0.00425022
1446 0.00425022
1447 0.00425022
1448 0.00425022
1449 0.0040154
1450 0.0040154
1451 0.0040154
1452 0.0040154
1453 0.0040154
1454 0.0040154
1455 0.0040154
1456 0.0040154
1457 0.00385103
1458 0.00385103
1459 0.00385103
1460 0.00385103
1461 0.00385103
1462 0.00385103
1463 0.00385103
1464 0.00385103
1465 0.00378059
1466 0.00378059
1467 0.00378059
1468 0.00378059
1469 0.00378059
1470 0.00378059
1471 0.00378059
1472 0.00378059
1473 0.00356925
1474 0.00356925
1475 0.00356925
1476 0.00356925
1477 0.00356925
1478 0.00356925
1479 0.00356925
1480 0.00356925
1481 0.00340487
1482 0.00340487
1483 0.00340487
1484 0.00340487
1485 0.00340487
1486 0.00340487
1487 0.00340487
1488 0.00340487
1489 0.00331095
1490 0.00331095
1491 0.00331095
1492 0.00331095
1493 0.00331095
1494 0.00331095
1495 0.00331095
1496 0.00331095
1497 0.0032405
1498 0.0032405
1499 0.0032405
1500 0.0032405
1501 0.0032405
1502 0.0032405
1503 0.0032405
1504 0.0032405
1505 0.00319354
1506 0.00319354
1507 0.00319354
1508 0.00319354
1509 0.00319354
1510 0.00319354
1511 0.00319354
1512 0.00319354
1513 0.00309961
1514 0.00309961
1515 0.00309961
1516 0.00309961
1517 0.00309961
1518 0.00309961
1519 0.00309961
1520 0.00309961
1521 0.00305265
1522 0.00305265
1523 0.00305265
1524 0.00305265
1525 0.00305265
1526 0.00305265
1527 0.00305265
1528 0.00305265
1529 0.00293524
1530 0.00293524
1531 0.00293524
1532 0.00293524
1533 0.00293524
1534 0.00293524
1535 0.00293524
1536 0.00293524
1537 0.00286479
1538 0.00286479
1539 0.00286479
1540 0.00286479
1541 0.00286479
1542 0.00286479
1543 0.00286479
1544 0.00286479
1545 0.00274738
1546 0.00274738
1547 0.00274738
1548 0.00274738
1549 0.00274738
1550 0.00274738
1551 0.0027239
1552 0.0027239
1553 0.00265345
1554 0.00265345
1555 0.00265345
1556 0.00265345
1557 0.00265345
1558 0.00265345
1559 0.00265345
1560 0.00265345
1561 0.00255953
1562 0.00255953
1563 0.00255953
1564 0.00255953
1565 0.00255953
1566 0.00255953
1567 0.00255953
1568 0.00255953
1569 0.00251256
1570 0.00251256
1571 0.00251256
1572 0.00251256
1573 0.00251256
1574 0.00251256
1575 0.00251256
1576 0.00251256
1577 0.00248908
1578 0.00248908
1579 0.00248908
1580 0.00248908
1581 0.00248908
1582 0.00248908
1583 0.00248908
1584 0.00248908
1585 0.00244212
1586 0.00244212
1587 0.00244212
1588 0.00244212
1589 0.00244212
1590 0.00244212
1591 0.00244212
1592 0.00244212
1593 0.00237167
1594 0.00237167
1595 0.00237167
1596 0.00237167
1597 0.00237167
1598 0.00237167
1599 0.00234819
1600 0.00234819
1601 0.00227774
1602 0.00227774
1603 0.00227774
1604 0.00227774
1605 0.00227774
1606 0.00227774
1607 0.00227774
1608 0.00227774
1609 0.00223078
1610 0.00223078
1611 0.00223078
1612 0.00223078
1613 0.00223078
1614 0.00223078
1615 0.00223078
1616 0.00223078
1617 0.00216033
1618 0.00216033
1619 0.00216033
1620 0.00216033
1621 0.00216033
1622 0.00216033
1623 0.00216033
1624 0.00216033
1625 0.00204292
1626 0.00204292
1627 0.00204292
1628 0.00204292
1629 0.00204292
1630 0.00204292
1631 0.00199596
1632 0.00199596
1633 0.00192552
1634 0.00192552
1635 0.00192552
1636 0.00192552
1637 0.00192552
1638 0.00192552
1639 0.00192552
1640 0.00192552
1641 0.00190203
1642 0.00190203
1643 0.00190203
1644 0.00190203
1645 0.00190203
1646 0.00190203
1647 0.00190203
1648 0.00190203
1649 0.00185507
1650 0.00185507
1651 0.00185507
1652 0.00185507
1653 0.00185507
1654 0.00185507
1655 0.00185507
1656 0.00185507
1657 0.00185507
1658 0.00185507
1659 0.00185507
1660 0.00185507
1661 0.00185507
1662 0.00185507
1663 0.00185507
1664 0.00185507
1665 0.00176114
1666 0.00176114
1667 0.00176114
1668 0.00176114
1669 0.00176114
1670 0.00176114
1671 0.00176114
1672 0.00176114
1673 0.00164373
1674 0.00164373
1675 0.00164373
1676 0.00164373
1677 0.00164373
1678 0.00164373
1679 0.00164373
1680 0.00164373
1681 0.00157329
1682 0.00157329
1683 0.00157329
1684 0.00157329
1685 0.00157329
1686 0.00157329
1687 0.00157329
1688 0.00157329
1689 0.00152632
1690 0.00152632
1691 0.00152632
1692 0.00152632
1693 0.00152632
1694 0.00152632
1695 0.00152632
1696 0.00152632
1697 0.00145588
1698 0.00145588
1699 0.00145588
1700 0.00145588
1701 0.00145588
1702 0.00145588
1703 0.00145588
1704 0.00145588
1705 0.00140891
1706 0.00140891
1707 0.00140891
1708 0.00140891
1709 0.00140891
1710 0.00140891
1711 0.00140891
1712 0.00140891
1713 0.00140891
1714 0.00140891
1715 0.00140891
1716 0.00140891
1717 0.00140891
1718 0.00140891
1719 0.00140891
1720 0.00140891
1721 0.00138543
1722 0.00138543
1723 0.00138543
1724 0.00138543
1725 0.00138543
1726 0.00138543
1727 0.00138543
1728 0.00138543
1729 0.00136195
1730 0.00136195
1731 0.00136195
1732 0.00136195
1733 0.00136195
1734 0.00136195
1735 0.00136195
1736 0.00136195
1737 0.00133847
1738 0.00133847
1739 0.00133847
1740 0.00133847
1741 0.00133847
1742 0.00133847
1743 0.00133847
1744 0.00133847
1745 0.00131499
1746 0.00131499
1747 0.00131499
1748 0.00131499
1749 0.00131499
1750 0.00131499
1751 0.00131499
1752 0.00131499
1753 0.0012915
1754 0.0012915
1755 0.0012915
1756 0.0012915
1757 0.0012915
1758 0.0012915
1759 0.0012915
1760 0.0012915
1761 0.00126802
1762 0.00126802
1763 0.00126802
1764 0.00126802
1765 0.00126802
1766 0.00126802
1767 0.00126802
1768 0.00126802
1769 0.00119758
1770 0.00119758
1771 0.00119758
1772 0.00119758
1773 0.00119758
1774 0.00119758
1775 0.00119758
1776 0.00119758
1777 0.00119758
1778 0.00119758
1779 0.00119758
1780 0.00119758
1781 0.00119758
1782 0.00119758
1783 0.00119758
1784 0.00119758
1785 0.00117409
1786 0.00117409
1787 0.00117409
1788 0.00117409
1789 0.00117409
1790 0.00117409
1791 0.00117409
1792 0.00117409
1793 0.00115061
1794 0.00115061
1795 0.00115061
1796 0.00115061
1797 0.00115061
1798 0.00115061
1799 0.00115061
1800 0.00115061
1801 0.00115061
1802 0.00115061
1803 0.00115061
1804 0.00115061
1805 0.00115061
1806 0.00115061
1807 0.00115061
1808 0.00115061
1809 0.00115061
1810 0.00115061
1811 0.00115061
1812 0.00115061
1813 0.00115061
1814 0.00115061
1815 0.00115061
1816 0.00115061
1817 0.00108017
1818 0.00108017
1819 0.00108017
1820 0.00108017
1821 0.00108017
1822 0.00108017
1823 0.00108017
1824 0.00108017
1825 0.00108017
1826 0.00108017
1827 0.00108017
1828 0.00108017
1829 0.00108017
1830 0.00108017
1831 0.00108017
1832 0.00108017
1833 0.0010332
1834 0.0010332
1835 0.0010332
1836 0.0010332
1837 0.0010332
1838 0.0010332
1839 0.0010332
1840 0.0010332
1841 0.0010332
1842 0.0010332
1843 0.0010332
1844 0.0010332
1845 0.0010332
1846 0.0010332
1847 0.00098624
1848 0.00098624
1849 0.000939276
1850 0.000939276
1851 0.000939276
1852 0.000939276
1853 0.000939276
1854 0.000939276
1855 0.000939276
1856 0.000939276
1857 0.000915794
1858 0.000915794
1859 0.000915794
1860 0.000915794
1861 0.000915794
1862 0.000915794
1863 0.000915794
1864 0.000915794
1865 0.000892312
1866 0.000892312
1867 0.000892312
1868 0.000892312
1869 0.000892312
1870 0.000892312
1871 0.000892312
1872 0.000892312
1873 0.000845348
1874 0.000845348
1875 0.000845348
1876 0.000845348
1877 0.000845348
1878 0.000845348
1879 0.000845348
1880 0.000845348
1881 0.000821866
1882 0.000821866
1883 0.000821866
1884 0.000821866
1885 0.000821866
1886 0.000821866
1887 0.000821866
1888 0.000821866
1889 0.000821866
1890 0.000821866
1891 0.000821866
1892 0.000821866
1893 0.000821866
1894 0.000821866
1895 0.000821866
1896 0.000821866
1897 0.000821866
1898 0.000821866
1899 0.000821866
1900 0.000821866
1901 0.000821866
1902 0.000821866
1903 0.000821866
1904 0.000821866
1905 0.000821866
1906 0.000821866
1907 0.000821866
1908 0.000821866
1909 0.000821866
1910 0.000821866
1911 0.000821866
1912 0.000821866
1913 0.000798384
1914 0.000798384
1915 0.000798384
1916 0.000798384
1917 0.000798384
1918 0.000798384
1919 0.000798384
1920 0.000798384
1921 0.000798384
1922 0.000798384
1923 0.000798384
1924 0.000798384
1925 0.000798384
1926 0.000798384
1927 0.000798384
1928 0.000798384
1929 0.000751421
1930 0.000751421
1931 0.000751421
1932 0.000751421
1933 0.000751421
1934 0.000751421
1935 0.000751421
1936 0.000751421
1937 0.000751421
1938 0.000751421
1939 0.000751421
1940 0.000751421
1941 0.000751421
1942 0.000751421
1943 0.000751421
1944 0.000751421
1945 0.000751421
1946 0.000751421
1947 0.000751421
1948 0.000751421
1949 0.000751421
1950 0.000751421
1951 0.000751421
1952 0.000751421
1953 0.000751421
1954 0.000751421
1955 0.000751421
1956 0.000751421
1957 0.000751421
1958 0.000751421
1959 0.000751421
1960 0.000751421
1961 0.000751421
1962 0.000751421
1963 0.000751421
1964 0.000751421
1965 0.000751421
1966 0.000751421
1967 0.000751421
1968 0.000751421
1969 0.000680975
1970 0.000680975
1971 0.000680975
1972 0.000680975
1973 0.000680975
1974 0.000680975
1975 0.000680975
1976 0.000680975
1977 0.000657493
1978 0.000657493
1979 0.000657493
1980 0.000657493
1981 0.000657493
1982 0.000657493
1983 0.000657493
1984 0.000657493
1985 0.000657493
1986 0.000657493
1987 0.000657493
1988 0.000657493
1989 0.000657493
1990 0.000657493
1991 0.000657493
1992 0.000657493
1993 0.000634011
1994 0.000634011
1995 0.000634011
1996 0.000634011
1997 0.000634011
1998 0.000634011
1999 0.000634011
2000 0.000634011
2001 0.000610529
2002 0.000610529
2003 0.000610529
2004 0.000610529
2005 0.000610529
2006 0.000610529
2007 0.000610529
2008 0.000610529
2009 0.000610529
2010 0.000610529
2011 0.000610529
2012 0.000610529
2013 0.000610529
2014 0.000610529
2015 0.000610529
2016 0.000610529
2017 0.000587047
2018 0.000587047
2019 0.000587047
2020 0.000587047
2021 0.000587047
2022 0.000587047
2023 0.000587047
2024 0.000587047
2025 0.000563565
2026 0.000563565
2027 0.000563565
2028 0.000563565
2029 0.000563565
2030 0.000563565
2031 0.000563565
2032 0.000563565
2033 0.000563565
2034 0.000563565
2035 0.000563565
2036 0.000563565
2037 0.000563565
2038 0.000563565
2039 0.000563565
2040 0.000563565
2041 0.000563565
2042 0.000563565
2043 0.000563565
2044 0.000563565
2045 0.000563565
2046 0.000563565
2047 0.000563565
2048 0.000563565
2049 0.000563565
2050 0.000563565
2051 0.000563565
2052 0.000563565
2053 0.000563565
2054 0.000563565
2055 0.000563565
2056 0.000563565
2057 0.000563565
2058 0.000563565
2059 0.000563565
2060 0.000563565
2061 0.000563565
2062 0.000563565
2063 0.000563565
2064 0.000563565
2065 0.000540084
2066 0.000540084
2067 0.000540084
2068 0.000540084
2069 0.000540084
2070 0.000540084
2071 0.000540084
2072 0.000540084
2073 0.000516602
2074 0.000516602
2075 0.000516602
2076 0.000516602
2077 0.000516602
2078 0.000516602
2079 0.000516602
2080 0.000516602
2081 0.000469638
2082 0.000469638
2083 0.000469638
2084 0.000469638
2085 0.000469638
2086 0.000469638
2087 0.000469638
2088 0.000469638
2089 0.000446156
2090 0.000446156
2091 0.000446156
2092 0.000446156
2093 0.000446156
2094 0.000446156
2095 0.000446156
2096 0.000446156
2097 0.000422674
2098 0.000422674
2099 0.000422674
2100 0.000422674
2101 0.000422674
2102 0.000422674
2103 0.000422674
2104 0.000422674
2105 0.000422674
2106 0.000422674
2107 0.000422674
2108 0.000422674
2109 0.000422674
2110 0.000422674
2111 0.000422674
2112 0.000422674
2113 0.000422674
2114 0.000422674
2115 0.000422674
2116 0.000422674
2117 0.000422674
2118 0.000422674
2119 0.000422674
2120 0.000422674
2121 0.000399192
2122 0.000399192
2123 0.000399192
2124 0.000399192
2125 0.000399192
2126 0.000399192
2127 0.000399192
2128 0.000399192
2129 0.000399192
2130 0.000399192
2131 0.000399192
2132 0.000399192
2133 0.000399192
2134 0.000399192
2135 0.000399192
2136 0.000399192
2137 0.00037571
2138 0.00037571
2139 0.00037571
2140 0.00037571
2141 0.00037571
2142 0.00037571
2143 0.00037571
2144 0.00037571
2145 0.00037571
2146 0.00037571
2147 0.00037571
2148 0.00037571
2149 0.00037571
2150 0.00037571
2151 0.00037571
2152 0.00037571
2153 0.000352228
2154 0.000352228
2155 0.000352228
2156 0.000352228
2157 0.000352228
2158 0.000352228
2159 0.000352228
2160 0.000352228
2161 0.000352228
2162 0.000352228
2163 0.000352228
2164 0.000352228
2165 0.000352228
2166 0.000352228
2167 0.000352228
2168 0.000352228
2169 0.000328747
2170 0.000328747
2171 0.000328747
2172 0.000328747
2173 0.000328747
2174 0.000328747
2175 0.000328747
2176 0.000328747
2177 0.000305265
2178 0.000305265
2179 0.000305265
2180 0.000305265
2181 0.000305265
2182 0.000305265
2183 0.000305265
2184 0.000305265
2185 0.000305265
2186 0.000305265
2187 0.000305265
2188 0.000305265
2189 0.000305265
2190 0.000305265
2191 0.000305265
2192 0.000305265
2193 0.000305265
2194 0.000305265
2195 0.000305265
2196 0.000305265
2197 0.000305265
2198 0.000305265
2199 0.000305265
2200 0.000305265
2201 0.000305265
2202 0.000305265
2203 0.000305265
2204 0.000305265
2205 0.000305265
2206 0.000305265
2207 0.000305265
2208 0.000305265
2209 0.000305265
2210 0.000305265
2211 0.000305265
2212 0.000305265
2213 0.000305265
2214 0.000305265
2215 0.000305265
2216 0.000305265
2217 0.000305265
2218 0.000305265
2219 0.000305265
2220 0.000305265
2221 0.000305265
2222 0.000305265
2223 0.000305265
2224 0.000305265
2225 0.000258301
2226 0.000258301
2227 0.000258301
2228 0.000258301
2229 0.000258301
2230 0.000258301
2231 0.000258301
2232 0.000258301
2233 0.000258301
2234 0.000258301
2235 0.000258301
2236 0.000258301
2237 0.000258301
2238 0.000258301
2239 0.000258301
2240 0.000258301
2241 0.000258301
2242 0.000258301
2243 0.000258301
2244 0.000258301
2245 0.000258301
2246 0.000258301
2247 0.000258301
2248 0.000258301
2249 0.000258301
2250 0.000258301
2251 0.000258301
2252 0.000258301
2253 0.000258301
2254 0.000258301
2255 0.000258301
2256 0.000258301
2257 0.000258301
2258 0.000258301
2259 0.000258301
2260 0.000258301
2261 0.000258301
2262 0.000258301
2263 0.000258301
2264 0.000258301
2265 0.000258301
2266 0.000258301
2267 0.000258301
2268 0.000258301
2269 0.000258301
2270 0.000258301
2271 0.000258301
2272 0.000258301
2273 0.000234819
2274 0.000234819
2275 0.000234819
2276 0.000234819
2277 0.000234819
2278 0.000234819
2279 0.000234819
2280 0.000234819
2281 0.000234819
2282 0.000234819
2283 0.000234819
2284 0.000234819
2285 0.000234819
2286 0.000234819
2287 0.000234819
2288 0.000234819
2289 0.000211337
2290 0.000211337
2291 0.000211337
2292 0.000211337
2293 0.000211337
2294 0.000211337
2295 0.000211337
2296 0.000211337
2297 0.000211337
2298 0.000211337
2299 0.000211337
2300 0.000211337
2301 0.000211337
2302 0.000211337
2303 0.000211337
2304 0.000211337
2305 0.000187855
2306 0.000187855
2307 0.000187855
2308 0.000187855
2309 0.000187855
2310 0.000187855
2311 0.000187855
2312 0.000187855
2313 0.000187855
2314 0.000187855
2315 0.000187855
2316 0.000187855
2317 0.000187855
2318 0.000187855
2319 0.000187855
2320 0.000187855
2321 0.000164373
2322 0.000164373
2323 0.000164373
2324 0.000164373
2325 0.000164373
2326 0.000164373
2327 0.000164373
2328 0.000164373
2329 0.000164373
2330 0.000164373
2331 0.000164373
2332 0.000164373
2333 0.000164373
2334 0.000164373
2335 0.000164373
2336 0.000164373
2337 0.000164373
2338 0.000164373
2339 0.000164373
2340 0.000164373
2341 0.000164373
2342 0.000164373
2343 0.000164373
2344 0.000164373
2345 0.000164373
2346 0.000164373
2347 0.000164373
2348 0.000164373
2349 0.000164373
2350 0.000164373
2351 0.000164373
2352 0.000164373
2353 0.000164373
2354 0.000164373
2355 0.000164373
2356 0.000164373
2357 0.000164373
2358 0.000164373
2359 0.000164373
2360 0.000164373
2361 0.000164373
2362 0.000164373
2363 0.000164373
2364 0.000164373
2365 0.000164373
2366 0.000164373
2367 0.000164373
2368 0.000164373
2369 0.000164373
2370 0.000164373
2371 0.000164373
2372 0.000164373
2373 0.000164373
2374 0.000164373
2375 0.000164373
2376 0.000164373
2377 0.000164373
2378 0.000164373
2379 0.000164373
2380 0.000164373
2381 0.000164373
2382 0.000164373
2383 0.000164373
2384 0.000164373
2385 0.000164373
2386 0.000164373
2387 0.000164373
2388 0.000164373
2389 0.000164373
2390 0.000164373
2391 0.000164373
2392 0.000164373
2393 0.000164373
2394 0.000164373
2395 0.000164373
2396 0.000164373
2397 0.000164373
2398 0.000164373
2399 0.000164373
2400 0.000164373
2401 0.000164373
2402 0.000164373
2403 0.000164373
2404 0.000164373
2405 0.000164373
2406 0.000164373
2407 0.000164373
2408 0.000164373
2409 0.000164373
2410 0.000164373
2411 0.000164373
2412 0.000164373
2413 0.000164373
2414 0.000164373
2415 0.000164373
2416 0.000164373
2417 0.000164373
2418 0.000164373
2419 0.000164373
2420 0.000164373
2421 0.000164373
2422 0.000164373
2423 0.000164373
2424 0.000164373
2425 0.000164373
2426 0.000164373
2427 0.000164373
2428 0.000164373
2429 0.000164373
2430 0.000164373
2431 0.000164373
2432 0.000164373
2433 0.000164373
2434 0.000164373
2435 0.000164373
2436 0.000164373
2437 0.000164373
2438 0.000164373
2439 0.000164373
2440 0.000164373
2441 0.000164373
2442 0.000164373
2443 0.000164373
2444 0.000164373
2445 0.000164373
2446 0.000164373
2447 0.000164373
2448 0.000164373
2449 0.000164373
2450 0.000164373
2451 0.000164373
2452 0.000164373
2453 0.000164373
2454 0.000164373
2455 0.000164373
2456 0.000164373
2457 0.000164373
2458 0.000164373
2459 0.000164373
2460 0.000164373
2461 0.000164373
2462 0.000164373
2463 0.000164373
2464 0.000164373
2465 0.000164373
2466 0.000164373
2467 0.000164373
2468 0.000164373
2469 0.000164373
2470 0.000164373
2471 0.000164373
2472 0.000164373
2473 0.000164373
2474 0.000164373
2475 0.000164373
2476 0.000164373
2477 0.000164373
2478 0.000164373
2479 0.000164373
2480 0.000164373
2481 0.000164373
2482 0.000164373
2483 0.000164373
2484 0.000164373
2485 0.000164373
2486 0.000164373
2487 0.000164373
2488 0.000164373
2489 0.000164373
2490 0.000164373
2491 0.000164373
2492 0.000164373
2493 0.000164373
2494 0.000164373
2495 0.000164373
2496 0.000164373
2497 0.000164373
2498 0.000164373
2499 0.000164373
2500 0.000164373
2501 0.000164373
2502 0.000164373
2503 0.000164373
2504 0.000164373
2505 0.000164373
2506 0.000164373
2507 0.000164373
2508 0.000164373
2509 0.000164373
2510 0.000164373
2511 0.000164373
2512 0.000164373
2513 0.000164373
2514 0.000164373
2515 0.000164373
2516 0.000164373
2517 0.000164373
2518 0.000164373
2519 0.000164373
2520 0.000164373
2521 0.000140891
2522 0.000140891
2523 0.000140891
2524 0.000140891
2525 0.000140891
2526 0.000140891
2527 0.000140891
2528 0.000140891
2529 0.000140891
2530 0.000140891
2531 0.000140891
2532 0.000140891
2533 0.000140891
2534 0.000140891
2535 0.000140891
2536 0.000140891
2537 0.000140891
2538 0.000140891
2539 0.000140891
2540 0.000140891
2541 0.000140891
2542 0.000140891
2543 0.000140891
2544 0.000140891
2545 0.000140891
2546 0.000140891
2547 0.000140891
2548 0.000140891
2549 0.000140891
2550 0.000140891
2551 0.000140891
2552 0.000140891
2553 0.000140891
2554 0.000140891
2555 0.000140891
2556 0.000140891
2557 0.000140891
2558 0.000140891
2559 0.000140891
2560 0.000140891
2561 0.000140891
2562 0.000140891
2563 0.000140891
2564 0.000140891
2565 0.000140891
2566 0.000140891
2567 0.000140891
2568 0.000140891
2569 0.000117409
2570 0.000117409
2571 0.000117409
2572 0.000117409
2573 0.000117409
2574 0.000117409
2575 0.000117409
2576 0.000117409
2577 0.000117409
2578 0.000117409
2579 0.000117409
2580 0.000117409
2581 0.000117409
2582 0.000117409
2583 0.000117409
2584 0.000117409
2585 0.000117409
2586 0.000117409
2587 0.000117409
2588 0.000117409
2589 0.000117409
2590 0.000117409
2591 0.000117409
2592 0.000117409
2593 0.000117409
2594 0.000117409
2595 0.000117409
2596 0.000117409
2597 0.000117409
2598 0.000117409
2599 0.000117409
2600 0.000117409
2601 9.39276e-05
2602 9.39276e-05
2603 9.39276e-05
2604 9.39276e-05
2605 9.39276e-05
2606 9.39276e-05
2607 9.39276e-05
2608 9.39276e-05
2609 9.39276e-05
2610 9.39276e-05
2611 9.39276e-05
2612 9.39276e-05
2613 9.39276e-05
2614 9.39276e-05
2615 9.39276e-05
2616 9.39276e-05
2617 9.39276e-05
2618 9.39276e-05
2619 9.39276e-05
2620 9.39276e-05
2621 9.39276e-05
2622 9.39276e-05
2623 9.39276e-05
2624 9.39276e-05
2625 9.39276e-05
2626 9.39276e-05
2627 9.39276e-05
2628 9.39276e-05
2629 9.39276e-05
2630 9.39276e-05
2631 9.39276e-05
2632 9.39276e-05
2633 9.39276e-05
2634 9.39276e-05
2635 9.39276e-05
2636 9.39276e-05
2637 9.39276e-05
2638 9.39276e-05
2639 9.39276e-05
2640 9.39276e-05
2641 9.39276e-05
2642 9.39276e-05
2643 9.39276e-05
2644 9.39276e-05
2645 9.39276e-05
2646 9.39276e-05
2647 9.39276e-05
2648 9.39276e-05
2649 9.39276e-05
2650 9.39276e-05
2651 9.39276e-05
2652 9.39276e-05
2653 9.39276e-05
2654 9.39276e-05
2655 9.39276e-05
2656 9.39276e-05
2657 9.39276e-05
2658 9.39276e-05
2659 9.39276e-05
2660 9.39276e-05
2661 9.39276e-05
2662 9.39276e-05
2663 9.39276e-05
2664 9.39276e-05
2665 9.39276e-05
2666 9.39276e-05
2667 9.39276e-05
2668 9.39276e-05
2669 9.39276e-05
2670 9.39276e-05
2671 9.39276e-05
2672 9.39276e-05
2673 9.39276e-05
2674 9.39276e-05
2675 9.39276e-05
2676 9.39276e-05
2677 9.39276e-05
2678 9.39276e-05
2679 9.39276e-05
2680 9.39276e-05
2681 9.39276e-05
2682 9.39276e-05
2683 9.39276e-05
2684 9.39276e-05
2685 9.39276e-05
2686 9.39276e-05
2687 9.39276e-05
2688 9.39276e-05
2689 9.39276e-05
2690 9.39276e-05
2691 9.39276e-05
2692 9.39276e-05
2693 9.39276e-05
2694 9.39276e-05
2695 9.39276e-05
2696 9.39276e-05
2697 9.39276e-05
2698 9.39276e-05
2699 9.39276e-05
2700 9.39276e-05
2701 9.39276e-05
2702 9.39276e-05
2703 9.39276e-05
2704 9.39276e-05
2705 9.39276e-05
2706 9.39276e-05
2707 9.39276e-05
2708 9.39276e-05
2709 9.39276e-05
2710 9.39276e-05
2711 9.39276e-05
2712 9.39276e-05
2713 9.39276e-05
2714 9.39276e-05
2715 9.39276e-05
2716 9.39276e-05
2717 9.39276e-05
2718 9.39276e-05
2719 9.39276e-05
2720 9.39276e-05
2721 9.39276e-05
2722 9.39276e-05
2723 9.39276e-05
2724 9.39276e-05
2725 9.39276e-05
2726 9.39276e-05
2727 9.39276e-05
2728 9.39276e-05
2729 7.04457e-05
2730 7.04457e-05
2731 7.04457e-05
2732 7.04457e-05
2733 7.04457e-05
2734 7.04457e-05
2735 7.04457e-05
2736 7.04457e-05
2737 7.04457e-05
2738 7.04457e-05
2739 7.04457e-05
2740 7.04457e-05
2741 7.04457e-05
2742 7.04457e-05
2743 7.04457e-05
2744 7.04457e-05
2745 7.04457e-05
2746 7.04457e-05
2747 7.04457e-05
2748 7.04457e-05
2749 7.04457e-05
2750 7.04457e-05
2751 7.04457e-05
2752 7.04457e-05
2753 7.04457e-05
2754 7.04457e-05
2755 7.04457e-05
2756 7.04457e-05
2757 7.04457e-05
2758 7.04457e-05
2759 7.04457e-05
2760 7.04457e-05
2761 7.04457e-05
2762 7.04457e-05
2763 7.04457e-05
2764 7.04457e-05
2765 7.04457e-05
2766 7.04457e-05
2767 7.04457e-05
2768 7.04457e-05
2769 4.69638e-05
2770 4.69638e-05
2771 4.69638e-05
2772 4.69638e-05
2773 4.69638e-05
2774 4.69638e-05
2775 4.69638e-05
2776 4.69638e-05
2777 2.34819e-05
2778 2.34819e-05
2779 2.34819e-05
2780 2.34819e-05
2781 2.34819e-05
2782 2.34819e-05
2783 2.34819e-05
2784 2.34819e-05
2785 2.34819e-05
2786 2.34819e-05
2787 2.34819e-05
2788 2.34819e-05
2789 2.34819e-05
2790 2.34819e-05
2791 2.34819e-05
2792 2.34819e-05
2793 2.34819e-05
2794 2.34819e-05
2795 2.34819e-05
2796 2.34819e-05
2797 2.34819e-05
2798 2.34819e-05
2799 2.34819e-05
2800 2.34819e-05
2801 2.34819e-05
2802 2.34819e-05
2803 2.34819e-05
2804 2.34819e-05
2805 2.34819e-05
2806 2.34819e-05
2807 2.34819e-05
2808 2.34819e-05
2809 2.34819e-05
2810 2.34819e-05
2811 2.34819e-05
2812 2.34819e-05
2813 2.34819e-05
2814 2.34819e-05
2815 2.34819e-05
2816 2.34819e-05
2817 2.34819e-05
2818 2.34819e-05
2819 2.34819e-05
2820 2.34819e-05
2821 2.34819e-05
2822 2.34819e-05
2823 2.34819e-05
2824 2.34819e-05
2825 2.34819e-05
2826 2.34819e-05
2827 2.34819e-05
2828 2.34819e-05
2829 2.34819e-05
2830 2.34819e-05
2831 2.34819e-05
2832 2.34819e-05
2833 2.34819e-05
2834 2.34819e-05
2835 2.34819e-05
2836 2.34819e-05
2837 2.34819e-05
2838 2.34819e-05
2839 2.34819e-05
2840 2.34819e-05
2841 2.34819e-05
2842 2.34819e-05
2843 2.34819e-05
2844 2.34819e-05
2845 2.34819e-05
2846 2.34819e-05
2847 2.34819e-05
2848 2.34819e-05
2849 2.34819e-05
2850 2.34819e-05
2851 2.34819e-05
2852 2.34819e-05
2853 2.34819e-05
2854 2.34819e-05
2855 2.34819e-05
2856 2.34819e-05
2857 2.34819e-05
2858 2.34819e-05
2859 2.34819e-05
2860 2.34819e-05
2861 2.34819e-05
2862 2.34819e-05
2863 2.34819e-05
2864 2.34819e-05
2865 2.34819e-05
2866 2.34819e-05
2867 2.34819e-05
2868 2.34819e-05
2869 2.34819e-05
2870 2.34819e-05
2871 2.34819e-05
2872 2.34819e-05
2873 2.34819e-05
2874 2.34819e-05
2875 2.34819e-05
2876 2.34819e-05
2877 2.34819e-05
2878 2.34819e-05
2879 2.34819e-05
2880 2.34819e-05
2881 2.34819e-05
2882 2.34819e-05
2883 2.34819e-05
2884 2.34819e-05
2885 2.34819e-05
2886 2.34819e-05
2887 2.34819e-05
2888 2.34819e-05
2889 2.34819e-05
2890 2.34819e-05
2891 2.34819e-05
2892 2.34819e-05
2893 2.34819e-05
2894 2.34819e-05
2895 2.34819e-05
2896 2.34819e-05
2897 2.34819e-05
2898 2.34819e-05
2899 2.34819e-05
2900 2.34819e-05
2901 2.34819e-05
2902 2.34819e-05
2903 2.34819e-05
2904 2.34819e-05
2905 2.34819e-05
2906 2.34819e-05
2907 2.34819e-05
2908 2.34819e-05
2909 2.34819e-05
2910 2.34819e-05
2911 2.34819e-05
2912 2.34819e-05
2913 2.34819e-05
2914 2.34819e-05
2915 2.34819e-05
2916 2.34819e-05
2917 2.34819e-05
2918 2.34819e-05
2919 2.34819e-05
2920 2.34819e-05
2921 2.34819e-05
2922 2.34819e-05
2923 2.34819e-05
2924 2.34819e-05
2925 2.34819e-05
2926 2.34819e-05
2927 2.34819e-05
2928 2.34819e-05
2929 2.34819e-05
2930 2.34819e-05
2931 2.34819e-05
2932 2.34819e-05
2933 2.34819e-05
2934 2.34819e-05
2935 2.34819e-05
2936 2.34819e-05
2937 2.34819e-05
2938 2.34819e-05
2939 2.34819e-05
2940 2.34819e-05
2941 2.34819e-05
2942 2.34819e-05
2943 2.34819e-05
2944 2.34819e-05
2945 2.34819e-05
2946 2.34819e-05
2947 2.34819e-05
2948 2.34819e-05
2949 2.34819e-05
2950 2.34819e-05
2951 2.34819e-05
2952 2.34819e-05
