0 1
1 1
2 1
3 1
4 1
5 1
6 1
7 0.999921
8 0.999921
9 0.999921
10 0.999921
11 0.999921
12 0.999921
13 0.999921
14 0.999921
15 0.999605
16 0.999605
17 0.999605
18 0.999605
19 0.999605
20 0.999605
21 0.999605
22 0.999605
23 0.999211
24 0.999211
25 0.999211
26 0.999211
27 0.999211
28 0.999211
29 0.999211
30 0.999211
31 0.999053
32 0.999053
33 0.958965
34 0.958965
35 0.958965
36 0.958965
37 0.958965
38 0.958965
39 0.958728
40 0.958728
41 0.9113
42 0.9113
43 0.9113
44 0.9113
45 0.9113
46 0.9113
47 0.911064
48 0.911064
49 0.863636
50 0.863636
51 0.863636
52 0.863636
53 0.863636
54 0.863636
55 0.8634
56 0.8634
57 0.809738
58 0.809738
59 0.809738
60 0.809738
61 0.809738
62 0.809738
63 0.809422
64 0.809422
65 0.758049
66 0.758049
67 0.758049
68 0.758049
69 0.758049
70 0.758049
71 0.757734
72 0.757734
73 0.710385
74 0.710385
75 0.710385
76 0.710385
77 0.710385
78 0.710385
79 0.710385
80 0.710385
81 0.662958
82 0.662958
83 0.662958
84 0.662958
85 0.662958
86 0.662958
87 0.662642
88 0.662642
89 0.617345
90 0.617345
91 0.617345
92 0.617345
93 0.617345
94 0.617345
95 0.617188
96 0.617188
97 0.575521
98 0.575521
99 0.575521
100 0.575521
101 0.575521
102 0.575521
103 0.575442
104 0.575442
105 0.535669
106 0.535669
107 0.535669
108 0.535669
109 0.535669
110 0.535669
111 0.535511
112 0.535511
113 0.500473
114 0.500473
115 0.500473
116 0.500473
117 0.500473
118 0.500473
119 0.500395
120 0.500395
121 0.464331
122 0.464331
123 0.464331
124 0.464331
125 0.464331
126 0.464331
127 0.464252
128 0.464252
129 0.436158
130 0.436158
131 0.436158
132 0.436158
133 0.436158
134 0.436158
135 0.43608
136 0.43608
137 0.407355
138 0.407355
139 0.407355
140 0.407355
141 0.407355
142 0.407355
143 0.407276
144 0.407276
145 0.381076
146 0.381076
147 0.381076
148 0.381076
149 0.381076
150 0.381076
151 0.380997
152 0.380997
153 0.357639
154 0.357639
155 0.357639
156 0.357639
157 0.357639
158 0.357639
159 0.357481
160 0.357481
161 0.332702
162 0.332702
163 0.332702
164 0.332702
165 0.332702
166 0.332702
167 0.332623
168 0.332623
169 0.311395
170 0.311395
171 0.311395
172 0.311395
173 0.311395
174 0.311395
175 0.311395
176 0.311395
177 0.288826
178 0.288826
179 0.288826
180 0.288826
181 0.288826
182 0.288826
183 0.28851
184 0.28851
185 0.269886
186 0.269886
187 0.269886
188 0.269886
189 0.269886
190 0.269886
191 0.269729
192 0.269729
193 0.250631
194 0.250631
195 0.250631
196 0.250631
197 0.250631
198 0.250631
199 0.250395
200 0.250395
201 0.233349
202 0.233349
203 0.233349
204 0.233349
205 0.233349
206 0.233349
207 0.233349
208 0.233349
209 0.218434
210 0.218434
211 0.218434
212 0.218434
213 0.218434
214 0.218434
215 0.218434
216 0.218434
217 0.204072
218 0.204072
219 0.204072
220 0.204072
221 0.204072
222 0.204072
223 0.203993
224 0.203993
225 0.190262
226 0.190262
227 0.190262
228 0.190262
229 0.190262
230 0.190262
231 0.190262
232 0.190262
233 0.178425
234 0.178425
235 0.178425
236 0.178425
237 0.178425
238 0.178425
239 0.178346
240 0.178346
241 0.166272
242 0.166272
243 0.166272
244 0.166272
245 0.166272
246 0.166272
247 0.166193
248 0.166193
249 0.15554
250 0.15554
251 0.15554
252 0.15554
253 0.15554
254 0.15554
255 0.15554
256 0.15554
257 0.145202
258 0.145202
259 0.145202
260 0.145202
261 0.145202
262 0.145202
263 0.145202
264 0.145202
265 0.137074
266 0.137074
267 0.137074
268 0.137074
269 0.137074
270 0.137074
271 0.137074
272 0.137074
273 0.128867
274 0.128867
275 0.128867
276 0.128867
277 0.128867
278 0.128867
279 0.128867
280 0.128867
281 0.121607
282 0.121607
283 0.121607
284 0.121607
285 0.121607
286 0.121607
287 0.121607
288 0.121607
289 0.11482
290 0.11482
291 0.11482
292 0.11482
293 0.11482
294 0.11482
295 0.11482
296 0.11482
297 0.108744
298 0.108744
299 0.108744
300 0.108744
301 0.108744
302 0.108744
303 0.108665
304 0.108665
305 0.102509
306 0.102509
307 0.102509
308 0.102509
309 0.102509
310 0.102509
311 0.102509
312 0.102509
313 0.0967487
314 0.0967487
315 0.0967487
316 0.0967487
317 0.0967487
318 0.0967487
319 0.0967487
320 0.0967487
321 0.0908302
322 0.0908302
323 0.0908302
324 0.0908302
325 0.0908302
326 0.0908302
327 0.0907513
328 0.0907513
329 0.0849905
330 0.0849905
331 0.0849905
332 0.0849905
333 0.0849905
334 0.0849905
335 0.0849905
336 0.0849905
337 0.080887
338 0.080887
339 0.080887
340 0.080887
341 0.080887
342 0.080887
343 0.0808081
344 0.0808081
345 0.0755997
346 0.0755997
347 0.0755997
348 0.0755997
349 0.0755997
350 0.0755997
351 0.0755208
352 0.0755208
353 0.0718119
354 0.0718119
355 0.0718119
356 0.0718119
357 0.0718119
358 0.0718119
359 0.071733
360 0.071733
361 0.0673927
362 0.0673927
363 0.0673927
364 0.0673927
365 0.0673927
366 0.0673927
367 0.0673927
368 0.0673927
369 0.0639205
370 0.0639205
371 0.0639205
372 0.0639205
373 0.0639205
374 0.0639205
375 0.0639205
376 0.0639205
377 0.0605271
378 0.0605271
379 0.0605271
380 0.0605271
381 0.0605271
382 0.0605271
383 0.0605271
384 0.0605271
385 0.0573706
386 0.0573706
387 0.0573706
388 0.0573706
389 0.0573706
390 0.0573706
391 0.0573706
392 0.0573706
393 0.0548453
394 0.0548453
395 0.0548453
396 0.0548453
397 0.0548453
398 0.0548453
399 0.0548453
400 0.0548453
401 0.052399
402 0.052399
403 0.052399
404 0.052399
405 0.052399
406 0.052399
407 0.052399
408 0.052399
409 0.0501105
410 0.0501105
411 0.0501105
412 0.0501105
413 0.0501105
414 0.0501105
415 0.0500316
416 0.0500316
417 0.0471117
418 0.0471117
419 0.0471117
420 0.0471117
421 0.0471117
422 0.0471117
423 0.0471117
424 0.0471117
425 0.0439552
426 0.0439552
427 0.0439552
428 0.0439552
429 0.0439552
430 0.0439552
431 0.0439552
432 0.0439552
433 0.0411932
434 0.0411932
435 0.0411932
436 0.0411932
437 0.0411932
438 0.0411932
439 0.0411932
440 0.0411932
441 0.0388258
442 0.0388258
443 0.0388258
444 0.0388258
445 0.0388258
446 0.0388258
447 0.0388258
448 0.0388258
449 0.0372475
450 0.0372475
451 0.0372475
452 0.0372475
453 0.0372475
454 0.0372475
455 0.0372475
456 0.0372475
457 0.0357481
458 0.0357481
459 0.0357481
460 0.0357481
461 0.0357481
462 0.0357481
463 0.0357481
464 0.0357481
465 0.0342487
466 0.0342487
467 0.0342487
468 0.0342487
469 0.0342487
470 0.0342487
471 0.0342487
472 0.0342487
473 0.0327494
474 0.0327494
475 0.0327494
476 0.0327494
477 0.0327494
478 0.0327494
479 0.0327494
480 0.0327494
481 0.0306187
482 0.0306187
483 0.0306187
484 0.0306187
485 0.0306187
486 0.0306187
487 0.0305398
488 0.0305398
489 0.0292771
490 0.0292771
491 0.0292771
492 0.0292771
493 0.0292771
494 0.0292771
495 0.0292771
496 0.0292771
497 0.0279356
498 0.0279356
499 0.0279356
500 0.0279356
501 0.0279356
502 0.0279356
503 0.0279356
504 0.0279356
505 0.0265941
506 0.0265941
507 0.0265941
508 0.0265941
509 0.0265941
510 0.0265941
511 0.0265941
512 0.0265941
513 0.0254893
514 0.0254893
515 0.0254893
516 0.0254893
517 0.0254893
518 0.0254893
519 0.0254893
520 0.0254893
521 0.0243845
522 0.0243845
523 0.0243845
524 0.0243845
525 0.0243845
526 0.0243845
527 0.0243845
528 0.0243845
529 0.0227273
530 0.0227273
531 0.0227273
532 0.0227273
533 0.0227273
534 0.0227273
535 0.0227273
536 0.0227273
537 0.0214646
538 0.0214646
539 0.0214646
540 0.0214646
541 0.0214646
542 0.0214646
543 0.0214646
544 0.0214646
545 0.0205966
546 0.0205966
547 0.0205966
548 0.0205966
549 0.0205966
550 0.0205966
551 0.0205966
552 0.0205966
553 0.0188605
554 0.0188605
555 0.0188605
556 0.0188605
557 0.0188605
558 0.0188605
559 0.0188605
560 0.0188605
561 0.0178346
562 0.0178346
563 0.0178346
564 0.0178346
565 0.0178346
566 0.0178346
567 0.0178346
568 0.0178346
569 0.0171244
570 0.0171244
571 0.0171244
572 0.0171244
573 0.0171244
574 0.0171244
575 0.0171244
576 0.0171244
577 0.0168876
578 0.0168876
579 0.0168876
580 0.0168876
581 0.0168876
582 0.0168876
583 0.0168876
584 0.0168876
585 0.0164141
586 0.0164141
587 0.0164141
588 0.0164141
589 0.0164141
590 0.0164141
591 0.0164141
592 0.0164141
593 0.0159407
594 0.0159407
595 0.0159407
596 0.0159407
597 0.0159407
598 0.0159407
599 0.0159407
600 0.0159407
601 0.0153093
602 0.0153093
603 0.0153093
604 0.0153093
605 0.0153093
606 0.0153093
607 0.0153093
608 0.0153093
609 0.014678
610 0.014678
611 0.014678
612 0.014678
613 0.014678
614 0.014678
615 0.0145991
616 0.0145991
617 0.0142835
618 0.0142835
619 0.0142835
620 0.0142835
621 0.0142835
622 0.0142835
623 0.0142835
624 0.0142835
625 0.0136521
626 0.0136521
627 0.0136521
628 0.0136521
629 0.0136521
630 0.0136521
631 0.0136521
632 0.0136521
633 0.0126263
634 0.0126263
635 0.0126263
636 0.0126263
637 0.0126263
638 0.0126263
639 0.0126263
640 0.0126263
641 0.0121528
642 0.0121528
643 0.0121528
644 0.0121528
645 0.0121528
646 0.0121528
647 0.0121528
648 0.0121528
649 0.0113636
650 0.0113636
651 0.0113636
652 0.0113636
653 0.0113636
654 0.0113636
655 0.0113636
656 0.0113636
657 0.0103378
658 0.0103378
659 0.0103378
660 0.0103378
661 0.0103378
662 0.0103378
663 0.0103378
664 0.0103378
665 0.00986427
666 0.00986427
667 0.00986427
668 0.00986427
669 0.00986427
670 0.00986427
671 0.00986427
672 0.00986427
673 0.00939078
674 0.00939078
675 0.00939078
676 0.00939078
677 0.00939078
678 0.00939078
679 0.00939078
680 0.00939078
681 0.00875947
682 0.00875947
683 0.00875947
684 0.00875947
685 0.00875947
686 0.00875947
687 0.00875947
688 0.00875947
689 0.00789141
690 0.00789141
691 0.00789141
692 0.00789141
693 0.00789141
694 0.00789141
695 0.00789141
696 0.00789141
697 0.00765467
698 0.00765467
699 0.00765467
700 0.00765467
701 0.00765467
702 0.00765467
703 0.00765467
704 0.00765467
705 0.00710227
706 0.00710227
707 0.00710227
708 0.00710227
709 0.00710227
710 0.00710227
711 0.00710227
712 0.00710227
713 0.00678662
714 0.00678662
715 0.00678662
716 0.00678662
717 0.00678662
718 0.00678662
719 0.00678662
720 0.00678662
721 0.00639205
722 0.00639205
723 0.00639205
724 0.00639205
725 0.00639205
726 0.00639205
727 0.00639205
728 0.00639205
729 0.0061553
730 0.0061553
731 0.0061553
732 0.0061553
733 0.0061553
734 0.0061553
735 0.0061553
736 0.0061553
737 0.00576073
738 0.00576073
739 0.00576073
740 0.00576073
741 0.00576073
742 0.00576073
743 0.00576073
744 0.00576073
745 0.00552399
746 0.00552399
747 0.00552399
748 0.00552399
749 0.00552399
750 0.00552399
751 0.00552399
752 0.00552399
753 0.00512942
754 0.00512942
755 0.00512942
756 0.00512942
757 0.00512942
758 0.00512942
759 0.00512942
760 0.00512942
761 0.00505051
762 0.00505051
763 0.00505051
764 0.00505051
765 0.00505051
766 0.00505051
767 0.00505051
768 0.00505051
769 0.00481376
770 0.00481376
771 0.00481376
772 0.00481376
773 0.00481376
774 0.00481376
775 0.00481376
776 0.00481376
777 0.00473485
778 0.00473485
779 0.00473485
780 0.00473485
781 0.00473485
782 0.00473485
783 0.00473485
784 0.00473485
785 0.00434028
786 0.00434028
787 0.00434028
788 0.00434028
789 0.00434028
790 0.00434028
791 0.00434028
792 0.00434028
793 0.00426136
794 0.00426136
795 0.00426136
796 0.00426136
797 0.00426136
798 0.00426136
799 0.00426136
800 0.00426136
801 0.00394571
802 0.00394571
803 0.00394571
804 0.00394571
805 0.00394571
806 0.00394571
807 0.00394571
808 0.00394571
809 0.00394571
810 0.00394571
811 0.00394571
812 0.00394571
813 0.00394571
814 0.00394571
815 0.00394571
816 0.00394571
817 0.00394571
818 0.00394571
819 0.00394571
820 0.00394571
821 0.00394571
822 0.00394571
823 0.00394571
824 0.00394571
825 0.00394571
826 0.00394571
827 0.00394571
828 0.00394571
829 0.00394571
830 0.00394571
831 0.00394571
832 0.00394571
833 0.00378788
834 0.00378788
835 0.00378788
836 0.00378788
837 0.00378788
838 0.00378788
839 0.00378788
840 0.00378788
841 0.00363005
842 0.00363005
843 0.00363005
844 0.00363005
845 0.00363005
846 0.00363005
847 0.00363005
848 0.00363005
849 0.00331439
850 0.00331439
851 0.00331439
852 0.00331439
853 0.00331439
854 0.00331439
855 0.00331439
856 0.00331439
857 0.00323548
858 0.00323548
859 0.00323548
860 0.00323548
861 0.00323548
862 0.00323548
863 0.00323548
864 0.00323548
865 0.00323548
866 0.00323548
867 0.00323548
868 0.00323548
869 0.00323548
870 0.00323548
871 0.00323548
872 0.00323548
873 0.00307765
874 0.00307765
875 0.00307765
876 0.00307765
877 0.00307765
878 0.00307765
879 0.00299874
880 0.00299874
881 0.00299874
882 0.00299874
883 0.00299874
884 0.00299874
885 0.00299874
886 0.00299874
887 0.00299874
888 0.00299874
889 0.00299874
890 0.00299874
891 0.00299874
892 0.00299874
893 0.00299874
894 0.00299874
895 0.00299874
896 0.00299874
897 0.00291982
898 0.00291982
899 0.00291982
900 0.00291982
901 0.00291982
902 0.00291982
903 0.00291982
904 0.00291982
905 0.00268308
906 0.00268308
907 0.00268308
908 0.00268308
909 0.00268308
910 0.00268308
911 0.00268308
912 0.00268308
913 0.00260417
914 0.00260417
915 0.00260417
916 0.00260417
917 0.00260417
918 0.00260417
919 0.00260417
920 0.00260417
921 0.00260417
922 0.00260417
923 0.00260417
924 0.00260417
925 0.00260417
926 0.00260417
927 0.00260417
928 0.00260417
929 0.00260417
930 0.00260417
931 0.00260417
932 0.00260417
933 0.00260417
934 0.00260417
935 0.00260417
936 0.00260417
937 0.00252525
938 0.00252525
939 0.00252525
940 0.00252525
941 0.00252525
942 0.00252525
943 0.00252525
944 0.00252525
945 0.00228851
946 0.00228851
947 0.00228851
948 0.00228851
949 0.00228851
950 0.00228851
951 0.00228851
952 0.00228851
953 0.00228851
954 0.00228851
955 0.00228851
956 0.00228851
957 0.00228851
958 0.00228851
959 0.00228851
960 0.00228851
961 0.00228851
962 0.00228851
963 0.00228851
964 0.00228851
965 0.00228851
966 0.00228851
967 0.00228851
968 0.00228851
969 0.0022096
970 0.0022096
971 0.0022096
972 0.0022096
973 0.0022096
974 0.0022096
975 0.0022096
976 0.0022096
977 0.00205177
978 0.00205177
979 0.00205177
980 0.00205177
981 0.00205177
982 0.00205177
983 0.00205177
984 0.00205177
985 0.00205177
986 0.00205177
987 0.00205177
988 0.00205177
989 0.00205177
990 0.00205177
991 0.00205177
992 0.00205177
993 0.00197285
994 0.00197285
995 0.00197285
996 0.00197285
997 0.00197285
998 0.00197285
999 0.00197285
1000 0.00197285
1001 0.00181503
1002 0.00181503
1003 0.00181503
1004 0.00181503
1005 0.00181503
1006 0.00181503
1007 0.00181503
1008 0.00181503
1009 0.0016572
1010 0.0016572
1011 0.0016572
1012 0.0016572
1013 0.0016572
1014 0.0016572
1015 0.0016572
1016 0.0016572
1017 0.0016572
1018 0.0016572
1019 0.0016572
1020 0.0016572
1021 0.0016572
1022 0.0016572
1023 0.0016572
1024 0.0016572
1025 0.0016572
1026 0.0016572
1027 0.0016572
1028 0.0016572
1029 0.0016572
1030 0.0016572
1031 0.0016572
1032 0.0016572
1033 0.00149937
1034 0.00149937
1035 0.00149937
1036 0.00149937
1037 0.00149937
1038 0.00149937
1039 0.00149937
1040 0.00149937
1041 0.00126263
1042 0.00126263
1043 0.00126263
1044 0.00126263
1045 0.00126263
1046 0.00126263
1047 0.00126263
1048 0.00126263
1049 0.00126263
1050 0.00126263
1051 0.00126263
1052 0.00126263
1053 0.00126263
1054 0.00126263
1055 0.00126263
1056 0.00126263
1057 0.00126263
1058 0.00126263
1059 0.00126263
1060 0.00126263
1061 0.00126263
1062 0.00126263
1063 0.00126263
1064 0.00126263
1065 0.00118371
1066 0.00118371
1067 0.00118371
1068 0.00118371
1069 0.00118371
1070 0.00118371
1071 0.00118371
1072 0.00118371
1073 0.00118371
1074 0.00118371
1075 0.00118371
1076 0.00118371
1077 0.00118371
1078 0.00118371
1079 0.00118371
1080 0.00118371
1081 0.0011048
1082 0.0011048
1083 0.0011048
1084 0.0011048
1085 0.0011048
1086 0.0011048
1087 0.0011048
1088 0.0011048
1089 0.0011048
1090 0.0011048
1091 0.0011048
1092 0.0011048
1093 0.0011048
1094 0.0011048
1095 0.0011048
1096 0.0011048
1097 0.00102588
1098 0.00102588
1099 0.00102588
1100 0.00102588
1101 0.00102588
1102 0.00102588
1103 0.00102588
1104 0.00102588
1105 0.00094697
1106 0.00094697
1107 0.00094697
1108 0.00094697
1109 0.00094697
1110 0.00094697
1111 0.00094697
1112 0.00094697
1113 0.00094697
1114 0.00094697
1115 0.00094697
1116 0.00094697
1117 0.00094697
1118 0.00094697
1119 0.00094697
1120 0.00094697
1121 0.000868056
1122 0.000868056
1123 0.000868056
1124 0.000868056
1125 0.000868056
1126 0.000868056
1127 0.000868056
1128 0.000868056
1129 0.000868056
1130 0.000868056
1131 0.000868056
1132 0.000868056
1133 0.000868056
1134 0.000868056
1135 0.000868056
1136 0.000868056
1137 0.000868056
1138 0.000868056
1139 0.000868056
1140 0.000868056
1141 0.000868056
1142 0.000868056
1143 0.000868056
1144 0.000868056
1145 0.000868056
1146 0.000868056
1147 0.000868056
1148 0.000868056
1149 0.000868056
1150 0.000868056
1151 0.000868056
1152 0.000868056
1153 0.000789141
1154 0.000789141
1155 0.000789141
1156 0.000789141
1157 0.000789141
1158 0.000789141
1159 0.000789141
1160 0.000789141
1161 0.000789141
1162 0.000789141
1163 0.000789141
1164 0.000789141
1165 0.000789141
1166 0.000789141
1167 0.000789141
1168 0.000789141
1169 0.000710227
1170 0.000710227
1171 0.000710227
1172 0.000710227
1173 0.000710227
1174 0.000710227
1175 0.000710227
1176 0.000710227
1177 0.000710227
1178 0.000710227
1179 0.000710227
1180 0.000710227
1181 0.000710227
1182 0.000710227
1183 0.000710227
1184 0.000710227
1185 0.000710227
1186 0.000710227
1187 0.000710227
1188 0.000710227
1189 0.000710227
1190 0.000710227
1191 0.000710227
1192 0.000710227
1193 0.000710227
1194 0.000710227
1195 0.000710227
1196 0.000710227
1197 0.000710227
1198 0.000710227
1199 0.000710227
1200 0.000710227
1201 0.000710227
1202 0.000710227
1203 0.000710227
1204 0.000710227
1205 0.000710227
1206 0.000710227
1207 0.000710227
1208 0.000710227
1209 0.000710227
1210 0.000710227
1211 0.000710227
1212 0.000710227
1213 0.000710227
1214 0.000710227
1215 0.000710227
1216 0.000710227
1217 0.000710227
1218 0.000710227
1219 0.000710227
1220 0.000710227
1221 0.000710227
1222 0.000710227
1223 0.000710227
1224 0.000710227
1225 0.000710227
1226 0.000710227
1227 0.000710227
1228 0.000710227
1229 0.000710227
1230 0.000710227
1231 0.000710227
1232 0.000710227
1233 0.000710227
1234 0.000710227
1235 0.000710227
1236 0.000710227
1237 0.000710227
1238 0.000710227
1239 0.000710227
1240 0.000710227
1241 0.000710227
1242 0.000710227
1243 0.000710227
1244 0.000710227
1245 0.000710227
1246 0.000710227
1247 0.000710227
1248 0.000710227
1249 0.000710227
1250 0.000710227
1251 0.000710227
1252 0.000710227
1253 0.000710227
1254 0.000710227
1255 0.000710227
1256 0.000710227
1257 0.000710227
1258 0.000710227
1259 0.000710227
1260 0.000710227
1261 0.000710227
1262 0.000710227
1263 0.000710227
1264 0.000710227
1265 0.000710227
1266 0.000710227
1267 0.000710227
1268 0.000710227
1269 0.000710227
1270 0.000710227
1271 0.000710227
1272 0.000710227
1273 0.000631313
1274 0.000631313
1275 0.000631313
1276 0.000631313
1277 0.000631313
1278 0.000631313
1279 0.000631313
1280 0.000631313
1281 0.000631313
1282 0.000631313
1283 0.000631313
1284 0.000631313
1285 0.000631313
1286 0.000631313
1287 0.000631313
1288 0.000631313
1289 0.000631313
1290 0.000631313
1291 0.000631313
1292 0.000631313
1293 0.000631313
1294 0.000631313
1295 0.000631313
1296 0.000631313
1297 0.000631313
1298 0.000631313
1299 0.000631313
1300 0.000631313
1301 0.000631313
1302 0.000631313
1303 0.000631313
1304 0.000631313
1305 0.000631313
1306 0.000631313
1307 0.000631313
1308 0.000631313
1309 0.000631313
1310 0.000631313
1311 0.000631313
1312 0.000631313
1313 0.000552399
1314 0.000552399
1315 0.000552399
1316 0.000552399
1317 0.000552399
1318 0.000552399
1319 0.000552399
1320 0.000552399
1321 0.000552399
1322 0.000552399
1323 0.000552399
1324 0.000552399
1325 0.000552399
1326 0.000552399
1327 0.000552399
1328 0.000552399
1329 0.000473485
1330 0.000473485
1331 0.000473485
1332 0.000473485
1333 0.000473485
1334 0.000473485
1335 0.000473485
1336 0.000473485
1337 0.000394571
1338 0.000394571
1339 0.000394571
1340 0.000394571
1341 0.000394571
1342 0.000394571
1343 0.000394571
1344 0.000394571
1345 0.000394571
1346 0.000394571
1347 0.000394571
1348 0.000394571
1349 0.000394571
1350 0.000394571
1351 0.000394571
1352 0.000394571
1353 0.000394571
1354 0.000394571
1355 0.000394571
1356 0.000394571
1357 0.000394571
1358 0.000394571
1359 0.000394571
1360 0.000394571
1361 0.000394571
1362 0.000394571
1363 0.000394571
1364 0.000394571
1365 0.000394571
1366 0.000394571
1367 0.000394571
1368 0.000394571
1369 0.000394571
1370 0.000394571
1371 0.000394571
1372 0.000394571
1373 0.000394571
1374 0.000394571
1375 0.000394571
1376 0.000394571
1377 0.000394571
1378 0.000394571
1379 0.000394571
1380 0.000394571
1381 0.000394571
1382 0.000394571
1383 0.000394571
1384 0.000394571
1385 0.000394571
1386 0.000394571
1387 0.000394571
1388 0.000394571
1389 0.000394571
1390 0.000394571
1391 0.000394571
1392 0.000394571
1393 0.000394571
1394 0.000394571
1395 0.000394571
1396 0.000394571
1397 0.000394571
1398 0.000394571
1399 0.000394571
1400 0.000394571
1401 0.000394571
1402 0.000394571
1403 0.000394571
1404 0.000394571
1405 0.000394571
1406 0.000394571
1407 0.000394571
1408 0.000394571
1409 0.000394571
1410 0.000394571
1411 0.000394571
1412 0.000394571
1413 0.000394571
1414 0.000394571
1415 0.000394571
1416 0.000394571
1417 0.000315657
1418 0.000315657
1419 0.000315657
1420 0.000315657
1421 0.000315657
1422 0.000315657
1423 0.000315657
1424 0.000315657
1425 0.000236742
1426 0.000236742
1427 0.000236742
1428 0.000236742
1429 0.000236742
1430 0.000236742
1431 0.000236742
1432 0.000236742
1433 0.000236742
1434 0.000236742
1435 0.000236742
1436 0.000236742
1437 0.000236742
1438 0.000236742
1439 0.000236742
1440 0.000236742
1441 0.000236742
1442 0.000236742
1443 0.000236742
1444 0.000236742
1445 0.000236742
1446 0.000236742
1447 0.000236742
1448 0.000236742
1449 0.000236742
1450 0.000236742
1451 0.000236742
1452 0.000236742
1453 0.000236742
1454 0.000236742
1455 0.000236742
1456 0.000236742
1457 0.000157828
1458 0.000157828
1459 0.000157828
1460 0.000157828
1461 0.000157828
1462 0.000157828
1463 0.000157828
1464 0.000157828
1465 0.000157828
1466 0.000157828
1467 0.000157828
1468 0.000157828
1469 0.000157828
1470 0.000157828
1471 0.000157828
1472 0.000157828
1473 0.000157828
1474 0.000157828
1475 0.000157828
1476 0.000157828
1477 0.000157828
1478 0.000157828
1479 0.000157828
1480 0.000157828
1481 0.000157828
1482 0.000157828
1483 0.000157828
1484 0.000157828
1485 0.000157828
1486 0.000157828
1487 0.000157828
1488 0.000157828
1489 0.000157828
1490 0.000157828
1491 0.000157828
1492 0.000157828
1493 0.000157828
1494 0.000157828
1495 0.000157828
1496 0.000157828
1497 0.000157828
1498 0.000157828
1499 0.000157828
1500 0.000157828
1501 0.000157828
1502 0.000157828
1503 0.000157828
1504 0.000157828
1505 0.000157828
1506 0.000157828
1507 0.000157828
1508 0.000157828
1509 0.000157828
1510 0.000157828
1511 0.000157828
1512 0.000157828
1513 0.000157828
1514 0.000157828
1515 0.000157828
1516 0.000157828
1517 0.000157828
1518 0.000157828
1519 0.000157828
1520 0.000157828
1521 0.000157828
1522 0.000157828
1523 0.000157828
1524 0.000157828
1525 0.000157828
1526 0.000157828
1527 0.000157828
1528 0.000157828
1529 0.000157828
1530 0.000157828
1531 0.000157828
1532 0.000157828
1533 0.000157828
1534 0.000157828
1535 0.000157828
1536 0.000157828
1537 0.000157828
1538 0.000157828
1539 0.000157828
1540 0.000157828
1541 0.000157828
1542 0.000157828
1543 0.000157828
1544 0.000157828
1545 0.000157828
1546 0.000157828
1547 0.000157828
1548 0.000157828
1549 0.000157828
1550 0.000157828
1551 0.000157828
1552 0.000157828
1553 0.000157828
1554 0.000157828
1555 0.000157828
1556 0.000157828
1557 0.000157828
1558 0.000157828
1559 0.000157828
1560 0.000157828
1561 0.000157828
1562 0.000157828
1563 0.000157828
1564 0.000157828
1565 0.000157828
1566 0.000157828
1567 0.000157828
1568 0.000157828
1569 0.000157828
1570 0.000157828
1571 0.000157828
1572 0.000157828
1573 0.000157828
1574 0.000157828
1575 0.000157828
1576 0.000157828
1577 0.000157828
1578 0.000157828
1579 0.000157828
1580 0.000157828
1581 0.000157828
1582 0.000157828
1583 0.000157828
1584 0.000157828
1585 0.000157828
1586 0.000157828
1587 0.000157828
1588 0.000157828
1589 0.000157828
1590 0.000157828
1591 0.000157828
1592 0.000157828
1593 0.000157828
1594 0.000157828
1595 0.000157828
1596 0.000157828
1597 0.000157828
1598 0.000157828
1599 0.000157828
1600 0.000157828
1601 0.000157828
1602 0.000157828
1603 0.000157828
1604 0.000157828
1605 0.000157828
1606 0.000157828
1607 0.000157828
1608 0.000157828
1609 0.000157828
1610 0.000157828
1611 0.000157828
1612 0.000157828
1613 0.000157828
1614 0.000157828
1615 0.000157828
1616 0.000157828
1617 0.000157828
1618 0.000157828
1619 0.000157828
1620 0.000157828
1621 0.000157828
1622 0.000157828
1623 0.000157828
1624 0.000157828
1625 0.000157828
1626 0.000157828
1627 0.000157828
1628 0.000157828
1629 0.000157828
1630 0.000157828
1631 0.000157828
1632 0.000157828
1633 0.000157828
1634 0.000157828
1635 0.000157828
1636 0.000157828
1637 0.000157828
1638 0.000157828
1639 0.000157828
1640 0.000157828
1641 7.89141e-05
1642 7.89141e-05
1643 7.89141e-05
1644 7.89141e-05
1645 7.89141e-05
1646 7.89141e-05
1647 7.89141e-05
1648 7.89141e-05
1649 7.89141e-05
1650 7.89141e-05
1651 7.89141e-05
1652 7.89141e-05
1653 7.89141e-05
1654 7.89141e-05
1655 7.89141e-05
1656 7.89141e-05
1657 7.89141e-05
1658 7.89141e-05
1659 7.89141e-05
1660 7.89141e-05
1661 7.89141e-05
1662 7.89141e-05
1663 7.89141e-05
1664 7.89141e-05
1665 7.89141e-05
1666 7.89141e-05
1667 7.89141e-05
1668 7.89141e-05
1669 7.89141e-05
1670 7.89141e-05
1671 7.89141e-05
1672 7.89141e-05
1673 7.89141e-05
1674 7.89141e-05
1675 7.89141e-05
1676 7.89141e-05
1677 7.89141e-05
1678 7.89141e-05
1679 7.89141e-05
1680 7.89141e-05
1681 7.89141e-05
1682 7.89141e-05
1683 7.89141e-05
1684 7.89141e-05
1685 7.89141e-05
1686 7.89141e-05
1687 7.89141e-05
1688 7.89141e-05
1689 7.89141e-05
1690 7.89141e-05
1691 7.89141e-05
1692 7.89141e-05
1693 7.89141e-05
1694 7.89141e-05
1695 7.89141e-05
1696 7.89141e-05
1697 7.89141e-05
1698 7.89141e-05
1699 7.89141e-05
1700 7.89141e-05
1701 7.89141e-05
1702 7.89141e-05
1703 7.89141e-05
1704 7.89141e-05
1705 7.89141e-05
1706 7.89141e-05
1707 7.89141e-05
1708 7.89141e-05
1709 7.89141e-05
1710 7.89141e-05
1711 7.89141e-05
1712 7.89141e-05
1713 7.89141e-05
1714 7.89141e-05
1715 7.89141e-05
1716 7.89141e-05
1717 7.89141e-05
1718 7.89141e-05
1719 7.89141e-05
1720 7.89141e-05
1721 7.89141e-05
1722 7.89141e-05
1723 7.89141e-05
1724 7.89141e-05
1725 7.89141e-05
1726 7.89141e-05
1727 7.89141e-05
1728 7.89141e-05
1729 7.89141e-05
1730 7.89141e-05
1731 7.89141e-05
1732 7.89141e-05
1733 7.89141e-05
1734 7.89141e-05
1735 7.89141e-05
1736 7.89141e-05
1737 7.89141e-05
1738 7.89141e-05
1739 7.89141e-05
1740 7.89141e-05
1741 7.89141e-05
1742 7.89141e-05
1743 7.89141e-05
1744 7.89141e-05
1745 7.89141e-05
1746 7.89141e-05
1747 7.89141e-05
1748 7.89141e-05
1749 7.89141e-05
1750 7.89141e-05
1751 7.89141e-05
1752 7.89141e-05
1753 7.89141e-05
1754 7.89141e-05
1755 7.89141e-05
1756 7.89141e-05
1757 7.89141e-05
1758 7.89141e-05
1759 7.89141e-05
1760 7.89141e-05
1761 7.89141e-05
1762 7.89141e-05
1763 7.89141e-05
1764 7.89141e-05
1765 7.89141e-05
1766 7.89141e-05
1767 7.89141e-05
1768 7.89141e-05
1769 7.89141e-05
1770 7.89141e-05
1771 7.89141e-05
1772 7.89141e-05
1773 7.89141e-05
1774 7.89141e-05
1775 7.89141e-05
1776 7.89141e-05
1777 7.89141e-05
1778 7.89141e-05
1779 7.89141e-05
1780 7.89141e-05
1781 7.89141e-05
1782 7.89141e-05
1783 7.89141e-05
1784 7.89141e-05
1785 7.89141e-05
1786 7.89141e-05
1787 7.89141e-05
1788 7.89141e-05
1789 7.89141e-05
1790 7.89141e-05
1791 7.89141e-05
1792 7.89141e-05
1793 7.89141e-05
1794 7.89141e-05
1795 7.89141e-05
1796 7.89141e-05
1797 7.89141e-05
1798 7.89141e-05
1799 7.89141e-05
1800 7.89141e-05
1801 7.89141e-05
1802 7.89141e-05
1803 7.89141e-05
1804 7.89141e-05
1805 7.89141e-05
1806 7.89141e-05
1807 7.89141e-05
1808 7.89141e-05
1809 7.89141e-05
1810 7.89141e-05
1811 7.89141e-05
1812 7.89141e-05
1813 7.89141e-05
1814 7.89141e-05
1815 7.89141e-05
1816 7.89141e-05
1817 7.89141e-05
1818 7.89141e-05
1819 7.89141e-05
1820 7.89141e-05
1821 7.89141e-05
1822 7.89141e-05
1823 7.89141e-05
1824 7.89141e-05
1825 7.89141e-05
1826 7.89141e-05
1827 7.89141e-05
1828 7.89141e-05
1829 7.89141e-05
1830 7.89141e-05
1831 7.89141e-05
1832 7.89141e-05
1833 7.89141e-05
1834 7.89141e-05
1835 7.89141e-05
1836 7.89141e-05
1837 7.89141e-05
1838 7.89141e-05
1839 7.89141e-05
1840 7.89141e-05
1841 7.89141e-05
1842 7.89141e-05
1843 7.89141e-05
1844 7.89141e-05
1845 7.89141e-05
1846 7.89141e-05
1847 7.89141e-05
1848 7.89141e-05
1849 7.89141e-05
1850 7.89141e-05
1851 7.89141e-05
1852 7.89141e-05
1853 7.89141e-05
1854 7.89141e-05
1855 7.89141e-05
1856 7.89141e-05
1857 7.89141e-05
1858 7.89141e-05
1859 7.89141e-05
1860 7.89141e-05
1861 7.89141e-05
1862 7.89141e-05
1863 7.89141e-05
1864 7.89141e-05
1865 7.89141e-05
1866 7.89141e-05
1867 7.89141e-05
1868 7.89141e-05
1869 7.89141e-05
1870 7.89141e-05
1871 7.89141e-05
1872 7.89141e-05
1873 7.89141e-05
1874 7.89141e-05
1875 7.89141e-05
1876 7.89141e-05
1877 7.89141e-05
1878 7.89141e-05
1879 7.89141e-05
1880 7.89141e-05
1881 7.89141e-05
1882 7.89141e-05
1883 7.89141e-05
1884 7.89141e-05
1885 7.89141e-05
1886 7.89141e-05
1887 7.89141e-05
1888 7.89141e-05
1889 7.89141e-05
1890 7.89141e-05
1891 7.89141e-05
1892 7.89141e-05
1893 7.89141e-05
1894 7.89141e-05
1895 7.89141e-05
1896 7.89141e-05
1897 7.89141e-05
1898 7.89141e-05
1899 7.89141e-05
1900 7.89141e-05
1901 7.89141e-05
1902 7.89141e-05
1903 7.89141e-05
1904 7.89141e-05
1905 7.89141e-05
1906 7.89141e-05
1907 7.89141e-05
1908 7.89141e-05
1909 7.89141e-05
1910 7.89141e-05
1911 7.89141e-05
1912 7.89141e-05
1913 7.89141e-05
1914 7.89141e-05
1915 7.89141e-05
1916 7.89141e-05
1917 7.89141e-05
1918 7.89141e-05
1919 7.89141e-05
1920 7.89141e-05
1921 7.89141e-05
1922 7.89141e-05
1923 7.89141e-05
1924 7.89141e-05
1925 7.89141e-05
1926 7.89141e-05
1927 7.89141e-05
1928 7.89141e-05
1929 7.89141e-05
1930 7.89141e-05
1931 7.89141e-05
1932 7.89141e-05
1933 7.89141e-05
1934 7.89141e-05
1935 7.89141e-05
1936 7.89141e-05
1937 7.89141e-05
1938 7.89141e-05
1939 7.89141e-05
1940 7.89141e-05
1941 7.89141e-05
1942 7.89141e-05
1943 7.89141e-05
1944 7.89141e-05
1945 7.89141e-05
1946 7.89141e-05
1947 7.89141e-05
1948 7.89141e-05
1949 7.89141e-05
1950 7.89141e-05
1951 7.89141e-05
1952 7.89141e-05
1953 7.89141e-05
1954 7.89141e-05
1955 7.89141e-05
1956 7.89141e-05
1957 7.89141e-05
1958 7.89141e-05
1959 7.89141e-05
1960 7.89141e-05
1961 7.89141e-05
1962 7.89141e-05
1963 7.89141e-05
1964 7.89141e-05
1965 7.89141e-05
1966 7.89141e-05
1967 7.89141e-05
1968 7.89141e-05
1969 7.89141e-05
1970 7.89141e-05
1971 7.89141e-05
1972 7.89141e-05
1973 7.89141e-05
1974 7.89141e-05
1975 7.89141e-05
1976 7.89141e-05
1977 7.89141e-05
1978 7.89141e-05
1979 7.89141e-05
1980 7.89141e-05
1981 7.89141e-05
1982 7.89141e-05
1983 7.89141e-05
1984 7.89141e-05
1985 7.89141e-05
1986 7.89141e-05
1987 7.89141e-05
1988 7.89141e-05
1989 7.89141e-05
1990 7.89141e-05
1991 7.89141e-05
1992 7.89141e-05
1993 7.89141e-05
1994 7.89141e-05
1995 7.89141e-05
1996 7.89141e-05
1997 7.89141e-05
1998 7.89141e-05
1999 7.89141e-05
2000 7.89141e-05
2001 7.89141e-05
2002 7.89141e-05
2003 7.89141e-05
2004 7.89141e-05
2005 7.89141e-05
2006 7.89141e-05
2007 7.89141e-05
2008 7.89141e-05
2009 7.89141e-05
2010 7.89141e-05
2011 7.89141e-05
2012 7.89141e-05
2013 7.89141e-05
2014 7.89141e-05
2015 7.89141e-05
2016 7.89141e-05
