0 1
1 1
2 1
3 1
4 1
5 1
6 1
7 1
8 1
9 1
10 1
11 1
12 1
13 1
14 1
15 1
16 1
17 1
18 1
19 1
20 1
21 1
22 1
23 1
24 1
25 1
26 1
27 1
28 0.999441
29 0.999441
30 0.999441
31 0.999441
32 0.999441
33 0.999441
34 0.999441
35 0.999441
36 0.999441
37 0.999441
38 0.999441
39 0.999441
40 0.999441
41 0.999441
42 0.999441
43 0.999441
44 0.999441
45 0.999441
46 0.999441
47 0.999441
48 0.999441
49 0.999441
50 0.999441
51 0.999441
52 0.999441
53 0.998882
54 0.998323
55 0.998323
56 0.998323
57 0.996646
58 0.996087
59 0.993292
60 0.988821
61 0.986026
62 0.984908
63 0.980436
64 0.979877
65 0.979318
66 0.976523
67 0.974287
68 0.973169
69 0.970933
70 0.968698
71 0.966462
72 0.965344
73 0.96199
74 0.960872
75 0.959195
76 0.955841
77 0.953605
78 0.947457
79 0.946339
80 0.945221
81 0.942985
82 0.94019
83 0.938513
84 0.936836
85 0.933482
86 0.92957
87 0.927893
88 0.925098
89 0.922303
90 0.919508
91 0.916713
92 0.912241
93 0.911124
94 0.908329
95 0.905534
96 0.901062
97 0.898826
98 0.897708
99 0.893795
100 0.892119
101 0.887647
102 0.885411
103 0.884293
104 0.882616
105 0.878703
106 0.875349
107 0.871437
108 0.869201
109 0.865288
110 0.862493
111 0.859698
112 0.85858
113 0.856344
114 0.854667
115 0.852991
116 0.848519
117 0.844606
118 0.841811
119 0.839575
120 0.835103
121 0.832868
122 0.828396
123 0.825042
124 0.820011
125 0.817775
126 0.814421
127 0.80995
128 0.808832
129 0.808273
130 0.804919
131 0.801565
132 0.801006
133 0.795975
134 0.791504
135 0.788709
136 0.786473
137 0.783678
138 0.782001
139 0.777529
140 0.773058
141 0.768027
142 0.765232
143 0.763555
144 0.76076
145 0.758524
146 0.757965
147 0.75517
148 0.752935
149 0.750699
150 0.747904
151 0.743991
152 0.742873
153 0.741755
154 0.740637
155 0.737283
156 0.734489
157 0.729458
158 0.728899
159 0.726663
160 0.72275
161 0.721632
162 0.718837
163 0.716042
164 0.713248
165 0.709894
166 0.707658
167 0.705422
168 0.702627
169 0.699273
170 0.69592
171 0.694802
172 0.691448
173 0.687535
174 0.685299
175 0.683063
176 0.678591
177 0.676355
178 0.671884
179 0.670207
180 0.666853
181 0.666294
182 0.661822
183 0.661263
184 0.658468
185 0.656792
186 0.655674
187 0.654556
188 0.651202
189 0.648407
190 0.646171
191 0.645053
192 0.642258
193 0.641699
194 0.640022
195 0.638345
196 0.635551
197 0.633315
198 0.632197
199 0.628843
200 0.627725
201 0.623253
202 0.619899
203 0.616546
204 0.615987
205 0.612074
206 0.609279
207 0.607043
208 0.60313
209 0.602012
210 0.598099
211 0.595864
212 0.593069
213 0.590833
214 0.588597
215 0.587479
216 0.584125
217 0.583007
218 0.580212
219 0.576859
220 0.572946
221 0.57071
222 0.569033
223 0.567915
224 0.566238
225 0.562884
226 0.560089
227 0.55953
228 0.556177
229 0.556177
230 0.553382
231 0.553382
232 0.552823
233 0.551146
234 0.54891
235 0.544997
236 0.54332
237 0.540525
238 0.537731
239 0.534377
240 0.531582
241 0.52711
242 0.523756
243 0.52152
244 0.519843
245 0.517608
246 0.515931
247 0.512018
248 0.510341
249 0.506987
250 0.50531
251 0.501956
252 0.500838
253 0.497485
254 0.495808
255 0.494131
256 0.493572
257 0.490777
258 0.490777
259 0.487982
260 0.486305
261 0.48351
262 0.480715
263 0.479039
264 0.477921
265 0.476803
266 0.475685
267 0.474567
268 0.47289
269 0.471772
270 0.469536
271 0.466741
272 0.465064
273 0.464505
274 0.462269
275 0.46171
276 0.461151
277 0.458916
278 0.457798
279 0.45668
280 0.453326
281 0.45109
282 0.449413
283 0.446618
284 0.4455
285 0.443823
286 0.442705
287 0.441587
288 0.439911
289 0.437675
290 0.435998
291 0.433762
292 0.432644
293 0.430408
294 0.428172
295 0.427054
296 0.424259
297 0.422023
298 0.420906
299 0.41867
300 0.416434
301 0.414757
302 0.412521
303 0.410285
304 0.409726
305 0.406931
306 0.403018
307 0.401342
308 0.401342
309 0.399106
310 0.398547
311 0.397988
312 0.396311
313 0.395752
314 0.39128
315 0.390162
316 0.389603
317 0.386808
318 0.386249
319 0.384572
320 0.382895
321 0.380101
322 0.378983
323 0.377865
324 0.376747
325 0.376747
326 0.376188
327 0.376188
328 0.373952
329 0.373393
330 0.372834
331 0.372275
332 0.370598
333 0.370039
334 0.368921
335 0.366685
336 0.366685
337 0.365008
338 0.362772
339 0.360537
340 0.358301
341 0.357742
342 0.357183
343 0.357183
344 0.356624
345 0.356624
346 0.356065
347 0.353829
348 0.353829
349 0.35327
350 0.351593
351 0.351034
352 0.349357
353 0.346562
354 0.345444
355 0.344885
356 0.34265
357 0.340973
358 0.340973
359 0.339855
360 0.338178
361 0.336501
362 0.334265
363 0.333147
364 0.332588
365 0.329793
366 0.328675
367 0.328675
368 0.326439
369 0.325321
370 0.324762
371 0.32085
372 0.319732
373 0.319732
374 0.318614
375 0.318055
376 0.316937
377 0.315819
378 0.31526
379 0.312465
380 0.310788
381 0.307993
382 0.306875
383 0.306316
384 0.305198
385 0.30408
386 0.302963
387 0.300727
388 0.299609
389 0.297373
390 0.294578
391 0.292901
392 0.292901
393 0.292342
394 0.291224
395 0.290665
396 0.289547
397 0.28787
398 0.286752
399 0.285634
400 0.285075
401 0.284516
402 0.284516
403 0.283399
404 0.282281
405 0.281163
406 0.280604
407 0.278927
408 0.277809
409 0.276691
410 0.273337
411 0.271101
412 0.270542
413 0.269983
414 0.267747
415 0.267747
416 0.267188
417 0.26607
418 0.265511
419 0.264394
420 0.263276
421 0.263276
422 0.262717
423 0.260481
424 0.259922
425 0.259363
426 0.259363
427 0.257686
428 0.256009
429 0.256009
430 0.25545
431 0.253214
432 0.252096
433 0.24986
434 0.24986
435 0.249301
436 0.248742
437 0.248183
438 0.247624
439 0.247065
440 0.246506
441 0.246506
442 0.24483
443 0.242594
444 0.239799
445 0.239799
446 0.238681
447 0.237563
448 0.236445
449 0.235886
450 0.234768
451 0.233091
452 0.233091
453 0.231414
454 0.229737
455 0.227501
456 0.226383
457 0.225266
458 0.224148
459 0.223589
460 0.221912
461 0.221912
462 0.220235
463 0.220235
464 0.218558
465 0.216881
466 0.216881
467 0.215763
468 0.215204
469 0.214086
470 0.213527
471 0.212968
472 0.210173
473 0.209614
474 0.209614
475 0.209055
476 0.208496
477 0.207937
478 0.20626
479 0.20626
480 0.205143
481 0.203466
482 0.203466
483 0.202348
484 0.202348
485 0.201789
486 0.20123
487 0.199553
488 0.198435
489 0.198435
490 0.197317
491 0.197317
492 0.196758
493 0.19564
494 0.19564
495 0.19564
496 0.194522
497 0.194522
498 0.192845
499 0.192845
500 0.192286
501 0.192286
502 0.191727
503 0.191727
504 0.190609
505 0.188932
506 0.187814
507 0.187255
508 0.186138
509 0.184461
510 0.184461
511 0.184461
512 0.183343
513 0.181666
514 0.181107
515 0.181107
516 0.181107
517 0.180548
518 0.178871
519 0.177753
520 0.176635
521 0.176635
522 0.175517
523 0.17384
524 0.173281
525 0.173281
526 0.173281
527 0.172722
528 0.172722
529 0.172722
530 0.171604
531 0.171045
532 0.171045
533 0.170486
534 0.169927
535 0.168809
536 0.167132
537 0.167132
538 0.166574
539 0.166574
540 0.166574
541 0.166015
542 0.165456
543 0.164897
544 0.164338
545 0.16322
546 0.162102
547 0.161543
548 0.160425
549 0.160425
550 0.160425
551 0.160425
552 0.159866
553 0.158748
554 0.158748
555 0.158189
556 0.157071
557 0.157071
558 0.157071
559 0.157071
560 0.157071
561 0.155953
562 0.155394
563 0.155394
564 0.155394
565 0.154835
566 0.154835
567 0.154835
568 0.153717
569 0.153158
570 0.152599
571 0.15204
572 0.15204
573 0.15204
574 0.15204
575 0.15204
576 0.150922
577 0.149245
578 0.148127
579 0.148127
580 0.146451
581 0.146451
582 0.144774
583 0.143656
584 0.143097
585 0.142538
586 0.141979
587 0.14142
588 0.140861
589 0.140302
590 0.140302
591 0.139743
592 0.139184
593 0.139184
594 0.138625
595 0.138066
596 0.136389
597 0.13583
598 0.134712
599 0.133594
600 0.132476
601 0.131917
602 0.131358
603 0.13024
604 0.128563
605 0.128563
606 0.128563
607 0.128563
608 0.128563
609 0.128004
610 0.128004
611 0.126887
612 0.126887
613 0.126328
614 0.125769
615 0.125769
616 0.125769
617 0.12521
618 0.124651
619 0.124651
620 0.124092
621 0.121856
622 0.121297
623 0.120179
624 0.11962
625 0.119061
626 0.119061
627 0.118502
628 0.117943
629 0.117943
630 0.117943
631 0.117384
632 0.116825
633 0.116825
634 0.115707
635 0.11403
636 0.11403
637 0.11403
638 0.113471
639 0.112353
640 0.111235
641 0.110676
642 0.109558
643 0.10844
644 0.107882
645 0.107882
646 0.107323
647 0.105646
648 0.105646
649 0.105646
650 0.105646
651 0.105087
652 0.105087
653 0.105087
654 0.104528
655 0.104528
656 0.104528
657 0.103969
658 0.10341
659 0.102851
660 0.102851
661 0.102851
662 0.102851
663 0.102851
664 0.102851
665 0.102292
666 0.101733
667 0.101733
668 0.101733
669 0.101733
670 0.101174
671 0.101174
672 0.100615
673 0.100056
674 0.0994969
675 0.0994969
676 0.098379
677 0.097261
678 0.097261
679 0.097261
680 0.0967021
681 0.0967021
682 0.0967021
683 0.0967021
684 0.0955841
685 0.0950252
686 0.0944662
687 0.0944662
688 0.0939072
689 0.0927893
690 0.0927893
691 0.0927893
692 0.0922303
693 0.0922303
694 0.0916713
695 0.0916713
696 0.0916713
697 0.0916713
698 0.0905534
699 0.0905534
700 0.0899944
701 0.0899944
702 0.0899944
703 0.0894354
704 0.0894354
705 0.0883175
706 0.0883175
707 0.0883175
708 0.0877585
709 0.0871996
710 0.0871996
711 0.0860816
712 0.0860816
713 0.0860816
714 0.0855226
715 0.0855226
716 0.0844047
717 0.0844047
718 0.0844047
719 0.0844047
720 0.0844047
721 0.0844047
722 0.0832868
723 0.0821688
724 0.0821688
725 0.0821688
726 0.0821688
727 0.0821688
728 0.0816098
729 0.0816098
730 0.0804919
731 0.0793739
732 0.0793739
733 0.0793739
734 0.0793739
735 0.0793739
736 0.0793739
737 0.0793739
738 0.0793739
739 0.078256
740 0.078256
741 0.078256
742 0.078256
743 0.077697
744 0.0771381
745 0.0771381
746 0.0771381
747 0.0765791
748 0.0765791
749 0.0765791
750 0.0765791
751 0.0765791
752 0.0765791
753 0.0760201
754 0.0760201
755 0.0760201
756 0.0760201
757 0.0754611
758 0.0754611
759 0.0749022
760 0.0749022
761 0.0749022
762 0.0743432
763 0.0737842
764 0.0732253
765 0.0732253
766 0.0732253
767 0.0732253
768 0.0726663
769 0.0721073
770 0.0721073
771 0.0721073
772 0.0721073
773 0.0721073
774 0.0715484
775 0.0715484
776 0.0709894
777 0.0709894
778 0.0704304
779 0.0704304
780 0.0693125
781 0.0693125
782 0.0693125
783 0.0687535
784 0.0687535
785 0.0687535
786 0.0687535
787 0.0687535
788 0.0687535
789 0.0687535
790 0.0687535
791 0.0681945
792 0.0681945
793 0.0681945
794 0.0676356
795 0.0676356
796 0.0676356
797 0.0670766
798 0.0670766
799 0.0670766
800 0.0670766
801 0.0665176
802 0.0665176
803 0.0665176
804 0.0665176
805 0.0665176
806 0.0659586
807 0.0659586
808 0.0653997
809 0.0648407
810 0.0637228
811 0.0637228
812 0.0637228
813 0.0637228
814 0.0631638
815 0.0631638
816 0.0631638
817 0.0631638
818 0.0626048
819 0.0626048
820 0.0626048
821 0.0620458
822 0.0620458
823 0.0620458
824 0.0620458
825 0.0614869
826 0.0614869
827 0.0614869
828 0.0614869
829 0.0609279
830 0.0603689
831 0.0598099
832 0.0598099
833 0.0598099
834 0.059251
835 0.059251
836 0.058692
837 0.058133
838 0.058133
839 0.058133
840 0.058133
841 0.058133
842 0.058133
843 0.058133
844 0.058133
845 0.0575741
846 0.0570151
847 0.0570151
848 0.0564561
849 0.0564561
850 0.0564561
851 0.0558972
852 0.0558972
853 0.0553382
854 0.0553382
855 0.0547792
856 0.0547792
857 0.0547792
858 0.0547792
859 0.0547792
860 0.0547792
861 0.0547792
862 0.0547792
863 0.0536613
864 0.0536613
865 0.0536613
866 0.0536613
867 0.0536613
868 0.0536613
869 0.0536613
870 0.0531023
871 0.0531023
872 0.0531023
873 0.0531023
874 0.0531023
875 0.0531023
876 0.0525433
877 0.0525433
878 0.0519843
879 0.0519843
880 0.0508664
881 0.0503074
882 0.0503074
883 0.0503074
884 0.0503074
885 0.0497485
886 0.0497485
887 0.0497485
888 0.0497485
889 0.0497485
890 0.0497485
891 0.0491895
892 0.0491895
893 0.0491895
894 0.0486305
895 0.0486305
896 0.0486305
897 0.0486305
898 0.0486305
899 0.0480715
900 0.0475126
901 0.0469536
902 0.0469536
903 0.0469536
904 0.0469536
905 0.0469536
906 0.0463946
907 0.0463946
908 0.0463946
909 0.0463946
910 0.0458357
911 0.0458357
912 0.0458357
913 0.0458357
914 0.0458357
915 0.0458357
916 0.0458357
917 0.0458357
918 0.0458357
919 0.0458357
920 0.0458357
921 0.0458357
922 0.0452767
923 0.0452767
924 0.0447177
925 0.0441587
926 0.0430408
927 0.0430408
928 0.0430408
929 0.0424818
930 0.0424818
931 0.0419229
932 0.0419229
933 0.0419229
934 0.0419229
935 0.0419229
936 0.0419229
937 0.0419229
938 0.0419229
939 0.0419229
940 0.0419229
941 0.0413639
942 0.0408049
943 0.0408049
944 0.0408049
945 0.0408049
946 0.0408049
947 0.0402459
948 0.0402459
949 0.039687
950 0.039687
951 0.039687
952 0.039687
953 0.039687
954 0.039687
955 0.039687
956 0.039687
957 0.039687
958 0.039687
959 0.039687
960 0.039687
961 0.039687
962 0.039128
963 0.039128
964 0.039128
965 0.039128
966 0.039128
967 0.039128
968 0.039128
969 0.039128
970 0.039128
971 0.039128
972 0.039128
973 0.039128
974 0.039128
975 0.039128
976 0.039128
977 0.039128
978 0.039128
979 0.039128
980 0.039128
981 0.0380101
982 0.0380101
983 0.0368921
984 0.0368921
985 0.0368921
986 0.0368921
987 0.0368921
988 0.0368921
989 0.0368921
990 0.0368921
991 0.0368921
992 0.0368921
993 0.0368921
994 0.0363331
995 0.0352152
996 0.0352152
997 0.0352152
998 0.0352152
999 0.0352152
1000 0.0352152
1001 0.0352152
1002 0.0352152
1003 0.0352152
1004 0.0352152
1005 0.0352152
1006 0.0352152
1007 0.0346562
1008 0.0346562
1009 0.0346562
1010 0.0346562
1011 0.0340973
1012 0.0335383
1013 0.0335383
1014 0.0335383
1015 0.0329793
1016 0.0329793
1017 0.0329793
1018 0.0329793
1019 0.0329793
1020 0.0329793
1021 0.0329793
1022 0.0324203
1023 0.0324203
1024 0.0324203
1025 0.0324203
1026 0.0307434
1027 0.0307434
1028 0.0301845
1029 0.0301845
1030 0.0301845
1031 0.0301845
1032 0.0301845
1033 0.0301845
1034 0.0301845
1035 0.0301845
1036 0.0301845
1037 0.0301845
1038 0.0301845
1039 0.0301845
1040 0.0296255
1041 0.0296255
1042 0.0296255
1043 0.0296255
1044 0.0296255
1045 0.0296255
1046 0.0296255
1047 0.0296255
1048 0.0296255
1049 0.0296255
1050 0.0290665
1051 0.0290665
1052 0.0290665
1053 0.0290665
1054 0.0290665
1055 0.0290665
1056 0.0290665
1057 0.0290665
1058 0.0290665
1059 0.0290665
1060 0.0290665
1061 0.0290665
1062 0.0285075
1063 0.0285075
1064 0.0285075
1065 0.0285075
1066 0.0285075
1067 0.0285075
1068 0.0285075
1069 0.0285075
1070 0.0285075
1071 0.0285075
1072 0.0285075
1073 0.0285075
1074 0.0285075
1075 0.0285075
1076 0.0279486
1077 0.0279486
1078 0.0279486
1079 0.0279486
1080 0.0273896
1081 0.0273896
1082 0.0273896
1083 0.0273896
1084 0.0273896
1085 0.0273896
1086 0.0273896
1087 0.0273896
1088 0.0273896
1089 0.0273896
1090 0.0273896
1091 0.0273896
1092 0.0273896
1093 0.0273896
1094 0.0273896
1095 0.0273896
1096 0.0273896
1097 0.0273896
1098 0.0273896
1099 0.0273896
1100 0.0268306
1101 0.0268306
1102 0.0268306
1103 0.0262717
1104 0.0262717
1105 0.0262717
1106 0.0251537
1107 0.0251537
1108 0.0245947
1109 0.0245947
1110 0.0245947
1111 0.0245947
1112 0.0245947
1113 0.0245947
1114 0.0245947
1115 0.0240358
1116 0.0234768
1117 0.0234768
1118 0.0234768
1119 0.0234768
1120 0.0229178
1121 0.0229178
1122 0.0229178
1123 0.0229178
1124 0.0229178
1125 0.0229178
1126 0.0223589
1127 0.0223589
1128 0.0223589
1129 0.0223589
1130 0.0223589
1131 0.0223589
1132 0.0223589
1133 0.0223589
1134 0.0212409
1135 0.0212409
1136 0.0212409
1137 0.0212409
1138 0.0206819
1139 0.0206819
1140 0.0206819
1141 0.0206819
1142 0.020123
1143 0.020123
1144 0.020123
1145 0.020123
1146 0.020123
1147 0.020123
1148 0.020123
1149 0.020123
1150 0.020123
1151 0.020123
1152 0.020123
1153 0.019564
1154 0.019564
1155 0.019564
1156 0.019005
1157 0.019005
1158 0.019005
1159 0.019005
1160 0.019005
1161 0.019005
1162 0.019005
1163 0.019005
1164 0.019005
1165 0.019005
1166 0.019005
1167 0.019005
1168 0.019005
1169 0.019005
1170 0.019005
1171 0.019005
1172 0.019005
1173 0.019005
1174 0.019005
1175 0.019005
1176 0.019005
1177 0.019005
1178 0.019005
1179 0.019005
1180 0.019005
1181 0.019005
1182 0.0184461
1183 0.0184461
1184 0.0184461
1185 0.0184461
1186 0.0184461
1187 0.0184461
1188 0.0184461
1189 0.0184461
1190 0.0184461
1191 0.0178871
1192 0.0178871
1193 0.0178871
1194 0.0178871
1195 0.0178871
1196 0.0178871
1197 0.0178871
1198 0.0178871
1199 0.0178871
1200 0.0178871
1201 0.0178871
1202 0.0178871
1203 0.0178871
1204 0.0178871
1205 0.0178871
1206 0.0178871
1207 0.0173281
1208 0.0173281
1209 0.0173281
1210 0.0173281
1211 0.0173281
1212 0.0173281
1213 0.0173281
1214 0.0173281
1215 0.0173281
1216 0.0173281
1217 0.0173281
1218 0.0173281
1219 0.0173281
1220 0.0173281
1221 0.0173281
1222 0.0167691
1223 0.0167691
1224 0.0167691
1225 0.0167691
1226 0.0167691
1227 0.0167691
1228 0.0167691
1229 0.0167691
1230 0.0167691
1231 0.0167691
1232 0.0167691
1233 0.0167691
1234 0.0167691
1235 0.0167691
1236 0.0167691
1237 0.0167691
1238 0.0167691
1239 0.0162102
1240 0.0162102
1241 0.0162102
1242 0.0162102
1243 0.0162102
1244 0.0162102
1245 0.0162102
1246 0.0162102
1247 0.0162102
1248 0.0162102
1249 0.0162102
1250 0.0156512
1251 0.0156512
1252 0.0156512
1253 0.0156512
1254 0.0156512
1255 0.0156512
1256 0.0156512
1257 0.0150922
1258 0.0150922
1259 0.0150922
1260 0.0150922
1261 0.0150922
1262 0.0145333
1263 0.0145333
1264 0.0145333
1265 0.0145333
1266 0.0145333
1267 0.0145333
1268 0.0145333
1269 0.0145333
1270 0.0145333
1271 0.0145333
1272 0.0145333
1273 0.0145333
1274 0.0145333
1275 0.0145333
1276 0.0145333
1277 0.0145333
1278 0.0145333
1279 0.0145333
1280 0.0145333
1281 0.0145333
1282 0.0145333
1283 0.0145333
1284 0.0145333
1285 0.0145333
1286 0.0145333
1287 0.0145333
1288 0.0145333
1289 0.0145333
1290 0.0145333
1291 0.0145333
1292 0.0145333
1293 0.0145333
1294 0.0145333
1295 0.0145333
1296 0.0145333
1297 0.0145333
1298 0.0145333
1299 0.0145333
1300 0.0145333
1301 0.0145333
1302 0.0145333
1303 0.0145333
1304 0.0145333
1305 0.0145333
1306 0.0145333
1307 0.0145333
1308 0.0145333
1309 0.0145333
1310 0.0145333
1311 0.0145333
1312 0.0145333
1313 0.0145333
1314 0.0145333
1315 0.0145333
1316 0.0145333
1317 0.0145333
1318 0.0145333
1319 0.0145333
1320 0.0145333
1321 0.0145333
1322 0.0145333
1323 0.0139743
1324 0.0139743
1325 0.0139743
1326 0.0139743
1327 0.0134153
1328 0.0134153
1329 0.0134153
1330 0.0134153
1331 0.0134153
1332 0.0128563
1333 0.0128563
1334 0.0128563
1335 0.0128563
1336 0.0128563
1337 0.0128563
1338 0.0128563
1339 0.0128563
1340 0.0128563
1341 0.0128563
1342 0.0128563
1343 0.0128563
1344 0.0128563
1345 0.0128563
1346 0.0128563
1347 0.0128563
1348 0.0128563
1349 0.0128563
1350 0.0128563
1351 0.0128563
1352 0.0128563
1353 0.0128563
1354 0.0128563
1355 0.0128563
1356 0.0128563
1357 0.0128563
1358 0.0128563
1359 0.0128563
1360 0.0128563
1361 0.0128563
1362 0.0128563
1363 0.0128563
1364 0.0128563
1365 0.0128563
1366 0.0128563
1367 0.0128563
1368 0.0128563
1369 0.0128563
1370 0.0128563
1371 0.0128563
1372 0.0128563
1373 0.0128563
1374 0.0128563
1375 0.0128563
1376 0.0122974
1377 0.0122974
1378 0.0122974
1379 0.0122974
1380 0.0117384
1381 0.0117384
1382 0.0117384
1383 0.0117384
1384 0.0117384
1385 0.0117384
1386 0.0117384
1387 0.0117384
1388 0.0117384
1389 0.0111794
1390 0.0111794
1391 0.0111794
1392 0.0111794
1393 0.0111794
1394 0.0111794
1395 0.0111794
1396 0.0111794
1397 0.0111794
1398 0.0111794
1399 0.0111794
1400 0.0111794
1401 0.0111794
1402 0.0111794
1403 0.0106205
1404 0.0106205
1405 0.0106205
1406 0.0106205
1407 0.0106205
1408 0.0106205
1409 0.0106205
1410 0.0106205
1411 0.0100615
1412 0.0100615
1413 0.00950252
1414 0.00950252
1415 0.00950252
1416 0.00950252
1417 0.00950252
1418 0.00950252
1419 0.00950252
1420 0.00950252
1421 0.00950252
1422 0.00950252
1423 0.00950252
1424 0.00950252
1425 0.00950252
1426 0.00950252
1427 0.00950252
1428 0.00950252
1429 0.00950252
1430 0.00950252
1431 0.00950252
1432 0.00950252
1433 0.00950252
1434 0.00950252
1435 0.00950252
1436 0.00950252
1437 0.00894354
1438 0.00838457
1439 0.00838457
1440 0.00838457
1441 0.00838457
1442 0.00838457
1443 0.0078256
1444 0.0078256
1445 0.0078256
1446 0.0078256
1447 0.0078256
1448 0.00726663
1449 0.00726663
1450 0.00726663
1451 0.00726663
1452 0.00726663
1453 0.00726663
1454 0.00726663
1455 0.00726663
1456 0.00726663
1457 0.00726663
1458 0.00726663
1459 0.00726663
1460 0.00726663
1461 0.00726663
1462 0.00726663
1463 0.00726663
1464 0.00726663
1465 0.00726663
1466 0.00726663
1467 0.00726663
1468 0.00726663
1469 0.00726663
1470 0.00726663
1471 0.00726663
1472 0.00726663
1473 0.00726663
1474 0.00726663
1475 0.00726663
1476 0.00726663
1477 0.00726663
1478 0.00726663
1479 0.00726663
1480 0.00726663
1481 0.00726663
1482 0.00726663
1483 0.00726663
1484 0.00726663
1485 0.00726663
1486 0.00726663
1487 0.00726663
1488 0.00726663
1489 0.00726663
1490 0.00726663
1491 0.00726663
1492 0.00726663
1493 0.00726663
1494 0.00726663
1495 0.00726663
1496 0.00726663
1497 0.00726663
1498 0.00726663
1499 0.00726663
1500 0.00726663
1501 0.00726663
1502 0.00726663
1503 0.00726663
1504 0.00670766
1505 0.00670766
1506 0.00670766
1507 0.00670766
1508 0.00670766
1509 0.00670766
1510 0.00670766
1511 0.00670766
1512 0.00670766
1513 0.00670766
1514 0.00670766
1515 0.00614869
1516 0.00614869
1517 0.00614869
1518 0.00614869
1519 0.00614869
1520 0.00614869
1521 0.00614869
1522 0.00614869
1523 0.00614869
1524 0.00614869
1525 0.00614869
1526 0.00614869
1527 0.00614869
1528 0.00614869
1529 0.00614869
1530 0.00614869
1531 0.00614869
1532 0.00614869
1533 0.00614869
1534 0.00614869
1535 0.00614869
1536 0.00614869
1537 0.00614869
1538 0.00614869
1539 0.00614869
1540 0.00614869
1541 0.00614869
1542 0.00614869
1543 0.00614869
1544 0.00614869
1545 0.00614869
1546 0.00614869
1547 0.00614869
1548 0.00614869
1549 0.00614869
1550 0.00614869
1551 0.00614869
1552 0.00614869
1553 0.00614869
1554 0.00614869
1555 0.00614869
1556 0.00614869
1557 0.00558971
1558 0.00558971
1559 0.00558971
1560 0.00558971
1561 0.00558971
1562 0.00558971
1563 0.00558971
1564 0.00558971
1565 0.00558971
1566 0.00558971
1567 0.00558971
1568 0.00503074
1569 0.00503074
1570 0.00503074
1571 0.00503074
1572 0.00503074
1573 0.00503074
1574 0.00503074
1575 0.00503074
1576 0.00503074
1577 0.00503074
1578 0.00503074
1579 0.00503074
1580 0.00503074
1581 0.00503074
1582 0.00503074
1583 0.00503074
1584 0.00503074
1585 0.00503074
1586 0.00503074
1587 0.00503074
1588 0.00503074
1589 0.00503074
1590 0.00503074
1591 0.00503074
1592 0.00503074
1593 0.00503074
1594 0.00503074
1595 0.00503074
1596 0.00503074
1597 0.00503074
1598 0.00503074
1599 0.00503074
1600 0.00503074
1601 0.00503074
1602 0.00503074
1603 0.00503074
1604 0.00503074
1605 0.00503074
1606 0.00503074
1607 0.00503074
1608 0.00503074
1609 0.00503074
1610 0.00503074
1611 0.00503074
1612 0.00447177
1613 0.00447177
1614 0.00447177
1615 0.00447177
1616 0.00447177
1617 0.00447177
1618 0.00447177
1619 0.00447177
1620 0.0039128
1621 0.0039128
1622 0.0039128
1623 0.0039128
1624 0.0039128
1625 0.0039128
1626 0.0039128
1627 0.0039128
1628 0.0039128
1629 0.0039128
1630 0.0039128
1631 0.0039128
1632 0.0039128
1633 0.0039128
1634 0.0039128
1635 0.0039128
1636 0.0039128
1637 0.0039128
1638 0.0039128
1639 0.0039128
1640 0.0039128
1641 0.0039128
1642 0.0039128
1643 0.0039128
1644 0.0039128
1645 0.0039128
1646 0.0039128
1647 0.0039128
1648 0.0039128
1649 0.0039128
1650 0.0039128
1651 0.0039128
1652 0.0039128
1653 0.0039128
1654 0.0039128
1655 0.0039128
1656 0.0039128
1657 0.0039128
1658 0.0039128
1659 0.0039128
1660 0.0039128
1661 0.0039128
1662 0.0039128
1663 0.0039128
1664 0.0039128
1665 0.0039128
1666 0.0039128
1667 0.0039128
1668 0.0039128
1669 0.0039128
1670 0.0039128
1671 0.0039128
1672 0.0039128
1673 0.0039128
1674 0.0039128
1675 0.0039128
1676 0.0039128
1677 0.0039128
1678 0.0039128
1679 0.0039128
1680 0.0039128
1681 0.0039128
1682 0.0039128
1683 0.0039128
1684 0.0039128
1685 0.0039128
1686 0.0039128
1687 0.0039128
1688 0.0039128
1689 0.0039128
1690 0.0039128
1691 0.0039128
1692 0.0039128
1693 0.0039128
1694 0.0039128
1695 0.0039128
1696 0.0039128
1697 0.0039128
1698 0.0039128
1699 0.0039128
1700 0.0039128
1701 0.0039128
1702 0.0039128
1703 0.0039128
1704 0.0039128
1705 0.0039128
1706 0.0039128
1707 0.0039128
1708 0.0039128
1709 0.0039128
1710 0.0039128
1711 0.0039128
1712 0.0039128
1713 0.0039128
1714 0.0039128
1715 0.0039128
1716 0.0039128
1717 0.0039128
1718 0.0039128
1719 0.0039128
1720 0.0039128
1721 0.0039128
1722 0.0039128
1723 0.0039128
1724 0.0039128
1725 0.0039128
1726 0.0039128
1727 0.0039128
1728 0.0039128
1729 0.0039128
1730 0.0039128
1731 0.0039128
1732 0.0039128
1733 0.0039128
1734 0.0039128
1735 0.0039128
1736 0.0039128
1737 0.00335383
1738 0.00335383
1739 0.00335383
1740 0.00335383
1741 0.00279486
1742 0.00279486
1743 0.00223589
1744 0.00223589
1745 0.00223589
1746 0.00223589
1747 0.00223589
1748 0.00223589
1749 0.00223589
1750 0.00223589
1751 0.00223589
1752 0.00223589
1753 0.00223589
1754 0.00223589
1755 0.00223589
1756 0.00223589
1757 0.00223589
1758 0.00223589
1759 0.00223589
1760 0.00223589
1761 0.00223589
1762 0.00223589
1763 0.00223589
1764 0.00223589
1765 0.00223589
1766 0.00223589
1767 0.00223589
1768 0.00223589
1769 0.00223589
1770 0.00223589
1771 0.00223589
1772 0.00223589
1773 0.00223589
1774 0.00223589
1775 0.00223589
1776 0.00223589
1777 0.00223589
1778 0.00223589
1779 0.00223589
1780 0.00223589
1781 0.00223589
1782 0.00223589
1783 0.00223589
1784 0.00223589
1785 0.00223589
1786 0.00223589
1787 0.00223589
1788 0.00223589
1789 0.00223589
1790 0.00223589
1791 0.00223589
1792 0.00223589
1793 0.00223589
1794 0.00223589
1795 0.00223589
1796 0.00223589
1797 0.00223589
1798 0.00223589
1799 0.00223589
1800 0.00223589
1801 0.00223589
1802 0.00223589
1803 0.00223589
1804 0.00223589
1805 0.00223589
1806 0.00223589
1807 0.00223589
1808 0.00223589
1809 0.00223589
1810 0.00223589
1811 0.00223589
1812 0.00223589
1813 0.00223589
1814 0.00223589
1815 0.00223589
1816 0.00223589
1817 0.00223589
1818 0.00223589
1819 0.00223589
1820 0.00223589
1821 0.00223589
1822 0.00167691
1823 0.00167691
1824 0.00167691
1825 0.00167691
1826 0.00167691
1827 0.00167691
1828 0.00167691
1829 0.00167691
1830 0.00111794
1831 0.00111794
1832 0.00111794
1833 0.00111794
1834 0.00111794
1835 0.00111794
1836 0.00111794
1837 0.00111794
1838 0.00111794
1839 0.00111794
1840 0.00111794
1841 0.00111794
1842 0.00111794
1843 0.00111794
1844 0.00111794
1845 0.00111794
1846 0.00111794
1847 0.00111794
1848 0.00111794
1849 0.00111794
1850 0.00111794
1851 0.00111794
1852 0.00111794
1853 0.00111794
1854 0.00111794
1855 0.00111794
1856 0.00111794
1857 0.00111794
1858 0.00111794
1859 0.00111794
1860 0.00111794
1861 0.00111794
1862 0.00111794
1863 0.00111794
1864 0.00111794
1865 0.00111794
1866 0.00111794
1867 0.00111794
1868 0.00111794
1869 0.00111794
1870 0.00111794
1871 0.00111794
1872 0.00111794
1873 0.00111794
1874 0.00111794
