0 1
1 1
2 1
3 1
4 1
5 1
6 1
7 1
8 1
9 1
10 1
11 1
12 1
13 1
14 0.987952
15 0.987952
16 0.987952
17 0.987952
18 0.987952
19 0.987952
20 0.987952
21 0.987952
22 0.987952
23 0.975904
24 0.975904
25 0.963855
26 0.963855
27 0.963855
28 0.963855
29 0.963855
30 0.963855
31 0.963855
32 0.963855
33 0.963855
34 0.963855
35 0.963855
36 0.963855
37 0.963855
38 0.963855
39 0.963855
40 0.963855
41 0.963855
42 0.963855
43 0.963855
44 0.963855
45 0.963855
46 0.963855
47 0.963855
48 0.963855
49 0.963855
50 0.963855
51 0.963855
52 0.963855
53 0.963855
54 0.963855
55 0.963855
56 0.963855
57 0.963855
58 0.939759
59 0.915663
60 0.903614
61 0.891566
62 0.891566
63 0.86747
64 0.86747
65 0.86747
66 0.855422
67 0.855422
68 0.843373
69 0.843373
70 0.843373
71 0.831325
72 0.831325
73 0.819277
74 0.807229
75 0.795181
76 0.783133
77 0.783133
78 0.783133
79 0.783133
80 0.783133
81 0.783133
82 0.771084
83 0.771084
84 0.771084
85 0.771084
86 0.771084
87 0.771084
88 0.746988
89 0.746988
90 0.746988
91 0.73494
92 0.73494
93 0.710843
94 0.698795
95 0.698795
96 0.698795
97 0.686747
98 0.674699
99 0.674699
100 0.662651
101 0.650602
102 0.650602
103 0.650602
104 0.650602
105 0.650602
106 0.650602
107 0.650602
108 0.650602
109 0.650602
110 0.650602
111 0.650602
112 0.638554
113 0.638554
114 0.614458
115 0.614458
116 0.614458
117 0.614458
118 0.614458
119 0.60241
120 0.590361
121 0.590361
122 0.566265
123 0.542169
124 0.542169
125 0.542169
126 0.542169
127 0.542169
128 0.542169
129 0.542169
130 0.53012
131 0.53012
132 0.518072
133 0.518072
134 0.506024
135 0.493976
136 0.493976
137 0.481928
138 0.481928
139 0.481928
140 0.481928
141 0.481928
142 0.481928
143 0.481928
144 0.481928
145 0.481928
146 0.481928
147 0.46988
148 0.46988
149 0.46988
150 0.457831
151 0.445783
152 0.445783
153 0.433735
154 0.433735
155 0.433735
156 0.433735
157 0.421687
158 0.421687
159 0.421687
160 0.421687
161 0.421687
162 0.421687
163 0.421687
164 0.409639
165 0.39759
166 0.39759
167 0.39759
168 0.39759
169 0.39759
170 0.385542
171 0.385542
172 0.361446
173 0.361446
174 0.361446
175 0.361446
176 0.361446
177 0.361446
178 0.349398
179 0.337349
180 0.337349
181 0.337349
182 0.325301
183 0.313253
184 0.313253
185 0.313253
186 0.301205
187 0.289157
188 0.289157
189 0.289157
190 0.289157
191 0.289157
192 0.289157
193 0.289157
194 0.289157
195 0.289157
196 0.289157
197 0.289157
198 0.289157
199 0.289157
200 0.289157
201 0.289157
202 0.289157
203 0.289157
204 0.289157
205 0.277108
206 0.26506
207 0.26506
208 0.253012
209 0.253012
210 0.253012
211 0.253012
212 0.253012
213 0.253012
214 0.253012
215 0.253012
216 0.253012
217 0.253012
218 0.253012
219 0.253012
220 0.253012
221 0.253012
222 0.253012
223 0.253012
224 0.253012
225 0.253012
226 0.253012
227 0.240964
228 0.240964
229 0.240964
230 0.240964
231 0.240964
232 0.240964
233 0.240964
234 0.228916
235 0.228916
236 0.216867
237 0.216867
238 0.216867
239 0.216867
240 0.204819
241 0.204819
242 0.204819
243 0.204819
244 0.204819
245 0.204819
246 0.204819
247 0.204819
248 0.204819
249 0.204819
250 0.204819
251 0.204819
252 0.204819
253 0.204819
254 0.204819
255 0.204819
256 0.204819
257 0.204819
258 0.204819
259 0.192771
260 0.192771
261 0.192771
262 0.192771
263 0.192771
264 0.192771
265 0.192771
266 0.192771
267 0.192771
268 0.192771
269 0.180723
270 0.180723
271 0.180723
272 0.168675
273 0.168675
274 0.168675
275 0.168675
276 0.168675
277 0.168675
278 0.168675
279 0.168675
280 0.168675
281 0.168675
282 0.156627
283 0.156627
284 0.156627
285 0.156627
286 0.156627
287 0.156627
288 0.156627
289 0.156627
290 0.156627
291 0.156627
292 0.156627
293 0.156627
294 0.156627
295 0.144578
296 0.144578
297 0.144578
298 0.144578
299 0.144578
300 0.13253
301 0.13253
302 0.13253
303 0.13253
304 0.13253
305 0.13253
306 0.13253
307 0.13253
308 0.13253
309 0.120482
310 0.120482
311 0.120482
312 0.120482
313 0.120482
314 0.120482
315 0.120482
316 0.120482
317 0.120482
318 0.120482
319 0.120482
320 0.120482
321 0.120482
322 0.120482
323 0.120482
324 0.120482
325 0.120482
326 0.120482
327 0.120482
328 0.120482
329 0.120482
330 0.108434
331 0.108434
332 0.108434
333 0.108434
334 0.108434
335 0.108434
336 0.108434
337 0.108434
338 0.108434
339 0.108434
340 0.108434
341 0.108434
342 0.108434
343 0.108434
344 0.108434
345 0.0963855
346 0.0963855
347 0.0963855
348 0.0963855
349 0.0963855
350 0.0963855
351 0.0963855
352 0.0963855
353 0.0963855
354 0.0963855
355 0.0843373
356 0.0843373
357 0.0843373
358 0.0843373
359 0.0843373
360 0.0843373
361 0.0843373
362 0.0843373
363 0.0843373
364 0.0843373
365 0.0843373
366 0.0722892
367 0.0722892
368 0.0722892
369 0.0722892
370 0.0722892
371 0.0722892
372 0.0722892
373 0.0722892
374 0.0722892
375 0.0722892
376 0.0722892
377 0.0722892
378 0.0722892
379 0.0722892
380 0.0722892
381 0.0722892
382 0.0722892
383 0.0722892
384 0.0722892
385 0.0722892
386 0.0722892
387 0.0722892
388 0.0722892
389 0.0722892
390 0.060241
391 0.060241
392 0.060241
393 0.060241
394 0.060241
395 0.060241
396 0.060241
397 0.060241
398 0.060241
399 0.060241
400 0.060241
401 0.060241
402 0.060241
403 0.060241
404 0.060241
405 0.060241
406 0.060241
407 0.060241
408 0.060241
409 0.060241
410 0.060241
411 0.060241
412 0.060241
413 0.060241
414 0.060241
415 0.060241
416 0.060241
417 0.060241
418 0.0481928
419 0.0481928
420 0.0481928
421 0.0481928
422 0.0481928
423 0.0481928
424 0.0481928
425 0.0481928
426 0.0481928
427 0.0481928
428 0.0481928
429 0.0481928
430 0.0481928
431 0.0481928
432 0.0481928
433 0.0481928
434 0.0481928
435 0.0481928
436 0.0481928
437 0.0481928
438 0.0481928
439 0.0481928
440 0.0481928
441 0.0481928
442 0.0481928
443 0.0481928
444 0.0481928
445 0.0481928
446 0.0481928
447 0.0481928
448 0.0481928
449 0.0481928
450 0.0481928
451 0.0481928
452 0.0481928
453 0.0481928
454 0.0481928
455 0.0481928
456 0.0481928
457 0.0481928
458 0.0481928
459 0.0481928
460 0.0481928
461 0.0481928
462 0.0481928
463 0.0481928
464 0.0481928
465 0.0481928
466 0.0481928
467 0.0361446
468 0.0361446
469 0.0240964
470 0.0240964
471 0.0240964
472 0.0120482
