0 1
1 1
2 1
3 1
4 1
5 1
6 0.998953
7 0.998953
8 0.998953
9 0.998953
10 0.998953
11 0.998953
12 0.998953
13 0.998953
14 0.998953
15 0.998953
16 0.998953
17 0.998953
18 0.998953
19 0.998953
20 0.998953
21 0.998953
22 0.998953
23 0.998953
24 0.998953
25 0.998953
26 0.998953
27 0.998953
28 0.998953
29 0.998953
30 0.998953
31 0.998953
32 0.998953
33 0.998953
34 0.998953
35 0.998953
36 0.998953
37 0.998953
38 0.998953
39 0.998953
40 0.998953
41 0.997906
42 0.997906
43 0.997906
44 0.997906
45 0.996859
46 0.996859
47 0.996859
48 0.996859
49 0.996859
50 0.996859
51 0.996859
52 0.996859
53 0.996859
54 0.995812
55 0.995812
56 0.995812
57 0.991623
58 0.982199
59 0.975916
60 0.970681
61 0.964398
62 0.956021
63 0.949738
64 0.944503
65 0.93822
66 0.937173
67 0.934031
68 0.929843
69 0.925654
70 0.921466
71 0.91623
72 0.912042
73 0.910995
74 0.905759
75 0.903665
76 0.901571
77 0.898429
78 0.895288
79 0.891099
80 0.886911
81 0.88377
82 0.878534
83 0.871204
84 0.865969
85 0.86178
86 0.860733
87 0.859686
88 0.855497
89 0.85445
90 0.852356
91 0.845026
92 0.839791
93 0.836649
94 0.832461
95 0.829319
96 0.826178
97 0.825131
98 0.824084
99 0.819895
100 0.816754
101 0.815707
102 0.813613
103 0.80733
104 0.801047
105 0.788482
106 0.782199
107 0.773822
108 0.769634
109 0.765445
110 0.762304
111 0.760209
112 0.754974
113 0.751832
114 0.748691
115 0.743455
116 0.739267
117 0.737173
118 0.731937
119 0.724607
120 0.718325
121 0.714136
122 0.710995
123 0.706806
124 0.703665
125 0.700524
126 0.693194
127 0.692147
128 0.689005
129 0.685864
130 0.68377
131 0.681675
132 0.679581
133 0.67644
134 0.673298
135 0.668063
136 0.663874
137 0.657592
138 0.656545
139 0.652356
140 0.649215
141 0.643979
142 0.639791
143 0.627225
144 0.62199
145 0.619895
146 0.616754
147 0.61466
148 0.609424
149 0.606283
150 0.604189
151 0.604189
152 0.598953
153 0.596859
154 0.594764
155 0.593717
156 0.59267
157 0.588482
158 0.584293
159 0.581152
160 0.576963
161 0.571728
162 0.568586
163 0.566492
164 0.564398
165 0.556021
166 0.553927
167 0.551832
168 0.551832
169 0.548691
170 0.543455
171 0.540314
172 0.536126
173 0.534031
174 0.531937
175 0.53089
176 0.524607
177 0.522513
178 0.521466
179 0.518325
180 0.515183
181 0.514136
182 0.506806
183 0.504712
184 0.501571
185 0.497382
186 0.494241
187 0.491099
188 0.490052
189 0.489005
190 0.487958
191 0.48377
192 0.482723
193 0.481675
194 0.479581
195 0.475393
196 0.473298
197 0.468063
198 0.465969
199 0.464921
200 0.462827
201 0.460733
202 0.45445
203 0.45445
204 0.451309
205 0.445026
206 0.442932
207 0.442932
208 0.440838
209 0.436649
210 0.432461
211 0.430366
212 0.429319
213 0.429319
214 0.428272
215 0.428272
216 0.425131
217 0.42199
218 0.418848
219 0.416754
220 0.416754
221 0.41466
222 0.411518
223 0.410471
224 0.404188
225 0.403141
226 0.402094
227 0.401047
228 0.396859
229 0.395812
230 0.39267
231 0.390576
232 0.390576
233 0.387435
234 0.387435
235 0.38534
236 0.382199
237 0.380105
238 0.376963
239 0.370681
240 0.367539
241 0.363351
242 0.362304
243 0.360209
244 0.360209
245 0.359162
246 0.358115
247 0.354974
248 0.350785
249 0.348691
250 0.347644
251 0.347644
252 0.344503
253 0.342408
254 0.341361
255 0.33822
256 0.337173
257 0.336126
258 0.334031
259 0.329843
260 0.328796
261 0.328796
262 0.328796
263 0.324607
264 0.321466
265 0.321466
266 0.320419
267 0.319372
268 0.315183
269 0.315183
270 0.314136
271 0.313089
272 0.310995
273 0.306806
274 0.305759
275 0.304712
276 0.300524
277 0.298429
278 0.297382
279 0.294241
280 0.292147
281 0.290052
282 0.289005
283 0.287958
284 0.284817
285 0.284817
286 0.282723
287 0.280628
288 0.278534
289 0.27644
290 0.275393
291 0.274346
292 0.271204
293 0.26911
294 0.268063
295 0.268063
296 0.265969
297 0.263874
298 0.262827
299 0.260733
300 0.259686
301 0.25445
302 0.252356
303 0.252356
304 0.252356
305 0.251309
306 0.250262
307 0.249215
308 0.24712
309 0.246073
310 0.246073
311 0.246073
312 0.246073
313 0.245026
314 0.243979
315 0.243979
316 0.241885
317 0.240838
318 0.240838
319 0.238743
320 0.236649
321 0.235602
322 0.235602
323 0.233508
324 0.231414
325 0.231414
326 0.230366
327 0.230366
328 0.229319
329 0.229319
330 0.229319
331 0.227225
332 0.227225
333 0.223037
334 0.22199
335 0.219895
336 0.217801
337 0.216754
338 0.21466
339 0.212565
340 0.211518
341 0.210471
342 0.20733
343 0.20733
344 0.205236
345 0.204188
346 0.204188
347 0.203141
348 0.203141
349 0.202094
350 0.201047
351 0.198953
352 0.195812
353 0.193717
354 0.19267
355 0.19267
356 0.19267
357 0.190576
358 0.190576
359 0.189529
360 0.187435
361 0.183246
362 0.182199
363 0.180105
364 0.180105
365 0.176963
366 0.175916
367 0.174869
368 0.174869
369 0.173822
370 0.172775
371 0.172775
372 0.171728
373 0.169634
374 0.169634
375 0.169634
376 0.168586
377 0.168586
378 0.165445
379 0.165445
380 0.164398
381 0.163351
382 0.163351
383 0.163351
384 0.163351
385 0.163351
386 0.162304
387 0.161257
388 0.160209
389 0.160209
390 0.159162
391 0.159162
392 0.159162
393 0.159162
394 0.159162
395 0.158115
396 0.158115
397 0.154974
398 0.154974
399 0.154974
400 0.153927
401 0.151832
402 0.149738
403 0.149738
404 0.148691
405 0.146597
406 0.146597
407 0.143455
408 0.143455
409 0.143455
410 0.142408
411 0.141361
412 0.139267
413 0.139267
414 0.13822
415 0.13822
416 0.13822
417 0.137173
418 0.136126
419 0.135079
420 0.134031
421 0.134031
422 0.132984
423 0.132984
424 0.132984
425 0.131937
426 0.13089
427 0.13089
428 0.13089
429 0.129843
430 0.127749
431 0.124607
432 0.12356
433 0.122513
434 0.122513
435 0.121466
436 0.121466
437 0.119372
438 0.119372
439 0.117277
440 0.117277
441 0.117277
442 0.117277
443 0.117277
444 0.11623
445 0.115183
446 0.114136
447 0.114136
448 0.114136
449 0.114136
450 0.114136
451 0.112042
452 0.112042
453 0.108901
454 0.106806
455 0.104712
456 0.104712
457 0.104712
458 0.103665
459 0.102618
460 0.102618
461 0.102618
462 0.102618
463 0.102618
464 0.101571
465 0.101571
466 0.100524
467 0.100524
468 0.0984293
469 0.0973822
470 0.0973822
471 0.0973822
472 0.0963351
473 0.0963351
474 0.0963351
475 0.0963351
476 0.095288
477 0.095288
478 0.0931937
479 0.0921466
480 0.0910995
481 0.0910995
482 0.0910995
483 0.0910995
484 0.0879581
485 0.086911
486 0.086911
487 0.086911
488 0.0858639
489 0.0858639
490 0.0837696
491 0.0837696
492 0.0827225
493 0.0816754
494 0.0816754
495 0.0806283
496 0.078534
497 0.0774869
498 0.0774869
499 0.0774869
500 0.0764398
501 0.0753927
502 0.0743456
503 0.0743456
504 0.0732984
505 0.0712042
506 0.0712042
507 0.0712042
508 0.0701571
509 0.0701571
510 0.0701571
511 0.0701571
512 0.0680628
513 0.0670157
514 0.0670157
515 0.0670157
516 0.0659686
517 0.0659686
518 0.0659686
519 0.0649215
520 0.0638743
521 0.0617801
522 0.0617801
523 0.0596859
524 0.0586387
525 0.0575916
526 0.0565445
527 0.0554974
528 0.0554974
529 0.0554974
530 0.0554974
531 0.0554974
532 0.0554974
533 0.0554974
534 0.0554974
535 0.0554974
536 0.0554974
537 0.0554974
538 0.0544503
539 0.0534031
540 0.0534031
541 0.0534031
542 0.052356
543 0.052356
544 0.052356
545 0.052356
546 0.052356
547 0.052356
548 0.0513089
549 0.0513089
550 0.0513089
551 0.0513089
552 0.0502618
553 0.0502618
554 0.0502618
555 0.0502618
556 0.0492147
557 0.0481675
558 0.0481675
559 0.0481675
560 0.0481675
561 0.0471204
562 0.0471204
563 0.0460733
564 0.0439791
565 0.0429319
566 0.0429319
567 0.0418848
568 0.0397906
569 0.0397906
570 0.0397906
571 0.0397906
572 0.0397906
573 0.0397906
574 0.0397906
575 0.0397906
576 0.0397906
577 0.0397906
578 0.0387435
579 0.0387435
580 0.0387435
581 0.0387435
582 0.0387435
583 0.0387435
584 0.0387435
585 0.0376963
586 0.0376963
587 0.0376963
588 0.0376963
589 0.0376963
590 0.0366492
591 0.0366492
592 0.0366492
593 0.0356021
594 0.034555
595 0.034555
596 0.0335079
597 0.0335079
598 0.0314136
599 0.0303665
600 0.0293194
601 0.0293194
602 0.0293194
603 0.0293194
604 0.0293194
605 0.0282723
606 0.0282723
607 0.0282723
608 0.0282723
609 0.0282723
610 0.0282723
611 0.0282723
612 0.0272251
613 0.0272251
614 0.0272251
615 0.0272251
616 0.0272251
617 0.0272251
618 0.026178
619 0.026178
620 0.026178
621 0.0251309
622 0.0251309
623 0.0251309
624 0.0251309
625 0.0251309
626 0.0240838
627 0.0240838
628 0.0240838
629 0.0240838
630 0.0230366
631 0.0230366
632 0.0230366
633 0.0230366
634 0.0230366
635 0.0230366
636 0.0230366
637 0.0230366
638 0.0230366
639 0.0230366
640 0.0230366
641 0.0230366
642 0.0230366
643 0.0230366
644 0.0230366
645 0.0219895
646 0.0219895
647 0.0219895
648 0.0219895
649 0.0219895
650 0.0219895
651 0.0219895
652 0.0219895
653 0.0219895
654 0.0219895
655 0.0219895
656 0.0219895
657 0.0219895
658 0.0219895
659 0.0219895
660 0.0219895
661 0.0209424
662 0.0209424
663 0.0209424
664 0.0209424
665 0.0188482
666 0.017801
667 0.017801
668 0.017801
669 0.017801
670 0.017801
671 0.017801
672 0.017801
673 0.017801
674 0.017801
675 0.017801
676 0.017801
677 0.017801
678 0.017801
679 0.017801
680 0.017801
681 0.017801
682 0.017801
683 0.017801
684 0.017801
685 0.017801
686 0.017801
687 0.017801
688 0.017801
689 0.017801
690 0.017801
691 0.017801
692 0.017801
693 0.017801
694 0.017801
695 0.017801
696 0.017801
697 0.017801
698 0.017801
699 0.017801
700 0.017801
701 0.017801
702 0.017801
703 0.017801
704 0.0167539
705 0.0157068
706 0.0146597
707 0.0146597
708 0.0146597
709 0.0146597
710 0.0146597
711 0.0146597
712 0.0146597
713 0.0146597
714 0.0146597
715 0.0146597
716 0.0146597
717 0.0136126
718 0.0136126
719 0.0136126
720 0.0136126
721 0.0136126
722 0.0136126
723 0.0136126
724 0.0136126
725 0.0136126
726 0.0136126
727 0.0136126
728 0.0136126
729 0.0136126
730 0.0136126
731 0.0136126
732 0.0136126
733 0.0136126
734 0.0136126
735 0.0136126
736 0.0136126
737 0.0136126
738 0.0136126
739 0.0136126
740 0.0136126
741 0.0136126
742 0.0136126
743 0.0136126
744 0.0125654
745 0.0125654
746 0.0125654
747 0.0125654
748 0.0125654
749 0.0125654
750 0.0125654
751 0.0125654
752 0.0125654
753 0.0125654
754 0.0125654
755 0.0125654
756 0.0125654
757 0.0125654
758 0.0125654
759 0.0115183
760 0.0115183
761 0.0115183
762 0.0115183
763 0.0115183
764 0.0115183
765 0.0115183
766 0.0115183
767 0.0115183
768 0.0115183
769 0.0115183
770 0.0115183
771 0.0115183
772 0.0115183
773 0.0115183
774 0.0115183
775 0.0115183
776 0.0115183
777 0.0115183
778 0.0115183
779 0.0115183
780 0.0115183
781 0.0115183
782 0.0115183
783 0.0115183
784 0.0115183
785 0.0115183
786 0.0115183
787 0.0115183
788 0.0104712
789 0.0104712
790 0.0104712
791 0.0104712
792 0.0104712
793 0.0104712
794 0.00942408
795 0.00942408
796 0.00837696
797 0.00837696
798 0.00837696
799 0.00837696
800 0.00837696
801 0.00837696
802 0.00837696
803 0.00837696
804 0.00837696
805 0.00837696
806 0.00837696
807 0.00837696
808 0.00837696
809 0.00837696
810 0.00732984
811 0.00732984
812 0.00732984
813 0.00732984
814 0.00732984
815 0.00732984
816 0.00732984
817 0.00732984
818 0.00732984
819 0.00732984
820 0.00628272
821 0.00628272
822 0.00628272
823 0.00628272
824 0.00628272
825 0.00628272
826 0.00628272
827 0.00628272
828 0.00628272
829 0.00628272
830 0.00628272
831 0.00628272
832 0.00628272
833 0.00628272
834 0.00628272
835 0.00628272
836 0.00628272
837 0.00628272
838 0.00628272
839 0.00628272
840 0.00628272
841 0.00628272
842 0.00628272
843 0.00628272
844 0.00628272
845 0.00628272
846 0.00628272
847 0.00628272
848 0.00628272
849 0.00628272
850 0.00628272
851 0.00628272
852 0.00628272
853 0.00628272
854 0.00628272
855 0.00628272
856 0.00628272
857 0.00628272
858 0.00628272
859 0.00628272
860 0.00628272
861 0.00628272
862 0.00628272
863 0.00628272
864 0.00628272
865 0.00628272
866 0.00628272
867 0.00628272
868 0.00628272
869 0.00628272
870 0.00628272
871 0.00628272
872 0.00628272
873 0.00628272
874 0.00628272
875 0.00628272
876 0.00628272
877 0.00628272
878 0.00628272
879 0.00628272
880 0.00628272
881 0.00628272
882 0.00628272
883 0.00628272
884 0.00628272
885 0.00628272
886 0.00628272
887 0.00628272
888 0.00628272
889 0.00628272
890 0.00628272
891 0.00628272
892 0.00628272
893 0.00628272
894 0.00628272
895 0.00628272
896 0.00628272
897 0.00628272
898 0.00628272
899 0.00628272
900 0.00628272
901 0.00628272
902 0.00628272
903 0.00628272
904 0.00628272
905 0.00628272
906 0.00628272
907 0.00628272
908 0.00628272
909 0.00628272
910 0.0052356
911 0.0052356
912 0.0052356
913 0.0052356
914 0.0052356
915 0.0052356
916 0.0052356
917 0.0052356
918 0.0052356
919 0.00418848
920 0.00418848
921 0.00418848
922 0.00418848
923 0.00418848
924 0.00418848
925 0.00418848
926 0.00418848
927 0.00418848
928 0.00418848
929 0.00418848
930 0.00418848
931 0.00418848
932 0.00418848
933 0.00418848
934 0.00418848
935 0.00418848
936 0.00418848
937 0.00418848
938 0.00418848
939 0.00418848
940 0.00314136
941 0.00314136
942 0.00314136
943 0.00314136
944 0.00314136
945 0.00314136
946 0.00314136
947 0.00314136
948 0.00314136
949 0.00314136
950 0.00314136
951 0.00314136
952 0.00314136
953 0.00314136
954 0.00314136
955 0.00314136
956 0.00314136
957 0.00314136
958 0.00314136
959 0.00314136
960 0.00314136
961 0.00314136
962 0.00314136
963 0.00314136
964 0.00314136
965 0.00314136
966 0.00314136
967 0.00314136
968 0.00314136
969 0.00314136
970 0.00314136
971 0.00314136
972 0.00314136
973 0.00314136
974 0.00314136
975 0.00314136
976 0.00314136
977 0.00314136
978 0.00314136
979 0.00314136
980 0.00314136
981 0.00314136
982 0.00314136
983 0.00314136
984 0.00314136
985 0.00314136
986 0.00314136
987 0.00314136
988 0.00314136
989 0.00314136
990 0.00314136
991 0.00314136
992 0.00314136
993 0.00314136
994 0.00314136
995 0.00314136
996 0.00314136
997 0.00314136
998 0.00314136
999 0.00314136
1000 0.00314136
1001 0.00314136
1002 0.00314136
1003 0.00314136
1004 0.00314136
1005 0.00314136
1006 0.00314136
1007 0.00314136
1008 0.00314136
1009 0.00314136
1010 0.00314136
1011 0.00314136
1012 0.00314136
1013 0.00314136
1014 0.00314136
1015 0.00314136
1016 0.00314136
1017 0.00314136
1018 0.00314136
1019 0.00314136
1020 0.00314136
1021 0.00314136
1022 0.00314136
1023 0.00314136
1024 0.00314136
1025 0.00314136
1026 0.00314136
1027 0.00209424
1028 0.00209424
1029 0.00209424
1030 0.00209424
1031 0.00209424
1032 0.00209424
1033 0.00209424
1034 0.00209424
1035 0.00209424
1036 0.00209424
1037 0.00209424
1038 0.00209424
1039 0.00209424
1040 0.00209424
1041 0.00209424
1042 0.00209424
1043 0.00209424
1044 0.00209424
1045 0.00209424
1046 0.00209424
1047 0.00209424
1048 0.00209424
1049 0.00209424
1050 0.00209424
1051 0.00209424
1052 0.00209424
1053 0.00209424
1054 0.00209424
1055 0.00209424
1056 0.00209424
1057 0.00209424
1058 0.00209424
1059 0.00209424
1060 0.00209424
1061 0.00209424
1062 0.00209424
1063 0.00209424
1064 0.00209424
1065 0.00209424
1066 0.00209424
1067 0.00209424
1068 0.00209424
1069 0.00209424
1070 0.00209424
1071 0.00209424
1072 0.00209424
1073 0.00209424
1074 0.00209424
1075 0.00209424
1076 0.00209424
1077 0.00209424
1078 0.00209424
1079 0.00209424
1080 0.00209424
1081 0.00209424
1082 0.00209424
1083 0.00209424
1084 0.00209424
1085 0.00209424
1086 0.00209424
1087 0.00209424
1088 0.00209424
1089 0.00209424
1090 0.00209424
1091 0.00209424
1092 0.00209424
1093 0.00209424
1094 0.00209424
1095 0.00209424
1096 0.00209424
1097 0.00209424
1098 0.00209424
1099 0.00209424
1100 0.00209424
1101 0.00209424
1102 0.00209424
1103 0.00209424
1104 0.00209424
1105 0.00209424
1106 0.00209424
1107 0.00209424
1108 0.00209424
1109 0.00209424
1110 0.00209424
1111 0.00209424
1112 0.00209424
1113 0.00209424
1114 0.00209424
1115 0.00209424
1116 0.00209424
1117 0.00209424
1118 0.00209424
1119 0.00209424
1120 0.00209424
1121 0.00209424
1122 0.00209424
1123 0.00209424
1124 0.00209424
1125 0.00209424
1126 0.00209424
1127 0.00209424
1128 0.00104712
1129 0.00104712
1130 0.00104712
1131 0.00104712
1132 0.00104712
1133 0.00104712
1134 0.00104712
1135 0.00104712
1136 0.00104712
1137 0.00104712
1138 0.00104712
1139 0.00104712
1140 0.00104712
1141 0.00104712
1142 0.00104712
1143 0.00104712
1144 0.00104712
1145 0.00104712
1146 0.00104712
1147 0.00104712
1148 0.00104712
1149 0.00104712
1150 0.00104712
1151 0.00104712
1152 0.00104712
1153 0.00104712
1154 0.00104712
1155 0.00104712
1156 0.00104712
1157 0.00104712
1158 0.00104712
1159 0.00104712
1160 0.00104712
1161 0.00104712
1162 0.00104712
1163 0.00104712
1164 0.00104712
1165 0.00104712
1166 0.00104712
1167 0.00104712
1168 0.00104712
1169 0.00104712
1170 0.00104712
1171 0.00104712
1172 0.00104712
1173 0.00104712
1174 0.00104712
1175 0.00104712
1176 0.00104712
