0 1
1 1
2 1
3 1
4 1
5 1
6 1
7 1
8 1
9 0.897386
10 0.897386
11 0.897386
12 0.897386
13 0.897386
14 0.897386
15 0.897386
16 0.897386
17 0.827393
18 0.827393
19 0.827393
20 0.827393
21 0.827393
22 0.827393
23 0.827177
24 0.827177
25 0.74703
26 0.74703
27 0.74703
28 0.74703
29 0.74703
30 0.74703
31 0.746814
32 0.746814
33 0.672715
34 0.672715
35 0.672715
36 0.672715
37 0.672715
38 0.672715
39 0.672715
40 0.672715
41 0.603154
42 0.603154
43 0.603154
44 0.603154
45 0.603154
46 0.603154
47 0.603154
48 0.603154
49 0.534889
50 0.534889
51 0.534889
52 0.534889
53 0.534889
54 0.534889
55 0.534889
56 0.534889
57 0.477209
58 0.477209
59 0.477209
60 0.477209
61 0.477209
62 0.477209
63 0.476993
64 0.476993
65 0.42817
66 0.42817
67 0.42817
68 0.42817
69 0.42817
70 0.42817
71 0.427954
72 0.427954
73 0.379996
74 0.379996
75 0.379996
76 0.379996
77 0.379996
78 0.379996
79 0.37978
80 0.37978
81 0.339814
82 0.339814
83 0.339814
84 0.339814
85 0.339814
86 0.339814
87 0.339598
88 0.339598
89 0.304385
90 0.304385
91 0.304385
92 0.304385
93 0.304385
94 0.304385
95 0.304385
96 0.304385
97 0.271117
98 0.271117
99 0.271117
100 0.271117
101 0.271117
102 0.271117
103 0.271117
104 0.271117
105 0.243249
106 0.243249
107 0.243249
108 0.243249
109 0.243249
110 0.243249
111 0.243249
112 0.243249
113 0.216245
114 0.216245
115 0.216245
116 0.216245
117 0.216245
118 0.216245
119 0.216245
120 0.216245
121 0.193994
122 0.193994
123 0.193994
124 0.193994
125 0.193994
126 0.193994
127 0.193994
128 0.193994
129 0.171527
130 0.171527
131 0.171527
132 0.171527
133 0.171527
134 0.171527
135 0.171527
136 0.171527
137 0.154677
138 0.154677
139 0.154677
140 0.154677
141 0.154677
142 0.154677
143 0.154677
144 0.154677
145 0.140635
146 0.140635
147 0.140635
148 0.140635
149 0.140635
150 0.140635
151 0.140635
152 0.140635
153 0.126809
154 0.126809
155 0.126809
156 0.126809
157 0.126809
158 0.126809
159 0.126809
160 0.126809
161 0.111687
162 0.111687
163 0.111687
164 0.111687
165 0.111687
166 0.111687
167 0.111687
168 0.111687
169 0.101318
170 0.101318
171 0.101318
172 0.101318
173 0.101318
174 0.101318
175 0.101318
176 0.101318
177 0.0909484
178 0.0909484
179 0.0909484
180 0.0909484
181 0.0909484
182 0.0909484
183 0.0909484
184 0.0909484
185 0.0831713
186 0.0831713
187 0.0831713
188 0.0831713
189 0.0831713
190 0.0831713
191 0.0831713
192 0.0831713
193 0.0769065
194 0.0769065
195 0.0769065
196 0.0769065
197 0.0769065
198 0.0769065
199 0.0769065
200 0.0769065
201 0.0704256
202 0.0704256
203 0.0704256
204 0.0704256
205 0.0704256
206 0.0704256
207 0.0704256
208 0.0704256
209 0.0650248
210 0.0650248
211 0.0650248
212 0.0650248
213 0.0650248
214 0.0650248
215 0.0650248
216 0.0650248
217 0.0594081
218 0.0594081
219 0.0594081
220 0.0594081
221 0.0594081
222 0.0594081
223 0.0594081
224 0.0594081
225 0.0555196
226 0.0555196
227 0.0555196
228 0.0555196
229 0.0555196
230 0.0555196
231 0.0555196
232 0.0555196
233 0.0503348
234 0.0503348
235 0.0503348
236 0.0503348
237 0.0503348
238 0.0503348
239 0.0503348
240 0.0503348
241 0.0445021
242 0.0445021
243 0.0445021
244 0.0445021
245 0.0445021
246 0.0445021
247 0.0445021
248 0.0445021
249 0.0410456
250 0.0410456
251 0.0410456
252 0.0410456
253 0.0410456
254 0.0410456
255 0.0410456
256 0.0410456
257 0.0388853
258 0.0388853
259 0.0388853
260 0.0388853
261 0.0388853
262 0.0388853
263 0.0388853
264 0.0388853
265 0.0360769
266 0.0360769
267 0.0360769
268 0.0360769
269 0.0360769
270 0.0360769
271 0.0360769
272 0.0360769
273 0.0332685
274 0.0332685
275 0.0332685
276 0.0332685
277 0.0332685
278 0.0332685
279 0.0332685
280 0.0332685
281 0.0306762
282 0.0306762
283 0.0306762
284 0.0306762
285 0.0306762
286 0.0306762
287 0.0306762
288 0.0306762
289 0.0278678
290 0.0278678
291 0.0278678
292 0.0278678
293 0.0278678
294 0.0278678
295 0.0278678
296 0.0278678
297 0.0267876
298 0.0267876
299 0.0267876
300 0.0267876
301 0.0267876
302 0.0267876
303 0.0267876
304 0.0267876
305 0.0239793
306 0.0239793
307 0.0239793
308 0.0239793
309 0.0239793
310 0.0239793
311 0.0239793
312 0.0239793
313 0.022035
314 0.022035
315 0.022035
316 0.022035
317 0.022035
318 0.022035
319 0.022035
320 0.022035
321 0.0213869
322 0.0213869
323 0.0213869
324 0.0213869
325 0.0213869
326 0.0213869
327 0.0213869
328 0.0213869
329 0.0196587
330 0.0196587
331 0.0196587
332 0.0196587
333 0.0196587
334 0.0196587
335 0.0196587
336 0.0196587
337 0.0192266
338 0.0192266
339 0.0192266
340 0.0192266
341 0.0192266
342 0.0192266
343 0.0192266
344 0.0192266
345 0.0181465
346 0.0181465
347 0.0181465
348 0.0181465
349 0.0181465
350 0.0181465
351 0.0181465
352 0.0181465
353 0.0168503
354 0.0168503
355 0.0168503
356 0.0168503
357 0.0168503
358 0.0168503
359 0.0168503
360 0.0168503
361 0.0155541
362 0.0155541
363 0.0155541
364 0.0155541
365 0.0155541
366 0.0155541
367 0.0153381
368 0.0153381
369 0.01469
370 0.01469
371 0.01469
372 0.01469
373 0.01469
374 0.01469
375 0.01469
376 0.01469
377 0.0142579
378 0.0142579
379 0.0142579
380 0.0142579
381 0.0142579
382 0.0142579
383 0.0142579
384 0.0142579
385 0.0136099
386 0.0136099
387 0.0136099
388 0.0136099
389 0.0136099
390 0.0136099
391 0.0136099
392 0.0136099
393 0.0123137
394 0.0123137
395 0.0123137
396 0.0123137
397 0.0123137
398 0.0123137
399 0.0123137
400 0.0123137
401 0.0118816
402 0.0118816
403 0.0118816
404 0.0118816
405 0.0118816
406 0.0118816
407 0.0118816
408 0.0118816
409 0.0116656
410 0.0116656
411 0.0116656
412 0.0116656
413 0.0116656
414 0.0116656
415 0.0116656
416 0.0116656
417 0.0110175
418 0.0110175
419 0.0110175
420 0.0110175
421 0.0110175
422 0.0110175
423 0.0110175
424 0.0110175
425 0.0105854
426 0.0105854
427 0.0105854
428 0.0105854
429 0.0105854
430 0.0105854
431 0.0105854
432 0.0105854
433 0.00993735
434 0.00993735
435 0.00993735
436 0.00993735
437 0.00993735
438 0.00993735
439 0.00993735
440 0.00993735
441 0.00972132
442 0.00972132
443 0.00972132
444 0.00972132
445 0.00972132
446 0.00972132
447 0.00972132
448 0.00972132
449 0.00864117
450 0.00864117
451 0.00864117
452 0.00864117
453 0.00864117
454 0.00864117
455 0.00864117
456 0.00864117
457 0.00799309
458 0.00799309
459 0.00799309
460 0.00799309
461 0.00799309
462 0.00799309
463 0.00799309
464 0.00799309
465 0.00777706
466 0.00777706
467 0.00777706
468 0.00777706
469 0.00777706
470 0.00777706
471 0.00777706
472 0.00777706
473 0.00691294
474 0.00691294
475 0.00691294
476 0.00691294
477 0.00691294
478 0.00691294
479 0.00691294
480 0.00691294
481 0.00648088
482 0.00648088
483 0.00648088
484 0.00648088
485 0.00648088
486 0.00648088
487 0.00648088
488 0.00648088
489 0.00626485
490 0.00626485
491 0.00626485
492 0.00626485
493 0.00626485
494 0.00626485
495 0.00626485
496 0.00626485
497 0.00626485
498 0.00626485
499 0.00626485
500 0.00626485
501 0.00626485
502 0.00626485
503 0.00626485
504 0.00626485
505 0.00604882
506 0.00604882
507 0.00604882
508 0.00604882
509 0.00604882
510 0.00604882
511 0.00604882
512 0.00604882
513 0.00561676
514 0.00561676
515 0.00561676
516 0.00561676
517 0.00561676
518 0.00561676
519 0.00561676
520 0.00561676
521 0.0051847
522 0.0051847
523 0.0051847
524 0.0051847
525 0.0051847
526 0.0051847
527 0.0051847
528 0.0051847
529 0.00496868
530 0.00496868
531 0.00496868
532 0.00496868
533 0.00496868
534 0.00496868
535 0.00496868
536 0.00496868
537 0.00475265
538 0.00475265
539 0.00475265
540 0.00475265
541 0.00475265
542 0.00475265
543 0.00475265
544 0.00475265
545 0.00410456
546 0.00410456
547 0.00410456
548 0.00410456
549 0.00410456
550 0.00410456
551 0.00410456
552 0.00410456
553 0.00388853
554 0.00388853
555 0.00388853
556 0.00388853
557 0.00388853
558 0.00388853
559 0.00388853
560 0.00388853
561 0.00388853
562 0.00388853
563 0.00388853
564 0.00388853
565 0.00388853
566 0.00388853
567 0.00388853
568 0.00388853
569 0.00388853
570 0.00388853
571 0.00388853
572 0.00388853
573 0.00388853
574 0.00388853
575 0.00388853
576 0.00388853
577 0.0036725
578 0.0036725
579 0.0036725
580 0.0036725
581 0.0036725
582 0.0036725
583 0.0036725
584 0.0036725
585 0.0036725
586 0.0036725
587 0.0036725
588 0.0036725
589 0.0036725
590 0.0036725
591 0.0036725
592 0.0036725
593 0.00324044
594 0.00324044
595 0.00324044
596 0.00324044
597 0.00324044
598 0.00324044
599 0.00324044
600 0.00324044
601 0.00324044
602 0.00324044
603 0.00324044
604 0.00324044
605 0.00324044
606 0.00324044
607 0.00324044
608 0.00324044
609 0.00324044
610 0.00324044
611 0.00324044
612 0.00324044
613 0.00324044
614 0.00324044
615 0.00324044
616 0.00324044
617 0.00324044
618 0.00324044
619 0.00324044
620 0.00324044
621 0.00324044
622 0.00324044
623 0.00324044
624 0.00324044
625 0.00302441
626 0.00302441
627 0.00302441
628 0.00302441
629 0.00302441
630 0.00302441
631 0.00302441
632 0.00302441
633 0.00280838
634 0.00280838
635 0.00280838
636 0.00280838
637 0.00280838
638 0.00280838
639 0.00280838
640 0.00280838
641 0.00259235
642 0.00259235
643 0.00259235
644 0.00259235
645 0.00259235
646 0.00259235
647 0.00259235
648 0.00259235
649 0.00259235
650 0.00259235
651 0.00259235
652 0.00259235
653 0.00259235
654 0.00259235
655 0.00259235
656 0.00259235
657 0.00259235
658 0.00259235
659 0.00259235
660 0.00259235
661 0.00259235
662 0.00259235
663 0.00259235
664 0.00259235
665 0.00237632
666 0.00237632
667 0.00237632
668 0.00237632
669 0.00237632
670 0.00237632
671 0.00237632
672 0.00237632
673 0.00216029
674 0.00216029
675 0.00216029
676 0.00216029
677 0.00216029
678 0.00216029
679 0.00216029
680 0.00216029
681 0.00194426
682 0.00194426
683 0.00194426
684 0.00194426
685 0.00194426
686 0.00194426
687 0.00194426
688 0.00194426
689 0.00172824
690 0.00172824
691 0.00172824
692 0.00172824
693 0.00172824
694 0.00172824
695 0.00172824
696 0.00172824
697 0.00172824
698 0.00172824
699 0.00172824
700 0.00172824
701 0.00172824
702 0.00172824
703 0.00172824
704 0.00172824
705 0.00172824
706 0.00172824
707 0.00172824
708 0.00172824
709 0.00172824
710 0.00172824
711 0.00172824
712 0.00172824
713 0.00172824
714 0.00172824
715 0.00172824
716 0.00172824
717 0.00172824
718 0.00172824
719 0.00172824
720 0.00172824
721 0.00172824
722 0.00172824
723 0.00172824
724 0.00172824
725 0.00172824
726 0.00172824
727 0.00172824
728 0.00172824
729 0.00172824
730 0.00172824
731 0.00172824
732 0.00172824
733 0.00172824
734 0.00172824
735 0.00172824
736 0.00172824
737 0.00172824
738 0.00172824
739 0.00172824
740 0.00172824
741 0.00172824
742 0.00172824
743 0.00172824
744 0.00172824
745 0.00151221
746 0.00151221
747 0.00151221
748 0.00151221
749 0.00151221
750 0.00151221
751 0.00151221
752 0.00151221
753 0.00129618
754 0.00129618
755 0.00129618
756 0.00129618
757 0.00129618
758 0.00129618
759 0.00129618
760 0.00129618
761 0.00129618
762 0.00129618
763 0.00129618
764 0.00129618
765 0.00129618
766 0.00129618
767 0.00129618
768 0.00129618
769 0.00129618
770 0.00129618
771 0.00129618
772 0.00129618
773 0.00129618
774 0.00129618
775 0.00129618
776 0.00129618
777 0.00108015
778 0.00108015
779 0.00108015
780 0.00108015
781 0.00108015
782 0.00108015
783 0.00108015
784 0.00108015
785 0.00108015
786 0.00108015
787 0.00108015
788 0.00108015
789 0.00108015
790 0.00108015
791 0.00108015
792 0.00108015
793 0.00108015
794 0.00108015
795 0.00108015
796 0.00108015
797 0.00108015
798 0.00108015
799 0.00108015
800 0.00108015
801 0.00108015
802 0.00108015
803 0.00108015
804 0.00108015
805 0.00108015
806 0.00108015
807 0.00108015
808 0.00108015
809 0.00108015
810 0.00108015
811 0.00108015
812 0.00108015
813 0.00108015
814 0.00108015
815 0.00108015
816 0.00108015
817 0.00108015
818 0.00108015
819 0.00108015
820 0.00108015
821 0.00108015
822 0.00108015
823 0.00108015
824 0.00108015
825 0.000864118
826 0.000864118
827 0.000864118
828 0.000864118
829 0.000864118
830 0.000864118
831 0.000864118
832 0.000864118
833 0.000864118
834 0.000864118
835 0.000864118
836 0.000864118
837 0.000864118
838 0.000864118
839 0.000864118
840 0.000864118
841 0.000864118
842 0.000864118
843 0.000864118
844 0.000864118
845 0.000864118
846 0.000864118
847 0.000864118
848 0.000864118
849 0.000864118
850 0.000864118
851 0.000864118
852 0.000864118
853 0.000864118
854 0.000864118
855 0.000864118
856 0.000864118
857 0.000864118
858 0.000864118
859 0.000864118
860 0.000864118
861 0.000864118
862 0.000864118
863 0.000864118
864 0.000864118
865 0.000864118
866 0.000864118
867 0.000864118
868 0.000864118
869 0.000864118
870 0.000864118
871 0.000864118
872 0.000864118
873 0.000864118
874 0.000864118
875 0.000864118
876 0.000864118
877 0.000864118
878 0.000864118
879 0.000864118
880 0.000864118
881 0.000864118
882 0.000864118
883 0.000864118
884 0.000864118
885 0.000864118
886 0.000864118
887 0.000864118
888 0.000864118
889 0.000864118
890 0.000864118
891 0.000864118
892 0.000864118
893 0.000864118
894 0.000864118
895 0.000864118
896 0.000864118
897 0.000864118
898 0.000864118
899 0.000864118
900 0.000864118
901 0.000864118
902 0.000864118
903 0.000864118
904 0.000864118
905 0.000864118
906 0.000864118
907 0.000864118
908 0.000864118
909 0.000864118
910 0.000864118
911 0.000864118
912 0.000864118
913 0.000864118
914 0.000864118
915 0.000864118
916 0.000864118
917 0.000864118
918 0.000864118
919 0.000864118
920 0.000864118
921 0.000864118
922 0.000864118
923 0.000864118
924 0.000864118
925 0.000864118
926 0.000864118
927 0.000864118
928 0.000864118
929 0.000864118
930 0.000864118
931 0.000864118
932 0.000864118
933 0.000864118
934 0.000864118
935 0.000864118
936 0.000864118
937 0.000864118
938 0.000864118
939 0.000864118
940 0.000864118
941 0.000864118
942 0.000864118
943 0.000864118
944 0.000864118
945 0.000648088
946 0.000648088
947 0.000648088
948 0.000648088
949 0.000648088
950 0.000648088
951 0.000648088
952 0.000648088
953 0.000648088
954 0.000648088
955 0.000648088
956 0.000648088
957 0.000648088
958 0.000648088
959 0.000648088
960 0.000648088
961 0.000648088
962 0.000648088
963 0.000648088
964 0.000648088
965 0.000648088
966 0.000648088
967 0.000648088
968 0.000648088
969 0.000648088
970 0.000648088
971 0.000648088
972 0.000648088
973 0.000648088
974 0.000648088
975 0.000648088
976 0.000648088
977 0.000648088
978 0.000648088
979 0.000648088
980 0.000648088
981 0.000648088
982 0.000648088
983 0.000648088
984 0.000648088
985 0.000648088
986 0.000648088
987 0.000648088
988 0.000648088
989 0.000648088
990 0.000648088
991 0.000648088
992 0.000648088
993 0.000648088
994 0.000648088
995 0.000648088
996 0.000648088
997 0.000648088
998 0.000648088
999 0.000648088
1000 0.000648088
1001 0.000648088
1002 0.000648088
1003 0.000648088
1004 0.000648088
1005 0.000648088
1006 0.000648088
1007 0.000648088
1008 0.000648088
1009 0.000648088
1010 0.000648088
1011 0.000648088
1012 0.000648088
1013 0.000648088
1014 0.000648088
1015 0.000648088
1016 0.000648088
1017 0.000648088
1018 0.000648088
1019 0.000648088
1020 0.000648088
1021 0.000648088
1022 0.000648088
1023 0.000648088
1024 0.000648088
1025 0.000432059
1026 0.000432059
1027 0.000432059
1028 0.000432059
1029 0.000432059
1030 0.000432059
1031 0.000432059
1032 0.000432059
1033 0.000432059
1034 0.000432059
1035 0.000432059
1036 0.000432059
1037 0.000432059
1038 0.000432059
1039 0.000432059
1040 0.000432059
1041 0.000432059
1042 0.000432059
1043 0.000432059
1044 0.000432059
1045 0.000432059
1046 0.000432059
1047 0.000432059
1048 0.000432059
1049 0.000432059
1050 0.000432059
1051 0.000432059
1052 0.000432059
1053 0.000432059
1054 0.000432059
1055 0.000432059
1056 0.000432059
1057 0.000432059
1058 0.000432059
1059 0.000432059
1060 0.000432059
1061 0.000432059
1062 0.000432059
1063 0.000432059
1064 0.000432059
1065 0.000432059
1066 0.000432059
1067 0.000432059
1068 0.000432059
1069 0.000432059
1070 0.000432059
1071 0.000432059
1072 0.000432059
1073 0.000432059
1074 0.000432059
1075 0.000432059
1076 0.000432059
1077 0.000432059
1078 0.000432059
1079 0.000432059
1080 0.000432059
1081 0.000432059
1082 0.000432059
1083 0.000432059
1084 0.000432059
1085 0.000432059
1086 0.000432059
1087 0.000432059
1088 0.000432059
1089 0.000432059
1090 0.000432059
1091 0.000432059
1092 0.000432059
1093 0.000432059
1094 0.000432059
1095 0.000432059
1096 0.000432059
1097 0.000432059
1098 0.000432059
1099 0.000432059
1100 0.000432059
1101 0.000432059
1102 0.000432059
1103 0.000432059
1104 0.000432059
1105 0.000432059
1106 0.000432059
1107 0.000432059
1108 0.000432059
1109 0.000432059
1110 0.000432059
1111 0.000432059
1112 0.000432059
1113 0.000432059
1114 0.000432059
1115 0.000432059
1116 0.000432059
1117 0.000432059
1118 0.000432059
1119 0.000432059
1120 0.000432059
1121 0.000432059
1122 0.000432059
1123 0.000432059
1124 0.000432059
1125 0.000432059
1126 0.000432059
1127 0.000432059
1128 0.000432059
1129 0.000432059
1130 0.000432059
1131 0.000432059
1132 0.000432059
1133 0.000432059
1134 0.000432059
1135 0.000432059
1136 0.000432059
1137 0.000432059
1138 0.000432059
1139 0.000432059
1140 0.000432059
1141 0.000432059
1142 0.000432059
1143 0.000432059
1144 0.000432059
1145 0.000432059
1146 0.000432059
1147 0.000432059
1148 0.000432059
1149 0.000432059
1150 0.000432059
1151 0.000432059
1152 0.000432059
1153 0.000432059
1154 0.000432059
1155 0.000432059
1156 0.000432059
1157 0.000432059
1158 0.000432059
1159 0.000432059
1160 0.000432059
1161 0.000432059
1162 0.000432059
1163 0.000432059
1164 0.000432059
1165 0.000432059
1166 0.000432059
1167 0.000432059
1168 0.000432059
1169 0.000432059
1170 0.000432059
1171 0.000432059
1172 0.000432059
1173 0.000432059
1174 0.000432059
1175 0.000432059
1176 0.000432059
1177 0.000432059
1178 0.000432059
1179 0.000432059
1180 0.000432059
1181 0.000432059
1182 0.000432059
1183 0.000432059
1184 0.000432059
1185 0.000432059
1186 0.000432059
1187 0.000432059
1188 0.000432059
1189 0.000432059
1190 0.000432059
1191 0.000432059
1192 0.000432059
1193 0.000432059
1194 0.000432059
1195 0.000432059
1196 0.000432059
1197 0.000432059
1198 0.000432059
1199 0.000432059
1200 0.000432059
1201 0.000432059
1202 0.000432059
1203 0.000432059
1204 0.000432059
1205 0.000432059
1206 0.000432059
1207 0.000432059
1208 0.000432059
1209 0.000432059
1210 0.000432059
1211 0.000432059
1212 0.000432059
1213 0.000432059
1214 0.000432059
1215 0.000432059
1216 0.000432059
1217 0.000432059
1218 0.000432059
1219 0.000432059
1220 0.000432059
1221 0.000432059
1222 0.000432059
1223 0.000432059
1224 0.000432059
1225 0.000432059
1226 0.000432059
1227 0.000432059
1228 0.000432059
1229 0.000432059
1230 0.000432059
1231 0.000432059
1232 0.000432059
1233 0.000432059
1234 0.000432059
1235 0.000432059
1236 0.000432059
1237 0.000432059
1238 0.000432059
1239 0.000432059
1240 0.000432059
1241 0.000432059
1242 0.000432059
1243 0.000432059
1244 0.000432059
1245 0.000432059
1246 0.000432059
1247 0.000432059
1248 0.000432059
1249 0.000432059
1250 0.000432059
1251 0.000432059
1252 0.000432059
1253 0.000432059
1254 0.000432059
1255 0.000432059
1256 0.000432059
1257 0.000432059
1258 0.000432059
1259 0.000432059
1260 0.000432059
1261 0.000432059
1262 0.000432059
1263 0.000432059
1264 0.000432059
1265 0.000432059
1266 0.000432059
1267 0.000432059
1268 0.000432059
1269 0.000432059
1270 0.000432059
1271 0.000432059
1272 0.000432059
1273 0.000432059
1274 0.000432059
1275 0.000432059
1276 0.000432059
1277 0.000432059
1278 0.000432059
1279 0.000432059
1280 0.000432059
1281 0.000432059
1282 0.000432059
1283 0.000432059
1284 0.000432059
1285 0.000432059
1286 0.000432059
1287 0.000432059
1288 0.000432059
1289 0.000432059
1290 0.000432059
1291 0.000432059
1292 0.000432059
1293 0.000432059
1294 0.000432059
1295 0.000432059
1296 0.000432059
1297 0.000432059
1298 0.000432059
1299 0.000432059
1300 0.000432059
1301 0.000432059
1302 0.000432059
1303 0.000432059
1304 0.000432059
1305 0.000216029
1306 0.000216029
1307 0.000216029
1308 0.000216029
1309 0.000216029
1310 0.000216029
1311 0.000216029
1312 0.000216029
1313 0.000216029
1314 0.000216029
1315 0.000216029
1316 0.000216029
1317 0.000216029
1318 0.000216029
1319 0.000216029
1320 0.000216029
1321 0.000216029
1322 0.000216029
1323 0.000216029
1324 0.000216029
1325 0.000216029
1326 0.000216029
1327 0.000216029
1328 0.000216029
