0 1
1 1
2 1
3 1
4 1
5 1
6 1
7 1
8 1
9 1
10 1
11 1
12 1
13 1
14 1
15 0.999917
16 0.999917
17 0.999917
18 0.999917
19 0.999917
20 0.999917
21 0.999917
22 0.999917
23 0.999917
24 0.999917
25 0.999917
26 0.999917
27 0.999917
28 0.999917
29 0.999917
30 0.999917
31 0.999668
32 0.999668
33 0.999668
34 0.999668
35 0.999668
36 0.999668
37 0.999668
38 0.999668
39 0.999585
40 0.999585
41 0.999585
42 0.999585
43 0.999585
44 0.999585
45 0.999585
46 0.999585
47 0.999502
48 0.999502
49 0.999502
50 0.999502
51 0.999502
52 0.999502
53 0.999502
54 0.999502
55 0.999419
56 0.999419
57 0.999419
58 0.999419
59 0.999419
60 0.999419
61 0.999419
62 0.999419
63 0.999253
64 0.999253
65 0.965818
66 0.965818
67 0.965818
68 0.965818
69 0.965818
70 0.965818
71 0.965735
72 0.965735
73 0.930474
74 0.930474
75 0.930474
76 0.930474
77 0.930474
78 0.930474
79 0.930391
80 0.930391
81 0.894217
82 0.894217
83 0.894217
84 0.894217
85 0.894217
86 0.894217
87 0.893968
88 0.893968
89 0.85879
90 0.85879
91 0.85879
92 0.85879
93 0.85879
94 0.85879
95 0.858541
96 0.858541
97 0.823281
98 0.823281
99 0.823281
100 0.823281
101 0.823281
102 0.823281
103 0.823198
104 0.823198
105 0.787439
106 0.787439
107 0.787439
108 0.787439
109 0.787439
110 0.787439
111 0.787273
112 0.787273
113 0.752427
114 0.752427
115 0.752427
116 0.752427
117 0.752427
118 0.752427
119 0.752095
120 0.752095
121 0.716668
122 0.716668
123 0.716668
124 0.716668
125 0.716668
126 0.716668
127 0.716585
128 0.716585
129 0.679582
130 0.679582
131 0.679582
132 0.679582
133 0.679582
134 0.679582
135 0.679582
136 0.679582
137 0.64905
138 0.64905
139 0.64905
140 0.64905
141 0.64905
142 0.64905
143 0.648967
144 0.648967
145 0.619514
146 0.619514
147 0.619514
148 0.619514
149 0.619514
150 0.619514
151 0.619514
152 0.619514
153 0.590144
154 0.590144
155 0.590144
156 0.590144
157 0.590144
158 0.590144
159 0.590061
160 0.590061
161 0.560027
162 0.560027
163 0.560027
164 0.560027
165 0.560027
166 0.560027
167 0.559944
168 0.559944
169 0.530822
170 0.530822
171 0.530822
172 0.530822
173 0.530822
174 0.530822
175 0.530739
176 0.530739
177 0.505434
178 0.505434
179 0.505434
180 0.505434
181 0.505434
182 0.505434
183 0.505351
184 0.505351
185 0.480544
186 0.480544
187 0.480544
188 0.480544
189 0.480544
190 0.480544
191 0.480378
192 0.480378
193 0.455073
194 0.455073
195 0.455073
196 0.455073
197 0.455073
198 0.455073
199 0.45499
200 0.45499
201 0.433336
202 0.433336
203 0.433336
204 0.433336
205 0.433336
206 0.433336
207 0.433336
208 0.433336
209 0.413507
210 0.413507
211 0.413507
212 0.413507
213 0.413507
214 0.413507
215 0.413507
216 0.413507
217 0.392433
218 0.392433
219 0.392433
220 0.392433
221 0.392433
222 0.392433
223 0.392267
224 0.392267
225 0.371526
226 0.371526
227 0.371526
228 0.371526
229 0.371526
230 0.371526
231 0.371526
232 0.371526
233 0.353024
234 0.353024
235 0.353024
236 0.353024
237 0.353024
238 0.353024
239 0.353024
240 0.353024
241 0.334771
242 0.334771
243 0.334771
244 0.334771
245 0.334771
246 0.334771
247 0.334357
248 0.334357
249 0.318676
250 0.318676
251 0.318676
252 0.318676
253 0.318676
254 0.318676
255 0.318593
256 0.318593
257 0.303659
258 0.303659
259 0.303659
260 0.303659
261 0.303659
262 0.303659
263 0.303493
264 0.303493
265 0.290384
266 0.290384
267 0.290384
268 0.290384
269 0.290384
270 0.290384
271 0.290218
272 0.290218
273 0.277773
274 0.277773
275 0.277773
276 0.277773
277 0.277773
278 0.277773
279 0.27769
280 0.27769
281 0.263503
282 0.263503
283 0.263503
284 0.263503
285 0.263503
286 0.263503
287 0.263337
288 0.263337
289 0.251473
290 0.251473
291 0.251473
292 0.251473
293 0.251473
294 0.251473
295 0.25139
296 0.25139
297 0.238862
298 0.238862
299 0.238862
300 0.238862
301 0.238862
302 0.238862
303 0.238696
304 0.238696
305 0.227578
306 0.227578
307 0.227578
308 0.227578
309 0.227578
310 0.227578
311 0.227578
312 0.227578
313 0.216627
314 0.216627
315 0.216627
316 0.216627
317 0.216627
318 0.216627
319 0.216627
320 0.216627
321 0.206836
322 0.206836
323 0.206836
324 0.206836
325 0.206836
326 0.206836
327 0.206754
328 0.206754
329 0.197129
330 0.197129
331 0.197129
332 0.197129
333 0.197129
334 0.197129
335 0.197046
336 0.197046
337 0.188916
338 0.188916
339 0.188916
340 0.188916
341 0.188916
342 0.188916
343 0.188916
344 0.188916
345 0.181034
346 0.181034
347 0.181034
348 0.181034
349 0.181034
350 0.181034
351 0.180868
352 0.180868
353 0.171907
354 0.171907
355 0.171907
356 0.171907
357 0.171907
358 0.171907
359 0.171907
360 0.171907
361 0.166432
362 0.166432
363 0.166432
364 0.166432
365 0.166432
366 0.166432
367 0.166266
368 0.166266
369 0.158301
370 0.158301
371 0.158301
372 0.158301
373 0.158301
374 0.158301
375 0.158301
376 0.158301
377 0.150502
378 0.150502
379 0.150502
380 0.150502
381 0.150502
382 0.150502
383 0.150419
384 0.150419
385 0.143367
386 0.143367
387 0.143367
388 0.143367
389 0.143367
390 0.143367
391 0.143284
392 0.143284
393 0.138057
394 0.138057
395 0.138057
396 0.138057
397 0.138057
398 0.138057
399 0.138057
400 0.138057
401 0.133245
402 0.133245
403 0.133245
404 0.133245
405 0.133245
406 0.133245
407 0.133079
408 0.133079
409 0.128101
410 0.128101
411 0.128101
412 0.128101
413 0.128101
414 0.128101
415 0.128101
416 0.128101
417 0.122625
418 0.122625
419 0.122625
420 0.122625
421 0.122625
422 0.122625
423 0.122625
424 0.122625
425 0.116817
426 0.116817
427 0.116817
428 0.116817
429 0.116817
430 0.116817
431 0.116817
432 0.116817
433 0.112171
434 0.112171
435 0.112171
436 0.112171
437 0.112171
438 0.112171
439 0.112171
440 0.112171
441 0.107525
442 0.107525
443 0.107525
444 0.107525
445 0.107525
446 0.107525
447 0.107442
448 0.107442
449 0.102879
450 0.102879
451 0.102879
452 0.102879
453 0.102879
454 0.102879
455 0.102879
456 0.102879
457 0.0969883
458 0.0969883
459 0.0969883
460 0.0969883
461 0.0969883
462 0.0969883
463 0.0969053
464 0.0969053
465 0.0925081
466 0.0925081
467 0.0925081
468 0.0925081
469 0.0925081
470 0.0925081
471 0.0925081
472 0.0925081
473 0.0886086
474 0.0886086
475 0.0886086
476 0.0886086
477 0.0886086
478 0.0886086
479 0.0885257
480 0.0885257
481 0.085124
482 0.085124
483 0.085124
484 0.085124
485 0.085124
486 0.085124
487 0.085124
488 0.085124
489 0.0818883
490 0.0818883
491 0.0818883
492 0.0818883
493 0.0818883
494 0.0818883
495 0.0818883
496 0.0818883
497 0.0787356
498 0.0787356
499 0.0787356
500 0.0787356
501 0.0787356
502 0.0787356
503 0.0787356
504 0.0787356
505 0.0757488
506 0.0757488
507 0.0757488
508 0.0757488
509 0.0757488
510 0.0757488
511 0.0756658
512 0.0756658
513 0.0719323
514 0.0719323
515 0.0719323
516 0.0719323
517 0.0719323
518 0.0719323
519 0.0719323
520 0.0719323
521 0.0686966
522 0.0686966
523 0.0686966
524 0.0686966
525 0.0686966
526 0.0686966
527 0.0686966
528 0.0686966
529 0.0649631
530 0.0649631
531 0.0649631
532 0.0649631
533 0.0649631
534 0.0649631
535 0.0649631
536 0.0649631
537 0.0614785
538 0.0614785
539 0.0614785
540 0.0614785
541 0.0614785
542 0.0614785
543 0.0614785
544 0.0614785
545 0.0587406
546 0.0587406
547 0.0587406
548 0.0587406
549 0.0587406
550 0.0587406
551 0.0586576
552 0.0586576
553 0.0569983
554 0.0569983
555 0.0569983
556 0.0569983
557 0.0569983
558 0.0569983
559 0.0569153
560 0.0569153
561 0.0549241
562 0.0549241
563 0.0549241
564 0.0549241
565 0.0549241
566 0.0549241
567 0.0548411
568 0.0548411
569 0.0524351
570 0.0524351
571 0.0524351
572 0.0524351
573 0.0524351
574 0.0524351
575 0.0524351
576 0.0524351
577 0.0492823
578 0.0492823
579 0.0492823
580 0.0492823
581 0.0492823
582 0.0492823
583 0.0492823
584 0.0492823
585 0.0473741
586 0.0473741
587 0.0473741
588 0.0473741
589 0.0473741
590 0.0473741
591 0.0473741
592 0.0473741
593 0.0458807
594 0.0458807
595 0.0458807
596 0.0458807
597 0.0458807
598 0.0458807
599 0.0458807
600 0.0458807
601 0.0438065
602 0.0438065
603 0.0438065
604 0.0438065
605 0.0438065
606 0.0438065
607 0.0438065
608 0.0438065
609 0.042562
610 0.042562
611 0.042562
612 0.042562
613 0.042562
614 0.042562
615 0.042562
616 0.042562
617 0.0408197
618 0.0408197
619 0.0408197
620 0.0408197
621 0.0408197
622 0.0408197
623 0.0408197
624 0.0408197
625 0.0394922
626 0.0394922
627 0.0394922
628 0.0394922
629 0.0394922
630 0.0394922
631 0.0394093
632 0.0394093
633 0.0379159
634 0.0379159
635 0.0379159
636 0.0379159
637 0.0379159
638 0.0379159
639 0.0378329
640 0.0378329
641 0.0355098
642 0.0355098
643 0.0355098
644 0.0355098
645 0.0355098
646 0.0355098
647 0.0355098
648 0.0355098
649 0.0342653
650 0.0342653
651 0.0342653
652 0.0342653
653 0.0342653
654 0.0342653
655 0.0342653
656 0.0342653
657 0.0328549
658 0.0328549
659 0.0328549
660 0.0328549
661 0.0328549
662 0.0328549
663 0.0328549
664 0.0328549
665 0.0315274
666 0.0315274
667 0.0315274
668 0.0315274
669 0.0315274
670 0.0315274
671 0.0315274
672 0.0315274
673 0.0302829
674 0.0302829
675 0.0302829
676 0.0302829
677 0.0302829
678 0.0302829
679 0.0302829
680 0.0302829
681 0.0287065
682 0.0287065
683 0.0287065
684 0.0287065
685 0.0287065
686 0.0287065
687 0.0287065
688 0.0287065
689 0.027628
690 0.027628
691 0.027628
692 0.027628
693 0.027628
694 0.027628
695 0.027628
696 0.027628
697 0.0265494
698 0.0265494
699 0.0265494
700 0.0265494
701 0.0265494
702 0.0265494
703 0.0265494
704 0.0265494
705 0.0253879
706 0.0253879
707 0.0253879
708 0.0253879
709 0.0253879
710 0.0253879
711 0.0253879
712 0.0253879
713 0.0246412
714 0.0246412
715 0.0246412
716 0.0246412
717 0.0246412
718 0.0246412
719 0.0246412
720 0.0246412
721 0.0238115
722 0.0238115
723 0.0238115
724 0.0238115
725 0.0238115
726 0.0238115
727 0.0238115
728 0.0238115
729 0.0228159
730 0.0228159
731 0.0228159
732 0.0228159
733 0.0228159
734 0.0228159
735 0.0228159
736 0.0228159
737 0.0223181
738 0.0223181
739 0.0223181
740 0.0223181
741 0.0223181
742 0.0223181
743 0.0223181
744 0.0223181
745 0.0214055
746 0.0214055
747 0.0214055
748 0.0214055
749 0.0214055
750 0.0214055
751 0.0214055
752 0.0214055
753 0.0204928
754 0.0204928
755 0.0204928
756 0.0204928
757 0.0204928
758 0.0204928
759 0.0204928
760 0.0204928
761 0.0199121
762 0.0199121
763 0.0199121
764 0.0199121
765 0.0199121
766 0.0199121
767 0.0198291
768 0.0198291
769 0.0193313
770 0.0193313
771 0.0193313
772 0.0193313
773 0.0193313
774 0.0193313
775 0.0193313
776 0.0193313
777 0.0187505
778 0.0187505
779 0.0187505
780 0.0187505
781 0.0187505
782 0.0187505
783 0.0187505
784 0.0187505
785 0.0179208
786 0.0179208
787 0.0179208
788 0.0179208
789 0.0179208
790 0.0179208
791 0.0179208
792 0.0179208
793 0.017423
794 0.017423
795 0.017423
796 0.017423
797 0.017423
798 0.017423
799 0.0173401
800 0.0173401
801 0.0168423
802 0.0168423
803 0.0168423
804 0.0168423
805 0.0168423
806 0.0168423
807 0.0168423
808 0.0168423
809 0.0160956
810 0.0160956
811 0.0160956
812 0.0160956
813 0.0160956
814 0.0160956
815 0.0160956
816 0.0160956
817 0.0151829
818 0.0151829
819 0.0151829
820 0.0151829
821 0.0151829
822 0.0151829
823 0.0151829
824 0.0151829
825 0.015017
826 0.015017
827 0.015017
828 0.015017
829 0.015017
830 0.015017
831 0.015017
832 0.015017
833 0.0142703
834 0.0142703
835 0.0142703
836 0.0142703
837 0.0142703
838 0.0142703
839 0.0142703
840 0.0142703
841 0.0137725
842 0.0137725
843 0.0137725
844 0.0137725
845 0.0137725
846 0.0137725
847 0.0137725
848 0.0137725
849 0.0132747
850 0.0132747
851 0.0132747
852 0.0132747
853 0.0132747
854 0.0132747
855 0.0132747
856 0.0132747
857 0.012528
858 0.012528
859 0.012528
860 0.012528
861 0.012528
862 0.012528
863 0.012445
864 0.012445
865 0.0116154
866 0.0116154
867 0.0116154
868 0.0116154
869 0.0116154
870 0.0116154
871 0.0116154
872 0.0116154
873 0.0111176
874 0.0111176
875 0.0111176
876 0.0111176
877 0.0111176
878 0.0111176
879 0.0111176
880 0.0111176
881 0.0107027
882 0.0107027
883 0.0107027
884 0.0107027
885 0.0107027
886 0.0107027
887 0.0107027
888 0.0107027
889 0.0103709
890 0.0103709
891 0.0103709
892 0.0103709
893 0.0103709
894 0.0103709
895 0.0103709
896 0.0103709
897 0.0102049
898 0.0102049
899 0.0102049
900 0.0102049
901 0.0102049
902 0.0102049
903 0.0102049
904 0.0102049
905 0.00995603
906 0.00995603
907 0.00995603
908 0.00995603
909 0.00995603
910 0.00995603
911 0.00995603
912 0.00995603
913 0.00962416
914 0.00962416
915 0.00962416
916 0.00962416
917 0.00962416
918 0.00962416
919 0.00962416
920 0.00962416
921 0.00945823
922 0.00945823
923 0.00945823
924 0.00945823
925 0.00945823
926 0.00945823
927 0.00945823
928 0.00945823
929 0.00896042
930 0.00896042
931 0.00896042
932 0.00896042
933 0.00896042
934 0.00896042
935 0.00896042
936 0.00896042
937 0.00854559
938 0.00854559
939 0.00854559
940 0.00854559
941 0.00854559
942 0.00854559
943 0.00854559
944 0.00854559
945 0.00837966
946 0.00837966
947 0.00837966
948 0.00837966
949 0.00837966
950 0.00837966
951 0.00837966
952 0.00837966
953 0.00829669
954 0.00829669
955 0.00829669
956 0.00829669
957 0.00829669
958 0.00829669
959 0.00829669
960 0.00829669
961 0.00813076
962 0.00813076
963 0.00813076
964 0.00813076
965 0.00813076
966 0.00813076
967 0.00813076
968 0.00813076
969 0.00779889
970 0.00779889
971 0.00779889
972 0.00779889
973 0.00779889
974 0.00779889
975 0.00779889
976 0.00779889
977 0.00771592
978 0.00771592
979 0.00771592
980 0.00771592
981 0.00771592
982 0.00771592
983 0.00771592
984 0.00771592
985 0.00746702
986 0.00746702
987 0.00746702
988 0.00746702
989 0.00746702
990 0.00746702
991 0.00746702
992 0.00746702
993 0.00730109
994 0.00730109
995 0.00730109
996 0.00730109
997 0.00730109
998 0.00730109
999 0.00730109
1000 0.00730109
1001 0.00713515
1002 0.00713515
1003 0.00713515
1004 0.00713515
1005 0.00713515
1006 0.00713515
1007 0.00713515
1008 0.00713515
1009 0.00672032
1010 0.00672032
1011 0.00672032
1012 0.00672032
1013 0.00672032
1014 0.00672032
1015 0.00672032
1016 0.00672032
1017 0.00638845
1018 0.00638845
1019 0.00638845
1020 0.00638845
1021 0.00638845
1022 0.00638845
1023 0.00638845
1024 0.00638845
1025 0.00622252
1026 0.00622252
1027 0.00622252
1028 0.00622252
1029 0.00622252
1030 0.00622252
1031 0.00622252
1032 0.00622252
1033 0.00605658
1034 0.00605658
1035 0.00605658
1036 0.00605658
1037 0.00605658
1038 0.00605658
1039 0.00605658
1040 0.00605658
1041 0.00605658
1042 0.00605658
1043 0.00605658
1044 0.00605658
1045 0.00605658
1046 0.00605658
1047 0.00605658
1048 0.00605658
1049 0.00597362
1050 0.00597362
1051 0.00597362
1052 0.00597362
1053 0.00597362
1054 0.00597362
1055 0.00597362
1056 0.00597362
1057 0.00580768
1058 0.00580768
1059 0.00580768
1060 0.00580768
1061 0.00580768
1062 0.00580768
1063 0.00580768
1064 0.00580768
1065 0.00572472
1066 0.00572472
1067 0.00572472
1068 0.00572472
1069 0.00572472
1070 0.00572472
1071 0.00572472
1072 0.00572472
1073 0.00547581
1074 0.00547581
1075 0.00547581
1076 0.00547581
1077 0.00547581
1078 0.00547581
1079 0.00547581
1080 0.00547581
1081 0.00514395
1082 0.00514395
1083 0.00514395
1084 0.00514395
1085 0.00514395
1086 0.00514395
1087 0.00514395
1088 0.00514395
1089 0.00506098
1090 0.00506098
1091 0.00506098
1092 0.00506098
1093 0.00506098
1094 0.00506098
1095 0.00506098
1096 0.00506098
1097 0.00481208
1098 0.00481208
1099 0.00481208
1100 0.00481208
1101 0.00481208
1102 0.00481208
1103 0.00481208
1104 0.00481208
1105 0.00464615
1106 0.00464615
1107 0.00464615
1108 0.00464615
1109 0.00464615
1110 0.00464615
1111 0.00464615
1112 0.00464615
1113 0.00456318
1114 0.00456318
1115 0.00456318
1116 0.00456318
1117 0.00456318
1118 0.00456318
1119 0.00456318
1120 0.00456318
1121 0.00439725
1122 0.00439725
1123 0.00439725
1124 0.00439725
1125 0.00439725
1126 0.00439725
1127 0.00439725
1128 0.00439725
1129 0.00431428
1130 0.00431428
1131 0.00431428
1132 0.00431428
1133 0.00431428
1134 0.00431428
1135 0.00431428
1136 0.00431428
1137 0.00414834
1138 0.00414834
1139 0.00414834
1140 0.00414834
1141 0.00414834
1142 0.00414834
1143 0.00414834
1144 0.00414834
1145 0.00414834
1146 0.00414834
1147 0.00414834
1148 0.00414834
1149 0.00414834
1150 0.00414834
1151 0.00414834
1152 0.00414834
1153 0.00414834
1154 0.00414834
1155 0.00414834
1156 0.00414834
1157 0.00414834
1158 0.00414834
1159 0.00414834
1160 0.00414834
1161 0.00414834
1162 0.00414834
1163 0.00414834
1164 0.00414834
1165 0.00414834
1166 0.00414834
1167 0.00414834
1168 0.00414834
1169 0.00406538
1170 0.00406538
1171 0.00406538
1172 0.00406538
1173 0.00406538
1174 0.00406538
1175 0.00406538
1176 0.00406538
1177 0.00389944
1178 0.00389944
1179 0.00389944
1180 0.00389944
1181 0.00389944
1182 0.00389944
1183 0.00389944
1184 0.00389944
1185 0.00348461
1186 0.00348461
1187 0.00348461
1188 0.00348461
1189 0.00348461
1190 0.00348461
1191 0.00348461
1192 0.00348461
1193 0.00331868
1194 0.00331868
1195 0.00331868
1196 0.00331868
1197 0.00331868
1198 0.00331868
1199 0.00331868
1200 0.00331868
1201 0.00331868
1202 0.00331868
1203 0.00331868
1204 0.00331868
1205 0.00331868
1206 0.00331868
1207 0.00331868
1208 0.00331868
1209 0.00323571
1210 0.00323571
1211 0.00323571
1212 0.00323571
1213 0.00323571
1214 0.00323571
1215 0.00323571
1216 0.00323571
1217 0.00315274
1218 0.00315274
1219 0.00315274
1220 0.00315274
1221 0.00315274
1222 0.00315274
1223 0.00315274
1224 0.00315274
1225 0.00290384
1226 0.00290384
1227 0.00290384
1228 0.00290384
1229 0.00290384
1230 0.00290384
1231 0.00290384
1232 0.00290384
1233 0.00282087
1234 0.00282087
1235 0.00282087
1236 0.00282087
1237 0.00282087
1238 0.00282087
1239 0.00282087
1240 0.00282087
1241 0.00282087
1242 0.00282087
1243 0.00282087
1244 0.00282087
1245 0.00282087
1246 0.00282087
1247 0.00282087
1248 0.00282087
1249 0.00265494
1250 0.00265494
1251 0.00265494
1252 0.00265494
1253 0.00265494
1254 0.00265494
1255 0.00265494
1256 0.00265494
1257 0.00257197
1258 0.00257197
1259 0.00257197
1260 0.00257197
1261 0.00257197
1262 0.00257197
1263 0.00257197
1264 0.00257197
1265 0.00248901
1266 0.00248901
1267 0.00248901
1268 0.00248901
1269 0.00248901
1270 0.00248901
1271 0.00248901
1272 0.00248901
1273 0.00248901
1274 0.00248901
1275 0.00248901
1276 0.00248901
1277 0.00248901
1278 0.00248901
1279 0.00248901
1280 0.00248901
1281 0.00248901
1282 0.00248901
1283 0.00248901
1284 0.00248901
1285 0.00248901
1286 0.00248901
1287 0.00248901
1288 0.00248901
1289 0.00232307
1290 0.00232307
1291 0.00232307
1292 0.00232307
1293 0.00232307
1294 0.00232307
1295 0.00232307
1296 0.00232307
1297 0.00224011
1298 0.00224011
1299 0.00224011
1300 0.00224011
1301 0.00224011
1302 0.00224011
1303 0.00224011
1304 0.00224011
1305 0.00215714
1306 0.00215714
1307 0.00215714
1308 0.00215714
1309 0.00215714
1310 0.00215714
1311 0.00215714
1312 0.00215714
1313 0.00215714
1314 0.00215714
1315 0.00215714
1316 0.00215714
1317 0.00215714
1318 0.00215714
1319 0.00215714
1320 0.00215714
1321 0.00207417
1322 0.00207417
1323 0.00207417
1324 0.00207417
1325 0.00207417
1326 0.00207417
1327 0.00207417
1328 0.00207417
1329 0.00207417
1330 0.00207417
1331 0.00207417
1332 0.00207417
1333 0.00207417
1334 0.00207417
1335 0.00207417
1336 0.00207417
1337 0.00207417
1338 0.00207417
1339 0.00207417
1340 0.00207417
1341 0.00207417
1342 0.00207417
1343 0.00207417
1344 0.00207417
1345 0.00190824
1346 0.00190824
1347 0.00190824
1348 0.00190824
1349 0.00190824
1350 0.00190824
1351 0.00190824
1352 0.00190824
1353 0.00190824
1354 0.00190824
1355 0.00190824
1356 0.00190824
1357 0.00190824
1358 0.00190824
1359 0.00190824
1360 0.00190824
1361 0.00190824
1362 0.00190824
1363 0.00190824
1364 0.00190824
1365 0.00190824
1366 0.00190824
1367 0.00190824
1368 0.00190824
1369 0.00165934
1370 0.00165934
1371 0.00165934
1372 0.00165934
1373 0.00165934
1374 0.00165934
1375 0.00165934
1376 0.00165934
1377 0.00165934
1378 0.00165934
1379 0.00165934
1380 0.00165934
1381 0.00165934
1382 0.00165934
1383 0.00165934
1384 0.00165934
1385 0.00165934
1386 0.00165934
1387 0.00165934
1388 0.00165934
1389 0.00165934
1390 0.00165934
1391 0.00165934
1392 0.00165934
1393 0.00165934
1394 0.00165934
1395 0.00165934
1396 0.00165934
1397 0.00165934
1398 0.00165934
1399 0.00165934
1400 0.00165934
1401 0.00165934
1402 0.00165934
1403 0.00165934
1404 0.00165934
1405 0.00165934
1406 0.00165934
1407 0.00165934
1408 0.00165934
1409 0.00165934
1410 0.00165934
1411 0.00165934
1412 0.00165934
1413 0.00165934
1414 0.00165934
1415 0.00165934
1416 0.00165934
1417 0.00157637
1418 0.00157637
1419 0.00157637
1420 0.00157637
1421 0.00157637
1422 0.00157637
1423 0.00157637
1424 0.00157637
1425 0.00141044
1426 0.00141044
1427 0.00141044
1428 0.00141044
1429 0.00141044
1430 0.00141044
1431 0.00141044
1432 0.00141044
1433 0.00141044
1434 0.00141044
1435 0.00141044
1436 0.00141044
1437 0.00141044
1438 0.00141044
1439 0.00141044
1440 0.00141044
1441 0.0012445
1442 0.0012445
1443 0.0012445
1444 0.0012445
1445 0.0012445
1446 0.0012445
1447 0.0012445
1448 0.0012445
1449 0.0012445
1450 0.0012445
1451 0.0012445
1452 0.0012445
1453 0.0012445
1454 0.0012445
1455 0.0012445
1456 0.0012445
1457 0.00107857
1458 0.00107857
1459 0.00107857
1460 0.00107857
1461 0.00107857
1462 0.00107857
1463 0.00107857
1464 0.00107857
1465 0.00107857
1466 0.00107857
1467 0.00107857
1468 0.00107857
1469 0.00107857
1470 0.00107857
1471 0.00107857
1472 0.00107857
1473 0.000995603
1474 0.000995603
1475 0.000995603
1476 0.000995603
1477 0.000995603
1478 0.000995603
1479 0.000995603
1480 0.000995603
1481 0.000912636
1482 0.000912636
1483 0.000912636
1484 0.000912636
1485 0.000912636
1486 0.000912636
1487 0.000912636
1488 0.000912636
1489 0.000829669
1490 0.000829669
1491 0.000829669
1492 0.000829669
1493 0.000829669
1494 0.000829669
1495 0.000829669
1496 0.000829669
1497 0.000829669
1498 0.000829669
1499 0.000829669
1500 0.000829669
1501 0.000829669
1502 0.000829669
1503 0.000829669
1504 0.000829669
1505 0.000829669
1506 0.000829669
1507 0.000829669
1508 0.000829669
1509 0.000829669
1510 0.000829669
1511 0.000829669
1512 0.000829669
1513 0.000746702
1514 0.000746702
1515 0.000746702
1516 0.000746702
1517 0.000746702
1518 0.000746702
1519 0.000746702
1520 0.000746702
1521 0.000746702
1522 0.000746702
1523 0.000746702
1524 0.000746702
1525 0.000746702
1526 0.000746702
1527 0.000746702
1528 0.000746702
1529 0.000746702
1530 0.000746702
1531 0.000746702
1532 0.000746702
1533 0.000746702
1534 0.000746702
1535 0.000746702
1536 0.000746702
1537 0.000746702
1538 0.000746702
1539 0.000746702
1540 0.000746702
1541 0.000746702
1542 0.000746702
1543 0.000746702
1544 0.000746702
1545 0.000663735
1546 0.000663735
1547 0.000663735
1548 0.000663735
1549 0.000663735
1550 0.000663735
1551 0.000663735
1552 0.000663735
1553 0.000663735
1554 0.000663735
1555 0.000663735
1556 0.000663735
1557 0.000663735
1558 0.000663735
1559 0.000663735
1560 0.000663735
1561 0.000580768
1562 0.000580768
1563 0.000580768
1564 0.000580768
1565 0.000580768
1566 0.000580768
1567 0.000580768
1568 0.000580768
1569 0.000580768
1570 0.000580768
1571 0.000580768
1572 0.000580768
1573 0.000580768
1574 0.000580768
1575 0.000580768
1576 0.000580768
1577 0.000580768
1578 0.000580768
1579 0.000580768
1580 0.000580768
1581 0.000580768
1582 0.000580768
1583 0.000580768
1584 0.000580768
1585 0.000580768
1586 0.000580768
1587 0.000580768
1588 0.000580768
1589 0.000580768
1590 0.000580768
1591 0.000580768
1592 0.000580768
1593 0.000497801
1594 0.000497801
1595 0.000497801
1596 0.000497801
1597 0.000497801
1598 0.000497801
1599 0.000497801
1600 0.000497801
1601 0.000497801
1602 0.000497801
1603 0.000497801
1604 0.000497801
1605 0.000497801
1606 0.000497801
1607 0.000497801
1608 0.000497801
1609 0.000497801
1610 0.000497801
1611 0.000497801
1612 0.000497801
1613 0.000497801
1614 0.000497801
1615 0.000497801
1616 0.000497801
1617 0.000414834
1618 0.000414834
1619 0.000414834
1620 0.000414834
1621 0.000414834
1622 0.000414834
1623 0.000414834
1624 0.000414834
1625 0.000414834
1626 0.000414834
1627 0.000414834
1628 0.000414834
1629 0.000414834
1630 0.000414834
1631 0.000414834
1632 0.000414834
1633 0.000414834
1634 0.000414834
1635 0.000414834
1636 0.000414834
1637 0.000414834
1638 0.000414834
1639 0.000414834
1640 0.000414834
1641 0.000414834
1642 0.000414834
1643 0.000414834
1644 0.000414834
1645 0.000414834
1646 0.000414834
1647 0.000414834
1648 0.000414834
1649 0.000414834
1650 0.000414834
1651 0.000414834
1652 0.000414834
1653 0.000414834
1654 0.000414834
1655 0.000414834
1656 0.000414834
1657 0.000331868
1658 0.000331868
1659 0.000331868
1660 0.000331868
1661 0.000331868
1662 0.000331868
1663 0.000331868
1664 0.000331868
1665 0.000331868
1666 0.000331868
1667 0.000331868
1668 0.000331868
1669 0.000331868
1670 0.000331868
1671 0.000331868
1672 0.000331868
1673 0.000331868
1674 0.000331868
1675 0.000331868
1676 0.000331868
1677 0.000331868
1678 0.000331868
1679 0.000331868
1680 0.000331868
1681 0.000331868
1682 0.000331868
1683 0.000331868
1684 0.000331868
1685 0.000331868
1686 0.000331868
1687 0.000331868
1688 0.000331868
1689 0.000331868
1690 0.000331868
1691 0.000331868
1692 0.000331868
1693 0.000331868
1694 0.000331868
1695 0.000331868
1696 0.000331868
1697 0.000331868
1698 0.000331868
1699 0.000331868
1700 0.000331868
1701 0.000331868
1702 0.000331868
1703 0.000331868
1704 0.000331868
1705 0.000248901
1706 0.000248901
1707 0.000248901
1708 0.000248901
1709 0.000248901
1710 0.000248901
1711 0.000248901
1712 0.000248901
1713 0.000248901
1714 0.000248901
1715 0.000248901
1716 0.000248901
1717 0.000248901
1718 0.000248901
1719 0.000248901
1720 0.000248901
1721 0.000248901
1722 0.000248901
1723 0.000248901
1724 0.000248901
1725 0.000248901
1726 0.000248901
1727 0.000248901
1728 0.000248901
1729 0.000248901
1730 0.000248901
1731 0.000248901
1732 0.000248901
1733 0.000248901
1734 0.000248901
1735 0.000248901
1736 0.000248901
1737 0.000165934
1738 0.000165934
1739 0.000165934
1740 0.000165934
1741 0.000165934
1742 0.000165934
1743 0.000165934
1744 0.000165934
1745 0.000165934
1746 0.000165934
1747 0.000165934
1748 0.000165934
1749 0.000165934
1750 0.000165934
1751 0.000165934
1752 0.000165934
1753 0.000165934
1754 0.000165934
1755 0.000165934
1756 0.000165934
1757 0.000165934
1758 0.000165934
1759 0.000165934
1760 0.000165934
1761 0.000165934
1762 0.000165934
1763 0.000165934
1764 0.000165934
1765 0.000165934
1766 0.000165934
1767 0.000165934
1768 0.000165934
1769 0.000165934
1770 0.000165934
1771 0.000165934
1772 0.000165934
1773 0.000165934
1774 0.000165934
1775 0.000165934
1776 0.000165934
1777 0.000165934
1778 0.000165934
1779 0.000165934
1780 0.000165934
1781 0.000165934
1782 0.000165934
1783 0.000165934
1784 0.000165934
1785 0.000165934
1786 0.000165934
1787 0.000165934
1788 0.000165934
1789 0.000165934
1790 0.000165934
1791 0.000165934
1792 0.000165934
1793 0.000165934
1794 0.000165934
1795 0.000165934
1796 0.000165934
1797 0.000165934
1798 0.000165934
1799 0.000165934
1800 0.000165934
1801 0.000165934
1802 0.000165934
1803 0.000165934
1804 0.000165934
1805 0.000165934
1806 0.000165934
1807 0.000165934
1808 0.000165934
1809 0.000165934
1810 0.000165934
1811 0.000165934
1812 0.000165934
1813 0.000165934
1814 0.000165934
1815 0.000165934
1816 0.000165934
1817 0.000165934
1818 0.000165934
1819 0.000165934
1820 0.000165934
1821 0.000165934
1822 0.000165934
1823 0.000165934
1824 0.000165934
1825 0.000165934
1826 0.000165934
1827 0.000165934
1828 0.000165934
1829 0.000165934
1830 0.000165934
1831 0.000165934
1832 0.000165934
1833 0.000165934
1834 0.000165934
1835 0.000165934
1836 0.000165934
1837 0.000165934
1838 0.000165934
1839 0.000165934
1840 0.000165934
1841 0.000165934
1842 0.000165934
1843 0.000165934
1844 0.000165934
1845 0.000165934
1846 0.000165934
1847 0.000165934
1848 0.000165934
1849 0.000165934
1850 0.000165934
1851 0.000165934
1852 0.000165934
1853 0.000165934
1854 0.000165934
1855 0.000165934
1856 0.000165934
1857 0.000165934
1858 0.000165934
1859 0.000165934
1860 0.000165934
1861 0.000165934
1862 0.000165934
1863 0.000165934
1864 0.000165934
1865 0.000165934
1866 0.000165934
1867 0.000165934
1868 0.000165934
1869 0.000165934
1870 0.000165934
1871 0.000165934
1872 0.000165934
1873 0.000165934
1874 0.000165934
1875 0.000165934
1876 0.000165934
1877 0.000165934
1878 0.000165934
1879 0.000165934
1880 0.000165934
1881 0.000165934
1882 0.000165934
1883 0.000165934
1884 0.000165934
1885 0.000165934
1886 0.000165934
1887 0.000165934
1888 0.000165934
1889 0.000165934
1890 0.000165934
1891 0.000165934
1892 0.000165934
1893 0.000165934
1894 0.000165934
1895 0.000165934
1896 0.000165934
1897 0.000165934
1898 0.000165934
1899 0.000165934
1900 0.000165934
1901 0.000165934
1902 0.000165934
1903 0.000165934
1904 0.000165934
1905 0.000165934
1906 0.000165934
1907 0.000165934
1908 0.000165934
1909 0.000165934
1910 0.000165934
1911 0.000165934
1912 0.000165934
1913 0.000165934
1914 0.000165934
1915 0.000165934
1916 0.000165934
1917 0.000165934
1918 0.000165934
1919 0.000165934
1920 0.000165934
1921 0.000165934
1922 0.000165934
1923 0.000165934
1924 0.000165934
1925 0.000165934
1926 0.000165934
1927 0.000165934
1928 0.000165934
1929 0.000165934
1930 0.000165934
1931 0.000165934
1932 0.000165934
1933 0.000165934
1934 0.000165934
1935 0.000165934
1936 0.000165934
1937 0.000165934
1938 0.000165934
1939 0.000165934
1940 0.000165934
1941 0.000165934
1942 0.000165934
1943 0.000165934
1944 0.000165934
1945 8.29669e-05
1946 8.29669e-05
1947 8.29669e-05
1948 8.29669e-05
1949 8.29669e-05
1950 8.29669e-05
1951 8.29669e-05
1952 8.29669e-05
1953 8.29669e-05
1954 8.29669e-05
1955 8.29669e-05
1956 8.29669e-05
1957 8.29669e-05
1958 8.29669e-05
1959 8.29669e-05
1960 8.29669e-05
1961 8.29669e-05
1962 8.29669e-05
1963 8.29669e-05
1964 8.29669e-05
1965 8.29669e-05
1966 8.29669e-05
1967 8.29669e-05
1968 8.29669e-05
1969 8.29669e-05
1970 8.29669e-05
1971 8.29669e-05
1972 8.29669e-05
1973 8.29669e-05
1974 8.29669e-05
1975 8.29669e-05
1976 8.29669e-05
1977 8.29669e-05
1978 8.29669e-05
1979 8.29669e-05
1980 8.29669e-05
1981 8.29669e-05
1982 8.29669e-05
1983 8.29669e-05
1984 8.29669e-05
1985 8.29669e-05
1986 8.29669e-05
1987 8.29669e-05
1988 8.29669e-05
1989 8.29669e-05
1990 8.29669e-05
1991 8.29669e-05
1992 8.29669e-05
