0 1
1 1
2 1
3 1
4 1
5 1
6 1
7 1
8 1
9 1
10 1
11 1
12 1
13 1
14 1
15 0.999919
16 0.999919
17 0.999919
18 0.999919
19 0.999919
20 0.999919
21 0.999919
22 0.999919
23 0.999757
24 0.999757
25 0.999757
26 0.999757
27 0.999757
28 0.999757
29 0.999757
30 0.999757
31 0.999353
32 0.999353
33 0.999353
34 0.999353
35 0.999353
36 0.999353
37 0.999353
38 0.999353
39 0.999191
40 0.999191
41 0.999191
42 0.999191
43 0.999191
44 0.999191
45 0.999191
46 0.999191
47 0.998949
48 0.998949
49 0.998949
50 0.998949
51 0.998949
52 0.998949
53 0.998949
54 0.998949
55 0.998625
56 0.998625
57 0.998625
58 0.998625
59 0.998625
60 0.998625
61 0.998625
62 0.998625
63 0.99814
64 0.99814
65 0.956335
66 0.956335
67 0.956335
68 0.956335
69 0.956335
70 0.956335
71 0.956012
72 0.956012
73 0.914207
74 0.914207
75 0.914207
76 0.914207
77 0.914207
78 0.914207
79 0.914126
80 0.914126
81 0.87127
82 0.87127
83 0.87127
84 0.87127
85 0.87127
86 0.87127
87 0.871109
88 0.871109
89 0.826069
90 0.826069
91 0.826069
92 0.826069
93 0.826069
94 0.826069
95 0.825908
96 0.825908
97 0.785154
98 0.785154
99 0.785154
100 0.785154
101 0.785154
102 0.785154
103 0.785073
104 0.785073
105 0.746665
106 0.746665
107 0.746665
108 0.746665
109 0.746665
110 0.746665
111 0.746503
112 0.746503
113 0.712056
114 0.712056
115 0.712056
116 0.712056
117 0.712056
118 0.712056
119 0.711814
120 0.711814
121 0.675265
122 0.675265
123 0.675265
124 0.675265
125 0.675265
126 0.675265
127 0.674861
128 0.674861
129 0.64001
130 0.64001
131 0.64001
132 0.64001
133 0.64001
134 0.64001
135 0.639929
136 0.639929
137 0.605078
138 0.605078
139 0.605078
140 0.605078
141 0.605078
142 0.605078
143 0.605078
144 0.605078
145 0.572087
146 0.572087
147 0.572087
148 0.572087
149 0.572087
150 0.572087
151 0.572006
152 0.572006
153 0.541522
154 0.541522
155 0.541522
156 0.541522
157 0.541522
158 0.541522
159 0.541441
160 0.541441
161 0.515
162 0.515
163 0.515
164 0.515
165 0.515
166 0.515
167 0.514676
168 0.514676
169 0.485
170 0.485
171 0.485
172 0.485
173 0.485
174 0.485
175 0.48492
176 0.48492
177 0.458074
178 0.458074
179 0.458074
180 0.458074
181 0.458074
182 0.458074
183 0.457912
184 0.457912
185 0.434705
186 0.434705
187 0.434705
188 0.434705
189 0.434705
190 0.434705
191 0.434382
192 0.434382
193 0.411417
194 0.411417
195 0.411417
196 0.411417
197 0.411417
198 0.411417
199 0.411175
200 0.411175
201 0.389504
202 0.389504
203 0.389504
204 0.389504
205 0.389504
206 0.389504
207 0.389343
208 0.389343
209 0.37123
210 0.37123
211 0.37123
212 0.37123
213 0.37123
214 0.37123
215 0.371149
216 0.371149
217 0.352309
218 0.352309
219 0.352309
220 0.352309
221 0.352309
222 0.352309
223 0.352309
224 0.352309
225 0.334762
226 0.334762
227 0.334762
228 0.334762
229 0.334762
230 0.334762
231 0.3346
232 0.3346
233 0.316568
234 0.316568
235 0.316568
236 0.316568
237 0.316568
238 0.316568
239 0.316487
240 0.316487
241 0.29886
242 0.29886
243 0.29886
244 0.29886
245 0.29886
246 0.29886
247 0.298779
248 0.298779
249 0.284871
250 0.284871
251 0.284871
252 0.284871
253 0.284871
254 0.284871
255 0.28479
256 0.28479
257 0.270801
258 0.270801
259 0.270801
260 0.270801
261 0.270801
262 0.270801
263 0.270801
264 0.270801
265 0.258106
266 0.258106
267 0.258106
268 0.258106
269 0.258106
270 0.258106
271 0.258106
272 0.258106
273 0.24533
274 0.24533
275 0.24533
276 0.24533
277 0.24533
278 0.24533
279 0.245249
280 0.245249
281 0.233606
282 0.233606
283 0.233606
284 0.233606
285 0.233606
286 0.233606
287 0.233606
288 0.233606
289 0.222285
290 0.222285
291 0.222285
292 0.222285
293 0.222285
294 0.222285
295 0.222285
296 0.222285
297 0.211692
298 0.211692
299 0.211692
300 0.211692
301 0.211692
302 0.211692
303 0.21145
304 0.21145
305 0.202555
306 0.202555
307 0.202555
308 0.202555
309 0.202555
310 0.202555
311 0.202474
312 0.202474
313 0.192771
314 0.192771
315 0.192771
316 0.192771
317 0.192771
318 0.192771
319 0.192771
320 0.192771
321 0.184604
322 0.184604
323 0.184604
324 0.184604
325 0.184604
326 0.184604
327 0.184442
328 0.184442
329 0.176518
330 0.176518
331 0.176518
332 0.176518
333 0.176518
334 0.176518
335 0.176518
336 0.176518
337 0.167947
338 0.167947
339 0.167947
340 0.167947
341 0.167947
342 0.167947
343 0.167947
344 0.167947
345 0.162529
346 0.162529
347 0.162529
348 0.162529
349 0.162529
350 0.162529
351 0.162529
352 0.162529
353 0.155656
354 0.155656
355 0.155656
356 0.155656
357 0.155656
358 0.155656
359 0.155656
360 0.155656
361 0.149106
362 0.149106
363 0.149106
364 0.149106
365 0.149106
366 0.149106
367 0.149106
368 0.149106
369 0.142799
370 0.142799
371 0.142799
372 0.142799
373 0.142799
374 0.142799
375 0.142799
376 0.142799
377 0.136897
378 0.136897
379 0.136897
380 0.136897
381 0.136897
382 0.136897
383 0.136897
384 0.136897
385 0.132207
386 0.132207
387 0.132207
388 0.132207
389 0.132207
390 0.132207
391 0.132207
392 0.132207
393 0.126223
394 0.126223
395 0.126223
396 0.126223
397 0.126223
398 0.126223
399 0.126223
400 0.126223
401 0.121129
402 0.121129
403 0.121129
404 0.121129
405 0.121129
406 0.121129
407 0.120967
408 0.120967
409 0.115711
410 0.115711
411 0.115711
412 0.115711
413 0.115711
414 0.115711
415 0.11563
416 0.11563
417 0.110779
418 0.110779
419 0.110779
420 0.110779
421 0.110779
422 0.110779
423 0.110698
424 0.110698
425 0.105604
426 0.105604
427 0.105604
428 0.105604
429 0.105604
430 0.105604
431 0.105523
432 0.105523
433 0.100995
434 0.100995
435 0.100995
436 0.100995
437 0.100995
438 0.100995
439 0.100995
440 0.100995
441 0.0970324
442 0.0970324
443 0.0970324
444 0.0970324
445 0.0970324
446 0.0970324
447 0.0969516
448 0.0969516
449 0.0931511
450 0.0931511
451 0.0931511
452 0.0931511
453 0.0931511
454 0.0931511
455 0.0930703
456 0.0930703
457 0.0893507
458 0.0893507
459 0.0893507
460 0.0893507
461 0.0893507
462 0.0893507
463 0.0893507
464 0.0893507
465 0.0855503
466 0.0855503
467 0.0855503
468 0.0855503
469 0.0855503
470 0.0855503
471 0.0855503
472 0.0855503
473 0.0823158
474 0.0823158
475 0.0823158
476 0.0823158
477 0.0823158
478 0.0823158
479 0.0823158
480 0.0823158
481 0.0792431
482 0.0792431
483 0.0792431
484 0.0792431
485 0.0792431
486 0.0792431
487 0.0792431
488 0.0792431
489 0.0765748
490 0.0765748
491 0.0765748
492 0.0765748
493 0.0765748
494 0.0765748
495 0.0765748
496 0.0765748
497 0.0739872
498 0.0739872
499 0.0739872
500 0.0739872
501 0.0739872
502 0.0739872
503 0.0739064
504 0.0739064
505 0.0713188
506 0.0713188
507 0.0713188
508 0.0713188
509 0.0713188
510 0.0713188
511 0.0713188
512 0.0713188
513 0.0687313
514 0.0687313
515 0.0687313
516 0.0687313
517 0.0687313
518 0.0687313
519 0.0687313
520 0.0687313
521 0.0665481
522 0.0665481
523 0.0665481
524 0.0665481
525 0.0665481
526 0.0665481
527 0.0665481
528 0.0665481
529 0.063718
530 0.063718
531 0.063718
532 0.063718
533 0.063718
534 0.063718
535 0.063718
536 0.063718
537 0.0612113
538 0.0612113
539 0.0612113
540 0.0612113
541 0.0612113
542 0.0612113
543 0.0612113
544 0.0612113
545 0.0593515
546 0.0593515
547 0.0593515
548 0.0593515
549 0.0593515
550 0.0593515
551 0.0593515
552 0.0593515
553 0.05733
554 0.05733
555 0.05733
556 0.05733
557 0.05733
558 0.05733
559 0.05733
560 0.05733
561 0.0555511
562 0.0555511
563 0.0555511
564 0.0555511
565 0.0555511
566 0.0555511
567 0.0555511
568 0.0555511
569 0.0539339
570 0.0539339
571 0.0539339
572 0.0539339
573 0.0539339
574 0.0539339
575 0.0539339
576 0.0539339
577 0.0519932
578 0.0519932
579 0.0519932
580 0.0519932
581 0.0519932
582 0.0519932
583 0.0519932
584 0.0519932
585 0.0504569
586 0.0504569
587 0.0504569
588 0.0504569
589 0.0504569
590 0.0504569
591 0.0504569
592 0.0504569
593 0.0490014
594 0.0490014
595 0.0490014
596 0.0490014
597 0.0490014
598 0.0490014
599 0.0490014
600 0.0490014
601 0.0475459
602 0.0475459
603 0.0475459
604 0.0475459
605 0.0475459
606 0.0475459
607 0.0475459
608 0.0475459
609 0.0465756
610 0.0465756
611 0.0465756
612 0.0465756
613 0.0465756
614 0.0465756
615 0.0465756
616 0.0465756
617 0.0445541
618 0.0445541
619 0.0445541
620 0.0445541
621 0.0445541
622 0.0445541
623 0.0443115
624 0.0443115
625 0.0435837
626 0.0435837
627 0.0435837
628 0.0435837
629 0.0435837
630 0.0435837
631 0.0435837
632 0.0435837
633 0.0422091
634 0.0422091
635 0.0422091
636 0.0422091
637 0.0422091
638 0.0422091
639 0.0422091
640 0.0422091
641 0.0416431
642 0.0416431
643 0.0416431
644 0.0416431
645 0.0416431
646 0.0416431
647 0.0416431
648 0.0416431
649 0.0400259
650 0.0400259
651 0.0400259
652 0.0400259
653 0.0400259
654 0.0400259
655 0.039945
656 0.039945
657 0.0380044
658 0.0380044
659 0.0380044
660 0.0380044
661 0.0380044
662 0.0380044
663 0.0379235
664 0.0379235
665 0.0367106
666 0.0367106
667 0.0367106
668 0.0367106
669 0.0367106
670 0.0367106
671 0.0367106
672 0.0367106
673 0.0350934
674 0.0350934
675 0.0350934
676 0.0350934
677 0.0350934
678 0.0350934
679 0.0350934
680 0.0350934
681 0.0333145
682 0.0333145
683 0.0333145
684 0.0333145
685 0.0333145
686 0.0333145
687 0.0333145
688 0.0333145
689 0.0325867
690 0.0325867
691 0.0325867
692 0.0325867
693 0.0325867
694 0.0325867
695 0.0325867
696 0.0325867
697 0.031293
698 0.031293
699 0.031293
700 0.031293
701 0.031293
702 0.031293
703 0.031293
704 0.031293
705 0.0304035
706 0.0304035
707 0.0304035
708 0.0304035
709 0.0304035
710 0.0304035
711 0.0304035
712 0.0304035
713 0.0296758
714 0.0296758
715 0.0296758
716 0.0296758
717 0.0296758
718 0.0296758
719 0.0296758
720 0.0296758
721 0.0287863
722 0.0287863
723 0.0287863
724 0.0287863
725 0.0287863
726 0.0287863
727 0.0287863
728 0.0287863
729 0.027816
730 0.027816
731 0.027816
732 0.027816
733 0.027816
734 0.027816
735 0.027816
736 0.027816
737 0.0266839
738 0.0266839
739 0.0266839
740 0.0266839
741 0.0266839
742 0.0266839
743 0.0266031
744 0.0266031
745 0.0256327
746 0.0256327
747 0.0256327
748 0.0256327
749 0.0256327
750 0.0256327
751 0.0256327
752 0.0256327
753 0.0250667
754 0.0250667
755 0.0250667
756 0.0250667
757 0.0250667
758 0.0250667
759 0.0250667
760 0.0250667
761 0.0245007
762 0.0245007
763 0.0245007
764 0.0245007
765 0.0245007
766 0.0245007
767 0.0245007
768 0.0245007
769 0.0233686
770 0.0233686
771 0.0233686
772 0.0233686
773 0.0233686
774 0.0233686
775 0.0233686
776 0.0233686
777 0.0230452
778 0.0230452
779 0.0230452
780 0.0230452
781 0.0230452
782 0.0230452
783 0.0230452
784 0.0230452
785 0.0220749
786 0.0220749
787 0.0220749
788 0.0220749
789 0.0220749
790 0.0220749
791 0.0220749
792 0.0220749
793 0.0213471
794 0.0213471
795 0.0213471
796 0.0213471
797 0.0213471
798 0.0213471
799 0.0212663
800 0.0212663
801 0.0202151
802 0.0202151
803 0.0202151
804 0.0202151
805 0.0202151
806 0.0202151
807 0.0202151
808 0.0202151
809 0.0193256
810 0.0193256
811 0.0193256
812 0.0193256
813 0.0193256
814 0.0193256
815 0.0193256
816 0.0193256
817 0.0187596
818 0.0187596
819 0.0187596
820 0.0187596
821 0.0187596
822 0.0187596
823 0.0187596
824 0.0187596
825 0.0178701
826 0.0178701
827 0.0178701
828 0.0178701
829 0.0178701
830 0.0178701
831 0.0178701
832 0.0178701
833 0.0173041
834 0.0173041
835 0.0173041
836 0.0173041
837 0.0173041
838 0.0173041
839 0.0173041
840 0.0173041
841 0.0165764
842 0.0165764
843 0.0165764
844 0.0165764
845 0.0165764
846 0.0165764
847 0.0165764
848 0.0165764
849 0.0162529
850 0.0162529
851 0.0162529
852 0.0162529
853 0.0162529
854 0.0162529
855 0.0162529
856 0.0162529
857 0.0157678
858 0.0157678
859 0.0157678
860 0.0157678
861 0.0157678
862 0.0157678
863 0.0157678
864 0.0157678
865 0.0153635
866 0.0153635
867 0.0153635
868 0.0153635
869 0.0153635
870 0.0153635
871 0.0153635
872 0.0153635
873 0.0148783
874 0.0148783
875 0.0148783
876 0.0148783
877 0.0148783
878 0.0148783
879 0.0148783
880 0.0148783
881 0.0147166
882 0.0147166
883 0.0147166
884 0.0147166
885 0.0147166
886 0.0147166
887 0.0147166
888 0.0147166
889 0.0139888
890 0.0139888
891 0.0139888
892 0.0139888
893 0.0139888
894 0.0139888
895 0.0139888
896 0.0139888
897 0.0136654
898 0.0136654
899 0.0136654
900 0.0136654
901 0.0136654
902 0.0136654
903 0.0136654
904 0.0136654
905 0.0130185
906 0.0130185
907 0.0130185
908 0.0130185
909 0.0130185
910 0.0130185
911 0.0130185
912 0.0130185
913 0.0126951
914 0.0126951
915 0.0126951
916 0.0126951
917 0.0126951
918 0.0126951
919 0.0126951
920 0.0126951
921 0.0122908
922 0.0122908
923 0.0122908
924 0.0122908
925 0.0122908
926 0.0122908
927 0.0122099
928 0.0122099
929 0.0119673
930 0.0119673
931 0.0119673
932 0.0119673
933 0.0119673
934 0.0119673
935 0.0119673
936 0.0119673
937 0.011563
938 0.011563
939 0.011563
940 0.011563
941 0.011563
942 0.011563
943 0.011563
944 0.011563
945 0.010997
946 0.010997
947 0.010997
948 0.010997
949 0.010997
950 0.010997
951 0.010997
952 0.010997
953 0.0105927
954 0.0105927
955 0.0105927
956 0.0105927
957 0.0105927
958 0.0105927
959 0.0105927
960 0.0105927
961 0.00994582
962 0.00994582
963 0.00994582
964 0.00994582
965 0.00994582
966 0.00994582
967 0.00994582
968 0.00994582
969 0.0097841
970 0.0097841
971 0.0097841
972 0.0097841
973 0.0097841
974 0.0097841
975 0.0097841
976 0.0097841
977 0.00962238
978 0.00962238
979 0.00962238
980 0.00962238
981 0.00962238
982 0.00962238
983 0.00962238
984 0.00962238
985 0.00921808
986 0.00921808
987 0.00921808
988 0.00921808
989 0.00921808
990 0.00921808
991 0.00921808
992 0.00921808
993 0.0089755
994 0.0089755
995 0.0089755
996 0.0089755
997 0.0089755
998 0.0089755
999 0.0089755
1000 0.0089755
1001 0.00873292
1002 0.00873292
1003 0.00873292
1004 0.00873292
1005 0.00873292
1006 0.00873292
1007 0.00873292
1008 0.00873292
1009 0.00865206
1010 0.00865206
1011 0.00865206
1012 0.00865206
1013 0.00865206
1014 0.00865206
1015 0.00865206
1016 0.00865206
1017 0.00832862
1018 0.00832862
1019 0.00832862
1020 0.00832862
1021 0.00832862
1022 0.00832862
1023 0.00832862
1024 0.00832862
1025 0.00800517
1026 0.00800517
1027 0.00800517
1028 0.00800517
1029 0.00800517
1030 0.00800517
1031 0.00800517
1032 0.00800517
1033 0.00776259
1034 0.00776259
1035 0.00776259
1036 0.00776259
1037 0.00776259
1038 0.00776259
1039 0.00776259
1040 0.00776259
1041 0.00752001
1042 0.00752001
1043 0.00752001
1044 0.00752001
1045 0.00752001
1046 0.00752001
1047 0.00752001
1048 0.00752001
1049 0.00743915
1050 0.00743915
1051 0.00743915
1052 0.00743915
1053 0.00743915
1054 0.00743915
1055 0.00743915
1056 0.00743915
1057 0.00719657
1058 0.00719657
1059 0.00719657
1060 0.00719657
1061 0.00719657
1062 0.00719657
1063 0.00719657
1064 0.00719657
1065 0.00687313
1066 0.00687313
1067 0.00687313
1068 0.00687313
1069 0.00687313
1070 0.00687313
1071 0.00687313
1072 0.00687313
1073 0.00663055
1074 0.00663055
1075 0.00663055
1076 0.00663055
1077 0.00663055
1078 0.00663055
1079 0.00663055
1080 0.00663055
1081 0.00646883
1082 0.00646883
1083 0.00646883
1084 0.00646883
1085 0.00646883
1086 0.00646883
1087 0.00646883
1088 0.00646883
1089 0.00646883
1090 0.00646883
1091 0.00646883
1092 0.00646883
1093 0.00646883
1094 0.00646883
1095 0.00646883
1096 0.00646883
1097 0.00638797
1098 0.00638797
1099 0.00638797
1100 0.00638797
1101 0.00638797
1102 0.00638797
1103 0.00638797
1104 0.00638797
1105 0.00630711
1106 0.00630711
1107 0.00630711
1108 0.00630711
1109 0.00630711
1110 0.00630711
1111 0.00630711
1112 0.00630711
1113 0.00630711
1114 0.00630711
1115 0.00630711
1116 0.00630711
1117 0.00630711
1118 0.00630711
1119 0.00630711
1120 0.00630711
1121 0.00622625
1122 0.00622625
1123 0.00622625
1124 0.00622625
1125 0.00622625
1126 0.00622625
1127 0.00622625
1128 0.00622625
1129 0.00606453
1130 0.00606453
1131 0.00606453
1132 0.00606453
1133 0.00606453
1134 0.00606453
1135 0.00598367
1136 0.00598367
1137 0.00582195
1138 0.00582195
1139 0.00582195
1140 0.00582195
1141 0.00582195
1142 0.00582195
1143 0.00582195
1144 0.00582195
1145 0.00566022
1146 0.00566022
1147 0.00566022
1148 0.00566022
1149 0.00566022
1150 0.00566022
1151 0.00566022
1152 0.00566022
1153 0.0054985
1154 0.0054985
1155 0.0054985
1156 0.0054985
1157 0.0054985
1158 0.0054985
1159 0.0054985
1160 0.0054985
1161 0.00541764
1162 0.00541764
1163 0.00541764
1164 0.00541764
1165 0.00541764
1166 0.00541764
1167 0.00541764
1168 0.00541764
1169 0.00517506
1170 0.00517506
1171 0.00517506
1172 0.00517506
1173 0.00517506
1174 0.00517506
1175 0.00517506
1176 0.00517506
1177 0.00501334
1178 0.00501334
1179 0.00501334
1180 0.00501334
1181 0.00501334
1182 0.00501334
1183 0.00501334
1184 0.00501334
1185 0.00493248
1186 0.00493248
1187 0.00493248
1188 0.00493248
1189 0.00493248
1190 0.00493248
1191 0.00493248
1192 0.00493248
1193 0.00477076
1194 0.00477076
1195 0.00477076
1196 0.00477076
1197 0.00477076
1198 0.00477076
1199 0.00477076
1200 0.00477076
1201 0.00477076
1202 0.00477076
1203 0.00477076
1204 0.00477076
1205 0.00477076
1206 0.00477076
1207 0.00477076
1208 0.00477076
1209 0.00452818
1210 0.00452818
1211 0.00452818
1212 0.00452818
1213 0.00452818
1214 0.00452818
1215 0.00452818
1216 0.00452818
1217 0.00444732
1218 0.00444732
1219 0.00444732
1220 0.00444732
1221 0.00444732
1222 0.00444732
1223 0.00444732
1224 0.00444732
1225 0.00444732
1226 0.00444732
1227 0.00444732
1228 0.00444732
1229 0.00444732
1230 0.00444732
1231 0.00444732
1232 0.00444732
1233 0.00420474
1234 0.00420474
1235 0.00420474
1236 0.00420474
1237 0.00420474
1238 0.00420474
1239 0.00420474
1240 0.00420474
1241 0.00412388
1242 0.00412388
1243 0.00412388
1244 0.00412388
1245 0.00412388
1246 0.00412388
1247 0.00412388
1248 0.00412388
1249 0.00412388
1250 0.00412388
1251 0.00412388
1252 0.00412388
1253 0.00412388
1254 0.00412388
1255 0.00412388
1256 0.00412388
1257 0.00396216
1258 0.00396216
1259 0.00396216
1260 0.00396216
1261 0.00396216
1262 0.00396216
1263 0.00396216
1264 0.00396216
1265 0.00396216
1266 0.00396216
1267 0.00396216
1268 0.00396216
1269 0.00396216
1270 0.00396216
1271 0.00396216
1272 0.00396216
1273 0.00396216
1274 0.00396216
1275 0.00396216
1276 0.00396216
1277 0.00396216
1278 0.00396216
1279 0.00396216
1280 0.00396216
1281 0.00380044
1282 0.00380044
1283 0.00380044
1284 0.00380044
1285 0.00380044
1286 0.00380044
1287 0.00380044
1288 0.00380044
1289 0.00371958
1290 0.00371958
1291 0.00371958
1292 0.00371958
1293 0.00371958
1294 0.00371958
1295 0.00371958
1296 0.00371958
1297 0.003477
1298 0.003477
1299 0.003477
1300 0.003477
1301 0.003477
1302 0.003477
1303 0.003477
1304 0.003477
1305 0.00323441
1306 0.00323441
1307 0.00323441
1308 0.00323441
1309 0.00323441
1310 0.00323441
1311 0.00323441
1312 0.00323441
1313 0.00323441
1314 0.00323441
1315 0.00323441
1316 0.00323441
1317 0.00323441
1318 0.00323441
1319 0.00323441
1320 0.00323441
1321 0.00299183
1322 0.00299183
1323 0.00299183
1324 0.00299183
1325 0.00299183
1326 0.00299183
1327 0.00299183
1328 0.00299183
1329 0.00291097
1330 0.00291097
1331 0.00291097
1332 0.00291097
1333 0.00291097
1334 0.00291097
1335 0.00291097
1336 0.00291097
1337 0.00283011
1338 0.00283011
1339 0.00283011
1340 0.00283011
1341 0.00283011
1342 0.00283011
1343 0.00283011
1344 0.00283011
1345 0.00258753
1346 0.00258753
1347 0.00258753
1348 0.00258753
1349 0.00258753
1350 0.00258753
1351 0.00258753
1352 0.00258753
1353 0.00250667
1354 0.00250667
1355 0.00250667
1356 0.00250667
1357 0.00250667
1358 0.00250667
1359 0.00250667
1360 0.00250667
1361 0.00218323
1362 0.00218323
1363 0.00218323
1364 0.00218323
1365 0.00218323
1366 0.00218323
1367 0.00218323
1368 0.00218323
1369 0.00202151
1370 0.00202151
1371 0.00202151
1372 0.00202151
1373 0.00202151
1374 0.00202151
1375 0.00202151
1376 0.00202151
1377 0.00202151
1378 0.00202151
1379 0.00202151
1380 0.00202151
1381 0.00202151
1382 0.00202151
1383 0.00202151
1384 0.00202151
1385 0.00202151
1386 0.00202151
1387 0.00202151
1388 0.00202151
1389 0.00202151
1390 0.00202151
1391 0.00202151
1392 0.00202151
1393 0.00194065
1394 0.00194065
1395 0.00194065
1396 0.00194065
1397 0.00194065
1398 0.00194065
1399 0.00194065
1400 0.00194065
1401 0.00185979
1402 0.00185979
1403 0.00185979
1404 0.00185979
1405 0.00185979
1406 0.00185979
1407 0.00177893
1408 0.00177893
1409 0.00177893
1410 0.00177893
1411 0.00177893
1412 0.00177893
1413 0.00177893
1414 0.00177893
1415 0.00177893
1416 0.00177893
1417 0.00177893
1418 0.00177893
1419 0.00177893
1420 0.00177893
1421 0.00177893
1422 0.00177893
1423 0.00177893
1424 0.00177893
1425 0.00177893
1426 0.00177893
1427 0.00177893
1428 0.00177893
1429 0.00177893
1430 0.00177893
1431 0.00177893
1432 0.00177893
1433 0.00161721
1434 0.00161721
1435 0.00161721
1436 0.00161721
1437 0.00161721
1438 0.00161721
1439 0.00161721
1440 0.00161721
1441 0.00153635
1442 0.00153635
1443 0.00153635
1444 0.00153635
1445 0.00153635
1446 0.00153635
1447 0.00153635
1448 0.00153635
1449 0.00153635
1450 0.00153635
1451 0.00153635
1452 0.00153635
1453 0.00153635
1454 0.00153635
1455 0.00153635
1456 0.00153635
1457 0.00145549
1458 0.00145549
1459 0.00145549
1460 0.00145549
1461 0.00145549
1462 0.00145549
1463 0.00145549
1464 0.00145549
1465 0.00145549
1466 0.00145549
1467 0.00145549
1468 0.00145549
1469 0.00145549
1470 0.00145549
1471 0.00145549
1472 0.00145549
1473 0.00145549
1474 0.00145549
1475 0.00145549
1476 0.00145549
1477 0.00145549
1478 0.00145549
1479 0.00145549
1480 0.00145549
1481 0.00145549
1482 0.00145549
1483 0.00145549
1484 0.00145549
1485 0.00145549
1486 0.00145549
1487 0.00145549
1488 0.00145549
1489 0.00145549
1490 0.00145549
1491 0.00145549
1492 0.00145549
1493 0.00145549
1494 0.00145549
1495 0.00145549
1496 0.00145549
1497 0.00145549
1498 0.00145549
1499 0.00145549
1500 0.00145549
1501 0.00145549
1502 0.00145549
1503 0.00145549
1504 0.00145549
1505 0.00145549
1506 0.00145549
1507 0.00145549
1508 0.00145549
1509 0.00145549
1510 0.00145549
1511 0.00145549
1512 0.00145549
1513 0.00145549
1514 0.00145549
1515 0.00145549
1516 0.00145549
1517 0.00145549
1518 0.00145549
1519 0.00145549
1520 0.00145549
1521 0.00145549
1522 0.00145549
1523 0.00145549
1524 0.00145549
1525 0.00145549
1526 0.00145549
1527 0.00145549
1528 0.00145549
1529 0.00121291
1530 0.00121291
1531 0.00121291
1532 0.00121291
1533 0.00121291
1534 0.00121291
1535 0.00121291
1536 0.00121291
1537 0.00113204
1538 0.00113204
1539 0.00113204
1540 0.00113204
1541 0.00113204
1542 0.00113204
1543 0.00113204
1544 0.00113204
1545 0.00113204
1546 0.00113204
1547 0.00113204
1548 0.00113204
1549 0.00113204
1550 0.00113204
1551 0.00113204
1552 0.00113204
1553 0.00113204
1554 0.00113204
1555 0.00113204
1556 0.00113204
1557 0.00113204
1558 0.00113204
1559 0.00113204
1560 0.00113204
1561 0.00113204
1562 0.00113204
1563 0.00113204
1564 0.00113204
1565 0.00113204
1566 0.00113204
1567 0.00113204
1568 0.00113204
1569 0.00105118
1570 0.00105118
1571 0.00105118
1572 0.00105118
1573 0.00105118
1574 0.00105118
1575 0.00105118
1576 0.00105118
1577 0.00105118
1578 0.00105118
1579 0.00105118
1580 0.00105118
1581 0.00105118
1582 0.00105118
1583 0.00105118
1584 0.00105118
1585 0.00105118
1586 0.00105118
1587 0.00105118
1588 0.00105118
1589 0.00105118
1590 0.00105118
1591 0.00105118
1592 0.00105118
1593 0.00105118
1594 0.00105118
1595 0.00105118
1596 0.00105118
1597 0.00105118
1598 0.00105118
1599 0.00105118
1600 0.00105118
1601 0.00105118
1602 0.00105118
1603 0.00105118
1604 0.00105118
1605 0.00105118
1606 0.00105118
1607 0.00105118
1608 0.00105118
1609 0.00105118
1610 0.00105118
1611 0.00105118
1612 0.00105118
1613 0.00105118
1614 0.00105118
1615 0.00105118
1616 0.00105118
1617 0.000970324
1618 0.000970324
1619 0.000970324
1620 0.000970324
1621 0.000970324
1622 0.000970324
1623 0.000970324
1624 0.000970324
1625 0.000970324
1626 0.000970324
1627 0.000970324
1628 0.000970324
1629 0.000970324
1630 0.000970324
1631 0.000970324
1632 0.000970324
1633 0.000970324
1634 0.000970324
1635 0.000970324
1636 0.000970324
1637 0.000970324
1638 0.000970324
1639 0.000970324
1640 0.000970324
1641 0.000889464
1642 0.000889464
1643 0.000889464
1644 0.000889464
1645 0.000889464
1646 0.000889464
1647 0.000889464
1648 0.000889464
1649 0.000808604
1650 0.000808604
1651 0.000808604
1652 0.000808604
1653 0.000808604
1654 0.000808604
1655 0.000808604
1656 0.000808604
1657 0.000727743
1658 0.000727743
1659 0.000727743
1660 0.000727743
1661 0.000727743
1662 0.000727743
1663 0.000727743
1664 0.000727743
1665 0.000727743
1666 0.000727743
1667 0.000727743
1668 0.000727743
1669 0.000727743
1670 0.000727743
1671 0.000727743
1672 0.000727743
1673 0.000727743
1674 0.000727743
1675 0.000727743
1676 0.000727743
1677 0.000727743
1678 0.000727743
1679 0.000727743
1680 0.000727743
1681 0.000727743
1682 0.000727743
1683 0.000727743
1684 0.000727743
1685 0.000727743
1686 0.000727743
1687 0.000727743
1688 0.000727743
1689 0.000727743
1690 0.000727743
1691 0.000727743
1692 0.000727743
1693 0.000727743
1694 0.000727743
1695 0.000727743
1696 0.000727743
1697 0.000727743
1698 0.000727743
1699 0.000727743
1700 0.000727743
1701 0.000727743
1702 0.000727743
1703 0.000727743
1704 0.000727743
1705 0.000727743
1706 0.000727743
1707 0.000727743
1708 0.000727743
1709 0.000727743
1710 0.000727743
1711 0.000727743
1712 0.000727743
1713 0.000646883
1714 0.000646883
1715 0.000646883
1716 0.000646883
1717 0.000646883
1718 0.000646883
1719 0.000646883
1720 0.000646883
1721 0.000646883
1722 0.000646883
1723 0.000646883
1724 0.000646883
1725 0.000646883
1726 0.000646883
1727 0.000646883
1728 0.000646883
1729 0.000646883
1730 0.000646883
1731 0.000646883
1732 0.000646883
1733 0.000646883
1734 0.000646883
1735 0.000646883
1736 0.000646883
1737 0.000646883
1738 0.000646883
1739 0.000646883
1740 0.000646883
1741 0.000646883
1742 0.000646883
1743 0.000646883
1744 0.000646883
1745 0.000646883
1746 0.000646883
1747 0.000646883
1748 0.000646883
1749 0.000646883
1750 0.000646883
1751 0.000646883
1752 0.000646883
1753 0.000646883
1754 0.000646883
1755 0.000646883
1756 0.000646883
1757 0.000646883
1758 0.000646883
1759 0.000646883
1760 0.000646883
1761 0.000646883
1762 0.000646883
1763 0.000646883
1764 0.000646883
1765 0.000646883
1766 0.000646883
1767 0.000646883
1768 0.000646883
1769 0.000646883
1770 0.000646883
1771 0.000646883
1772 0.000646883
1773 0.000646883
1774 0.000646883
1775 0.000646883
1776 0.000646883
1777 0.000566022
1778 0.000566022
1779 0.000566022
1780 0.000566022
1781 0.000566022
1782 0.000566022
1783 0.000566022
1784 0.000566022
1785 0.000485162
1786 0.000485162
1787 0.000485162
1788 0.000485162
1789 0.000485162
1790 0.000485162
1791 0.000485162
1792 0.000485162
1793 0.000485162
1794 0.000485162
1795 0.000485162
1796 0.000485162
1797 0.000485162
1798 0.000485162
1799 0.000485162
1800 0.000485162
1801 0.000485162
1802 0.000485162
1803 0.000485162
1804 0.000485162
1805 0.000485162
1806 0.000485162
1807 0.000485162
1808 0.000485162
1809 0.000404302
1810 0.000404302
1811 0.000404302
1812 0.000404302
1813 0.000404302
1814 0.000404302
1815 0.000404302
1816 0.000404302
1817 0.000404302
1818 0.000404302
1819 0.000404302
1820 0.000404302
1821 0.000404302
1822 0.000404302
1823 0.000404302
1824 0.000404302
1825 0.000404302
1826 0.000404302
1827 0.000404302
1828 0.000404302
1829 0.000404302
1830 0.000404302
1831 0.000404302
1832 0.000404302
1833 0.000404302
1834 0.000404302
1835 0.000404302
1836 0.000404302
1837 0.000404302
1838 0.000404302
1839 0.000404302
1840 0.000404302
1841 0.000404302
1842 0.000404302
1843 0.000404302
1844 0.000404302
1845 0.000404302
1846 0.000404302
1847 0.000404302
1848 0.000404302
1849 0.000404302
1850 0.000404302
1851 0.000404302
1852 0.000404302
1853 0.000404302
1854 0.000404302
1855 0.000404302
1856 0.000404302
1857 0.000404302
1858 0.000404302
1859 0.000404302
1860 0.000404302
1861 0.000404302
1862 0.000404302
1863 0.000404302
1864 0.000404302
1865 0.000404302
1866 0.000404302
1867 0.000404302
1868 0.000404302
1869 0.000404302
1870 0.000404302
1871 0.000404302
1872 0.000404302
1873 0.000404302
1874 0.000404302
1875 0.000404302
1876 0.000404302
1877 0.000404302
1878 0.000404302
1879 0.000323441
1880 0.000323441
1881 0.000323441
1882 0.000323441
1883 0.000323441
1884 0.000323441
1885 0.000323441
1886 0.000323441
1887 0.000323441
1888 0.000323441
1889 0.000323441
1890 0.000323441
1891 0.000323441
1892 0.000323441
1893 0.000323441
1894 0.000323441
1895 0.000323441
1896 0.000323441
1897 0.000323441
1898 0.000323441
1899 0.000323441
1900 0.000323441
1901 0.000323441
1902 0.000323441
1903 0.000323441
1904 0.000323441
1905 0.000242581
1906 0.000242581
1907 0.000242581
1908 0.000242581
1909 0.000242581
1910 0.000242581
1911 0.000242581
1912 0.000242581
1913 0.000161721
1914 0.000161721
1915 0.000161721
1916 0.000161721
1917 0.000161721
1918 0.000161721
1919 0.000161721
1920 0.000161721
1921 0.000161721
1922 0.000161721
1923 0.000161721
1924 0.000161721
1925 0.000161721
1926 0.000161721
1927 0.000161721
1928 0.000161721
1929 0.000161721
1930 0.000161721
1931 0.000161721
1932 0.000161721
1933 0.000161721
1934 0.000161721
1935 0.000161721
1936 0.000161721
1937 0.000161721
1938 0.000161721
1939 0.000161721
1940 0.000161721
1941 0.000161721
1942 0.000161721
1943 0.000161721
1944 0.000161721
1945 8.08604e-05
1946 8.08604e-05
1947 8.08604e-05
1948 8.08604e-05
1949 8.08604e-05
1950 8.08604e-05
1951 8.08604e-05
1952 8.08604e-05
1953 8.08604e-05
1954 8.08604e-05
1955 8.08604e-05
1956 8.08604e-05
1957 8.08604e-05
1958 8.08604e-05
1959 8.08604e-05
1960 8.08604e-05
1961 8.08604e-05
1962 8.08604e-05
1963 8.08604e-05
1964 8.08604e-05
1965 8.08604e-05
1966 8.08604e-05
1967 8.08604e-05
1968 8.08604e-05
1969 8.08604e-05
1970 8.08604e-05
1971 8.08604e-05
1972 8.08604e-05
1973 8.08604e-05
1974 8.08604e-05
1975 8.08604e-05
1976 8.08604e-05
1977 8.08604e-05
1978 8.08604e-05
1979 8.08604e-05
1980 8.08604e-05
1981 8.08604e-05
1982 8.08604e-05
1983 8.08604e-05
1984 8.08604e-05
1985 8.08604e-05
1986 8.08604e-05
1987 8.08604e-05
1988 8.08604e-05
1989 8.08604e-05
1990 8.08604e-05
1991 8.08604e-05
1992 8.08604e-05
1993 8.08604e-05
1994 8.08604e-05
1995 8.08604e-05
1996 8.08604e-05
1997 8.08604e-05
1998 8.08604e-05
1999 8.08604e-05
2000 8.08604e-05
2001 8.08604e-05
2002 8.08604e-05
2003 8.08604e-05
2004 8.08604e-05
2005 8.08604e-05
2006 8.08604e-05
2007 8.08604e-05
2008 8.08604e-05
2009 8.08604e-05
2010 8.08604e-05
2011 8.08604e-05
2012 8.08604e-05
2013 8.08604e-05
2014 8.08604e-05
2015 8.08604e-05
2016 8.08604e-05
2017 8.08604e-05
2018 8.08604e-05
2019 8.08604e-05
2020 8.08604e-05
2021 8.08604e-05
2022 8.08604e-05
2023 8.08604e-05
2024 8.08604e-05
2025 8.08604e-05
2026 8.08604e-05
2027 8.08604e-05
2028 8.08604e-05
2029 8.08604e-05
2030 8.08604e-05
2031 8.08604e-05
2032 8.08604e-05
2033 8.08604e-05
2034 8.08604e-05
2035 8.08604e-05
2036 8.08604e-05
2037 8.08604e-05
2038 8.08604e-05
2039 8.08604e-05
2040 8.08604e-05
2041 8.08604e-05
2042 8.08604e-05
2043 8.08604e-05
2044 8.08604e-05
2045 8.08604e-05
2046 8.08604e-05
2047 8.08604e-05
2048 8.08604e-05
2049 8.08604e-05
2050 8.08604e-05
2051 8.08604e-05
2052 8.08604e-05
2053 8.08604e-05
2054 8.08604e-05
2055 8.08604e-05
2056 8.08604e-05
2057 8.08604e-05
2058 8.08604e-05
2059 8.08604e-05
2060 8.08604e-05
2061 8.08604e-05
2062 8.08604e-05
2063 8.08604e-05
2064 8.08604e-05
2065 8.08604e-05
2066 8.08604e-05
2067 8.08604e-05
2068 8.08604e-05
2069 8.08604e-05
2070 8.08604e-05
2071 8.08604e-05
2072 8.08604e-05
2073 8.08604e-05
2074 8.08604e-05
2075 8.08604e-05
2076 8.08604e-05
2077 8.08604e-05
2078 8.08604e-05
2079 8.08604e-05
2080 8.08604e-05
2081 8.08604e-05
2082 8.08604e-05
2083 8.08604e-05
2084 8.08604e-05
2085 8.08604e-05
2086 8.08604e-05
2087 8.08604e-05
2088 8.08604e-05
2089 8.08604e-05
2090 8.08604e-05
2091 8.08604e-05
2092 8.08604e-05
2093 8.08604e-05
2094 8.08604e-05
2095 8.08604e-05
2096 8.08604e-05
2097 8.08604e-05
2098 8.08604e-05
2099 8.08604e-05
2100 8.08604e-05
2101 8.08604e-05
2102 8.08604e-05
2103 8.08604e-05
2104 8.08604e-05
2105 8.08604e-05
2106 8.08604e-05
2107 8.08604e-05
2108 8.08604e-05
2109 8.08604e-05
2110 8.08604e-05
2111 8.08604e-05
2112 8.08604e-05
2113 8.08604e-05
2114 8.08604e-05
2115 8.08604e-05
2116 8.08604e-05
2117 8.08604e-05
2118 8.08604e-05
2119 8.08604e-05
2120 8.08604e-05
2121 8.08604e-05
2122 8.08604e-05
2123 8.08604e-05
2124 8.08604e-05
2125 8.08604e-05
2126 8.08604e-05
2127 8.08604e-05
2128 8.08604e-05
2129 8.08604e-05
2130 8.08604e-05
2131 8.08604e-05
2132 8.08604e-05
2133 8.08604e-05
2134 8.08604e-05
2135 8.08604e-05
2136 8.08604e-05
2137 8.08604e-05
2138 8.08604e-05
2139 8.08604e-05
2140 8.08604e-05
2141 8.08604e-05
2142 8.08604e-05
2143 8.08604e-05
2144 8.08604e-05
2145 8.08604e-05
2146 8.08604e-05
2147 8.08604e-05
2148 8.08604e-05
2149 8.08604e-05
2150 8.08604e-05
2151 8.08604e-05
2152 8.08604e-05
2153 8.08604e-05
2154 8.08604e-05
2155 8.08604e-05
2156 8.08604e-05
2157 8.08604e-05
2158 8.08604e-05
2159 8.08604e-05
2160 8.08604e-05
2161 8.08604e-05
2162 8.08604e-05
2163 8.08604e-05
2164 8.08604e-05
2165 8.08604e-05
2166 8.08604e-05
2167 8.08604e-05
2168 8.08604e-05
2169 8.08604e-05
2170 8.08604e-05
2171 8.08604e-05
2172 8.08604e-05
2173 8.08604e-05
2174 8.08604e-05
2175 8.08604e-05
2176 8.08604e-05
2177 8.08604e-05
2178 8.08604e-05
2179 8.08604e-05
2180 8.08604e-05
2181 8.08604e-05
2182 8.08604e-05
2183 8.08604e-05
2184 8.08604e-05
2185 8.08604e-05
2186 8.08604e-05
2187 8.08604e-05
2188 8.08604e-05
2189 8.08604e-05
2190 8.08604e-05
2191 8.08604e-05
2192 8.08604e-05
2193 8.08604e-05
2194 8.08604e-05
2195 8.08604e-05
2196 8.08604e-05
2197 8.08604e-05
2198 8.08604e-05
2199 8.08604e-05
2200 8.08604e-05
2201 8.08604e-05
2202 8.08604e-05
2203 8.08604e-05
2204 8.08604e-05
2205 8.08604e-05
2206 8.08604e-05
2207 8.08604e-05
2208 8.08604e-05
2209 8.08604e-05
2210 8.08604e-05
2211 8.08604e-05
2212 8.08604e-05
2213 8.08604e-05
2214 8.08604e-05
2215 8.08604e-05
2216 8.08604e-05
2217 8.08604e-05
2218 8.08604e-05
2219 8.08604e-05
2220 8.08604e-05
2221 8.08604e-05
2222 8.08604e-05
2223 8.08604e-05
2224 8.08604e-05
2225 8.08604e-05
2226 8.08604e-05
2227 8.08604e-05
2228 8.08604e-05
2229 8.08604e-05
2230 8.08604e-05
2231 8.08604e-05
2232 8.08604e-05
2233 8.08604e-05
2234 8.08604e-05
2235 8.08604e-05
2236 8.08604e-05
2237 8.08604e-05
2238 8.08604e-05
2239 8.08604e-05
2240 8.08604e-05
2241 8.08604e-05
2242 8.08604e-05
2243 8.08604e-05
2244 8.08604e-05
2245 8.08604e-05
2246 8.08604e-05
2247 8.08604e-05
2248 8.08604e-05
2249 8.08604e-05
2250 8.08604e-05
2251 8.08604e-05
2252 8.08604e-05
2253 8.08604e-05
2254 8.08604e-05
2255 8.08604e-05
2256 8.08604e-05
2257 8.08604e-05
2258 8.08604e-05
2259 8.08604e-05
2260 8.08604e-05
2261 8.08604e-05
2262 8.08604e-05
2263 8.08604e-05
2264 8.08604e-05
2265 8.08604e-05
2266 8.08604e-05
2267 8.08604e-05
2268 8.08604e-05
2269 8.08604e-05
2270 8.08604e-05
2271 8.08604e-05
2272 8.08604e-05
2273 8.08604e-05
2274 8.08604e-05
2275 8.08604e-05
2276 8.08604e-05
2277 8.08604e-05
2278 8.08604e-05
2279 8.08604e-05
2280 8.08604e-05
2281 8.08604e-05
2282 8.08604e-05
2283 8.08604e-05
2284 8.08604e-05
2285 8.08604e-05
2286 8.08604e-05
2287 8.08604e-05
2288 8.08604e-05
2289 8.08604e-05
2290 8.08604e-05
2291 8.08604e-05
2292 8.08604e-05
2293 8.08604e-05
2294 8.08604e-05
2295 8.08604e-05
2296 8.08604e-05
2297 8.08604e-05
2298 8.08604e-05
2299 8.08604e-05
2300 8.08604e-05
2301 8.08604e-05
2302 8.08604e-05
2303 8.08604e-05
2304 8.08604e-05
2305 8.08604e-05
2306 8.08604e-05
2307 8.08604e-05
2308 8.08604e-05
2309 8.08604e-05
2310 8.08604e-05
2311 8.08604e-05
2312 8.08604e-05
2313 8.08604e-05
2314 8.08604e-05
2315 8.08604e-05
2316 8.08604e-05
2317 8.08604e-05
2318 8.08604e-05
2319 8.08604e-05
2320 8.08604e-05
2321 8.08604e-05
2322 8.08604e-05
2323 8.08604e-05
2324 8.08604e-05
2325 8.08604e-05
2326 8.08604e-05
2327 8.08604e-05
2328 8.08604e-05
2329 8.08604e-05
2330 8.08604e-05
2331 8.08604e-05
2332 8.08604e-05
2333 8.08604e-05
2334 8.08604e-05
2335 8.08604e-05
2336 8.08604e-05
2337 8.08604e-05
2338 8.08604e-05
2339 8.08604e-05
2340 8.08604e-05
2341 8.08604e-05
2342 8.08604e-05
2343 8.08604e-05
2344 8.08604e-05
2345 8.08604e-05
2346 8.08604e-05
2347 8.08604e-05
2348 8.08604e-05
2349 8.08604e-05
2350 8.08604e-05
2351 8.08604e-05
2352 8.08604e-05
2353 8.08604e-05
2354 8.08604e-05
2355 8.08604e-05
2356 8.08604e-05
2357 8.08604e-05
2358 8.08604e-05
2359 8.08604e-05
2360 8.08604e-05
2361 8.08604e-05
2362 8.08604e-05
2363 8.08604e-05
2364 8.08604e-05
2365 8.08604e-05
2366 8.08604e-05
2367 8.08604e-05
2368 8.08604e-05
2369 8.08604e-05
2370 8.08604e-05
2371 8.08604e-05
2372 8.08604e-05
2373 8.08604e-05
2374 8.08604e-05
2375 8.08604e-05
2376 8.08604e-05
2377 8.08604e-05
2378 8.08604e-05
2379 8.08604e-05
2380 8.08604e-05
2381 8.08604e-05
2382 8.08604e-05
2383 8.08604e-05
2384 8.08604e-05
2385 8.08604e-05
2386 8.08604e-05
2387 8.08604e-05
2388 8.08604e-05
2389 8.08604e-05
2390 8.08604e-05
2391 8.08604e-05
2392 8.08604e-05
2393 8.08604e-05
2394 8.08604e-05
2395 8.08604e-05
2396 8.08604e-05
2397 8.08604e-05
2398 8.08604e-05
2399 8.08604e-05
2400 8.08604e-05
2401 8.08604e-05
2402 8.08604e-05
2403 8.08604e-05
2404 8.08604e-05
2405 8.08604e-05
2406 8.08604e-05
2407 8.08604e-05
2408 8.08604e-05
2409 8.08604e-05
2410 8.08604e-05
2411 8.08604e-05
2412 8.08604e-05
2413 8.08604e-05
2414 8.08604e-05
2415 8.08604e-05
2416 8.08604e-05
2417 8.08604e-05
2418 8.08604e-05
2419 8.08604e-05
2420 8.08604e-05
2421 8.08604e-05
2422 8.08604e-05
2423 8.08604e-05
2424 8.08604e-05
2425 8.08604e-05
2426 8.08604e-05
2427 8.08604e-05
2428 8.08604e-05
2429 8.08604e-05
2430 8.08604e-05
2431 8.08604e-05
2432 8.08604e-05
2433 8.08604e-05
2434 8.08604e-05
2435 8.08604e-05
2436 8.08604e-05
2437 8.08604e-05
2438 8.08604e-05
2439 8.08604e-05
2440 8.08604e-05
2441 8.08604e-05
2442 8.08604e-05
2443 8.08604e-05
2444 8.08604e-05
2445 8.08604e-05
2446 8.08604e-05
2447 8.08604e-05
2448 8.08604e-05
2449 8.08604e-05
2450 8.08604e-05
2451 8.08604e-05
2452 8.08604e-05
2453 8.08604e-05
2454 8.08604e-05
2455 8.08604e-05
2456 8.08604e-05
2457 8.08604e-05
2458 8.08604e-05
2459 8.08604e-05
2460 8.08604e-05
2461 8.08604e-05
2462 8.08604e-05
2463 8.08604e-05
2464 8.08604e-05
2465 8.08604e-05
2466 8.08604e-05
2467 8.08604e-05
2468 8.08604e-05
2469 8.08604e-05
2470 8.08604e-05
2471 8.08604e-05
2472 8.08604e-05
2473 8.08604e-05
2474 8.08604e-05
2475 8.08604e-05
2476 8.08604e-05
2477 8.08604e-05
2478 8.08604e-05
2479 8.08604e-05
2480 8.08604e-05
2481 8.08604e-05
2482 8.08604e-05
2483 8.08604e-05
2484 8.08604e-05
2485 8.08604e-05
2486 8.08604e-05
2487 8.08604e-05
2488 8.08604e-05
2489 8.08604e-05
2490 8.08604e-05
2491 8.08604e-05
2492 8.08604e-05
2493 8.08604e-05
2494 8.08604e-05
2495 8.08604e-05
2496 8.08604e-05
2497 8.08604e-05
2498 8.08604e-05
2499 8.08604e-05
2500 8.08604e-05
2501 8.08604e-05
2502 8.08604e-05
2503 8.08604e-05
2504 8.08604e-05
2505 8.08604e-05
2506 8.08604e-05
2507 8.08604e-05
2508 8.08604e-05
2509 8.08604e-05
2510 8.08604e-05
2511 8.08604e-05
2512 8.08604e-05
2513 8.08604e-05
2514 8.08604e-05
2515 8.08604e-05
2516 8.08604e-05
2517 8.08604e-05
2518 8.08604e-05
2519 8.08604e-05
2520 8.08604e-05
2521 8.08604e-05
2522 8.08604e-05
2523 8.08604e-05
2524 8.08604e-05
2525 8.08604e-05
2526 8.08604e-05
2527 8.08604e-05
2528 8.08604e-05
2529 8.08604e-05
2530 8.08604e-05
2531 8.08604e-05
2532 8.08604e-05
2533 8.08604e-05
2534 8.08604e-05
2535 8.08604e-05
2536 8.08604e-05
2537 8.08604e-05
2538 8.08604e-05
2539 8.08604e-05
2540 8.08604e-05
2541 8.08604e-05
2542 8.08604e-05
2543 8.08604e-05
2544 8.08604e-05
2545 8.08604e-05
2546 8.08604e-05
2547 8.08604e-05
2548 8.08604e-05
2549 8.08604e-05
2550 8.08604e-05
2551 8.08604e-05
2552 8.08604e-05
2553 8.08604e-05
2554 8.08604e-05
2555 8.08604e-05
2556 8.08604e-05
2557 8.08604e-05
2558 8.08604e-05
2559 8.08604e-05
2560 8.08604e-05
2561 8.08604e-05
2562 8.08604e-05
2563 8.08604e-05
2564 8.08604e-05
2565 8.08604e-05
2566 8.08604e-05
2567 8.08604e-05
2568 8.08604e-05
2569 8.08604e-05
2570 8.08604e-05
2571 8.08604e-05
2572 8.08604e-05
2573 8.08604e-05
2574 8.08604e-05
2575 8.08604e-05
2576 8.08604e-05
2577 8.08604e-05
2578 8.08604e-05
2579 8.08604e-05
2580 8.08604e-05
2581 8.08604e-05
2582 8.08604e-05
2583 8.08604e-05
2584 8.08604e-05
2585 8.08604e-05
2586 8.08604e-05
2587 8.08604e-05
2588 8.08604e-05
2589 8.08604e-05
2590 8.08604e-05
2591 8.08604e-05
2592 8.08604e-05
2593 8.08604e-05
2594 8.08604e-05
2595 8.08604e-05
2596 8.08604e-05
2597 8.08604e-05
2598 8.08604e-05
2599 8.08604e-05
2600 8.08604e-05
2601 8.08604e-05
2602 8.08604e-05
2603 8.08604e-05
2604 8.08604e-05
2605 8.08604e-05
2606 8.08604e-05
2607 8.08604e-05
2608 8.08604e-05
2609 8.08604e-05
2610 8.08604e-05
2611 8.08604e-05
2612 8.08604e-05
2613 8.08604e-05
2614 8.08604e-05
2615 8.08604e-05
2616 8.08604e-05
2617 8.08604e-05
2618 8.08604e-05
2619 8.08604e-05
2620 8.08604e-05
2621 8.08604e-05
2622 8.08604e-05
2623 8.08604e-05
2624 8.08604e-05
2625 8.08604e-05
2626 8.08604e-05
2627 8.08604e-05
2628 8.08604e-05
2629 8.08604e-05
2630 8.08604e-05
2631 8.08604e-05
2632 8.08604e-05
2633 8.08604e-05
2634 8.08604e-05
2635 8.08604e-05
2636 8.08604e-05
2637 8.08604e-05
2638 8.08604e-05
2639 8.08604e-05
2640 8.08604e-05
2641 8.08604e-05
2642 8.08604e-05
2643 8.08604e-05
2644 8.08604e-05
2645 8.08604e-05
2646 8.08604e-05
2647 8.08604e-05
2648 8.08604e-05
2649 8.08604e-05
2650 8.08604e-05
2651 8.08604e-05
2652 8.08604e-05
2653 8.08604e-05
2654 8.08604e-05
2655 8.08604e-05
2656 8.08604e-05
2657 8.08604e-05
2658 8.08604e-05
2659 8.08604e-05
2660 8.08604e-05
2661 8.08604e-05
2662 8.08604e-05
2663 8.08604e-05
2664 8.08604e-05
2665 8.08604e-05
2666 8.08604e-05
2667 8.08604e-05
2668 8.08604e-05
2669 8.08604e-05
2670 8.08604e-05
2671 8.08604e-05
2672 8.08604e-05
2673 8.08604e-05
2674 8.08604e-05
2675 8.08604e-05
2676 8.08604e-05
2677 8.08604e-05
2678 8.08604e-05
2679 8.08604e-05
2680 8.08604e-05
2681 8.08604e-05
2682 8.08604e-05
2683 8.08604e-05
2684 8.08604e-05
2685 8.08604e-05
2686 8.08604e-05
2687 8.08604e-05
2688 8.08604e-05
2689 8.08604e-05
2690 8.08604e-05
2691 8.08604e-05
2692 8.08604e-05
2693 8.08604e-05
2694 8.08604e-05
2695 8.08604e-05
2696 8.08604e-05
2697 8.08604e-05
2698 8.08604e-05
2699 8.08604e-05
2700 8.08604e-05
2701 8.08604e-05
2702 8.08604e-05
2703 8.08604e-05
2704 8.08604e-05
2705 8.08604e-05
2706 8.08604e-05
2707 8.08604e-05
2708 8.08604e-05
2709 8.08604e-05
2710 8.08604e-05
2711 8.08604e-05
2712 8.08604e-05
2713 8.08604e-05
2714 8.08604e-05
2715 8.08604e-05
2716 8.08604e-05
2717 8.08604e-05
2718 8.08604e-05
2719 8.08604e-05
2720 8.08604e-05
2721 8.08604e-05
2722 8.08604e-05
2723 8.08604e-05
2724 8.08604e-05
2725 8.08604e-05
2726 8.08604e-05
2727 8.08604e-05
2728 8.08604e-05
2729 8.08604e-05
2730 8.08604e-05
2731 8.08604e-05
2732 8.08604e-05
2733 8.08604e-05
2734 8.08604e-05
2735 8.08604e-05
2736 8.08604e-05
2737 8.08604e-05
2738 8.08604e-05
2739 8.08604e-05
2740 8.08604e-05
2741 8.08604e-05
2742 8.08604e-05
2743 8.08604e-05
2744 8.08604e-05
2745 8.08604e-05
2746 8.08604e-05
2747 8.08604e-05
2748 8.08604e-05
2749 8.08604e-05
2750 8.08604e-05
2751 8.08604e-05
2752 8.08604e-05
2753 8.08604e-05
2754 8.08604e-05
2755 8.08604e-05
2756 8.08604e-05
2757 8.08604e-05
2758 8.08604e-05
2759 8.08604e-05
2760 8.08604e-05
2761 8.08604e-05
2762 8.08604e-05
2763 8.08604e-05
2764 8.08604e-05
2765 8.08604e-05
2766 8.08604e-05
2767 8.08604e-05
2768 8.08604e-05
2769 8.08604e-05
2770 8.08604e-05
2771 8.08604e-05
2772 8.08604e-05
2773 8.08604e-05
2774 8.08604e-05
2775 8.08604e-05
2776 8.08604e-05
2777 8.08604e-05
2778 8.08604e-05
2779 8.08604e-05
2780 8.08604e-05
2781 8.08604e-05
2782 8.08604e-05
2783 8.08604e-05
2784 8.08604e-05
2785 8.08604e-05
2786 8.08604e-05
2787 8.08604e-05
2788 8.08604e-05
2789 8.08604e-05
2790 8.08604e-05
2791 8.08604e-05
2792 8.08604e-05
2793 8.08604e-05
2794 8.08604e-05
2795 8.08604e-05
2796 8.08604e-05
2797 8.08604e-05
2798 8.08604e-05
2799 8.08604e-05
2800 8.08604e-05
2801 8.08604e-05
2802 8.08604e-05
2803 8.08604e-05
2804 8.08604e-05
2805 8.08604e-05
2806 8.08604e-05
2807 8.08604e-05
2808 8.08604e-05
2809 8.08604e-05
2810 8.08604e-05
2811 8.08604e-05
2812 8.08604e-05
2813 8.08604e-05
2814 8.08604e-05
2815 8.08604e-05
2816 8.08604e-05
2817 8.08604e-05
2818 8.08604e-05
2819 8.08604e-05
2820 8.08604e-05
2821 8.08604e-05
2822 8.08604e-05
2823 8.08604e-05
2824 8.08604e-05
2825 8.08604e-05
2826 8.08604e-05
2827 8.08604e-05
2828 8.08604e-05
2829 8.08604e-05
2830 8.08604e-05
2831 8.08604e-05
2832 8.08604e-05
2833 8.08604e-05
2834 8.08604e-05
2835 8.08604e-05
2836 8.08604e-05
2837 8.08604e-05
2838 8.08604e-05
2839 8.08604e-05
2840 8.08604e-05
2841 8.08604e-05
2842 8.08604e-05
2843 8.08604e-05
2844 8.08604e-05
2845 8.08604e-05
2846 8.08604e-05
2847 8.08604e-05
2848 8.08604e-05
2849 8.08604e-05
2850 8.08604e-05
2851 8.08604e-05
2852 8.08604e-05
2853 8.08604e-05
2854 8.08604e-05
2855 8.08604e-05
2856 8.08604e-05
2857 8.08604e-05
2858 8.08604e-05
2859 8.08604e-05
2860 8.08604e-05
2861 8.08604e-05
2862 8.08604e-05
2863 8.08604e-05
2864 8.08604e-05
2865 8.08604e-05
2866 8.08604e-05
2867 8.08604e-05
2868 8.08604e-05
2869 8.08604e-05
2870 8.08604e-05
2871 8.08604e-05
2872 8.08604e-05
2873 8.08604e-05
2874 8.08604e-05
2875 8.08604e-05
2876 8.08604e-05
2877 8.08604e-05
2878 8.08604e-05
2879 8.08604e-05
2880 8.08604e-05
2881 8.08604e-05
2882 8.08604e-05
2883 8.08604e-05
2884 8.08604e-05
2885 8.08604e-05
2886 8.08604e-05
2887 8.08604e-05
2888 8.08604e-05
2889 8.08604e-05
2890 8.08604e-05
2891 8.08604e-05
2892 8.08604e-05
2893 8.08604e-05
2894 8.08604e-05
2895 8.08604e-05
2896 8.08604e-05
2897 8.08604e-05
2898 8.08604e-05
2899 8.08604e-05
2900 8.08604e-05
2901 8.08604e-05
2902 8.08604e-05
2903 8.08604e-05
2904 8.08604e-05
2905 8.08604e-05
2906 8.08604e-05
2907 8.08604e-05
2908 8.08604e-05
2909 8.08604e-05
2910 8.08604e-05
2911 8.08604e-05
2912 8.08604e-05
2913 8.08604e-05
2914 8.08604e-05
2915 8.08604e-05
2916 8.08604e-05
2917 8.08604e-05
2918 8.08604e-05
2919 8.08604e-05
2920 8.08604e-05
2921 8.08604e-05
2922 8.08604e-05
2923 8.08604e-05
2924 8.08604e-05
2925 8.08604e-05
2926 8.08604e-05
2927 8.08604e-05
2928 8.08604e-05
2929 8.08604e-05
2930 8.08604e-05
2931 8.08604e-05
2932 8.08604e-05
2933 8.08604e-05
2934 8.08604e-05
2935 8.08604e-05
2936 8.08604e-05
2937 8.08604e-05
2938 8.08604e-05
2939 8.08604e-05
2940 8.08604e-05
2941 8.08604e-05
2942 8.08604e-05
2943 8.08604e-05
2944 8.08604e-05
2945 8.08604e-05
2946 8.08604e-05
2947 8.08604e-05
2948 8.08604e-05
2949 8.08604e-05
2950 8.08604e-05
2951 8.08604e-05
2952 8.08604e-05
2953 8.08604e-05
2954 8.08604e-05
2955 8.08604e-05
2956 8.08604e-05
2957 8.08604e-05
2958 8.08604e-05
2959 8.08604e-05
2960 8.08604e-05
2961 8.08604e-05
2962 8.08604e-05
2963 8.08604e-05
2964 8.08604e-05
2965 8.08604e-05
2966 8.08604e-05
2967 8.08604e-05
2968 8.08604e-05
2969 8.08604e-05
2970 8.08604e-05
2971 8.08604e-05
2972 8.08604e-05
2973 8.08604e-05
2974 8.08604e-05
2975 8.08604e-05
2976 8.08604e-05
2977 8.08604e-05
2978 8.08604e-05
2979 8.08604e-05
2980 8.08604e-05
2981 8.08604e-05
2982 8.08604e-05
2983 8.08604e-05
2984 8.08604e-05
2985 8.08604e-05
2986 8.08604e-05
2987 8.08604e-05
2988 8.08604e-05
2989 8.08604e-05
2990 8.08604e-05
2991 8.08604e-05
2992 8.08604e-05
