0 1
1 1
2 1
3 1
4 1
5 1
6 1
7 0.999641
8 0.999641
9 0.999641
10 0.999641
11 0.999641
12 0.999641
13 0.999641
14 0.999641
15 0.99959
16 0.99959
17 0.99959
18 0.99959
19 0.99959
20 0.99959
21 0.99959
22 0.99959
23 0.999538
24 0.999538
25 0.999538
26 0.999538
27 0.999538
28 0.999538
29 0.999538
30 0.999538
31 0.999436
32 0.999436
33 0.999436
34 0.999436
35 0.999436
36 0.999436
37 0.999436
38 0.999436
39 0.999231
40 0.999231
41 0.999231
42 0.999231
43 0.999231
44 0.999231
45 0.999231
46 0.999231
47 0.998872
48 0.998872
49 0.998872
50 0.998872
51 0.998872
52 0.998872
53 0.998872
54 0.998872
55 0.998666
56 0.998666
57 0.998666
58 0.998666
59 0.998666
60 0.998666
61 0.998666
62 0.998666
63 0.998461
64 0.998461
65 0.957122
66 0.957122
67 0.957122
68 0.957122
69 0.957122
70 0.957122
71 0.956916
72 0.956916
73 0.914705
74 0.914705
75 0.914705
76 0.914705
77 0.914705
78 0.914705
79 0.9145
80 0.9145
81 0.874288
82 0.874288
83 0.874288
84 0.874288
85 0.874288
86 0.874288
87 0.874083
88 0.874083
89 0.833513
90 0.833513
91 0.833513
92 0.833513
93 0.833513
94 0.833513
95 0.833462
96 0.833462
97 0.796687
98 0.796687
99 0.796687
100 0.796687
101 0.796687
102 0.796687
103 0.796584
104 0.796584
105 0.758219
106 0.758219
107 0.758219
108 0.758219
109 0.758219
110 0.758219
111 0.758117
112 0.758117
113 0.719854
114 0.719854
115 0.719854
116 0.719854
117 0.719854
118 0.719854
119 0.719547
120 0.719547
121 0.679489
122 0.679489
123 0.679489
124 0.679489
125 0.679489
126 0.679489
127 0.679335
128 0.679335
129 0.643227
130 0.643227
131 0.643227
132 0.643227
133 0.643227
134 0.643227
135 0.642868
136 0.642868
137 0.606606
138 0.606606
139 0.606606
140 0.606606
141 0.606606
142 0.606606
143 0.606298
144 0.606298
145 0.572857
146 0.572857
147 0.572857
148 0.572857
149 0.572857
150 0.572857
151 0.572652
152 0.572652
153 0.542032
154 0.542032
155 0.542032
156 0.542032
157 0.542032
158 0.542032
159 0.541878
160 0.541878
161 0.512181
162 0.512181
163 0.512181
164 0.512181
165 0.512181
166 0.512181
167 0.51213
168 0.51213
169 0.482279
170 0.482279
171 0.482279
172 0.482279
173 0.482279
174 0.482279
175 0.482125
176 0.482125
177 0.452531
178 0.452531
179 0.452531
180 0.452531
181 0.452531
182 0.452531
183 0.452223
184 0.452223
185 0.425707
186 0.425707
187 0.425707
188 0.425707
189 0.425707
190 0.425707
191 0.425707
192 0.425707
193 0.402421
194 0.402421
195 0.402421
196 0.402421
197 0.402421
198 0.402421
199 0.402318
200 0.402318
201 0.381033
202 0.381033
203 0.381033
204 0.381033
205 0.381033
206 0.381033
207 0.38093
208 0.38093
209 0.357542
210 0.357542
211 0.357542
212 0.357542
213 0.357542
214 0.357542
215 0.357542
216 0.357542
217 0.338924
218 0.338924
219 0.338924
220 0.338924
221 0.338924
222 0.338924
223 0.338719
224 0.338719
225 0.320306
226 0.320306
227 0.320306
228 0.320306
229 0.320306
230 0.320306
231 0.320152
232 0.320152
233 0.300354
234 0.300354
235 0.300354
236 0.300354
237 0.300354
238 0.300354
239 0.300303
240 0.300303
241 0.281787
242 0.281787
243 0.281787
244 0.281787
245 0.281787
246 0.281787
247 0.281684
248 0.281684
249 0.26758
250 0.26758
251 0.26758
252 0.26758
253 0.26758
254 0.26758
255 0.267477
256 0.267477
257 0.252654
258 0.252654
259 0.252654
260 0.252654
261 0.252654
262 0.252654
263 0.252552
264 0.252552
265 0.239421
266 0.239421
267 0.239421
268 0.239421
269 0.239421
270 0.239421
271 0.23937
272 0.23937
273 0.227317
274 0.227317
275 0.227317
276 0.227317
277 0.227317
278 0.227317
279 0.227214
280 0.227214
281 0.214854
282 0.214854
283 0.214854
284 0.214854
285 0.214854
286 0.214854
287 0.214854
288 0.214854
289 0.203108
290 0.203108
291 0.203108
292 0.203108
293 0.203108
294 0.203108
295 0.203006
296 0.203006
297 0.191927
298 0.191927
299 0.191927
300 0.191927
301 0.191927
302 0.191927
303 0.191876
304 0.191876
305 0.180643
306 0.180643
307 0.180643
308 0.180643
309 0.180643
310 0.180643
311 0.180643
312 0.180643
313 0.170539
314 0.170539
315 0.170539
316 0.170539
317 0.170539
318 0.170539
319 0.170488
320 0.170488
321 0.16023
322 0.16023
323 0.16023
324 0.16023
325 0.16023
326 0.16023
327 0.16023
328 0.16023
329 0.150485
330 0.150485
331 0.150485
332 0.150485
333 0.150485
334 0.150485
335 0.150433
336 0.150433
337 0.141817
338 0.141817
339 0.141817
340 0.141817
341 0.141817
342 0.141817
343 0.141817
344 0.141817
345 0.133918
346 0.133918
347 0.133918
348 0.133918
349 0.133918
350 0.133918
351 0.133918
352 0.133918
353 0.126378
354 0.126378
355 0.126378
356 0.126378
357 0.126378
358 0.126378
359 0.126378
360 0.126378
361 0.119711
362 0.119711
363 0.119711
364 0.119711
365 0.119711
366 0.119711
367 0.119659
368 0.119659
369 0.112889
370 0.112889
371 0.112889
372 0.112889
373 0.112889
374 0.112889
375 0.112838
376 0.112838
377 0.107452
378 0.107452
379 0.107452
380 0.107452
381 0.107452
382 0.107452
383 0.107452
384 0.107452
385 0.10058
386 0.10058
387 0.10058
388 0.10058
389 0.10058
390 0.10058
391 0.10058
392 0.10058
393 0.0955019
394 0.0955019
395 0.0955019
396 0.0955019
397 0.0955019
398 0.0955019
399 0.0954506
400 0.0954506
401 0.0903216
402 0.0903216
403 0.0903216
404 0.0903216
405 0.0903216
406 0.0903216
407 0.0903216
408 0.0903216
409 0.0853978
410 0.0853978
411 0.0853978
412 0.0853978
413 0.0853978
414 0.0853978
415 0.0852952
416 0.0852952
417 0.0814484
418 0.0814484
419 0.0814484
420 0.0814484
421 0.0814484
422 0.0814484
423 0.0813971
424 0.0813971
425 0.0774478
426 0.0774478
427 0.0774478
428 0.0774478
429 0.0774478
430 0.0774478
431 0.0774478
432 0.0774478
433 0.0732933
434 0.0732933
435 0.0732933
436 0.0732933
437 0.0732933
438 0.0732933
439 0.0732933
440 0.0732933
441 0.0690363
442 0.0690363
443 0.0690363
444 0.0690363
445 0.0690363
446 0.0690363
447 0.0687798
448 0.0687798
449 0.0644202
450 0.0644202
451 0.0644202
452 0.0644202
453 0.0644202
454 0.0644202
455 0.0643176
456 0.0643176
457 0.060317
458 0.060317
459 0.060317
460 0.060317
461 0.060317
462 0.060317
463 0.060317
464 0.060317
465 0.0571883
466 0.0571883
467 0.0571883
468 0.0571883
469 0.0571883
470 0.0571883
471 0.0571883
472 0.0571883
473 0.0537519
474 0.0537519
475 0.0537519
476 0.0537519
477 0.0537519
478 0.0537519
479 0.0537519
480 0.0537519
481 0.0512899
482 0.0512899
483 0.0512899
484 0.0512899
485 0.0512899
486 0.0512899
487 0.0512387
488 0.0512387
489 0.0487254
490 0.0487254
491 0.0487254
492 0.0487254
493 0.0487254
494 0.0487254
495 0.0487254
496 0.0487254
497 0.0461609
498 0.0461609
499 0.0461609
500 0.0461609
501 0.0461609
502 0.0461609
503 0.0461097
504 0.0461097
505 0.0434939
506 0.0434939
507 0.0434939
508 0.0434939
509 0.0434939
510 0.0434939
511 0.0434939
512 0.0434939
513 0.041032
514 0.041032
515 0.041032
516 0.041032
517 0.041032
518 0.041032
519 0.041032
520 0.041032
521 0.0389804
522 0.0389804
523 0.0389804
524 0.0389804
525 0.0389804
526 0.0389804
527 0.0389804
528 0.0389804
529 0.03698
530 0.03698
531 0.03698
532 0.03698
533 0.03698
534 0.03698
535 0.03698
536 0.03698
537 0.0349797
538 0.0349797
539 0.0349797
540 0.0349797
541 0.0349797
542 0.0349797
543 0.0349797
544 0.0349797
545 0.0335949
546 0.0335949
547 0.0335949
548 0.0335949
549 0.0335949
550 0.0335949
551 0.0335436
552 0.0335436
553 0.0318511
554 0.0318511
555 0.0318511
556 0.0318511
557 0.0318511
558 0.0318511
559 0.0317998
560 0.0317998
561 0.0305688
562 0.0305688
563 0.0305688
564 0.0305688
565 0.0305688
566 0.0305688
567 0.0305688
568 0.0305688
569 0.0292353
570 0.0292353
571 0.0292353
572 0.0292353
573 0.0292353
574 0.0292353
575 0.0292353
576 0.0292353
577 0.0275427
578 0.0275427
579 0.0275427
580 0.0275427
581 0.0275427
582 0.0275427
583 0.0275427
584 0.0275427
585 0.026004
586 0.026004
587 0.026004
588 0.026004
589 0.026004
590 0.026004
591 0.026004
592 0.026004
593 0.0245166
594 0.0245166
595 0.0245166
596 0.0245166
597 0.0245166
598 0.0245166
599 0.0244653
600 0.0244653
601 0.0234395
602 0.0234395
603 0.0234395
604 0.0234395
605 0.0234395
606 0.0234395
607 0.0234395
608 0.0234395
609 0.0222085
610 0.0222085
611 0.0222085
612 0.0222085
613 0.0222085
614 0.0222085
615 0.0222085
616 0.0222085
617 0.0208237
618 0.0208237
619 0.0208237
620 0.0208237
621 0.0208237
622 0.0208237
623 0.0208237
624 0.0208237
625 0.0199518
626 0.0199518
627 0.0199518
628 0.0199518
629 0.0199518
630 0.0199518
631 0.0199518
632 0.0199518
633 0.0191824
634 0.0191824
635 0.0191824
636 0.0191824
637 0.0191824
638 0.0191824
639 0.0191824
640 0.0191824
641 0.0182079
642 0.0182079
643 0.0182079
644 0.0182079
645 0.0182079
646 0.0182079
647 0.0182079
648 0.0182079
649 0.0169257
650 0.0169257
651 0.0169257
652 0.0169257
653 0.0169257
654 0.0169257
655 0.0169257
656 0.0169257
657 0.0157973
658 0.0157973
659 0.0157973
660 0.0157973
661 0.0157973
662 0.0157973
663 0.0157973
664 0.0157973
665 0.0151818
666 0.0151818
667 0.0151818
668 0.0151818
669 0.0151818
670 0.0151818
671 0.0151305
672 0.0151305
673 0.0146689
674 0.0146689
675 0.0146689
676 0.0146689
677 0.0146689
678 0.0146689
679 0.0146689
680 0.0146689
681 0.0137457
682 0.0137457
683 0.0137457
684 0.0137457
685 0.0137457
686 0.0137457
687 0.0137457
688 0.0137457
689 0.0131302
690 0.0131302
691 0.0131302
692 0.0131302
693 0.0131302
694 0.0131302
695 0.0131302
696 0.0131302
697 0.0121557
698 0.0121557
699 0.0121557
700 0.0121557
701 0.0121557
702 0.0121557
703 0.0121557
704 0.0121557
705 0.0111812
706 0.0111812
707 0.0111812
708 0.0111812
709 0.0111812
710 0.0111812
711 0.0111812
712 0.0111812
713 0.0107196
714 0.0107196
715 0.0107196
716 0.0107196
717 0.0107196
718 0.0107196
719 0.0107196
720 0.0107196
721 0.0101041
722 0.0101041
723 0.0101041
724 0.0101041
725 0.0101041
726 0.0101041
727 0.0101041
728 0.0101041
729 0.00923219
730 0.00923219
731 0.00923219
732 0.00923219
733 0.00923219
734 0.00923219
735 0.00923219
736 0.00923219
737 0.00861671
738 0.00861671
739 0.00861671
740 0.00861671
741 0.00861671
742 0.00861671
743 0.00861671
744 0.00861671
745 0.00841155
746 0.00841155
747 0.00841155
748 0.00841155
749 0.00841155
750 0.00841155
751 0.00841155
752 0.00841155
753 0.00800123
754 0.00800123
755 0.00800123
756 0.00800123
757 0.00800123
758 0.00800123
759 0.00800123
760 0.00800123
761 0.00784736
762 0.00784736
763 0.00784736
764 0.00784736
765 0.00784736
766 0.00784736
767 0.00784736
768 0.00784736
769 0.00753962
770 0.00753962
771 0.00753962
772 0.00753962
773 0.00753962
774 0.00753962
775 0.00753962
776 0.00753962
777 0.00728317
778 0.00728317
779 0.00728317
780 0.00728317
781 0.00728317
782 0.00728317
783 0.00728317
784 0.00728317
785 0.00707801
786 0.00707801
787 0.00707801
788 0.00707801
789 0.00707801
790 0.00707801
791 0.00707801
792 0.00707801
793 0.0066164
794 0.0066164
795 0.0066164
796 0.0066164
797 0.0066164
798 0.0066164
799 0.0066164
800 0.0066164
801 0.00630866
802 0.00630866
803 0.00630866
804 0.00630866
805 0.00630866
806 0.00630866
807 0.00630866
808 0.00630866
809 0.00605221
810 0.00605221
811 0.00605221
812 0.00605221
813 0.00605221
814 0.00605221
815 0.00605221
816 0.00605221
817 0.00564189
818 0.00564189
819 0.00564189
820 0.00564189
821 0.00564189
822 0.00564189
823 0.00564189
824 0.00564189
825 0.00553931
826 0.00553931
827 0.00553931
828 0.00553931
829 0.00553931
830 0.00553931
831 0.00553931
832 0.00553931
833 0.00543673
834 0.00543673
835 0.00543673
836 0.00543673
837 0.00543673
838 0.00543673
839 0.00538544
840 0.00538544
841 0.0050777
842 0.0050777
843 0.0050777
844 0.0050777
845 0.0050777
846 0.0050777
847 0.0050777
848 0.0050777
849 0.00471867
850 0.00471867
851 0.00471867
852 0.00471867
853 0.00471867
854 0.00471867
855 0.00471867
856 0.00471867
857 0.00451351
858 0.00451351
859 0.00451351
860 0.00451351
861 0.00451351
862 0.00451351
863 0.00451351
864 0.00451351
865 0.00420578
866 0.00420578
867 0.00420578
868 0.00420578
869 0.00420578
870 0.00420578
871 0.00420578
872 0.00420578
873 0.00389804
874 0.00389804
875 0.00389804
876 0.00389804
877 0.00389804
878 0.00389804
879 0.00389804
880 0.00389804
881 0.00374417
882 0.00374417
883 0.00374417
884 0.00374417
885 0.00374417
886 0.00374417
887 0.00374417
888 0.00374417
889 0.00348772
890 0.00348772
891 0.00348772
892 0.00348772
893 0.00348772
894 0.00348772
895 0.00348772
896 0.00348772
897 0.00333385
898 0.00333385
899 0.00333385
900 0.00333385
901 0.00333385
902 0.00333385
903 0.00333385
904 0.00333385
905 0.00312869
906 0.00312869
907 0.00312869
908 0.00312869
909 0.00312869
910 0.00312869
911 0.00312869
912 0.00312869
913 0.00302611
914 0.00302611
915 0.00302611
916 0.00302611
917 0.00302611
918 0.00302611
919 0.00302611
920 0.00302611
921 0.00276966
922 0.00276966
923 0.00276966
924 0.00276966
925 0.00276966
926 0.00276966
927 0.00276966
928 0.00276966
929 0.00261579
930 0.00261579
931 0.00261579
932 0.00261579
933 0.00261579
934 0.00261579
935 0.00261579
936 0.00261579
937 0.00251321
938 0.00251321
939 0.00251321
940 0.00251321
941 0.00251321
942 0.00251321
943 0.00251321
944 0.00251321
945 0.00235934
946 0.00235934
947 0.00235934
948 0.00235934
949 0.00235934
950 0.00235934
951 0.00235934
952 0.00235934
953 0.00220547
954 0.00220547
955 0.00220547
956 0.00220547
957 0.00220547
958 0.00220547
959 0.00220547
960 0.00220547
961 0.0020516
962 0.0020516
963 0.0020516
964 0.0020516
965 0.0020516
966 0.0020516
967 0.0020516
968 0.0020516
969 0.00184644
970 0.00184644
971 0.00184644
972 0.00184644
973 0.00184644
974 0.00184644
975 0.00184644
976 0.00184644
977 0.00174386
978 0.00174386
979 0.00174386
980 0.00174386
981 0.00174386
982 0.00174386
983 0.00174386
984 0.00174386
985 0.00169257
986 0.00169257
987 0.00169257
988 0.00169257
989 0.00169257
990 0.00169257
991 0.00169257
992 0.00169257
993 0.00158999
994 0.00158999
995 0.00158999
996 0.00158999
997 0.00158999
998 0.00158999
999 0.00158999
1000 0.00158999
1001 0.00148741
1002 0.00148741
1003 0.00148741
1004 0.00148741
1005 0.00148741
1006 0.00148741
1007 0.00148741
1008 0.00148741
1009 0.00138483
1010 0.00138483
1011 0.00138483
1012 0.00138483
1013 0.00138483
1014 0.00138483
1015 0.00138483
1016 0.00138483
1017 0.00117967
1018 0.00117967
1019 0.00117967
1020 0.00117967
1021 0.00117967
1022 0.00117967
1023 0.00112838
1024 0.00112838
1025 0.00112838
1026 0.00112838
1027 0.00112838
1028 0.00112838
1029 0.00112838
1030 0.00112838
1031 0.00112838
1032 0.00112838
1033 0.000923219
1034 0.000923219
1035 0.000923219
1036 0.000923219
1037 0.000923219
1038 0.000923219
1039 0.000923219
1040 0.000923219
1041 0.000923219
1042 0.000923219
1043 0.000923219
1044 0.000923219
1045 0.000923219
1046 0.000923219
1047 0.000923219
1048 0.000923219
1049 0.000923219
1050 0.000923219
1051 0.000923219
1052 0.000923219
1053 0.000923219
1054 0.000923219
1055 0.000923219
1056 0.000923219
1057 0.000923219
1058 0.000923219
1059 0.000923219
1060 0.000923219
1061 0.000923219
1062 0.000923219
1063 0.000923219
1064 0.000923219
1065 0.000820639
1066 0.000820639
1067 0.000820639
1068 0.000820639
1069 0.000820639
1070 0.000820639
1071 0.000820639
1072 0.000820639
1073 0.000820639
1074 0.000820639
1075 0.000820639
1076 0.000820639
1077 0.000820639
1078 0.000820639
1079 0.000820639
1080 0.000820639
1081 0.000820639
1082 0.000820639
1083 0.000820639
1084 0.000820639
1085 0.000820639
1086 0.000820639
1087 0.000820639
1088 0.000820639
1089 0.000820639
1090 0.000820639
1091 0.000820639
1092 0.000820639
1093 0.000820639
1094 0.000820639
1095 0.000820639
1096 0.000820639
1097 0.000769349
1098 0.000769349
1099 0.000769349
1100 0.000769349
1101 0.000769349
1102 0.000769349
1103 0.000769349
1104 0.000769349
1105 0.000769349
1106 0.000769349
1107 0.000769349
1108 0.000769349
1109 0.000769349
1110 0.000769349
1111 0.000769349
1112 0.000769349
1113 0.000666769
1114 0.000666769
1115 0.000666769
1116 0.000666769
1117 0.000666769
1118 0.000666769
1119 0.000666769
1120 0.000666769
1121 0.000666769
1122 0.000666769
1123 0.000666769
1124 0.000666769
1125 0.000666769
1126 0.000666769
1127 0.000666769
1128 0.000666769
1129 0.000615479
1130 0.000615479
1131 0.000615479
1132 0.000615479
1133 0.000615479
1134 0.000615479
1135 0.000615479
1136 0.000615479
1137 0.000564189
1138 0.000564189
1139 0.000564189
1140 0.000564189
1141 0.000564189
1142 0.000564189
1143 0.000564189
1144 0.000564189
1145 0.000512899
1146 0.000512899
1147 0.000512899
1148 0.000512899
1149 0.000512899
1150 0.000512899
1151 0.000512899
1152 0.000512899
1153 0.000512899
1154 0.000512899
1155 0.000512899
1156 0.000512899
1157 0.000512899
1158 0.000512899
1159 0.000512899
1160 0.000512899
1161 0.000512899
1162 0.000512899
1163 0.000512899
1164 0.000512899
1165 0.000512899
1166 0.000512899
1167 0.000512899
1168 0.000512899
1169 0.000512899
1170 0.000512899
1171 0.000512899
1172 0.000512899
1173 0.000512899
1174 0.000512899
1175 0.000512899
1176 0.000512899
1177 0.000461609
1178 0.000461609
1179 0.000461609
1180 0.000461609
1181 0.000461609
1182 0.000461609
1183 0.000461609
1184 0.000461609
1185 0.000461609
1186 0.000461609
1187 0.000461609
1188 0.000461609
1189 0.000461609
1190 0.000461609
1191 0.000461609
1192 0.000461609
1193 0.000461609
1194 0.000461609
1195 0.000461609
1196 0.000461609
1197 0.000461609
1198 0.000461609
1199 0.000461609
1200 0.000461609
1201 0.00041032
1202 0.00041032
1203 0.00041032
1204 0.00041032
1205 0.00041032
1206 0.00041032
1207 0.00041032
1208 0.00041032
1209 0.00035903
1210 0.00035903
1211 0.00035903
1212 0.00035903
1213 0.00035903
1214 0.00035903
1215 0.00035903
1216 0.00035903
1217 0.00035903
1218 0.00035903
1219 0.00035903
1220 0.00035903
1221 0.00035903
1222 0.00035903
1223 0.00035903
1224 0.00035903
1225 0.00030774
1226 0.00030774
1227 0.00030774
1228 0.00030774
1229 0.00030774
1230 0.00030774
1231 0.00030774
1232 0.00030774
1233 0.00030774
1234 0.00030774
1235 0.00030774
1236 0.00030774
1237 0.00030774
1238 0.00030774
1239 0.00030774
1240 0.00030774
1241 0.00030774
1242 0.00030774
1243 0.00030774
1244 0.00030774
1245 0.00030774
1246 0.00030774
1247 0.00030774
1248 0.00030774
1249 0.00030774
1250 0.00030774
1251 0.00030774
1252 0.00030774
1253 0.00030774
1254 0.00030774
1255 0.00030774
1256 0.00030774
1257 0.00030774
1258 0.00030774
1259 0.00030774
1260 0.00030774
1261 0.00030774
1262 0.00030774
1263 0.00030774
1264 0.00030774
1265 0.00025645
1266 0.00025645
1267 0.00025645
1268 0.00025645
1269 0.00025645
1270 0.00025645
1271 0.00025645
1272 0.00025645
1273 0.00025645
1274 0.00025645
1275 0.00025645
1276 0.00025645
1277 0.00025645
1278 0.00025645
1279 0.00025645
1280 0.00025645
1281 0.00020516
1282 0.00020516
1283 0.00020516
1284 0.00020516
1285 0.00020516
1286 0.00020516
1287 0.00020516
1288 0.00020516
1289 0.00015387
1290 0.00015387
1291 0.00015387
1292 0.00015387
1293 0.00015387
1294 0.00015387
1295 0.00015387
1296 0.00015387
1297 0.00015387
1298 0.00015387
1299 0.00015387
1300 0.00015387
1301 0.00015387
1302 0.00015387
1303 0.00015387
1304 0.00015387
1305 0.00015387
1306 0.00015387
1307 0.00015387
1308 0.00015387
1309 0.00015387
1310 0.00015387
1311 0.00015387
1312 0.00015387
1313 0.00015387
1314 0.00015387
1315 0.00015387
1316 0.00015387
1317 0.00015387
1318 0.00015387
1319 0.00015387
1320 0.00015387
1321 0.00015387
1322 0.00015387
1323 0.00015387
1324 0.00015387
1325 0.00015387
1326 0.00015387
1327 0.00015387
1328 0.00015387
1329 0.00015387
1330 0.00015387
1331 0.00015387
1332 0.00015387
1333 0.00015387
1334 0.00015387
1335 0.00015387
1336 0.00015387
1337 0.00015387
1338 0.00015387
1339 0.00015387
1340 0.00015387
1341 0.00015387
1342 0.00015387
1343 0.00015387
1344 0.00015387
1345 0.00015387
1346 0.00015387
1347 0.00015387
1348 0.00015387
1349 0.00015387
1350 0.00015387
1351 0.00015387
1352 0.00015387
1353 0.00015387
1354 0.00015387
1355 0.00015387
1356 0.00015387
1357 0.00015387
1358 0.00015387
1359 0.00015387
1360 0.00015387
1361 0.00015387
1362 0.00015387
1363 0.00015387
1364 0.00015387
1365 0.00015387
1366 0.00015387
1367 0.00015387
1368 0.00015387
1369 0.00015387
1370 0.00015387
1371 0.00015387
1372 0.00015387
1373 0.00015387
1374 0.00015387
1375 0.00015387
1376 0.00015387
1377 0.00015387
1378 0.00015387
1379 0.00015387
1380 0.00015387
1381 0.00015387
1382 0.00015387
1383 0.00015387
1384 0.00015387
1385 0.00015387
1386 0.00015387
1387 0.00015387
1388 0.00015387
1389 0.00015387
1390 0.00015387
1391 0.00015387
1392 0.00015387
1393 0.00015387
1394 0.00015387
1395 0.00015387
1396 0.00015387
1397 0.00015387
1398 0.00015387
1399 0.00015387
1400 0.00015387
1401 0.00015387
1402 0.00015387
1403 0.00015387
1404 0.00015387
1405 0.00015387
1406 0.00015387
1407 0.00015387
1408 0.00015387
1409 0.00015387
1410 0.00015387
1411 0.00015387
1412 0.00015387
1413 0.00015387
1414 0.00015387
1415 0.00015387
1416 0.00015387
1417 0.00010258
1418 0.00010258
1419 0.00010258
1420 0.00010258
1421 0.00010258
1422 0.00010258
1423 0.00010258
1424 0.00010258
1425 0.00010258
1426 0.00010258
1427 0.00010258
1428 0.00010258
1429 0.00010258
1430 0.00010258
1431 0.00010258
1432 0.00010258
1433 0.00010258
1434 0.00010258
1435 0.00010258
1436 0.00010258
1437 0.00010258
1438 0.00010258
1439 0.00010258
1440 0.00010258
1441 0.00010258
1442 0.00010258
1443 0.00010258
1444 0.00010258
1445 0.00010258
1446 0.00010258
1447 0.00010258
1448 0.00010258
1449 0.00010258
1450 0.00010258
1451 0.00010258
1452 0.00010258
1453 0.00010258
1454 0.00010258
1455 0.00010258
1456 0.00010258
1457 0.00010258
1458 0.00010258
1459 0.00010258
1460 0.00010258
1461 0.00010258
1462 0.00010258
1463 0.00010258
1464 0.00010258
1465 0.00010258
1466 0.00010258
1467 0.00010258
1468 0.00010258
1469 0.00010258
1470 0.00010258
1471 0.00010258
1472 0.00010258
1473 0.00010258
1474 0.00010258
1475 0.00010258
1476 0.00010258
1477 0.00010258
1478 0.00010258
1479 0.00010258
1480 0.00010258
1481 0.00010258
1482 0.00010258
1483 0.00010258
1484 0.00010258
1485 0.00010258
1486 0.00010258
1487 0.00010258
1488 0.00010258
1489 0.00010258
1490 0.00010258
1491 0.00010258
1492 0.00010258
1493 0.00010258
1494 0.00010258
1495 0.00010258
1496 0.00010258
1497 0.00010258
1498 0.00010258
1499 0.00010258
1500 0.00010258
1501 0.00010258
1502 0.00010258
1503 0.00010258
1504 0.00010258
1505 0.00010258
1506 0.00010258
1507 0.00010258
1508 0.00010258
1509 0.00010258
1510 0.00010258
1511 0.00010258
1512 0.00010258
1513 0.00010258
1514 0.00010258
1515 0.00010258
1516 0.00010258
1517 0.00010258
1518 0.00010258
1519 0.00010258
1520 0.00010258
1521 0.00010258
1522 0.00010258
1523 0.00010258
1524 0.00010258
1525 0.00010258
1526 0.00010258
1527 0.00010258
1528 0.00010258
1529 0.00010258
1530 0.00010258
1531 0.00010258
1532 0.00010258
1533 0.00010258
1534 0.00010258
1535 0.00010258
1536 0.00010258
1537 0.00010258
1538 0.00010258
1539 0.00010258
1540 0.00010258
1541 0.00010258
1542 0.00010258
1543 0.00010258
1544 0.00010258
1545 0.00010258
1546 0.00010258
1547 0.00010258
1548 0.00010258
1549 0.00010258
1550 0.00010258
1551 0.00010258
1552 0.00010258
1553 0.00010258
1554 0.00010258
1555 0.00010258
1556 0.00010258
1557 0.00010258
1558 0.00010258
1559 0.00010258
1560 0.00010258
1561 0.00010258
1562 0.00010258
1563 0.00010258
1564 0.00010258
1565 0.00010258
1566 0.00010258
1567 0.00010258
1568 0.00010258
1569 5.12899e-05
1570 5.12899e-05
1571 5.12899e-05
1572 5.12899e-05
1573 5.12899e-05
1574 5.12899e-05
1575 5.12899e-05
1576 5.12899e-05
1577 5.12899e-05
1578 5.12899e-05
1579 5.12899e-05
1580 5.12899e-05
1581 5.12899e-05
1582 5.12899e-05
1583 5.12899e-05
1584 5.12899e-05
1585 5.12899e-05
1586 5.12899e-05
1587 5.12899e-05
1588 5.12899e-05
1589 5.12899e-05
1590 5.12899e-05
1591 5.12899e-05
1592 5.12899e-05
1593 5.12899e-05
1594 5.12899e-05
1595 5.12899e-05
1596 5.12899e-05
1597 5.12899e-05
1598 5.12899e-05
1599 5.12899e-05
1600 5.12899e-05
1601 5.12899e-05
1602 5.12899e-05
1603 5.12899e-05
1604 5.12899e-05
1605 5.12899e-05
1606 5.12899e-05
1607 5.12899e-05
1608 5.12899e-05
1609 5.12899e-05
1610 5.12899e-05
1611 5.12899e-05
1612 5.12899e-05
1613 5.12899e-05
1614 5.12899e-05
1615 5.12899e-05
1616 5.12899e-05
