0 1
1 1
2 1
3 1
4 1
5 1
6 1
7 0.999968
8 0.999968
9 0.999968
10 0.999968
11 0.999968
12 0.999968
13 0.999968
14 0.999968
15 0.999903
16 0.999903
17 0.999903
18 0.999903
19 0.999903
20 0.999903
21 0.999903
22 0.999903
23 0.999805
24 0.999805
25 0.999805
26 0.999805
27 0.999805
28 0.999805
29 0.999805
30 0.999805
31 0.999708
32 0.999708
33 0.967405
34 0.967405
35 0.967405
36 0.967405
37 0.967405
38 0.967405
39 0.967242
40 0.967242
41 0.935621
42 0.935621
43 0.935621
44 0.935621
45 0.935621
46 0.935621
47 0.935459
48 0.935459
49 0.905656
50 0.905656
51 0.905656
52 0.905656
53 0.905656
54 0.905656
55 0.905656
56 0.905656
57 0.878385
58 0.878385
59 0.878385
60 0.878385
61 0.878385
62 0.878385
63 0.878157
64 0.878157
65 0.848614
66 0.848614
67 0.848614
68 0.848614
69 0.848614
70 0.848614
71 0.848581
72 0.848581
73 0.820206
74 0.820206
75 0.820206
76 0.820206
77 0.820206
78 0.820206
79 0.819979
80 0.819979
81 0.791669
82 0.791669
83 0.791669
84 0.791669
85 0.791669
86 0.791669
87 0.791539
88 0.791539
89 0.765762
90 0.765762
91 0.765762
92 0.765762
93 0.765762
94 0.765762
95 0.765665
96 0.765665
97 0.73979
98 0.73979
99 0.73979
100 0.73979
101 0.73979
102 0.73979
103 0.739725
104 0.739725
105 0.715311
106 0.715311
107 0.715311
108 0.715311
109 0.715311
110 0.715311
111 0.715116
112 0.715116
113 0.692065
114 0.692065
115 0.692065
116 0.692065
117 0.692065
118 0.692065
119 0.691708
120 0.691708
121 0.668073
122 0.668073
123 0.668073
124 0.668073
125 0.668073
126 0.668073
127 0.667879
128 0.667879
129 0.645575
130 0.645575
131 0.645575
132 0.645575
133 0.645575
134 0.645575
135 0.645413
136 0.645413
137 0.623531
138 0.623531
139 0.623531
140 0.623531
141 0.623531
142 0.623531
143 0.623434
144 0.623434
145 0.602493
146 0.602493
147 0.602493
148 0.602493
149 0.602493
150 0.602493
151 0.602428
152 0.602428
153 0.583274
154 0.583274
155 0.583274
156 0.583274
157 0.583274
158 0.583274
159 0.583176
160 0.583176
161 0.563502
162 0.563502
163 0.563502
164 0.563502
165 0.563502
166 0.563502
167 0.563308
168 0.563308
169 0.544088
170 0.544088
171 0.544088
172 0.544088
173 0.544088
174 0.544088
175 0.543958
176 0.543958
177 0.5262
178 0.5262
179 0.5262
180 0.5262
181 0.5262
182 0.5262
183 0.526102
184 0.526102
185 0.507889
186 0.507889
187 0.507889
188 0.507889
189 0.507889
190 0.507889
191 0.507857
192 0.507857
193 0.489968
194 0.489968
195 0.489968
196 0.489968
197 0.489968
198 0.489968
199 0.489773
200 0.489773
201 0.473086
202 0.473086
203 0.473086
204 0.473086
205 0.473086
206 0.473086
207 0.473054
208 0.473054
209 0.457373
210 0.457373
211 0.457373
212 0.457373
213 0.457373
214 0.457373
215 0.457211
216 0.457211
217 0.443315
218 0.443315
219 0.443315
220 0.443315
221 0.443315
222 0.443315
223 0.443153
224 0.443153
225 0.428219
226 0.428219
227 0.428219
228 0.428219
229 0.428219
230 0.428219
231 0.428186
232 0.428186
233 0.414356
234 0.414356
235 0.414356
236 0.414356
237 0.414356
238 0.414356
239 0.414291
240 0.414291
241 0.401825
242 0.401825
243 0.401825
244 0.401825
245 0.401825
246 0.401825
247 0.401792
248 0.401792
249 0.389163
250 0.389163
251 0.389163
252 0.389163
253 0.389163
254 0.389163
255 0.389066
256 0.389066
257 0.376859
258 0.376859
259 0.376859
260 0.376859
261 0.376859
262 0.376859
263 0.376794
264 0.376794
265 0.365236
266 0.365236
267 0.365236
268 0.365236
269 0.365236
270 0.365236
271 0.365074
272 0.365074
273 0.35423
274 0.35423
275 0.35423
276 0.35423
277 0.35423
278 0.35423
279 0.35423
280 0.35423
281 0.343614
282 0.343614
283 0.343614
284 0.343614
285 0.343614
286 0.343614
287 0.343549
288 0.343549
289 0.333582
290 0.333582
291 0.333582
292 0.333582
293 0.333582
294 0.333582
295 0.333517
296 0.333517
297 0.322836
298 0.322836
299 0.322836
300 0.322836
301 0.322836
302 0.322836
303 0.322771
304 0.322771
305 0.312902
306 0.312902
307 0.312902
308 0.312902
309 0.312902
310 0.312902
311 0.312772
312 0.312772
313 0.302675
314 0.302675
315 0.302675
316 0.302675
317 0.302675
318 0.302675
319 0.302578
320 0.302578
321 0.294169
322 0.294169
323 0.294169
324 0.294169
325 0.294169
326 0.294169
327 0.294104
328 0.294104
329 0.284917
330 0.284917
331 0.284917
332 0.284917
333 0.284917
334 0.284917
335 0.284852
336 0.284852
337 0.276573
338 0.276573
339 0.276573
340 0.276573
341 0.276573
342 0.276573
343 0.27654
344 0.27654
345 0.268424
346 0.268424
347 0.268424
348 0.268424
349 0.268424
350 0.268424
351 0.268229
352 0.268229
353 0.260438
354 0.260438
355 0.260438
356 0.260438
357 0.260438
358 0.260438
359 0.260373
360 0.260373
361 0.25349
362 0.25349
363 0.25349
364 0.25349
365 0.25349
366 0.25349
367 0.253425
368 0.253425
369 0.246705
370 0.246705
371 0.246705
372 0.246705
373 0.246705
374 0.246705
375 0.246705
376 0.246705
377 0.240536
378 0.240536
379 0.240536
380 0.240536
381 0.240536
382 0.240536
383 0.240406
384 0.240406
385 0.233556
386 0.233556
387 0.233556
388 0.233556
389 0.233556
390 0.233556
391 0.233524
392 0.233524
393 0.226641
394 0.226641
395 0.226641
396 0.226641
397 0.226641
398 0.226641
399 0.226576
400 0.226576
401 0.220083
402 0.220083
403 0.220083
404 0.220083
405 0.220083
406 0.220083
407 0.220018
408 0.220018
409 0.213363
410 0.213363
411 0.213363
412 0.213363
413 0.213363
414 0.213363
415 0.21333
416 0.21333
417 0.207909
418 0.207909
419 0.207909
420 0.207909
421 0.207909
422 0.207909
423 0.207811
424 0.207811
425 0.202422
426 0.202422
427 0.202422
428 0.202422
429 0.202422
430 0.202422
431 0.202325
432 0.202325
433 0.19752
434 0.19752
435 0.19752
436 0.19752
437 0.19752
438 0.19752
439 0.197487
440 0.197487
441 0.192455
442 0.192455
443 0.192455
444 0.192455
445 0.192455
446 0.192455
447 0.192358
448 0.192358
449 0.187001
450 0.187001
451 0.187001
452 0.187001
453 0.187001
454 0.187001
455 0.186806
456 0.186806
457 0.182326
458 0.182326
459 0.182326
460 0.182326
461 0.182326
462 0.182326
463 0.182228
464 0.182228
465 0.178235
466 0.178235
467 0.178235
468 0.178235
469 0.178235
470 0.178235
471 0.178138
472 0.178138
473 0.173852
474 0.173852
475 0.173852
476 0.173852
477 0.173852
478 0.173852
479 0.173755
480 0.173755
481 0.170606
482 0.170606
483 0.170606
484 0.170606
485 0.170606
486 0.170606
487 0.170541
488 0.170541
489 0.166061
490 0.166061
491 0.166061
492 0.166061
493 0.166061
494 0.166061
495 0.166028
496 0.166028
497 0.162002
498 0.162002
499 0.162002
500 0.162002
501 0.162002
502 0.162002
503 0.16197
504 0.16197
505 0.157912
506 0.157912
507 0.157912
508 0.157912
509 0.157912
510 0.157912
511 0.157912
512 0.157912
513 0.154406
514 0.154406
515 0.154406
516 0.154406
517 0.154406
518 0.154406
519 0.154308
520 0.154308
521 0.150282
522 0.150282
523 0.150282
524 0.150282
525 0.150282
526 0.150282
527 0.150185
528 0.150185
529 0.146646
530 0.146646
531 0.146646
532 0.146646
533 0.146646
534 0.146646
535 0.146614
536 0.146614
537 0.143335
538 0.143335
539 0.143335
540 0.143335
541 0.143335
542 0.143335
543 0.143335
544 0.143335
545 0.139666
546 0.139666
547 0.139666
548 0.139666
549 0.139666
550 0.139666
551 0.139634
552 0.139634
553 0.136355
554 0.136355
555 0.136355
556 0.136355
557 0.136355
558 0.136355
559 0.13629
560 0.13629
561 0.1334
562 0.1334
563 0.1334
564 0.1334
565 0.1334
566 0.1334
567 0.133368
568 0.133368
569 0.129732
570 0.129732
571 0.129732
572 0.129732
573 0.129732
574 0.129732
575 0.129699
576 0.129699
577 0.126972
578 0.126972
579 0.126972
580 0.126972
581 0.126972
582 0.126972
583 0.126972
584 0.126972
585 0.124375
586 0.124375
587 0.124375
588 0.124375
589 0.124375
590 0.124375
591 0.124343
592 0.124343
593 0.120934
594 0.120934
595 0.120934
596 0.120934
597 0.120934
598 0.120934
599 0.120934
600 0.120934
601 0.117849
602 0.117849
603 0.117849
604 0.117849
605 0.117849
606 0.117849
607 0.117849
608 0.117849
609 0.114668
610 0.114668
611 0.114668
612 0.114668
613 0.114668
614 0.114668
615 0.114603
616 0.114603
617 0.112265
618 0.112265
619 0.112265
620 0.112265
621 0.112265
622 0.112265
623 0.112168
624 0.112168
625 0.109766
626 0.109766
627 0.109766
628 0.109766
629 0.109766
630 0.109766
631 0.109701
632 0.109701
633 0.107168
634 0.107168
635 0.107168
636 0.107168
637 0.107168
638 0.107168
639 0.107136
640 0.107136
641 0.104539
642 0.104539
643 0.104539
644 0.104539
645 0.104539
646 0.104539
647 0.104506
648 0.104506
649 0.101844
650 0.101844
651 0.101844
652 0.101844
653 0.101844
654 0.101844
655 0.101779
656 0.101779
657 0.0997338
658 0.0997338
659 0.0997338
660 0.0997338
661 0.0997338
662 0.0997338
663 0.0997013
664 0.0997013
665 0.0974612
666 0.0974612
667 0.0974612
668 0.0974612
669 0.0974612
670 0.0974612
671 0.0973963
672 0.0973963
673 0.0951562
674 0.0951562
675 0.0951562
676 0.0951562
677 0.0951562
678 0.0951562
679 0.0951562
680 0.0951562
681 0.0927862
682 0.0927862
683 0.0927862
684 0.0927862
685 0.0927862
686 0.0927862
687 0.0927862
688 0.0927862
689 0.0905461
690 0.0905461
691 0.0905461
692 0.0905461
693 0.0905461
694 0.0905461
695 0.0905461
696 0.0905461
697 0.0885332
698 0.0885332
699 0.0885332
700 0.0885332
701 0.0885332
702 0.0885332
703 0.0885332
704 0.0885332
705 0.0860983
706 0.0860983
707 0.0860983
708 0.0860983
709 0.0860983
710 0.0860983
711 0.0860983
712 0.0860983
713 0.0843127
714 0.0843127
715 0.0843127
716 0.0843127
717 0.0843127
718 0.0843127
719 0.0842802
720 0.0842802
721 0.0820401
722 0.0820401
723 0.0820401
724 0.0820401
725 0.0820401
726 0.0820401
727 0.0820401
728 0.0820401
729 0.0805467
730 0.0805467
731 0.0805467
732 0.0805467
733 0.0805467
734 0.0805467
735 0.0805467
736 0.0805467
737 0.0786637
738 0.0786637
739 0.0786637
740 0.0786637
741 0.0786637
742 0.0786637
743 0.0786313
744 0.0786313
745 0.0768132
746 0.0768132
747 0.0768132
748 0.0768132
749 0.0768132
750 0.0768132
751 0.0768132
752 0.0768132
753 0.0753523
754 0.0753523
755 0.0753523
756 0.0753523
757 0.0753523
758 0.0753523
759 0.0753523
760 0.0753523
761 0.0737614
762 0.0737614
763 0.0737614
764 0.0737614
765 0.0737614
766 0.0737614
767 0.073729
768 0.073729
769 0.072268
770 0.072268
771 0.072268
772 0.072268
773 0.072268
774 0.072268
775 0.0722031
776 0.0722031
777 0.0705149
778 0.0705149
779 0.0705149
780 0.0705149
781 0.0705149
782 0.0705149
783 0.0704824
784 0.0704824
785 0.0688267
786 0.0688267
787 0.0688267
788 0.0688267
789 0.0688267
790 0.0688267
791 0.0688267
792 0.0688267
793 0.0672359
794 0.0672359
795 0.0672359
796 0.0672359
797 0.0672359
798 0.0672359
799 0.0672034
800 0.0672034
801 0.0654178
802 0.0654178
803 0.0654178
804 0.0654178
805 0.0654178
806 0.0654178
807 0.0654178
808 0.0654178
809 0.0641841
810 0.0641841
811 0.0641841
812 0.0641841
813 0.0641841
814 0.0641841
815 0.0641841
816 0.0641841
817 0.0626583
818 0.0626583
819 0.0626583
820 0.0626583
821 0.0626583
822 0.0626583
823 0.0626258
824 0.0626258
825 0.061035
826 0.061035
827 0.061035
828 0.061035
829 0.061035
830 0.061035
831 0.0609701
832 0.0609701
833 0.0598987
834 0.0598987
835 0.0598987
836 0.0598987
837 0.0598987
838 0.0598987
839 0.0598987
840 0.0598987
841 0.0588598
842 0.0588598
843 0.0588598
844 0.0588598
845 0.0588598
846 0.0588598
847 0.0588598
848 0.0588598
849 0.0575612
850 0.0575612
851 0.0575612
852 0.0575612
853 0.0575612
854 0.0575612
855 0.0575287
856 0.0575287
857 0.0561977
858 0.0561977
859 0.0561977
860 0.0561977
861 0.0561977
862 0.0561977
863 0.0561652
864 0.0561652
865 0.0552237
866 0.0552237
867 0.0552237
868 0.0552237
869 0.0552237
870 0.0552237
871 0.0551912
872 0.0551912
873 0.0540225
874 0.0540225
875 0.0540225
876 0.0540225
877 0.0540225
878 0.0540225
879 0.0540225
880 0.0540225
881 0.0528862
882 0.0528862
883 0.0528862
884 0.0528862
885 0.0528862
886 0.0528862
887 0.0528862
888 0.0528862
889 0.0518148
890 0.0518148
891 0.0518148
892 0.0518148
893 0.0518148
894 0.0518148
895 0.0518148
896 0.0518148
897 0.0509707
898 0.0509707
899 0.0509707
900 0.0509707
901 0.0509707
902 0.0509707
903 0.0509383
904 0.0509383
905 0.0498994
906 0.0498994
907 0.0498994
908 0.0498994
909 0.0498994
910 0.0498994
911 0.049802
912 0.049802
913 0.0487631
914 0.0487631
915 0.0487631
916 0.0487631
917 0.0487631
918 0.0487631
919 0.0487306
920 0.0487306
921 0.0478216
922 0.0478216
923 0.0478216
924 0.0478216
925 0.0478216
926 0.0478216
927 0.0477242
928 0.0477242
929 0.0466853
930 0.0466853
931 0.0466853
932 0.0466853
933 0.0466853
934 0.0466853
935 0.0466528
936 0.0466528
937 0.0456464
938 0.0456464
939 0.0456464
940 0.0456464
941 0.0456464
942 0.0456464
943 0.0456139
944 0.0456139
945 0.0446075
946 0.0446075
947 0.0446075
948 0.0446075
949 0.0446075
950 0.0446075
951 0.044575
952 0.044575
953 0.043666
954 0.043666
955 0.043666
956 0.043666
957 0.043666
958 0.043666
959 0.0436011
960 0.0436011
961 0.0429518
962 0.0429518
963 0.0429518
964 0.0429518
965 0.0429518
966 0.0429518
967 0.0429518
968 0.0429518
969 0.0419778
970 0.0419778
971 0.0419778
972 0.0419778
973 0.0419778
974 0.0419778
975 0.0419453
976 0.0419453
977 0.0413285
978 0.0413285
979 0.0413285
980 0.0413285
981 0.0413285
982 0.0413285
983 0.0413285
984 0.0413285
985 0.0404844
986 0.0404844
987 0.0404844
988 0.0404844
989 0.0404844
990 0.0404844
991 0.0404844
992 0.0404844
993 0.0396403
994 0.0396403
995 0.0396403
996 0.0396403
997 0.0396403
998 0.0396403
999 0.0396403
1000 0.0396403
1001 0.0387962
1002 0.0387962
1003 0.0387962
1004 0.0387962
1005 0.0387962
1006 0.0387962
1007 0.0387313
1008 0.0387313
1009 0.0376274
1010 0.0376274
1011 0.0376274
1012 0.0376274
1013 0.0376274
1014 0.0376274
1015 0.0376274
1016 0.0376274
1017 0.0366535
1018 0.0366535
1019 0.0366535
1020 0.0366535
1021 0.0366535
1022 0.0366535
1023 0.0366535
1024 0.0366535
1025 0.0360042
1026 0.0360042
1027 0.0360042
1028 0.0360042
1029 0.0360042
1030 0.0360042
1031 0.0360042
1032 0.0360042
1033 0.0351601
1034 0.0351601
1035 0.0351601
1036 0.0351601
1037 0.0351601
1038 0.0351601
1039 0.0351276
1040 0.0351276
1041 0.0345107
1042 0.0345107
1043 0.0345107
1044 0.0345107
1045 0.0345107
1046 0.0345107
1047 0.0344783
1048 0.0344783
1049 0.0337965
1050 0.0337965
1051 0.0337965
1052 0.0337965
1053 0.0337965
1054 0.0337965
1055 0.0337965
1056 0.0337965
1057 0.0331472
1058 0.0331472
1059 0.0331472
1060 0.0331472
1061 0.0331472
1062 0.0331472
1063 0.0331472
1064 0.0331472
1065 0.0326602
1066 0.0326602
1067 0.0326602
1068 0.0326602
1069 0.0326602
1070 0.0326602
1071 0.0325953
1072 0.0325953
1073 0.0319135
1074 0.0319135
1075 0.0319135
1076 0.0319135
1077 0.0319135
1078 0.0319135
1079 0.0319135
1080 0.0319135
1081 0.0313616
1082 0.0313616
1083 0.0313616
1084 0.0313616
1085 0.0313616
1086 0.0313616
1087 0.0313616
1088 0.0313616
1089 0.0307123
1090 0.0307123
1091 0.0307123
1092 0.0307123
1093 0.0307123
1094 0.0307123
1095 0.0307123
1096 0.0307123
1097 0.0301604
1098 0.0301604
1099 0.0301604
1100 0.0301604
1101 0.0301604
1102 0.0301604
1103 0.0301604
1104 0.0301604
1105 0.0294461
1106 0.0294461
1107 0.0294461
1108 0.0294461
1109 0.0294461
1110 0.0294461
1111 0.0294137
1112 0.0294137
1113 0.0287644
1114 0.0287644
1115 0.0287644
1116 0.0287644
1117 0.0287644
1118 0.0287644
1119 0.0287644
1120 0.0287644
1121 0.0284397
1122 0.0284397
1123 0.0284397
1124 0.0284397
1125 0.0284397
1126 0.0284397
1127 0.0284397
1128 0.0284397
1129 0.0278878
1130 0.0278878
1131 0.0278878
1132 0.0278878
1133 0.0278878
1134 0.0278878
1135 0.0278878
1136 0.0278878
1137 0.0273359
1138 0.0273359
1139 0.0273359
1140 0.0273359
1141 0.0273359
1142 0.0273359
1143 0.027271
1144 0.027271
1145 0.0268814
1146 0.0268814
1147 0.0268814
1148 0.0268814
1149 0.0268814
1150 0.0268814
1151 0.0268814
1152 0.0268814
1153 0.0263944
1154 0.0263944
1155 0.0263944
1156 0.0263944
1157 0.0263944
1158 0.0263944
1159 0.0263944
1160 0.0263944
1161 0.0258749
1162 0.0258749
1163 0.0258749
1164 0.0258749
1165 0.0258749
1166 0.0258749
1167 0.0258425
1168 0.0258425
1169 0.025323
1170 0.025323
1171 0.025323
1172 0.025323
1173 0.025323
1174 0.025323
1175 0.025323
1176 0.025323
1177 0.024901
1178 0.024901
1179 0.024901
1180 0.024901
1181 0.024901
1182 0.024901
1183 0.0248685
1184 0.0248685
1185 0.0244789
1186 0.0244789
1187 0.0244789
1188 0.0244789
1189 0.0244789
1190 0.0244789
1191 0.0244789
1192 0.0244789
1193 0.0242192
1194 0.0242192
1195 0.0242192
1196 0.0242192
1197 0.0242192
1198 0.0242192
1199 0.0242192
1200 0.0242192
1201 0.0236348
1202 0.0236348
1203 0.0236348
1204 0.0236348
1205 0.0236348
1206 0.0236348
1207 0.0236348
1208 0.0236348
1209 0.0232128
1210 0.0232128
1211 0.0232128
1212 0.0232128
1213 0.0232128
1214 0.0232128
1215 0.0231803
1216 0.0231803
1217 0.0227258
1218 0.0227258
1219 0.0227258
1220 0.0227258
1221 0.0227258
1222 0.0227258
1223 0.0227258
1224 0.0227258
1225 0.0223687
1226 0.0223687
1227 0.0223687
1228 0.0223687
1229 0.0223687
1230 0.0223687
1231 0.0223687
1232 0.0223687
1233 0.0219142
1234 0.0219142
1235 0.0219142
1236 0.0219142
1237 0.0219142
1238 0.0219142
1239 0.0219142
1240 0.0219142
1241 0.0214921
1242 0.0214921
1243 0.0214921
1244 0.0214921
1245 0.0214921
1246 0.0214921
1247 0.0214921
1248 0.0214921
1249 0.021135
1250 0.021135
1251 0.021135
1252 0.021135
1253 0.021135
1254 0.021135
1255 0.021135
1256 0.021135
1257 0.0208103
1258 0.0208103
1259 0.0208103
1260 0.0208103
1261 0.0208103
1262 0.0208103
1263 0.0208103
1264 0.0208103
1265 0.0205181
1266 0.0205181
1267 0.0205181
1268 0.0205181
1269 0.0205181
1270 0.0205181
1271 0.0204857
1272 0.0204857
1273 0.0202909
1274 0.0202909
1275 0.0202909
1276 0.0202909
1277 0.0202909
1278 0.0202909
1279 0.0202909
1280 0.0202909
1281 0.0198039
1282 0.0198039
1283 0.0198039
1284 0.0198039
1285 0.0198039
1286 0.0198039
1287 0.0198039
1288 0.0198039
1289 0.0194143
1290 0.0194143
1291 0.0194143
1292 0.0194143
1293 0.0194143
1294 0.0194143
1295 0.0194143
1296 0.0194143
1297 0.0190572
1298 0.0190572
1299 0.0190572
1300 0.0190572
1301 0.0190572
1302 0.0190572
1303 0.0190247
1304 0.0190247
1305 0.0184728
1306 0.0184728
1307 0.0184728
1308 0.0184728
1309 0.0184728
1310 0.0184728
1311 0.0184728
1312 0.0184728
1313 0.0180832
1314 0.0180832
1315 0.0180832
1316 0.0180832
1317 0.0180832
1318 0.0180832
1319 0.0180832
1320 0.0180832
1321 0.0176612
1322 0.0176612
1323 0.0176612
1324 0.0176612
1325 0.0176612
1326 0.0176612
1327 0.0176287
1328 0.0176287
1329 0.0175313
1330 0.0175313
1331 0.0175313
1332 0.0175313
1333 0.0175313
1334 0.0175313
1335 0.0174664
1336 0.0174664
1337 0.0170443
1338 0.0170443
1339 0.0170443
1340 0.0170443
1341 0.0170443
1342 0.0170443
1343 0.0170443
1344 0.0170443
1345 0.0166223
1346 0.0166223
1347 0.0166223
1348 0.0166223
1349 0.0166223
1350 0.0166223
1351 0.0165898
1352 0.0165898
1353 0.0163301
1354 0.0163301
1355 0.0163301
1356 0.0163301
1357 0.0163301
1358 0.0163301
1359 0.0163301
1360 0.0163301
1361 0.015973
1362 0.015973
1363 0.015973
1364 0.015973
1365 0.015973
1366 0.015973
1367 0.0159405
1368 0.0159405
1369 0.0157133
1370 0.0157133
1371 0.0157133
1372 0.0157133
1373 0.0157133
1374 0.0157133
1375 0.0157133
1376 0.0157133
1377 0.0155185
1378 0.0155185
1379 0.0155185
1380 0.0155185
1381 0.0155185
1382 0.0155185
1383 0.0155185
1384 0.0155185
1385 0.0152587
1386 0.0152587
1387 0.0152587
1388 0.0152587
1389 0.0152587
1390 0.0152587
1391 0.0152587
1392 0.0152587
1393 0.0149016
1394 0.0149016
1395 0.0149016
1396 0.0149016
1397 0.0149016
1398 0.0149016
1399 0.0149016
1400 0.0149016
1401 0.0146419
1402 0.0146419
1403 0.0146419
1404 0.0146419
1405 0.0146419
1406 0.0146419
1407 0.0146419
1408 0.0146419
1409 0.0143822
1410 0.0143822
1411 0.0143822
1412 0.0143822
1413 0.0143822
1414 0.0143822
1415 0.0143822
1416 0.0143822
1417 0.0141874
1418 0.0141874
1419 0.0141874
1420 0.0141874
1421 0.0141874
1422 0.0141874
1423 0.0141874
1424 0.0141874
1425 0.0137978
1426 0.0137978
1427 0.0137978
1428 0.0137978
1429 0.0137978
1430 0.0137978
1431 0.0137329
1432 0.0137329
1433 0.0135056
1434 0.0135056
1435 0.0135056
1436 0.0135056
1437 0.0135056
1438 0.0135056
1439 0.0135056
1440 0.0135056
1441 0.0134082
1442 0.0134082
1443 0.0134082
1444 0.0134082
1445 0.0134082
1446 0.0134082
1447 0.0134082
1448 0.0134082
1449 0.0132134
1450 0.0132134
1451 0.0132134
1452 0.0132134
1453 0.0132134
1454 0.0132134
1455 0.0132134
1456 0.0132134
1457 0.0128238
1458 0.0128238
1459 0.0128238
1460 0.0128238
1461 0.0128238
1462 0.0128238
1463 0.0128238
1464 0.0128238
1465 0.012629
1466 0.012629
1467 0.012629
1468 0.012629
1469 0.012629
1470 0.012629
1471 0.0125966
1472 0.0125966
1473 0.0124018
1474 0.0124018
1475 0.0124018
1476 0.0124018
1477 0.0124018
1478 0.0124018
1479 0.0124018
1480 0.0124018
1481 0.0122719
1482 0.0122719
1483 0.0122719
1484 0.0122719
1485 0.0122719
1486 0.0122719
1487 0.0122719
1488 0.0122719
1489 0.0121745
1490 0.0121745
1491 0.0121745
1492 0.0121745
1493 0.0121745
1494 0.0121745
1495 0.0121745
1496 0.0121745
1497 0.0118823
1498 0.0118823
1499 0.0118823
1500 0.0118823
1501 0.0118823
1502 0.0118823
1503 0.0118823
1504 0.0118823
1505 0.0115902
1506 0.0115902
1507 0.0115902
1508 0.0115902
1509 0.0115902
1510 0.0115902
1511 0.0115902
1512 0.0115902
1513 0.0112655
1514 0.0112655
1515 0.0112655
1516 0.0112655
1517 0.0112655
1518 0.0112655
1519 0.0112655
1520 0.0112655
1521 0.0108435
1522 0.0108435
1523 0.0108435
1524 0.0108435
1525 0.0108435
1526 0.0108435
1527 0.010811
1528 0.010811
1529 0.0105513
1530 0.0105513
1531 0.0105513
1532 0.0105513
1533 0.0105513
1534 0.0105513
1535 0.0105513
1536 0.0105513
1537 0.0104214
1538 0.0104214
1539 0.0104214
1540 0.0104214
1541 0.0104214
1542 0.0104214
1543 0.0103889
1544 0.0103889
1545 0.0102915
1546 0.0102915
1547 0.0102915
1548 0.0102915
1549 0.0102915
1550 0.0102915
1551 0.0102915
1552 0.0102915
1553 0.0100967
1554 0.0100967
1555 0.0100967
1556 0.0100967
1557 0.0100967
1558 0.0100967
1559 0.0100967
1560 0.0100967
1561 0.00986949
1562 0.00986949
1563 0.00986949
1564 0.00986949
1565 0.00986949
1566 0.00986949
1567 0.00986949
1568 0.00986949
1569 0.00980456
1570 0.00980456
1571 0.00980456
1572 0.00980456
1573 0.00980456
1574 0.00980456
1575 0.00980456
1576 0.00980456
1577 0.00954483
1578 0.00954483
1579 0.00954483
1580 0.00954483
1581 0.00954483
1582 0.00954483
1583 0.00954483
1584 0.00954483
1585 0.00928511
1586 0.00928511
1587 0.00928511
1588 0.00928511
1589 0.00928511
1590 0.00928511
1591 0.00928511
1592 0.00928511
1593 0.00912278
1594 0.00912278
1595 0.00912278
1596 0.00912278
1597 0.00912278
1598 0.00912278
1599 0.00912278
1600 0.00912278
1601 0.00892799
1602 0.00892799
1603 0.00892799
1604 0.00892799
1605 0.00892799
1606 0.00892799
1607 0.00892799
1608 0.00892799
1609 0.00879813
1610 0.00879813
1611 0.00879813
1612 0.00879813
1613 0.00879813
1614 0.00879813
1615 0.00879813
1616 0.00879813
1617 0.00870073
1618 0.00870073
1619 0.00870073
1620 0.00870073
1621 0.00870073
1622 0.00870073
1623 0.00870073
1624 0.00870073
1625 0.00853841
1626 0.00853841
1627 0.00853841
1628 0.00853841
1629 0.00853841
1630 0.00853841
1631 0.00850594
1632 0.00850594
1633 0.00837608
1634 0.00837608
1635 0.00837608
1636 0.00837608
1637 0.00837608
1638 0.00837608
1639 0.00837608
1640 0.00837608
1641 0.00814882
1642 0.00814882
1643 0.00814882
1644 0.00814882
1645 0.00814882
1646 0.00814882
1647 0.00814882
1648 0.00814882
1649 0.00801896
1650 0.00801896
1651 0.00801896
1652 0.00801896
1653 0.00801896
1654 0.00801896
1655 0.00801896
1656 0.00801896
1657 0.00798649
1658 0.00798649
1659 0.00798649
1660 0.00798649
1661 0.00798649
1662 0.00798649
1663 0.00798649
1664 0.00798649
1665 0.00792156
1666 0.00792156
1667 0.00792156
1668 0.00792156
1669 0.00792156
1670 0.00792156
1671 0.00792156
1672 0.00792156
1673 0.0077917
1674 0.0077917
1675 0.0077917
1676 0.0077917
1677 0.0077917
1678 0.0077917
1679 0.0077917
1680 0.0077917
1681 0.00762937
1682 0.00762937
1683 0.00762937
1684 0.00762937
1685 0.00762937
1686 0.00762937
1687 0.00762937
1688 0.00762937
1689 0.00749951
1690 0.00749951
1691 0.00749951
1692 0.00749951
1693 0.00749951
1694 0.00749951
1695 0.00749951
1696 0.00749951
1697 0.00730472
1698 0.00730472
1699 0.00730472
1700 0.00730472
1701 0.00730472
1702 0.00730472
1703 0.00730472
1704 0.00730472
1705 0.00730472
1706 0.00730472
1707 0.00730472
1708 0.00730472
1709 0.00730472
1710 0.00730472
1711 0.00730472
1712 0.00730472
1713 0.00707746
1714 0.00707746
1715 0.00707746
1716 0.00707746
1717 0.00707746
1718 0.00707746
1719 0.00707746
1720 0.00707746
1721 0.00698007
1722 0.00698007
1723 0.00698007
1724 0.00698007
1725 0.00698007
1726 0.00698007
1727 0.00698007
1728 0.00698007
1729 0.00691514
1730 0.00691514
1731 0.00691514
1732 0.00691514
1733 0.00691514
1734 0.00691514
1735 0.00688267
1736 0.00688267
1737 0.00672034
1738 0.00672034
1739 0.00672034
1740 0.00672034
1741 0.00672034
1742 0.00672034
1743 0.00672034
1744 0.00672034
1745 0.00646062
1746 0.00646062
1747 0.00646062
1748 0.00646062
1749 0.00646062
1750 0.00646062
1751 0.00646062
1752 0.00646062
1753 0.00636322
1754 0.00636322
1755 0.00636322
1756 0.00636322
1757 0.00636322
1758 0.00636322
1759 0.00633076
1760 0.00633076
1761 0.00616843
1762 0.00616843
1763 0.00616843
1764 0.00616843
1765 0.00616843
1766 0.00616843
1767 0.00616843
1768 0.00616843
1769 0.00597364
1770 0.00597364
1771 0.00597364
1772 0.00597364
1773 0.00597364
1774 0.00597364
1775 0.00597364
1776 0.00597364
1777 0.00574638
1778 0.00574638
1779 0.00574638
1780 0.00574638
1781 0.00574638
1782 0.00574638
1783 0.00574638
1784 0.00574638
1785 0.00561652
1786 0.00561652
1787 0.00561652
1788 0.00561652
1789 0.00561652
1790 0.00561652
1791 0.00561652
1792 0.00561652
1793 0.00545419
1794 0.00545419
1795 0.00545419
1796 0.00545419
1797 0.00545419
1798 0.00545419
1799 0.00545419
1800 0.00545419
1801 0.0052594
1802 0.0052594
1803 0.0052594
1804 0.0052594
1805 0.0052594
1806 0.0052594
1807 0.0052594
1808 0.0052594
1809 0.00522693
1810 0.00522693
1811 0.00522693
1812 0.00522693
1813 0.00522693
1814 0.00522693
1815 0.00522693
1816 0.00522693
1817 0.00512954
1818 0.00512954
1819 0.00512954
1820 0.00512954
1821 0.00512954
1822 0.00512954
1823 0.00512954
1824 0.00512954
1825 0.00506461
1826 0.00506461
1827 0.00506461
1828 0.00506461
1829 0.00506461
1830 0.00506461
1831 0.00506461
1832 0.00506461
1833 0.00490228
1834 0.00490228
1835 0.00490228
1836 0.00490228
1837 0.00490228
1838 0.00490228
1839 0.00490228
1840 0.00490228
1841 0.00480488
1842 0.00480488
1843 0.00480488
1844 0.00480488
1845 0.00480488
1846 0.00480488
1847 0.00480488
1848 0.00480488
1849 0.00473995
1850 0.00473995
1851 0.00473995
1852 0.00473995
1853 0.00473995
1854 0.00473995
1855 0.00473995
1856 0.00473995
1857 0.00464256
1858 0.00464256
1859 0.00464256
1860 0.00464256
1861 0.00464256
1862 0.00464256
1863 0.00464256
1864 0.00464256
1865 0.00457762
1866 0.00457762
1867 0.00457762
1868 0.00457762
1869 0.00457762
1870 0.00457762
1871 0.00457762
1872 0.00457762
1873 0.00454516
1874 0.00454516
1875 0.00454516
1876 0.00454516
1877 0.00454516
1878 0.00454516
1879 0.00454516
1880 0.00454516
1881 0.00444776
1882 0.00444776
1883 0.00444776
1884 0.00444776
1885 0.00444776
1886 0.00444776
1887 0.00444776
1888 0.00444776
1889 0.00438283
1890 0.00438283
1891 0.00438283
1892 0.00438283
1893 0.00438283
1894 0.00438283
1895 0.00435037
1896 0.00435037
1897 0.00422051
1898 0.00422051
1899 0.00422051
1900 0.00422051
1901 0.00422051
1902 0.00422051
1903 0.00422051
1904 0.00422051
1905 0.00412311
1906 0.00412311
1907 0.00412311
1908 0.00412311
1909 0.00412311
1910 0.00412311
1911 0.00412311
1912 0.00412311
1913 0.00409064
1914 0.00409064
1915 0.00409064
1916 0.00409064
1917 0.00409064
1918 0.00409064
1919 0.00409064
1920 0.00409064
1921 0.00402571
1922 0.00402571
1923 0.00402571
1924 0.00402571
1925 0.00402571
1926 0.00402571
1927 0.00402571
1928 0.00402571
1929 0.00392832
1930 0.00392832
1931 0.00392832
1932 0.00392832
1933 0.00392832
1934 0.00392832
1935 0.00392832
1936 0.00392832
1937 0.00389585
1938 0.00389585
1939 0.00389585
1940 0.00389585
1941 0.00389585
1942 0.00389585
1943 0.00389585
1944 0.00389585
1945 0.00386339
1946 0.00386339
1947 0.00386339
1948 0.00386339
1949 0.00386339
1950 0.00386339
1951 0.00386339
1952 0.00386339
1953 0.00383092
1954 0.00383092
1955 0.00383092
1956 0.00383092
1957 0.00383092
1958 0.00383092
1959 0.00383092
1960 0.00383092
1961 0.00373352
1962 0.00373352
1963 0.00373352
1964 0.00373352
1965 0.00373352
1966 0.00373352
1967 0.00370106
1968 0.00370106
1969 0.00363613
1970 0.00363613
1971 0.00363613
1972 0.00363613
1973 0.00363613
1974 0.00363613
1975 0.00363613
1976 0.00363613
1977 0.0035712
1978 0.0035712
1979 0.0035712
1980 0.0035712
1981 0.0035712
1982 0.0035712
1983 0.0035712
1984 0.0035712
1985 0.00350627
1986 0.00350627
1987 0.00350627
1988 0.00350627
1989 0.00350627
1990 0.00350627
1991 0.00350627
1992 0.00350627
1993 0.0034738
1994 0.0034738
1995 0.0034738
1996 0.0034738
1997 0.0034738
1998 0.0034738
1999 0.0034738
2000 0.0034738
2001 0.00334394
2002 0.00334394
2003 0.00334394
2004 0.00334394
2005 0.00334394
2006 0.00334394
2007 0.00334394
2008 0.00334394
2009 0.00324654
2010 0.00324654
2011 0.00324654
2012 0.00324654
2013 0.00324654
2014 0.00324654
2015 0.00324654
2016 0.00324654
2017 0.00324654
2018 0.00324654
2019 0.00324654
2020 0.00324654
2021 0.00324654
2022 0.00324654
2023 0.00324654
2024 0.00324654
2025 0.00311668
2026 0.00311668
2027 0.00311668
2028 0.00311668
2029 0.00311668
2030 0.00311668
2031 0.00311668
2032 0.00311668
2033 0.00311668
2034 0.00311668
2035 0.00311668
2036 0.00311668
2037 0.00311668
2038 0.00311668
2039 0.00311668
2040 0.00311668
2041 0.00311668
2042 0.00311668
2043 0.00311668
2044 0.00311668
2045 0.00311668
2046 0.00311668
2047 0.00311668
2048 0.00311668
2049 0.00311668
2050 0.00311668
2051 0.00311668
2052 0.00311668
2053 0.00311668
2054 0.00311668
2055 0.00311668
2056 0.00311668
2057 0.00308422
2058 0.00308422
2059 0.00308422
2060 0.00308422
2061 0.00308422
2062 0.00308422
2063 0.00308422
2064 0.00308422
2065 0.00298682
2066 0.00298682
2067 0.00298682
2068 0.00298682
2069 0.00298682
2070 0.00298682
2071 0.00298682
2072 0.00298682
2073 0.00295435
2074 0.00295435
2075 0.00295435
2076 0.00295435
2077 0.00295435
2078 0.00295435
2079 0.00295435
2080 0.00295435
2081 0.00285696
2082 0.00285696
2083 0.00285696
2084 0.00285696
2085 0.00285696
2086 0.00285696
2087 0.00285696
2088 0.00285696
2089 0.00279203
2090 0.00279203
2091 0.00279203
2092 0.00279203
2093 0.00279203
2094 0.00279203
2095 0.00279203
2096 0.00279203
2097 0.00269463
2098 0.00269463
2099 0.00269463
2100 0.00269463
2101 0.00269463
2102 0.00269463
2103 0.00269463
2104 0.00269463
2105 0.0026297
2106 0.0026297
2107 0.0026297
2108 0.0026297
2109 0.0026297
2110 0.0026297
2111 0.0026297
2112 0.0026297
2113 0.0026297
2114 0.0026297
2115 0.0026297
2116 0.0026297
2117 0.0026297
2118 0.0026297
2119 0.0026297
2120 0.0026297
2121 0.00256477
2122 0.00256477
2123 0.00256477
2124 0.00256477
2125 0.00256477
2126 0.00256477
2127 0.00256477
2128 0.00256477
2129 0.00256477
2130 0.00256477
2131 0.00256477
2132 0.00256477
2133 0.00256477
2134 0.00256477
2135 0.00256477
2136 0.00256477
2137 0.0025323
2138 0.0025323
2139 0.0025323
2140 0.0025323
2141 0.0025323
2142 0.0025323
2143 0.0025323
2144 0.0025323
2145 0.00243491
2146 0.00243491
2147 0.00243491
2148 0.00243491
2149 0.00243491
2150 0.00243491
2151 0.00243491
2152 0.00243491
2153 0.00243491
2154 0.00243491
2155 0.00243491
2156 0.00243491
2157 0.00243491
2158 0.00243491
2159 0.00243491
2160 0.00243491
2161 0.00236998
2162 0.00236998
2163 0.00236998
2164 0.00236998
2165 0.00236998
2166 0.00236998
2167 0.00236998
2168 0.00236998
2169 0.00236998
2170 0.00236998
2171 0.00236998
2172 0.00236998
2173 0.00236998
2174 0.00236998
2175 0.00236998
2176 0.00236998
2177 0.00236998
2178 0.00236998
2179 0.00236998
2180 0.00236998
2181 0.00236998
2182 0.00236998
2183 0.00236998
2184 0.00236998
2185 0.00233751
2186 0.00233751
2187 0.00233751
2188 0.00233751
2189 0.00233751
2190 0.00233751
2191 0.00233751
2192 0.00233751
2193 0.00230505
2194 0.00230505
2195 0.00230505
2196 0.00230505
2197 0.00230505
2198 0.00230505
2199 0.00230505
2200 0.00230505
2201 0.00224011
2202 0.00224011
2203 0.00224011
2204 0.00224011
2205 0.00224011
2206 0.00224011
2207 0.00224011
2208 0.00224011
2209 0.00217518
2210 0.00217518
2211 0.00217518
2212 0.00217518
2213 0.00217518
2214 0.00217518
2215 0.00217518
2216 0.00217518
2217 0.00217518
2218 0.00217518
2219 0.00217518
2220 0.00217518
2221 0.00217518
2222 0.00217518
2223 0.00217518
2224 0.00217518
2225 0.00211025
2226 0.00211025
2227 0.00211025
2228 0.00211025
2229 0.00211025
2230 0.00211025
2231 0.00211025
2232 0.00211025
2233 0.00211025
2234 0.00211025
2235 0.00211025
2236 0.00211025
2237 0.00211025
2238 0.00211025
2239 0.00207779
2240 0.00207779
2241 0.00201286
2242 0.00201286
2243 0.00201286
2244 0.00201286
2245 0.00201286
2246 0.00201286
2247 0.00201286
2248 0.00201286
2249 0.00194793
2250 0.00194793
2251 0.00194793
2252 0.00194793
2253 0.00194793
2254 0.00194793
2255 0.00194793
2256 0.00194793
2257 0.00194793
2258 0.00194793
2259 0.00194793
2260 0.00194793
2261 0.00194793
2262 0.00194793
2263 0.00194793
2264 0.00194793
2265 0.00188299
2266 0.00188299
2267 0.00188299
2268 0.00188299
2269 0.00188299
2270 0.00188299
2271 0.00188299
2272 0.00188299
2273 0.00185053
2274 0.00185053
2275 0.00185053
2276 0.00185053
2277 0.00185053
2278 0.00185053
2279 0.00185053
2280 0.00185053
2281 0.0017856
2282 0.0017856
2283 0.0017856
2284 0.0017856
2285 0.0017856
2286 0.0017856
2287 0.0017856
2288 0.0017856
2289 0.00175313
2290 0.00175313
2291 0.00175313
2292 0.00175313
2293 0.00175313
2294 0.00175313
2295 0.00175313
2296 0.00175313
2297 0.00165574
2298 0.00165574
2299 0.00165574
2300 0.00165574
2301 0.00165574
2302 0.00165574
2303 0.00165574
2304 0.00165574
2305 0.00165574
2306 0.00165574
2307 0.00165574
2308 0.00165574
2309 0.00165574
2310 0.00165574
2311 0.00165574
2312 0.00165574
2313 0.00165574
2314 0.00165574
2315 0.00165574
2316 0.00165574
2317 0.00165574
2318 0.00165574
2319 0.00165574
2320 0.00165574
2321 0.00159081
2322 0.00159081
2323 0.00159081
2324 0.00159081
2325 0.00159081
2326 0.00159081
2327 0.00159081
2328 0.00159081
2329 0.00155834
2330 0.00155834
2331 0.00155834
2332 0.00155834
2333 0.00155834
2334 0.00155834
2335 0.00155834
2336 0.00155834
2337 0.00155834
2338 0.00155834
2339 0.00155834
2340 0.00155834
2341 0.00155834
2342 0.00155834
2343 0.00155834
2344 0.00155834
2345 0.00152587
2346 0.00152587
2347 0.00152587
2348 0.00152587
2349 0.00152587
2350 0.00152587
2351 0.00152587
2352 0.00152587
2353 0.00152587
2354 0.00152587
2355 0.00152587
2356 0.00152587
2357 0.00152587
2358 0.00152587
2359 0.00152587
2360 0.00152587
2361 0.00146094
2362 0.00146094
2363 0.00146094
2364 0.00146094
2365 0.00146094
2366 0.00146094
2367 0.00146094
2368 0.00146094
2369 0.00146094
2370 0.00146094
2371 0.00146094
2372 0.00146094
2373 0.00146094
2374 0.00146094
2375 0.00146094
2376 0.00146094
2377 0.00146094
2378 0.00146094
2379 0.00146094
2380 0.00146094
2381 0.00146094
2382 0.00146094
2383 0.00146094
2384 0.00146094
2385 0.00142848
2386 0.00142848
2387 0.00142848
2388 0.00142848
2389 0.00142848
2390 0.00142848
2391 0.00142848
2392 0.00142848
2393 0.00142848
2394 0.00142848
2395 0.00142848
2396 0.00142848
2397 0.00142848
2398 0.00142848
2399 0.00142848
2400 0.00142848
2401 0.00142848
2402 0.00142848
2403 0.00142848
2404 0.00142848
2405 0.00142848
2406 0.00142848
2407 0.00142848
2408 0.00142848
2409 0.00142848
2410 0.00142848
2411 0.00142848
2412 0.00142848
2413 0.00142848
2414 0.00142848
2415 0.00142848
2416 0.00142848
2417 0.00136355
2418 0.00136355
2419 0.00136355
2420 0.00136355
2421 0.00136355
2422 0.00136355
2423 0.00136355
2424 0.00136355
2425 0.00136355
2426 0.00136355
2427 0.00136355
2428 0.00136355
2429 0.00136355
2430 0.00136355
2431 0.00136355
2432 0.00136355
2433 0.00136355
2434 0.00136355
2435 0.00136355
2436 0.00136355
2437 0.00136355
2438 0.00136355
2439 0.00136355
2440 0.00136355
2441 0.00136355
2442 0.00136355
2443 0.00136355
2444 0.00136355
2445 0.00136355
2446 0.00136355
2447 0.00136355
2448 0.00136355
2449 0.00136355
2450 0.00136355
2451 0.00136355
2452 0.00136355
2453 0.00136355
2454 0.00136355
2455 0.00136355
2456 0.00136355
2457 0.00133108
2458 0.00133108
2459 0.00133108
2460 0.00133108
2461 0.00133108
2462 0.00133108
2463 0.00133108
2464 0.00133108
2465 0.00133108
2466 0.00133108
2467 0.00133108
2468 0.00133108
2469 0.00133108
2470 0.00133108
2471 0.00133108
2472 0.00133108
2473 0.00133108
2474 0.00133108
2475 0.00133108
2476 0.00133108
2477 0.00133108
2478 0.00133108
2479 0.00133108
2480 0.00133108
2481 0.00133108
2482 0.00133108
2483 0.00133108
2484 0.00133108
2485 0.00133108
2486 0.00133108
2487 0.00133108
2488 0.00133108
2489 0.00129862
2490 0.00129862
2491 0.00129862
2492 0.00129862
2493 0.00129862
2494 0.00129862
2495 0.00129862
2496 0.00129862
2497 0.00126615
2498 0.00126615
2499 0.00126615
2500 0.00126615
2501 0.00126615
2502 0.00126615
2503 0.00126615
2504 0.00126615
2505 0.00126615
2506 0.00126615
2507 0.00126615
2508 0.00126615
2509 0.00126615
2510 0.00126615
2511 0.00126615
2512 0.00126615
2513 0.00126615
2514 0.00126615
2515 0.00126615
2516 0.00126615
2517 0.00126615
2518 0.00126615
2519 0.00123369
2520 0.00123369
2521 0.00116876
2522 0.00116876
2523 0.00116876
2524 0.00116876
2525 0.00116876
2526 0.00116876
2527 0.00116876
2528 0.00116876
2529 0.00116876
2530 0.00116876
2531 0.00116876
2532 0.00116876
2533 0.00116876
2534 0.00116876
2535 0.00116876
2536 0.00116876
2537 0.00107136
2538 0.00107136
2539 0.00107136
2540 0.00107136
2541 0.00107136
2542 0.00107136
2543 0.00107136
2544 0.00107136
2545 0.00107136
2546 0.00107136
2547 0.00107136
2548 0.00107136
2549 0.00107136
2550 0.00107136
2551 0.00107136
2552 0.00107136
2553 0.000973963
2554 0.000973963
2555 0.000973963
2556 0.000973963
2557 0.000973963
2558 0.000973963
2559 0.000973963
2560 0.000973963
2561 0.000973963
2562 0.000973963
2563 0.000973963
2564 0.000973963
2565 0.000973963
2566 0.000973963
2567 0.000973963
2568 0.000973963
2569 0.000973963
2570 0.000973963
2571 0.000973963
2572 0.000973963
2573 0.000973963
2574 0.000973963
2575 0.000973963
2576 0.000973963
2577 0.000909032
2578 0.000909032
2579 0.000909032
2580 0.000909032
2581 0.000909032
2582 0.000909032
2583 0.000909032
2584 0.000909032
2585 0.000909032
2586 0.000909032
2587 0.000909032
2588 0.000909032
2589 0.000909032
2590 0.000909032
2591 0.000909032
2592 0.000909032
2593 0.000909032
2594 0.000909032
2595 0.000909032
2596 0.000909032
2597 0.000909032
2598 0.000909032
2599 0.000909032
2600 0.000909032
2601 0.000876566
2602 0.000876566
2603 0.000876566
2604 0.000876566
2605 0.000876566
2606 0.000876566
2607 0.000876566
2608 0.000876566
2609 0.000844101
2610 0.000844101
2611 0.000844101
2612 0.000844101
2613 0.000844101
2614 0.000844101
2615 0.000844101
2616 0.000844101
2617 0.00077917
2618 0.00077917
2619 0.00077917
2620 0.00077917
2621 0.00077917
2622 0.00077917
2623 0.00077917
2624 0.00077917
2625 0.000714239
2626 0.000714239
2627 0.000714239
2628 0.000714239
2629 0.000714239
2630 0.000714239
2631 0.000714239
2632 0.000714239
2633 0.000681774
2634 0.000681774
2635 0.000681774
2636 0.000681774
2637 0.000681774
2638 0.000681774
2639 0.000681774
2640 0.000681774
2641 0.000649308
2642 0.000649308
2643 0.000649308
2644 0.000649308
2645 0.000649308
2646 0.000649308
2647 0.000649308
2648 0.000649308
2649 0.000649308
2650 0.000649308
2651 0.000649308
2652 0.000649308
2653 0.000649308
2654 0.000649308
2655 0.000649308
2656 0.000649308
2657 0.000649308
2658 0.000649308
2659 0.000649308
2660 0.000649308
2661 0.000649308
2662 0.000649308
2663 0.000649308
2664 0.000649308
2665 0.000649308
2666 0.000649308
2667 0.000649308
2668 0.000649308
2669 0.000649308
2670 0.000649308
2671 0.000649308
2672 0.000649308
2673 0.000616843
2674 0.000616843
2675 0.000616843
2676 0.000616843
2677 0.000616843
2678 0.000616843
2679 0.000616843
2680 0.000616843
2681 0.000616843
2682 0.000616843
2683 0.000616843
2684 0.000616843
2685 0.000616843
2686 0.000616843
2687 0.000616843
2688 0.000616843
2689 0.000616843
2690 0.000616843
2691 0.000616843
2692 0.000616843
2693 0.000616843
2694 0.000616843
2695 0.000584378
2696 0.000584378
2697 0.000584378
2698 0.000584378
2699 0.000584378
2700 0.000584378
2701 0.000584378
2702 0.000584378
2703 0.000584378
2704 0.000584378
2705 0.000551912
2706 0.000551912
2707 0.000551912
2708 0.000551912
2709 0.000551912
2710 0.000551912
2711 0.000551912
2712 0.000551912
2713 0.000551912
2714 0.000551912
2715 0.000551912
2716 0.000551912
2717 0.000551912
2718 0.000551912
2719 0.000551912
2720 0.000551912
2721 0.000551912
2722 0.000551912
2723 0.000551912
2724 0.000551912
2725 0.000551912
2726 0.000551912
2727 0.000551912
2728 0.000551912
2729 0.000551912
2730 0.000551912
2731 0.000551912
2732 0.000551912
2733 0.000551912
2734 0.000551912
2735 0.000551912
2736 0.000551912
2737 0.000551912
2738 0.000551912
2739 0.000551912
2740 0.000551912
2741 0.000551912
2742 0.000551912
2743 0.000551912
2744 0.000551912
2745 0.000551912
2746 0.000551912
2747 0.000551912
2748 0.000551912
2749 0.000551912
2750 0.000551912
2751 0.000551912
2752 0.000551912
2753 0.000551912
2754 0.000551912
2755 0.000551912
2756 0.000551912
2757 0.000551912
2758 0.000551912
2759 0.000551912
2760 0.000551912
2761 0.000551912
2762 0.000551912
2763 0.000551912
2764 0.000551912
2765 0.000551912
2766 0.000551912
2767 0.000551912
2768 0.000551912
2769 0.000551912
2770 0.000551912
2771 0.000551912
2772 0.000551912
2773 0.000551912
2774 0.000551912
2775 0.000551912
2776 0.000551912
2777 0.000551912
2778 0.000551912
2779 0.000551912
2780 0.000551912
2781 0.000551912
2782 0.000551912
2783 0.000551912
2784 0.000551912
2785 0.000551912
2786 0.000551912
2787 0.000551912
2788 0.000551912
2789 0.000551912
2790 0.000551912
2791 0.000551912
2792 0.000551912
2793 0.000519447
2794 0.000519447
2795 0.000519447
2796 0.000519447
2797 0.000519447
2798 0.000519447
2799 0.000519447
2800 0.000519447
2801 0.000519447
2802 0.000519447
2803 0.000519447
2804 0.000519447
2805 0.000519447
2806 0.000519447
2807 0.000519447
2808 0.000519447
2809 0.000519447
2810 0.000519447
2811 0.000519447
2812 0.000519447
2813 0.000519447
2814 0.000519447
2815 0.000519447
2816 0.000519447
2817 0.000519447
2818 0.000519447
2819 0.000519447
2820 0.000519447
2821 0.000519447
2822 0.000519447
2823 0.000519447
2824 0.000519447
2825 0.000486981
2826 0.000486981
2827 0.000486981
2828 0.000486981
2829 0.000486981
2830 0.000486981
2831 0.000486981
2832 0.000486981
2833 0.000454516
2834 0.000454516
2835 0.000454516
2836 0.000454516
2837 0.000454516
2838 0.000454516
2839 0.000454516
2840 0.000454516
2841 0.000422051
2842 0.000422051
2843 0.000422051
2844 0.000422051
2845 0.000422051
2846 0.000422051
2847 0.000422051
2848 0.000422051
2849 0.000422051
2850 0.000422051
2851 0.000422051
2852 0.000422051
2853 0.000422051
2854 0.000422051
2855 0.000422051
2856 0.000422051
2857 0.000422051
2858 0.000422051
2859 0.000422051
2860 0.000422051
2861 0.000422051
2862 0.000422051
2863 0.000422051
2864 0.000422051
2865 0.000422051
2866 0.000422051
2867 0.000422051
2868 0.000422051
2869 0.000422051
2870 0.000422051
2871 0.000422051
2872 0.000422051
2873 0.000422051
2874 0.000422051
2875 0.000422051
2876 0.000422051
2877 0.000422051
2878 0.000422051
2879 0.000422051
2880 0.000422051
2881 0.000422051
2882 0.000422051
2883 0.000422051
2884 0.000422051
2885 0.000422051
2886 0.000422051
2887 0.000422051
2888 0.000422051
2889 0.000422051
2890 0.000422051
2891 0.000422051
2892 0.000422051
2893 0.000422051
2894 0.000422051
2895 0.000422051
2896 0.000422051
2897 0.000422051
2898 0.000422051
2899 0.000422051
2900 0.000422051
2901 0.000422051
2902 0.000422051
2903 0.000422051
2904 0.000422051
2905 0.000422051
2906 0.000422051
2907 0.000422051
2908 0.000422051
2909 0.000422051
2910 0.000422051
2911 0.000422051
2912 0.000422051
2913 0.000422051
2914 0.000422051
2915 0.000422051
2916 0.000422051
2917 0.000422051
2918 0.000422051
2919 0.000422051
2920 0.000422051
2921 0.000389585
2922 0.000389585
2923 0.000389585
2924 0.000389585
2925 0.000389585
2926 0.000389585
2927 0.000389585
2928 0.000389585
2929 0.000389585
2930 0.000389585
2931 0.000389585
2932 0.000389585
2933 0.000389585
2934 0.000389585
2935 0.000389585
2936 0.000389585
2937 0.000389585
2938 0.000389585
2939 0.000389585
2940 0.000389585
2941 0.000389585
2942 0.000389585
2943 0.000389585
2944 0.000389585
2945 0.000389585
2946 0.000389585
2947 0.000389585
2948 0.000389585
2949 0.000389585
2950 0.000389585
2951 0.000389585
2952 0.000389585
2953 0.000389585
2954 0.000389585
2955 0.000389585
2956 0.000389585
2957 0.000389585
2958 0.000389585
2959 0.000389585
2960 0.000389585
2961 0.000389585
2962 0.000389585
2963 0.000389585
2964 0.000389585
2965 0.000389585
2966 0.000389585
2967 0.000389585
2968 0.000389585
2969 0.000389585
2970 0.000389585
2971 0.000389585
2972 0.000389585
2973 0.000389585
2974 0.000389585
2975 0.000389585
2976 0.000389585
2977 0.00035712
2978 0.00035712
2979 0.00035712
2980 0.00035712
2981 0.00035712
2982 0.00035712
2983 0.00035712
2984 0.00035712
2985 0.000324654
2986 0.000324654
2987 0.000324654
2988 0.000324654
2989 0.000324654
2990 0.000324654
2991 0.000324654
2992 0.000324654
2993 0.000324654
2994 0.000324654
2995 0.000324654
2996 0.000324654
2997 0.000324654
2998 0.000324654
2999 0.000324654
3000 0.000324654
3001 0.000324654
3002 0.000324654
3003 0.000324654
3004 0.000324654
3005 0.000324654
3006 0.000324654
3007 0.000324654
3008 0.000324654
3009 0.000324654
3010 0.000324654
3011 0.000324654
3012 0.000324654
3013 0.000324654
3014 0.000324654
3015 0.000324654
3016 0.000324654
3017 0.000324654
3018 0.000324654
3019 0.000324654
3020 0.000324654
3021 0.000324654
3022 0.000324654
3023 0.000324654
3024 0.000324654
3025 0.000324654
3026 0.000324654
3027 0.000324654
3028 0.000324654
3029 0.000324654
3030 0.000324654
3031 0.000324654
3032 0.000324654
3033 0.000324654
3034 0.000324654
3035 0.000324654
3036 0.000324654
3037 0.000324654
3038 0.000324654
3039 0.000324654
3040 0.000324654
3041 0.000324654
3042 0.000324654
3043 0.000324654
3044 0.000324654
3045 0.000324654
3046 0.000324654
3047 0.000324654
3048 0.000324654
3049 0.000324654
3050 0.000324654
3051 0.000324654
3052 0.000324654
3053 0.000324654
3054 0.000324654
3055 0.000324654
3056 0.000324654
3057 0.000324654
3058 0.000324654
3059 0.000324654
3060 0.000324654
3061 0.000324654
3062 0.000324654
3063 0.000324654
3064 0.000324654
3065 0.000324654
3066 0.000324654
3067 0.000324654
3068 0.000324654
3069 0.000324654
3070 0.000324654
3071 0.000324654
3072 0.000324654
3073 0.000324654
3074 0.000324654
3075 0.000324654
3076 0.000324654
3077 0.000324654
3078 0.000324654
3079 0.000324654
3080 0.000324654
3081 0.000324654
3082 0.000324654
3083 0.000324654
3084 0.000324654
3085 0.000324654
3086 0.000324654
3087 0.000324654
3088 0.000324654
3089 0.000324654
3090 0.000324654
3091 0.000324654
3092 0.000324654
3093 0.000324654
3094 0.000324654
3095 0.000324654
3096 0.000324654
3097 0.000324654
3098 0.000324654
3099 0.000324654
3100 0.000324654
3101 0.000324654
3102 0.000324654
3103 0.000324654
3104 0.000324654
3105 0.000324654
3106 0.000324654
3107 0.000324654
3108 0.000324654
3109 0.000324654
3110 0.000324654
3111 0.000324654
3112 0.000324654
3113 0.000324654
3114 0.000324654
3115 0.000324654
3116 0.000324654
3117 0.000324654
3118 0.000324654
3119 0.000324654
3120 0.000324654
3121 0.000324654
3122 0.000324654
3123 0.000324654
3124 0.000324654
3125 0.000324654
3126 0.000324654
3127 0.000324654
3128 0.000324654
3129 0.000324654
3130 0.000324654
3131 0.000324654
3132 0.000324654
3133 0.000324654
3134 0.000324654
3135 0.000324654
3136 0.000324654
3137 0.000324654
3138 0.000324654
3139 0.000324654
3140 0.000324654
3141 0.000324654
3142 0.000324654
3143 0.000324654
3144 0.000324654
3145 0.000324654
3146 0.000324654
3147 0.000324654
3148 0.000324654
3149 0.000324654
3150 0.000324654
3151 0.000324654
3152 0.000324654
3153 0.000324654
3154 0.000324654
3155 0.000324654
3156 0.000324654
3157 0.000324654
3158 0.000324654
3159 0.000324654
3160 0.000324654
3161 0.000324654
3162 0.000324654
3163 0.000324654
3164 0.000324654
3165 0.000324654
3166 0.000324654
3167 0.000324654
3168 0.000324654
3169 0.000324654
3170 0.000324654
3171 0.000324654
3172 0.000324654
3173 0.000324654
3174 0.000324654
3175 0.000324654
3176 0.000324654
3177 0.000292189
3178 0.000292189
3179 0.000292189
3180 0.000292189
3181 0.000292189
3182 0.000292189
3183 0.000292189
3184 0.000292189
3185 0.000292189
3186 0.000292189
3187 0.000292189
3188 0.000292189
3189 0.000292189
3190 0.000292189
3191 0.000292189
3192 0.000292189
3193 0.000292189
3194 0.000292189
3195 0.000292189
3196 0.000292189
3197 0.000292189
3198 0.000292189
3199 0.000292189
3200 0.000292189
3201 0.000292189
3202 0.000292189
3203 0.000292189
3204 0.000292189
3205 0.000292189
3206 0.000292189
3207 0.000292189
3208 0.000292189
3209 0.000292189
3210 0.000292189
3211 0.000292189
3212 0.000292189
3213 0.000292189
3214 0.000292189
3215 0.000292189
3216 0.000292189
3217 0.000292189
3218 0.000292189
3219 0.000292189
3220 0.000292189
3221 0.000292189
3222 0.000292189
3223 0.000292189
3224 0.000292189
3225 0.000292189
3226 0.000292189
3227 0.000292189
3228 0.000292189
3229 0.000292189
3230 0.000292189
3231 0.000292189
3232 0.000292189
3233 0.000292189
3234 0.000292189
3235 0.000292189
3236 0.000292189
3237 0.000292189
3238 0.000292189
3239 0.000292189
3240 0.000292189
3241 0.000292189
3242 0.000292189
3243 0.000292189
3244 0.000292189
3245 0.000292189
3246 0.000292189
3247 0.000292189
3248 0.000292189
3249 0.000292189
3250 0.000292189
3251 0.000292189
3252 0.000292189
3253 0.000292189
3254 0.000292189
3255 0.000292189
3256 0.000292189
3257 0.000292189
3258 0.000292189
3259 0.000292189
3260 0.000292189
3261 0.000292189
3262 0.000292189
3263 0.000292189
3264 0.000292189
3265 0.000292189
3266 0.000292189
3267 0.000292189
3268 0.000292189
3269 0.000292189
3270 0.000292189
3271 0.000292189
3272 0.000292189
3273 0.000259723
3274 0.000259723
3275 0.000259723
3276 0.000259723
3277 0.000259723
3278 0.000259723
3279 0.000259723
3280 0.000259723
3281 0.000259723
3282 0.000259723
3283 0.000259723
3284 0.000259723
3285 0.000259723
3286 0.000259723
3287 0.000259723
3288 0.000259723
3289 0.000259723
3290 0.000259723
3291 0.000259723
3292 0.000259723
3293 0.000259723
3294 0.000259723
3295 0.000259723
3296 0.000259723
3297 0.000259723
3298 0.000259723
3299 0.000259723
3300 0.000259723
3301 0.000259723
3302 0.000259723
3303 0.000259723
3304 0.000259723
3305 0.000259723
3306 0.000259723
3307 0.000259723
3308 0.000259723
3309 0.000259723
3310 0.000259723
3311 0.000259723
3312 0.000259723
3313 0.000227258
3314 0.000227258
3315 0.000227258
3316 0.000227258
3317 0.000227258
3318 0.000227258
3319 0.000227258
3320 0.000227258
3321 0.000227258
3322 0.000227258
3323 0.000227258
3324 0.000227258
3325 0.000227258
3326 0.000227258
3327 0.000227258
3328 0.000227258
3329 0.000227258
3330 0.000227258
3331 0.000227258
3332 0.000227258
3333 0.000227258
3334 0.000227258
3335 0.000227258
3336 0.000227258
3337 0.000227258
3338 0.000227258
3339 0.000227258
3340 0.000227258
3341 0.000227258
3342 0.000227258
3343 0.000227258
3344 0.000227258
3345 0.000227258
3346 0.000227258
3347 0.000227258
3348 0.000227258
3349 0.000227258
3350 0.000227258
3351 0.000227258
3352 0.000227258
3353 0.000227258
3354 0.000227258
3355 0.000227258
3356 0.000227258
3357 0.000227258
3358 0.000227258
3359 0.000227258
3360 0.000227258
3361 0.000227258
3362 0.000227258
3363 0.000227258
3364 0.000227258
3365 0.000227258
3366 0.000227258
3367 0.000227258
3368 0.000227258
3369 0.000227258
3370 0.000227258
3371 0.000227258
3372 0.000227258
3373 0.000227258
3374 0.000227258
3375 0.000227258
3376 0.000227258
3377 0.000194793
3378 0.000194793
3379 0.000194793
3380 0.000194793
3381 0.000194793
3382 0.000194793
3383 0.000194793
3384 0.000194793
3385 0.000194793
3386 0.000194793
3387 0.000194793
3388 0.000194793
3389 0.000194793
3390 0.000194793
3391 0.000194793
3392 0.000194793
3393 0.000194793
3394 0.000194793
3395 0.000194793
3396 0.000194793
3397 0.000194793
3398 0.000194793
3399 0.000194793
3400 0.000194793
3401 0.000194793
3402 0.000194793
3403 0.000194793
3404 0.000194793
3405 0.000194793
3406 0.000194793
3407 0.000194793
3408 0.000194793
3409 0.000194793
3410 0.000194793
3411 0.000194793
3412 0.000194793
3413 0.000194793
3414 0.000194793
3415 0.000194793
3416 0.000194793
3417 0.000194793
3418 0.000194793
3419 0.000194793
3420 0.000194793
3421 0.000194793
3422 0.000194793
3423 0.000194793
3424 0.000194793
3425 0.000194793
3426 0.000194793
3427 0.000194793
3428 0.000194793
3429 0.000194793
3430 0.000194793
3431 0.000194793
3432 0.000194793
3433 0.000194793
3434 0.000194793
3435 0.000194793
3436 0.000194793
3437 0.000194793
3438 0.000194793
3439 0.000194793
3440 0.000194793
3441 0.000194793
3442 0.000194793
3443 0.000194793
3444 0.000194793
3445 0.000194793
3446 0.000194793
3447 0.000194793
3448 0.000194793
3449 0.000194793
3450 0.000194793
3451 0.000194793
3452 0.000194793
3453 0.000194793
3454 0.000194793
3455 0.000194793
3456 0.000194793
3457 0.000194793
3458 0.000194793
3459 0.000194793
3460 0.000194793
3461 0.000194793
3462 0.000194793
3463 0.000194793
3464 0.000194793
3465 0.000194793
3466 0.000194793
3467 0.000194793
3468 0.000194793
3469 0.000194793
3470 0.000194793
3471 0.000194793
3472 0.000194793
3473 0.000162327
3474 0.000162327
3475 0.000162327
3476 0.000162327
3477 0.000162327
3478 0.000162327
3479 0.000162327
3480 0.000162327
3481 0.000162327
3482 0.000162327
3483 0.000162327
3484 0.000162327
3485 0.000162327
3486 0.000162327
3487 0.000162327
3488 0.000162327
3489 0.000162327
3490 0.000162327
3491 0.000162327
3492 0.000162327
3493 0.000162327
3494 0.000162327
3495 0.000162327
3496 0.000162327
3497 0.000162327
3498 0.000162327
3499 0.000162327
3500 0.000162327
3501 0.000162327
3502 0.000162327
3503 0.000162327
3504 0.000162327
3505 0.000162327
3506 0.000162327
3507 0.000162327
3508 0.000162327
3509 0.000162327
3510 0.000162327
3511 0.000162327
3512 0.000162327
3513 0.000162327
3514 0.000162327
3515 0.000162327
3516 0.000162327
3517 0.000162327
3518 0.000162327
3519 0.000162327
3520 0.000162327
3521 0.000162327
3522 0.000162327
3523 0.000162327
3524 0.000162327
3525 0.000162327
3526 0.000162327
3527 0.000162327
3528 0.000162327
3529 0.000129862
3530 0.000129862
3531 0.000129862
3532 0.000129862
3533 0.000129862
3534 0.000129862
3535 0.000129862
3536 0.000129862
3537 0.000129862
3538 0.000129862
3539 0.000129862
3540 0.000129862
3541 0.000129862
3542 0.000129862
3543 0.000129862
3544 0.000129862
3545 0.000129862
3546 0.000129862
3547 0.000129862
3548 0.000129862
3549 0.000129862
3550 0.000129862
3551 0.000129862
3552 0.000129862
3553 9.73963e-05
3554 9.73963e-05
3555 9.73963e-05
3556 9.73963e-05
3557 9.73963e-05
3558 9.73963e-05
3559 9.73963e-05
3560 9.73963e-05
3561 9.73963e-05
3562 9.73963e-05
3563 9.73963e-05
3564 9.73963e-05
3565 9.73963e-05
3566 9.73963e-05
3567 9.73963e-05
3568 9.73963e-05
3569 9.73963e-05
3570 9.73963e-05
3571 9.73963e-05
3572 9.73963e-05
3573 9.73963e-05
3574 9.73963e-05
3575 9.73963e-05
3576 9.73963e-05
3577 9.73963e-05
3578 9.73963e-05
3579 9.73963e-05
3580 9.73963e-05
3581 9.73963e-05
3582 9.73963e-05
3583 9.73963e-05
3584 9.73963e-05
3585 9.73963e-05
3586 9.73963e-05
3587 9.73963e-05
3588 9.73963e-05
3589 9.73963e-05
3590 9.73963e-05
3591 9.73963e-05
3592 9.73963e-05
3593 9.73963e-05
3594 9.73963e-05
3595 9.73963e-05
3596 9.73963e-05
3597 9.73963e-05
3598 9.73963e-05
3599 9.73963e-05
3600 9.73963e-05
3601 9.73963e-05
3602 9.73963e-05
3603 9.73963e-05
3604 9.73963e-05
3605 9.73963e-05
3606 9.73963e-05
3607 9.73963e-05
3608 9.73963e-05
3609 9.73963e-05
3610 9.73963e-05
3611 9.73963e-05
3612 9.73963e-05
3613 9.73963e-05
3614 9.73963e-05
3615 9.73963e-05
3616 9.73963e-05
3617 9.73963e-05
3618 9.73963e-05
3619 9.73963e-05
3620 9.73963e-05
3621 9.73963e-05
3622 9.73963e-05
3623 9.73963e-05
3624 9.73963e-05
3625 9.73963e-05
3626 9.73963e-05
3627 9.73963e-05
3628 9.73963e-05
3629 9.73963e-05
3630 9.73963e-05
3631 9.73963e-05
3632 9.73963e-05
3633 9.73963e-05
3634 9.73963e-05
3635 9.73963e-05
3636 9.73963e-05
3637 9.73963e-05
3638 9.73963e-05
3639 9.73963e-05
3640 9.73963e-05
3641 9.73963e-05
3642 9.73963e-05
3643 9.73963e-05
3644 9.73963e-05
3645 9.73963e-05
3646 9.73963e-05
3647 9.73963e-05
3648 9.73963e-05
3649 9.73963e-05
3650 9.73963e-05
3651 9.73963e-05
3652 9.73963e-05
3653 9.73963e-05
3654 9.73963e-05
3655 9.73963e-05
3656 9.73963e-05
3657 9.73963e-05
3658 9.73963e-05
3659 9.73963e-05
3660 9.73963e-05
3661 9.73963e-05
3662 9.73963e-05
3663 9.73963e-05
3664 9.73963e-05
3665 9.73963e-05
3666 9.73963e-05
3667 9.73963e-05
3668 9.73963e-05
3669 9.73963e-05
3670 9.73963e-05
3671 9.73963e-05
3672 9.73963e-05
3673 9.73963e-05
3674 9.73963e-05
3675 9.73963e-05
3676 9.73963e-05
3677 9.73963e-05
3678 9.73963e-05
3679 9.73963e-05
3680 9.73963e-05
3681 9.73963e-05
3682 9.73963e-05
3683 9.73963e-05
3684 9.73963e-05
3685 9.73963e-05
3686 9.73963e-05
3687 9.73963e-05
3688 9.73963e-05
3689 9.73963e-05
3690 9.73963e-05
3691 9.73963e-05
3692 9.73963e-05
3693 9.73963e-05
3694 9.73963e-05
3695 9.73963e-05
3696 9.73963e-05
3697 6.49308e-05
3698 6.49308e-05
3699 6.49308e-05
3700 6.49308e-05
3701 6.49308e-05
3702 6.49308e-05
3703 6.49308e-05
3704 6.49308e-05
3705 6.49308e-05
3706 6.49308e-05
3707 6.49308e-05
3708 6.49308e-05
3709 6.49308e-05
3710 6.49308e-05
3711 6.49308e-05
3712 6.49308e-05
3713 6.49308e-05
3714 6.49308e-05
3715 6.49308e-05
3716 6.49308e-05
3717 6.49308e-05
3718 6.49308e-05
3719 6.49308e-05
3720 6.49308e-05
3721 6.49308e-05
3722 6.49308e-05
3723 6.49308e-05
3724 6.49308e-05
3725 6.49308e-05
3726 6.49308e-05
3727 6.49308e-05
3728 6.49308e-05
3729 6.49308e-05
3730 6.49308e-05
3731 6.49308e-05
3732 6.49308e-05
3733 6.49308e-05
3734 6.49308e-05
3735 6.49308e-05
3736 6.49308e-05
3737 6.49308e-05
3738 6.49308e-05
3739 6.49308e-05
3740 6.49308e-05
3741 6.49308e-05
3742 6.49308e-05
3743 6.49308e-05
3744 6.49308e-05
3745 6.49308e-05
3746 6.49308e-05
3747 6.49308e-05
3748 6.49308e-05
3749 6.49308e-05
3750 6.49308e-05
3751 6.49308e-05
3752 6.49308e-05
3753 6.49308e-05
3754 6.49308e-05
3755 6.49308e-05
3756 6.49308e-05
3757 6.49308e-05
3758 6.49308e-05
3759 6.49308e-05
3760 6.49308e-05
3761 6.49308e-05
3762 6.49308e-05
3763 6.49308e-05
3764 6.49308e-05
3765 6.49308e-05
3766 6.49308e-05
3767 6.49308e-05
3768 6.49308e-05
3769 6.49308e-05
3770 6.49308e-05
3771 6.49308e-05
3772 6.49308e-05
3773 6.49308e-05
3774 6.49308e-05
3775 6.49308e-05
3776 6.49308e-05
3777 6.49308e-05
3778 6.49308e-05
3779 6.49308e-05
3780 6.49308e-05
3781 6.49308e-05
3782 6.49308e-05
3783 6.49308e-05
3784 6.49308e-05
3785 6.49308e-05
3786 6.49308e-05
3787 6.49308e-05
3788 6.49308e-05
3789 6.49308e-05
3790 6.49308e-05
3791 6.49308e-05
3792 6.49308e-05
3793 6.49308e-05
3794 6.49308e-05
3795 6.49308e-05
3796 6.49308e-05
3797 6.49308e-05
3798 6.49308e-05
3799 6.49308e-05
3800 6.49308e-05
3801 6.49308e-05
3802 6.49308e-05
3803 6.49308e-05
3804 6.49308e-05
3805 6.49308e-05
3806 6.49308e-05
3807 6.49308e-05
3808 6.49308e-05
3809 6.49308e-05
3810 6.49308e-05
3811 6.49308e-05
3812 6.49308e-05
3813 6.49308e-05
3814 6.49308e-05
3815 6.49308e-05
3816 6.49308e-05
3817 6.49308e-05
3818 6.49308e-05
3819 6.49308e-05
3820 6.49308e-05
3821 6.49308e-05
3822 6.49308e-05
3823 6.49308e-05
3824 6.49308e-05
3825 6.49308e-05
3826 6.49308e-05
3827 6.49308e-05
3828 6.49308e-05
3829 6.49308e-05
3830 6.49308e-05
3831 6.49308e-05
3832 6.49308e-05
3833 6.49308e-05
3834 6.49308e-05
3835 6.49308e-05
3836 6.49308e-05
3837 6.49308e-05
3838 6.49308e-05
3839 6.49308e-05
3840 6.49308e-05
3841 6.49308e-05
3842 6.49308e-05
3843 6.49308e-05
3844 6.49308e-05
3845 6.49308e-05
3846 6.49308e-05
3847 6.49308e-05
3848 6.49308e-05
3849 6.49308e-05
3850 6.49308e-05
3851 6.49308e-05
3852 6.49308e-05
3853 6.49308e-05
3854 6.49308e-05
3855 6.49308e-05
3856 6.49308e-05
3857 6.49308e-05
3858 6.49308e-05
3859 6.49308e-05
3860 6.49308e-05
3861 6.49308e-05
3862 6.49308e-05
3863 6.49308e-05
3864 6.49308e-05
3865 6.49308e-05
3866 6.49308e-05
3867 6.49308e-05
3868 6.49308e-05
3869 6.49308e-05
3870 6.49308e-05
3871 6.49308e-05
3872 6.49308e-05
3873 6.49308e-05
3874 6.49308e-05
3875 6.49308e-05
3876 6.49308e-05
3877 6.49308e-05
3878 6.49308e-05
3879 6.49308e-05
3880 6.49308e-05
3881 6.49308e-05
3882 6.49308e-05
3883 6.49308e-05
3884 6.49308e-05
3885 6.49308e-05
3886 6.49308e-05
3887 6.49308e-05
3888 6.49308e-05
3889 6.49308e-05
3890 6.49308e-05
3891 6.49308e-05
3892 6.49308e-05
3893 6.49308e-05
3894 6.49308e-05
3895 6.49308e-05
3896 6.49308e-05
3897 6.49308e-05
3898 6.49308e-05
3899 6.49308e-05
3900 6.49308e-05
3901 6.49308e-05
3902 6.49308e-05
3903 6.49308e-05
3904 6.49308e-05
3905 6.49308e-05
3906 6.49308e-05
3907 6.49308e-05
3908 6.49308e-05
3909 6.49308e-05
3910 6.49308e-05
3911 6.49308e-05
3912 6.49308e-05
3913 6.49308e-05
3914 6.49308e-05
3915 6.49308e-05
3916 6.49308e-05
3917 6.49308e-05
3918 6.49308e-05
3919 6.49308e-05
3920 6.49308e-05
3921 6.49308e-05
3922 6.49308e-05
3923 6.49308e-05
3924 6.49308e-05
3925 6.49308e-05
3926 6.49308e-05
3927 6.49308e-05
3928 6.49308e-05
3929 6.49308e-05
3930 6.49308e-05
3931 6.49308e-05
3932 6.49308e-05
3933 6.49308e-05
3934 6.49308e-05
3935 6.49308e-05
3936 6.49308e-05
3937 6.49308e-05
3938 6.49308e-05
3939 6.49308e-05
3940 6.49308e-05
3941 6.49308e-05
3942 6.49308e-05
3943 6.49308e-05
3944 6.49308e-05
3945 6.49308e-05
3946 6.49308e-05
3947 6.49308e-05
3948 6.49308e-05
3949 6.49308e-05
3950 6.49308e-05
3951 6.49308e-05
3952 6.49308e-05
3953 6.49308e-05
3954 6.49308e-05
3955 6.49308e-05
3956 6.49308e-05
3957 6.49308e-05
3958 6.49308e-05
3959 6.49308e-05
3960 6.49308e-05
3961 6.49308e-05
3962 6.49308e-05
3963 6.49308e-05
3964 6.49308e-05
3965 6.49308e-05
3966 6.49308e-05
3967 6.49308e-05
3968 6.49308e-05
3969 6.49308e-05
3970 6.49308e-05
3971 6.49308e-05
3972 6.49308e-05
3973 6.49308e-05
3974 6.49308e-05
3975 6.49308e-05
3976 6.49308e-05
3977 6.49308e-05
3978 6.49308e-05
3979 6.49308e-05
3980 6.49308e-05
3981 6.49308e-05
3982 6.49308e-05
3983 6.49308e-05
3984 6.49308e-05
3985 6.49308e-05
3986 6.49308e-05
3987 6.49308e-05
3988 6.49308e-05
3989 6.49308e-05
3990 6.49308e-05
3991 6.49308e-05
3992 6.49308e-05
3993 6.49308e-05
3994 6.49308e-05
3995 6.49308e-05
3996 6.49308e-05
3997 6.49308e-05
3998 6.49308e-05
3999 6.49308e-05
4000 6.49308e-05
4001 6.49308e-05
4002 6.49308e-05
4003 6.49308e-05
4004 6.49308e-05
4005 6.49308e-05
4006 6.49308e-05
4007 6.49308e-05
4008 6.49308e-05
4009 6.49308e-05
4010 6.49308e-05
4011 6.49308e-05
4012 6.49308e-05
4013 6.49308e-05
4014 6.49308e-05
4015 6.49308e-05
4016 6.49308e-05
4017 6.49308e-05
4018 6.49308e-05
4019 6.49308e-05
4020 6.49308e-05
4021 6.49308e-05
4022 6.49308e-05
4023 6.49308e-05
4024 6.49308e-05
4025 6.49308e-05
4026 6.49308e-05
4027 6.49308e-05
4028 6.49308e-05
4029 6.49308e-05
4030 6.49308e-05
4031 6.49308e-05
4032 6.49308e-05
4033 6.49308e-05
4034 6.49308e-05
4035 6.49308e-05
4036 6.49308e-05
4037 6.49308e-05
4038 6.49308e-05
4039 6.49308e-05
4040 6.49308e-05
4041 6.49308e-05
4042 6.49308e-05
4043 6.49308e-05
4044 6.49308e-05
4045 6.49308e-05
4046 6.49308e-05
4047 6.49308e-05
4048 6.49308e-05
4049 6.49308e-05
4050 6.49308e-05
4051 6.49308e-05
4052 6.49308e-05
4053 6.49308e-05
4054 6.49308e-05
4055 6.49308e-05
4056 6.49308e-05
4057 6.49308e-05
4058 6.49308e-05
4059 6.49308e-05
4060 6.49308e-05
4061 6.49308e-05
4062 6.49308e-05
4063 6.49308e-05
4064 6.49308e-05
4065 6.49308e-05
4066 6.49308e-05
4067 6.49308e-05
4068 6.49308e-05
4069 6.49308e-05
4070 6.49308e-05
4071 6.49308e-05
4072 6.49308e-05
4073 6.49308e-05
4074 6.49308e-05
4075 6.49308e-05
4076 6.49308e-05
4077 6.49308e-05
4078 6.49308e-05
4079 6.49308e-05
4080 6.49308e-05
4081 6.49308e-05
4082 6.49308e-05
4083 6.49308e-05
4084 6.49308e-05
4085 6.49308e-05
4086 6.49308e-05
4087 6.49308e-05
4088 6.49308e-05
4089 6.49308e-05
4090 6.49308e-05
4091 6.49308e-05
4092 6.49308e-05
4093 6.49308e-05
4094 6.49308e-05
4095 6.49308e-05
4096 6.49308e-05
4097 6.49308e-05
4098 6.49308e-05
4099 6.49308e-05
4100 6.49308e-05
4101 6.49308e-05
4102 6.49308e-05
4103 6.49308e-05
4104 6.49308e-05
4105 6.49308e-05
4106 6.49308e-05
4107 6.49308e-05
4108 6.49308e-05
4109 6.49308e-05
4110 6.49308e-05
4111 6.49308e-05
4112 6.49308e-05
4113 6.49308e-05
4114 6.49308e-05
4115 6.49308e-05
4116 6.49308e-05
4117 6.49308e-05
4118 6.49308e-05
4119 6.49308e-05
4120 6.49308e-05
4121 6.49308e-05
4122 6.49308e-05
4123 6.49308e-05
4124 6.49308e-05
4125 6.49308e-05
4126 6.49308e-05
4127 6.49308e-05
4128 6.49308e-05
4129 6.49308e-05
4130 6.49308e-05
4131 6.49308e-05
4132 6.49308e-05
4133 6.49308e-05
4134 6.49308e-05
4135 6.49308e-05
4136 6.49308e-05
4137 6.49308e-05
4138 6.49308e-05
4139 6.49308e-05
4140 6.49308e-05
4141 6.49308e-05
4142 6.49308e-05
4143 6.49308e-05
4144 6.49308e-05
4145 6.49308e-05
4146 6.49308e-05
4147 6.49308e-05
4148 6.49308e-05
4149 6.49308e-05
4150 6.49308e-05
4151 6.49308e-05
4152 6.49308e-05
4153 6.49308e-05
4154 6.49308e-05
4155 6.49308e-05
4156 6.49308e-05
4157 6.49308e-05
4158 6.49308e-05
4159 6.49308e-05
4160 6.49308e-05
4161 6.49308e-05
4162 6.49308e-05
4163 6.49308e-05
4164 6.49308e-05
4165 6.49308e-05
4166 6.49308e-05
4167 6.49308e-05
4168 6.49308e-05
4169 6.49308e-05
4170 6.49308e-05
4171 6.49308e-05
4172 6.49308e-05
4173 6.49308e-05
4174 6.49308e-05
4175 6.49308e-05
4176 6.49308e-05
4177 6.49308e-05
4178 6.49308e-05
4179 6.49308e-05
4180 6.49308e-05
4181 6.49308e-05
4182 6.49308e-05
4183 6.49308e-05
4184 6.49308e-05
4185 6.49308e-05
4186 6.49308e-05
4187 6.49308e-05
4188 6.49308e-05
4189 6.49308e-05
4190 6.49308e-05
4191 6.49308e-05
4192 6.49308e-05
4193 6.49308e-05
4194 6.49308e-05
4195 6.49308e-05
4196 6.49308e-05
4197 6.49308e-05
4198 6.49308e-05
4199 6.49308e-05
4200 6.49308e-05
4201 6.49308e-05
4202 6.49308e-05
4203 6.49308e-05
4204 6.49308e-05
4205 6.49308e-05
4206 6.49308e-05
4207 6.49308e-05
4208 6.49308e-05
4209 6.49308e-05
4210 6.49308e-05
4211 6.49308e-05
4212 6.49308e-05
4213 6.49308e-05
4214 6.49308e-05
4215 6.49308e-05
4216 6.49308e-05
4217 6.49308e-05
4218 6.49308e-05
4219 6.49308e-05
4220 6.49308e-05
4221 6.49308e-05
4222 6.49308e-05
4223 6.49308e-05
4224 6.49308e-05
4225 6.49308e-05
4226 6.49308e-05
4227 6.49308e-05
4228 6.49308e-05
4229 6.49308e-05
4230 6.49308e-05
4231 6.49308e-05
4232 6.49308e-05
4233 6.49308e-05
4234 6.49308e-05
4235 6.49308e-05
4236 6.49308e-05
4237 6.49308e-05
4238 6.49308e-05
4239 6.49308e-05
4240 6.49308e-05
4241 6.49308e-05
4242 6.49308e-05
4243 6.49308e-05
4244 6.49308e-05
4245 6.49308e-05
4246 6.49308e-05
4247 6.49308e-05
4248 6.49308e-05
4249 6.49308e-05
4250 6.49308e-05
4251 6.49308e-05
4252 6.49308e-05
4253 6.49308e-05
4254 6.49308e-05
4255 6.49308e-05
4256 6.49308e-05
4257 6.49308e-05
4258 6.49308e-05
4259 6.49308e-05
4260 6.49308e-05
4261 6.49308e-05
4262 6.49308e-05
4263 6.49308e-05
4264 6.49308e-05
4265 6.49308e-05
4266 6.49308e-05
4267 6.49308e-05
4268 6.49308e-05
4269 6.49308e-05
4270 6.49308e-05
4271 6.49308e-05
4272 6.49308e-05
4273 6.49308e-05
4274 6.49308e-05
4275 6.49308e-05
4276 6.49308e-05
4277 6.49308e-05
4278 6.49308e-05
4279 6.49308e-05
4280 6.49308e-05
4281 6.49308e-05
4282 6.49308e-05
4283 6.49308e-05
4284 6.49308e-05
4285 6.49308e-05
4286 6.49308e-05
4287 6.49308e-05
4288 6.49308e-05
4289 6.49308e-05
4290 6.49308e-05
4291 6.49308e-05
4292 6.49308e-05
4293 6.49308e-05
4294 6.49308e-05
4295 6.49308e-05
4296 6.49308e-05
4297 6.49308e-05
4298 6.49308e-05
4299 6.49308e-05
4300 6.49308e-05
4301 6.49308e-05
4302 6.49308e-05
4303 6.49308e-05
4304 6.49308e-05
4305 6.49308e-05
4306 6.49308e-05
4307 6.49308e-05
4308 6.49308e-05
4309 6.49308e-05
4310 6.49308e-05
4311 6.49308e-05
4312 6.49308e-05
4313 6.49308e-05
4314 6.49308e-05
4315 6.49308e-05
4316 6.49308e-05
4317 6.49308e-05
4318 6.49308e-05
4319 6.49308e-05
4320 6.49308e-05
4321 6.49308e-05
4322 6.49308e-05
4323 6.49308e-05
4324 6.49308e-05
4325 6.49308e-05
4326 6.49308e-05
4327 6.49308e-05
4328 6.49308e-05
4329 6.49308e-05
4330 6.49308e-05
4331 6.49308e-05
4332 6.49308e-05
4333 6.49308e-05
4334 6.49308e-05
4335 6.49308e-05
4336 6.49308e-05
4337 6.49308e-05
4338 6.49308e-05
4339 6.49308e-05
4340 6.49308e-05
4341 6.49308e-05
4342 6.49308e-05
4343 6.49308e-05
4344 6.49308e-05
4345 6.49308e-05
4346 6.49308e-05
4347 6.49308e-05
4348 6.49308e-05
4349 6.49308e-05
4350 6.49308e-05
4351 6.49308e-05
4352 6.49308e-05
4353 6.49308e-05
4354 6.49308e-05
4355 6.49308e-05
4356 6.49308e-05
4357 6.49308e-05
4358 6.49308e-05
4359 6.49308e-05
4360 6.49308e-05
4361 6.49308e-05
4362 6.49308e-05
4363 6.49308e-05
4364 6.49308e-05
4365 6.49308e-05
4366 6.49308e-05
4367 6.49308e-05
4368 6.49308e-05
4369 6.49308e-05
4370 6.49308e-05
4371 6.49308e-05
4372 6.49308e-05
4373 6.49308e-05
4374 6.49308e-05
4375 6.49308e-05
4376 6.49308e-05
4377 6.49308e-05
4378 6.49308e-05
4379 6.49308e-05
4380 6.49308e-05
4381 6.49308e-05
4382 6.49308e-05
4383 6.49308e-05
4384 6.49308e-05
4385 6.49308e-05
4386 6.49308e-05
4387 6.49308e-05
4388 6.49308e-05
4389 6.49308e-05
4390 6.49308e-05
4391 6.49308e-05
4392 6.49308e-05
4393 6.49308e-05
4394 6.49308e-05
4395 6.49308e-05
4396 6.49308e-05
4397 6.49308e-05
4398 6.49308e-05
4399 6.49308e-05
4400 6.49308e-05
4401 6.49308e-05
4402 6.49308e-05
4403 6.49308e-05
4404 6.49308e-05
4405 6.49308e-05
4406 6.49308e-05
4407 6.49308e-05
4408 6.49308e-05
4409 6.49308e-05
4410 6.49308e-05
4411 6.49308e-05
4412 6.49308e-05
4413 6.49308e-05
4414 6.49308e-05
4415 6.49308e-05
4416 6.49308e-05
4417 6.49308e-05
4418 6.49308e-05
4419 6.49308e-05
4420 6.49308e-05
4421 6.49308e-05
4422 6.49308e-05
4423 6.49308e-05
4424 6.49308e-05
4425 6.49308e-05
4426 6.49308e-05
4427 6.49308e-05
4428 6.49308e-05
4429 6.49308e-05
4430 6.49308e-05
4431 6.49308e-05
4432 6.49308e-05
4433 6.49308e-05
4434 6.49308e-05
4435 6.49308e-05
4436 6.49308e-05
4437 6.49308e-05
4438 6.49308e-05
4439 6.49308e-05
4440 6.49308e-05
4441 6.49308e-05
4442 6.49308e-05
4443 6.49308e-05
4444 6.49308e-05
4445 6.49308e-05
4446 6.49308e-05
4447 6.49308e-05
4448 6.49308e-05
4449 6.49308e-05
4450 6.49308e-05
4451 6.49308e-05
4452 6.49308e-05
4453 6.49308e-05
4454 6.49308e-05
4455 6.49308e-05
4456 6.49308e-05
4457 6.49308e-05
4458 6.49308e-05
4459 6.49308e-05
4460 6.49308e-05
4461 6.49308e-05
4462 6.49308e-05
4463 6.49308e-05
4464 6.49308e-05
4465 6.49308e-05
4466 6.49308e-05
4467 6.49308e-05
4468 6.49308e-05
4469 6.49308e-05
4470 6.49308e-05
4471 6.49308e-05
4472 6.49308e-05
4473 6.49308e-05
4474 6.49308e-05
4475 6.49308e-05
4476 6.49308e-05
4477 6.49308e-05
4478 6.49308e-05
4479 6.49308e-05
4480 6.49308e-05
4481 6.49308e-05
4482 6.49308e-05
4483 6.49308e-05
4484 6.49308e-05
4485 6.49308e-05
4486 6.49308e-05
4487 6.49308e-05
4488 6.49308e-05
4489 6.49308e-05
4490 6.49308e-05
4491 6.49308e-05
4492 6.49308e-05
4493 6.49308e-05
4494 6.49308e-05
4495 6.49308e-05
4496 6.49308e-05
4497 6.49308e-05
4498 6.49308e-05
4499 6.49308e-05
4500 6.49308e-05
4501 6.49308e-05
4502 6.49308e-05
4503 6.49308e-05
4504 6.49308e-05
4505 6.49308e-05
4506 6.49308e-05
4507 6.49308e-05
4508 6.49308e-05
4509 6.49308e-05
4510 6.49308e-05
4511 6.49308e-05
4512 6.49308e-05
4513 6.49308e-05
4514 6.49308e-05
4515 6.49308e-05
4516 6.49308e-05
4517 6.49308e-05
4518 6.49308e-05
4519 6.49308e-05
4520 6.49308e-05
4521 6.49308e-05
4522 6.49308e-05
4523 6.49308e-05
4524 6.49308e-05
4525 6.49308e-05
4526 6.49308e-05
4527 6.49308e-05
4528 6.49308e-05
4529 6.49308e-05
4530 6.49308e-05
4531 6.49308e-05
4532 6.49308e-05
4533 6.49308e-05
4534 6.49308e-05
4535 6.49308e-05
4536 6.49308e-05
4537 6.49308e-05
4538 6.49308e-05
4539 6.49308e-05
4540 6.49308e-05
4541 6.49308e-05
4542 6.49308e-05
4543 6.49308e-05
4544 6.49308e-05
4545 6.49308e-05
4546 6.49308e-05
4547 6.49308e-05
4548 6.49308e-05
4549 6.49308e-05
4550 6.49308e-05
4551 6.49308e-05
4552 6.49308e-05
4553 6.49308e-05
4554 6.49308e-05
4555 6.49308e-05
4556 6.49308e-05
4557 6.49308e-05
4558 6.49308e-05
4559 6.49308e-05
4560 6.49308e-05
4561 6.49308e-05
4562 6.49308e-05
4563 6.49308e-05
4564 6.49308e-05
4565 6.49308e-05
4566 6.49308e-05
4567 6.49308e-05
4568 6.49308e-05
4569 6.49308e-05
4570 6.49308e-05
4571 6.49308e-05
4572 6.49308e-05
4573 6.49308e-05
4574 6.49308e-05
4575 6.49308e-05
4576 6.49308e-05
4577 6.49308e-05
4578 6.49308e-05
4579 6.49308e-05
4580 6.49308e-05
4581 6.49308e-05
4582 6.49308e-05
4583 6.49308e-05
4584 6.49308e-05
4585 6.49308e-05
4586 6.49308e-05
4587 6.49308e-05
4588 6.49308e-05
4589 6.49308e-05
4590 6.49308e-05
4591 6.49308e-05
4592 6.49308e-05
4593 6.49308e-05
4594 6.49308e-05
4595 6.49308e-05
4596 6.49308e-05
4597 6.49308e-05
4598 6.49308e-05
4599 6.49308e-05
4600 6.49308e-05
4601 6.49308e-05
4602 6.49308e-05
4603 6.49308e-05
4604 6.49308e-05
4605 6.49308e-05
4606 6.49308e-05
4607 6.49308e-05
4608 6.49308e-05
4609 6.49308e-05
4610 6.49308e-05
4611 6.49308e-05
4612 6.49308e-05
4613 6.49308e-05
4614 6.49308e-05
4615 6.49308e-05
4616 6.49308e-05
4617 6.49308e-05
4618 6.49308e-05
4619 6.49308e-05
4620 6.49308e-05
4621 6.49308e-05
4622 6.49308e-05
4623 6.49308e-05
4624 6.49308e-05
4625 6.49308e-05
4626 6.49308e-05
4627 6.49308e-05
4628 6.49308e-05
4629 6.49308e-05
4630 6.49308e-05
4631 6.49308e-05
4632 6.49308e-05
4633 6.49308e-05
4634 6.49308e-05
4635 6.49308e-05
4636 6.49308e-05
4637 6.49308e-05
4638 6.49308e-05
4639 6.49308e-05
4640 6.49308e-05
4641 6.49308e-05
4642 6.49308e-05
4643 6.49308e-05
4644 6.49308e-05
4645 6.49308e-05
4646 6.49308e-05
4647 6.49308e-05
4648 6.49308e-05
4649 6.49308e-05
4650 6.49308e-05
4651 6.49308e-05
4652 6.49308e-05
4653 6.49308e-05
4654 6.49308e-05
4655 6.49308e-05
4656 6.49308e-05
4657 6.49308e-05
4658 6.49308e-05
4659 6.49308e-05
4660 6.49308e-05
4661 6.49308e-05
4662 6.49308e-05
4663 6.49308e-05
4664 6.49308e-05
4665 6.49308e-05
4666 6.49308e-05
4667 6.49308e-05
4668 6.49308e-05
4669 6.49308e-05
4670 6.49308e-05
4671 6.49308e-05
4672 6.49308e-05
4673 6.49308e-05
4674 6.49308e-05
4675 6.49308e-05
4676 6.49308e-05
4677 6.49308e-05
4678 6.49308e-05
4679 6.49308e-05
4680 6.49308e-05
4681 6.49308e-05
4682 6.49308e-05
4683 6.49308e-05
4684 6.49308e-05
4685 6.49308e-05
4686 6.49308e-05
4687 6.49308e-05
4688 6.49308e-05
4689 6.49308e-05
4690 6.49308e-05
4691 6.49308e-05
4692 6.49308e-05
4693 6.49308e-05
4694 6.49308e-05
4695 6.49308e-05
4696 6.49308e-05
4697 6.49308e-05
4698 6.49308e-05
4699 6.49308e-05
4700 6.49308e-05
4701 6.49308e-05
4702 6.49308e-05
4703 6.49308e-05
4704 6.49308e-05
4705 6.49308e-05
4706 6.49308e-05
4707 6.49308e-05
4708 6.49308e-05
4709 6.49308e-05
4710 6.49308e-05
4711 6.49308e-05
4712 6.49308e-05
4713 6.49308e-05
4714 6.49308e-05
4715 6.49308e-05
4716 6.49308e-05
4717 6.49308e-05
4718 6.49308e-05
4719 6.49308e-05
4720 6.49308e-05
4721 6.49308e-05
4722 6.49308e-05
4723 6.49308e-05
4724 6.49308e-05
4725 6.49308e-05
4726 6.49308e-05
4727 6.49308e-05
4728 6.49308e-05
4729 6.49308e-05
4730 6.49308e-05
4731 6.49308e-05
4732 6.49308e-05
4733 6.49308e-05
4734 6.49308e-05
4735 6.49308e-05
4736 6.49308e-05
4737 6.49308e-05
4738 6.49308e-05
4739 6.49308e-05
4740 6.49308e-05
4741 6.49308e-05
4742 6.49308e-05
4743 6.49308e-05
4744 6.49308e-05
4745 6.49308e-05
4746 6.49308e-05
4747 6.49308e-05
4748 6.49308e-05
4749 6.49308e-05
4750 6.49308e-05
4751 6.49308e-05
4752 6.49308e-05
4753 6.49308e-05
4754 6.49308e-05
4755 6.49308e-05
4756 6.49308e-05
4757 6.49308e-05
4758 6.49308e-05
4759 6.49308e-05
4760 6.49308e-05
4761 6.49308e-05
4762 6.49308e-05
4763 6.49308e-05
4764 6.49308e-05
4765 6.49308e-05
4766 6.49308e-05
4767 6.49308e-05
4768 6.49308e-05
4769 6.49308e-05
4770 6.49308e-05
4771 6.49308e-05
4772 6.49308e-05
4773 6.49308e-05
4774 6.49308e-05
4775 6.49308e-05
4776 6.49308e-05
4777 6.49308e-05
4778 6.49308e-05
4779 6.49308e-05
4780 6.49308e-05
4781 6.49308e-05
4782 6.49308e-05
4783 6.49308e-05
4784 6.49308e-05
4785 6.49308e-05
4786 6.49308e-05
4787 6.49308e-05
4788 6.49308e-05
4789 6.49308e-05
4790 6.49308e-05
4791 6.49308e-05
4792 6.49308e-05
4793 3.24654e-05
4794 3.24654e-05
4795 3.24654e-05
4796 3.24654e-05
4797 3.24654e-05
4798 3.24654e-05
4799 3.24654e-05
4800 3.24654e-05
4801 3.24654e-05
4802 3.24654e-05
4803 3.24654e-05
4804 3.24654e-05
4805 3.24654e-05
4806 3.24654e-05
4807 3.24654e-05
4808 3.24654e-05
4809 3.24654e-05
4810 3.24654e-05
4811 3.24654e-05
4812 3.24654e-05
4813 3.24654e-05
4814 3.24654e-05
4815 3.24654e-05
4816 3.24654e-05
4817 3.24654e-05
4818 3.24654e-05
4819 3.24654e-05
4820 3.24654e-05
4821 3.24654e-05
4822 3.24654e-05
4823 3.24654e-05
4824 3.24654e-05
4825 3.24654e-05
4826 3.24654e-05
4827 3.24654e-05
4828 3.24654e-05
4829 3.24654e-05
4830 3.24654e-05
4831 3.24654e-05
4832 3.24654e-05
4833 3.24654e-05
4834 3.24654e-05
4835 3.24654e-05
4836 3.24654e-05
4837 3.24654e-05
4838 3.24654e-05
4839 3.24654e-05
4840 3.24654e-05
4841 3.24654e-05
4842 3.24654e-05
4843 3.24654e-05
4844 3.24654e-05
4845 3.24654e-05
4846 3.24654e-05
4847 3.24654e-05
4848 3.24654e-05
4849 3.24654e-05
4850 3.24654e-05
4851 3.24654e-05
4852 3.24654e-05
4853 3.24654e-05
4854 3.24654e-05
4855 3.24654e-05
4856 3.24654e-05
4857 3.24654e-05
4858 3.24654e-05
4859 3.24654e-05
4860 3.24654e-05
4861 3.24654e-05
4862 3.24654e-05
4863 3.24654e-05
4864 3.24654e-05
4865 3.24654e-05
4866 3.24654e-05
4867 3.24654e-05
4868 3.24654e-05
4869 3.24654e-05
4870 3.24654e-05
4871 3.24654e-05
4872 3.24654e-05
4873 3.24654e-05
4874 3.24654e-05
4875 3.24654e-05
4876 3.24654e-05
4877 3.24654e-05
4878 3.24654e-05
4879 3.24654e-05
4880 3.24654e-05
4881 3.24654e-05
4882 3.24654e-05
4883 3.24654e-05
4884 3.24654e-05
4885 3.24654e-05
4886 3.24654e-05
4887 3.24654e-05
4888 3.24654e-05
4889 3.24654e-05
4890 3.24654e-05
4891 3.24654e-05
4892 3.24654e-05
4893 3.24654e-05
4894 3.24654e-05
4895 3.24654e-05
4896 3.24654e-05
4897 3.24654e-05
4898 3.24654e-05
4899 3.24654e-05
4900 3.24654e-05
4901 3.24654e-05
4902 3.24654e-05
4903 3.24654e-05
4904 3.24654e-05
4905 3.24654e-05
4906 3.24654e-05
4907 3.24654e-05
4908 3.24654e-05
4909 3.24654e-05
4910 3.24654e-05
4911 3.24654e-05
4912 3.24654e-05
4913 3.24654e-05
4914 3.24654e-05
4915 3.24654e-05
4916 3.24654e-05
4917 3.24654e-05
4918 3.24654e-05
4919 3.24654e-05
4920 3.24654e-05
4921 3.24654e-05
4922 3.24654e-05
4923 3.24654e-05
4924 3.24654e-05
4925 3.24654e-05
4926 3.24654e-05
4927 3.24654e-05
4928 3.24654e-05
4929 3.24654e-05
4930 3.24654e-05
4931 3.24654e-05
4932 3.24654e-05
4933 3.24654e-05
4934 3.24654e-05
4935 3.24654e-05
4936 3.24654e-05
4937 3.24654e-05
4938 3.24654e-05
4939 3.24654e-05
4940 3.24654e-05
4941 3.24654e-05
4942 3.24654e-05
4943 3.24654e-05
4944 3.24654e-05
4945 3.24654e-05
4946 3.24654e-05
4947 3.24654e-05
4948 3.24654e-05
4949 3.24654e-05
4950 3.24654e-05
4951 3.24654e-05
4952 3.24654e-05
4953 3.24654e-05
4954 3.24654e-05
4955 3.24654e-05
4956 3.24654e-05
4957 3.24654e-05
4958 3.24654e-05
4959 3.24654e-05
4960 3.24654e-05
4961 3.24654e-05
4962 3.24654e-05
4963 3.24654e-05
4964 3.24654e-05
4965 3.24654e-05
4966 3.24654e-05
4967 3.24654e-05
4968 3.24654e-05
4969 3.24654e-05
4970 3.24654e-05
4971 3.24654e-05
4972 3.24654e-05
4973 3.24654e-05
4974 3.24654e-05
4975 3.24654e-05
4976 3.24654e-05
4977 3.24654e-05
4978 3.24654e-05
4979 3.24654e-05
4980 3.24654e-05
4981 3.24654e-05
4982 3.24654e-05
4983 3.24654e-05
4984 3.24654e-05
4985 3.24654e-05
4986 3.24654e-05
4987 3.24654e-05
4988 3.24654e-05
4989 3.24654e-05
4990 3.24654e-05
4991 3.24654e-05
4992 3.24654e-05
4993 3.24654e-05
4994 3.24654e-05
4995 3.24654e-05
4996 3.24654e-05
4997 3.24654e-05
4998 3.24654e-05
4999 3.24654e-05
5000 3.24654e-05
5001 3.24654e-05
5002 3.24654e-05
5003 3.24654e-05
5004 3.24654e-05
5005 3.24654e-05
5006 3.24654e-05
5007 3.24654e-05
5008 3.24654e-05
5009 3.24654e-05
5010 3.24654e-05
5011 3.24654e-05
5012 3.24654e-05
5013 3.24654e-05
5014 3.24654e-05
5015 3.24654e-05
5016 3.24654e-05
5017 3.24654e-05
5018 3.24654e-05
5019 3.24654e-05
5020 3.24654e-05
5021 3.24654e-05
5022 3.24654e-05
5023 3.24654e-05
5024 3.24654e-05
5025 3.24654e-05
5026 3.24654e-05
5027 3.24654e-05
5028 3.24654e-05
5029 3.24654e-05
5030 3.24654e-05
5031 3.24654e-05
5032 3.24654e-05
5033 3.24654e-05
5034 3.24654e-05
5035 3.24654e-05
5036 3.24654e-05
5037 3.24654e-05
5038 3.24654e-05
5039 3.24654e-05
5040 3.24654e-05
5041 3.24654e-05
5042 3.24654e-05
5043 3.24654e-05
5044 3.24654e-05
5045 3.24654e-05
5046 3.24654e-05
5047 3.24654e-05
5048 3.24654e-05
5049 3.24654e-05
5050 3.24654e-05
5051 3.24654e-05
5052 3.24654e-05
5053 3.24654e-05
5054 3.24654e-05
5055 3.24654e-05
5056 3.24654e-05
5057 3.24654e-05
5058 3.24654e-05
5059 3.24654e-05
5060 3.24654e-05
5061 3.24654e-05
5062 3.24654e-05
5063 3.24654e-05
5064 3.24654e-05
5065 3.24654e-05
5066 3.24654e-05
5067 3.24654e-05
5068 3.24654e-05
5069 3.24654e-05
5070 3.24654e-05
5071 3.24654e-05
5072 3.24654e-05
5073 3.24654e-05
5074 3.24654e-05
5075 3.24654e-05
5076 3.24654e-05
5077 3.24654e-05
5078 3.24654e-05
5079 3.24654e-05
5080 3.24654e-05
5081 3.24654e-05
5082 3.24654e-05
5083 3.24654e-05
5084 3.24654e-05
5085 3.24654e-05
5086 3.24654e-05
5087 3.24654e-05
5088 3.24654e-05
5089 3.24654e-05
5090 3.24654e-05
5091 3.24654e-05
5092 3.24654e-05
5093 3.24654e-05
5094 3.24654e-05
5095 3.24654e-05
5096 3.24654e-05
5097 3.24654e-05
5098 3.24654e-05
5099 3.24654e-05
5100 3.24654e-05
5101 3.24654e-05
5102 3.24654e-05
5103 3.24654e-05
5104 3.24654e-05
5105 3.24654e-05
5106 3.24654e-05
5107 3.24654e-05
5108 3.24654e-05
5109 3.24654e-05
5110 3.24654e-05
5111 3.24654e-05
5112 3.24654e-05
5113 3.24654e-05
5114 3.24654e-05
5115 3.24654e-05
5116 3.24654e-05
5117 3.24654e-05
5118 3.24654e-05
5119 3.24654e-05
5120 3.24654e-05
5121 3.24654e-05
5122 3.24654e-05
5123 3.24654e-05
5124 3.24654e-05
5125 3.24654e-05
5126 3.24654e-05
5127 3.24654e-05
5128 3.24654e-05
5129 3.24654e-05
5130 3.24654e-05
5131 3.24654e-05
5132 3.24654e-05
5133 3.24654e-05
5134 3.24654e-05
5135 3.24654e-05
5136 3.24654e-05
5137 3.24654e-05
5138 3.24654e-05
5139 3.24654e-05
5140 3.24654e-05
5141 3.24654e-05
5142 3.24654e-05
5143 3.24654e-05
5144 3.24654e-05
5145 3.24654e-05
5146 3.24654e-05
5147 3.24654e-05
5148 3.24654e-05
5149 3.24654e-05
5150 3.24654e-05
5151 3.24654e-05
5152 3.24654e-05
5153 3.24654e-05
5154 3.24654e-05
5155 3.24654e-05
5156 3.24654e-05
5157 3.24654e-05
5158 3.24654e-05
5159 3.24654e-05
5160 3.24654e-05
5161 3.24654e-05
5162 3.24654e-05
5163 3.24654e-05
5164 3.24654e-05
5165 3.24654e-05
5166 3.24654e-05
5167 3.24654e-05
5168 3.24654e-05
5169 3.24654e-05
5170 3.24654e-05
5171 3.24654e-05
5172 3.24654e-05
5173 3.24654e-05
5174 3.24654e-05
5175 3.24654e-05
5176 3.24654e-05
5177 3.24654e-05
5178 3.24654e-05
5179 3.24654e-05
5180 3.24654e-05
5181 3.24654e-05
5182 3.24654e-05
5183 3.24654e-05
5184 3.24654e-05
5185 3.24654e-05
5186 3.24654e-05
5187 3.24654e-05
5188 3.24654e-05
5189 3.24654e-05
5190 3.24654e-05
5191 3.24654e-05
5192 3.24654e-05
5193 3.24654e-05
5194 3.24654e-05
5195 3.24654e-05
5196 3.24654e-05
5197 3.24654e-05
5198 3.24654e-05
5199 3.24654e-05
5200 3.24654e-05
5201 3.24654e-05
5202 3.24654e-05
5203 3.24654e-05
5204 3.24654e-05
5205 3.24654e-05
5206 3.24654e-05
5207 3.24654e-05
5208 3.24654e-05
5209 3.24654e-05
5210 3.24654e-05
5211 3.24654e-05
5212 3.24654e-05
5213 3.24654e-05
5214 3.24654e-05
5215 3.24654e-05
5216 3.24654e-05
5217 3.24654e-05
5218 3.24654e-05
5219 3.24654e-05
5220 3.24654e-05
5221 3.24654e-05
5222 3.24654e-05
5223 3.24654e-05
5224 3.24654e-05
5225 3.24654e-05
5226 3.24654e-05
5227 3.24654e-05
5228 3.24654e-05
5229 3.24654e-05
5230 3.24654e-05
5231 3.24654e-05
5232 3.24654e-05
5233 3.24654e-05
5234 3.24654e-05
5235 3.24654e-05
5236 3.24654e-05
5237 3.24654e-05
5238 3.24654e-05
5239 3.24654e-05
5240 3.24654e-05
5241 3.24654e-05
5242 3.24654e-05
5243 3.24654e-05
5244 3.24654e-05
5245 3.24654e-05
5246 3.24654e-05
5247 3.24654e-05
5248 3.24654e-05
5249 3.24654e-05
5250 3.24654e-05
5251 3.24654e-05
5252 3.24654e-05
5253 3.24654e-05
5254 3.24654e-05
5255 3.24654e-05
5256 3.24654e-05
5257 3.24654e-05
5258 3.24654e-05
5259 3.24654e-05
5260 3.24654e-05
5261 3.24654e-05
5262 3.24654e-05
5263 3.24654e-05
5264 3.24654e-05
5265 3.24654e-05
5266 3.24654e-05
5267 3.24654e-05
5268 3.24654e-05
5269 3.24654e-05
5270 3.24654e-05
5271 3.24654e-05
5272 3.24654e-05
5273 3.24654e-05
5274 3.24654e-05
5275 3.24654e-05
5276 3.24654e-05
5277 3.24654e-05
5278 3.24654e-05
5279 3.24654e-05
5280 3.24654e-05
5281 3.24654e-05
5282 3.24654e-05
5283 3.24654e-05
5284 3.24654e-05
5285 3.24654e-05
5286 3.24654e-05
5287 3.24654e-05
5288 3.24654e-05
5289 3.24654e-05
5290 3.24654e-05
5291 3.24654e-05
5292 3.24654e-05
5293 3.24654e-05
5294 3.24654e-05
5295 3.24654e-05
5296 3.24654e-05
5297 3.24654e-05
5298 3.24654e-05
5299 3.24654e-05
5300 3.24654e-05
5301 3.24654e-05
5302 3.24654e-05
5303 3.24654e-05
5304 3.24654e-05
5305 3.24654e-05
5306 3.24654e-05
5307 3.24654e-05
5308 3.24654e-05
5309 3.24654e-05
5310 3.24654e-05
5311 3.24654e-05
5312 3.24654e-05
5313 3.24654e-05
5314 3.24654e-05
5315 3.24654e-05
5316 3.24654e-05
5317 3.24654e-05
5318 3.24654e-05
5319 3.24654e-05
5320 3.24654e-05
5321 3.24654e-05
5322 3.24654e-05
5323 3.24654e-05
5324 3.24654e-05
5325 3.24654e-05
5326 3.24654e-05
5327 3.24654e-05
5328 3.24654e-05
5329 3.24654e-05
5330 3.24654e-05
5331 3.24654e-05
5332 3.24654e-05
5333 3.24654e-05
5334 3.24654e-05
5335 3.24654e-05
5336 3.24654e-05
5337 3.24654e-05
5338 3.24654e-05
5339 3.24654e-05
5340 3.24654e-05
5341 3.24654e-05
5342 3.24654e-05
5343 3.24654e-05
5344 3.24654e-05
5345 3.24654e-05
5346 3.24654e-05
5347 3.24654e-05
5348 3.24654e-05
5349 3.24654e-05
5350 3.24654e-05
5351 3.24654e-05
5352 3.24654e-05
5353 3.24654e-05
5354 3.24654e-05
5355 3.24654e-05
5356 3.24654e-05
5357 3.24654e-05
5358 3.24654e-05
5359 3.24654e-05
5360 3.24654e-05
5361 3.24654e-05
5362 3.24654e-05
5363 3.24654e-05
5364 3.24654e-05
5365 3.24654e-05
5366 3.24654e-05
5367 3.24654e-05
5368 3.24654e-05
5369 3.24654e-05
5370 3.24654e-05
5371 3.24654e-05
5372 3.24654e-05
5373 3.24654e-05
5374 3.24654e-05
5375 3.24654e-05
5376 3.24654e-05
5377 3.24654e-05
5378 3.24654e-05
5379 3.24654e-05
5380 3.24654e-05
5381 3.24654e-05
5382 3.24654e-05
5383 3.24654e-05
5384 3.24654e-05
5385 3.24654e-05
5386 3.24654e-05
5387 3.24654e-05
5388 3.24654e-05
5389 3.24654e-05
5390 3.24654e-05
5391 3.24654e-05
5392 3.24654e-05
5393 3.24654e-05
5394 3.24654e-05
5395 3.24654e-05
5396 3.24654e-05
5397 3.24654e-05
5398 3.24654e-05
5399 3.24654e-05
5400 3.24654e-05
5401 3.24654e-05
5402 3.24654e-05
5403 3.24654e-05
5404 3.24654e-05
5405 3.24654e-05
5406 3.24654e-05
5407 3.24654e-05
5408 3.24654e-05
5409 3.24654e-05
5410 3.24654e-05
5411 3.24654e-05
5412 3.24654e-05
5413 3.24654e-05
5414 3.24654e-05
5415 3.24654e-05
5416 3.24654e-05
5417 3.24654e-05
5418 3.24654e-05
5419 3.24654e-05
5420 3.24654e-05
5421 3.24654e-05
5422 3.24654e-05
5423 3.24654e-05
5424 3.24654e-05
5425 3.24654e-05
5426 3.24654e-05
5427 3.24654e-05
5428 3.24654e-05
5429 3.24654e-05
5430 3.24654e-05
5431 3.24654e-05
5432 3.24654e-05
5433 3.24654e-05
5434 3.24654e-05
5435 3.24654e-05
5436 3.24654e-05
5437 3.24654e-05
5438 3.24654e-05
5439 3.24654e-05
5440 3.24654e-05
5441 3.24654e-05
5442 3.24654e-05
5443 3.24654e-05
5444 3.24654e-05
5445 3.24654e-05
5446 3.24654e-05
5447 3.24654e-05
5448 3.24654e-05
5449 3.24654e-05
5450 3.24654e-05
5451 3.24654e-05
5452 3.24654e-05
5453 3.24654e-05
5454 3.24654e-05
5455 3.24654e-05
5456 3.24654e-05
5457 3.24654e-05
5458 3.24654e-05
5459 3.24654e-05
5460 3.24654e-05
5461 3.24654e-05
5462 3.24654e-05
5463 3.24654e-05
5464 3.24654e-05
5465 3.24654e-05
5466 3.24654e-05
5467 3.24654e-05
5468 3.24654e-05
5469 3.24654e-05
5470 3.24654e-05
5471 3.24654e-05
5472 3.24654e-05
5473 3.24654e-05
5474 3.24654e-05
5475 3.24654e-05
5476 3.24654e-05
5477 3.24654e-05
5478 3.24654e-05
5479 3.24654e-05
5480 3.24654e-05
5481 3.24654e-05
5482 3.24654e-05
5483 3.24654e-05
5484 3.24654e-05
5485 3.24654e-05
5486 3.24654e-05
5487 3.24654e-05
5488 3.24654e-05
5489 3.24654e-05
5490 3.24654e-05
5491 3.24654e-05
5492 3.24654e-05
5493 3.24654e-05
5494 3.24654e-05
5495 3.24654e-05
5496 3.24654e-05
5497 3.24654e-05
5498 3.24654e-05
5499 3.24654e-05
5500 3.24654e-05
5501 3.24654e-05
5502 3.24654e-05
5503 3.24654e-05
5504 3.24654e-05
5505 3.24654e-05
5506 3.24654e-05
5507 3.24654e-05
5508 3.24654e-05
5509 3.24654e-05
5510 3.24654e-05
5511 3.24654e-05
5512 3.24654e-05
5513 3.24654e-05
5514 3.24654e-05
5515 3.24654e-05
5516 3.24654e-05
5517 3.24654e-05
5518 3.24654e-05
5519 3.24654e-05
5520 3.24654e-05
5521 3.24654e-05
5522 3.24654e-05
5523 3.24654e-05
5524 3.24654e-05
5525 3.24654e-05
5526 3.24654e-05
5527 3.24654e-05
5528 3.24654e-05
5529 3.24654e-05
5530 3.24654e-05
5531 3.24654e-05
5532 3.24654e-05
5533 3.24654e-05
5534 3.24654e-05
5535 3.24654e-05
5536 3.24654e-05
