0 1
1 1
2 1
3 1
4 1
5 1
6 1
7 0.999972
8 0.999972
9 0.999972
10 0.999972
11 0.999972
12 0.999972
13 0.999972
14 0.999972
15 0.999916
16 0.999916
17 0.955745
18 0.955745
19 0.955745
20 0.955745
21 0.955745
22 0.955745
23 0.955661
24 0.955661
25 0.915977
26 0.915977
27 0.915977
28 0.915977
29 0.915977
30 0.915977
31 0.915893
32 0.915893
33 0.880697
34 0.880697
35 0.880697
36 0.880697
37 0.880697
38 0.880697
39 0.880528
40 0.880528
41 0.847211
42 0.847211
43 0.847211
44 0.847211
45 0.847211
46 0.847211
47 0.847015
48 0.847015
49 0.815324
50 0.815324
51 0.815324
52 0.815324
53 0.815324
54 0.815324
55 0.815296
56 0.815296
57 0.78669
58 0.78669
59 0.78669
60 0.78669
61 0.78669
62 0.78669
63 0.786465
64 0.786465
65 0.755756
66 0.755756
67 0.755756
68 0.755756
69 0.755756
70 0.755756
71 0.755728
72 0.755728
73 0.727851
74 0.727851
75 0.727851
76 0.727851
77 0.727851
78 0.727851
79 0.727655
80 0.727655
81 0.699638
82 0.699638
83 0.699638
84 0.699638
85 0.699638
86 0.699638
87 0.699554
88 0.699554
89 0.674342
90 0.674342
91 0.674342
92 0.674342
93 0.674342
94 0.674342
95 0.674258
96 0.674258
97 0.649269
98 0.649269
99 0.649269
100 0.649269
101 0.649269
102 0.649269
103 0.649157
104 0.649157
105 0.625403
106 0.625403
107 0.625403
108 0.625403
109 0.625403
110 0.625403
111 0.625207
112 0.625207
113 0.602771
114 0.602771
115 0.602771
116 0.602771
117 0.602771
118 0.602771
119 0.602462
120 0.602462
121 0.580475
122 0.580475
123 0.580475
124 0.580475
125 0.580475
126 0.580475
127 0.580307
128 0.580307
129 0.56003
130 0.56003
131 0.56003
132 0.56003
133 0.56003
134 0.56003
135 0.55989
136 0.55989
137 0.53967
138 0.53967
139 0.53967
140 0.53967
141 0.53967
142 0.53967
143 0.539585
144 0.539585
145 0.520291
146 0.520291
147 0.520291
148 0.520291
149 0.520291
150 0.520291
151 0.520262
152 0.520262
153 0.502819
154 0.502819
155 0.502819
156 0.502819
157 0.502819
158 0.502819
159 0.502734
160 0.502734
161 0.484589
162 0.484589
163 0.484589
164 0.484589
165 0.484589
166 0.484589
167 0.484477
168 0.484477
169 0.467678
170 0.467678
171 0.467678
172 0.467678
173 0.467678
174 0.467678
175 0.467538
176 0.467538
177 0.45116
178 0.45116
179 0.45116
180 0.45116
181 0.45116
182 0.45116
183 0.451076
184 0.451076
185 0.434417
186 0.434417
187 0.434417
188 0.434417
189 0.434417
190 0.434417
191 0.434389
192 0.434389
193 0.418067
194 0.418067
195 0.418067
196 0.418067
197 0.418067
198 0.418067
199 0.417926
200 0.417926
201 0.403315
202 0.403315
203 0.403315
204 0.403315
205 0.403315
206 0.403315
207 0.403287
208 0.403287
209 0.389489
210 0.389489
211 0.389489
212 0.389489
213 0.389489
214 0.389489
215 0.389349
216 0.389349
217 0.37656
218 0.37656
219 0.37656
220 0.37656
221 0.37656
222 0.37656
223 0.376392
224 0.376392
225 0.363351
226 0.363351
227 0.363351
228 0.363351
229 0.363351
230 0.363351
231 0.363323
232 0.363323
233 0.350871
234 0.350871
235 0.350871
236 0.350871
237 0.350871
238 0.350871
239 0.350787
240 0.350787
241 0.339765
242 0.339765
243 0.339765
244 0.339765
245 0.339765
246 0.339765
247 0.339737
248 0.339737
249 0.329332
250 0.329332
251 0.329332
252 0.329332
253 0.329332
254 0.329332
255 0.329248
256 0.329248
257 0.318675
258 0.318675
259 0.318675
260 0.318675
261 0.318675
262 0.318675
263 0.318591
264 0.318591
265 0.308327
266 0.308327
267 0.308327
268 0.308327
269 0.308327
270 0.308327
271 0.308214
272 0.308214
273 0.298735
274 0.298735
275 0.298735
276 0.298735
277 0.298735
278 0.298735
279 0.298735
280 0.298735
281 0.289368
282 0.289368
283 0.289368
284 0.289368
285 0.289368
286 0.289368
287 0.289312
288 0.289312
289 0.280422
290 0.280422
291 0.280422
292 0.280422
293 0.280422
294 0.280422
295 0.280366
296 0.280366
297 0.271167
298 0.271167
299 0.271167
300 0.271167
301 0.271167
302 0.271167
303 0.271111
304 0.271111
305 0.26281
306 0.26281
307 0.26281
308 0.26281
309 0.26281
310 0.26281
311 0.262669
312 0.262669
313 0.253835
314 0.253835
315 0.253835
316 0.253835
317 0.253835
318 0.253835
319 0.253723
320 0.253723
321 0.246235
322 0.246235
323 0.246235
324 0.246235
325 0.246235
326 0.246235
327 0.246179
328 0.246179
329 0.238719
330 0.238719
331 0.238719
332 0.238719
333 0.238719
334 0.238719
335 0.238663
336 0.238663
337 0.231624
338 0.231624
339 0.231624
340 0.231624
341 0.231624
342 0.231624
343 0.231595
344 0.231595
345 0.224724
346 0.224724
347 0.224724
348 0.224724
349 0.224724
350 0.224724
351 0.224584
352 0.224584
353 0.21819
354 0.21819
355 0.21819
356 0.21819
357 0.21819
358 0.21819
359 0.218162
360 0.218162
361 0.212076
362 0.212076
363 0.212076
364 0.212076
365 0.212076
366 0.212076
367 0.21202
368 0.21202
369 0.206271
370 0.206271
371 0.206271
372 0.206271
373 0.206271
374 0.206271
375 0.206271
376 0.206271
377 0.200942
378 0.200942
379 0.200942
380 0.200942
381 0.200942
382 0.200942
383 0.200886
384 0.200886
385 0.195137
386 0.195137
387 0.195137
388 0.195137
389 0.195137
390 0.195137
391 0.195109
392 0.195109
393 0.189135
394 0.189135
395 0.189135
396 0.189135
397 0.189135
398 0.189135
399 0.189051
400 0.189051
401 0.183779
402 0.183779
403 0.183779
404 0.183779
405 0.183779
406 0.183779
407 0.183695
408 0.183695
409 0.178002
410 0.178002
411 0.178002
412 0.178002
413 0.178002
414 0.178002
415 0.177973
416 0.177973
417 0.173346
418 0.173346
419 0.173346
420 0.173346
421 0.173346
422 0.173346
423 0.173234
424 0.173234
425 0.16841
426 0.16841
427 0.16841
428 0.16841
429 0.16841
430 0.16841
431 0.168326
432 0.168326
433 0.1644
434 0.1644
435 0.1644
436 0.1644
437 0.1644
438 0.1644
439 0.1644
440 0.1644
441 0.160473
442 0.160473
443 0.160473
444 0.160473
445 0.160473
446 0.160473
447 0.160389
448 0.160389
449 0.155706
450 0.155706
451 0.155706
452 0.155706
453 0.155706
454 0.155706
455 0.155566
456 0.155566
457 0.151583
458 0.151583
459 0.151583
460 0.151583
461 0.151583
462 0.151583
463 0.151499
464 0.151499
465 0.148021
466 0.148021
467 0.148021
468 0.148021
469 0.148021
470 0.148021
471 0.147937
472 0.147937
473 0.144235
474 0.144235
475 0.144235
476 0.144235
477 0.144235
478 0.144235
479 0.144179
480 0.144179
481 0.141487
482 0.141487
483 0.141487
484 0.141487
485 0.141487
486 0.141487
487 0.141431
488 0.141431
489 0.137645
490 0.137645
491 0.137645
492 0.137645
493 0.137645
494 0.137645
495 0.137617
496 0.137617
497 0.134335
498 0.134335
499 0.134335
500 0.134335
501 0.134335
502 0.134335
503 0.134307
504 0.134307
505 0.130914
506 0.130914
507 0.130914
508 0.130914
509 0.130914
510 0.130914
511 0.130914
512 0.130914
513 0.127745
514 0.127745
515 0.127745
516 0.127745
517 0.127745
518 0.127745
519 0.127661
520 0.127661
521 0.124323
522 0.124323
523 0.124323
524 0.124323
525 0.124323
526 0.124323
527 0.124239
528 0.124239
529 0.121435
530 0.121435
531 0.121435
532 0.121435
533 0.121435
534 0.121435
535 0.121407
536 0.121407
537 0.11849
538 0.11849
539 0.11849
540 0.11849
541 0.11849
542 0.11849
543 0.11849
544 0.11849
545 0.115209
546 0.115209
547 0.115209
548 0.115209
549 0.115209
550 0.115209
551 0.115181
552 0.115181
553 0.112629
554 0.112629
555 0.112629
556 0.112629
557 0.112629
558 0.112629
559 0.112573
560 0.112573
561 0.110273
562 0.110273
563 0.110273
564 0.110273
565 0.110273
566 0.110273
567 0.110245
568 0.110245
569 0.106964
570 0.106964
571 0.106964
572 0.106964
573 0.106964
574 0.106964
575 0.106936
576 0.106936
577 0.104468
578 0.104468
579 0.104468
580 0.104468
581 0.104468
582 0.104468
583 0.104468
584 0.104468
585 0.10214
586 0.10214
587 0.10214
588 0.10214
589 0.10214
590 0.10214
591 0.102112
592 0.102112
593 0.0992512
594 0.0992512
595 0.0992512
596 0.0992512
597 0.0992512
598 0.0992512
599 0.0992512
600 0.0992512
601 0.0967552
602 0.0967552
603 0.0967552
604 0.0967552
605 0.0967552
606 0.0967552
607 0.0967552
608 0.0967552
609 0.0938946
610 0.0938946
611 0.0938946
612 0.0938946
613 0.0938946
614 0.0938946
615 0.0938385
616 0.0938385
617 0.0920436
618 0.0920436
619 0.0920436
620 0.0920436
621 0.0920436
622 0.0920436
623 0.0919595
624 0.0919595
625 0.0900524
626 0.0900524
627 0.0900524
628 0.0900524
629 0.0900524
630 0.0900524
631 0.0900244
632 0.0900244
633 0.0881173
634 0.0881173
635 0.0881173
636 0.0881173
637 0.0881173
638 0.0881173
639 0.0880893
640 0.0880893
641 0.086042
642 0.086042
643 0.086042
644 0.086042
645 0.086042
646 0.086042
647 0.086014
648 0.086014
649 0.0839106
650 0.0839106
651 0.0839106
652 0.0839106
653 0.0839106
654 0.0839106
655 0.0838825
656 0.0838825
657 0.0820877
658 0.0820877
659 0.0820877
660 0.0820877
661 0.0820877
662 0.0820877
663 0.0820596
664 0.0820596
665 0.0799562
666 0.0799562
667 0.0799562
668 0.0799562
669 0.0799562
670 0.0799562
671 0.0799002
672 0.0799002
673 0.0779651
674 0.0779651
675 0.0779651
676 0.0779651
677 0.0779651
678 0.0779651
679 0.0779651
680 0.0779651
681 0.076086
682 0.076086
683 0.076086
684 0.076086
685 0.076086
686 0.076086
687 0.076086
688 0.076086
689 0.0740948
690 0.0740948
691 0.0740948
692 0.0740948
693 0.0740948
694 0.0740948
695 0.0740668
696 0.0740668
697 0.0724963
698 0.0724963
699 0.0724963
700 0.0724963
701 0.0724963
702 0.0724963
703 0.0724963
704 0.0724963
705 0.0705051
706 0.0705051
707 0.0705051
708 0.0705051
709 0.0705051
710 0.0705051
711 0.0705051
712 0.0705051
713 0.0689907
714 0.0689907
715 0.0689907
716 0.0689907
717 0.0689907
718 0.0689907
719 0.0689346
720 0.0689346
721 0.0671116
722 0.0671116
723 0.0671116
724 0.0671116
725 0.0671116
726 0.0671116
727 0.0671116
728 0.0671116
729 0.0657655
730 0.0657655
731 0.0657655
732 0.0657655
733 0.0657655
734 0.0657655
735 0.0657655
736 0.0657655
737 0.0643352
738 0.0643352
739 0.0643352
740 0.0643352
741 0.0643352
742 0.0643352
743 0.0643352
744 0.0643352
745 0.0628488
746 0.0628488
747 0.0628488
748 0.0628488
749 0.0628488
750 0.0628488
751 0.0628488
752 0.0628488
753 0.0616148
754 0.0616148
755 0.0616148
756 0.0616148
757 0.0616148
758 0.0616148
759 0.0616148
760 0.0616148
761 0.0604369
762 0.0604369
763 0.0604369
764 0.0604369
765 0.0604369
766 0.0604369
767 0.0604089
768 0.0604089
769 0.0590908
770 0.0590908
771 0.0590908
772 0.0590908
773 0.0590908
774 0.0590908
775 0.0590347
776 0.0590347
777 0.0577446
778 0.0577446
779 0.0577446
780 0.0577446
781 0.0577446
782 0.0577446
783 0.0577166
784 0.0577166
785 0.0564265
786 0.0564265
787 0.0564265
788 0.0564265
789 0.0564265
790 0.0564265
791 0.0564265
792 0.0564265
793 0.0550243
794 0.0550243
795 0.0550243
796 0.0550243
797 0.0550243
798 0.0550243
799 0.0549962
800 0.0549962
801 0.0534257
802 0.0534257
803 0.0534257
804 0.0534257
805 0.0534257
806 0.0534257
807 0.0534257
808 0.0534257
809 0.0522759
810 0.0522759
811 0.0522759
812 0.0522759
813 0.0522759
814 0.0522759
815 0.0522759
816 0.0522759
817 0.0509297
818 0.0509297
819 0.0509297
820 0.0509297
821 0.0509297
822 0.0509297
823 0.0509016
824 0.0509016
825 0.0497798
826 0.0497798
827 0.0497798
828 0.0497798
829 0.0497798
830 0.0497798
831 0.0496957
832 0.0496957
833 0.0486861
834 0.0486861
835 0.0486861
836 0.0486861
837 0.0486861
838 0.0486861
839 0.0486861
840 0.0486861
841 0.0477887
842 0.0477887
843 0.0477887
844 0.0477887
845 0.0477887
846 0.0477887
847 0.0477887
848 0.0477887
849 0.0468071
850 0.0468071
851 0.0468071
852 0.0468071
853 0.0468071
854 0.0468071
855 0.046779
856 0.046779
857 0.0457133
858 0.0457133
859 0.0457133
860 0.0457133
861 0.0457133
862 0.0457133
863 0.0456853
864 0.0456853
865 0.0449842
866 0.0449842
867 0.0449842
868 0.0449842
869 0.0449842
870 0.0449842
871 0.0449561
872 0.0449561
873 0.0438904
874 0.0438904
875 0.0438904
876 0.0438904
877 0.0438904
878 0.0438904
879 0.0438904
880 0.0438904
881 0.043021
882 0.043021
883 0.043021
884 0.043021
885 0.043021
886 0.043021
887 0.043021
888 0.043021
889 0.0422077
890 0.0422077
891 0.0422077
892 0.0422077
893 0.0422077
894 0.0422077
895 0.0422077
896 0.0422077
897 0.0414785
898 0.0414785
899 0.0414785
900 0.0414785
901 0.0414785
902 0.0414785
903 0.0414505
904 0.0414505
905 0.0406372
906 0.0406372
907 0.0406372
908 0.0406372
909 0.0406372
910 0.0406372
911 0.0405811
912 0.0405811
913 0.0398239
914 0.0398239
915 0.0398239
916 0.0398239
917 0.0398239
918 0.0398239
919 0.0397958
920 0.0397958
921 0.0390667
922 0.0390667
923 0.0390667
924 0.0390667
925 0.0390667
926 0.0390667
927 0.0389545
928 0.0389545
929 0.038057
930 0.038057
931 0.038057
932 0.038057
933 0.038057
934 0.038057
935 0.038057
936 0.038057
937 0.0371877
938 0.0371877
939 0.0371877
940 0.0371877
941 0.0371877
942 0.0371877
943 0.0371596
944 0.0371596
945 0.0363463
946 0.0363463
947 0.0363463
948 0.0363463
949 0.0363463
950 0.0363463
951 0.0363183
952 0.0363183
953 0.0356171
954 0.0356171
955 0.0356171
956 0.0356171
957 0.0356171
958 0.0356171
959 0.035561
960 0.035561
961 0.0349721
962 0.0349721
963 0.0349721
964 0.0349721
965 0.0349721
966 0.0349721
967 0.0349441
968 0.0349441
969 0.0342429
970 0.0342429
971 0.0342429
972 0.0342429
973 0.0342429
974 0.0342429
975 0.0342149
976 0.0342149
977 0.0337101
978 0.0337101
979 0.0337101
980 0.0337101
981 0.0337101
982 0.0337101
983 0.0337101
984 0.0337101
985 0.0329809
986 0.0329809
987 0.0329809
988 0.0329809
989 0.0329809
990 0.0329809
991 0.0329809
992 0.0329809
993 0.03242
994 0.03242
995 0.03242
996 0.03242
997 0.03242
998 0.03242
999 0.03242
1000 0.03242
1001 0.0317189
1002 0.0317189
1003 0.0317189
1004 0.0317189
1005 0.0317189
1006 0.0317189
1007 0.0316628
1008 0.0316628
1009 0.0307934
1010 0.0307934
1011 0.0307934
1012 0.0307934
1013 0.0307934
1014 0.0307934
1015 0.0307934
1016 0.0307934
1017 0.0300642
1018 0.0300642
1019 0.0300642
1020 0.0300642
1021 0.0300642
1022 0.0300642
1023 0.0300642
1024 0.0300642
1025 0.0294472
1026 0.0294472
1027 0.0294472
1028 0.0294472
1029 0.0294472
1030 0.0294472
1031 0.0294472
1032 0.0294472
1033 0.0288302
1034 0.0288302
1035 0.0288302
1036 0.0288302
1037 0.0288302
1038 0.0288302
1039 0.0288022
1040 0.0288022
1041 0.0282974
1042 0.0282974
1043 0.0282974
1044 0.0282974
1045 0.0282974
1046 0.0282974
1047 0.0282693
1048 0.0282693
1049 0.0276243
1050 0.0276243
1051 0.0276243
1052 0.0276243
1053 0.0276243
1054 0.0276243
1055 0.0276243
1056 0.0276243
1057 0.0271756
1058 0.0271756
1059 0.0271756
1060 0.0271756
1061 0.0271756
1062 0.0271756
1063 0.0271756
1064 0.0271756
1065 0.0266708
1066 0.0266708
1067 0.0266708
1068 0.0266708
1069 0.0266708
1070 0.0266708
1071 0.0266147
1072 0.0266147
1073 0.0261099
1074 0.0261099
1075 0.0261099
1076 0.0261099
1077 0.0261099
1078 0.0261099
1079 0.0261099
1080 0.0261099
1081 0.0256331
1082 0.0256331
1083 0.0256331
1084 0.0256331
1085 0.0256331
1086 0.0256331
1087 0.0256331
1088 0.0256331
1089 0.0250722
1090 0.0250722
1091 0.0250722
1092 0.0250722
1093 0.0250722
1094 0.0250722
1095 0.0250722
1096 0.0250722
1097 0.0245955
1098 0.0245955
1099 0.0245955
1100 0.0245955
1101 0.0245955
1102 0.0245955
1103 0.0245955
1104 0.0245955
1105 0.0240065
1106 0.0240065
1107 0.0240065
1108 0.0240065
1109 0.0240065
1110 0.0240065
1111 0.0240065
1112 0.0240065
1113 0.0234456
1114 0.0234456
1115 0.0234456
1116 0.0234456
1117 0.0234456
1118 0.0234456
1119 0.0234456
1120 0.0234456
1121 0.0231652
1122 0.0231652
1123 0.0231652
1124 0.0231652
1125 0.0231652
1126 0.0231652
1127 0.0231652
1128 0.0231652
1129 0.0226603
1130 0.0226603
1131 0.0226603
1132 0.0226603
1133 0.0226603
1134 0.0226603
1135 0.0226603
1136 0.0226603
1137 0.0222397
1138 0.0222397
1139 0.0222397
1140 0.0222397
1141 0.0222397
1142 0.0222397
1143 0.0221836
1144 0.0221836
1145 0.021819
1146 0.021819
1147 0.021819
1148 0.021819
1149 0.021819
1150 0.021819
1151 0.021819
1152 0.021819
1153 0.0215105
1154 0.0215105
1155 0.0215105
1156 0.0215105
1157 0.0215105
1158 0.0215105
1159 0.0215105
1160 0.0215105
1161 0.0210898
1162 0.0210898
1163 0.0210898
1164 0.0210898
1165 0.0210898
1166 0.0210898
1167 0.0210618
1168 0.0210618
1169 0.0206692
1170 0.0206692
1171 0.0206692
1172 0.0206692
1173 0.0206692
1174 0.0206692
1175 0.0206692
1176 0.0206692
1177 0.0203326
1178 0.0203326
1179 0.0203326
1180 0.0203326
1181 0.0203326
1182 0.0203326
1183 0.0203326
1184 0.0203326
1185 0.0200241
1186 0.0200241
1187 0.0200241
1188 0.0200241
1189 0.0200241
1190 0.0200241
1191 0.0200241
1192 0.0200241
1193 0.0197717
1194 0.0197717
1195 0.0197717
1196 0.0197717
1197 0.0197717
1198 0.0197717
1199 0.0197717
1200 0.0197717
1201 0.0192669
1202 0.0192669
1203 0.0192669
1204 0.0192669
1205 0.0192669
1206 0.0192669
1207 0.0192669
1208 0.0192669
1209 0.0188743
1210 0.0188743
1211 0.0188743
1212 0.0188743
1213 0.0188743
1214 0.0188743
1215 0.0188462
1216 0.0188462
1217 0.0185097
1218 0.0185097
1219 0.0185097
1220 0.0185097
1221 0.0185097
1222 0.0185097
1223 0.0185097
1224 0.0185097
1225 0.0182012
1226 0.0182012
1227 0.0182012
1228 0.0182012
1229 0.0182012
1230 0.0182012
1231 0.0182012
1232 0.0182012
1233 0.0178086
1234 0.0178086
1235 0.0178086
1236 0.0178086
1237 0.0178086
1238 0.0178086
1239 0.0178086
1240 0.0178086
1241 0.017472
1242 0.017472
1243 0.017472
1244 0.017472
1245 0.017472
1246 0.017472
1247 0.017472
1248 0.017472
1249 0.0171916
1250 0.0171916
1251 0.0171916
1252 0.0171916
1253 0.0171916
1254 0.0171916
1255 0.0171916
1256 0.0171916
1257 0.0169392
1258 0.0169392
1259 0.0169392
1260 0.0169392
1261 0.0169392
1262 0.0169392
1263 0.0169392
1264 0.0169392
1265 0.0166587
1266 0.0166587
1267 0.0166587
1268 0.0166587
1269 0.0166587
1270 0.0166587
1271 0.0166307
1272 0.0166307
1273 0.0164344
1274 0.0164344
1275 0.0164344
1276 0.0164344
1277 0.0164344
1278 0.0164344
1279 0.0164344
1280 0.0164344
1281 0.0160417
1282 0.0160417
1283 0.0160417
1284 0.0160417
1285 0.0160417
1286 0.0160417
1287 0.0160417
1288 0.0160417
1289 0.0157052
1290 0.0157052
1291 0.0157052
1292 0.0157052
1293 0.0157052
1294 0.0157052
1295 0.0157052
1296 0.0157052
1297 0.0153687
1298 0.0153687
1299 0.0153687
1300 0.0153687
1301 0.0153687
1302 0.0153687
1303 0.0153406
1304 0.0153406
1305 0.014948
1306 0.014948
1307 0.014948
1308 0.014948
1309 0.014948
1310 0.014948
1311 0.014948
1312 0.014948
1313 0.0146395
1314 0.0146395
1315 0.0146395
1316 0.0146395
1317 0.0146395
1318 0.0146395
1319 0.0146395
1320 0.0146395
1321 0.014359
1322 0.014359
1323 0.014359
1324 0.014359
1325 0.014359
1326 0.014359
1327 0.014331
1328 0.014331
1329 0.0143029
1330 0.0143029
1331 0.0143029
1332 0.0143029
1333 0.0143029
1334 0.0143029
1335 0.0142469
1336 0.0142469
1337 0.0139664
1338 0.0139664
1339 0.0139664
1340 0.0139664
1341 0.0139664
1342 0.0139664
1343 0.0139664
1344 0.0139664
1345 0.0136018
1346 0.0136018
1347 0.0136018
1348 0.0136018
1349 0.0136018
1350 0.0136018
1351 0.0135738
1352 0.0135738
1353 0.0133494
1354 0.0133494
1355 0.0133494
1356 0.0133494
1357 0.0133494
1358 0.0133494
1359 0.0133494
1360 0.0133494
1361 0.0130129
1362 0.0130129
1363 0.0130129
1364 0.0130129
1365 0.0130129
1366 0.0130129
1367 0.0129848
1368 0.0129848
1369 0.0128166
1370 0.0128166
1371 0.0128166
1372 0.0128166
1373 0.0128166
1374 0.0128166
1375 0.0128166
1376 0.0128166
1377 0.0126483
1378 0.0126483
1379 0.0126483
1380 0.0126483
1381 0.0126483
1382 0.0126483
1383 0.0126483
1384 0.0126483
1385 0.01248
1386 0.01248
1387 0.01248
1388 0.01248
1389 0.01248
1390 0.01248
1391 0.01248
1392 0.01248
1393 0.0121996
1394 0.0121996
1395 0.0121996
1396 0.0121996
1397 0.0121996
1398 0.0121996
1399 0.0121996
1400 0.0121996
1401 0.0120033
1402 0.0120033
1403 0.0120033
1404 0.0120033
1405 0.0120033
1406 0.0120033
1407 0.0120033
1408 0.0120033
1409 0.011835
1410 0.011835
1411 0.011835
1412 0.011835
1413 0.011835
1414 0.011835
1415 0.011835
1416 0.011835
1417 0.0116667
1418 0.0116667
1419 0.0116667
1420 0.0116667
1421 0.0116667
1422 0.0116667
1423 0.0116667
1424 0.0116667
1425 0.0113302
1426 0.0113302
1427 0.0113302
1428 0.0113302
1429 0.0113302
1430 0.0113302
1431 0.0113021
1432 0.0113021
1433 0.0111339
1434 0.0111339
1435 0.0111339
1436 0.0111339
1437 0.0111339
1438 0.0111339
1439 0.0111339
1440 0.0111339
1441 0.0110497
1442 0.0110497
1443 0.0110497
1444 0.0110497
1445 0.0110497
1446 0.0110497
1447 0.0110497
1448 0.0110497
1449 0.0109095
1450 0.0109095
1451 0.0109095
1452 0.0109095
1453 0.0109095
1454 0.0109095
1455 0.0109095
1456 0.0109095
1457 0.010601
1458 0.010601
1459 0.010601
1460 0.010601
1461 0.010601
1462 0.010601
1463 0.010601
1464 0.010601
1465 0.0104047
1466 0.0104047
1467 0.0104047
1468 0.0104047
1469 0.0104047
1470 0.0104047
1471 0.0104047
1472 0.0104047
1473 0.0102084
1474 0.0102084
1475 0.0102084
1476 0.0102084
1477 0.0102084
1478 0.0102084
1479 0.0102084
1480 0.0102084
1481 0.0100681
1482 0.0100681
1483 0.0100681
1484 0.0100681
1485 0.0100681
1486 0.0100681
1487 0.0100681
1488 0.0100681
1489 0.0100121
1490 0.0100121
1491 0.0100121
1492 0.0100121
1493 0.0100121
1494 0.0100121
1495 0.0100121
1496 0.0100121
1497 0.0097877
1498 0.0097877
1499 0.0097877
1500 0.0097877
1501 0.0097877
1502 0.0097877
1503 0.0097877
1504 0.0097877
1505 0.00953529
1506 0.00953529
1507 0.00953529
1508 0.00953529
1509 0.00953529
1510 0.00953529
1511 0.00953529
1512 0.00953529
1513 0.0092268
1514 0.0092268
1515 0.0092268
1516 0.0092268
1517 0.0092268
1518 0.0092268
1519 0.0092268
1520 0.0092268
1521 0.0089183
1522 0.0089183
1523 0.0089183
1524 0.0089183
1525 0.0089183
1526 0.0089183
1527 0.00889026
1528 0.00889026
1529 0.00869394
1530 0.00869394
1531 0.00869394
1532 0.00869394
1533 0.00869394
1534 0.00869394
1535 0.00869394
1536 0.00869394
1537 0.00858176
1538 0.00858176
1539 0.00858176
1540 0.00858176
1541 0.00858176
1542 0.00858176
1543 0.00855372
1544 0.00855372
1545 0.00844154
1546 0.00844154
1547 0.00844154
1548 0.00844154
1549 0.00844154
1550 0.00844154
1551 0.00844154
1552 0.00844154
1553 0.00830131
1554 0.00830131
1555 0.00830131
1556 0.00830131
1557 0.00830131
1558 0.00830131
1559 0.00830131
1560 0.00830131
1561 0.00813305
1562 0.00813305
1563 0.00813305
1564 0.00813305
1565 0.00813305
1566 0.00813305
1567 0.00813305
1568 0.00813305
1569 0.00807696
1570 0.00807696
1571 0.00807696
1572 0.00807696
1573 0.00807696
1574 0.00807696
1575 0.00807696
1576 0.00807696
1577 0.00782455
1578 0.00782455
1579 0.00782455
1580 0.00782455
1581 0.00782455
1582 0.00782455
1583 0.00782455
1584 0.00782455
1585 0.00765628
1586 0.00765628
1587 0.00765628
1588 0.00765628
1589 0.00765628
1590 0.00765628
1591 0.00765628
1592 0.00765628
1593 0.00748801
1594 0.00748801
1595 0.00748801
1596 0.00748801
1597 0.00748801
1598 0.00748801
1599 0.00748801
1600 0.00748801
1601 0.00731974
1602 0.00731974
1603 0.00731974
1604 0.00731974
1605 0.00731974
1606 0.00731974
1607 0.00731974
1608 0.00731974
1609 0.00720756
1610 0.00720756
1611 0.00720756
1612 0.00720756
1613 0.00720756
1614 0.00720756
1615 0.00720756
1616 0.00720756
1617 0.00712343
1618 0.00712343
1619 0.00712343
1620 0.00712343
1621 0.00712343
1622 0.00712343
1623 0.00712343
1624 0.00712343
1625 0.00701125
1626 0.00701125
1627 0.00701125
1628 0.00701125
1629 0.00701125
1630 0.00701125
1631 0.0069832
1632 0.0069832
1633 0.00684298
1634 0.00684298
1635 0.00684298
1636 0.00684298
1637 0.00684298
1638 0.00684298
1639 0.00684298
1640 0.00684298
1641 0.00664666
1642 0.00664666
1643 0.00664666
1644 0.00664666
1645 0.00664666
1646 0.00664666
1647 0.00664666
1648 0.00664666
1649 0.00653448
1650 0.00653448
1651 0.00653448
1652 0.00653448
1653 0.00653448
1654 0.00653448
1655 0.00653448
1656 0.00653448
1657 0.00650644
1658 0.00650644
1659 0.00650644
1660 0.00650644
1661 0.00650644
1662 0.00650644
1663 0.00650644
1664 0.00650644
1665 0.0064223
1666 0.0064223
1667 0.0064223
1668 0.0064223
1669 0.0064223
1670 0.0064223
1671 0.0064223
1672 0.0064223
1673 0.00633817
1674 0.00633817
1675 0.00633817
1676 0.00633817
1677 0.00633817
1678 0.00633817
1679 0.00633817
1680 0.00633817
1681 0.00619794
1682 0.00619794
1683 0.00619794
1684 0.00619794
1685 0.00619794
1686 0.00619794
1687 0.00619794
1688 0.00619794
1689 0.00611381
1690 0.00611381
1691 0.00611381
1692 0.00611381
1693 0.00611381
1694 0.00611381
1695 0.00611381
1696 0.00611381
1697 0.00597358
1698 0.00597358
1699 0.00597358
1700 0.00597358
1701 0.00597358
1702 0.00597358
1703 0.00597358
1704 0.00597358
1705 0.00597358
1706 0.00597358
1707 0.00597358
1708 0.00597358
1709 0.00597358
1710 0.00597358
1711 0.00597358
1712 0.00597358
1713 0.0058614
1714 0.0058614
1715 0.0058614
1716 0.0058614
1717 0.0058614
1718 0.0058614
1719 0.0058614
1720 0.0058614
1721 0.00577727
1722 0.00577727
1723 0.00577727
1724 0.00577727
1725 0.00577727
1726 0.00577727
1727 0.00577727
1728 0.00577727
1729 0.00574922
1730 0.00574922
1731 0.00574922
1732 0.00574922
1733 0.00574922
1734 0.00574922
1735 0.00572118
1736 0.00572118
1737 0.00555291
1738 0.00555291
1739 0.00555291
1740 0.00555291
1741 0.00555291
1742 0.00555291
1743 0.00555291
1744 0.00555291
1745 0.0053005
1746 0.0053005
1747 0.0053005
1748 0.0053005
1749 0.0053005
1750 0.0053005
1751 0.0053005
1752 0.0053005
1753 0.00521637
1754 0.00521637
1755 0.00521637
1756 0.00521637
1757 0.00521637
1758 0.00521637
1759 0.00518832
1760 0.00518832
1761 0.00502005
1762 0.00502005
1763 0.00502005
1764 0.00502005
1765 0.00502005
1766 0.00502005
1767 0.00502005
1768 0.00502005
1769 0.00487983
1770 0.00487983
1771 0.00487983
1772 0.00487983
1773 0.00487983
1774 0.00487983
1775 0.00487983
1776 0.00487983
1777 0.0047396
1778 0.0047396
1779 0.0047396
1780 0.0047396
1781 0.0047396
1782 0.0047396
1783 0.0047396
1784 0.0047396
1785 0.00462742
1786 0.00462742
1787 0.00462742
1788 0.00462742
1789 0.00462742
1790 0.00462742
1791 0.00462742
1792 0.00462742
1793 0.0044872
1794 0.0044872
1795 0.0044872
1796 0.0044872
1797 0.0044872
1798 0.0044872
1799 0.0044872
1800 0.0044872
1801 0.00431893
1802 0.00431893
1803 0.00431893
1804 0.00431893
1805 0.00431893
1806 0.00431893
1807 0.00431893
1808 0.00431893
1809 0.00429088
1810 0.00429088
1811 0.00429088
1812 0.00429088
1813 0.00429088
1814 0.00429088
1815 0.00429088
1816 0.00429088
1817 0.00420675
1818 0.00420675
1819 0.00420675
1820 0.00420675
1821 0.00420675
1822 0.00420675
1823 0.00420675
1824 0.00420675
1825 0.00415066
1826 0.00415066
1827 0.00415066
1828 0.00415066
1829 0.00415066
1830 0.00415066
1831 0.00415066
1832 0.00415066
1833 0.00403848
1834 0.00403848
1835 0.00403848
1836 0.00403848
1837 0.00403848
1838 0.00403848
1839 0.00403848
1840 0.00403848
1841 0.00395434
1842 0.00395434
1843 0.00395434
1844 0.00395434
1845 0.00395434
1846 0.00395434
1847 0.00395434
1848 0.00395434
1849 0.0039263
1850 0.0039263
1851 0.0039263
1852 0.0039263
1853 0.0039263
1854 0.0039263
1855 0.0039263
1856 0.0039263
1857 0.00381412
1858 0.00381412
1859 0.00381412
1860 0.00381412
1861 0.00381412
1862 0.00381412
1863 0.00381412
1864 0.00381412
1865 0.00375803
1866 0.00375803
1867 0.00375803
1868 0.00375803
1869 0.00375803
1870 0.00375803
1871 0.00375803
1872 0.00375803
1873 0.00370194
1874 0.00370194
1875 0.00370194
1876 0.00370194
1877 0.00370194
1878 0.00370194
1879 0.00370194
1880 0.00370194
1881 0.0036178
1882 0.0036178
1883 0.0036178
1884 0.0036178
1885 0.0036178
1886 0.0036178
1887 0.0036178
1888 0.0036178
1889 0.00356171
1890 0.00356171
1891 0.00356171
1892 0.00356171
1893 0.00356171
1894 0.00356171
1895 0.00353367
1896 0.00353367
1897 0.00342149
1898 0.00342149
1899 0.00342149
1900 0.00342149
1901 0.00342149
1902 0.00342149
1903 0.00342149
1904 0.00342149
1905 0.00333735
1906 0.00333735
1907 0.00333735
1908 0.00333735
1909 0.00333735
1910 0.00333735
1911 0.00333735
1912 0.00333735
1913 0.00330931
1914 0.00330931
1915 0.00330931
1916 0.00330931
1917 0.00330931
1918 0.00330931
1919 0.00330931
1920 0.00330931
1921 0.00325322
1922 0.00325322
1923 0.00325322
1924 0.00325322
1925 0.00325322
1926 0.00325322
1927 0.00325322
1928 0.00325322
1929 0.00314104
1930 0.00314104
1931 0.00314104
1932 0.00314104
1933 0.00314104
1934 0.00314104
1935 0.00314104
1936 0.00314104
1937 0.00314104
1938 0.00314104
1939 0.00314104
1940 0.00314104
1941 0.00314104
1942 0.00314104
1943 0.00314104
1944 0.00314104
1945 0.00311299
1946 0.00311299
1947 0.00311299
1948 0.00311299
1949 0.00311299
1950 0.00311299
1951 0.00311299
1952 0.00311299
1953 0.00308495
1954 0.00308495
1955 0.00308495
1956 0.00308495
1957 0.00308495
1958 0.00308495
1959 0.00308495
1960 0.00308495
1961 0.00300081
1962 0.00300081
1963 0.00300081
1964 0.00300081
1965 0.00300081
1966 0.00300081
1967 0.00297277
1968 0.00297277
1969 0.00288863
1970 0.00288863
1971 0.00288863
1972 0.00288863
1973 0.00288863
1974 0.00288863
1975 0.00288863
1976 0.00288863
1977 0.00283254
1978 0.00283254
1979 0.00283254
1980 0.00283254
1981 0.00283254
1982 0.00283254
1983 0.00283254
1984 0.00283254
1985 0.00277645
1986 0.00277645
1987 0.00277645
1988 0.00277645
1989 0.00277645
1990 0.00277645
1991 0.00277645
1992 0.00277645
1993 0.00274841
1994 0.00274841
1995 0.00274841
1996 0.00274841
1997 0.00274841
1998 0.00274841
1999 0.00274841
2000 0.00274841
2001 0.00266427
2002 0.00266427
2003 0.00266427
2004 0.00266427
2005 0.00266427
2006 0.00266427
2007 0.00266427
2008 0.00266427
2009 0.00260818
2010 0.00260818
2011 0.00260818
2012 0.00260818
2013 0.00260818
2014 0.00260818
2015 0.00260818
2016 0.00260818
2017 0.00260818
2018 0.00260818
2019 0.00260818
2020 0.00260818
2021 0.00260818
2022 0.00260818
2023 0.00260818
2024 0.00260818
2025 0.002496
2026 0.002496
2027 0.002496
2028 0.002496
2029 0.002496
2030 0.002496
2031 0.002496
2032 0.002496
2033 0.002496
2034 0.002496
2035 0.002496
2036 0.002496
2037 0.002496
2038 0.002496
2039 0.002496
2040 0.002496
2041 0.002496
2042 0.002496
2043 0.002496
2044 0.002496
2045 0.002496
2046 0.002496
2047 0.002496
2048 0.002496
2049 0.002496
2050 0.002496
2051 0.002496
2052 0.002496
2053 0.002496
2054 0.002496
2055 0.002496
2056 0.002496
2057 0.00246796
2058 0.00246796
2059 0.00246796
2060 0.00246796
2061 0.00246796
2062 0.00246796
2063 0.00246796
2064 0.00246796
2065 0.00241187
2066 0.00241187
2067 0.00241187
2068 0.00241187
2069 0.00241187
2070 0.00241187
2071 0.00241187
2072 0.00241187
2073 0.00238382
2074 0.00238382
2075 0.00238382
2076 0.00238382
2077 0.00238382
2078 0.00238382
2079 0.00238382
2080 0.00238382
2081 0.00229969
2082 0.00229969
2083 0.00229969
2084 0.00229969
2085 0.00229969
2086 0.00229969
2087 0.00229969
2088 0.00229969
2089 0.0022436
2090 0.0022436
2091 0.0022436
2092 0.0022436
2093 0.0022436
2094 0.0022436
2095 0.0022436
2096 0.0022436
2097 0.00215946
2098 0.00215946
2099 0.00215946
2100 0.00215946
2101 0.00215946
2102 0.00215946
2103 0.00215946
2104 0.00215946
2105 0.00213142
2106 0.00213142
2107 0.00213142
2108 0.00213142
2109 0.00213142
2110 0.00213142
2111 0.00213142
2112 0.00213142
2113 0.00213142
2114 0.00213142
2115 0.00213142
2116 0.00213142
2117 0.00213142
2118 0.00213142
2119 0.00213142
2120 0.00213142
2121 0.00207533
2122 0.00207533
2123 0.00207533
2124 0.00207533
2125 0.00207533
2126 0.00207533
2127 0.00207533
2128 0.00207533
2129 0.00207533
2130 0.00207533
2131 0.00207533
2132 0.00207533
2133 0.00207533
2134 0.00207533
2135 0.00207533
2136 0.00207533
2137 0.00204728
2138 0.00204728
2139 0.00204728
2140 0.00204728
2141 0.00204728
2142 0.00204728
2143 0.00204728
2144 0.00204728
2145 0.00196315
2146 0.00196315
2147 0.00196315
2148 0.00196315
2149 0.00196315
2150 0.00196315
2151 0.00196315
2152 0.00196315
2153 0.00196315
2154 0.00196315
2155 0.00196315
2156 0.00196315
2157 0.00196315
2158 0.00196315
2159 0.00196315
2160 0.00196315
2161 0.00190706
2162 0.00190706
2163 0.00190706
2164 0.00190706
2165 0.00190706
2166 0.00190706
2167 0.00190706
2168 0.00190706
2169 0.00190706
2170 0.00190706
2171 0.00190706
2172 0.00190706
2173 0.00190706
2174 0.00190706
2175 0.00190706
2176 0.00190706
2177 0.00190706
2178 0.00190706
2179 0.00190706
2180 0.00190706
2181 0.00190706
2182 0.00190706
2183 0.00190706
2184 0.00190706
2185 0.00185097
2186 0.00185097
2187 0.00185097
2188 0.00185097
2189 0.00185097
2190 0.00185097
2191 0.00185097
2192 0.00185097
2193 0.00182292
2194 0.00182292
2195 0.00182292
2196 0.00182292
2197 0.00182292
2198 0.00182292
2199 0.00182292
2200 0.00182292
2201 0.00176683
2202 0.00176683
2203 0.00176683
2204 0.00176683
2205 0.00176683
2206 0.00176683
2207 0.00176683
2208 0.00176683
2209 0.00171074
2210 0.00171074
2211 0.00171074
2212 0.00171074
2213 0.00171074
2214 0.00171074
2215 0.00171074
2216 0.00171074
2217 0.00171074
2218 0.00171074
2219 0.00171074
2220 0.00171074
2221 0.00171074
2222 0.00171074
2223 0.00171074
2224 0.00171074
2225 0.00165465
2226 0.00165465
2227 0.00165465
2228 0.00165465
2229 0.00165465
2230 0.00165465
2231 0.00165465
2232 0.00165465
2233 0.00165465
2234 0.00165465
2235 0.00165465
2236 0.00165465
2237 0.00165465
2238 0.00165465
2239 0.00162661
2240 0.00162661
2241 0.00157052
2242 0.00157052
2243 0.00157052
2244 0.00157052
2245 0.00157052
2246 0.00157052
2247 0.00157052
2248 0.00157052
2249 0.00151443
2250 0.00151443
2251 0.00151443
2252 0.00151443
2253 0.00151443
2254 0.00151443
2255 0.00151443
2256 0.00151443
2257 0.00151443
2258 0.00151443
2259 0.00151443
2260 0.00151443
2261 0.00151443
2262 0.00151443
2263 0.00151443
2264 0.00151443
2265 0.00145834
2266 0.00145834
2267 0.00145834
2268 0.00145834
2269 0.00145834
2270 0.00145834
2271 0.00145834
2272 0.00145834
2273 0.00145834
2274 0.00145834
2275 0.00145834
2276 0.00145834
2277 0.00145834
2278 0.00145834
2279 0.00145834
2280 0.00145834
2281 0.00140225
2282 0.00140225
2283 0.00140225
2284 0.00140225
2285 0.00140225
2286 0.00140225
2287 0.00140225
2288 0.00140225
2289 0.00140225
2290 0.00140225
2291 0.00140225
2292 0.00140225
2293 0.00140225
2294 0.00140225
2295 0.00140225
2296 0.00140225
2297 0.00129007
2298 0.00129007
2299 0.00129007
2300 0.00129007
2301 0.00129007
2302 0.00129007
2303 0.00129007
2304 0.00129007
2305 0.00129007
2306 0.00129007
2307 0.00129007
2308 0.00129007
2309 0.00129007
2310 0.00129007
2311 0.00129007
2312 0.00129007
2313 0.00129007
2314 0.00129007
2315 0.00129007
2316 0.00129007
2317 0.00129007
2318 0.00129007
2319 0.00129007
2320 0.00129007
2321 0.00126202
2322 0.00126202
2323 0.00126202
2324 0.00126202
2325 0.00126202
2326 0.00126202
2327 0.00126202
2328 0.00126202
2329 0.00123398
2330 0.00123398
2331 0.00123398
2332 0.00123398
2333 0.00123398
2334 0.00123398
2335 0.00123398
2336 0.00123398
2337 0.00123398
2338 0.00123398
2339 0.00123398
2340 0.00123398
2341 0.00123398
2342 0.00123398
2343 0.00123398
2344 0.00123398
2345 0.00120593
2346 0.00120593
2347 0.00120593
2348 0.00120593
2349 0.00120593
2350 0.00120593
2351 0.00120593
2352 0.00120593
2353 0.00120593
2354 0.00120593
2355 0.00120593
2356 0.00120593
2357 0.00120593
2358 0.00120593
2359 0.00120593
2360 0.00120593
2361 0.00117789
2362 0.00117789
2363 0.00117789
2364 0.00117789
2365 0.00117789
2366 0.00117789
2367 0.00117789
2368 0.00117789
2369 0.00117789
2370 0.00117789
2371 0.00117789
2372 0.00117789
2373 0.00117789
2374 0.00117789
2375 0.00117789
2376 0.00117789
2377 0.00117789
2378 0.00117789
2379 0.00117789
2380 0.00117789
2381 0.00117789
2382 0.00117789
2383 0.00117789
2384 0.00117789
2385 0.00114984
2386 0.00114984
2387 0.00114984
2388 0.00114984
2389 0.00114984
2390 0.00114984
2391 0.00114984
2392 0.00114984
2393 0.00114984
2394 0.00114984
2395 0.00114984
2396 0.00114984
2397 0.00114984
2398 0.00114984
2399 0.00114984
2400 0.00114984
2401 0.00114984
2402 0.00114984
2403 0.00114984
2404 0.00114984
2405 0.00114984
2406 0.00114984
2407 0.00114984
2408 0.00114984
2409 0.00114984
2410 0.00114984
2411 0.00114984
2412 0.00114984
2413 0.00114984
2414 0.00114984
2415 0.00114984
2416 0.00114984
2417 0.00109375
2418 0.00109375
2419 0.00109375
2420 0.00109375
2421 0.00109375
2422 0.00109375
2423 0.00109375
2424 0.00109375
2425 0.00109375
2426 0.00109375
2427 0.00109375
2428 0.00109375
2429 0.00109375
2430 0.00109375
2431 0.00109375
2432 0.00109375
2433 0.00109375
2434 0.00109375
2435 0.00109375
2436 0.00109375
2437 0.00109375
2438 0.00109375
2439 0.00109375
2440 0.00109375
2441 0.00109375
2442 0.00109375
2443 0.00109375
2444 0.00109375
2445 0.00109375
2446 0.00109375
2447 0.00109375
2448 0.00109375
2449 0.00109375
2450 0.00109375
2451 0.00109375
2452 0.00109375
2453 0.00109375
2454 0.00109375
2455 0.00109375
2456 0.00109375
2457 0.00106571
2458 0.00106571
2459 0.00106571
2460 0.00106571
2461 0.00106571
2462 0.00106571
2463 0.00106571
2464 0.00106571
2465 0.00106571
2466 0.00106571
2467 0.00106571
2468 0.00106571
2469 0.00106571
2470 0.00106571
2471 0.00106571
2472 0.00106571
2473 0.00106571
2474 0.00106571
2475 0.00106571
2476 0.00106571
2477 0.00106571
2478 0.00106571
2479 0.00106571
2480 0.00106571
2481 0.00106571
2482 0.00106571
2483 0.00106571
2484 0.00106571
2485 0.00106571
2486 0.00106571
2487 0.00106571
2488 0.00106571
2489 0.00103766
2490 0.00103766
2491 0.00103766
2492 0.00103766
2493 0.00103766
2494 0.00103766
2495 0.00103766
2496 0.00103766
2497 0.00100962
2498 0.00100962
2499 0.00100962
2500 0.00100962
2501 0.00100962
2502 0.00100962
2503 0.00100962
2504 0.00100962
2505 0.00100962
2506 0.00100962
2507 0.00100962
2508 0.00100962
2509 0.00100962
2510 0.00100962
2511 0.00100962
2512 0.00100962
2513 0.00100962
2514 0.00100962
2515 0.00100962
2516 0.00100962
2517 0.00100962
2518 0.00100962
2519 0.000981574
2520 0.000981574
2521 0.000925484
2522 0.000925484
2523 0.000925484
2524 0.000925484
2525 0.000925484
2526 0.000925484
2527 0.000925484
2528 0.000925484
2529 0.000925484
2530 0.000925484
2531 0.000925484
2532 0.000925484
2533 0.000925484
2534 0.000925484
2535 0.000925484
2536 0.000925484
2537 0.00084135
2538 0.00084135
2539 0.00084135
2540 0.00084135
2541 0.00084135
2542 0.00084135
2543 0.00084135
2544 0.00084135
2545 0.00084135
2546 0.00084135
2547 0.00084135
2548 0.00084135
2549 0.00084135
2550 0.00084135
2551 0.00084135
2552 0.00084135
2553 0.000757215
2554 0.000757215
2555 0.000757215
2556 0.000757215
2557 0.000757215
2558 0.000757215
2559 0.000757215
2560 0.000757215
2561 0.000757215
2562 0.000757215
2563 0.000757215
2564 0.000757215
2565 0.000757215
2566 0.000757215
2567 0.000757215
2568 0.000757215
2569 0.000757215
2570 0.000757215
2571 0.000757215
2572 0.000757215
2573 0.000757215
2574 0.000757215
2575 0.000757215
2576 0.000757215
2577 0.000701125
2578 0.000701125
2579 0.000701125
2580 0.000701125
2581 0.000701125
2582 0.000701125
2583 0.000701125
2584 0.000701125
2585 0.000701125
2586 0.000701125
2587 0.000701125
2588 0.000701125
2589 0.000701125
2590 0.000701125
2591 0.000701125
2592 0.000701125
2593 0.000701125
2594 0.000701125
2595 0.000701125
2596 0.000701125
2597 0.000701125
2598 0.000701125
2599 0.000701125
2600 0.000701125
2601 0.00067308
2602 0.00067308
2603 0.00067308
2604 0.00067308
2605 0.00067308
2606 0.00067308
2607 0.00067308
2608 0.00067308
2609 0.000645035
2610 0.000645035
2611 0.000645035
2612 0.000645035
2613 0.000645035
2614 0.000645035
2615 0.000645035
2616 0.000645035
2617 0.000588945
2618 0.000588945
2619 0.000588945
2620 0.000588945
2621 0.000588945
2622 0.000588945
2623 0.000588945
2624 0.000588945
2625 0.0005609
2626 0.0005609
2627 0.0005609
2628 0.0005609
2629 0.0005609
2630 0.0005609
2631 0.0005609
2632 0.0005609
2633 0.0005609
2634 0.0005609
2635 0.0005609
2636 0.0005609
2637 0.0005609
2638 0.0005609
2639 0.0005609
2640 0.0005609
2641 0.000532855
2642 0.000532855
2643 0.000532855
2644 0.000532855
2645 0.000532855
2646 0.000532855
2647 0.000532855
2648 0.000532855
2649 0.000532855
2650 0.000532855
2651 0.000532855
2652 0.000532855
2653 0.000532855
2654 0.000532855
2655 0.000532855
2656 0.000532855
2657 0.000532855
2658 0.000532855
2659 0.000532855
2660 0.000532855
2661 0.000532855
2662 0.000532855
2663 0.000532855
2664 0.000532855
2665 0.000532855
2666 0.000532855
2667 0.000532855
2668 0.000532855
2669 0.000532855
2670 0.000532855
2671 0.000532855
2672 0.000532855
2673 0.00050481
2674 0.00050481
2675 0.00050481
2676 0.00050481
2677 0.00050481
2678 0.00050481
2679 0.00050481
2680 0.00050481
2681 0.00050481
2682 0.00050481
2683 0.00050481
2684 0.00050481
2685 0.00050481
2686 0.00050481
2687 0.00050481
2688 0.00050481
2689 0.00050481
2690 0.00050481
2691 0.00050481
2692 0.00050481
2693 0.00050481
2694 0.00050481
2695 0.000476765
2696 0.000476765
2697 0.000476765
2698 0.000476765
2699 0.000476765
2700 0.000476765
2701 0.000476765
2702 0.000476765
2703 0.000476765
2704 0.000476765
2705 0.00044872
2706 0.00044872
2707 0.00044872
2708 0.00044872
2709 0.00044872
2710 0.00044872
2711 0.00044872
2712 0.00044872
2713 0.00044872
2714 0.00044872
2715 0.00044872
2716 0.00044872
2717 0.00044872
2718 0.00044872
2719 0.00044872
2720 0.00044872
2721 0.00044872
2722 0.00044872
2723 0.00044872
2724 0.00044872
2725 0.00044872
2726 0.00044872
2727 0.00044872
2728 0.00044872
2729 0.00044872
2730 0.00044872
2731 0.00044872
2732 0.00044872
2733 0.00044872
2734 0.00044872
2735 0.00044872
2736 0.00044872
2737 0.00044872
2738 0.00044872
2739 0.00044872
2740 0.00044872
2741 0.00044872
2742 0.00044872
2743 0.00044872
2744 0.00044872
2745 0.00044872
2746 0.00044872
2747 0.00044872
2748 0.00044872
2749 0.00044872
2750 0.00044872
2751 0.00044872
2752 0.00044872
2753 0.00044872
2754 0.00044872
2755 0.00044872
2756 0.00044872
2757 0.00044872
2758 0.00044872
2759 0.00044872
2760 0.00044872
2761 0.00044872
2762 0.00044872
2763 0.00044872
2764 0.00044872
2765 0.00044872
2766 0.00044872
2767 0.00044872
2768 0.00044872
2769 0.00044872
2770 0.00044872
2771 0.00044872
2772 0.00044872
2773 0.00044872
2774 0.00044872
2775 0.00044872
2776 0.00044872
2777 0.00044872
2778 0.00044872
2779 0.00044872
2780 0.00044872
2781 0.00044872
2782 0.00044872
2783 0.00044872
2784 0.00044872
2785 0.00044872
2786 0.00044872
2787 0.00044872
2788 0.00044872
2789 0.00044872
2790 0.00044872
2791 0.00044872
2792 0.00044872
2793 0.000420675
2794 0.000420675
2795 0.000420675
2796 0.000420675
2797 0.000420675
2798 0.000420675
2799 0.000420675
2800 0.000420675
2801 0.000420675
2802 0.000420675
2803 0.000420675
2804 0.000420675
2805 0.000420675
2806 0.000420675
2807 0.000420675
2808 0.000420675
2809 0.000420675
2810 0.000420675
2811 0.000420675
2812 0.000420675
2813 0.000420675
2814 0.000420675
2815 0.000420675
2816 0.000420675
2817 0.000420675
2818 0.000420675
2819 0.000420675
2820 0.000420675
2821 0.000420675
2822 0.000420675
2823 0.000420675
2824 0.000420675
2825 0.00039263
2826 0.00039263
2827 0.00039263
2828 0.00039263
2829 0.00039263
2830 0.00039263
2831 0.00039263
2832 0.00039263
2833 0.000364585
2834 0.000364585
2835 0.000364585
2836 0.000364585
2837 0.000364585
2838 0.000364585
2839 0.000364585
2840 0.000364585
2841 0.00033654
2842 0.00033654
2843 0.00033654
2844 0.00033654
2845 0.00033654
2846 0.00033654
2847 0.00033654
2848 0.00033654
2849 0.00033654
2850 0.00033654
2851 0.00033654
2852 0.00033654
2853 0.00033654
2854 0.00033654
2855 0.00033654
2856 0.00033654
2857 0.00033654
2858 0.00033654
2859 0.00033654
2860 0.00033654
2861 0.00033654
2862 0.00033654
2863 0.00033654
2864 0.00033654
2865 0.00033654
2866 0.00033654
2867 0.00033654
2868 0.00033654
2869 0.00033654
2870 0.00033654
2871 0.00033654
2872 0.00033654
2873 0.00033654
2874 0.00033654
2875 0.00033654
2876 0.00033654
2877 0.00033654
2878 0.00033654
2879 0.00033654
2880 0.00033654
2881 0.00033654
2882 0.00033654
2883 0.00033654
2884 0.00033654
2885 0.00033654
2886 0.00033654
2887 0.00033654
2888 0.00033654
2889 0.00033654
2890 0.00033654
2891 0.00033654
2892 0.00033654
2893 0.00033654
2894 0.00033654
2895 0.00033654
2896 0.00033654
2897 0.00033654
2898 0.00033654
2899 0.00033654
2900 0.00033654
2901 0.00033654
2902 0.00033654
2903 0.00033654
2904 0.00033654
2905 0.00033654
2906 0.00033654
2907 0.00033654
2908 0.00033654
2909 0.00033654
2910 0.00033654
2911 0.00033654
2912 0.00033654
2913 0.00033654
2914 0.00033654
2915 0.00033654
2916 0.00033654
2917 0.00033654
2918 0.00033654
2919 0.00033654
2920 0.00033654
2921 0.000308495
2922 0.000308495
2923 0.000308495
2924 0.000308495
2925 0.000308495
2926 0.000308495
2927 0.000308495
2928 0.000308495
2929 0.000308495
2930 0.000308495
2931 0.000308495
2932 0.000308495
2933 0.000308495
2934 0.000308495
2935 0.000308495
2936 0.000308495
2937 0.000308495
2938 0.000308495
2939 0.000308495
2940 0.000308495
2941 0.000308495
2942 0.000308495
2943 0.000308495
2944 0.000308495
2945 0.000308495
2946 0.000308495
2947 0.000308495
2948 0.000308495
2949 0.000308495
2950 0.000308495
2951 0.000308495
2952 0.000308495
2953 0.000308495
2954 0.000308495
2955 0.000308495
2956 0.000308495
2957 0.000308495
2958 0.000308495
2959 0.000308495
2960 0.000308495
2961 0.000308495
2962 0.000308495
2963 0.000308495
2964 0.000308495
2965 0.000308495
2966 0.000308495
2967 0.000308495
2968 0.000308495
2969 0.000308495
2970 0.000308495
2971 0.000308495
2972 0.000308495
2973 0.000308495
2974 0.000308495
2975 0.000308495
2976 0.000308495
2977 0.00028045
2978 0.00028045
2979 0.00028045
2980 0.00028045
2981 0.00028045
2982 0.00028045
2983 0.00028045
2984 0.00028045
2985 0.000252405
2986 0.000252405
2987 0.000252405
2988 0.000252405
2989 0.000252405
2990 0.000252405
2991 0.000252405
2992 0.000252405
2993 0.000252405
2994 0.000252405
2995 0.000252405
2996 0.000252405
2997 0.000252405
2998 0.000252405
2999 0.000252405
3000 0.000252405
3001 0.000252405
3002 0.000252405
3003 0.000252405
3004 0.000252405
3005 0.000252405
3006 0.000252405
3007 0.000252405
3008 0.000252405
3009 0.000252405
3010 0.000252405
3011 0.000252405
3012 0.000252405
3013 0.000252405
3014 0.000252405
3015 0.000252405
3016 0.000252405
3017 0.000252405
3018 0.000252405
3019 0.000252405
3020 0.000252405
3021 0.000252405
3022 0.000252405
3023 0.000252405
3024 0.000252405
3025 0.000252405
3026 0.000252405
3027 0.000252405
3028 0.000252405
3029 0.000252405
3030 0.000252405
3031 0.000252405
3032 0.000252405
3033 0.000252405
3034 0.000252405
3035 0.000252405
3036 0.000252405
3037 0.000252405
3038 0.000252405
3039 0.000252405
3040 0.000252405
3041 0.000252405
3042 0.000252405
3043 0.000252405
3044 0.000252405
3045 0.000252405
3046 0.000252405
3047 0.000252405
3048 0.000252405
3049 0.000252405
3050 0.000252405
3051 0.000252405
3052 0.000252405
3053 0.000252405
3054 0.000252405
3055 0.000252405
3056 0.000252405
3057 0.000252405
3058 0.000252405
3059 0.000252405
3060 0.000252405
3061 0.000252405
3062 0.000252405
3063 0.000252405
3064 0.000252405
3065 0.000252405
3066 0.000252405
3067 0.000252405
3068 0.000252405
3069 0.000252405
3070 0.000252405
3071 0.000252405
3072 0.000252405
3073 0.000252405
3074 0.000252405
3075 0.000252405
3076 0.000252405
3077 0.000252405
3078 0.000252405
3079 0.000252405
3080 0.000252405
3081 0.000252405
3082 0.000252405
3083 0.000252405
3084 0.000252405
3085 0.000252405
3086 0.000252405
3087 0.000252405
3088 0.000252405
3089 0.000252405
3090 0.000252405
3091 0.000252405
3092 0.000252405
3093 0.000252405
3094 0.000252405
3095 0.000252405
3096 0.000252405
3097 0.000252405
3098 0.000252405
3099 0.000252405
3100 0.000252405
3101 0.000252405
3102 0.000252405
3103 0.000252405
3104 0.000252405
3105 0.000252405
3106 0.000252405
3107 0.000252405
3108 0.000252405
3109 0.000252405
3110 0.000252405
3111 0.000252405
3112 0.000252405
3113 0.000252405
3114 0.000252405
3115 0.000252405
3116 0.000252405
3117 0.000252405
3118 0.000252405
3119 0.000252405
3120 0.000252405
3121 0.000252405
3122 0.000252405
3123 0.000252405
3124 0.000252405
3125 0.000252405
3126 0.000252405
3127 0.000252405
3128 0.000252405
3129 0.000252405
3130 0.000252405
3131 0.000252405
3132 0.000252405
3133 0.000252405
3134 0.000252405
3135 0.000252405
3136 0.000252405
3137 0.000252405
3138 0.000252405
3139 0.000252405
3140 0.000252405
3141 0.000252405
3142 0.000252405
3143 0.000252405
3144 0.000252405
3145 0.000252405
3146 0.000252405
3147 0.000252405
3148 0.000252405
3149 0.000252405
3150 0.000252405
3151 0.000252405
3152 0.000252405
3153 0.000252405
3154 0.000252405
3155 0.000252405
3156 0.000252405
3157 0.000252405
3158 0.000252405
3159 0.000252405
3160 0.000252405
3161 0.000252405
3162 0.000252405
3163 0.000252405
3164 0.000252405
3165 0.000252405
3166 0.000252405
3167 0.000252405
3168 0.000252405
3169 0.000252405
3170 0.000252405
3171 0.000252405
3172 0.000252405
3173 0.000252405
3174 0.000252405
3175 0.000252405
3176 0.000252405
3177 0.00022436
3178 0.00022436
3179 0.00022436
3180 0.00022436
3181 0.00022436
3182 0.00022436
3183 0.00022436
3184 0.00022436
3185 0.00022436
3186 0.00022436
3187 0.00022436
3188 0.00022436
3189 0.00022436
3190 0.00022436
3191 0.00022436
3192 0.00022436
3193 0.00022436
3194 0.00022436
3195 0.00022436
3196 0.00022436
3197 0.00022436
3198 0.00022436
3199 0.00022436
3200 0.00022436
3201 0.00022436
3202 0.00022436
3203 0.00022436
3204 0.00022436
3205 0.00022436
3206 0.00022436
3207 0.00022436
3208 0.00022436
3209 0.00022436
3210 0.00022436
3211 0.00022436
3212 0.00022436
3213 0.00022436
3214 0.00022436
3215 0.00022436
3216 0.00022436
3217 0.00022436
3218 0.00022436
3219 0.00022436
3220 0.00022436
3221 0.00022436
3222 0.00022436
3223 0.00022436
3224 0.00022436
3225 0.00022436
3226 0.00022436
3227 0.00022436
3228 0.00022436
3229 0.00022436
3230 0.00022436
3231 0.00022436
3232 0.00022436
3233 0.00022436
3234 0.00022436
3235 0.00022436
3236 0.00022436
3237 0.00022436
3238 0.00022436
3239 0.00022436
3240 0.00022436
3241 0.00022436
3242 0.00022436
3243 0.00022436
3244 0.00022436
3245 0.00022436
3246 0.00022436
3247 0.00022436
3248 0.00022436
3249 0.00022436
3250 0.00022436
3251 0.00022436
3252 0.00022436
3253 0.00022436
3254 0.00022436
3255 0.00022436
3256 0.00022436
3257 0.00022436
3258 0.00022436
3259 0.00022436
3260 0.00022436
3261 0.00022436
3262 0.00022436
3263 0.00022436
3264 0.00022436
3265 0.00022436
3266 0.00022436
3267 0.00022436
3268 0.00022436
3269 0.00022436
3270 0.00022436
3271 0.00022436
3272 0.00022436
3273 0.000196315
3274 0.000196315
3275 0.000196315
3276 0.000196315
3277 0.000196315
3278 0.000196315
3279 0.000196315
3280 0.000196315
3281 0.000196315
3282 0.000196315
3283 0.000196315
3284 0.000196315
3285 0.000196315
3286 0.000196315
3287 0.000196315
3288 0.000196315
3289 0.000196315
3290 0.000196315
3291 0.000196315
3292 0.000196315
3293 0.000196315
3294 0.000196315
3295 0.000196315
3296 0.000196315
3297 0.000196315
3298 0.000196315
3299 0.000196315
3300 0.000196315
3301 0.000196315
3302 0.000196315
3303 0.000196315
3304 0.000196315
3305 0.000196315
3306 0.000196315
3307 0.000196315
3308 0.000196315
3309 0.000196315
3310 0.000196315
3311 0.000196315
3312 0.000196315
3313 0.00016827
3314 0.00016827
3315 0.00016827
3316 0.00016827
3317 0.00016827
3318 0.00016827
3319 0.00016827
3320 0.00016827
3321 0.00016827
3322 0.00016827
3323 0.00016827
3324 0.00016827
3325 0.00016827
3326 0.00016827
3327 0.00016827
3328 0.00016827
3329 0.00016827
3330 0.00016827
3331 0.00016827
3332 0.00016827
3333 0.00016827
3334 0.00016827
3335 0.00016827
3336 0.00016827
3337 0.00016827
3338 0.00016827
3339 0.00016827
3340 0.00016827
3341 0.00016827
3342 0.00016827
3343 0.00016827
3344 0.00016827
3345 0.00016827
3346 0.00016827
3347 0.00016827
3348 0.00016827
3349 0.00016827
3350 0.00016827
3351 0.00016827
3352 0.00016827
3353 0.00016827
3354 0.00016827
3355 0.00016827
3356 0.00016827
3357 0.00016827
3358 0.00016827
3359 0.00016827
3360 0.00016827
3361 0.00016827
3362 0.00016827
3363 0.00016827
3364 0.00016827
3365 0.00016827
3366 0.00016827
3367 0.00016827
3368 0.00016827
3369 0.00016827
3370 0.00016827
3371 0.00016827
3372 0.00016827
3373 0.00016827
3374 0.00016827
3375 0.00016827
3376 0.00016827
3377 0.000140225
3378 0.000140225
3379 0.000140225
3380 0.000140225
3381 0.000140225
3382 0.000140225
3383 0.000140225
3384 0.000140225
3385 0.000140225
3386 0.000140225
3387 0.000140225
3388 0.000140225
3389 0.000140225
3390 0.000140225
3391 0.000140225
3392 0.000140225
3393 0.000140225
3394 0.000140225
3395 0.000140225
3396 0.000140225
3397 0.000140225
3398 0.000140225
3399 0.000140225
3400 0.000140225
3401 0.000140225
3402 0.000140225
3403 0.000140225
3404 0.000140225
3405 0.000140225
3406 0.000140225
3407 0.000140225
3408 0.000140225
3409 0.000140225
3410 0.000140225
3411 0.000140225
3412 0.000140225
3413 0.000140225
3414 0.000140225
3415 0.000140225
3416 0.000140225
3417 0.000140225
3418 0.000140225
3419 0.000140225
3420 0.000140225
3421 0.000140225
3422 0.000140225
3423 0.000140225
3424 0.000140225
3425 0.000140225
3426 0.000140225
3427 0.000140225
3428 0.000140225
3429 0.000140225
3430 0.000140225
3431 0.000140225
3432 0.000140225
3433 0.000140225
3434 0.000140225
3435 0.000140225
3436 0.000140225
3437 0.000140225
3438 0.000140225
3439 0.000140225
3440 0.000140225
3441 0.000140225
3442 0.000140225
3443 0.000140225
3444 0.000140225
3445 0.000140225
3446 0.000140225
3447 0.000140225
3448 0.000140225
3449 0.000140225
3450 0.000140225
3451 0.000140225
3452 0.000140225
3453 0.000140225
3454 0.000140225
3455 0.000140225
3456 0.000140225
3457 0.000140225
3458 0.000140225
3459 0.000140225
3460 0.000140225
3461 0.000140225
3462 0.000140225
3463 0.000140225
3464 0.000140225
3465 0.000140225
3466 0.000140225
3467 0.000140225
3468 0.000140225
3469 0.000140225
3470 0.000140225
3471 0.000140225
3472 0.000140225
3473 0.00011218
3474 0.00011218
3475 0.00011218
3476 0.00011218
3477 0.00011218
3478 0.00011218
3479 0.00011218
3480 0.00011218
3481 0.00011218
3482 0.00011218
3483 0.00011218
3484 0.00011218
3485 0.00011218
3486 0.00011218
3487 0.00011218
3488 0.00011218
3489 0.00011218
3490 0.00011218
3491 0.00011218
3492 0.00011218
3493 0.00011218
3494 0.00011218
3495 0.00011218
3496 0.00011218
3497 0.00011218
3498 0.00011218
3499 0.00011218
3500 0.00011218
3501 0.00011218
3502 0.00011218
3503 0.00011218
3504 0.00011218
3505 0.00011218
3506 0.00011218
3507 0.00011218
3508 0.00011218
3509 0.00011218
3510 0.00011218
3511 0.00011218
3512 0.00011218
3513 0.00011218
3514 0.00011218
3515 0.00011218
3516 0.00011218
3517 0.00011218
3518 0.00011218
3519 0.00011218
3520 0.00011218
3521 0.00011218
3522 0.00011218
3523 0.00011218
3524 0.00011218
3525 0.00011218
3526 0.00011218
3527 0.00011218
3528 0.00011218
3529 8.4135e-05
3530 8.4135e-05
3531 8.4135e-05
3532 8.4135e-05
3533 8.4135e-05
3534 8.4135e-05
3535 8.4135e-05
3536 8.4135e-05
3537 8.4135e-05
3538 8.4135e-05
3539 8.4135e-05
3540 8.4135e-05
3541 8.4135e-05
3542 8.4135e-05
3543 8.4135e-05
3544 8.4135e-05
3545 8.4135e-05
3546 8.4135e-05
3547 8.4135e-05
3548 8.4135e-05
3549 8.4135e-05
3550 8.4135e-05
3551 8.4135e-05
3552 8.4135e-05
3553 8.4135e-05
3554 8.4135e-05
3555 8.4135e-05
3556 8.4135e-05
3557 8.4135e-05
3558 8.4135e-05
3559 8.4135e-05
3560 8.4135e-05
3561 8.4135e-05
3562 8.4135e-05
3563 8.4135e-05
3564 8.4135e-05
3565 8.4135e-05
3566 8.4135e-05
3567 8.4135e-05
3568 8.4135e-05
3569 8.4135e-05
3570 8.4135e-05
3571 8.4135e-05
3572 8.4135e-05
3573 8.4135e-05
3574 8.4135e-05
3575 8.4135e-05
3576 8.4135e-05
3577 8.4135e-05
3578 8.4135e-05
3579 8.4135e-05
3580 8.4135e-05
3581 8.4135e-05
3582 8.4135e-05
3583 8.4135e-05
3584 8.4135e-05
3585 8.4135e-05
3586 8.4135e-05
3587 8.4135e-05
3588 8.4135e-05
3589 8.4135e-05
3590 8.4135e-05
3591 8.4135e-05
3592 8.4135e-05
3593 8.4135e-05
3594 8.4135e-05
3595 8.4135e-05
3596 8.4135e-05
3597 8.4135e-05
3598 8.4135e-05
3599 8.4135e-05
3600 8.4135e-05
3601 8.4135e-05
3602 8.4135e-05
3603 8.4135e-05
3604 8.4135e-05
3605 8.4135e-05
3606 8.4135e-05
3607 8.4135e-05
3608 8.4135e-05
3609 8.4135e-05
3610 8.4135e-05
3611 8.4135e-05
3612 8.4135e-05
3613 8.4135e-05
3614 8.4135e-05
3615 8.4135e-05
3616 8.4135e-05
3617 8.4135e-05
3618 8.4135e-05
3619 8.4135e-05
3620 8.4135e-05
3621 8.4135e-05
3622 8.4135e-05
3623 8.4135e-05
3624 8.4135e-05
3625 8.4135e-05
3626 8.4135e-05
3627 8.4135e-05
3628 8.4135e-05
3629 8.4135e-05
3630 8.4135e-05
3631 8.4135e-05
3632 8.4135e-05
3633 8.4135e-05
3634 8.4135e-05
3635 8.4135e-05
3636 8.4135e-05
3637 8.4135e-05
3638 8.4135e-05
3639 8.4135e-05
3640 8.4135e-05
3641 8.4135e-05
3642 8.4135e-05
3643 8.4135e-05
3644 8.4135e-05
3645 8.4135e-05
3646 8.4135e-05
3647 8.4135e-05
3648 8.4135e-05
3649 8.4135e-05
3650 8.4135e-05
3651 8.4135e-05
3652 8.4135e-05
3653 8.4135e-05
3654 8.4135e-05
3655 8.4135e-05
3656 8.4135e-05
3657 8.4135e-05
3658 8.4135e-05
3659 8.4135e-05
3660 8.4135e-05
3661 8.4135e-05
3662 8.4135e-05
3663 8.4135e-05
3664 8.4135e-05
3665 8.4135e-05
3666 8.4135e-05
3667 8.4135e-05
3668 8.4135e-05
3669 8.4135e-05
3670 8.4135e-05
3671 8.4135e-05
3672 8.4135e-05
3673 8.4135e-05
3674 8.4135e-05
3675 8.4135e-05
3676 8.4135e-05
3677 8.4135e-05
3678 8.4135e-05
3679 8.4135e-05
3680 8.4135e-05
3681 8.4135e-05
3682 8.4135e-05
3683 8.4135e-05
3684 8.4135e-05
3685 8.4135e-05
3686 8.4135e-05
3687 8.4135e-05
3688 8.4135e-05
3689 8.4135e-05
3690 8.4135e-05
3691 8.4135e-05
3692 8.4135e-05
3693 8.4135e-05
3694 8.4135e-05
3695 8.4135e-05
3696 8.4135e-05
3697 5.609e-05
3698 5.609e-05
3699 5.609e-05
3700 5.609e-05
3701 5.609e-05
3702 5.609e-05
3703 5.609e-05
3704 5.609e-05
3705 5.609e-05
3706 5.609e-05
3707 5.609e-05
3708 5.609e-05
3709 5.609e-05
3710 5.609e-05
3711 5.609e-05
3712 5.609e-05
3713 5.609e-05
3714 5.609e-05
3715 5.609e-05
3716 5.609e-05
3717 5.609e-05
3718 5.609e-05
3719 5.609e-05
3720 5.609e-05
3721 5.609e-05
3722 5.609e-05
3723 5.609e-05
3724 5.609e-05
3725 5.609e-05
3726 5.609e-05
3727 5.609e-05
3728 5.609e-05
3729 5.609e-05
3730 5.609e-05
3731 5.609e-05
3732 5.609e-05
3733 5.609e-05
3734 5.609e-05
3735 5.609e-05
3736 5.609e-05
3737 5.609e-05
3738 5.609e-05
3739 5.609e-05
3740 5.609e-05
3741 5.609e-05
3742 5.609e-05
3743 5.609e-05
3744 5.609e-05
3745 5.609e-05
3746 5.609e-05
3747 5.609e-05
3748 5.609e-05
3749 5.609e-05
3750 5.609e-05
3751 5.609e-05
3752 5.609e-05
3753 5.609e-05
3754 5.609e-05
3755 5.609e-05
3756 5.609e-05
3757 5.609e-05
3758 5.609e-05
3759 5.609e-05
3760 5.609e-05
3761 5.609e-05
3762 5.609e-05
3763 5.609e-05
3764 5.609e-05
3765 5.609e-05
3766 5.609e-05
3767 5.609e-05
3768 5.609e-05
3769 5.609e-05
3770 5.609e-05
3771 5.609e-05
3772 5.609e-05
3773 5.609e-05
3774 5.609e-05
3775 5.609e-05
3776 5.609e-05
3777 5.609e-05
3778 5.609e-05
3779 5.609e-05
3780 5.609e-05
3781 5.609e-05
3782 5.609e-05
3783 5.609e-05
3784 5.609e-05
3785 5.609e-05
3786 5.609e-05
3787 5.609e-05
3788 5.609e-05
3789 5.609e-05
3790 5.609e-05
3791 5.609e-05
3792 5.609e-05
3793 5.609e-05
3794 5.609e-05
3795 5.609e-05
3796 5.609e-05
3797 5.609e-05
3798 5.609e-05
3799 5.609e-05
3800 5.609e-05
3801 5.609e-05
3802 5.609e-05
3803 5.609e-05
3804 5.609e-05
3805 5.609e-05
3806 5.609e-05
3807 5.609e-05
3808 5.609e-05
3809 5.609e-05
3810 5.609e-05
3811 5.609e-05
3812 5.609e-05
3813 5.609e-05
3814 5.609e-05
3815 5.609e-05
3816 5.609e-05
3817 5.609e-05
3818 5.609e-05
3819 5.609e-05
3820 5.609e-05
3821 5.609e-05
3822 5.609e-05
3823 5.609e-05
3824 5.609e-05
3825 5.609e-05
3826 5.609e-05
3827 5.609e-05
3828 5.609e-05
3829 5.609e-05
3830 5.609e-05
3831 5.609e-05
3832 5.609e-05
3833 5.609e-05
3834 5.609e-05
3835 5.609e-05
3836 5.609e-05
3837 5.609e-05
3838 5.609e-05
3839 5.609e-05
3840 5.609e-05
3841 5.609e-05
3842 5.609e-05
3843 5.609e-05
3844 5.609e-05
3845 5.609e-05
3846 5.609e-05
3847 5.609e-05
3848 5.609e-05
3849 5.609e-05
3850 5.609e-05
3851 5.609e-05
3852 5.609e-05
3853 5.609e-05
3854 5.609e-05
3855 5.609e-05
3856 5.609e-05
3857 5.609e-05
3858 5.609e-05
3859 5.609e-05
3860 5.609e-05
3861 5.609e-05
3862 5.609e-05
3863 5.609e-05
3864 5.609e-05
3865 5.609e-05
3866 5.609e-05
3867 5.609e-05
3868 5.609e-05
3869 5.609e-05
3870 5.609e-05
3871 5.609e-05
3872 5.609e-05
3873 5.609e-05
3874 5.609e-05
3875 5.609e-05
3876 5.609e-05
3877 5.609e-05
3878 5.609e-05
3879 5.609e-05
3880 5.609e-05
3881 5.609e-05
3882 5.609e-05
3883 5.609e-05
3884 5.609e-05
3885 5.609e-05
3886 5.609e-05
3887 5.609e-05
3888 5.609e-05
3889 5.609e-05
3890 5.609e-05
3891 5.609e-05
3892 5.609e-05
3893 5.609e-05
3894 5.609e-05
3895 5.609e-05
3896 5.609e-05
3897 5.609e-05
3898 5.609e-05
3899 5.609e-05
3900 5.609e-05
3901 5.609e-05
3902 5.609e-05
3903 5.609e-05
3904 5.609e-05
3905 5.609e-05
3906 5.609e-05
3907 5.609e-05
3908 5.609e-05
3909 5.609e-05
3910 5.609e-05
3911 5.609e-05
3912 5.609e-05
3913 5.609e-05
3914 5.609e-05
3915 5.609e-05
3916 5.609e-05
3917 5.609e-05
3918 5.609e-05
3919 5.609e-05
3920 5.609e-05
3921 5.609e-05
3922 5.609e-05
3923 5.609e-05
3924 5.609e-05
3925 5.609e-05
3926 5.609e-05
3927 5.609e-05
3928 5.609e-05
3929 5.609e-05
3930 5.609e-05
3931 5.609e-05
3932 5.609e-05
3933 5.609e-05
3934 5.609e-05
3935 5.609e-05
3936 5.609e-05
3937 5.609e-05
3938 5.609e-05
3939 5.609e-05
3940 5.609e-05
3941 5.609e-05
3942 5.609e-05
3943 5.609e-05
3944 5.609e-05
3945 5.609e-05
3946 5.609e-05
3947 5.609e-05
3948 5.609e-05
3949 5.609e-05
3950 5.609e-05
3951 5.609e-05
3952 5.609e-05
3953 5.609e-05
3954 5.609e-05
3955 5.609e-05
3956 5.609e-05
3957 5.609e-05
3958 5.609e-05
3959 5.609e-05
3960 5.609e-05
3961 5.609e-05
3962 5.609e-05
3963 5.609e-05
3964 5.609e-05
3965 5.609e-05
3966 5.609e-05
3967 5.609e-05
3968 5.609e-05
3969 5.609e-05
3970 5.609e-05
3971 5.609e-05
3972 5.609e-05
3973 5.609e-05
3974 5.609e-05
3975 5.609e-05
3976 5.609e-05
3977 5.609e-05
3978 5.609e-05
3979 5.609e-05
3980 5.609e-05
3981 5.609e-05
3982 5.609e-05
3983 5.609e-05
3984 5.609e-05
3985 5.609e-05
3986 5.609e-05
3987 5.609e-05
3988 5.609e-05
3989 5.609e-05
3990 5.609e-05
3991 5.609e-05
3992 5.609e-05
3993 5.609e-05
3994 5.609e-05
3995 5.609e-05
3996 5.609e-05
3997 5.609e-05
3998 5.609e-05
3999 5.609e-05
4000 5.609e-05
4001 5.609e-05
4002 5.609e-05
4003 5.609e-05
4004 5.609e-05
4005 5.609e-05
4006 5.609e-05
4007 5.609e-05
4008 5.609e-05
4009 5.609e-05
4010 5.609e-05
4011 5.609e-05
4012 5.609e-05
4013 5.609e-05
4014 5.609e-05
4015 5.609e-05
4016 5.609e-05
4017 5.609e-05
4018 5.609e-05
4019 5.609e-05
4020 5.609e-05
4021 5.609e-05
4022 5.609e-05
4023 5.609e-05
4024 5.609e-05
4025 5.609e-05
4026 5.609e-05
4027 5.609e-05
4028 5.609e-05
4029 5.609e-05
4030 5.609e-05
4031 5.609e-05
4032 5.609e-05
4033 5.609e-05
4034 5.609e-05
4035 5.609e-05
4036 5.609e-05
4037 5.609e-05
4038 5.609e-05
4039 5.609e-05
4040 5.609e-05
4041 5.609e-05
4042 5.609e-05
4043 5.609e-05
4044 5.609e-05
4045 5.609e-05
4046 5.609e-05
4047 5.609e-05
4048 5.609e-05
4049 5.609e-05
4050 5.609e-05
4051 5.609e-05
4052 5.609e-05
4053 5.609e-05
4054 5.609e-05
4055 5.609e-05
4056 5.609e-05
4057 5.609e-05
4058 5.609e-05
4059 5.609e-05
4060 5.609e-05
4061 5.609e-05
4062 5.609e-05
4063 5.609e-05
4064 5.609e-05
4065 5.609e-05
4066 5.609e-05
4067 5.609e-05
4068 5.609e-05
4069 5.609e-05
4070 5.609e-05
4071 5.609e-05
4072 5.609e-05
4073 5.609e-05
4074 5.609e-05
4075 5.609e-05
4076 5.609e-05
4077 5.609e-05
4078 5.609e-05
4079 5.609e-05
4080 5.609e-05
4081 5.609e-05
4082 5.609e-05
4083 5.609e-05
4084 5.609e-05
4085 5.609e-05
4086 5.609e-05
4087 5.609e-05
4088 5.609e-05
4089 5.609e-05
4090 5.609e-05
4091 5.609e-05
4092 5.609e-05
4093 5.609e-05
4094 5.609e-05
4095 5.609e-05
4096 5.609e-05
4097 5.609e-05
4098 5.609e-05
4099 5.609e-05
4100 5.609e-05
4101 5.609e-05
4102 5.609e-05
4103 5.609e-05
4104 5.609e-05
4105 5.609e-05
4106 5.609e-05
4107 5.609e-05
4108 5.609e-05
4109 5.609e-05
4110 5.609e-05
4111 5.609e-05
4112 5.609e-05
4113 5.609e-05
4114 5.609e-05
4115 5.609e-05
4116 5.609e-05
4117 5.609e-05
4118 5.609e-05
4119 5.609e-05
4120 5.609e-05
4121 5.609e-05
4122 5.609e-05
4123 5.609e-05
4124 5.609e-05
4125 5.609e-05
4126 5.609e-05
4127 5.609e-05
4128 5.609e-05
4129 5.609e-05
4130 5.609e-05
4131 5.609e-05
4132 5.609e-05
4133 5.609e-05
4134 5.609e-05
4135 5.609e-05
4136 5.609e-05
4137 5.609e-05
4138 5.609e-05
4139 5.609e-05
4140 5.609e-05
4141 5.609e-05
4142 5.609e-05
4143 5.609e-05
4144 5.609e-05
4145 5.609e-05
4146 5.609e-05
4147 5.609e-05
4148 5.609e-05
4149 5.609e-05
4150 5.609e-05
4151 5.609e-05
4152 5.609e-05
4153 5.609e-05
4154 5.609e-05
4155 5.609e-05
4156 5.609e-05
4157 5.609e-05
4158 5.609e-05
4159 5.609e-05
4160 5.609e-05
4161 5.609e-05
4162 5.609e-05
4163 5.609e-05
4164 5.609e-05
4165 5.609e-05
4166 5.609e-05
4167 5.609e-05
4168 5.609e-05
4169 5.609e-05
4170 5.609e-05
4171 5.609e-05
4172 5.609e-05
4173 5.609e-05
4174 5.609e-05
4175 5.609e-05
4176 5.609e-05
4177 5.609e-05
4178 5.609e-05
4179 5.609e-05
4180 5.609e-05
4181 5.609e-05
4182 5.609e-05
4183 5.609e-05
4184 5.609e-05
4185 5.609e-05
4186 5.609e-05
4187 5.609e-05
4188 5.609e-05
4189 5.609e-05
4190 5.609e-05
4191 5.609e-05
4192 5.609e-05
4193 5.609e-05
4194 5.609e-05
4195 5.609e-05
4196 5.609e-05
4197 5.609e-05
4198 5.609e-05
4199 5.609e-05
4200 5.609e-05
4201 5.609e-05
4202 5.609e-05
4203 5.609e-05
4204 5.609e-05
4205 5.609e-05
4206 5.609e-05
4207 5.609e-05
4208 5.609e-05
4209 5.609e-05
4210 5.609e-05
4211 5.609e-05
4212 5.609e-05
4213 5.609e-05
4214 5.609e-05
4215 5.609e-05
4216 5.609e-05
4217 5.609e-05
4218 5.609e-05
4219 5.609e-05
4220 5.609e-05
4221 5.609e-05
4222 5.609e-05
4223 5.609e-05
4224 5.609e-05
4225 5.609e-05
4226 5.609e-05
4227 5.609e-05
4228 5.609e-05
4229 5.609e-05
4230 5.609e-05
4231 5.609e-05
4232 5.609e-05
4233 5.609e-05
4234 5.609e-05
4235 5.609e-05
4236 5.609e-05
4237 5.609e-05
4238 5.609e-05
4239 5.609e-05
4240 5.609e-05
4241 5.609e-05
4242 5.609e-05
4243 5.609e-05
4244 5.609e-05
4245 5.609e-05
4246 5.609e-05
4247 5.609e-05
4248 5.609e-05
4249 5.609e-05
4250 5.609e-05
4251 5.609e-05
4252 5.609e-05
4253 5.609e-05
4254 5.609e-05
4255 5.609e-05
4256 5.609e-05
4257 5.609e-05
4258 5.609e-05
4259 5.609e-05
4260 5.609e-05
4261 5.609e-05
4262 5.609e-05
4263 5.609e-05
4264 5.609e-05
4265 5.609e-05
4266 5.609e-05
4267 5.609e-05
4268 5.609e-05
4269 5.609e-05
4270 5.609e-05
4271 5.609e-05
4272 5.609e-05
4273 5.609e-05
4274 5.609e-05
4275 5.609e-05
4276 5.609e-05
4277 5.609e-05
4278 5.609e-05
4279 5.609e-05
4280 5.609e-05
4281 5.609e-05
4282 5.609e-05
4283 5.609e-05
4284 5.609e-05
4285 5.609e-05
4286 5.609e-05
4287 5.609e-05
4288 5.609e-05
4289 5.609e-05
4290 5.609e-05
4291 5.609e-05
4292 5.609e-05
4293 5.609e-05
4294 5.609e-05
4295 5.609e-05
4296 5.609e-05
4297 5.609e-05
4298 5.609e-05
4299 5.609e-05
4300 5.609e-05
4301 5.609e-05
4302 5.609e-05
4303 5.609e-05
4304 5.609e-05
4305 5.609e-05
4306 5.609e-05
4307 5.609e-05
4308 5.609e-05
4309 5.609e-05
4310 5.609e-05
4311 5.609e-05
4312 5.609e-05
4313 5.609e-05
4314 5.609e-05
4315 5.609e-05
4316 5.609e-05
4317 5.609e-05
4318 5.609e-05
4319 5.609e-05
4320 5.609e-05
4321 5.609e-05
4322 5.609e-05
4323 5.609e-05
4324 5.609e-05
4325 5.609e-05
4326 5.609e-05
4327 5.609e-05
4328 5.609e-05
4329 5.609e-05
4330 5.609e-05
4331 5.609e-05
4332 5.609e-05
4333 5.609e-05
4334 5.609e-05
4335 5.609e-05
4336 5.609e-05
4337 5.609e-05
4338 5.609e-05
4339 5.609e-05
4340 5.609e-05
4341 5.609e-05
4342 5.609e-05
4343 5.609e-05
4344 5.609e-05
4345 5.609e-05
4346 5.609e-05
4347 5.609e-05
4348 5.609e-05
4349 5.609e-05
4350 5.609e-05
4351 5.609e-05
4352 5.609e-05
4353 5.609e-05
4354 5.609e-05
4355 5.609e-05
4356 5.609e-05
4357 5.609e-05
4358 5.609e-05
4359 5.609e-05
4360 5.609e-05
4361 5.609e-05
4362 5.609e-05
4363 5.609e-05
4364 5.609e-05
4365 5.609e-05
4366 5.609e-05
4367 5.609e-05
4368 5.609e-05
4369 5.609e-05
4370 5.609e-05
4371 5.609e-05
4372 5.609e-05
4373 5.609e-05
4374 5.609e-05
4375 5.609e-05
4376 5.609e-05
4377 5.609e-05
4378 5.609e-05
4379 5.609e-05
4380 5.609e-05
4381 5.609e-05
4382 5.609e-05
4383 5.609e-05
4384 5.609e-05
4385 5.609e-05
4386 5.609e-05
4387 5.609e-05
4388 5.609e-05
4389 5.609e-05
4390 5.609e-05
4391 5.609e-05
4392 5.609e-05
4393 5.609e-05
4394 5.609e-05
4395 5.609e-05
4396 5.609e-05
4397 5.609e-05
4398 5.609e-05
4399 5.609e-05
4400 5.609e-05
4401 5.609e-05
4402 5.609e-05
4403 5.609e-05
4404 5.609e-05
4405 5.609e-05
4406 5.609e-05
4407 5.609e-05
4408 5.609e-05
4409 5.609e-05
4410 5.609e-05
4411 5.609e-05
4412 5.609e-05
4413 5.609e-05
4414 5.609e-05
4415 5.609e-05
4416 5.609e-05
4417 5.609e-05
4418 5.609e-05
4419 5.609e-05
4420 5.609e-05
4421 5.609e-05
4422 5.609e-05
4423 5.609e-05
4424 5.609e-05
4425 5.609e-05
4426 5.609e-05
4427 5.609e-05
4428 5.609e-05
4429 5.609e-05
4430 5.609e-05
4431 5.609e-05
4432 5.609e-05
4433 5.609e-05
4434 5.609e-05
4435 5.609e-05
4436 5.609e-05
4437 5.609e-05
4438 5.609e-05
4439 5.609e-05
4440 5.609e-05
4441 5.609e-05
4442 5.609e-05
4443 5.609e-05
4444 5.609e-05
4445 5.609e-05
4446 5.609e-05
4447 5.609e-05
4448 5.609e-05
4449 5.609e-05
4450 5.609e-05
4451 5.609e-05
4452 5.609e-05
4453 5.609e-05
4454 5.609e-05
4455 5.609e-05
4456 5.609e-05
4457 5.609e-05
4458 5.609e-05
4459 5.609e-05
4460 5.609e-05
4461 5.609e-05
4462 5.609e-05
4463 5.609e-05
4464 5.609e-05
4465 5.609e-05
4466 5.609e-05
4467 5.609e-05
4468 5.609e-05
4469 5.609e-05
4470 5.609e-05
4471 5.609e-05
4472 5.609e-05
4473 5.609e-05
4474 5.609e-05
4475 5.609e-05
4476 5.609e-05
4477 5.609e-05
4478 5.609e-05
4479 5.609e-05
4480 5.609e-05
4481 5.609e-05
4482 5.609e-05
4483 5.609e-05
4484 5.609e-05
4485 5.609e-05
4486 5.609e-05
4487 5.609e-05
4488 5.609e-05
4489 5.609e-05
4490 5.609e-05
4491 5.609e-05
4492 5.609e-05
4493 5.609e-05
4494 5.609e-05
4495 5.609e-05
4496 5.609e-05
4497 5.609e-05
4498 5.609e-05
4499 5.609e-05
4500 5.609e-05
4501 5.609e-05
4502 5.609e-05
4503 5.609e-05
4504 5.609e-05
4505 5.609e-05
4506 5.609e-05
4507 5.609e-05
4508 5.609e-05
4509 5.609e-05
4510 5.609e-05
4511 5.609e-05
4512 5.609e-05
4513 5.609e-05
4514 5.609e-05
4515 5.609e-05
4516 5.609e-05
4517 5.609e-05
4518 5.609e-05
4519 5.609e-05
4520 5.609e-05
4521 5.609e-05
4522 5.609e-05
4523 5.609e-05
4524 5.609e-05
4525 5.609e-05
4526 5.609e-05
4527 5.609e-05
4528 5.609e-05
4529 5.609e-05
4530 5.609e-05
4531 5.609e-05
4532 5.609e-05
4533 5.609e-05
4534 5.609e-05
4535 5.609e-05
4536 5.609e-05
4537 5.609e-05
4538 5.609e-05
4539 5.609e-05
4540 5.609e-05
4541 5.609e-05
4542 5.609e-05
4543 5.609e-05
4544 5.609e-05
4545 5.609e-05
4546 5.609e-05
4547 5.609e-05
4548 5.609e-05
4549 5.609e-05
4550 5.609e-05
4551 5.609e-05
4552 5.609e-05
4553 5.609e-05
4554 5.609e-05
4555 5.609e-05
4556 5.609e-05
4557 5.609e-05
4558 5.609e-05
4559 5.609e-05
4560 5.609e-05
4561 5.609e-05
4562 5.609e-05
4563 5.609e-05
4564 5.609e-05
4565 5.609e-05
4566 5.609e-05
4567 5.609e-05
4568 5.609e-05
4569 5.609e-05
4570 5.609e-05
4571 5.609e-05
4572 5.609e-05
4573 5.609e-05
4574 5.609e-05
4575 5.609e-05
4576 5.609e-05
4577 5.609e-05
4578 5.609e-05
4579 5.609e-05
4580 5.609e-05
4581 5.609e-05
4582 5.609e-05
4583 5.609e-05
4584 5.609e-05
4585 5.609e-05
4586 5.609e-05
4587 5.609e-05
4588 5.609e-05
4589 5.609e-05
4590 5.609e-05
4591 5.609e-05
4592 5.609e-05
4593 5.609e-05
4594 5.609e-05
4595 5.609e-05
4596 5.609e-05
4597 5.609e-05
4598 5.609e-05
4599 5.609e-05
4600 5.609e-05
4601 5.609e-05
4602 5.609e-05
4603 5.609e-05
4604 5.609e-05
4605 5.609e-05
4606 5.609e-05
4607 5.609e-05
4608 5.609e-05
4609 5.609e-05
4610 5.609e-05
4611 5.609e-05
4612 5.609e-05
4613 5.609e-05
4614 5.609e-05
4615 5.609e-05
4616 5.609e-05
4617 5.609e-05
4618 5.609e-05
4619 5.609e-05
4620 5.609e-05
4621 5.609e-05
4622 5.609e-05
4623 5.609e-05
4624 5.609e-05
4625 5.609e-05
4626 5.609e-05
4627 5.609e-05
4628 5.609e-05
4629 5.609e-05
4630 5.609e-05
4631 5.609e-05
4632 5.609e-05
4633 5.609e-05
4634 5.609e-05
4635 5.609e-05
4636 5.609e-05
4637 5.609e-05
4638 5.609e-05
4639 5.609e-05
4640 5.609e-05
4641 5.609e-05
4642 5.609e-05
4643 5.609e-05
4644 5.609e-05
4645 5.609e-05
4646 5.609e-05
4647 5.609e-05
4648 5.609e-05
4649 5.609e-05
4650 5.609e-05
4651 5.609e-05
4652 5.609e-05
4653 5.609e-05
4654 5.609e-05
4655 5.609e-05
4656 5.609e-05
4657 5.609e-05
4658 5.609e-05
4659 5.609e-05
4660 5.609e-05
4661 5.609e-05
4662 5.609e-05
4663 5.609e-05
4664 5.609e-05
4665 5.609e-05
4666 5.609e-05
4667 5.609e-05
4668 5.609e-05
4669 5.609e-05
4670 5.609e-05
4671 5.609e-05
4672 5.609e-05
4673 5.609e-05
4674 5.609e-05
4675 5.609e-05
4676 5.609e-05
4677 5.609e-05
4678 5.609e-05
4679 5.609e-05
4680 5.609e-05
4681 5.609e-05
4682 5.609e-05
4683 5.609e-05
4684 5.609e-05
4685 5.609e-05
4686 5.609e-05
4687 5.609e-05
4688 5.609e-05
4689 5.609e-05
4690 5.609e-05
4691 5.609e-05
4692 5.609e-05
4693 5.609e-05
4694 5.609e-05
4695 5.609e-05
4696 5.609e-05
4697 5.609e-05
4698 5.609e-05
4699 5.609e-05
4700 5.609e-05
4701 5.609e-05
4702 5.609e-05
4703 5.609e-05
4704 5.609e-05
4705 5.609e-05
4706 5.609e-05
4707 5.609e-05
4708 5.609e-05
4709 5.609e-05
4710 5.609e-05
4711 5.609e-05
4712 5.609e-05
4713 5.609e-05
4714 5.609e-05
4715 5.609e-05
4716 5.609e-05
4717 5.609e-05
4718 5.609e-05
4719 5.609e-05
4720 5.609e-05
4721 5.609e-05
4722 5.609e-05
4723 5.609e-05
4724 5.609e-05
4725 5.609e-05
4726 5.609e-05
4727 5.609e-05
4728 5.609e-05
4729 5.609e-05
4730 5.609e-05
4731 5.609e-05
4732 5.609e-05
4733 5.609e-05
4734 5.609e-05
4735 5.609e-05
4736 5.609e-05
4737 5.609e-05
4738 5.609e-05
4739 5.609e-05
4740 5.609e-05
4741 5.609e-05
4742 5.609e-05
4743 5.609e-05
4744 5.609e-05
4745 5.609e-05
4746 5.609e-05
4747 5.609e-05
4748 5.609e-05
4749 5.609e-05
4750 5.609e-05
4751 5.609e-05
4752 5.609e-05
4753 5.609e-05
4754 5.609e-05
4755 5.609e-05
4756 5.609e-05
4757 5.609e-05
4758 5.609e-05
4759 5.609e-05
4760 5.609e-05
4761 5.609e-05
4762 5.609e-05
4763 5.609e-05
4764 5.609e-05
4765 5.609e-05
4766 5.609e-05
4767 5.609e-05
4768 5.609e-05
4769 5.609e-05
4770 5.609e-05
4771 5.609e-05
4772 5.609e-05
4773 5.609e-05
4774 5.609e-05
4775 5.609e-05
4776 5.609e-05
4777 5.609e-05
4778 5.609e-05
4779 5.609e-05
4780 5.609e-05
4781 5.609e-05
4782 5.609e-05
4783 5.609e-05
4784 5.609e-05
4785 5.609e-05
4786 5.609e-05
4787 5.609e-05
4788 5.609e-05
4789 5.609e-05
4790 5.609e-05
4791 5.609e-05
4792 5.609e-05
4793 2.8045e-05
4794 2.8045e-05
4795 2.8045e-05
4796 2.8045e-05
4797 2.8045e-05
4798 2.8045e-05
4799 2.8045e-05
4800 2.8045e-05
4801 2.8045e-05
4802 2.8045e-05
4803 2.8045e-05
4804 2.8045e-05
4805 2.8045e-05
4806 2.8045e-05
4807 2.8045e-05
4808 2.8045e-05
4809 2.8045e-05
4810 2.8045e-05
4811 2.8045e-05
4812 2.8045e-05
4813 2.8045e-05
4814 2.8045e-05
4815 2.8045e-05
4816 2.8045e-05
4817 2.8045e-05
4818 2.8045e-05
4819 2.8045e-05
4820 2.8045e-05
4821 2.8045e-05
4822 2.8045e-05
4823 2.8045e-05
4824 2.8045e-05
4825 2.8045e-05
4826 2.8045e-05
4827 2.8045e-05
4828 2.8045e-05
4829 2.8045e-05
4830 2.8045e-05
4831 2.8045e-05
4832 2.8045e-05
4833 2.8045e-05
4834 2.8045e-05
4835 2.8045e-05
4836 2.8045e-05
4837 2.8045e-05
4838 2.8045e-05
4839 2.8045e-05
4840 2.8045e-05
4841 2.8045e-05
4842 2.8045e-05
4843 2.8045e-05
4844 2.8045e-05
4845 2.8045e-05
4846 2.8045e-05
4847 2.8045e-05
4848 2.8045e-05
4849 2.8045e-05
4850 2.8045e-05
4851 2.8045e-05
4852 2.8045e-05
4853 2.8045e-05
4854 2.8045e-05
4855 2.8045e-05
4856 2.8045e-05
4857 2.8045e-05
4858 2.8045e-05
4859 2.8045e-05
4860 2.8045e-05
4861 2.8045e-05
4862 2.8045e-05
4863 2.8045e-05
4864 2.8045e-05
4865 2.8045e-05
4866 2.8045e-05
4867 2.8045e-05
4868 2.8045e-05
4869 2.8045e-05
4870 2.8045e-05
4871 2.8045e-05
4872 2.8045e-05
4873 2.8045e-05
4874 2.8045e-05
4875 2.8045e-05
4876 2.8045e-05
4877 2.8045e-05
4878 2.8045e-05
4879 2.8045e-05
4880 2.8045e-05
4881 2.8045e-05
4882 2.8045e-05
4883 2.8045e-05
4884 2.8045e-05
4885 2.8045e-05
4886 2.8045e-05
4887 2.8045e-05
4888 2.8045e-05
4889 2.8045e-05
4890 2.8045e-05
4891 2.8045e-05
4892 2.8045e-05
4893 2.8045e-05
4894 2.8045e-05
4895 2.8045e-05
4896 2.8045e-05
4897 2.8045e-05
4898 2.8045e-05
4899 2.8045e-05
4900 2.8045e-05
4901 2.8045e-05
4902 2.8045e-05
4903 2.8045e-05
4904 2.8045e-05
4905 2.8045e-05
4906 2.8045e-05
4907 2.8045e-05
4908 2.8045e-05
4909 2.8045e-05
4910 2.8045e-05
4911 2.8045e-05
4912 2.8045e-05
4913 2.8045e-05
4914 2.8045e-05
4915 2.8045e-05
4916 2.8045e-05
4917 2.8045e-05
4918 2.8045e-05
4919 2.8045e-05
4920 2.8045e-05
4921 2.8045e-05
4922 2.8045e-05
4923 2.8045e-05
4924 2.8045e-05
4925 2.8045e-05
4926 2.8045e-05
4927 2.8045e-05
4928 2.8045e-05
4929 2.8045e-05
4930 2.8045e-05
4931 2.8045e-05
4932 2.8045e-05
4933 2.8045e-05
4934 2.8045e-05
4935 2.8045e-05
4936 2.8045e-05
4937 2.8045e-05
4938 2.8045e-05
4939 2.8045e-05
4940 2.8045e-05
4941 2.8045e-05
4942 2.8045e-05
4943 2.8045e-05
4944 2.8045e-05
4945 2.8045e-05
4946 2.8045e-05
4947 2.8045e-05
4948 2.8045e-05
4949 2.8045e-05
4950 2.8045e-05
4951 2.8045e-05
4952 2.8045e-05
4953 2.8045e-05
4954 2.8045e-05
4955 2.8045e-05
4956 2.8045e-05
4957 2.8045e-05
4958 2.8045e-05
4959 2.8045e-05
4960 2.8045e-05
4961 2.8045e-05
4962 2.8045e-05
4963 2.8045e-05
4964 2.8045e-05
4965 2.8045e-05
4966 2.8045e-05
4967 2.8045e-05
4968 2.8045e-05
4969 2.8045e-05
4970 2.8045e-05
4971 2.8045e-05
4972 2.8045e-05
4973 2.8045e-05
4974 2.8045e-05
4975 2.8045e-05
4976 2.8045e-05
4977 2.8045e-05
4978 2.8045e-05
4979 2.8045e-05
4980 2.8045e-05
4981 2.8045e-05
4982 2.8045e-05
4983 2.8045e-05
4984 2.8045e-05
4985 2.8045e-05
4986 2.8045e-05
4987 2.8045e-05
4988 2.8045e-05
4989 2.8045e-05
4990 2.8045e-05
4991 2.8045e-05
4992 2.8045e-05
4993 2.8045e-05
4994 2.8045e-05
4995 2.8045e-05
4996 2.8045e-05
4997 2.8045e-05
4998 2.8045e-05
4999 2.8045e-05
5000 2.8045e-05
5001 2.8045e-05
5002 2.8045e-05
5003 2.8045e-05
5004 2.8045e-05
5005 2.8045e-05
5006 2.8045e-05
5007 2.8045e-05
5008 2.8045e-05
5009 2.8045e-05
5010 2.8045e-05
5011 2.8045e-05
5012 2.8045e-05
5013 2.8045e-05
5014 2.8045e-05
5015 2.8045e-05
5016 2.8045e-05
5017 2.8045e-05
5018 2.8045e-05
5019 2.8045e-05
5020 2.8045e-05
5021 2.8045e-05
5022 2.8045e-05
5023 2.8045e-05
5024 2.8045e-05
5025 2.8045e-05
5026 2.8045e-05
5027 2.8045e-05
5028 2.8045e-05
5029 2.8045e-05
5030 2.8045e-05
5031 2.8045e-05
5032 2.8045e-05
5033 2.8045e-05
5034 2.8045e-05
5035 2.8045e-05
5036 2.8045e-05
5037 2.8045e-05
5038 2.8045e-05
5039 2.8045e-05
5040 2.8045e-05
5041 2.8045e-05
5042 2.8045e-05
5043 2.8045e-05
5044 2.8045e-05
5045 2.8045e-05
5046 2.8045e-05
5047 2.8045e-05
5048 2.8045e-05
5049 2.8045e-05
5050 2.8045e-05
5051 2.8045e-05
5052 2.8045e-05
5053 2.8045e-05
5054 2.8045e-05
5055 2.8045e-05
5056 2.8045e-05
5057 2.8045e-05
5058 2.8045e-05
5059 2.8045e-05
5060 2.8045e-05
5061 2.8045e-05
5062 2.8045e-05
5063 2.8045e-05
5064 2.8045e-05
5065 2.8045e-05
5066 2.8045e-05
5067 2.8045e-05
5068 2.8045e-05
5069 2.8045e-05
5070 2.8045e-05
5071 2.8045e-05
5072 2.8045e-05
5073 2.8045e-05
5074 2.8045e-05
5075 2.8045e-05
5076 2.8045e-05
5077 2.8045e-05
5078 2.8045e-05
5079 2.8045e-05
5080 2.8045e-05
5081 2.8045e-05
5082 2.8045e-05
5083 2.8045e-05
5084 2.8045e-05
5085 2.8045e-05
5086 2.8045e-05
5087 2.8045e-05
5088 2.8045e-05
5089 2.8045e-05
5090 2.8045e-05
5091 2.8045e-05
5092 2.8045e-05
5093 2.8045e-05
5094 2.8045e-05
5095 2.8045e-05
5096 2.8045e-05
5097 2.8045e-05
5098 2.8045e-05
5099 2.8045e-05
5100 2.8045e-05
5101 2.8045e-05
5102 2.8045e-05
5103 2.8045e-05
5104 2.8045e-05
5105 2.8045e-05
5106 2.8045e-05
5107 2.8045e-05
5108 2.8045e-05
5109 2.8045e-05
5110 2.8045e-05
5111 2.8045e-05
5112 2.8045e-05
5113 2.8045e-05
5114 2.8045e-05
5115 2.8045e-05
5116 2.8045e-05
5117 2.8045e-05
5118 2.8045e-05
5119 2.8045e-05
5120 2.8045e-05
5121 2.8045e-05
5122 2.8045e-05
5123 2.8045e-05
5124 2.8045e-05
5125 2.8045e-05
5126 2.8045e-05
5127 2.8045e-05
5128 2.8045e-05
5129 2.8045e-05
5130 2.8045e-05
5131 2.8045e-05
5132 2.8045e-05
5133 2.8045e-05
5134 2.8045e-05
5135 2.8045e-05
5136 2.8045e-05
5137 2.8045e-05
5138 2.8045e-05
5139 2.8045e-05
5140 2.8045e-05
5141 2.8045e-05
5142 2.8045e-05
5143 2.8045e-05
5144 2.8045e-05
5145 2.8045e-05
5146 2.8045e-05
5147 2.8045e-05
5148 2.8045e-05
5149 2.8045e-05
5150 2.8045e-05
5151 2.8045e-05
5152 2.8045e-05
5153 2.8045e-05
5154 2.8045e-05
5155 2.8045e-05
5156 2.8045e-05
5157 2.8045e-05
5158 2.8045e-05
5159 2.8045e-05
5160 2.8045e-05
5161 2.8045e-05
5162 2.8045e-05
5163 2.8045e-05
5164 2.8045e-05
5165 2.8045e-05
5166 2.8045e-05
5167 2.8045e-05
5168 2.8045e-05
5169 2.8045e-05
5170 2.8045e-05
5171 2.8045e-05
5172 2.8045e-05
5173 2.8045e-05
5174 2.8045e-05
5175 2.8045e-05
5176 2.8045e-05
5177 2.8045e-05
5178 2.8045e-05
5179 2.8045e-05
5180 2.8045e-05
5181 2.8045e-05
5182 2.8045e-05
5183 2.8045e-05
5184 2.8045e-05
5185 2.8045e-05
5186 2.8045e-05
5187 2.8045e-05
5188 2.8045e-05
5189 2.8045e-05
5190 2.8045e-05
5191 2.8045e-05
5192 2.8045e-05
5193 2.8045e-05
5194 2.8045e-05
5195 2.8045e-05
5196 2.8045e-05
5197 2.8045e-05
5198 2.8045e-05
5199 2.8045e-05
5200 2.8045e-05
5201 2.8045e-05
5202 2.8045e-05
5203 2.8045e-05
5204 2.8045e-05
5205 2.8045e-05
5206 2.8045e-05
5207 2.8045e-05
5208 2.8045e-05
5209 2.8045e-05
5210 2.8045e-05
5211 2.8045e-05
5212 2.8045e-05
5213 2.8045e-05
5214 2.8045e-05
5215 2.8045e-05
5216 2.8045e-05
5217 2.8045e-05
5218 2.8045e-05
5219 2.8045e-05
5220 2.8045e-05
5221 2.8045e-05
5222 2.8045e-05
5223 2.8045e-05
5224 2.8045e-05
5225 2.8045e-05
5226 2.8045e-05
5227 2.8045e-05
5228 2.8045e-05
5229 2.8045e-05
5230 2.8045e-05
5231 2.8045e-05
5232 2.8045e-05
5233 2.8045e-05
5234 2.8045e-05
5235 2.8045e-05
5236 2.8045e-05
5237 2.8045e-05
5238 2.8045e-05
5239 2.8045e-05
5240 2.8045e-05
5241 2.8045e-05
5242 2.8045e-05
5243 2.8045e-05
5244 2.8045e-05
5245 2.8045e-05
5246 2.8045e-05
5247 2.8045e-05
5248 2.8045e-05
5249 2.8045e-05
5250 2.8045e-05
5251 2.8045e-05
5252 2.8045e-05
5253 2.8045e-05
5254 2.8045e-05
5255 2.8045e-05
5256 2.8045e-05
5257 2.8045e-05
5258 2.8045e-05
5259 2.8045e-05
5260 2.8045e-05
5261 2.8045e-05
5262 2.8045e-05
5263 2.8045e-05
5264 2.8045e-05
5265 2.8045e-05
5266 2.8045e-05
5267 2.8045e-05
5268 2.8045e-05
5269 2.8045e-05
5270 2.8045e-05
5271 2.8045e-05
5272 2.8045e-05
5273 2.8045e-05
5274 2.8045e-05
5275 2.8045e-05
5276 2.8045e-05
5277 2.8045e-05
5278 2.8045e-05
5279 2.8045e-05
5280 2.8045e-05
5281 2.8045e-05
5282 2.8045e-05
5283 2.8045e-05
5284 2.8045e-05
5285 2.8045e-05
5286 2.8045e-05
5287 2.8045e-05
5288 2.8045e-05
5289 2.8045e-05
5290 2.8045e-05
5291 2.8045e-05
5292 2.8045e-05
5293 2.8045e-05
5294 2.8045e-05
5295 2.8045e-05
5296 2.8045e-05
5297 2.8045e-05
5298 2.8045e-05
5299 2.8045e-05
5300 2.8045e-05
5301 2.8045e-05
5302 2.8045e-05
5303 2.8045e-05
5304 2.8045e-05
5305 2.8045e-05
5306 2.8045e-05
5307 2.8045e-05
5308 2.8045e-05
5309 2.8045e-05
5310 2.8045e-05
5311 2.8045e-05
5312 2.8045e-05
5313 2.8045e-05
5314 2.8045e-05
5315 2.8045e-05
5316 2.8045e-05
5317 2.8045e-05
5318 2.8045e-05
5319 2.8045e-05
5320 2.8045e-05
5321 2.8045e-05
5322 2.8045e-05
5323 2.8045e-05
5324 2.8045e-05
5325 2.8045e-05
5326 2.8045e-05
5327 2.8045e-05
5328 2.8045e-05
5329 2.8045e-05
5330 2.8045e-05
5331 2.8045e-05
5332 2.8045e-05
5333 2.8045e-05
5334 2.8045e-05
5335 2.8045e-05
5336 2.8045e-05
5337 2.8045e-05
5338 2.8045e-05
5339 2.8045e-05
5340 2.8045e-05
5341 2.8045e-05
5342 2.8045e-05
5343 2.8045e-05
5344 2.8045e-05
5345 2.8045e-05
5346 2.8045e-05
5347 2.8045e-05
5348 2.8045e-05
5349 2.8045e-05
5350 2.8045e-05
5351 2.8045e-05
5352 2.8045e-05
5353 2.8045e-05
5354 2.8045e-05
5355 2.8045e-05
5356 2.8045e-05
5357 2.8045e-05
5358 2.8045e-05
5359 2.8045e-05
5360 2.8045e-05
5361 2.8045e-05
5362 2.8045e-05
5363 2.8045e-05
5364 2.8045e-05
5365 2.8045e-05
5366 2.8045e-05
5367 2.8045e-05
5368 2.8045e-05
5369 2.8045e-05
5370 2.8045e-05
5371 2.8045e-05
5372 2.8045e-05
5373 2.8045e-05
5374 2.8045e-05
5375 2.8045e-05
5376 2.8045e-05
5377 2.8045e-05
5378 2.8045e-05
5379 2.8045e-05
5380 2.8045e-05
5381 2.8045e-05
5382 2.8045e-05
5383 2.8045e-05
5384 2.8045e-05
5385 2.8045e-05
5386 2.8045e-05
5387 2.8045e-05
5388 2.8045e-05
5389 2.8045e-05
5390 2.8045e-05
5391 2.8045e-05
5392 2.8045e-05
5393 2.8045e-05
5394 2.8045e-05
5395 2.8045e-05
5396 2.8045e-05
5397 2.8045e-05
5398 2.8045e-05
5399 2.8045e-05
5400 2.8045e-05
5401 2.8045e-05
5402 2.8045e-05
5403 2.8045e-05
5404 2.8045e-05
5405 2.8045e-05
5406 2.8045e-05
5407 2.8045e-05
5408 2.8045e-05
5409 2.8045e-05
5410 2.8045e-05
5411 2.8045e-05
5412 2.8045e-05
5413 2.8045e-05
5414 2.8045e-05
5415 2.8045e-05
5416 2.8045e-05
5417 2.8045e-05
5418 2.8045e-05
5419 2.8045e-05
5420 2.8045e-05
5421 2.8045e-05
5422 2.8045e-05
5423 2.8045e-05
5424 2.8045e-05
5425 2.8045e-05
5426 2.8045e-05
5427 2.8045e-05
5428 2.8045e-05
5429 2.8045e-05
5430 2.8045e-05
5431 2.8045e-05
5432 2.8045e-05
5433 2.8045e-05
5434 2.8045e-05
5435 2.8045e-05
5436 2.8045e-05
5437 2.8045e-05
5438 2.8045e-05
5439 2.8045e-05
5440 2.8045e-05
5441 2.8045e-05
5442 2.8045e-05
5443 2.8045e-05
5444 2.8045e-05
5445 2.8045e-05
5446 2.8045e-05
5447 2.8045e-05
5448 2.8045e-05
5449 2.8045e-05
5450 2.8045e-05
5451 2.8045e-05
5452 2.8045e-05
5453 2.8045e-05
5454 2.8045e-05
5455 2.8045e-05
5456 2.8045e-05
5457 2.8045e-05
5458 2.8045e-05
5459 2.8045e-05
5460 2.8045e-05
5461 2.8045e-05
5462 2.8045e-05
5463 2.8045e-05
5464 2.8045e-05
5465 2.8045e-05
5466 2.8045e-05
5467 2.8045e-05
5468 2.8045e-05
5469 2.8045e-05
5470 2.8045e-05
5471 2.8045e-05
5472 2.8045e-05
5473 2.8045e-05
5474 2.8045e-05
5475 2.8045e-05
5476 2.8045e-05
5477 2.8045e-05
5478 2.8045e-05
5479 2.8045e-05
5480 2.8045e-05
5481 2.8045e-05
5482 2.8045e-05
5483 2.8045e-05
5484 2.8045e-05
5485 2.8045e-05
5486 2.8045e-05
5487 2.8045e-05
5488 2.8045e-05
5489 2.8045e-05
5490 2.8045e-05
5491 2.8045e-05
5492 2.8045e-05
5493 2.8045e-05
5494 2.8045e-05
5495 2.8045e-05
5496 2.8045e-05
5497 2.8045e-05
5498 2.8045e-05
5499 2.8045e-05
5500 2.8045e-05
5501 2.8045e-05
5502 2.8045e-05
5503 2.8045e-05
5504 2.8045e-05
5505 2.8045e-05
5506 2.8045e-05
5507 2.8045e-05
5508 2.8045e-05
5509 2.8045e-05
5510 2.8045e-05
5511 2.8045e-05
5512 2.8045e-05
5513 2.8045e-05
5514 2.8045e-05
5515 2.8045e-05
5516 2.8045e-05
5517 2.8045e-05
5518 2.8045e-05
5519 2.8045e-05
5520 2.8045e-05
5521 2.8045e-05
5522 2.8045e-05
5523 2.8045e-05
5524 2.8045e-05
5525 2.8045e-05
5526 2.8045e-05
5527 2.8045e-05
5528 2.8045e-05
5529 2.8045e-05
5530 2.8045e-05
5531 2.8045e-05
5532 2.8045e-05
5533 2.8045e-05
5534 2.8045e-05
5535 2.8045e-05
5536 2.8045e-05
