0 1
1 1
2 1
3 1
4 1
5 1
6 1
7 1
8 1
9 0.999969
10 0.999969
11 0.999969
12 0.999969
13 0.999969
14 0.999969
15 0.999969
16 0.999969
17 0.999969
18 0.999969
19 0.999969
20 0.999969
21 0.999969
22 0.999969
23 0.999876
24 0.999876
25 0.999876
26 0.999876
27 0.999876
28 0.999876
29 0.999876
30 0.999876
31 0.999752
32 0.999752
33 0.999752
34 0.999752
35 0.999752
36 0.999752
37 0.999752
38 0.999752
39 0.999659
40 0.999659
41 0.999659
42 0.999659
43 0.999659
44 0.999659
45 0.999659
46 0.999659
47 0.999443
48 0.999443
49 0.959648
50 0.959648
51 0.959648
52 0.959648
53 0.959648
54 0.959648
55 0.959524
56 0.959524
57 0.919173
58 0.919173
59 0.919173
60 0.919173
61 0.919173
62 0.919173
63 0.919018
64 0.919018
65 0.879068
66 0.879068
67 0.879068
68 0.879068
69 0.879068
70 0.879068
71 0.878945
72 0.878945
73 0.841937
74 0.841937
75 0.841937
76 0.841937
77 0.841937
78 0.841937
79 0.841783
80 0.841783
81 0.803939
82 0.803939
83 0.803939
84 0.803939
85 0.803939
86 0.803939
87 0.80363
88 0.80363
89 0.765012
90 0.765012
91 0.765012
92 0.765012
93 0.765012
94 0.765012
95 0.764795
96 0.764795
97 0.728593
98 0.728593
99 0.728593
100 0.728593
101 0.728593
102 0.728593
103 0.728438
104 0.728438
105 0.694063
106 0.694063
107 0.694063
108 0.694063
109 0.694063
110 0.694063
111 0.69394
112 0.69394
113 0.659843
114 0.659843
115 0.659843
116 0.659843
117 0.659843
118 0.659843
119 0.659688
120 0.659688
121 0.627946
122 0.627946
123 0.627946
124 0.627946
125 0.627946
126 0.627946
127 0.627729
128 0.627729
129 0.597132
130 0.597132
131 0.597132
132 0.597132
133 0.597132
134 0.597132
135 0.597039
136 0.597039
137 0.567403
138 0.567403
139 0.567403
140 0.567403
141 0.567403
142 0.567403
143 0.567217
144 0.567217
145 0.540522
146 0.540522
147 0.540522
148 0.540522
149 0.540522
150 0.540522
151 0.540367
152 0.540367
153 0.513858
154 0.513858
155 0.513858
156 0.513858
157 0.513858
158 0.513858
159 0.513673
160 0.513673
161 0.488743
162 0.488743
163 0.488743
164 0.488743
165 0.488743
166 0.488743
167 0.48865
168 0.48865
169 0.465548
170 0.465548
171 0.465548
172 0.465548
173 0.465548
174 0.465548
175 0.465393
176 0.465393
177 0.44291
178 0.44291
179 0.44291
180 0.44291
181 0.44291
182 0.44291
183 0.442786
184 0.442786
185 0.422595
186 0.422595
187 0.422595
188 0.422595
189 0.422595
190 0.422595
191 0.422564
192 0.422564
193 0.400886
194 0.400886
195 0.400886
196 0.400886
197 0.400886
198 0.400886
199 0.400793
200 0.400793
201 0.38215
202 0.38215
203 0.38215
204 0.38215
205 0.38215
206 0.38215
207 0.381995
208 0.381995
209 0.363909
210 0.363909
211 0.363909
212 0.363909
213 0.363909
214 0.363909
215 0.363817
216 0.363817
217 0.345576
218 0.345576
219 0.345576
220 0.345576
221 0.345576
222 0.345576
223 0.345514
224 0.345514
225 0.328698
226 0.328698
227 0.328698
228 0.328698
229 0.328698
230 0.328698
231 0.328667
232 0.328667
233 0.313648
234 0.313648
235 0.313648
236 0.313648
237 0.313648
238 0.313648
239 0.313524
240 0.313524
241 0.297978
242 0.297978
243 0.297978
244 0.297978
245 0.297978
246 0.297978
247 0.297916
248 0.297916
249 0.283949
250 0.283949
251 0.283949
252 0.283949
253 0.283949
254 0.283949
255 0.283856
256 0.283856
257 0.271097
258 0.271097
259 0.271097
260 0.271097
261 0.271097
262 0.271097
263 0.271004
264 0.271004
265 0.258493
266 0.258493
267 0.258493
268 0.258493
269 0.258493
270 0.258493
271 0.258431
272 0.258431
273 0.24561
274 0.24561
275 0.24561
276 0.24561
277 0.24561
278 0.24561
279 0.245424
280 0.245424
281 0.23344
282 0.23344
283 0.23344
284 0.23344
285 0.23344
286 0.23344
287 0.233347
288 0.233347
289 0.22226
290 0.22226
291 0.22226
292 0.22226
293 0.22226
294 0.22226
295 0.22226
296 0.22226
297 0.211948
298 0.211948
299 0.211948
300 0.211948
301 0.211948
302 0.211948
303 0.211855
304 0.211855
305 0.202378
306 0.202378
307 0.202378
308 0.202378
309 0.202378
310 0.202378
311 0.202316
312 0.202316
313 0.192964
314 0.192964
315 0.192964
316 0.192964
317 0.192964
318 0.192964
319 0.192902
320 0.192902
321 0.183519
322 0.183519
323 0.183519
324 0.183519
325 0.183519
326 0.183519
327 0.183426
328 0.183426
329 0.175343
330 0.175343
331 0.175343
332 0.175343
333 0.175343
334 0.175343
335 0.17525
336 0.17525
337 0.167384
338 0.167384
339 0.167384
340 0.167384
341 0.167384
342 0.167384
343 0.167353
344 0.167353
345 0.159952
346 0.159952
347 0.159952
348 0.159952
349 0.159952
350 0.159952
351 0.159921
352 0.159921
353 0.152303
354 0.152303
355 0.152303
356 0.152303
357 0.152303
358 0.152303
359 0.152241
360 0.152241
361 0.145118
362 0.145118
363 0.145118
364 0.145118
365 0.145118
366 0.145118
367 0.144994
368 0.144994
369 0.138738
370 0.138738
371 0.138738
372 0.138738
373 0.138738
374 0.138738
375 0.138676
376 0.138676
377 0.133133
378 0.133133
379 0.133133
380 0.133133
381 0.133133
382 0.133133
383 0.133071
384 0.133071
385 0.126723
386 0.126723
387 0.126723
388 0.126723
389 0.126723
390 0.126723
391 0.126599
392 0.126599
393 0.12121
394 0.12121
395 0.12121
396 0.12121
397 0.12121
398 0.12121
399 0.12121
400 0.12121
401 0.115915
402 0.115915
403 0.115915
404 0.115915
405 0.115915
406 0.115915
407 0.115884
408 0.115884
409 0.110712
410 0.110712
411 0.110712
412 0.110712
413 0.110712
414 0.110712
415 0.11065
416 0.11065
417 0.104735
418 0.104735
419 0.104735
420 0.104735
421 0.104735
422 0.104735
423 0.104735
424 0.104735
425 0.100121
426 0.100121
427 0.100121
428 0.100121
429 0.100121
430 0.100121
431 0.10009
432 0.10009
433 0.0957542
434 0.0957542
435 0.0957542
436 0.0957542
437 0.0957542
438 0.0957542
439 0.0957233
440 0.0957233
441 0.0914806
442 0.0914806
443 0.0914806
444 0.0914806
445 0.0914806
446 0.0914806
447 0.0914496
448 0.0914496
449 0.0881979
450 0.0881979
451 0.0881979
452 0.0881979
453 0.0881979
454 0.0881979
455 0.088167
456 0.088167
457 0.084265
458 0.084265
459 0.084265
460 0.084265
461 0.084265
462 0.084265
463 0.084234
464 0.084234
465 0.0801462
466 0.0801462
467 0.0801462
468 0.0801462
469 0.0801462
470 0.0801462
471 0.0801152
472 0.0801152
473 0.0768016
474 0.0768016
475 0.0768016
476 0.0768016
477 0.0768016
478 0.0768016
479 0.0767706
480 0.0767706
481 0.0732712
482 0.0732712
483 0.0732712
484 0.0732712
485 0.0732712
486 0.0732712
487 0.0732712
488 0.0732712
489 0.070515
490 0.070515
491 0.070515
492 0.070515
493 0.070515
494 0.070515
495 0.0704531
496 0.0704531
497 0.0678208
498 0.0678208
499 0.0678208
500 0.0678208
501 0.0678208
502 0.0678208
503 0.0678208
504 0.0678208
505 0.0652813
506 0.0652813
507 0.0652813
508 0.0652813
509 0.0652813
510 0.0652813
511 0.0652504
512 0.0652504
513 0.0624013
514 0.0624013
515 0.0624013
516 0.0624013
517 0.0624013
518 0.0624013
519 0.0623394
520 0.0623394
521 0.0595522
522 0.0595522
523 0.0595522
524 0.0595522
525 0.0595522
526 0.0595522
527 0.0594283
528 0.0594283
529 0.056827
530 0.056827
531 0.056827
532 0.056827
533 0.056827
534 0.056827
535 0.056765
536 0.056765
537 0.0544424
538 0.0544424
539 0.0544424
540 0.0544424
541 0.0544424
542 0.0544424
543 0.0543495
544 0.0543495
545 0.051934
546 0.051934
547 0.051934
548 0.051934
549 0.051934
550 0.051934
551 0.051903
552 0.051903
553 0.0490229
554 0.0490229
555 0.0490229
556 0.0490229
557 0.0490229
558 0.0490229
559 0.048992
560 0.048992
561 0.0469481
562 0.0469481
563 0.0469481
564 0.0469481
565 0.0469481
566 0.0469481
567 0.0468552
568 0.0468552
569 0.0448112
570 0.0448112
571 0.0448112
572 0.0448112
573 0.0448112
574 0.0448112
575 0.0447493
576 0.0447493
577 0.0430151
578 0.0430151
579 0.0430151
580 0.0430151
581 0.0430151
582 0.0430151
583 0.0430151
584 0.0430151
585 0.0409092
586 0.0409092
587 0.0409092
588 0.0409092
589 0.0409092
590 0.0409092
591 0.0408783
592 0.0408783
593 0.0392989
594 0.0392989
595 0.0392989
596 0.0392989
597 0.0392989
598 0.0392989
599 0.0392679
600 0.0392679
601 0.0378124
602 0.0378124
603 0.0378124
604 0.0378124
605 0.0378124
606 0.0378124
607 0.0378124
608 0.0378124
609 0.0361401
610 0.0361401
611 0.0361401
612 0.0361401
613 0.0361401
614 0.0361401
615 0.0361401
616 0.0361401
617 0.0343749
618 0.0343749
619 0.0343749
620 0.0343749
621 0.0343749
622 0.0343749
623 0.0343439
624 0.0343439
625 0.0324858
626 0.0324858
627 0.0324858
628 0.0324858
629 0.0324858
630 0.0324858
631 0.0324239
632 0.0324239
633 0.0311542
634 0.0311542
635 0.0311542
636 0.0311542
637 0.0311542
638 0.0311542
639 0.0310923
640 0.0310923
641 0.0299155
642 0.0299155
643 0.0299155
644 0.0299155
645 0.0299155
646 0.0299155
647 0.0299155
648 0.0299155
649 0.0284599
650 0.0284599
651 0.0284599
652 0.0284599
653 0.0284599
654 0.0284599
655 0.028429
656 0.028429
657 0.0269425
658 0.0269425
659 0.0269425
660 0.0269425
661 0.0269425
662 0.0269425
663 0.0269425
664 0.0269425
665 0.0258276
666 0.0258276
667 0.0258276
668 0.0258276
669 0.0258276
670 0.0258276
671 0.0257967
672 0.0257967
673 0.0245889
674 0.0245889
675 0.0245889
676 0.0245889
677 0.0245889
678 0.0245889
679 0.0245889
680 0.0245889
681 0.0238147
682 0.0238147
683 0.0238147
684 0.0238147
685 0.0238147
686 0.0238147
687 0.0237527
688 0.0237527
689 0.0232263
690 0.0232263
691 0.0232263
692 0.0232263
693 0.0232263
694 0.0232263
695 0.0232263
696 0.0232263
697 0.0219256
698 0.0219256
699 0.0219256
700 0.0219256
701 0.0219256
702 0.0219256
703 0.0219256
704 0.0219256
705 0.0208727
706 0.0208727
707 0.0208727
708 0.0208727
709 0.0208727
710 0.0208727
711 0.0208417
712 0.0208417
713 0.0200675
714 0.0200675
715 0.0200675
716 0.0200675
717 0.0200675
718 0.0200675
719 0.0200675
720 0.0200675
721 0.0192004
722 0.0192004
723 0.0192004
724 0.0192004
725 0.0192004
726 0.0192004
727 0.0192004
728 0.0192004
729 0.0184262
730 0.0184262
731 0.0184262
732 0.0184262
733 0.0184262
734 0.0184262
735 0.0183952
736 0.0183952
737 0.0176829
738 0.0176829
739 0.0176829
740 0.0176829
741 0.0176829
742 0.0176829
743 0.017652
744 0.017652
745 0.0168158
746 0.0168158
747 0.0168158
748 0.0168158
749 0.0168158
750 0.0168158
751 0.0168158
752 0.0168158
753 0.0159797
754 0.0159797
755 0.0159797
756 0.0159797
757 0.0159797
758 0.0159797
759 0.0159487
760 0.0159487
761 0.0154842
762 0.0154842
763 0.0154842
764 0.0154842
765 0.0154842
766 0.0154842
767 0.0154842
768 0.0154842
769 0.0149887
770 0.0149887
771 0.0149887
772 0.0149887
773 0.0149887
774 0.0149887
775 0.0149887
776 0.0149887
777 0.0145242
778 0.0145242
779 0.0145242
780 0.0145242
781 0.0145242
782 0.0145242
783 0.0145242
784 0.0145242
785 0.0140906
786 0.0140906
787 0.0140906
788 0.0140906
789 0.0140906
790 0.0140906
791 0.0140596
792 0.0140596
793 0.0135951
794 0.0135951
795 0.0135951
796 0.0135951
797 0.0135951
798 0.0135951
799 0.0135642
800 0.0135642
801 0.012759
802 0.012759
803 0.012759
804 0.012759
805 0.012759
806 0.012759
807 0.012697
808 0.012697
809 0.0120777
810 0.0120777
811 0.0120777
812 0.0120777
813 0.0120777
814 0.0120777
815 0.0120777
816 0.0120777
817 0.0114583
818 0.0114583
819 0.0114583
820 0.0114583
821 0.0114583
822 0.0114583
823 0.0114583
824 0.0114583
825 0.0109938
826 0.0109938
827 0.0109938
828 0.0109938
829 0.0109938
830 0.0109938
831 0.0109938
832 0.0109938
833 0.0106222
834 0.0106222
835 0.0106222
836 0.0106222
837 0.0106222
838 0.0106222
839 0.0106222
840 0.0106222
841 0.0101576
842 0.0101576
843 0.0101576
844 0.0101576
845 0.0101576
846 0.0101576
847 0.0101576
848 0.0101576
849 0.00978601
850 0.00978601
851 0.00978601
852 0.00978601
853 0.00978601
854 0.00978601
855 0.00978601
856 0.00978601
857 0.00938342
858 0.00938342
859 0.00938342
860 0.00938342
861 0.00938342
862 0.00938342
863 0.00935245
864 0.00935245
865 0.00904277
866 0.00904277
867 0.00904277
868 0.00904277
869 0.00904277
870 0.00904277
871 0.00904277
872 0.00904277
873 0.00860921
874 0.00860921
875 0.00860921
876 0.00860921
877 0.00860921
878 0.00860921
879 0.00860921
880 0.00860921
881 0.00817565
882 0.00817565
883 0.00817565
884 0.00817565
885 0.00817565
886 0.00817565
887 0.00814468
888 0.00814468
889 0.00789694
890 0.00789694
891 0.00789694
892 0.00789694
893 0.00789694
894 0.00789694
895 0.00789694
896 0.00789694
897 0.00761822
898 0.00761822
899 0.00761822
900 0.00761822
901 0.00761822
902 0.00761822
903 0.00761822
904 0.00761822
905 0.00721563
906 0.00721563
907 0.00721563
908 0.00721563
909 0.00721563
910 0.00721563
911 0.00721563
912 0.00721563
913 0.00690595
914 0.00690595
915 0.00690595
916 0.00690595
917 0.00690595
918 0.00690595
919 0.00690595
920 0.00690595
921 0.0066582
922 0.0066582
923 0.0066582
924 0.0066582
925 0.0066582
926 0.0066582
927 0.0066582
928 0.0066582
929 0.00641045
930 0.00641045
931 0.00641045
932 0.00641045
933 0.00641045
934 0.00641045
935 0.00641045
936 0.00641045
937 0.00625561
938 0.00625561
939 0.00625561
940 0.00625561
941 0.00625561
942 0.00625561
943 0.00622464
944 0.00622464
945 0.00594593
946 0.00594593
947 0.00594593
948 0.00594593
949 0.00594593
950 0.00594593
951 0.00594593
952 0.00594593
953 0.00560528
954 0.00560528
955 0.00560528
956 0.00560528
957 0.00560528
958 0.00560528
959 0.00560528
960 0.00560528
961 0.00526462
962 0.00526462
963 0.00526462
964 0.00526462
965 0.00526462
966 0.00526462
967 0.00526462
968 0.00526462
969 0.00495494
970 0.00495494
971 0.00495494
972 0.00495494
973 0.00495494
974 0.00495494
975 0.00495494
976 0.00495494
977 0.00470719
978 0.00470719
979 0.00470719
980 0.00470719
981 0.00470719
982 0.00470719
983 0.00470719
984 0.00470719
985 0.00461429
986 0.00461429
987 0.00461429
988 0.00461429
989 0.00461429
990 0.00461429
991 0.00458332
992 0.00458332
993 0.00433557
994 0.00433557
995 0.00433557
996 0.00433557
997 0.00433557
998 0.00433557
999 0.00433557
1000 0.00433557
1001 0.00414976
1002 0.00414976
1003 0.00414976
1004 0.00414976
1005 0.00414976
1006 0.00414976
1007 0.00414976
1008 0.00414976
1009 0.00399492
1010 0.00399492
1011 0.00399492
1012 0.00399492
1013 0.00399492
1014 0.00399492
1015 0.00399492
1016 0.00399492
1017 0.00384008
1018 0.00384008
1019 0.00384008
1020 0.00384008
1021 0.00384008
1022 0.00384008
1023 0.00384008
1024 0.00384008
1025 0.00368524
1026 0.00368524
1027 0.00368524
1028 0.00368524
1029 0.00368524
1030 0.00368524
1031 0.00368524
1032 0.00368524
1033 0.0035304
1034 0.0035304
1035 0.0035304
1036 0.0035304
1037 0.0035304
1038 0.0035304
1039 0.0035304
1040 0.0035304
1041 0.00343749
1042 0.00343749
1043 0.00343749
1044 0.00343749
1045 0.00343749
1046 0.00343749
1047 0.00343749
1048 0.00343749
1049 0.00337555
1050 0.00337555
1051 0.00337555
1052 0.00337555
1053 0.00337555
1054 0.00337555
1055 0.00337555
1056 0.00337555
1057 0.00328265
1058 0.00328265
1059 0.00328265
1060 0.00328265
1061 0.00328265
1062 0.00328265
1063 0.00328265
1064 0.00328265
1065 0.00325168
1066 0.00325168
1067 0.00325168
1068 0.00325168
1069 0.00325168
1070 0.00325168
1071 0.00325168
1072 0.00325168
1073 0.00309684
1074 0.00309684
1075 0.00309684
1076 0.00309684
1077 0.00309684
1078 0.00309684
1079 0.00309684
1080 0.00309684
1081 0.0030349
1082 0.0030349
1083 0.0030349
1084 0.0030349
1085 0.0030349
1086 0.0030349
1087 0.0030349
1088 0.0030349
1089 0.00291103
1090 0.00291103
1091 0.00291103
1092 0.00291103
1093 0.00291103
1094 0.00291103
1095 0.00291103
1096 0.00291103
1097 0.00281812
1098 0.00281812
1099 0.00281812
1100 0.00281812
1101 0.00281812
1102 0.00281812
1103 0.00281812
1104 0.00281812
1105 0.00263231
1106 0.00263231
1107 0.00263231
1108 0.00263231
1109 0.00263231
1110 0.00263231
1111 0.00263231
1112 0.00263231
1113 0.00247747
1114 0.00247747
1115 0.00247747
1116 0.00247747
1117 0.00247747
1118 0.00247747
1119 0.00247747
1120 0.00247747
1121 0.00238457
1122 0.00238457
1123 0.00238457
1124 0.00238457
1125 0.00238457
1126 0.00238457
1127 0.00238457
1128 0.00238457
1129 0.00229166
1130 0.00229166
1131 0.00229166
1132 0.00229166
1133 0.00229166
1134 0.00229166
1135 0.00229166
1136 0.00229166
1137 0.00229166
1138 0.00229166
1139 0.00229166
1140 0.00229166
1141 0.00229166
1142 0.00229166
1143 0.00229166
1144 0.00229166
1145 0.00210585
1146 0.00210585
1147 0.00210585
1148 0.00210585
1149 0.00210585
1150 0.00210585
1151 0.00210585
1152 0.00210585
1153 0.00207488
1154 0.00207488
1155 0.00207488
1156 0.00207488
1157 0.00207488
1158 0.00207488
1159 0.00207488
1160 0.00207488
1161 0.00204391
1162 0.00204391
1163 0.00204391
1164 0.00204391
1165 0.00204391
1166 0.00204391
1167 0.00204391
1168 0.00204391
1169 0.00195101
1170 0.00195101
1171 0.00195101
1172 0.00195101
1173 0.00195101
1174 0.00195101
1175 0.00195101
1176 0.00195101
1177 0.00188907
1178 0.00188907
1179 0.00188907
1180 0.00188907
1181 0.00188907
1182 0.00188907
1183 0.00188907
1184 0.00188907
1185 0.00182713
1186 0.00182713
1187 0.00182713
1188 0.00182713
1189 0.00182713
1190 0.00182713
1191 0.00182713
1192 0.00182713
1193 0.00179617
1194 0.00179617
1195 0.00179617
1196 0.00179617
1197 0.00179617
1198 0.00179617
1199 0.00179617
1200 0.00179617
1201 0.00170326
1202 0.00170326
1203 0.00170326
1204 0.00170326
1205 0.00170326
1206 0.00170326
1207 0.00170326
1208 0.00170326
1209 0.00170326
1210 0.00170326
1211 0.00170326
1212 0.00170326
1213 0.00170326
1214 0.00170326
1215 0.00170326
1216 0.00170326
1217 0.00164132
1218 0.00164132
1219 0.00164132
1220 0.00164132
1221 0.00164132
1222 0.00164132
1223 0.00164132
1224 0.00164132
1225 0.00161036
1226 0.00161036
1227 0.00161036
1228 0.00161036
1229 0.00161036
1230 0.00161036
1231 0.00161036
1232 0.00161036
1233 0.00154842
1234 0.00154842
1235 0.00154842
1236 0.00154842
1237 0.00154842
1238 0.00154842
1239 0.00154842
1240 0.00154842
1241 0.00151745
1242 0.00151745
1243 0.00151745
1244 0.00151745
1245 0.00151745
1246 0.00151745
1247 0.00151745
1248 0.00151745
1249 0.00139358
1250 0.00139358
1251 0.00139358
1252 0.00139358
1253 0.00139358
1254 0.00139358
1255 0.00139358
1256 0.00139358
1257 0.00139358
1258 0.00139358
1259 0.00139358
1260 0.00139358
1261 0.00139358
1262 0.00139358
1263 0.00139358
1264 0.00139358
1265 0.00133164
1266 0.00133164
1267 0.00133164
1268 0.00133164
1269 0.00133164
1270 0.00133164
1271 0.00133164
1272 0.00133164
1273 0.00130067
1274 0.00130067
1275 0.00130067
1276 0.00130067
1277 0.00130067
1278 0.00130067
1279 0.00130067
1280 0.00130067
1281 0.00130067
1282 0.00130067
1283 0.00130067
1284 0.00130067
1285 0.00130067
1286 0.00130067
1287 0.00130067
1288 0.00130067
1289 0.0012697
1290 0.0012697
1291 0.0012697
1292 0.0012697
1293 0.0012697
1294 0.0012697
1295 0.0012697
1296 0.0012697
1297 0.00123874
1298 0.00123874
1299 0.00123874
1300 0.00123874
1301 0.00123874
1302 0.00123874
1303 0.00123874
1304 0.00123874
1305 0.00120777
1306 0.00120777
1307 0.00120777
1308 0.00120777
1309 0.00120777
1310 0.00120777
1311 0.00120777
1312 0.00120777
1313 0.0011768
1314 0.0011768
1315 0.0011768
1316 0.0011768
1317 0.0011768
1318 0.0011768
1319 0.0011768
1320 0.0011768
1321 0.00114583
1322 0.00114583
1323 0.00114583
1324 0.00114583
1325 0.00114583
1326 0.00114583
1327 0.00111486
1328 0.00111486
1329 0.00111486
1330 0.00111486
1331 0.00111486
1332 0.00111486
1333 0.00111486
1334 0.00111486
1335 0.00111486
1336 0.00111486
1337 0.00108389
1338 0.00108389
1339 0.00108389
1340 0.00108389
1341 0.00108389
1342 0.00108389
1343 0.00108389
1344 0.00108389
1345 0.00108389
1346 0.00108389
1347 0.00108389
1348 0.00108389
1349 0.00108389
1350 0.00108389
1351 0.00108389
1352 0.00108389
1353 0.00108389
1354 0.00108389
1355 0.00108389
1356 0.00108389
1357 0.00108389
1358 0.00108389
1359 0.00108389
1360 0.00108389
1361 0.00102196
1362 0.00102196
1363 0.00102196
1364 0.00102196
1365 0.00102196
1366 0.00102196
1367 0.00102196
1368 0.00102196
1369 0.000990988
1370 0.000990988
1371 0.000990988
1372 0.000990988
1373 0.000990988
1374 0.000990988
1375 0.000990988
1376 0.000990988
1377 0.00096002
1378 0.00096002
1379 0.00096002
1380 0.00096002
1381 0.00096002
1382 0.00096002
1383 0.00096002
1384 0.00096002
1385 0.000929051
1386 0.000929051
1387 0.000929051
1388 0.000929051
1389 0.000929051
1390 0.000929051
1391 0.000929051
1392 0.000929051
1393 0.000898083
1394 0.000898083
1395 0.000898083
1396 0.000898083
1397 0.000898083
1398 0.000898083
1399 0.000898083
1400 0.000898083
1401 0.000898083
1402 0.000898083
1403 0.000898083
1404 0.000898083
1405 0.000898083
1406 0.000898083
1407 0.000898083
1408 0.000898083
1409 0.000836146
1410 0.000836146
1411 0.000836146
1412 0.000836146
1413 0.000836146
1414 0.000836146
1415 0.000836146
1416 0.000836146
1417 0.000836146
1418 0.000836146
1419 0.000836146
1420 0.000836146
1421 0.000836146
1422 0.000836146
1423 0.000836146
1424 0.000836146
1425 0.000805178
1426 0.000805178
1427 0.000805178
1428 0.000805178
1429 0.000805178
1430 0.000805178
1431 0.000805178
1432 0.000805178
1433 0.000743241
1434 0.000743241
1435 0.000743241
1436 0.000743241
1437 0.000743241
1438 0.000743241
1439 0.000743241
1440 0.000743241
1441 0.000743241
1442 0.000743241
1443 0.000743241
1444 0.000743241
1445 0.000743241
1446 0.000743241
1447 0.000743241
1448 0.000743241
1449 0.000712273
1450 0.000712273
1451 0.000712273
1452 0.000712273
1453 0.000712273
1454 0.000712273
1455 0.000712273
1456 0.000712273
1457 0.000712273
1458 0.000712273
1459 0.000712273
1460 0.000712273
1461 0.000712273
1462 0.000712273
1463 0.000712273
1464 0.000712273
1465 0.000712273
1466 0.000712273
1467 0.000712273
1468 0.000712273
1469 0.000712273
1470 0.000712273
1471 0.000712273
1472 0.000712273
1473 0.000681304
1474 0.000681304
1475 0.000681304
1476 0.000681304
1477 0.000681304
1478 0.000681304
1479 0.000681304
1480 0.000681304
1481 0.000650336
1482 0.000650336
1483 0.000650336
1484 0.000650336
1485 0.000650336
1486 0.000650336
1487 0.000650336
1488 0.000650336
1489 0.000650336
1490 0.000650336
1491 0.000650336
1492 0.000650336
1493 0.000650336
1494 0.000650336
1495 0.000650336
1496 0.000650336
1497 0.000650336
1498 0.000650336
1499 0.000650336
1500 0.000650336
1501 0.000650336
1502 0.000650336
1503 0.000650336
1504 0.000650336
1505 0.000619368
1506 0.000619368
1507 0.000619368
1508 0.000619368
1509 0.000619368
1510 0.000619368
1511 0.000619368
1512 0.000619368
1513 0.000619368
1514 0.000619368
1515 0.000619368
1516 0.000619368
1517 0.000619368
1518 0.000619368
1519 0.000619368
1520 0.000619368
1521 0.000526463
1522 0.000526463
1523 0.000526463
1524 0.000526463
1525 0.000526463
1526 0.000526463
1527 0.000526463
1528 0.000526463
1529 0.000464526
1530 0.000464526
1531 0.000464526
1532 0.000464526
1533 0.000464526
1534 0.000464526
1535 0.000464526
1536 0.000464526
1537 0.000402589
1538 0.000402589
1539 0.000402589
1540 0.000402589
1541 0.000402589
1542 0.000402589
1543 0.000402589
1544 0.000402589
1545 0.000402589
1546 0.000402589
1547 0.000402589
1548 0.000402589
1549 0.000402589
1550 0.000402589
1551 0.000402589
1552 0.000402589
1553 0.000402589
1554 0.000402589
1555 0.000402589
1556 0.000402589
1557 0.000402589
1558 0.000402589
1559 0.000402589
1560 0.000402589
1561 0.000402589
1562 0.000402589
1563 0.000402589
1564 0.000402589
1565 0.000402589
1566 0.000402589
1567 0.000402589
1568 0.000402589
1569 0.000402589
1570 0.000402589
1571 0.000402589
1572 0.000402589
1573 0.000402589
1574 0.000402589
1575 0.000402589
1576 0.000402589
1577 0.000402589
1578 0.000402589
1579 0.000402589
1580 0.000402589
1581 0.000402589
1582 0.000402589
1583 0.000402589
1584 0.000402589
1585 0.000371621
1586 0.000371621
1587 0.000371621
1588 0.000371621
1589 0.000371621
1590 0.000371621
1591 0.000371621
1592 0.000371621
1593 0.000371621
1594 0.000371621
1595 0.000371621
1596 0.000371621
1597 0.000371621
1598 0.000371621
1599 0.000371621
1600 0.000371621
1601 0.000340652
1602 0.000340652
1603 0.000340652
1604 0.000340652
1605 0.000340652
1606 0.000340652
1607 0.000340652
1608 0.000340652
1609 0.000340652
1610 0.000340652
1611 0.000340652
1612 0.000340652
1613 0.000340652
1614 0.000340652
1615 0.000340652
1616 0.000340652
1617 0.000340652
1618 0.000340652
1619 0.000340652
1620 0.000340652
1621 0.000340652
1622 0.000340652
1623 0.000340652
1624 0.000340652
1625 0.000278715
1626 0.000278715
1627 0.000278715
1628 0.000278715
1629 0.000278715
1630 0.000278715
1631 0.000278715
1632 0.000278715
1633 0.000278715
1634 0.000278715
1635 0.000278715
1636 0.000278715
1637 0.000278715
1638 0.000278715
1639 0.000278715
1640 0.000278715
1641 0.000278715
1642 0.000278715
1643 0.000278715
1644 0.000278715
1645 0.000278715
1646 0.000278715
1647 0.000278715
1648 0.000278715
1649 0.000278715
1650 0.000278715
1651 0.000278715
1652 0.000278715
1653 0.000278715
1654 0.000278715
1655 0.000278715
1656 0.000278715
1657 0.000278715
1658 0.000278715
1659 0.000278715
1660 0.000278715
1661 0.000278715
1662 0.000278715
1663 0.000278715
1664 0.000278715
1665 0.000278715
1666 0.000278715
1667 0.000278715
1668 0.000278715
1669 0.000278715
1670 0.000278715
1671 0.000278715
1672 0.000278715
1673 0.000247747
1674 0.000247747
1675 0.000247747
1676 0.000247747
1677 0.000247747
1678 0.000247747
1679 0.000247747
1680 0.000247747
1681 0.000247747
1682 0.000247747
1683 0.000247747
1684 0.000247747
1685 0.000247747
1686 0.000247747
1687 0.000247747
1688 0.000247747
1689 0.000247747
1690 0.000247747
1691 0.000247747
1692 0.000247747
1693 0.000247747
1694 0.000247747
1695 0.000247747
1696 0.000247747
1697 0.000247747
1698 0.000247747
1699 0.000247747
1700 0.000247747
1701 0.000247747
1702 0.000247747
1703 0.000247747
1704 0.000247747
1705 0.000247747
1706 0.000247747
1707 0.000247747
1708 0.000247747
1709 0.000247747
1710 0.000247747
1711 0.000247747
1712 0.000247747
1713 0.000247747
1714 0.000247747
1715 0.000247747
1716 0.000247747
1717 0.000247747
1718 0.000247747
1719 0.000247747
1720 0.000247747
1721 0.000247747
1722 0.000247747
1723 0.000247747
1724 0.000247747
1725 0.000247747
1726 0.000247747
1727 0.000247747
1728 0.000247747
1729 0.000247747
1730 0.000247747
1731 0.000247747
1732 0.000247747
1733 0.000247747
1734 0.000247747
1735 0.000247747
1736 0.000247747
1737 0.000247747
1738 0.000247747
1739 0.000247747
1740 0.000247747
1741 0.000247747
1742 0.000247747
1743 0.000247747
1744 0.000247747
1745 0.000247747
1746 0.000247747
1747 0.000247747
1748 0.000247747
1749 0.000247747
1750 0.000247747
1751 0.000247747
1752 0.000247747
1753 0.000247747
1754 0.000247747
1755 0.000247747
1756 0.000247747
1757 0.000247747
1758 0.000247747
1759 0.000247747
1760 0.000247747
1761 0.000216779
1762 0.000216779
1763 0.000216779
1764 0.000216779
1765 0.000216779
1766 0.000216779
1767 0.000216779
1768 0.000216779
1769 0.000216779
1770 0.000216779
1771 0.000216779
1772 0.000216779
1773 0.000216779
1774 0.000216779
1775 0.000216779
1776 0.000216779
1777 0.000216779
1778 0.000216779
1779 0.000216779
1780 0.000216779
1781 0.000216779
1782 0.000216779
1783 0.000216779
1784 0.000216779
1785 0.000216779
1786 0.000216779
1787 0.000216779
1788 0.000216779
1789 0.000216779
1790 0.000216779
1791 0.000216779
1792 0.000216779
1793 0.000216779
1794 0.000216779
1795 0.000216779
1796 0.000216779
1797 0.000216779
1798 0.000216779
1799 0.000216779
1800 0.000216779
1801 0.00018581
1802 0.00018581
1803 0.00018581
1804 0.00018581
1805 0.00018581
1806 0.00018581
1807 0.00018581
1808 0.00018581
1809 0.00018581
1810 0.00018581
1811 0.00018581
1812 0.00018581
1813 0.00018581
1814 0.00018581
1815 0.00018581
1816 0.00018581
1817 0.00018581
1818 0.00018581
1819 0.00018581
1820 0.00018581
1821 0.00018581
1822 0.00018581
1823 0.00018581
1824 0.00018581
1825 0.00018581
1826 0.00018581
1827 0.00018581
1828 0.00018581
1829 0.00018581
1830 0.00018581
1831 0.00018581
1832 0.00018581
1833 0.00018581
1834 0.00018581
1835 0.00018581
1836 0.00018581
1837 0.00018581
1838 0.00018581
1839 0.00018581
1840 0.00018581
1841 0.00018581
1842 0.00018581
1843 0.00018581
1844 0.00018581
1845 0.00018581
1846 0.00018581
1847 0.00018581
1848 0.00018581
1849 0.00018581
1850 0.00018581
1851 0.00018581
1852 0.00018581
1853 0.00018581
1854 0.00018581
1855 0.00018581
1856 0.00018581
1857 0.00018581
1858 0.00018581
1859 0.00018581
1860 0.00018581
1861 0.00018581
1862 0.00018581
1863 0.00018581
1864 0.00018581
1865 0.00018581
1866 0.00018581
1867 0.00018581
1868 0.00018581
1869 0.00018581
1870 0.00018581
1871 0.00018581
1872 0.00018581
1873 0.00018581
1874 0.00018581
1875 0.00018581
1876 0.00018581
1877 0.00018581
1878 0.00018581
1879 0.00018581
1880 0.00018581
1881 0.00018581
1882 0.00018581
1883 0.00018581
1884 0.00018581
1885 0.00018581
1886 0.00018581
1887 0.00018581
1888 0.00018581
1889 0.00018581
1890 0.00018581
1891 0.00018581
1892 0.00018581
1893 0.00018581
1894 0.00018581
1895 0.00018581
1896 0.00018581
1897 0.00018581
1898 0.00018581
1899 0.00018581
1900 0.00018581
1901 0.00018581
1902 0.00018581
1903 0.00018581
1904 0.00018581
1905 0.00018581
1906 0.00018581
1907 0.00018581
1908 0.00018581
1909 0.00018581
1910 0.00018581
1911 0.00018581
1912 0.00018581
1913 0.00018581
1914 0.00018581
1915 0.00018581
1916 0.00018581
1917 0.00018581
1918 0.00018581
1919 0.00018581
1920 0.00018581
1921 0.00018581
1922 0.00018581
1923 0.00018581
1924 0.00018581
1925 0.00018581
1926 0.00018581
1927 0.00018581
1928 0.00018581
1929 0.000154842
1930 0.000154842
1931 0.000154842
1932 0.000154842
1933 0.000154842
1934 0.000154842
1935 0.000154842
1936 0.000154842
1937 0.000154842
1938 0.000154842
1939 0.000154842
1940 0.000154842
1941 0.000154842
1942 0.000154842
1943 0.000154842
1944 0.000154842
1945 0.000123874
1946 0.000123874
1947 0.000123874
1948 0.000123874
1949 0.000123874
1950 0.000123874
1951 0.000123874
1952 0.000123874
1953 0.000123874
1954 0.000123874
1955 0.000123874
1956 0.000123874
1957 0.000123874
1958 0.000123874
1959 0.000123874
1960 0.000123874
1961 0.000123874
1962 0.000123874
1963 0.000123874
1964 0.000123874
1965 0.000123874
1966 0.000123874
1967 0.000123874
1968 0.000123874
1969 0.000123874
1970 0.000123874
1971 0.000123874
1972 0.000123874
1973 0.000123874
1974 0.000123874
1975 0.000123874
1976 0.000123874
1977 0.000123874
1978 0.000123874
1979 0.000123874
1980 0.000123874
1981 0.000123874
1982 0.000123874
1983 0.000123874
1984 0.000123874
1985 0.000123874
1986 0.000123874
1987 0.000123874
1988 0.000123874
1989 0.000123874
1990 0.000123874
1991 0.000123874
1992 0.000123874
1993 0.000123874
1994 0.000123874
1995 0.000123874
1996 0.000123874
1997 0.000123874
1998 0.000123874
1999 0.000123874
2000 0.000123874
2001 0.000123874
2002 0.000123874
2003 0.000123874
2004 0.000123874
2005 0.000123874
2006 0.000123874
2007 0.000123874
2008 0.000123874
2009 0.000123874
2010 0.000123874
2011 0.000123874
2012 0.000123874
2013 0.000123874
2014 0.000123874
2015 0.000123874
2016 0.000123874
2017 0.000123874
2018 0.000123874
2019 0.000123874
2020 0.000123874
2021 0.000123874
2022 0.000123874
2023 0.000123874
2024 0.000123874
2025 0.000123874
2026 0.000123874
2027 0.000123874
2028 0.000123874
2029 0.000123874
2030 0.000123874
2031 0.000123874
2032 0.000123874
2033 0.000123874
2034 0.000123874
2035 0.000123874
2036 0.000123874
2037 0.000123874
2038 0.000123874
2039 0.000123874
2040 0.000123874
2041 0.000123874
2042 0.000123874
2043 0.000123874
2044 0.000123874
2045 0.000123874
2046 0.000123874
2047 0.000123874
2048 0.000123874
2049 0.000123874
2050 0.000123874
2051 0.000123874
2052 0.000123874
2053 0.000123874
2054 0.000123874
2055 0.000123874
2056 0.000123874
2057 0.000123874
2058 0.000123874
2059 0.000123874
2060 0.000123874
2061 0.000123874
2062 0.000123874
2063 0.000123874
2064 0.000123874
2065 0.000123874
2066 0.000123874
2067 0.000123874
2068 0.000123874
2069 0.000123874
2070 0.000123874
2071 0.000123874
2072 0.000123874
2073 0.000123874
2074 0.000123874
2075 0.000123874
2076 0.000123874
2077 0.000123874
2078 0.000123874
2079 0.000123874
2080 0.000123874
2081 0.000123874
2082 0.000123874
2083 0.000123874
2084 0.000123874
2085 0.000123874
2086 0.000123874
2087 0.000123874
2088 0.000123874
2089 0.000123874
2090 0.000123874
2091 0.000123874
2092 0.000123874
2093 0.000123874
2094 0.000123874
2095 0.000123874
2096 0.000123874
2097 0.000123874
2098 0.000123874
2099 0.000123874
2100 0.000123874
2101 0.000123874
2102 0.000123874
2103 0.000123874
2104 0.000123874
2105 0.000123874
2106 0.000123874
2107 0.000123874
2108 0.000123874
2109 0.000123874
2110 0.000123874
2111 0.000123874
2112 0.000123874
2113 0.000123874
2114 0.000123874
2115 0.000123874
2116 0.000123874
2117 0.000123874
2118 0.000123874
2119 0.000123874
2120 0.000123874
2121 0.000123874
2122 0.000123874
2123 0.000123874
2124 0.000123874
2125 0.000123874
2126 0.000123874
2127 0.000123874
2128 0.000123874
2129 9.29051e-05
2130 9.29051e-05
2131 9.29051e-05
2132 9.29051e-05
2133 9.29051e-05
2134 9.29051e-05
2135 9.29051e-05
2136 9.29051e-05
2137 9.29051e-05
2138 9.29051e-05
2139 9.29051e-05
2140 9.29051e-05
2141 9.29051e-05
2142 9.29051e-05
2143 9.29051e-05
2144 9.29051e-05
2145 9.29051e-05
2146 9.29051e-05
2147 9.29051e-05
2148 9.29051e-05
2149 9.29051e-05
2150 9.29051e-05
2151 9.29051e-05
2152 9.29051e-05
2153 9.29051e-05
2154 9.29051e-05
2155 9.29051e-05
2156 9.29051e-05
2157 9.29051e-05
2158 9.29051e-05
2159 9.29051e-05
2160 9.29051e-05
2161 6.19368e-05
2162 6.19368e-05
2163 6.19368e-05
2164 6.19368e-05
2165 6.19368e-05
2166 6.19368e-05
2167 6.19368e-05
2168 6.19368e-05
2169 6.19368e-05
2170 6.19368e-05
2171 6.19368e-05
2172 6.19368e-05
2173 6.19368e-05
2174 6.19368e-05
2175 6.19368e-05
2176 6.19368e-05
2177 3.09684e-05
2178 3.09684e-05
2179 3.09684e-05
2180 3.09684e-05
2181 3.09684e-05
2182 3.09684e-05
2183 3.09684e-05
2184 3.09684e-05
2185 3.09684e-05
2186 3.09684e-05
2187 3.09684e-05
2188 3.09684e-05
2189 3.09684e-05
2190 3.09684e-05
2191 3.09684e-05
2192 3.09684e-05
2193 3.09684e-05
2194 3.09684e-05
2195 3.09684e-05
2196 3.09684e-05
2197 3.09684e-05
2198 3.09684e-05
2199 3.09684e-05
2200 3.09684e-05
2201 3.09684e-05
2202 3.09684e-05
2203 3.09684e-05
2204 3.09684e-05
2205 3.09684e-05
2206 3.09684e-05
2207 3.09684e-05
2208 3.09684e-05
2209 3.09684e-05
2210 3.09684e-05
2211 3.09684e-05
2212 3.09684e-05
2213 3.09684e-05
2214 3.09684e-05
2215 3.09684e-05
2216 3.09684e-05
2217 3.09684e-05
2218 3.09684e-05
2219 3.09684e-05
2220 3.09684e-05
2221 3.09684e-05
2222 3.09684e-05
2223 3.09684e-05
2224 3.09684e-05
2225 3.09684e-05
2226 3.09684e-05
2227 3.09684e-05
2228 3.09684e-05
2229 3.09684e-05
2230 3.09684e-05
2231 3.09684e-05
2232 3.09684e-05
2233 3.09684e-05
2234 3.09684e-05
2235 3.09684e-05
2236 3.09684e-05
2237 3.09684e-05
2238 3.09684e-05
2239 3.09684e-05
2240 3.09684e-05
2241 3.09684e-05
2242 3.09684e-05
2243 3.09684e-05
2244 3.09684e-05
2245 3.09684e-05
2246 3.09684e-05
2247 3.09684e-05
2248 3.09684e-05
2249 3.09684e-05
2250 3.09684e-05
2251 3.09684e-05
2252 3.09684e-05
2253 3.09684e-05
2254 3.09684e-05
2255 3.09684e-05
2256 3.09684e-05
2257 3.09684e-05
2258 3.09684e-05
2259 3.09684e-05
2260 3.09684e-05
2261 3.09684e-05
2262 3.09684e-05
2263 3.09684e-05
2264 3.09684e-05
2265 3.09684e-05
2266 3.09684e-05
2267 3.09684e-05
2268 3.09684e-05
2269 3.09684e-05
2270 3.09684e-05
2271 3.09684e-05
2272 3.09684e-05
2273 3.09684e-05
2274 3.09684e-05
2275 3.09684e-05
2276 3.09684e-05
2277 3.09684e-05
2278 3.09684e-05
2279 3.09684e-05
2280 3.09684e-05
2281 3.09684e-05
2282 3.09684e-05
2283 3.09684e-05
2284 3.09684e-05
2285 3.09684e-05
2286 3.09684e-05
2287 3.09684e-05
2288 3.09684e-05
2289 3.09684e-05
2290 3.09684e-05
2291 3.09684e-05
2292 3.09684e-05
2293 3.09684e-05
2294 3.09684e-05
2295 3.09684e-05
2296 3.09684e-05
2297 3.09684e-05
2298 3.09684e-05
2299 3.09684e-05
2300 3.09684e-05
2301 3.09684e-05
2302 3.09684e-05
2303 3.09684e-05
2304 3.09684e-05
2305 3.09684e-05
2306 3.09684e-05
2307 3.09684e-05
2308 3.09684e-05
2309 3.09684e-05
2310 3.09684e-05
2311 3.09684e-05
2312 3.09684e-05
2313 3.09684e-05
2314 3.09684e-05
2315 3.09684e-05
2316 3.09684e-05
2317 3.09684e-05
2318 3.09684e-05
2319 3.09684e-05
2320 3.09684e-05
2321 3.09684e-05
2322 3.09684e-05
2323 3.09684e-05
2324 3.09684e-05
2325 3.09684e-05
2326 3.09684e-05
2327 3.09684e-05
2328 3.09684e-05
2329 3.09684e-05
2330 3.09684e-05
2331 3.09684e-05
2332 3.09684e-05
2333 3.09684e-05
2334 3.09684e-05
2335 3.09684e-05
2336 3.09684e-05
2337 3.09684e-05
2338 3.09684e-05
2339 3.09684e-05
2340 3.09684e-05
2341 3.09684e-05
2342 3.09684e-05
2343 3.09684e-05
2344 3.09684e-05
2345 3.09684e-05
2346 3.09684e-05
2347 3.09684e-05
2348 3.09684e-05
2349 3.09684e-05
2350 3.09684e-05
2351 3.09684e-05
2352 3.09684e-05
2353 3.09684e-05
2354 3.09684e-05
2355 3.09684e-05
2356 3.09684e-05
2357 3.09684e-05
2358 3.09684e-05
2359 3.09684e-05
2360 3.09684e-05
2361 3.09684e-05
2362 3.09684e-05
2363 3.09684e-05
2364 3.09684e-05
2365 3.09684e-05
2366 3.09684e-05
2367 3.09684e-05
2368 3.09684e-05
2369 3.09684e-05
2370 3.09684e-05
2371 3.09684e-05
2372 3.09684e-05
2373 3.09684e-05
2374 3.09684e-05
2375 3.09684e-05
2376 3.09684e-05
2377 3.09684e-05
2378 3.09684e-05
2379 3.09684e-05
2380 3.09684e-05
2381 3.09684e-05
2382 3.09684e-05
2383 3.09684e-05
2384 3.09684e-05
2385 3.09684e-05
2386 3.09684e-05
2387 3.09684e-05
2388 3.09684e-05
2389 3.09684e-05
2390 3.09684e-05
2391 3.09684e-05
2392 3.09684e-05
2393 3.09684e-05
2394 3.09684e-05
2395 3.09684e-05
2396 3.09684e-05
2397 3.09684e-05
2398 3.09684e-05
2399 3.09684e-05
2400 3.09684e-05
2401 3.09684e-05
2402 3.09684e-05
2403 3.09684e-05
2404 3.09684e-05
2405 3.09684e-05
2406 3.09684e-05
2407 3.09684e-05
2408 3.09684e-05
2409 3.09684e-05
2410 3.09684e-05
2411 3.09684e-05
2412 3.09684e-05
2413 3.09684e-05
2414 3.09684e-05
2415 3.09684e-05
2416 3.09684e-05
2417 3.09684e-05
2418 3.09684e-05
2419 3.09684e-05
2420 3.09684e-05
2421 3.09684e-05
2422 3.09684e-05
2423 3.09684e-05
2424 3.09684e-05
2425 3.09684e-05
2426 3.09684e-05
2427 3.09684e-05
2428 3.09684e-05
2429 3.09684e-05
2430 3.09684e-05
2431 3.09684e-05
2432 3.09684e-05
2433 3.09684e-05
2434 3.09684e-05
2435 3.09684e-05
2436 3.09684e-05
2437 3.09684e-05
2438 3.09684e-05
2439 3.09684e-05
2440 3.09684e-05
2441 3.09684e-05
2442 3.09684e-05
2443 3.09684e-05
2444 3.09684e-05
2445 3.09684e-05
2446 3.09684e-05
2447 3.09684e-05
2448 3.09684e-05
2449 3.09684e-05
2450 3.09684e-05
2451 3.09684e-05
2452 3.09684e-05
2453 3.09684e-05
2454 3.09684e-05
2455 3.09684e-05
2456 3.09684e-05
2457 3.09684e-05
2458 3.09684e-05
2459 3.09684e-05
2460 3.09684e-05
2461 3.09684e-05
2462 3.09684e-05
2463 3.09684e-05
2464 3.09684e-05
2465 3.09684e-05
2466 3.09684e-05
2467 3.09684e-05
2468 3.09684e-05
2469 3.09684e-05
2470 3.09684e-05
2471 3.09684e-05
2472 3.09684e-05
2473 3.09684e-05
2474 3.09684e-05
2475 3.09684e-05
2476 3.09684e-05
2477 3.09684e-05
2478 3.09684e-05
2479 3.09684e-05
2480 3.09684e-05
2481 3.09684e-05
2482 3.09684e-05
2483 3.09684e-05
2484 3.09684e-05
2485 3.09684e-05
2486 3.09684e-05
2487 3.09684e-05
2488 3.09684e-05
2489 3.09684e-05
2490 3.09684e-05
2491 3.09684e-05
2492 3.09684e-05
2493 3.09684e-05
2494 3.09684e-05
2495 3.09684e-05
2496 3.09684e-05
2497 3.09684e-05
2498 3.09684e-05
2499 3.09684e-05
2500 3.09684e-05
2501 3.09684e-05
2502 3.09684e-05
2503 3.09684e-05
2504 3.09684e-05
2505 3.09684e-05
2506 3.09684e-05
2507 3.09684e-05
2508 3.09684e-05
2509 3.09684e-05
2510 3.09684e-05
2511 3.09684e-05
2512 3.09684e-05
2513 3.09684e-05
2514 3.09684e-05
2515 3.09684e-05
2516 3.09684e-05
2517 3.09684e-05
2518 3.09684e-05
2519 3.09684e-05
2520 3.09684e-05
2521 3.09684e-05
2522 3.09684e-05
2523 3.09684e-05
2524 3.09684e-05
2525 3.09684e-05
2526 3.09684e-05
2527 3.09684e-05
2528 3.09684e-05
2529 3.09684e-05
2530 3.09684e-05
2531 3.09684e-05
2532 3.09684e-05
2533 3.09684e-05
2534 3.09684e-05
2535 3.09684e-05
2536 3.09684e-05
2537 3.09684e-05
2538 3.09684e-05
2539 3.09684e-05
2540 3.09684e-05
2541 3.09684e-05
2542 3.09684e-05
2543 3.09684e-05
2544 3.09684e-05
2545 3.09684e-05
2546 3.09684e-05
2547 3.09684e-05
2548 3.09684e-05
2549 3.09684e-05
2550 3.09684e-05
2551 3.09684e-05
2552 3.09684e-05
2553 3.09684e-05
2554 3.09684e-05
2555 3.09684e-05
2556 3.09684e-05
2557 3.09684e-05
2558 3.09684e-05
2559 3.09684e-05
2560 3.09684e-05
2561 3.09684e-05
2562 3.09684e-05
2563 3.09684e-05
2564 3.09684e-05
2565 3.09684e-05
2566 3.09684e-05
2567 3.09684e-05
2568 3.09684e-05
2569 3.09684e-05
2570 3.09684e-05
2571 3.09684e-05
2572 3.09684e-05
2573 3.09684e-05
2574 3.09684e-05
2575 3.09684e-05
2576 3.09684e-05
2577 3.09684e-05
2578 3.09684e-05
2579 3.09684e-05
2580 3.09684e-05
2581 3.09684e-05
2582 3.09684e-05
2583 3.09684e-05
2584 3.09684e-05
2585 3.09684e-05
2586 3.09684e-05
2587 3.09684e-05
2588 3.09684e-05
2589 3.09684e-05
2590 3.09684e-05
2591 3.09684e-05
2592 3.09684e-05
2593 3.09684e-05
2594 3.09684e-05
2595 3.09684e-05
2596 3.09684e-05
2597 3.09684e-05
2598 3.09684e-05
2599 3.09684e-05
2600 3.09684e-05
2601 3.09684e-05
2602 3.09684e-05
2603 3.09684e-05
2604 3.09684e-05
2605 3.09684e-05
2606 3.09684e-05
2607 3.09684e-05
2608 3.09684e-05
2609 3.09684e-05
2610 3.09684e-05
2611 3.09684e-05
2612 3.09684e-05
2613 3.09684e-05
2614 3.09684e-05
2615 3.09684e-05
2616 3.09684e-05
2617 3.09684e-05
2618 3.09684e-05
2619 3.09684e-05
2620 3.09684e-05
2621 3.09684e-05
2622 3.09684e-05
2623 3.09684e-05
2624 3.09684e-05
2625 3.09684e-05
2626 3.09684e-05
2627 3.09684e-05
2628 3.09684e-05
2629 3.09684e-05
2630 3.09684e-05
2631 3.09684e-05
2632 3.09684e-05
2633 3.09684e-05
2634 3.09684e-05
2635 3.09684e-05
2636 3.09684e-05
2637 3.09684e-05
2638 3.09684e-05
2639 3.09684e-05
2640 3.09684e-05
2641 3.09684e-05
2642 3.09684e-05
2643 3.09684e-05
2644 3.09684e-05
2645 3.09684e-05
2646 3.09684e-05
2647 3.09684e-05
2648 3.09684e-05
2649 3.09684e-05
2650 3.09684e-05
2651 3.09684e-05
2652 3.09684e-05
2653 3.09684e-05
2654 3.09684e-05
2655 3.09684e-05
2656 3.09684e-05
2657 3.09684e-05
2658 3.09684e-05
2659 3.09684e-05
2660 3.09684e-05
2661 3.09684e-05
2662 3.09684e-05
2663 3.09684e-05
2664 3.09684e-05
2665 3.09684e-05
2666 3.09684e-05
2667 3.09684e-05
2668 3.09684e-05
2669 3.09684e-05
2670 3.09684e-05
2671 3.09684e-05
2672 3.09684e-05
2673 3.09684e-05
2674 3.09684e-05
2675 3.09684e-05
2676 3.09684e-05
2677 3.09684e-05
2678 3.09684e-05
2679 3.09684e-05
2680 3.09684e-05
2681 3.09684e-05
2682 3.09684e-05
2683 3.09684e-05
2684 3.09684e-05
2685 3.09684e-05
2686 3.09684e-05
2687 3.09684e-05
2688 3.09684e-05
2689 3.09684e-05
2690 3.09684e-05
2691 3.09684e-05
2692 3.09684e-05
2693 3.09684e-05
2694 3.09684e-05
2695 3.09684e-05
2696 3.09684e-05
2697 3.09684e-05
2698 3.09684e-05
2699 3.09684e-05
2700 3.09684e-05
2701 3.09684e-05
2702 3.09684e-05
2703 3.09684e-05
2704 3.09684e-05
2705 3.09684e-05
2706 3.09684e-05
2707 3.09684e-05
2708 3.09684e-05
2709 3.09684e-05
2710 3.09684e-05
2711 3.09684e-05
2712 3.09684e-05
2713 3.09684e-05
2714 3.09684e-05
2715 3.09684e-05
2716 3.09684e-05
2717 3.09684e-05
2718 3.09684e-05
2719 3.09684e-05
2720 3.09684e-05
2721 3.09684e-05
2722 3.09684e-05
2723 3.09684e-05
2724 3.09684e-05
2725 3.09684e-05
2726 3.09684e-05
2727 3.09684e-05
2728 3.09684e-05
2729 3.09684e-05
2730 3.09684e-05
2731 3.09684e-05
2732 3.09684e-05
2733 3.09684e-05
2734 3.09684e-05
2735 3.09684e-05
2736 3.09684e-05
2737 3.09684e-05
2738 3.09684e-05
2739 3.09684e-05
2740 3.09684e-05
2741 3.09684e-05
2742 3.09684e-05
2743 3.09684e-05
2744 3.09684e-05
2745 3.09684e-05
2746 3.09684e-05
2747 3.09684e-05
2748 3.09684e-05
2749 3.09684e-05
2750 3.09684e-05
2751 3.09684e-05
2752 3.09684e-05
2753 3.09684e-05
2754 3.09684e-05
2755 3.09684e-05
2756 3.09684e-05
2757 3.09684e-05
2758 3.09684e-05
2759 3.09684e-05
2760 3.09684e-05
2761 3.09684e-05
2762 3.09684e-05
2763 3.09684e-05
2764 3.09684e-05
2765 3.09684e-05
2766 3.09684e-05
2767 3.09684e-05
2768 3.09684e-05
2769 3.09684e-05
2770 3.09684e-05
2771 3.09684e-05
2772 3.09684e-05
2773 3.09684e-05
2774 3.09684e-05
2775 3.09684e-05
2776 3.09684e-05
2777 3.09684e-05
2778 3.09684e-05
2779 3.09684e-05
2780 3.09684e-05
2781 3.09684e-05
2782 3.09684e-05
2783 3.09684e-05
2784 3.09684e-05
2785 3.09684e-05
2786 3.09684e-05
2787 3.09684e-05
2788 3.09684e-05
2789 3.09684e-05
2790 3.09684e-05
2791 3.09684e-05
2792 3.09684e-05
2793 3.09684e-05
2794 3.09684e-05
2795 3.09684e-05
2796 3.09684e-05
2797 3.09684e-05
2798 3.09684e-05
2799 3.09684e-05
2800 3.09684e-05
2801 3.09684e-05
2802 3.09684e-05
2803 3.09684e-05
2804 3.09684e-05
2805 3.09684e-05
2806 3.09684e-05
2807 3.09684e-05
2808 3.09684e-05
2809 3.09684e-05
2810 3.09684e-05
2811 3.09684e-05
2812 3.09684e-05
2813 3.09684e-05
2814 3.09684e-05
2815 3.09684e-05
2816 3.09684e-05
2817 3.09684e-05
2818 3.09684e-05
2819 3.09684e-05
2820 3.09684e-05
2821 3.09684e-05
2822 3.09684e-05
2823 3.09684e-05
2824 3.09684e-05
2825 3.09684e-05
2826 3.09684e-05
2827 3.09684e-05
2828 3.09684e-05
2829 3.09684e-05
2830 3.09684e-05
2831 3.09684e-05
2832 3.09684e-05
2833 3.09684e-05
2834 3.09684e-05
2835 3.09684e-05
2836 3.09684e-05
2837 3.09684e-05
2838 3.09684e-05
2839 3.09684e-05
2840 3.09684e-05
2841 3.09684e-05
2842 3.09684e-05
2843 3.09684e-05
2844 3.09684e-05
2845 3.09684e-05
2846 3.09684e-05
2847 3.09684e-05
2848 3.09684e-05
2849 3.09684e-05
2850 3.09684e-05
2851 3.09684e-05
2852 3.09684e-05
2853 3.09684e-05
2854 3.09684e-05
2855 3.09684e-05
2856 3.09684e-05
2857 3.09684e-05
2858 3.09684e-05
2859 3.09684e-05
2860 3.09684e-05
2861 3.09684e-05
2862 3.09684e-05
2863 3.09684e-05
2864 3.09684e-05
2865 3.09684e-05
2866 3.09684e-05
2867 3.09684e-05
2868 3.09684e-05
2869 3.09684e-05
2870 3.09684e-05
2871 3.09684e-05
2872 3.09684e-05
2873 3.09684e-05
2874 3.09684e-05
2875 3.09684e-05
2876 3.09684e-05
2877 3.09684e-05
2878 3.09684e-05
2879 3.09684e-05
2880 3.09684e-05
2881 3.09684e-05
2882 3.09684e-05
2883 3.09684e-05
2884 3.09684e-05
2885 3.09684e-05
2886 3.09684e-05
2887 3.09684e-05
2888 3.09684e-05
2889 3.09684e-05
2890 3.09684e-05
2891 3.09684e-05
2892 3.09684e-05
2893 3.09684e-05
2894 3.09684e-05
2895 3.09684e-05
2896 3.09684e-05
2897 3.09684e-05
2898 3.09684e-05
2899 3.09684e-05
2900 3.09684e-05
2901 3.09684e-05
2902 3.09684e-05
2903 3.09684e-05
2904 3.09684e-05
2905 3.09684e-05
2906 3.09684e-05
2907 3.09684e-05
2908 3.09684e-05
2909 3.09684e-05
2910 3.09684e-05
2911 3.09684e-05
2912 3.09684e-05
2913 3.09684e-05
2914 3.09684e-05
2915 3.09684e-05
2916 3.09684e-05
2917 3.09684e-05
2918 3.09684e-05
2919 3.09684e-05
2920 3.09684e-05
2921 3.09684e-05
2922 3.09684e-05
2923 3.09684e-05
2924 3.09684e-05
2925 3.09684e-05
2926 3.09684e-05
2927 3.09684e-05
2928 3.09684e-05
2929 3.09684e-05
2930 3.09684e-05
2931 3.09684e-05
2932 3.09684e-05
2933 3.09684e-05
2934 3.09684e-05
2935 3.09684e-05
2936 3.09684e-05
2937 3.09684e-05
2938 3.09684e-05
2939 3.09684e-05
2940 3.09684e-05
2941 3.09684e-05
2942 3.09684e-05
2943 3.09684e-05
2944 3.09684e-05
2945 3.09684e-05
2946 3.09684e-05
2947 3.09684e-05
2948 3.09684e-05
2949 3.09684e-05
2950 3.09684e-05
2951 3.09684e-05
2952 3.09684e-05
2953 3.09684e-05
2954 3.09684e-05
2955 3.09684e-05
2956 3.09684e-05
2957 3.09684e-05
2958 3.09684e-05
2959 3.09684e-05
2960 3.09684e-05
2961 3.09684e-05
2962 3.09684e-05
2963 3.09684e-05
2964 3.09684e-05
2965 3.09684e-05
2966 3.09684e-05
2967 3.09684e-05
2968 3.09684e-05
2969 3.09684e-05
2970 3.09684e-05
2971 3.09684e-05
2972 3.09684e-05
2973 3.09684e-05
2974 3.09684e-05
2975 3.09684e-05
2976 3.09684e-05
2977 3.09684e-05
2978 3.09684e-05
2979 3.09684e-05
2980 3.09684e-05
2981 3.09684e-05
2982 3.09684e-05
2983 3.09684e-05
2984 3.09684e-05
2985 3.09684e-05
2986 3.09684e-05
2987 3.09684e-05
2988 3.09684e-05
2989 3.09684e-05
2990 3.09684e-05
2991 3.09684e-05
2992 3.09684e-05
2993 3.09684e-05
2994 3.09684e-05
2995 3.09684e-05
2996 3.09684e-05
2997 3.09684e-05
2998 3.09684e-05
2999 3.09684e-05
3000 3.09684e-05
3001 3.09684e-05
3002 3.09684e-05
3003 3.09684e-05
3004 3.09684e-05
3005 3.09684e-05
3006 3.09684e-05
3007 3.09684e-05
3008 3.09684e-05
3009 3.09684e-05
3010 3.09684e-05
3011 3.09684e-05
3012 3.09684e-05
3013 3.09684e-05
3014 3.09684e-05
3015 3.09684e-05
3016 3.09684e-05
3017 3.09684e-05
3018 3.09684e-05
3019 3.09684e-05
3020 3.09684e-05
3021 3.09684e-05
3022 3.09684e-05
3023 3.09684e-05
3024 3.09684e-05
3025 3.09684e-05
3026 3.09684e-05
3027 3.09684e-05
3028 3.09684e-05
3029 3.09684e-05
3030 3.09684e-05
3031 3.09684e-05
3032 3.09684e-05
3033 3.09684e-05
3034 3.09684e-05
3035 3.09684e-05
3036 3.09684e-05
3037 3.09684e-05
3038 3.09684e-05
3039 3.09684e-05
3040 3.09684e-05
3041 3.09684e-05
3042 3.09684e-05
3043 3.09684e-05
3044 3.09684e-05
3045 3.09684e-05
3046 3.09684e-05
3047 3.09684e-05
3048 3.09684e-05
3049 3.09684e-05
3050 3.09684e-05
3051 3.09684e-05
3052 3.09684e-05
3053 3.09684e-05
3054 3.09684e-05
3055 3.09684e-05
3056 3.09684e-05
3057 3.09684e-05
3058 3.09684e-05
3059 3.09684e-05
3060 3.09684e-05
3061 3.09684e-05
3062 3.09684e-05
3063 3.09684e-05
3064 3.09684e-05
3065 3.09684e-05
3066 3.09684e-05
3067 3.09684e-05
3068 3.09684e-05
3069 3.09684e-05
3070 3.09684e-05
3071 3.09684e-05
3072 3.09684e-05
3073 3.09684e-05
3074 3.09684e-05
3075 3.09684e-05
3076 3.09684e-05
3077 3.09684e-05
3078 3.09684e-05
3079 3.09684e-05
3080 3.09684e-05
3081 3.09684e-05
3082 3.09684e-05
3083 3.09684e-05
3084 3.09684e-05
3085 3.09684e-05
3086 3.09684e-05
3087 3.09684e-05
3088 3.09684e-05
3089 3.09684e-05
3090 3.09684e-05
3091 3.09684e-05
3092 3.09684e-05
3093 3.09684e-05
3094 3.09684e-05
3095 3.09684e-05
3096 3.09684e-05
3097 3.09684e-05
3098 3.09684e-05
3099 3.09684e-05
3100 3.09684e-05
3101 3.09684e-05
3102 3.09684e-05
3103 3.09684e-05
3104 3.09684e-05
3105 3.09684e-05
3106 3.09684e-05
3107 3.09684e-05
3108 3.09684e-05
3109 3.09684e-05
3110 3.09684e-05
3111 3.09684e-05
3112 3.09684e-05
3113 3.09684e-05
3114 3.09684e-05
3115 3.09684e-05
3116 3.09684e-05
3117 3.09684e-05
3118 3.09684e-05
3119 3.09684e-05
3120 3.09684e-05
3121 3.09684e-05
3122 3.09684e-05
3123 3.09684e-05
3124 3.09684e-05
3125 3.09684e-05
3126 3.09684e-05
3127 3.09684e-05
3128 3.09684e-05
3129 3.09684e-05
3130 3.09684e-05
3131 3.09684e-05
3132 3.09684e-05
3133 3.09684e-05
3134 3.09684e-05
3135 3.09684e-05
3136 3.09684e-05
3137 3.09684e-05
3138 3.09684e-05
3139 3.09684e-05
3140 3.09684e-05
3141 3.09684e-05
3142 3.09684e-05
3143 3.09684e-05
3144 3.09684e-05
3145 3.09684e-05
3146 3.09684e-05
3147 3.09684e-05
3148 3.09684e-05
3149 3.09684e-05
3150 3.09684e-05
3151 3.09684e-05
3152 3.09684e-05
3153 3.09684e-05
3154 3.09684e-05
3155 3.09684e-05
3156 3.09684e-05
3157 3.09684e-05
3158 3.09684e-05
3159 3.09684e-05
3160 3.09684e-05
3161 3.09684e-05
3162 3.09684e-05
3163 3.09684e-05
3164 3.09684e-05
3165 3.09684e-05
3166 3.09684e-05
3167 3.09684e-05
3168 3.09684e-05
3169 3.09684e-05
3170 3.09684e-05
3171 3.09684e-05
3172 3.09684e-05
3173 3.09684e-05
3174 3.09684e-05
3175 3.09684e-05
3176 3.09684e-05
3177 3.09684e-05
3178 3.09684e-05
3179 3.09684e-05
3180 3.09684e-05
3181 3.09684e-05
3182 3.09684e-05
3183 3.09684e-05
3184 3.09684e-05
3185 3.09684e-05
3186 3.09684e-05
3187 3.09684e-05
3188 3.09684e-05
3189 3.09684e-05
3190 3.09684e-05
3191 3.09684e-05
3192 3.09684e-05
3193 3.09684e-05
3194 3.09684e-05
3195 3.09684e-05
3196 3.09684e-05
3197 3.09684e-05
3198 3.09684e-05
3199 3.09684e-05
3200 3.09684e-05
3201 3.09684e-05
3202 3.09684e-05
3203 3.09684e-05
3204 3.09684e-05
3205 3.09684e-05
3206 3.09684e-05
3207 3.09684e-05
3208 3.09684e-05
